0 1
0 2
0 1286
0 169
0 170
0 596
0 791
1 0
1 2
1 3
1 1285
1 1286
1 7
1 12
2 0
2 1
2 3
2 595
2 596
2 598
3 1
3 2
3 4
3 7
3 597
3 598
4 3
4 5
4 6
4 7
4 8
4 597
5 4
5 6
5 8
5 10
5 607
6 4
6 5
6 587
6 597
6 602
6 607
7 1
7 3
7 4
7 8
7 9
7 12
7 21
8 4
8 5
8 7
8 9
8 10
8 11
9 7
9 8
9 11
9 21
9 22
9 23
10 5
10 8
10 11
10 19
10 20
10 607
11 8
11 9
11 10
11 19
11 22
11 30
12 1
12 1285
12 21
12 7
13 14
13 15
13 16
13 17
13 18
13 605
14 610
14 13
14 15
14 25
14 26
14 605
15 13
15 14
15 18
15 24
15 25
15 27
16 13
16 17
16 18
16 28
16 29
17 13
17 16
17 29
17 599
17 605
17 606
18 33
18 13
18 15
18 16
18 24
18 28
19 610
19 10
19 11
19 20
19 26
19 30
20 610
20 10
20 19
20 600
20 601
20 607
21 1284
21 1285
21 7
21 9
21 12
21 23
22 38
22 9
22 11
22 23
22 30
22 31
23 1284
23 230
23 807
23 9
23 172
23 21
23 22
23 215
23 31
24 32
24 33
24 34
24 15
24 18
24 27
25 35
25 36
25 14
25 15
25 26
25 27
26 610
26 35
26 14
26 19
26 25
26 30
27 32
27 36
27 40
27 15
27 24
27 25
28 33
28 37
28 615
28 16
28 18
28 29
29 611
29 615
29 16
29 17
29 28
29 606
30 35
30 38
30 11
30 19
30 22
30 26
31 38
31 39
31 807
31 811
31 213
31 22
31 23
31 215
32 224
32 34
32 1287
32 40
32 181
32 24
32 186
32 27
32 221
33 34
33 37
33 41
33 44
33 18
33 24
33 28
34 32
34 33
34 1287
34 1288
34 41
34 24
35 36
35 38
35 45
35 25
35 26
35 30
36 35
36 40
36 45
36 47
36 25
36 27
37 33
37 615
37 42
37 43
37 44
37 28
38 35
38 39
38 45
38 22
38 30
38 31
39 38
39 811
39 45
39 46
39 818
39 212
39 213
39 31
40 32
40 36
40 47
40 820
40 214
40 186
40 27
40 221
41 1288
41 33
41 34
41 44
42 37
42 43
42 44
42 621
42 48
42 189
43 37
43 614
43 615
43 42
43 619
43 621
44 33
44 37
44 1288
44 41
44 42
44 1289
44 48
45 35
45 36
45 38
45 39
45 46
45 47
46 39
46 45
46 47
46 818
46 819
46 212
46 184
47 36
47 40
47 45
47 46
47 212
47 820
47 214
47 184
48 1289
48 42
48 44
48 180
48 185
48 188
48 189
49 995
49 998
49 999
49 50
49 51
49 631
49 632
50 321
50 322
50 261
50 999
50 49
50 51
50 921
51 640
51 261
51 49
51 50
51 979
51 632
51 633
52 66
52 71
52 72
52 73
52 53
52 54
52 55
53 73
53 715
53 716
53 52
53 54
53 61
54 52
54 53
54 55
54 60
54 61
55 64
55 65
55 66
55 52
55 54
55 57
55 60
55 62
55 63
56 161
56 716
56 780
56 57
56 58
56 59
57 55
57 56
57 58
57 59
57 60
57 62
58 716
58 56
58 57
58 60
58 61
59 161
59 162
59 74
59 56
59 57
59 62
60 54
60 55
60 57
60 58
60 61
61 716
61 53
61 54
61 58
61 60
62 68
62 74
62 55
62 57
62 59
62 63
63 64
63 67
63 68
63 55
63 62
64 65
64 67
64 70
64 75
64 55
64 63
65 64
65 66
65 69
65 70
65 55
66 65
66 69
66 71
66 52
66 55
67 64
67 163
67 68
67 75
67 63
68 67
68 163
68 166
68 74
68 62
68 63
69 65
69 66
69 70
69 71
69 719
70 64
70 65
70 69
70 75
70 719
71 66
71 69
71 72
71 718
71 719
71 52
72 71
72 73
72 717
72 718
72 52
73 72
73 714
73 715
73 717
73 52
73 53
74 162
74 68
74 165
74 166
74 59
74 62
75 64
75 67
75 164
75 163
75 70
75 719
76 96
76 97
76 98
76 77
76 78
76 79
76 89
77 76
77 78
77 79
77 80
77 82
78 98
78 76
78 77
78 721
78 82
78 179
79 76
79 77
79 80
79 83
79 85
79 86
79 87
79 88
79 89
80 77
80 79
80 81
80 82
80 83
81 80
81 82
81 83
81 84
81 179
82 77
82 78
82 80
82 81
82 179
83 79
83 80
83 81
83 84
83 85
83 91
84 802
84 81
84 178
84 83
84 179
84 91
85 79
85 83
85 86
85 90
85 91
85 92
86 79
86 85
86 87
86 90
86 94
87 79
87 86
87 88
87 93
87 94
87 95
88 99
88 79
88 87
88 89
88 93
89 96
89 99
89 76
89 79
89 88
90 174
90 177
90 85
90 86
90 92
90 94
91 802
91 173
91 83
91 84
91 85
91 92
92 173
92 174
92 85
92 90
92 91
92 798
93 99
93 100
93 87
93 88
93 95
94 177
94 86
94 87
94 90
94 95
95 100
95 177
95 87
95 187
95 93
95 94
96 97
96 99
96 100
96 76
96 723
96 89
97 96
97 98
97 76
97 722
97 723
98 97
98 76
98 78
98 720
98 721
98 722
99 96
99 100
99 88
99 89
99 93
100 96
100 99
100 723
100 821
100 187
100 93
100 95
101 105
101 102
101 103
102 104
102 101
102 103
103 104
103 105
103 101
103 102
104 105
104 102
104 103
105 104
105 101
105 103
106 107
106 108
106 110
107 106
107 108
107 109
108 106
108 107
108 109
108 110
109 107
109 108
109 110
110 106
110 108
110 109
111 112
111 113
111 115
112 113
112 114
112 115
112 111
113 112
113 114
113 111
114 112
114 113
114 115
115 112
115 114
115 111
116 120
116 117
116 118
117 120
117 116
117 118
117 119
118 116
118 117
118 119
119 120
119 117
119 118
120 116
120 117
120 119
121 122
121 123
121 125
122 121
122 123
122 124
122 125
123 121
123 122
123 124
124 122
124 123
124 125
125 121
125 122
125 124
126 128
126 130
126 127
127 128
127 129
127 130
127 126
128 129
128 126
128 127
129 128
129 130
129 127
130 129
130 126
130 127
131 132
131 133
131 135
132 131
132 133
132 134
132 135
133 131
133 132
133 134
134 132
134 133
134 135
135 131
135 132
135 134
136 137
136 138
136 140
137 136
137 138
137 139
137 140
138 136
138 137
138 139
139 137
139 138
139 140
140 136
140 137
140 139
141 145
141 142
141 143
142 144
142 141
142 143
143 144
143 145
143 141
143 142
144 145
144 142
144 143
145 144
145 141
145 143
146 147
146 148
146 150
147 146
147 148
147 149
148 146
148 147
148 149
148 150
149 147
149 148
149 150
150 146
150 148
150 149
151 152
151 153
151 155
152 153
152 154
152 151
153 152
153 154
153 155
153 151
154 152
154 153
154 155
155 153
155 154
155 151
156 160
156 157
156 158
157 156
157 158
157 159
158 160
158 156
158 157
158 159
159 160
159 157
159 158
160 156
160 158
160 159
161 162
161 780
161 781
161 785
161 786
161 56
161 59
162 161
162 165
162 74
162 786
162 789
162 59
163 67
163 164
163 68
163 166
163 168
163 169
163 170
163 75
164 163
164 170
164 75
164 719
164 784
164 791
165 800
165 162
165 166
165 167
165 74
165 789
165 796
166 163
166 68
166 165
166 167
166 168
166 74
167 800
167 801
167 165
167 166
167 168
168 801
168 163
168 166
168 167
168 169
168 171
168 172
169 0
169 163
169 1285
169 1286
169 168
169 170
169 171
170 0
170 163
170 164
170 169
170 791
171 1284
171 1285
171 168
171 169
171 172
172 801
172 1284
172 807
172 168
172 171
172 23
173 802
173 792
173 794
173 91
173 92
173 798
174 175
174 176
174 177
174 90
174 92
174 798
175 174
175 176
175 177
175 180
175 181
175 182
175 183
176 804
176 174
176 175
176 182
176 798
177 174
177 175
177 180
177 185
177 90
177 187
177 94
177 95
178 802
178 805
178 179
178 84
178 799
179 805
179 78
179 721
179 178
179 82
179 84
179 81
180 1288
180 1289
180 175
180 48
180 177
180 183
180 185
181 32
181 1287
181 175
181 182
181 183
181 186
182 804
182 815
182 176
182 175
182 181
182 186
183 1287
183 1288
183 175
183 180
183 181
184 813
184 814
184 46
184 47
184 819
184 820
185 48
185 177
185 180
185 187
185 188
186 32
186 40
186 815
186 820
186 181
186 182
187 100
187 177
187 821
187 185
187 188
187 95
188 48
188 821
188 822
188 185
188 187
188 189
189 42
189 621
189 48
189 625
189 822
189 188
190 192
190 193
190 191
191 192
191 194
191 195
191 190
192 193
192 194
192 196
192 201
192 190
192 191
193 192
193 196
193 197
193 190
194 192
194 195
194 198
194 201
194 191
195 194
195 198
195 199
195 200
195 191
196 192
196 193
196 197
196 201
196 202
196 206
197 193
197 202
197 203
197 196
198 201
198 194
198 195
198 199
199 195
199 198
199 200
199 201
199 204
200 195
200 204
200 205
200 199
201 192
201 194
201 196
201 198
201 199
201 204
201 206
201 211
202 196
202 197
202 203
202 206
202 207
203 259
203 197
203 202
203 236
203 207
203 208
203 209
203 241
203 239
204 199
204 200
204 201
204 205
204 210
204 211
205 200
205 210
205 204
206 196
206 201
206 202
206 207
206 208
206 211
207 208
207 202
207 203
207 206
208 203
208 206
208 207
208 209
208 211
209 208
209 210
209 203
209 211
210 209
210 211
210 204
210 205
211 201
211 204
211 206
211 208
211 209
211 210
212 39
212 46
212 47
212 242
212 213
212 214
212 216
213 39
213 242
213 243
213 212
213 244
213 215
213 216
213 217
213 218
213 31
214 40
214 47
214 242
214 212
214 245
214 246
214 216
214 221
214 222
214 223
215 230
215 244
215 213
215 23
215 217
215 31
216 212
216 213
216 214
216 218
216 220
216 223
217 226
217 230
217 231
217 213
217 215
217 218
217 219
218 213
218 216
218 217
218 219
218 220
219 225
219 226
219 217
219 218
219 220
220 225
220 227
220 216
220 218
220 219
220 223
221 32
221 224
221 40
221 245
221 214
221 222
222 224
222 227
222 228
222 233
222 214
222 221
222 223
223 227
223 214
223 216
223 220
223 222
224 32
224 228
224 229
224 245
224 250
224 221
224 222
225 226
225 227
225 233
225 240
225 219
225 220
226 225
226 231
226 237
226 240
226 217
226 219
227 225
227 233
227 220
227 222
227 223
228 224
228 229
228 233
228 234
228 222
229 224
229 258
229 228
229 260
229 234
229 235
229 236
229 250
230 249
230 231
230 232
230 23
230 244
230 215
230 217
231 226
231 230
231 232
231 237
231 217
232 256
232 230
232 231
232 237
232 238
232 239
232 249
232 255
233 225
233 227
233 228
233 234
233 240
233 222
234 228
234 229
234 233
234 235
234 240
235 229
235 234
235 236
235 240
235 241
236 259
236 260
236 229
236 235
236 203
236 241
237 226
237 231
237 232
237 238
237 240
238 232
238 237
238 239
238 240
238 241
239 256
239 259
239 232
239 203
239 238
239 241
240 225
240 226
240 233
240 234
240 235
240 237
240 238
240 241
241 235
241 236
241 203
241 238
241 239
241 240
242 243
242 212
242 213
242 214
242 246
242 248
243 242
243 244
243 213
243 247
243 248
244 230
244 243
244 213
244 247
244 249
244 215
244 253
245 224
245 214
245 246
245 250
245 251
245 252
245 221
246 242
246 245
246 214
246 248
246 251
247 243
247 244
247 248
247 253
247 254
248 242
248 243
248 246
248 247
248 251
248 254
249 230
249 232
249 244
249 253
249 255
250 224
250 258
250 229
250 245
250 252
251 245
251 246
251 248
251 252
251 254
252 257
252 258
252 245
252 250
252 251
252 254
253 257
253 244
253 247
253 249
253 254
253 255
254 257
254 247
254 248
254 251
254 252
254 253
255 256
255 257
255 232
255 249
255 253
256 257
256 259
256 232
256 239
256 255
257 256
257 258
257 259
257 260
257 252
257 253
257 254
257 255
258 257
258 260
258 229
258 250
258 252
259 256
259 257
259 260
259 203
259 236
259 239
260 257
260 258
260 259
260 229
260 236
261 967
261 970
261 50
261 51
261 979
261 921
261 926
262 264
262 265
262 924
262 263
263 262
263 264
263 265
263 266
263 270
263 274
264 262
264 263
264 266
264 267
264 918
264 920
264 924
265 930
265 262
265 263
265 270
265 271
265 924
265 925
266 263
266 264
266 267
266 268
266 274
266 276
267 264
267 266
267 268
267 269
267 918
268 288
268 290
268 266
268 267
268 269
268 276
268 282
269 290
269 937
269 938
269 267
269 268
269 915
269 918
269 921
269 926
270 263
270 265
270 271
270 272
270 274
270 275
271 930
271 265
271 270
271 272
271 273
272 270
272 271
272 273
272 275
272 280
272 285
272 286
273 928
273 930
273 931
273 932
273 934
273 935
273 271
273 272
273 285
274 263
274 266
274 270
274 275
274 276
274 281
274 283
274 284
275 270
275 272
275 274
275 280
275 281
276 266
276 268
276 274
276 282
276 283
277 929
277 931
277 713
277 1013
277 278
277 279
277 1020
278 708
278 709
278 712
278 713
278 975
278 277
278 279
279 931
279 932
279 940
279 974
279 975
279 277
279 278
280 272
280 275
280 281
280 286
280 287
281 291
281 292
281 274
281 275
281 280
281 284
281 287
282 288
282 289
282 268
282 276
282 283
283 289
283 293
283 298
283 274
283 276
283 282
283 284
284 291
284 293
284 294
284 274
284 281
284 283
285 934
285 272
285 273
285 1051
285 1052
285 286
286 933
286 272
286 280
286 1051
286 285
286 287
287 292
287 933
287 297
287 280
287 281
287 955
287 286
288 289
288 290
288 268
288 302
288 282
288 1021
289 288
289 298
289 300
289 301
289 302
289 282
289 283
290 288
290 937
290 268
290 269
290 1021
290 1022
291 292
291 294
291 295
291 296
291 281
291 284
292 291
292 296
292 297
292 281
292 287
293 294
293 295
293 298
293 299
293 283
293 284
294 291
294 284
294 293
294 295
295 291
295 293
295 294
295 296
295 299
295 945
296 291
296 292
296 295
296 297
296 945
296 949
297 292
297 296
297 949
297 955
297 957
297 287
298 289
298 293
298 299
298 300
298 283
299 293
299 295
299 298
299 300
299 945
299 946
300 289
300 298
300 299
300 301
300 946
300 947
301 289
301 300
301 302
301 943
301 944
301 947
301 948
302 288
302 289
302 301
302 943
302 1046
302 1021
303 996
303 304
303 305
303 313
303 988
303 989
304 303
304 305
304 306
304 307
304 989
305 303
305 304
305 306
305 309
305 311
305 313
305 314
305 318
306 304
306 305
306 307
306 308
306 309
307 304
307 306
307 308
307 989
307 990
308 992
308 306
308 307
308 309
308 310
308 990
309 305
309 306
309 308
309 310
309 311
309 312
310 320
310 992
310 308
310 309
310 312
310 316
310 318
310 319
311 312
311 305
311 309
311 318
312 318
312 309
312 310
312 311
313 996
313 303
313 305
313 314
313 315
314 305
314 313
314 315
314 316
314 318
315 996
315 313
315 314
315 316
315 317
316 310
316 314
316 315
316 317
316 318
316 319
317 996
317 997
317 998
317 315
317 316
317 319
318 305
318 310
318 311
318 312
318 314
318 316
319 320
319 998
319 999
319 310
319 316
319 317
320 992
320 321
320 319
320 999
320 310
320 991
321 320
321 322
321 999
321 913
321 50
321 991
322 321
322 913
322 50
322 915
322 921
323 324
323 325
323 333
323 1008
323 1009
323 1017
324 323
324 325
324 326
324 329
324 331
324 333
324 334
324 338
325 323
325 324
325 326
325 327
325 1009
326 324
326 325
326 327
326 328
326 329
327 325
327 326
327 328
327 1009
327 1010
328 326
328 327
328 329
328 330
328 1010
328 1012
329 324
329 326
329 328
329 330
329 331
329 332
330 328
330 329
330 332
330 337
330 338
330 339
330 340
330 1012
331 329
331 338
331 324
331 332
332 329
332 330
332 331
332 338
333 323
333 324
333 334
333 335
333 1017
334 324
334 333
334 335
334 337
334 338
335 333
335 334
335 336
335 337
335 1017
336 335
336 337
336 339
336 1017
336 1018
336 1019
337 330
337 334
337 335
337 336
337 338
337 339
338 324
338 330
338 331
338 332
338 334
338 337
339 330
339 336
339 337
339 340
339 1019
339 1020
340 330
340 339
340 1012
340 1013
340 1011
340 1020
341 382
341 380
341 342
341 343
342 341
342 343
342 344
342 346
342 379
342 380
343 341
343 342
343 344
343 345
343 382
344 342
344 343
344 345
344 346
344 347
345 1217
345 1219
345 343
345 344
345 347
345 382
346 376
346 379
346 342
346 344
346 378
346 347
346 348
346 351
347 1219
347 1225
347 344
347 345
347 346
347 348
347 350
348 346
348 347
348 349
348 350
348 351
349 352
349 353
349 348
349 350
349 351
350 353
350 1225
350 1226
350 347
350 348
350 349
351 352
351 375
351 376
351 346
351 348
351 349
352 353
352 375
352 349
352 351
353 352
353 1226
353 375
353 377
353 349
353 350
354 372
354 355
354 356
354 374
355 354
355 356
355 357
355 359
355 371
355 372
356 354
356 355
356 357
356 358
356 374
357 355
357 356
357 358
357 359
357 360
358 356
358 357
358 360
358 1034
358 1035
358 374
359 355
359 357
359 360
359 361
359 362
359 368
359 370
359 371
360 357
360 358
360 359
360 361
360 1034
360 1036
360 364
361 359
361 360
361 362
361 363
361 364
362 359
362 361
362 363
362 365
362 367
362 368
363 361
363 362
363 364
363 365
363 366
364 360
364 361
364 363
364 1036
364 1037
364 366
365 362
365 363
365 366
365 367
366 363
366 364
366 1037
366 365
366 367
366 369
367 362
367 365
367 366
367 368
367 369
368 359
368 362
368 367
368 369
368 370
369 1037
369 366
369 1039
369 368
369 367
369 370
370 359
370 1039
370 368
370 369
370 1040
370 371
370 373
371 355
371 359
371 370
371 372
371 373
372 354
372 355
372 371
372 373
372 374
373 1035
373 1040
373 370
373 371
373 372
373 374
374 354
374 356
374 358
374 1035
374 372
374 373
375 352
375 353
375 376
375 377
375 351
376 378
376 375
376 377
376 346
376 351
377 353
377 1226
377 375
377 376
377 378
377 1245
378 1245
378 376
378 377
378 346
378 379
378 381
378 1246
379 346
379 342
379 378
379 380
379 381
380 341
380 342
380 379
380 381
380 382
381 1217
381 382
381 378
381 379
381 380
381 1246
382 1217
382 341
382 343
382 345
382 380
382 381
383 384
383 385
383 1064
383 417
384 385
384 386
384 387
384 1064
384 383
385 384
385 417
385 418
385 387
385 388
385 383
386 384
386 1250
386 387
386 1252
386 389
386 1064
387 384
387 385
387 386
387 388
387 389
388 385
388 418
388 387
388 420
388 389
388 390
388 421
388 393
389 386
389 387
389 388
389 1252
389 390
389 391
389 1258
390 388
390 389
390 391
390 392
390 393
391 389
391 390
391 392
391 1258
391 395
391 1259
392 390
392 391
392 393
392 394
392 395
393 388
393 421
393 422
393 390
393 392
393 394
394 392
394 393
394 395
394 422
395 422
395 423
395 392
395 391
395 394
395 1259
396 416
396 397
396 398
396 415
397 416
397 396
397 398
397 399
397 400
398 396
398 397
398 400
398 402
398 413
398 415
399 416
399 1065
399 1066
399 397
399 400
399 401
400 397
400 398
400 399
400 401
400 402
401 1065
401 1067
401 399
401 400
401 402
401 403
401 406
402 398
402 400
402 401
402 403
402 405
402 411
402 412
402 413
403 401
403 402
403 404
403 405
403 406
404 403
404 405
404 406
404 407
404 408
405 402
405 403
405 404
405 407
405 409
405 411
406 1067
406 1069
406 401
406 403
406 404
406 408
407 408
407 409
407 404
407 405
408 1069
408 404
408 406
408 407
408 409
408 410
409 405
409 407
409 408
409 410
409 411
410 1069
410 1070
410 408
410 409
410 411
410 412
411 402
411 405
411 409
411 410
411 412
412 1070
412 1072
412 402
412 410
412 411
412 413
412 414
413 398
413 402
413 412
413 414
413 415
414 416
414 1066
414 1072
414 412
414 413
414 415
415 416
415 396
415 398
415 413
415 414
416 1066
416 396
416 397
416 399
416 414
416 415
417 385
417 418
417 419
417 1064
417 383
418 417
418 385
418 419
418 420
418 388
419 417
419 418
419 1250
419 420
419 1064
419 1279
420 418
420 419
420 388
420 421
420 423
420 1278
420 1279
421 420
421 388
421 422
421 423
421 393
422 421
422 423
422 393
422 394
422 395
423 420
423 421
423 422
423 395
423 1259
423 1278
424 425
424 426
424 432
424 433
424 1082
424 1083
425 424
425 426
425 555
425 431
425 563
425 566
425 760
425 1082
425 766
426 424
426 425
426 430
426 431
426 432
427 428
427 429
427 430
427 431
427 562
427 563
428 427
428 429
428 433
428 562
428 1083
429 427
429 428
429 430
429 432
429 433
430 426
430 427
430 429
430 431
430 432
431 425
431 426
431 427
431 430
431 563
432 424
432 426
432 429
432 430
432 433
433 424
433 428
433 429
433 432
433 1083
434 435
434 436
434 442
434 443
434 1084
434 1087
435 434
435 436
435 441
435 1084
435 1086
436 434
436 435
436 440
436 441
436 442
437 438
437 439
437 440
437 441
437 1085
437 1086
438 437
438 439
438 443
438 1085
438 1087
439 437
439 438
439 440
439 442
439 443
440 436
440 437
440 439
440 441
440 442
441 435
441 436
441 437
441 440
441 1086
442 434
442 436
442 439
442 440
442 443
443 434
443 438
443 439
443 442
443 1087
444 1088
444 1091
444 452
444 453
444 445
444 446
445 1088
445 1090
445 451
445 444
445 446
446 450
446 451
446 452
446 444
446 445
447 448
447 449
447 450
447 451
447 1089
447 1090
448 1089
448 449
448 1091
448 453
448 447
449 448
449 450
449 452
449 453
449 447
450 449
450 451
450 452
450 446
450 447
451 450
451 1090
451 445
451 446
451 447
452 449
452 450
452 453
452 444
452 446
453 448
453 449
453 1091
453 452
453 444
454 1094
454 455
454 456
454 776
454 462
454 463
455 1093
455 454
455 456
455 776
455 461
456 454
456 455
456 460
456 461
456 462
457 1092
457 1093
457 458
457 459
457 460
457 461
458 1092
458 550
458 551
458 1094
458 457
458 459
458 556
458 463
458 564
458 541
459 457
459 458
459 460
459 462
459 463
460 456
460 457
460 459
460 461
460 462
461 1093
461 455
461 456
461 457
461 460
462 454
462 456
462 459
462 460
462 463
463 1094
463 454
463 458
463 459
463 462
464 465
464 466
464 467
464 470
464 471
465 899
465 1095
465 840
465 464
465 466
465 851
465 469
465 471
465 892
466 464
466 465
466 467
466 468
466 469
467 464
467 466
467 468
467 470
467 472
468 466
468 467
468 469
468 472
468 473
469 1095
469 465
469 466
469 468
469 473
469 475
470 846
470 464
470 467
470 471
470 472
470 474
471 840
471 846
471 464
471 465
471 851
471 470
472 467
472 468
472 470
472 473
472 474
473 468
473 469
473 472
473 474
473 475
474 846
474 470
474 472
474 473
474 475
475 473
475 474
475 469
475 1095
476 482
476 483
476 477
476 478
476 479
477 481
477 483
477 1096
477 476
477 478
478 480
478 481
478 476
478 477
478 479
479 480
479 482
479 484
479 476
479 478
480 481
480 484
480 485
480 478
480 479
481 480
481 485
481 487
481 1096
481 477
481 478
482 483
482 484
482 486
482 1097
482 476
482 479
483 1097
483 482
483 476
483 477
484 480
484 482
484 485
484 486
484 479
485 480
485 481
485 484
485 486
485 487
486 482
486 484
486 485
486 487
486 1097
487 1096
487 481
487 485
487 486
488 489
488 490
488 491
488 494
488 495
489 488
489 490
489 1098
489 493
489 495
490 488
490 489
490 491
490 492
490 493
491 488
491 490
491 492
491 494
491 496
492 490
492 491
492 493
492 496
492 497
493 489
493 490
493 1098
493 492
493 497
493 499
494 488
494 1099
494 491
494 495
494 496
494 498
495 488
495 489
495 1099
495 494
496 491
496 492
496 494
496 497
496 498
497 492
497 493
497 496
497 498
497 499
498 1099
498 494
498 496
498 497
498 499
499 497
499 498
499 1098
499 493
500 501
500 502
500 503
500 506
500 507
501 911
501 500
501 502
501 505
501 507
502 500
502 501
502 503
502 504
502 505
503 500
503 502
503 504
503 506
503 508
504 502
504 503
504 505
504 508
504 509
505 911
505 501
505 502
505 504
505 509
505 511
506 1100
506 500
506 503
506 507
506 508
506 510
507 506
507 500
507 501
507 1100
508 503
508 504
508 506
508 509
508 510
509 504
509 505
509 508
509 510
509 511
510 866
510 867
510 870
510 874
510 511
510 1100
510 506
510 508
510 509
510 863
511 505
511 509
511 510
511 911
512 513
512 514
512 515
512 516
512 517
512 1109
513 512
513 514
513 517
513 521
513 522
514 512
514 513
514 522
514 1108
514 1109
514 1111
514 1114
515 512
515 516
515 518
515 519
515 1107
515 1109
516 512
516 515
516 517
516 519
516 526
516 529
516 532
517 512
517 513
517 516
517 521
517 529
518 515
518 519
518 520
518 1105
518 1107
518 1110
519 515
519 516
519 518
519 520
519 526
519 527
520 518
520 519
520 527
520 528
520 1110
520 1113
521 513
521 517
521 522
521 529
521 530
521 539
522 513
522 514
522 744
522 521
522 745
522 746
522 530
522 1114
523 524
523 525
523 752
523 1139
523 1142
523 1115
524 523
524 525
524 752
524 1112
524 1176
524 1118
525 1280
525 523
525 524
525 1103
525 1112
525 1115
526 516
526 519
526 527
526 531
526 532
526 533
526 534
526 535
527 519
527 520
527 526
527 528
527 531
527 538
528 1113
528 520
528 527
528 536
528 537
528 538
529 544
529 516
529 517
529 552
529 521
529 532
529 539
530 547
530 521
530 746
530 522
530 753
530 539
531 548
531 526
531 527
531 533
531 538
531 541
532 544
532 516
532 526
532 529
532 534
533 526
533 531
533 535
533 540
533 541
533 542
533 543
534 544
534 557
534 526
534 558
534 560
534 532
534 535
534 540
535 540
535 533
535 526
535 534
536 1113
536 546
536 528
536 537
536 1116
536 1117
536 1119
537 545
537 546
537 528
537 536
537 538
538 545
538 548
538 554
538 527
538 528
538 531
538 537
539 547
539 552
539 521
539 555
539 529
539 530
540 768
540 769
540 770
540 557
540 533
540 534
540 535
540 542
541 548
541 550
541 458
541 556
541 531
541 533
541 543
542 768
542 549
542 777
542 533
542 540
542 543
543 549
543 550
543 551
543 533
543 541
543 542
544 552
544 559
544 560
544 529
544 532
544 534
545 546
545 553
545 554
545 537
545 538
546 545
546 553
546 1179
546 536
546 537
546 763
546 1119
546 767
547 555
547 530
547 539
547 753
548 554
548 556
548 531
548 538
548 541
549 777
549 551
549 542
549 543
550 458
550 551
550 541
550 543
551 549
551 550
551 776
551 777
551 458
551 778
551 564
551 543
552 544
552 555
552 559
552 529
552 562
552 539
553 545
553 546
553 771
553 554
553 561
553 767
554 545
554 548
554 553
554 556
554 561
554 538
555 547
555 552
555 425
555 753
555 562
555 563
555 760
555 539
556 548
556 458
556 554
556 561
556 564
556 541
557 769
557 540
557 558
557 534
558 769
558 774
558 557
558 560
558 565
558 534
559 544
559 552
559 560
559 562
559 565
559 566
560 544
560 558
560 559
560 565
560 534
561 771
561 775
561 553
561 554
561 556
561 564
562 552
562 555
562 428
562 427
562 559
562 563
562 566
563 425
563 555
563 427
563 431
563 562
563 566
564 775
564 551
564 776
564 458
564 556
564 561
565 774
565 558
565 559
565 560
565 566
565 766
566 425
566 559
566 562
566 563
566 565
566 766
567 1123
567 1124
567 644
567 664
567 568
567 569
567 570
567 571
567 1150
568 577
568 567
568 569
568 570
568 574
568 575
569 1281
569 1123
569 1126
569 567
569 568
569 575
570 577
570 579
570 567
570 568
570 571
570 572
571 567
571 664
571 570
571 572
571 573
572 578
572 579
572 570
572 571
572 573
573 578
573 783
573 664
573 665
573 571
573 572
574 576
574 577
574 580
574 582
574 568
574 575
575 576
575 1126
575 1127
575 568
575 569
575 574
576 580
576 581
576 1127
576 1128
576 574
576 575
577 579
577 582
577 584
577 568
577 570
577 574
578 579
578 583
578 783
578 572
578 573
579 577
579 578
579 583
579 584
579 595
579 570
579 572
580 576
580 581
580 582
580 585
580 587
580 574
581 576
581 580
581 1128
581 585
581 586
581 1129
582 577
582 580
582 584
582 587
582 597
582 598
582 574
583 578
583 579
583 783
583 595
583 596
583 787
584 577
584 579
584 582
584 595
584 598
585 580
585 581
585 586
585 587
585 591
585 602
586 581
586 585
586 1129
586 588
586 591
587 580
587 582
587 6
587 585
587 597
587 602
588 1129
588 586
588 589
588 590
588 591
588 592
588 593
588 594
589 675
589 1130
589 588
589 590
589 592
589 656
589 666
589 604
590 656
590 1129
590 588
590 589
591 585
591 586
591 588
591 593
591 600
591 602
592 588
592 589
592 594
592 603
592 604
593 588
593 591
593 594
593 599
593 600
593 601
594 588
594 592
594 593
594 599
594 603
594 606
595 2
595 579
595 583
595 584
595 596
595 598
596 0
596 2
596 583
596 787
596 595
596 791
597 3
597 4
597 582
597 6
597 587
597 598
598 2
598 3
598 582
598 584
598 595
598 597
599 593
599 594
599 17
599 601
599 605
599 606
600 591
600 593
600 20
600 601
600 602
600 607
601 610
601 593
601 20
601 599
601 600
601 605
602 6
602 585
602 587
602 591
602 600
602 607
603 608
603 611
603 592
603 594
603 604
603 606
604 608
604 609
604 1130
604 589
604 592
604 603
605 610
605 13
605 14
605 17
605 599
605 601
606 611
606 17
606 594
606 599
606 603
606 29
607 5
607 6
607 10
607 20
607 600
607 602
608 609
608 611
608 612
608 614
608 603
608 604
609 608
609 612
609 613
609 1130
609 1131
609 604
610 14
610 19
610 20
610 601
610 26
610 605
611 608
611 614
611 615
611 603
611 29
611 606
612 608
612 609
612 613
612 614
612 616
612 618
613 609
613 612
613 616
613 617
613 1131
613 1132
614 608
614 611
614 612
614 615
614 618
614 43
614 619
615 611
615 37
615 614
615 43
615 28
615 29
616 612
616 613
616 617
616 618
616 622
616 623
617 613
617 616
617 1132
617 1133
617 1134
617 623
618 612
618 614
618 616
618 619
618 620
618 622
619 614
619 618
619 43
619 620
619 621
620 618
620 619
620 621
620 622
620 624
620 625
620 626
621 42
621 43
621 619
621 620
621 625
621 189
622 616
622 618
622 620
622 623
622 624
622 627
623 705
623 1157
623 711
623 616
623 617
623 622
623 1134
623 1135
623 627
624 620
624 622
624 626
624 627
624 628
625 620
625 621
625 817
625 626
625 822
625 189
626 620
626 624
626 625
626 817
626 628
627 711
627 622
627 623
627 624
627 628
628 707
628 711
628 624
628 817
628 626
628 627
629 1126
629 1140
629 630
629 631
629 632
629 633
630 994
630 1126
630 1127
630 980
630 981
630 629
630 631
631 994
631 995
631 49
631 629
631 630
631 632
632 49
632 51
632 629
632 631
632 633
633 640
633 51
633 1140
633 629
633 1141
633 632
634 1147
634 635
634 636
634 637
634 638
634 639
635 640
635 978
635 979
635 634
635 1147
635 636
636 650
636 977
636 978
636 634
636 635
636 639
637 652
637 639
637 659
637 634
637 638
637 1151
638 1146
638 652
638 634
638 1147
638 1148
638 637
639 650
639 658
639 659
639 634
639 636
639 637
640 1147
640 51
640 979
640 1141
640 633
640 635
641 642
641 643
641 644
641 645
641 1148
642 641
642 643
642 651
642 652
642 653
642 654
642 1148
643 641
643 642
643 644
643 651
643 662
643 664
643 665
644 641
644 643
644 645
644 567
644 664
644 1150
645 641
645 644
645 1143
645 1144
645 1146
645 1148
645 1150
646 647
646 648
646 1128
646 980
646 981
646 982
647 646
647 648
647 649
647 1128
647 1129
648 646
648 647
648 649
648 655
648 982
648 984
648 986
648 667
649 647
649 648
649 1129
649 655
649 656
649 657
650 976
650 977
650 658
650 660
650 636
650 1213
650 639
651 642
651 643
651 654
651 661
651 662
651 663
652 642
652 653
652 1148
652 637
652 638
652 1151
653 672
653 673
653 642
653 652
653 654
653 1151
654 672
654 642
654 651
654 653
654 661
654 671
655 678
655 679
655 648
655 649
655 657
655 667
656 649
656 1129
656 589
656 590
656 657
656 666
657 674
657 679
657 649
657 655
657 656
657 666
658 650
658 659
658 660
658 668
658 669
658 639
659 669
659 639
659 658
659 637
659 1151
660 650
660 976
660 658
660 668
660 670
661 651
661 781
661 654
661 785
661 663
661 671
662 643
662 714
662 651
662 779
662 663
662 665
663 779
663 651
663 781
663 661
663 662
664 643
664 644
664 567
664 665
664 571
664 573
665 643
665 714
665 717
665 782
665 783
665 662
665 664
665 573
666 674
666 675
666 676
666 589
666 656
666 657
667 678
667 648
667 655
667 913
667 986
667 991
668 680
668 683
668 658
668 660
668 669
668 670
669 1152
669 1153
669 683
669 685
669 658
669 659
669 668
669 1151
670 680
670 972
670 976
670 660
670 1211
670 668
671 672
671 681
671 682
671 654
671 785
671 788
671 661
671 795
672 673
672 681
672 684
672 653
672 654
672 671
673 672
673 1152
673 684
673 653
673 685
673 1151
674 676
674 679
674 686
674 687
674 657
674 666
675 676
675 677
675 1130
675 589
675 666
676 674
676 675
676 677
676 1002
676 1005
676 686
676 1006
676 666
677 675
677 676
677 1000
677 1001
677 1002
677 1130
678 679
678 655
678 913
678 914
678 667
679 674
679 678
679 687
679 655
679 657
679 914
679 916
679 922
680 683
680 972
680 690
680 668
680 670
681 672
681 682
681 684
681 688
681 692
681 671
682 681
682 688
682 689
682 799
682 795
682 671
683 1153
683 680
683 690
683 691
683 668
683 669
684 672
684 673
684 681
684 685
684 692
684 693
685 1152
685 673
685 1153
685 1154
685 684
685 693
685 669
686 674
686 676
686 1006
686 687
686 1011
686 927
687 674
687 679
687 686
687 922
687 927
688 681
688 682
688 689
688 692
688 694
688 697
689 805
689 682
689 688
689 694
689 799
690 680
690 683
690 971
690 972
690 691
690 695
690 1212
691 1153
691 1154
691 683
691 690
691 695
691 696
692 681
692 684
692 688
692 693
692 697
692 698
692 699
693 1154
693 1155
693 684
693 685
693 692
693 698
694 707
694 805
694 688
694 689
694 720
694 697
695 971
695 973
695 690
695 691
695 696
695 703
696 706
696 1154
696 1155
696 691
696 695
696 703
697 705
697 707
697 711
697 688
697 692
697 694
697 699
698 704
698 1155
698 1156
698 692
698 693
698 699
699 704
699 705
699 692
699 697
699 698
700 1000
700 1001
700 1131
700 1132
700 1015
700 701
700 702
701 708
701 709
701 710
701 1132
701 700
701 702
702 708
702 713
702 1015
702 1016
702 700
702 701
703 706
703 712
703 973
703 975
703 695
703 696
704 705
704 1156
704 1157
704 1160
704 1164
704 698
704 699
705 704
705 1157
705 711
705 623
705 697
705 699
706 1155
706 1156
706 1158
706 712
706 696
706 703
707 711
707 720
707 816
707 722
707 817
707 628
707 694
707 697
708 709
708 713
708 278
708 701
708 702
709 708
709 1158
709 710
709 712
709 278
709 701
710 709
710 1158
710 1159
710 1132
710 1133
710 701
711 705
711 707
711 623
711 627
711 628
711 697
712 706
712 709
712 1158
712 975
712 278
712 703
713 708
713 277
713 278
713 1016
713 1019
713 1020
713 702
714 73
714 779
714 715
714 717
714 662
714 665
715 73
715 714
715 779
715 716
715 53
716 715
716 779
716 780
716 53
716 56
716 58
716 61
717 72
717 73
717 714
717 718
717 782
717 665
718 71
718 72
718 717
718 782
718 719
718 784
719 164
719 69
719 70
719 71
719 75
719 718
719 784
720 98
720 707
720 805
720 721
720 722
720 694
721 98
721 805
721 78
721 720
721 179
722 97
722 98
722 707
722 720
722 816
722 723
723 96
723 97
723 100
723 816
723 722
723 821
724 728
724 725
724 726
725 724
725 726
725 727
726 728
726 724
726 725
726 727
727 728
727 725
727 726
728 724
728 726
728 727
729 730
729 731
729 733
730 729
730 731
730 732
731 729
731 730
731 732
731 733
732 730
732 731
732 733
733 729
733 731
733 732
734 736
734 738
734 735
735 736
735 737
735 738
735 734
736 737
736 734
736 735
737 736
737 738
737 735
738 737
738 734
738 735
739 740
739 741
739 743
740 739
740 741
740 742
740 743
741 739
741 740
741 742
742 740
742 741
742 743
743 739
743 740
743 742
744 745
744 522
744 746
744 750
744 754
745 744
745 522
745 750
745 1169
745 1173
745 1111
745 1114
746 744
746 522
746 753
746 530
746 754
746 756
747 748
747 749
747 750
747 751
747 1173
747 1174
748 747
748 749
748 751
748 755
748 757
748 758
749 747
749 748
749 1171
749 755
749 1174
749 1175
750 744
750 745
750 747
750 751
750 754
750 1173
751 747
751 748
751 750
751 754
751 756
751 757
751 761
752 523
752 524
752 1168
752 1172
752 1142
752 1176
753 547
753 746
753 555
753 530
753 756
753 760
754 744
754 746
754 750
754 751
754 756
755 759
755 748
755 749
755 758
755 1175
755 1177
756 746
756 751
756 753
756 754
756 760
756 761
756 765
757 768
757 769
757 770
757 748
757 751
757 758
757 761
757 764
758 748
758 755
758 757
758 759
758 762
758 764
759 1179
759 755
759 758
759 1177
759 762
759 763
760 425
760 555
760 753
760 756
760 765
760 766
761 769
761 751
761 756
761 757
761 765
762 771
762 773
762 758
762 759
762 763
762 764
762 767
763 546
763 759
763 762
763 1179
763 767
764 768
764 772
764 773
764 757
764 758
764 762
765 769
765 774
765 756
765 760
765 761
765 766
766 774
766 425
766 565
766 566
766 760
766 765
767 546
767 771
767 553
767 762
767 763
768 770
768 772
768 777
768 757
768 764
768 540
768 542
769 770
769 774
769 557
769 558
769 757
769 761
769 540
769 765
770 768
770 769
770 540
770 757
771 773
771 775
771 553
771 561
771 762
771 767
772 768
772 773
772 775
772 776
772 777
772 778
772 764
773 771
773 772
773 775
773 762
773 764
774 769
774 558
774 565
774 765
774 766
775 771
775 772
775 773
775 776
775 561
775 564
776 772
776 454
776 551
776 775
776 455
776 778
776 1094
776 564
777 768
777 772
777 549
777 551
777 778
777 542
778 776
778 777
778 772
778 551
779 714
779 715
779 716
779 780
779 781
779 662
779 663
780 161
780 779
780 716
780 781
780 56
781 161
781 779
781 780
781 785
781 661
781 663
782 717
782 718
782 783
782 784
782 787
782 665
783 578
783 583
783 782
783 787
783 665
783 573
784 164
784 718
784 719
784 782
784 787
784 791
785 161
785 781
785 786
785 788
785 661
785 671
786 161
786 162
786 785
786 788
786 789
786 790
787 583
787 782
787 783
787 784
787 596
787 791
788 785
788 786
788 790
788 792
788 795
788 671
789 162
789 165
789 786
789 790
789 793
789 796
790 786
790 788
790 789
790 792
790 793
790 794
791 0
791 164
791 170
791 784
791 787
791 596
792 802
792 173
792 788
792 790
792 794
792 795
793 803
793 789
793 790
793 794
793 796
793 797
794 173
794 790
794 792
794 793
794 797
794 798
795 802
795 682
795 671
795 788
795 792
795 799
796 800
796 803
796 165
796 808
796 789
796 793
797 803
797 804
797 809
797 793
797 794
797 798
798 804
798 173
798 174
798 176
798 794
798 92
798 797
799 802
799 805
799 682
799 689
799 178
799 795
800 801
800 165
800 806
800 167
800 808
800 796
801 800
801 806
801 167
801 168
801 807
801 172
802 795
802 173
802 178
802 84
802 792
802 91
802 799
803 808
803 809
803 810
803 793
803 796
803 797
804 809
804 815
804 176
804 182
804 797
804 798
805 720
805 689
805 178
805 179
805 721
805 694
805 799
806 800
806 801
806 807
806 808
806 811
806 812
807 801
807 806
807 811
807 172
807 23
807 31
808 800
808 803
808 806
808 810
808 812
808 796
809 803
809 804
809 810
809 813
809 815
809 797
810 803
810 808
810 809
810 812
810 813
810 814
811 806
811 39
811 807
811 812
811 818
811 31
812 806
812 808
812 810
812 811
812 814
812 818
813 809
813 810
813 814
813 815
813 820
813 184
814 810
814 812
814 813
814 818
814 819
814 184
815 804
815 809
815 813
815 820
815 182
815 186
816 707
816 817
816 722
816 723
816 821
816 822
817 707
817 816
817 625
817 626
817 628
817 822
818 39
818 811
818 812
818 814
818 46
818 819
819 184
819 46
819 818
819 814
820 40
820 813
820 815
820 47
820 184
820 186
821 100
821 816
821 723
821 822
821 187
821 188
822 816
822 817
822 625
822 821
822 188
822 189
823 1187
823 876
823 877
823 878
823 824
823 825
823 826
823 827
824 832
824 838
824 823
824 825
824 826
825 1184
825 832
825 1186
825 1187
825 1190
825 823
825 824
826 836
826 838
826 841
826 823
826 824
826 827
827 836
827 837
827 878
827 885
827 823
827 826
828 832
828 1190
828 1191
828 829
828 830
828 831
829 839
829 842
829 843
829 828
829 830
829 831
830 1188
830 1191
830 839
830 1192
830 828
830 829
831 832
831 838
831 841
831 842
831 847
831 828
831 829
832 1190
832 838
832 824
832 825
832 828
832 831
833 834
833 835
833 1161
833 1162
833 875
833 1166
834 833
834 835
834 1189
834 1161
834 1193
834 1181
835 833
835 834
835 1193
835 875
835 1196
835 1209
836 837
836 840
836 841
836 845
836 826
836 827
837 840
837 827
837 836
837 885
838 832
838 841
838 824
838 826
838 831
839 1192
839 1194
839 843
839 844
839 829
839 830
840 836
840 837
840 845
840 846
840 465
840 885
840 471
840 892
841 836
841 838
841 845
841 847
841 852
841 826
841 831
842 843
842 847
842 850
842 857
842 858
842 859
842 829
842 831
843 839
843 842
843 844
843 848
843 850
843 829
844 839
844 1194
844 843
844 1197
844 848
844 849
845 836
845 840
845 841
845 846
845 852
845 853
846 840
846 845
846 851
846 853
846 470
846 471
846 474
847 841
847 842
847 852
847 858
847 831
848 864
848 843
848 844
848 849
848 850
848 855
848 861
849 844
849 1197
849 848
849 854
849 855
850 864
850 842
850 843
850 848
850 857
850 863
851 899
851 846
851 465
851 853
851 471
851 860
852 865
852 841
852 845
852 847
852 853
852 858
853 865
853 845
853 846
853 851
853 852
853 860
854 896
854 902
854 1197
854 1199
854 849
854 855
854 856
854 895
855 848
855 849
855 854
855 856
855 861
856 902
856 906
856 854
856 855
856 861
856 862
857 871
857 872
857 842
857 908
857 850
857 859
857 863
858 865
858 868
858 869
858 842
858 908
858 847
858 852
858 859
859 857
859 842
859 908
859 858
860 865
860 899
860 868
860 900
860 851
860 853
861 864
861 866
861 848
861 855
861 856
861 862
862 866
862 867
862 906
862 909
862 856
862 861
863 864
863 866
863 871
863 874
863 850
863 857
863 510
864 866
864 848
864 850
864 861
864 863
865 868
865 852
865 853
865 858
865 860
866 864
866 867
866 510
866 861
866 862
866 863
867 866
867 870
867 510
867 909
867 911
867 862
868 865
868 898
868 900
868 869
868 858
868 860
869 908
869 858
869 868
869 898
870 867
870 871
870 873
870 874
870 910
870 911
870 912
870 510
871 870
871 872
871 873
871 874
871 857
871 863
872 903
872 871
872 873
872 908
872 910
872 857
873 872
873 910
873 870
873 871
874 870
874 871
874 510
874 863
875 833
875 835
875 1166
875 1200
875 1205
875 1209
876 1186
876 1187
876 877
876 1203
876 1204
876 884
876 823
877 876
877 878
877 884
877 886
877 823
878 877
878 887
878 885
878 886
878 823
878 827
879 880
879 881
879 883
879 884
879 1204
879 1207
880 879
880 881
880 882
880 1206
880 1207
880 1208
881 879
881 880
881 882
881 883
881 888
881 894
882 880
882 881
882 888
882 889
882 890
882 1208
883 879
883 881
883 884
883 886
883 887
883 891
883 894
884 876
884 877
884 879
884 883
884 1204
884 886
885 837
885 840
885 878
885 887
885 827
885 892
886 877
886 878
886 883
886 884
886 887
887 878
887 883
887 885
887 886
887 891
887 892
887 893
888 897
888 901
888 881
888 882
888 889
888 894
889 896
889 897
889 882
889 888
889 890
889 895
890 1209
890 882
890 1208
890 889
890 1210
890 895
891 898
891 883
891 887
891 893
891 894
892 899
892 840
892 465
892 885
892 887
892 893
893 898
893 899
893 900
893 887
893 891
893 892
894 898
894 901
894 903
894 907
894 881
894 883
894 888
894 891
895 896
895 1198
895 1199
895 854
895 889
895 1210
895 890
896 897
896 902
896 854
896 889
896 895
897 896
897 901
897 902
897 904
897 906
897 888
897 889
898 868
898 900
898 869
898 907
898 908
898 891
898 893
898 894
899 900
899 860
899 465
899 851
899 892
899 893
900 898
900 899
900 868
900 860
900 893
901 897
901 903
901 904
901 905
901 888
901 894
902 896
902 897
902 906
902 854
902 856
903 901
903 872
903 905
903 907
903 908
903 910
903 894
904 897
904 901
904 905
904 906
904 909
905 901
905 903
905 904
905 909
905 910
905 911
905 912
906 897
906 902
906 904
906 909
906 856
906 862
907 898
907 908
907 894
907 903
908 898
908 869
908 903
908 872
908 907
908 857
908 858
908 859
909 867
909 904
909 905
909 906
909 911
909 862
910 870
910 903
910 872
910 905
910 873
910 912
911 867
911 870
911 905
911 909
911 912
911 501
911 505
911 511
912 905
912 870
912 910
912 911
913 321
913 322
913 678
913 914
913 915
913 667
913 991
914 678
914 679
914 913
914 915
914 916
914 917
915 322
915 269
915 913
915 914
915 917
915 918
915 921
916 679
916 914
916 917
916 919
916 922
916 923
917 914
917 915
917 916
917 918
917 919
917 920
918 264
918 267
918 269
918 915
918 917
918 920
919 916
919 917
919 920
919 923
919 924
919 925
920 264
920 917
920 918
920 919
920 924
921 322
921 261
921 269
921 50
921 915
921 926
922 928
922 679
922 687
922 916
922 923
922 927
923 928
923 930
923 916
923 919
923 922
923 925
924 262
924 264
924 265
924 919
924 920
924 925
925 930
925 265
925 919
925 923
925 924
926 261
926 965
926 967
926 938
926 939
926 269
926 921
927 928
927 929
927 686
927 687
927 1011
927 1013
927 922
928 929
928 930
928 931
928 273
928 922
928 923
928 927
929 928
929 931
929 1013
929 277
929 927
930 928
930 265
930 271
930 273
930 923
930 925
931 928
931 929
931 932
931 273
931 277
931 279
932 931
932 935
932 936
932 940
932 941
932 273
932 279
933 1051
933 1076
933 955
933 956
933 286
933 287
934 935
934 273
934 1052
934 285
934 1054
935 932
935 934
935 936
935 273
935 1054
936 932
936 935
936 941
936 942
936 1080
936 1054
936 1055
937 1024
937 290
937 938
937 269
937 1022
938 1024
938 937
938 939
938 269
938 926
939 1024
939 1025
939 965
939 938
939 944
939 1049
939 926
940 963
940 932
940 941
940 974
940 279
940 953
941 932
941 936
941 940
941 942
941 953
941 954
942 936
942 941
942 1080
942 954
942 955
942 956
943 301
943 302
943 944
943 1046
943 1049
944 965
944 939
944 301
944 943
944 948
944 1049
945 295
945 296
945 299
945 946
945 949
945 950
946 299
946 300
946 945
946 947
946 950
946 951
947 300
947 301
947 946
947 948
947 951
947 952
948 965
948 966
948 301
948 944
948 947
948 952
949 296
949 297
949 945
949 950
949 957
949 959
950 960
950 945
950 946
950 949
950 951
950 959
951 960
951 964
951 946
951 947
951 950
951 952
952 964
952 966
952 968
952 947
952 948
952 951
953 962
953 963
953 940
953 941
953 954
953 958
954 941
954 942
954 953
954 955
954 957
954 958
955 933
955 297
955 942
955 954
955 956
955 957
955 287
956 933
956 942
956 1076
956 1080
956 955
957 297
957 949
957 954
957 955
957 958
957 959
958 961
958 962
958 953
958 954
958 957
958 959
959 960
959 961
959 949
959 950
959 957
959 958
960 961
960 964
960 950
960 951
960 1211
960 959
961 960
961 962
961 972
961 1211
961 1212
961 958
961 959
962 961
962 963
962 971
962 953
962 1212
962 958
963 962
963 971
963 940
963 973
963 974
963 953
964 960
964 968
964 976
964 951
964 952
964 1211
964 1213
965 966
965 967
965 939
965 944
965 948
965 926
966 965
966 967
966 968
966 969
966 948
966 952
967 261
967 966
967 965
967 969
967 970
967 926
968 964
968 966
968 969
968 977
968 952
968 1213
969 966
969 967
969 968
969 970
969 977
969 978
970 261
970 967
970 969
970 978
970 979
971 962
971 963
971 973
971 690
971 695
971 1212
972 961
972 680
972 690
972 1211
972 1212
972 670
973 963
973 971
973 974
973 975
973 695
973 703
974 963
974 940
974 973
974 975
974 279
975 712
975 973
975 974
975 278
975 279
975 703
976 964
976 650
976 660
976 1211
976 1213
976 670
977 968
977 969
977 650
977 978
977 636
977 1213
978 969
978 970
978 977
978 979
978 635
978 636
979 640
979 261
979 970
979 978
979 51
979 635
980 646
980 1127
980 1128
980 981
980 630
981 994
981 646
981 980
981 982
981 983
981 630
982 646
982 648
982 981
982 983
982 984
982 985
983 993
983 994
983 981
983 982
983 985
983 988
984 648
984 982
984 985
984 986
984 987
985 982
985 983
985 984
985 987
985 988
985 989
986 992
986 987
986 648
986 984
986 667
986 990
986 991
987 984
987 985
987 986
987 989
987 990
988 993
988 996
988 303
988 983
988 985
988 989
989 303
989 304
989 307
989 985
989 987
989 988
989 990
990 992
990 307
990 308
990 986
990 987
990 989
991 320
991 321
991 992
991 913
991 986
991 667
992 320
992 308
992 310
992 986
992 990
992 991
993 994
993 995
993 996
993 997
993 983
993 988
994 993
994 995
994 983
994 981
994 630
994 631
995 993
995 994
995 997
995 998
995 49
995 631
996 993
996 997
996 303
996 313
996 315
996 988
996 317
997 993
997 995
997 996
997 998
997 317
998 995
998 997
998 999
998 49
998 317
998 319
999 320
999 321
999 998
999 49
999 50
999 319
1000 677
1000 1001
1000 1130
1000 1131
1000 700
1001 677
1001 1000
1001 1002
1001 1003
1001 1015
1001 700
1002 676
1002 677
1002 1001
1002 1003
1002 1004
1002 1005
1003 1001
1003 1002
1003 1004
1003 1008
1003 1014
1003 1015
1004 1002
1004 1003
1004 1005
1004 1007
1004 1008
1004 1009
1005 676
1005 1002
1005 1004
1005 1006
1005 1007
1006 676
1006 1005
1006 686
1006 1007
1006 1010
1006 1011
1006 1012
1007 1004
1007 1005
1007 1006
1007 1009
1007 1010
1008 323
1008 1003
1008 1004
1008 1009
1008 1014
1008 1017
1009 323
1009 325
1009 327
1009 1004
1009 1007
1009 1008
1009 1010
1010 327
1010 328
1010 1006
1010 1007
1010 1009
1010 1012
1011 686
1011 1006
1011 340
1011 1012
1011 1013
1011 927
1012 328
1012 330
1012 1006
1012 1010
1012 1011
1012 340
1013 929
1013 1011
1013 340
1013 277
1013 1020
1013 927
1014 1003
1014 1008
1014 1015
1014 1016
1014 1017
1014 1018
1015 1001
1015 1003
1015 1014
1015 1016
1015 700
1015 702
1016 713
1016 1014
1016 1015
1016 1018
1016 1019
1016 702
1017 323
1017 333
1017 335
1017 1008
1017 336
1017 1014
1017 1018
1018 336
1018 1014
1018 1016
1018 1017
1018 1019
1019 713
1019 336
1019 339
1019 1016
1019 1018
1019 1020
1020 713
1020 339
1020 340
1020 277
1020 1013
1020 1019
1021 288
1021 290
1021 302
1021 1046
1021 1022
1021 1023
1022 1024
1022 290
1022 1027
1022 1029
1022 1030
1022 1031
1022 937
1022 1021
1022 1214
1022 1023
1023 1216
1023 1030
1023 1046
1023 1050
1023 1243
1023 1021
1023 1022
1023 1215
1024 1025
1024 937
1024 938
1024 939
1024 1048
1024 1214
1024 1022
1025 1024
1025 1048
1025 939
1025 1049
1026 1027
1026 1028
1026 1044
1026 1047
1026 1048
1026 1214
1027 1026
1027 1028
1027 1029
1027 1214
1027 1022
1028 1026
1028 1027
1028 1029
1028 1032
1028 1033
1028 1043
1028 1044
1028 1242
1029 1027
1029 1028
1029 1031
1029 1032
1029 1022
1030 1215
1030 1031
1030 1022
1030 1023
1031 1220
1031 1029
1031 1030
1031 1221
1031 1032
1031 1223
1031 1022
1031 1215
1032 1218
1032 1028
1032 1029
1032 1221
1032 1031
1032 1222
1032 1033
1033 1032
1033 1242
1033 1218
1033 1028
1034 358
1034 360
1034 1035
1034 1036
1034 1233
1034 1042
1034 1235
1035 358
1035 1034
1035 1040
1035 1042
1035 373
1035 374
1036 360
1036 1034
1036 364
1036 1037
1036 1038
1036 1233
1037 364
1037 1036
1037 366
1037 1038
1037 1039
1037 369
1038 1036
1038 1037
1038 1230
1038 1039
1038 1233
1038 1236
1039 1037
1039 1038
1039 1040
1039 369
1039 370
1039 1041
1039 1236
1040 1035
1040 1039
1040 1041
1040 370
1040 1042
1040 373
1041 1039
1041 1040
1041 1042
1041 1234
1041 1236
1041 1237
1041 1238
1042 1034
1042 1035
1042 1040
1042 1041
1042 1234
1042 1235
1043 1028
1043 1044
1043 1045
1043 1046
1043 1242
1044 1026
1044 1028
1044 1043
1044 1046
1044 1047
1045 1223
1045 1242
1045 1043
1045 1046
1045 1241
1045 1050
1045 1243
1045 1244
1046 302
1046 943
1046 1043
1046 1044
1046 1045
1046 1047
1046 1049
1046 1050
1046 1021
1046 1023
1047 1026
1047 1044
1047 1046
1047 1048
1047 1049
1048 1024
1048 1025
1048 1026
1048 1047
1048 1049
1048 1214
1049 1025
1049 939
1049 943
1049 944
1049 1046
1049 1047
1049 1048
1050 1243
1050 1045
1050 1046
1050 1023
1051 933
1051 1076
1051 285
1051 1052
1051 1053
1051 286
1052 1058
1052 1059
1052 1060
1052 1061
1052 934
1052 285
1052 1051
1052 1053
1052 1054
1052 1247
1053 1248
1053 1249
1053 1060
1053 1076
1053 1276
1053 1081
1053 1051
1053 1052
1054 1247
1054 934
1054 935
1054 936
1054 1079
1054 1052
1054 1055
1055 936
1055 1080
1055 1054
1055 1079
1056 1057
1056 1058
1056 1075
1056 1078
1056 1079
1056 1247
1057 1056
1057 1058
1057 1059
1057 1062
1057 1063
1057 1074
1057 1075
1057 1275
1058 1056
1058 1057
1058 1059
1058 1052
1058 1247
1059 1057
1059 1058
1059 1061
1059 1062
1059 1052
1060 1248
1060 1061
1060 1052
1060 1053
1061 1248
1061 1059
1061 1060
1061 1253
1061 1062
1061 1255
1061 1256
1061 1052
1062 1057
1062 1251
1062 1059
1062 1061
1062 1254
1062 1063
1062 1255
1063 1057
1063 1251
1063 1062
1063 1275
1064 384
1064 417
1064 386
1064 419
1064 1250
1064 383
1065 1066
1065 1067
1065 399
1065 401
1065 1073
1065 1266
1065 1268
1066 416
1066 1065
1066 399
1066 1072
1066 1073
1066 414
1067 1065
1067 1068
1067 1069
1067 401
1067 1266
1067 406
1068 1067
1068 1069
1068 1070
1068 1263
1068 1266
1068 1269
1069 1067
1069 1068
1069 1070
1069 406
1069 408
1069 410
1070 1068
1070 1069
1070 1071
1070 1072
1070 1269
1070 410
1070 412
1071 1070
1071 1072
1071 1073
1071 1267
1071 1269
1071 1270
1071 1271
1072 1066
1072 1070
1072 1071
1072 1073
1072 412
1072 414
1073 1065
1073 1066
1073 1071
1073 1072
1073 1267
1073 1268
1074 1057
1074 1075
1074 1076
1074 1077
1074 1275
1075 1056
1075 1057
1075 1074
1075 1076
1075 1078
1076 933
1076 1074
1076 1075
1076 1077
1076 1078
1076 1080
1076 1081
1076 1051
1076 956
1076 1053
1077 1256
1077 1074
1077 1076
1077 1081
1077 1274
1077 1275
1077 1276
1077 1277
1078 1056
1078 1075
1078 1076
1078 1079
1078 1080
1079 1056
1079 1078
1079 1080
1079 1055
1079 1054
1079 1247
1080 936
1080 942
1080 1076
1080 1078
1080 1079
1080 956
1080 1055
1081 1053
1081 1076
1081 1077
1081 1276
1082 424
1082 425
1082 1083
1083 424
1083 433
1083 1082
1083 428
1084 434
1084 435
1084 1087
1085 1086
1085 437
1085 438
1086 441
1086 435
1086 1085
1086 437
1087 434
1087 443
1087 1084
1087 438
1088 1091
1088 444
1088 445
1089 448
1089 1090
1089 447
1090 1089
1090 451
1090 445
1090 447
1091 448
1091 1088
1091 444
1091 453
1092 457
1092 458
1092 1093
1093 457
1093 1092
1093 461
1093 455
1094 776
1094 458
1094 454
1094 463
1095 465
1095 475
1095 469
1096 481
1096 477
1096 487
1097 482
1097 483
1097 486
1098 489
1098 499
1098 493
1099 498
1099 494
1099 495
1100 506
1100 507
1100 510
1101 1102
1101 1103
1101 1104
1101 1105
1101 1106
1101 1107
1101 1108
1101 1109
1102 1280
1102 1121
1102 1125
1102 1101
1102 1103
1102 1104
1103 1280
1103 1101
1103 1102
1103 525
1103 1105
1103 1110
1103 1112
1104 1125
1104 1101
1104 1102
1104 1167
1104 1106
1104 1170
1105 518
1105 1101
1105 1103
1105 1107
1105 1110
1106 1101
1106 1104
1106 1169
1106 1170
1106 1108
1106 1111
1107 515
1107 518
1107 1101
1107 1105
1107 1109
1108 514
1108 1101
1108 1106
1108 1109
1108 1111
1109 512
1109 514
1109 515
1109 1101
1109 1107
1109 1108
1110 518
1110 520
1110 1103
1110 1105
1110 1112
1110 1113
1111 514
1111 745
1111 1169
1111 1106
1111 1108
1111 1114
1112 524
1112 525
1112 1103
1112 1110
1112 1113
1112 1116
1112 1118
1113 520
1113 536
1113 528
1113 1110
1113 1112
1113 1116
1114 745
1114 514
1114 522
1114 1111
1115 1120
1115 1280
1115 1122
1115 523
1115 525
1115 1138
1115 1139
1116 536
1116 1112
1116 1113
1116 1117
1116 1118
1117 536
1117 1178
1117 1179
1117 1116
1117 1118
1117 1119
1118 524
1118 1117
1118 1112
1118 1178
1118 1116
1118 1176
1119 536
1119 546
1119 1179
1119 1117
1120 1280
1120 1121
1120 1122
1120 1115
1121 1120
1121 1280
1121 1122
1121 1123
1121 1124
1121 1125
1121 1102
1122 1120
1122 1121
1122 1281
1122 1123
1122 1138
1122 1115
1123 1121
1123 1122
1123 1281
1123 1124
1123 567
1123 569
1124 1121
1124 1123
1124 1125
1124 567
1124 1149
1124 1150
1125 1121
1125 1124
1125 1102
1125 1167
1125 1104
1125 1149
1126 1281
1126 1127
1126 1140
1126 629
1126 630
1126 569
1126 575
1127 576
1127 1126
1127 1128
1127 980
1127 630
1127 575
1128 576
1128 581
1128 646
1128 1127
1128 647
1128 1129
1128 980
1129 581
1129 647
1129 1128
1129 649
1129 586
1129 588
1129 590
1129 656
1130 609
1130 675
1130 677
1130 1000
1130 1131
1130 589
1130 604
1131 609
1131 613
1131 1000
1131 1130
1131 1132
1131 700
1132 613
1132 710
1132 617
1132 1131
1132 1133
1132 700
1132 701
1133 1282
1133 710
1133 1159
1133 617
1133 1132
1133 1134
1134 1282
1134 617
1134 1133
1134 1135
1134 1136
1134 623
1135 1157
1135 1163
1135 1134
1135 623
1135 1136
1135 1137
1136 1282
1136 1134
1136 1135
1136 1137
1136 1180
1136 1181
1136 1182
1137 1283
1137 1163
1137 1135
1137 1136
1137 1201
1137 1180
1138 1281
1138 1122
1138 1139
1138 1140
1138 1141
1138 1115
1139 523
1139 1138
1139 1141
1139 1142
1139 1143
1139 1146
1139 1115
1140 1281
1140 1126
1140 1138
1140 629
1140 1141
1140 633
1141 640
1141 1138
1141 1139
1141 1140
1141 633
1141 1146
1141 1147
1142 523
1142 1168
1142 752
1142 1139
1142 1143
1142 1144
1142 1145
1143 645
1143 1139
1143 1142
1143 1144
1143 1146
1144 645
1144 1142
1144 1143
1144 1145
1144 1149
1144 1150
1145 1144
1145 1168
1145 1149
1145 1142
1146 645
1146 1139
1146 1141
1146 1143
1146 1147
1146 1148
1146 638
1147 640
1147 1141
1147 634
1147 1146
1147 635
1147 638
1148 641
1148 642
1148 645
1148 652
1148 1146
1148 638
1149 1124
1149 1125
1149 1167
1149 1168
1149 1144
1149 1145
1149 1150
1150 644
1150 1124
1150 645
1150 567
1150 1144
1150 1149
1151 1152
1151 673
1151 669
1151 652
1151 653
1151 659
1151 637
1152 673
1152 685
1152 669
1152 1151
1153 1154
1153 683
1153 685
1153 691
1153 669
1154 1153
1154 1155
1154 685
1154 691
1154 693
1154 696
1155 1154
1155 706
1155 1156
1155 693
1155 696
1155 698
1156 704
1156 706
1156 1155
1156 1158
1156 1160
1156 1162
1156 698
1157 704
1157 705
1157 1163
1157 1164
1157 1135
1157 623
1158 706
1158 1156
1158 709
1158 710
1158 1159
1158 712
1158 1162
1159 1282
1159 710
1159 1158
1159 1161
1159 1162
1159 1133
1160 704
1160 1156
1160 1162
1160 1164
1160 1166
1161 833
1161 834
1161 1282
1161 1159
1161 1162
1161 1181
1161 1182
1162 833
1162 1156
1162 1158
1162 1159
1162 1160
1162 1161
1162 1166
1163 1157
1163 1164
1163 1165
1163 1135
1163 1200
1163 1137
1163 1201
1164 704
1164 1157
1164 1160
1164 1163
1164 1165
1164 1166
1165 1200
1165 1163
1165 1164
1165 1166
1166 833
1166 1160
1166 1162
1166 875
1166 1164
1166 1165
1166 1200
1167 1125
1167 1168
1167 1104
1167 1170
1167 1172
1167 1149
1168 1167
1168 752
1168 1172
1168 1142
1168 1145
1168 1149
1169 745
1169 1106
1169 1170
1169 1173
1169 1111
1170 1167
1170 1104
1170 1169
1170 1106
1170 1171
1170 1172
1170 1173
1170 1174
1171 749
1171 1170
1171 1172
1171 1174
1171 1175
1172 1167
1172 752
1172 1168
1172 1170
1172 1171
1172 1175
1172 1176
1173 745
1173 747
1173 750
1173 1169
1173 1170
1173 1174
1174 747
1174 749
1174 1170
1174 1171
1174 1173
1175 749
1175 1171
1175 1172
1175 755
1175 1176
1175 1177
1176 524
1176 752
1176 1172
1176 1175
1176 1177
1176 1178
1176 1118
1177 1175
1177 755
1177 759
1177 1176
1177 1178
1177 1179
1178 1176
1178 1177
1178 1179
1178 1117
1178 1118
1179 546
1179 759
1179 1177
1179 1178
1179 763
1179 1117
1179 1119
1180 1185
1180 1283
1180 1189
1180 1136
1180 1137
1180 1181
1181 834
1181 1189
1181 1161
1181 1136
1181 1180
1181 1182
1182 1136
1182 1161
1182 1282
1182 1181
1183 1184
1183 1185
1183 1186
1183 1283
1183 1202
1183 1203
1184 1185
1184 1186
1184 1190
1184 825
1184 1183
1185 1184
1185 1283
1185 1188
1185 1189
1185 1190
1185 1191
1185 1180
1185 1183
1186 1184
1186 1187
1186 876
1186 1203
1186 825
1186 1183
1187 825
1187 1186
1187 876
1187 823
1188 1185
1188 1189
1188 1191
1188 1192
1188 830
1189 1185
1189 834
1189 1188
1189 1192
1189 1193
1189 1180
1189 1181
1190 1184
1190 1185
1190 832
1190 1191
1190 825
1190 828
1191 1185
1191 1188
1191 1190
1191 828
1191 830
1192 1188
1192 1189
1192 839
1192 1193
1192 1194
1192 830
1193 834
1193 835
1193 1189
1193 1192
1193 1194
1193 1195
1193 1196
1194 839
1194 1192
1194 1193
1194 1195
1194 844
1194 1197
1195 1193
1195 1194
1195 1196
1195 1197
1195 1198
1196 835
1196 1193
1196 1195
1196 1198
1196 1209
1196 1210
1197 1194
1197 1195
1197 844
1197 1198
1197 1199
1197 849
1197 854
1198 1195
1198 1196
1198 1197
1198 1199
1198 1210
1198 895
1199 854
1199 1197
1199 1198
1199 895
1200 875
1200 1163
1200 1165
1200 1166
1200 1201
1200 1205
1201 1283
1201 1163
1201 1200
1201 1137
1201 1202
1201 1205
1202 1283
1202 1201
1202 1203
1202 1204
1202 1205
1202 1206
1202 1207
1202 1183
1203 1186
1203 876
1203 1202
1203 1204
1203 1183
1204 876
1204 879
1204 1202
1204 1203
1204 884
1204 1207
1205 875
1205 1200
1205 1201
1205 1202
1205 1206
1205 1208
1205 1209
1206 880
1206 1202
1206 1205
1206 1207
1206 1208
1207 879
1207 880
1207 1202
1207 1204
1207 1206
1208 880
1208 882
1208 1205
1208 1206
1208 1209
1208 890
1209 835
1209 875
1209 1196
1209 1205
1209 1208
1209 1210
1209 890
1210 1196
1210 1198
1210 1209
1210 890
1210 895
1211 960
1211 961
1211 964
1211 972
1211 976
1211 670
1212 961
1212 962
1212 971
1212 972
1212 690
1213 964
1213 968
1213 650
1213 976
1213 977
1214 1024
1214 1026
1214 1027
1214 1048
1214 1022
1215 1216
1215 1217
1215 1219
1215 1220
1215 1030
1215 1031
1215 1023
1216 1215
1216 1243
1216 1217
1216 1023
1217 1216
1217 1219
1217 381
1217 345
1217 1243
1217 1246
1217 382
1217 1215
1218 1222
1218 1032
1218 1033
1218 1230
1218 1240
1218 1242
1219 1217
1219 1220
1219 1225
1219 345
1219 347
1219 1215
1220 1219
1220 1223
1220 1224
1220 1031
1220 1225
1220 1215
1221 1222
1221 1223
1221 1032
1221 1031
1221 1227
1221 1228
1221 1229
1222 1218
1222 1221
1222 1032
1222 1229
1222 1230
1222 1231
1223 1220
1223 1221
1223 1031
1223 1224
1223 1227
1223 1045
1223 1241
1223 1244
1224 1220
1224 1223
1224 1225
1224 1226
1224 1244
1225 1219
1225 1220
1225 1224
1225 1226
1225 347
1225 350
1226 353
1226 1224
1226 1225
1226 377
1226 1244
1226 1245
1226 350
1227 1241
1227 1228
1227 1221
1227 1223
1228 1221
1228 1227
1228 1229
1228 1232
1228 1234
1228 1238
1228 1239
1228 1241
1229 1221
1229 1222
1229 1228
1229 1231
1229 1232
1230 1218
1230 1222
1230 1038
1230 1231
1230 1233
1230 1236
1230 1237
1230 1240
1231 1222
1231 1229
1231 1230
1231 1232
1231 1233
1232 1228
1232 1229
1232 1231
1232 1233
1232 1234
1232 1235
1233 1034
1233 1036
1233 1230
1233 1231
1233 1232
1233 1038
1233 1235
1234 1228
1234 1232
1234 1041
1234 1042
1234 1235
1234 1238
1235 1034
1235 1232
1235 1233
1235 1234
1235 1042
1236 1230
1236 1038
1236 1039
1236 1041
1236 1237
1237 1230
1237 1041
1237 1236
1237 1238
1237 1239
1237 1240
1238 1228
1238 1041
1238 1234
1238 1237
1238 1239
1239 1228
1239 1237
1239 1238
1239 1240
1239 1241
1240 1218
1240 1230
1240 1237
1240 1239
1240 1241
1240 1242
1241 1223
1241 1227
1241 1228
1241 1045
1241 1239
1241 1240
1241 1242
1242 1218
1242 1028
1242 1033
1242 1043
1242 1045
1242 1240
1242 1241
1243 1216
1243 1217
1243 1045
1243 1050
1243 1244
1243 1245
1243 1246
1243 1023
1244 1223
1244 1224
1244 1226
1244 1045
1244 1243
1244 1245
1245 1226
1245 377
1245 378
1245 1243
1245 1244
1245 1246
1246 1217
1246 1245
1246 378
1246 1243
1246 381
1247 1056
1247 1058
1247 1079
1247 1052
1247 1054
1248 1249
1248 1250
1248 1060
1248 1061
1248 1252
1248 1253
1248 1053
1249 1248
1249 1250
1249 1276
1249 1053
1250 1248
1250 1249
1250 386
1250 419
1250 1252
1250 1064
1250 1276
1250 1279
1251 1254
1251 1062
1251 1063
1251 1263
1251 1273
1251 1275
1252 1248
1252 1250
1252 386
1252 1253
1252 389
1252 1258
1253 1248
1253 1252
1253 1061
1253 1256
1253 1257
1253 1258
1254 1251
1254 1062
1254 1255
1254 1262
1254 1263
1254 1264
1255 1061
1255 1254
1255 1062
1255 1256
1255 1260
1255 1261
1255 1262
1256 1253
1256 1061
1256 1255
1256 1257
1256 1260
1256 1077
1256 1274
1256 1277
1257 1253
1257 1256
1257 1258
1257 1259
1257 1277
1258 1252
1258 1253
1258 389
1258 391
1258 1257
1258 1259
1259 391
1259 423
1259 1257
1259 1258
1259 395
1259 1277
1259 1278
1260 1256
1260 1274
1260 1261
1260 1255
1261 1255
1261 1260
1261 1262
1261 1265
1261 1267
1261 1271
1261 1272
1261 1274
1262 1254
1262 1255
1262 1261
1262 1264
1262 1265
1263 1251
1263 1254
1263 1068
1263 1264
1263 1266
1263 1269
1263 1270
1263 1273
1264 1254
1264 1262
1264 1263
1264 1265
1264 1266
1265 1261
1265 1262
1265 1264
1265 1266
1265 1267
1265 1268
1266 1065
1266 1067
1266 1068
1266 1263
1266 1264
1266 1265
1266 1268
1267 1261
1267 1071
1267 1265
1267 1073
1267 1268
1267 1271
1268 1065
1268 1265
1268 1266
1268 1267
1268 1073
1269 1068
1269 1070
1269 1071
1269 1263
1269 1270
1270 1071
1270 1263
1270 1269
1270 1271
1270 1272
1270 1273
1271 1261
1271 1071
1271 1267
1271 1270
1271 1272
1272 1261
1272 1270
1272 1271
1272 1273
1272 1274
1273 1251
1273 1263
1273 1270
1273 1272
1273 1274
1273 1275
1274 1256
1274 1260
1274 1261
1274 1077
1274 1272
1274 1273
1274 1275
1275 1057
1275 1251
1275 1063
1275 1074
1275 1077
1275 1273
1275 1274
1276 1249
1276 1250
1276 1279
1276 1077
1276 1081
1276 1053
1276 1278
1276 1277
1277 1256
1277 1257
1277 1259
1277 1077
1277 1276
1277 1278
1278 420
1278 423
1278 1259
1278 1276
1278 1277
1278 1279
1279 1250
1279 419
1279 420
1279 1276
1279 1278
1280 1120
1280 1121
1280 525
1280 1102
1280 1103
1280 1115
1281 1122
1281 1123
1281 1126
1281 1138
1281 1140
1281 569
1282 1159
1282 1161
1282 1133
1282 1134
1282 1136
1282 1182
1283 1185
1283 1137
1283 1201
1283 1202
1283 1180
1283 1183
1284 1285
1284 171
1284 172
1284 21
1284 23
1285 1
1285 1284
1285 1286
1285 169
1285 171
1285 12
1285 21
1286 0
1286 169
1286 1285
1286 1
1287 32
1287 34
1287 1288
1287 181
1287 183
1288 34
1288 1287
1288 41
1288 1289
1288 44
1288 180
1288 183
1289 1288
1289 48
1289 180
1289 44
