0.000549 0.526592 -0.005137
0.047874 0.526592 -0.005138
-0.046776 0.526592 -0.005137
0.000549 0.576333 -0.005198
0.057724 0.285840 -0.000041
-0.053100 0.285741 0.000810
0.000549 0.652157 -0.005202
0.067247 0.051611 -0.032247
-0.059150 0.051508 -0.032194
0.000549 0.733418 -0.007342
0.000550 0.831650 -0.012435
0.029181 0.831642 -0.012409
-0.028082 0.831642 -0.012409
0.000550 0.864749 -0.002293
0.095507 0.818215 -0.011706
-0.094408 0.818215 -0.011706
0.003592 0.885938 0.015558
0.129910 0.665878 -0.011706
-0.128811 0.665878 -0.011706
0.163627 0.516578 0.019321
-0.162528 0.516578 0.019321
