0 1
0 2
0 3
0 823
1 0
1 2
1 835
1 5
1 18
1 823
1 824
1 830
2 0
2 1
2 3
2 4
2 5
2 6
2 7
2 8
3 0
3 833
3 2
3 4
3 839
3 16
3 823
3 827
4 2
4 3
4 6
4 15
4 16
5 1
5 2
5 7
5 18
5 19
6 2
6 4
6 8
6 15
6 26
6 27
6 28
7 2
7 5
7 8
7 17
7 19
7 20
7 21
8 2
8 6
8 7
8 17
8 27
8 29
9 10
9 11
9 12
9 13
9 14
9 761
9 826
10 770
10 9
10 11
10 823
10 826
10 828
11 9
11 10
11 770
11 14
12 9
12 13
12 23
12 761
12 25
13 836
13 9
13 12
13 23
13 825
13 826
13 831
14 770
14 9
14 11
14 761
14 764
14 767
15 4
15 6
15 557
15 558
15 559
15 16
15 26
16 3
16 4
16 839
16 843
16 844
16 15
16 559
17 867
17 868
17 7
17 8
17 850
17 20
17 852
17 853
17 29
18 1
18 835
18 5
18 838
18 841
18 19
18 30
19 5
19 7
19 18
19 21
19 598
19 599
19 30
20 32
20 33
20 7
20 17
20 850
20 21
21 32
21 37
21 7
21 19
21 20
21 598
22 770
22 834
22 23
22 24
22 767
23 834
23 836
23 12
23 13
23 22
23 24
23 25
23 31
24 768
24 22
24 23
24 31
24 767
25 12
25 23
25 761
25 762
25 31
26 34
26 36
26 6
26 557
26 15
26 28
27 868
27 869
27 6
27 8
27 851
27 852
27 853
27 28
27 29
28 34
28 35
28 6
28 851
28 26
28 27
29 8
29 17
29 27
29 868
30 841
30 18
30 19
30 599
31 768
31 769
31 23
31 24
31 25
31 762
32 33
32 21
32 20
32 37
33 32
33 37
33 846
33 850
33 20
33 858
34 26
34 35
34 28
34 36
35 34
35 36
35 849
35 851
35 854
35 28
36 34
36 35
36 557
36 854
36 855
36 856
36 26
37 32
37 33
37 21
37 598
37 858
37 859
37 861
38 40
38 622
38 39
39 40
39 41
39 622
39 38
40 41
40 622
40 38
40 39
41 40
41 622
41 39
42 43
42 44
42 623
43 42
43 44
43 45
43 623
44 42
44 43
44 45
44 623
45 43
45 44
45 623
46 48
46 624
46 47
47 48
47 49
47 624
47 46
48 624
48 49
48 46
48 47
49 48
49 624
49 47
50 51
50 52
51 50
51 52
51 53
51 54
52 50
52 51
52 53
53 51
53 52
53 54
53 55
54 51
54 53
54 55
54 56
54 57
55 56
55 53
55 54
56 57
56 54
56 55
57 56
57 54
58 59
58 60
59 58
59 60
59 61
60 58
60 59
60 61
60 62
61 59
61 60
61 62
61 63
62 64
62 65
62 60
62 61
62 63
63 64
63 61
63 62
64 65
64 62
64 63
65 64
65 62
66 67
66 68
67 66
67 68
67 69
68 66
68 67
68 69
69 67
69 68
70 72
70 71
71 70
71 72
71 73
71 74
71 75
72 73
72 70
72 71
73 72
73 74
73 71
74 71
74 73
74 75
74 76
74 77
75 74
75 76
75 71
76 74
76 75
76 77
77 74
77 76
78 80
78 79
79 80
79 81
79 78
80 81
80 78
80 79
81 80
81 79
82 83
82 84
83 82
83 84
83 85
84 82
84 83
84 85
84 86
84 87
85 83
85 84
85 86
86 84
86 85
86 87
86 88
86 89
87 88
87 84
87 86
88 89
88 86
88 87
89 88
89 86
90 91
90 92
91 90
91 92
91 93
92 90
92 91
92 93
93 91
93 92
94 96
94 95
95 96
95 97
95 94
96 97
96 94
96 95
97 96
97 95
98 99
98 100
99 98
99 100
99 101
100 98
100 99
100 101
101 99
101 100
102 104
102 625
102 103
103 104
103 105
103 102
103 625
104 105
104 625
104 102
104 103
105 104
105 625
105 103
106 626
106 107
106 108
107 106
107 108
107 109
107 626
108 106
108 107
108 109
108 626
109 626
109 107
109 108
110 112
110 111
111 110
111 112
111 113
111 114
111 115
112 113
112 110
112 111
113 112
113 114
113 111
114 111
114 113
114 115
114 116
114 117
115 114
115 116
115 111
116 114
116 115
116 117
117 114
117 116
118 120
118 627
118 119
119 627
119 628
119 118
119 120
119 121
120 627
120 628
120 118
120 119
120 121
121 120
121 628
121 119
122 416
122 123
122 124
122 133
123 132
123 133
123 871
123 141
123 142
123 144
123 122
123 124
124 128
124 416
124 871
124 122
124 123
124 125
124 126
125 128
125 129
125 130
125 131
125 996
125 124
125 126
125 127
126 996
126 997
126 871
126 124
126 125
127 128
127 129
127 138
127 140
127 125
128 416
128 140
128 124
128 125
128 127
129 130
129 872
129 138
129 125
129 127
130 129
130 131
130 134
130 872
130 873
130 125
131 130
131 996
131 998
131 873
131 125
132 133
132 141
132 368
132 147
132 374
132 123
133 416
133 384
133 132
133 374
133 408
133 122
133 123
133 383
134 130
134 517
134 518
134 135
134 136
134 520
134 872
134 873
135 134
135 136
135 520
135 459
135 463
136 420
136 422
136 134
136 135
136 137
136 138
136 872
136 463
137 420
137 136
137 138
137 139
137 140
138 129
138 136
138 137
138 872
138 140
138 127
139 384
139 385
139 420
139 137
139 140
139 383
140 416
140 128
140 137
140 138
140 139
140 127
140 383
141 132
141 142
141 145
141 147
141 123
142 141
142 143
142 144
142 145
142 146
142 402
142 123
142 508
143 261
143 262
143 263
143 264
143 265
143 142
143 144
143 402
144 123
144 263
144 142
144 143
145 141
145 142
145 146
145 147
145 182
145 510
146 142
146 145
146 182
146 183
146 508
147 512
147 132
147 141
147 368
147 145
147 510
148 155
148 149
148 150
148 151
149 148
149 150
149 152
149 155
149 156
149 157
150 148
150 149
150 151
150 152
150 153
150 154
151 148
151 150
151 154
151 155
151 156
151 158
152 161
152 162
152 149
152 150
152 153
152 157
153 152
153 161
153 154
153 150
154 161
154 162
154 150
154 151
154 153
154 158
155 156
155 148
155 149
155 151
156 149
156 151
156 155
156 157
156 158
156 159
157 162
157 163
157 149
157 152
157 156
157 159
158 160
158 162
158 151
158 154
158 156
158 159
159 160
159 163
159 156
159 157
159 158
160 162
160 164
160 158
160 159
161 152
161 153
161 162
161 154
162 160
162 161
162 163
162 164
162 152
162 154
162 157
162 158
163 162
163 164
163 157
163 159
164 160
164 162
164 163
165 168
165 172
165 166
165 167
166 165
166 167
166 168
166 169
166 170
166 171
167 165
167 166
167 169
167 172
167 173
167 174
168 165
168 166
168 171
168 172
168 173
168 176
169 166
169 167
169 170
169 174
169 178
169 179
170 169
170 171
170 179
170 166
171 166
171 168
171 170
171 176
171 178
171 179
172 168
172 173
172 165
172 167
173 167
173 168
173 172
173 174
173 175
173 176
174 167
174 169
174 173
174 175
174 178
174 181
175 173
175 174
175 176
175 177
175 181
176 168
176 171
176 173
176 175
176 177
176 178
177 176
177 178
177 180
177 175
178 169
178 171
178 174
178 176
178 177
178 179
178 180
178 181
179 170
179 169
179 178
179 171
180 177
180 178
180 181
181 178
181 180
181 174
181 175
182 145
182 146
182 183
182 509
182 510
183 146
183 508
183 509
183 182
184 260
184 206
184 185
184 186
184 188
185 184
185 186
185 187
185 260
186 184
186 185
186 187
186 188
186 189
186 190
187 185
187 186
187 260
187 190
188 192
188 193
188 206
188 184
188 186
188 189
189 192
189 195
189 186
189 188
189 190
189 191
190 195
190 260
190 199
190 200
190 201
190 202
190 213
190 186
190 187
190 189
191 192
191 195
191 330
191 331
191 189
192 193
192 194
192 331
192 334
192 188
192 189
192 191
193 192
193 194
193 196
193 197
193 198
193 206
193 188
194 192
194 193
194 196
194 334
194 335
194 220
195 199
195 330
195 208
195 189
195 190
195 191
196 193
196 194
196 197
196 207
196 220
197 193
197 196
197 198
197 203
197 207
197 239
197 242
198 193
198 197
198 203
198 204
198 205
198 206
199 195
199 208
199 213
199 190
199 223
200 260
200 201
200 206
200 209
200 190
201 200
201 202
201 209
201 210
201 401
201 214
201 190
202 201
202 211
202 212
202 213
202 214
202 190
203 197
203 198
203 235
203 204
203 242
203 217
204 198
204 203
204 205
204 215
204 216
204 217
205 198
205 204
205 206
205 209
205 215
206 193
206 260
206 198
206 200
206 205
206 209
206 184
206 188
207 196
207 197
207 239
207 218
207 219
207 220
208 223
208 195
208 199
208 328
208 330
208 255
209 200
209 201
209 233
209 205
209 206
209 240
209 210
209 215
209 221
210 232
210 201
210 401
210 209
210 506
210 221
211 224
211 225
211 202
211 212
211 214
212 225
212 202
212 365
212 211
212 213
212 222
213 199
213 202
213 212
213 190
213 222
213 223
214 224
214 201
214 202
214 401
214 211
215 263
215 233
215 267
215 204
215 205
215 209
215 244
215 247
215 216
216 226
216 227
216 267
216 204
216 215
216 217
217 226
217 203
217 204
217 235
217 236
217 269
217 216
218 228
218 230
218 207
218 339
218 219
218 220
219 228
219 237
219 238
219 207
219 239
219 278
219 218
220 194
220 196
220 229
220 230
220 231
220 333
220 207
220 335
220 218
221 232
221 240
221 209
221 210
221 507
222 360
222 234
222 365
222 212
222 213
222 350
222 223
223 199
223 234
223 208
223 241
223 213
223 245
223 222
223 255
224 225
224 417
224 418
224 363
224 364
224 401
224 211
224 214
225 224
225 418
225 365
225 366
225 211
225 212
226 227
226 266
226 269
226 216
226 217
227 216
227 267
227 226
227 266
228 292
228 339
228 278
228 218
228 219
229 230
229 231
229 300
229 301
229 302
229 303
229 338
229 220
230 229
230 300
230 339
230 218
230 220
230 318
231 338
231 333
231 220
231 229
232 210
232 506
232 221
232 507
233 262
233 240
233 209
233 244
233 215
234 359
234 360
234 241
234 380
234 222
234 223
235 203
235 236
235 238
235 239
235 270
235 242
235 243
235 217
236 235
236 269
236 243
236 246
236 217
237 238
237 274
237 275
237 278
237 219
238 235
238 237
238 270
238 239
238 275
238 501
238 219
239 197
239 235
239 238
239 207
239 242
239 219
240 262
240 233
240 209
240 401
240 507
240 221
241 355
241 359
241 447
241 234
241 245
241 248
241 223
242 239
242 203
242 197
242 235
243 235
243 236
243 246
243 270
244 215
244 261
244 262
244 233
244 247
244 250
245 255
245 241
245 248
245 249
245 253
245 223
246 236
246 269
246 270
246 271
246 243
247 263
247 264
247 244
247 215
247 250
247 252
248 258
248 241
248 245
248 249
248 251
248 447
249 256
249 257
249 245
249 248
249 251
249 253
250 261
250 244
250 247
250 252
250 254
251 248
251 249
251 258
251 257
252 264
252 250
252 254
252 247
253 256
253 325
253 328
253 336
253 498
253 499
253 500
253 245
253 249
253 255
254 261
254 264
254 265
254 250
254 252
255 328
255 208
255 245
255 253
255 223
256 257
256 324
256 325
256 452
256 631
256 503
256 249
256 253
257 256
257 258
257 259
257 452
257 249
257 251
258 257
258 259
258 479
258 248
258 251
258 447
259 257
259 258
259 452
259 441
259 442
259 445
259 479
260 200
260 206
260 184
260 185
260 187
260 190
261 262
261 265
261 143
261 244
261 250
261 254
262 261
262 233
262 363
262 143
262 240
262 401
262 402
262 244
263 390
263 264
263 266
263 267
263 268
263 143
263 144
263 215
263 247
264 263
264 265
264 143
264 247
264 252
264 254
265 264
265 261
265 254
265 143
266 226
266 227
266 263
266 267
266 268
266 269
267 227
267 263
267 266
267 215
267 216
268 386
268 388
268 390
268 263
268 266
268 269
269 226
269 386
269 266
269 268
269 236
269 397
269 271
269 246
269 217
270 235
270 238
270 271
270 243
270 501
270 246
271 390
271 397
271 269
271 270
271 501
271 246
272 273
272 274
272 276
272 278
272 279
272 280
273 272
273 274
273 275
273 276
273 277
274 237
274 272
274 273
274 275
274 278
275 237
275 238
275 273
275 274
275 277
275 501
276 272
276 273
276 277
276 279
277 273
277 275
277 276
277 501
277 279
278 292
278 228
278 237
278 272
278 274
278 280
278 219
278 284
278 285
279 272
279 276
279 277
279 501
279 280
280 288
280 289
280 290
280 272
280 278
280 279
280 284
281 288
281 289
281 282
281 283
281 284
281 285
282 292
282 281
282 283
282 285
282 286
283 289
283 291
283 281
283 282
283 286
283 287
284 288
284 278
284 280
284 281
284 285
285 292
285 278
285 281
285 282
285 284
286 292
286 300
286 339
286 282
286 283
286 318
286 287
287 291
287 294
287 296
287 299
287 300
287 283
287 286
288 280
288 281
288 284
288 289
289 288
289 290
289 291
289 280
289 281
289 283
290 280
290 289
290 291
291 289
291 290
291 296
291 298
291 311
291 283
291 287
292 228
292 339
292 278
292 282
292 285
292 286
293 294
293 295
293 296
293 297
293 298
294 293
294 295
294 296
294 299
294 309
294 287
295 293
295 294
295 297
295 305
295 307
295 309
295 310
296 291
296 293
296 294
296 298
296 287
297 293
297 295
297 472
297 298
297 466
297 467
297 310
297 311
297 312
297 313
298 291
298 293
298 296
298 297
298 311
299 294
299 300
299 301
299 309
299 287
300 318
300 229
300 230
300 299
300 301
300 286
300 287
301 229
301 299
301 300
301 302
301 309
302 229
302 301
302 303
302 304
302 305
302 309
303 229
303 326
303 327
303 302
303 304
303 338
304 323
304 326
304 302
304 303
304 305
304 306
305 295
305 302
305 304
305 306
305 307
305 309
306 323
306 304
306 305
306 307
306 308
306 312
306 348
307 295
307 305
307 306
307 308
307 310
308 312
308 306
308 307
308 310
309 294
309 295
309 299
309 301
309 302
309 305
310 295
310 297
310 307
310 308
310 312
311 297
311 298
311 291
311 313
312 297
312 521
312 473
312 346
312 306
312 308
312 310
312 472
312 313
312 314
312 315
312 348
313 312
313 297
313 314
313 311
314 312
314 313
314 315
314 316
315 322
315 518
315 521
315 346
315 466
315 467
315 340
315 312
315 345
315 314
315 347
315 316
315 317
316 342
316 344
316 314
316 315
316 317
317 449
317 451
317 515
317 518
317 340
317 342
317 315
317 316
318 339
318 300
318 286
318 230
319 320
319 321
319 324
319 343
320 321
320 322
320 323
320 326
320 327
320 343
320 319
321 320
321 324
321 325
321 327
321 337
321 497
321 500
321 319
322 320
322 323
322 347
322 341
322 343
322 345
322 315
323 320
323 322
323 326
323 304
323 306
323 347
323 348
323 349
324 256
324 321
324 325
324 631
324 343
324 344
324 319
325 256
325 321
325 324
325 500
325 253
326 320
326 323
326 327
326 303
326 304
327 320
327 321
327 326
327 303
327 337
327 338
328 329
328 330
328 336
328 208
328 253
328 255
329 328
329 330
329 331
329 332
329 336
330 195
330 328
330 329
330 331
330 208
330 191
331 192
331 329
331 330
331 332
331 334
331 191
332 329
332 331
332 333
332 334
332 336
332 337
332 338
333 231
333 332
333 334
333 335
333 338
333 220
334 192
334 194
334 331
334 332
334 333
334 335
335 194
335 220
335 333
335 334
336 328
336 329
336 332
336 337
336 498
336 253
337 321
337 327
337 332
337 336
337 497
337 338
337 498
338 229
338 231
338 327
338 332
338 333
338 303
338 337
339 228
339 292
339 230
339 218
339 318
339 286
340 341
340 342
340 345
340 315
340 317
341 322
341 340
341 342
341 343
341 345
342 449
342 452
342 340
342 341
342 343
342 344
342 441
342 316
342 317
343 320
343 322
343 324
343 341
343 342
343 344
343 319
344 452
344 324
344 631
344 342
344 343
344 504
344 505
344 316
345 322
345 315
345 340
345 341
346 315
346 312
346 347
346 348
346 349
347 322
347 323
347 346
347 315
347 349
348 323
348 306
348 312
348 346
348 349
349 347
349 346
349 323
349 348
350 352
350 358
350 360
350 365
350 435
350 404
350 222
350 351
351 352
351 353
351 354
351 355
351 404
351 405
351 406
351 350
352 353
352 357
352 358
352 350
352 351
353 352
353 354
353 357
353 351
354 353
354 355
354 356
354 357
354 351
355 481
355 354
355 356
355 359
355 447
355 241
355 406
355 351
356 354
356 355
356 357
356 359
356 380
356 381
357 352
357 353
357 354
357 356
357 358
357 381
358 352
358 357
358 360
358 380
358 381
358 350
359 355
359 356
359 234
359 241
359 380
360 358
360 234
360 380
360 222
360 350
361 362
361 363
361 365
361 366
361 372
361 629
361 377
361 379
362 361
362 363
362 364
362 429
362 366
363 224
363 262
363 361
363 362
363 364
363 401
363 402
363 403
363 372
364 224
364 417
364 362
364 363
364 429
365 225
365 350
365 361
365 366
365 435
365 212
365 379
365 222
366 225
366 418
366 361
366 362
366 365
366 429
367 368
367 369
367 370
367 403
367 415
368 512
368 132
368 367
368 369
368 147
368 374
368 415
369 367
369 368
369 370
369 371
369 372
369 373
369 374
369 409
370 371
370 369
370 403
370 367
371 369
371 370
371 403
371 372
372 361
372 363
372 369
372 371
372 403
372 373
372 629
373 369
373 409
373 372
373 629
374 132
374 133
374 368
374 369
374 408
374 409
375 426
375 410
375 376
375 377
375 378
375 412
375 382
376 435
376 436
376 375
376 377
376 378
376 379
377 419
377 408
377 361
377 629
377 407
377 376
377 379
377 412
377 375
378 482
378 423
378 464
378 436
378 375
378 376
378 411
378 382
379 361
379 365
379 435
379 376
379 377
380 356
380 358
380 359
380 360
380 234
380 381
381 356
381 380
381 357
381 358
382 378
382 411
382 410
382 375
383 384
383 416
383 133
383 139
383 140
384 385
384 419
384 133
384 139
384 396
384 408
384 383
385 384
385 420
385 139
385 396
386 387
386 388
386 268
386 269
386 397
387 386
387 388
387 389
387 397
387 398
387 399
388 386
388 387
388 389
388 390
388 268
389 387
389 388
389 390
389 391
389 399
389 413
390 388
390 389
390 263
390 391
390 268
390 397
390 271
391 389
391 390
391 397
391 398
391 413
391 414
392 393
392 394
392 398
392 399
392 400
393 392
393 394
393 395
393 400
394 392
394 393
394 395
394 399
394 413
395 393
395 394
395 398
395 400
395 413
395 414
396 384
396 385
396 419
396 420
396 421
396 424
396 425
396 412
397 386
397 387
397 390
397 391
397 269
397 398
397 271
398 387
398 391
398 392
398 395
398 397
398 399
398 400
398 414
399 387
399 389
399 392
399 394
399 398
399 413
400 392
400 393
400 395
400 398
401 224
401 262
401 201
401 363
401 240
401 210
401 214
401 506
401 507
402 262
402 363
402 142
402 143
402 403
402 508
402 415
403 363
403 367
403 402
403 371
403 372
403 370
403 415
404 423
404 435
404 436
404 405
404 350
404 351
405 423
405 404
405 406
405 351
406 481
406 482
406 355
406 423
406 405
406 351
407 408
407 377
407 409
407 629
408 384
408 419
408 133
408 409
408 374
408 407
408 377
409 369
409 373
409 374
409 407
409 408
409 629
410 424
410 426
410 428
410 375
410 411
410 382
411 425
411 427
411 428
411 378
411 464
411 410
411 382
412 419
412 424
412 426
412 396
412 375
412 377
413 389
413 391
413 394
413 395
413 399
413 414
414 395
414 413
414 398
414 391
415 512
415 367
415 368
415 402
415 403
415 508
415 511
416 128
416 133
416 140
416 122
416 124
416 383
417 224
417 418
417 364
417 429
418 224
418 225
418 417
418 429
418 366
419 384
419 396
419 408
419 377
419 412
420 385
420 421
420 422
420 136
420 137
420 139
420 396
421 420
421 422
421 425
421 427
421 396
422 480
422 483
422 420
422 421
422 136
422 427
422 463
423 482
423 436
423 404
423 405
423 406
423 378
424 425
424 426
424 428
424 396
424 410
424 412
425 421
425 424
425 427
425 428
425 396
425 411
426 424
426 410
426 412
426 375
427 483
427 421
427 422
427 425
427 464
427 465
427 443
427 630
427 411
428 424
428 425
428 410
428 411
429 417
429 418
429 362
429 364
429 366
430 431
430 432
430 434
430 438
430 439
430 440
431 485
431 486
431 488
431 490
431 493
431 430
431 432
431 433
431 437
431 440
432 433
432 434
432 430
432 431
433 431
433 432
433 434
433 437
433 438
433 439
434 432
434 433
434 430
434 439
435 365
435 436
435 404
435 376
435 379
435 350
436 423
436 435
436 404
436 376
436 378
437 433
437 438
437 431
438 430
438 433
438 437
438 439
438 440
439 433
439 434
439 430
439 438
440 430
440 438
440 431
441 448
441 449
441 259
441 452
441 453
441 342
441 442
441 443
442 259
442 441
442 443
442 444
442 445
442 446
443 453
443 457
443 427
443 465
443 630
443 441
443 442
443 444
443 447
444 457
444 442
444 443
444 446
445 442
445 259
445 446
445 479
446 457
446 442
446 444
446 445
446 479
447 481
447 258
447 355
447 457
447 465
447 241
447 248
447 443
447 479
448 449
448 450
448 453
448 460
448 461
448 462
448 441
449 448
449 450
449 451
449 342
449 441
449 317
450 448
450 449
450 451
450 454
450 522
450 459
450 460
451 449
451 450
451 515
451 514
451 454
451 455
451 317
452 256
452 257
452 259
452 504
452 342
452 503
452 344
452 441
453 448
453 484
453 458
453 461
453 630
453 441
453 443
454 450
454 451
454 455
454 456
454 522
455 513
455 514
455 451
455 454
455 456
456 513
456 454
456 519
456 455
456 522
457 447
457 443
457 444
457 446
457 479
458 480
458 484
458 453
458 459
458 460
458 461
458 462
458 463
459 450
459 135
459 520
459 458
459 522
459 460
459 463
460 448
460 450
460 458
460 459
460 462
461 448
461 458
461 453
461 462
462 448
462 458
462 460
462 461
463 480
463 422
463 135
463 136
463 458
463 459
464 481
464 482
464 427
464 465
464 378
464 411
465 481
465 427
465 464
465 443
465 447
466 297
466 521
466 467
466 472
466 315
466 477
466 478
467 297
467 466
467 315
468 494
468 495
468 469
468 470
468 475
469 468
469 470
469 471
469 475
469 476
470 495
470 468
470 469
470 471
471 494
471 495
471 469
471 470
471 476
471 477
472 297
472 494
472 466
472 312
472 473
472 474
472 477
473 472
473 521
473 312
473 474
473 478
474 494
474 472
474 473
474 475
474 476
474 478
475 494
475 468
475 469
475 474
475 476
476 469
476 471
476 474
476 475
476 477
476 478
477 494
477 466
477 471
477 472
477 476
477 478
478 521
478 466
478 473
478 474
478 476
478 477
479 258
479 259
479 457
479 445
479 446
479 447
480 483
480 484
480 422
480 458
480 463
480 630
481 482
481 355
481 464
481 465
481 406
481 447
482 481
482 423
482 464
482 406
482 378
483 480
483 630
483 427
483 422
484 480
484 458
484 453
484 630
485 486
485 487
485 489
485 491
485 492
485 493
485 431
486 488
486 487
486 485
486 431
487 488
487 489
487 485
487 486
488 486
488 487
488 489
488 490
488 491
488 492
488 431
489 488
489 492
489 485
489 487
490 488
490 491
490 431
491 485
491 488
491 490
491 492
491 493
492 488
492 489
492 491
492 485
493 491
493 485
493 431
494 495
494 468
494 471
494 472
494 474
494 475
494 477
495 468
495 470
495 494
495 471
496 497
496 498
496 499
496 500
497 321
497 496
497 337
497 498
497 500
498 496
498 497
498 337
498 499
498 336
498 253
499 496
499 498
499 500
499 253
500 321
500 325
500 496
500 497
500 499
500 253
501 238
501 271
501 270
501 275
501 277
501 279
502 504
502 505
502 631
502 503
503 256
503 452
503 502
503 631
503 504
504 452
504 502
504 503
504 344
504 505
505 504
505 344
505 502
505 631
506 232
506 401
506 210
506 507
507 232
507 240
507 401
507 506
507 221
508 511
508 142
508 402
508 146
508 183
508 509
508 415
509 512
509 182
509 183
509 508
509 510
509 511
510 512
510 145
510 147
510 182
510 509
511 512
511 508
511 509
511 415
512 415
512 368
512 147
512 509
512 510
512 511
513 514
513 516
513 519
513 456
513 455
514 513
514 515
514 516
514 451
514 517
514 455
515 514
515 451
515 517
515 518
515 317
516 513
516 514
516 517
516 519
517 514
517 515
517 516
517 134
517 518
517 519
517 520
518 515
518 517
518 134
518 315
518 317
519 513
519 516
519 517
519 456
519 520
519 522
520 517
520 134
520 519
520 135
520 522
520 459
521 466
521 312
521 473
521 315
521 478
522 450
522 454
522 519
522 520
522 456
522 459
523 650
523 651
523 524
523 525
523 526
523 527
523 528
523 529
523 652
523 909
524 874
524 523
524 876
524 525
524 526
524 877
524 879
525 874
525 523
525 652
525 524
525 651
526 904
526 875
526 876
526 523
526 524
526 527
527 875
527 523
527 878
527 526
527 528
527 533
527 535
528 523
528 653
528 527
528 529
528 532
528 533
529 650
529 523
529 655
529 528
529 530
529 532
530 655
530 529
530 657
530 531
530 532
530 658
531 530
531 659
531 532
531 658
531 536
532 653
532 656
532 529
532 530
532 531
532 659
532 528
532 536
533 648
533 653
533 654
533 527
533 528
533 534
533 535
534 648
534 538
534 533
534 535
535 878
535 527
535 533
535 534
535 537
535 538
536 531
536 532
536 659
537 640
537 641
537 878
537 535
537 538
538 641
538 647
538 648
538 534
538 535
538 537
539 544
539 880
539 881
539 917
539 694
539 918
539 540
539 541
539 542
539 543
540 881
540 882
540 883
540 885
540 886
540 539
540 541
541 914
541 884
541 885
541 539
541 540
541 542
542 549
542 550
542 678
542 884
542 539
542 541
542 543
543 544
543 545
543 549
543 690
543 539
543 542
544 545
544 546
544 694
544 695
544 539
544 543
545 544
545 546
545 547
545 548
545 690
545 696
545 699
545 543
546 544
546 545
546 547
546 695
546 697
546 698
547 545
547 546
547 548
547 698
547 699
548 545
548 547
548 699
549 550
549 551
549 690
549 692
549 693
549 542
549 543
550 549
550 678
550 551
550 552
550 553
550 542
551 552
551 549
551 550
551 693
552 550
552 551
552 553
552 685
552 689
552 693
553 678
553 550
553 552
553 685
553 686
554 555
554 556
554 557
554 558
554 560
554 561
554 562
554 890
555 554
555 556
555 557
555 888
555 889
555 891
556 554
556 555
556 562
556 565
556 566
556 889
557 36
557 554
557 555
557 558
557 15
557 855
557 26
557 891
558 554
558 844
558 557
558 559
558 15
558 857
558 890
559 16
559 844
559 558
559 15
560 554
560 561
560 562
560 662
560 664
561 554
561 560
561 563
561 660
561 564
561 661
561 662
561 890
562 554
562 556
562 560
562 566
562 663
562 664
563 561
563 564
563 565
563 857
563 890
563 889
564 561
564 563
564 660
564 565
564 566
565 556
565 563
565 564
565 566
565 889
566 556
566 562
566 660
566 565
566 564
566 663
567 897
567 597
567 598
567 599
567 568
567 569
567 570
567 571
568 576
568 577
568 578
568 897
568 567
568 569
568 572
568 573
569 578
569 580
569 567
569 568
569 570
570 579
570 580
570 567
570 569
570 571
570 575
571 896
571 597
571 567
571 570
571 574
571 575
572 896
572 897
572 574
572 568
572 573
572 862
573 576
573 568
573 572
573 574
573 575
574 896
574 571
574 572
574 573
574 575
575 576
575 579
575 570
575 571
575 573
575 574
576 577
576 579
576 568
576 892
576 573
576 575
577 576
577 578
577 581
577 568
577 892
577 893
578 577
578 580
578 581
578 568
578 569
579 576
579 580
579 587
579 570
579 892
579 575
580 578
580 579
580 581
580 587
580 569
580 570
580 894
581 577
581 578
581 580
581 592
581 893
581 894
582 583
582 584
582 585
582 586
582 588
582 589
582 893
583 582
583 584
583 588
583 593
583 885
583 887
584 582
584 583
584 590
584 593
584 893
585 582
585 586
585 587
585 892
585 893
586 582
586 585
586 587
586 589
586 591
587 579
587 580
587 585
587 586
587 591
587 892
587 894
588 582
588 583
588 682
588 589
588 595
588 915
588 885
589 582
589 586
589 588
589 591
589 594
589 595
590 584
590 591
590 592
590 593
590 594
590 893
591 586
591 587
591 589
591 590
591 592
591 594
591 894
592 581
592 590
592 591
592 893
592 894
593 583
593 584
593 683
593 590
593 594
593 596
593 887
594 589
594 590
594 591
594 593
594 595
594 596
595 682
595 588
595 589
595 594
595 596
596 682
596 683
596 593
596 594
596 595
597 896
597 598
597 567
597 571
597 860
597 895
598 567
598 37
598 19
598 21
598 597
598 599
598 859
598 860
599 897
599 841
599 19
599 30
599 598
599 567
599 862
600 601
600 602
600 603
601 600
601 602
601 899
601 898
602 898
602 600
602 601
602 603
602 604
603 600
603 602
603 604
603 605
604 602
604 603
604 605
604 606
605 615
605 903
605 603
605 604
605 606
606 604
606 605
606 903
607 608
607 609
607 902
608 609
608 610
608 611
608 612
608 607
609 608
609 610
609 901
609 902
609 607
610 608
610 609
610 611
611 608
611 610
611 612
611 618
612 608
612 619
612 618
612 611
613 614
613 903
613 616
613 617
613 615
614 616
614 613
614 615
615 605
615 613
615 614
615 903
616 613
616 614
616 617
616 620
616 621
617 616
617 620
617 613
618 611
618 612
618 619
618 620
618 621
619 618
619 612
619 621
620 616
620 617
620 618
620 621
621 616
621 618
621 619
621 620
622 40
622 41
622 38
622 39
623 42
623 43
623 44
623 45
624 48
624 49
624 46
624 47
625 104
625 105
625 102
625 103
626 106
626 107
626 108
626 109
627 120
627 628
627 118
627 119
628 120
628 121
628 627
628 119
629 361
629 377
629 372
629 373
629 407
629 409
630 480
630 483
630 484
630 453
630 427
630 443
631 256
631 324
631 502
631 503
631 344
631 505
632 876
632 666
632 633
632 634
632 635
632 667
633 672
633 675
633 632
633 634
633 667
633 638
633 639
634 876
634 877
634 909
634 879
634 632
634 633
634 638
635 905
635 876
635 632
635 666
635 636
635 637
635 671
636 905
636 907
636 908
636 910
636 635
636 637
636 638
636 639
637 675
637 639
637 635
637 636
637 671
638 650
638 909
638 910
638 633
638 634
638 636
638 639
639 675
639 633
639 636
639 637
639 638
640 641
640 642
640 878
640 537
641 640
641 642
641 644
641 647
641 649
641 537
641 538
642 640
642 641
642 643
642 644
642 878
643 642
643 644
643 645
643 906
643 875
643 878
644 641
644 642
644 643
644 645
644 646
644 649
645 643
645 644
645 646
645 906
645 907
645 908
646 644
646 645
646 649
646 908
646 653
646 910
647 641
647 648
647 649
647 654
647 538
648 647
648 654
648 533
648 534
648 538
649 641
649 644
649 646
649 647
649 653
649 654
650 523
650 909
650 910
650 655
650 529
650 638
651 523
651 652
651 525
652 874
652 523
652 651
652 877
652 909
652 525
653 646
653 649
653 654
653 655
653 656
653 528
653 910
653 532
653 533
654 647
654 648
654 649
654 653
654 533
655 650
655 653
655 910
655 656
655 529
655 530
655 657
656 653
656 655
656 657
656 658
656 659
656 532
657 656
657 530
657 658
657 655
658 656
658 657
658 530
658 531
658 659
659 656
659 658
659 531
659 532
659 536
660 911
660 561
660 564
660 661
660 566
660 663
661 911
661 912
661 561
661 660
661 662
661 665
662 560
662 561
662 661
662 664
662 665
663 911
663 562
663 660
663 566
663 664
663 670
664 560
664 913
664 562
664 662
664 663
664 665
664 670
665 673
665 912
665 913
665 661
665 662
665 664
666 668
666 912
666 632
666 635
666 667
666 669
666 671
667 672
667 912
667 632
667 633
667 666
668 911
668 912
668 666
668 669
668 670
669 674
669 666
669 668
669 670
669 671
670 674
670 911
670 913
670 663
670 664
670 668
670 669
671 674
671 675
671 669
671 666
671 635
671 637
672 673
672 674
672 675
672 912
672 633
672 667
673 672
673 674
673 912
673 913
673 665
674 672
674 673
674 675
674 913
674 669
674 670
674 671
675 672
675 674
675 639
675 633
675 637
675 671
676 677
676 678
676 679
676 680
676 681
676 884
677 676
677 678
677 681
677 685
677 686
678 676
678 677
678 550
678 553
678 686
678 884
678 542
679 676
679 680
679 914
679 884
679 916
680 676
680 679
680 681
680 684
680 688
680 916
681 676
681 677
681 680
681 684
681 685
681 687
682 683
682 588
682 688
682 915
682 595
682 596
682 916
682 691
683 682
683 593
683 691
683 596
683 917
683 694
683 887
684 680
684 681
684 687
684 688
684 690
684 691
685 677
685 552
685 681
685 553
685 686
685 687
685 689
686 553
686 677
686 678
686 685
687 681
687 684
687 685
687 689
687 690
687 692
688 680
688 682
688 684
688 691
688 916
689 552
689 685
689 687
689 692
689 693
690 545
690 549
690 684
690 687
690 691
690 692
690 695
690 696
690 543
691 682
691 683
691 684
691 688
691 690
691 694
691 695
692 549
692 687
692 689
692 690
692 693
693 549
693 551
693 552
693 689
693 692
694 544
694 683
694 691
694 917
694 695
694 539
695 544
695 546
695 690
695 691
695 694
695 696
695 697
696 545
696 690
696 695
696 697
696 698
696 699
697 696
697 698
697 546
697 695
698 546
698 547
698 696
698 697
698 699
699 545
699 547
699 548
699 696
699 698
700 704
700 705
700 706
700 701
700 702
700 703
701 707
701 708
701 709
701 700
701 702
701 703
702 704
702 707
702 711
702 715
702 700
702 701
703 705
703 708
703 713
703 717
703 700
703 701
704 706
704 710
704 711
704 712
704 700
704 702
705 706
705 713
705 714
705 715
705 700
705 703
706 704
706 705
706 710
706 714
706 720
706 700
707 709
707 713
707 715
707 722
707 701
707 702
708 709
708 716
708 717
708 718
708 701
708 703
709 707
709 708
709 716
709 722
709 725
709 701
710 704
710 706
710 712
710 719
710 720
710 721
711 704
711 712
711 714
711 715
711 723
711 702
712 704
712 710
712 711
712 719
712 723
712 728
713 705
713 707
713 715
713 717
713 722
713 703
714 705
714 706
714 711
714 715
714 720
714 723
715 705
715 707
715 711
715 713
715 714
715 702
716 708
716 709
716 718
716 724
716 725
716 726
717 708
717 713
717 718
717 722
717 730
717 703
718 708
718 716
718 717
718 724
718 730
718 733
719 710
719 712
719 721
719 727
719 728
719 729
720 706
720 710
720 714
720 721
720 723
720 731
721 736
721 710
721 719
721 720
721 727
721 731
722 707
722 709
722 713
722 717
722 725
722 730
723 711
723 712
723 714
723 720
723 728
723 731
724 716
724 718
724 726
724 732
724 733
724 734
725 738
725 709
725 716
725 722
725 726
725 730
726 738
726 741
726 716
726 724
726 725
726 732
727 736
727 737
727 719
727 721
727 729
727 735
728 739
728 712
728 719
728 723
728 729
728 731
729 739
729 744
729 719
729 727
729 728
729 735
730 738
730 717
730 718
730 722
730 725
730 733
731 736
731 739
731 720
731 721
731 723
731 728
732 740
732 741
732 742
732 724
732 726
732 734
733 738
733 746
733 718
733 724
733 730
733 734
734 740
734 745
734 746
734 724
734 732
734 733
735 737
735 743
735 744
735 745
735 727
735 729
736 737
736 739
736 747
736 721
736 727
736 731
737 736
737 742
737 743
737 747
737 727
737 735
738 741
738 746
738 725
738 726
738 730
738 733
739 736
739 744
739 747
739 728
739 729
739 731
740 742
740 744
740 745
740 747
740 732
740 734
741 738
741 742
741 743
741 746
741 726
741 732
742 737
742 740
742 741
742 743
742 747
742 732
743 737
743 741
743 742
743 745
743 746
743 735
744 739
744 740
744 745
744 747
744 729
744 735
745 740
745 743
745 744
745 746
745 734
745 735
746 738
746 741
746 743
746 745
746 733
746 734
747 736
747 737
747 739
747 740
747 742
747 744
748 749
748 750
748 788
748 789
748 790
748 920
748 921
749 929
749 931
749 748
749 750
749 751
749 788
749 923
749 925
750 748
750 749
750 921
750 922
750 923
751 931
751 932
751 749
751 752
751 753
751 786
751 788
752 933
752 973
752 751
752 753
752 785
752 786
752 790
753 932
753 933
753 936
753 937
753 751
753 752
754 942
754 755
754 756
754 821
754 757
754 820
754 822
755 942
755 943
755 754
755 756
755 957
755 959
756 943
756 944
756 754
756 755
756 757
757 944
757 754
757 946
757 756
757 820
757 758
757 950
757 952
758 818
758 820
758 757
758 952
758 759
758 760
758 953
759 758
759 760
759 953
759 954
759 956
759 958
760 994
760 759
760 818
760 819
760 822
760 758
760 954
761 9
761 12
761 14
761 25
761 762
761 763
761 764
762 769
762 977
762 978
762 761
762 25
762 763
762 31
763 775
763 978
763 761
763 762
763 764
763 765
764 14
764 761
764 763
764 765
764 766
764 767
765 763
765 764
765 766
765 775
766 768
766 775
766 764
766 765
766 798
766 767
767 768
767 770
767 14
767 22
767 24
767 764
767 766
768 769
768 766
768 767
768 799
768 24
768 798
768 31
769 768
769 773
769 977
769 762
769 31
769 799
770 834
770 10
770 11
770 14
770 22
770 828
770 767
771 772
771 773
771 774
771 795
771 796
772 771
772 773
772 774
772 775
772 776
772 777
773 800
773 769
773 771
773 772
773 806
773 775
773 977
773 979
773 796
773 799
774 771
774 772
774 776
774 778
774 779
774 795
775 772
775 773
775 806
775 808
775 777
775 798
775 978
775 763
775 765
775 766
776 962
776 772
776 774
776 777
776 779
777 962
777 772
777 775
777 776
777 976
777 978
777 797
778 963
778 964
778 774
778 779
778 972
778 975
778 795
779 962
779 963
779 774
779 776
779 778
780 965
780 967
780 781
780 782
780 783
780 784
781 965
781 969
781 780
781 782
781 793
781 794
782 969
782 780
782 781
782 783
782 785
782 786
782 787
783 780
783 782
783 784
783 787
783 791
783 792
784 963
784 966
784 967
784 968
784 971
784 780
784 783
784 791
785 969
785 973
785 782
785 752
785 786
786 782
786 751
786 752
786 785
786 787
786 788
787 782
787 783
787 786
787 788
787 789
787 792
788 748
788 749
788 751
788 786
788 787
788 789
789 748
789 973
789 787
789 788
789 790
789 792
790 933
790 748
790 973
790 752
790 789
790 919
790 920
791 971
791 783
791 784
791 792
791 793
791 794
792 973
792 974
792 783
792 787
792 789
792 791
792 793
793 969
793 781
793 974
793 791
793 792
793 794
794 965
794 968
794 971
794 972
794 781
794 791
794 793
795 771
795 774
795 970
795 778
795 975
795 796
795 797
796 771
796 773
796 976
796 977
796 795
796 797
797 962
797 777
797 970
797 976
797 795
797 796
798 768
798 775
798 808
798 980
798 766
798 799
799 768
799 769
799 773
799 979
799 980
799 798
800 801
800 802
800 773
800 806
800 979
801 800
801 802
801 803
801 806
801 807
801 809
802 800
802 801
802 803
802 804
802 805
802 979
802 981
803 801
803 802
803 804
803 809
803 983
803 985
803 988
804 802
804 803
804 805
804 983
805 802
805 804
805 981
805 982
805 983
805 984
806 800
806 801
806 773
806 775
806 808
806 807
807 801
807 806
807 808
807 809
807 982
808 806
808 775
808 807
808 980
808 981
808 982
808 798
809 801
809 803
809 807
809 982
809 988
810 811
810 812
810 813
810 986
810 990
810 991
811 810
811 812
811 814
811 815
811 817
811 990
812 993
812 810
812 811
812 813
812 817
812 818
812 819
813 993
813 810
813 812
813 816
813 986
813 987
814 992
814 811
814 815
814 816
814 987
814 990
815 994
815 995
815 811
815 814
815 816
815 817
815 821
816 993
816 995
816 813
816 814
816 815
816 987
817 811
817 812
817 815
817 818
817 820
817 821
818 812
818 817
818 819
818 820
818 758
818 760
819 993
819 994
819 812
819 818
819 760
820 817
820 818
820 754
820 821
820 757
820 758
821 994
821 815
821 817
821 754
821 820
821 822
822 994
822 941
822 942
822 754
822 821
822 760
822 954
823 0
823 1
823 3
823 10
823 824
823 825
823 826
823 827
823 828
823 829
824 1
824 823
824 825
824 830
824 831
825 13
825 823
825 824
825 826
825 831
826 9
826 10
826 13
826 823
826 825
827 832
827 833
827 3
827 823
827 829
828 834
828 770
828 10
828 823
828 829
829 832
829 834
829 823
829 827
829 828
830 1
830 835
830 836
830 837
830 824
830 831
831 836
831 13
831 824
831 825
831 830
832 833
832 834
832 836
832 827
832 829
833 832
833 3
833 836
833 837
833 839
833 827
834 832
834 770
834 836
834 22
834 23
834 828
834 829
835 1
835 837
835 838
835 18
835 830
836 832
836 833
836 834
836 837
836 13
836 23
836 830
836 831
837 833
837 835
837 836
837 838
837 839
837 840
837 843
837 830
838 835
838 837
838 840
838 841
838 842
838 18
839 833
839 3
839 837
839 843
839 16
840 837
840 838
840 842
840 843
840 845
840 848
841 838
841 842
841 846
841 862
841 18
841 599
841 858
841 30
842 838
842 840
842 841
842 845
842 846
842 847
843 837
843 839
843 840
843 844
843 16
843 848
844 843
844 558
844 559
844 16
844 848
844 849
844 854
844 857
845 840
845 842
845 848
845 847
846 33
846 841
846 842
846 847
846 850
846 858
847 842
847 845
847 846
847 848
847 849
847 850
847 851
847 852
848 840
848 843
848 844
848 845
848 847
848 849
849 35
849 844
849 847
849 848
849 851
849 854
850 33
850 846
850 847
850 17
850 20
850 852
851 35
851 847
851 849
851 852
851 27
851 28
852 847
852 17
852 850
852 851
852 853
852 27
853 867
853 869
853 870
853 17
853 852
853 27
854 35
854 36
854 844
854 849
854 856
854 857
855 36
855 557
855 888
855 856
855 891
856 36
856 854
856 855
856 888
856 857
857 844
857 558
857 563
857 888
857 854
857 856
857 889
857 890
858 33
858 37
858 841
858 846
858 861
858 862
859 37
859 598
859 860
859 861
859 895
860 859
860 597
860 598
860 895
861 37
861 858
861 859
861 862
861 895
862 896
862 897
862 841
862 599
862 858
862 572
862 861
862 895
863 864
863 865
864 865
864 866
864 863
865 864
865 866
865 863
866 864
866 865
867 17
867 868
867 853
867 870
868 867
868 869
868 17
868 27
868 29
869 27
869 868
869 853
869 870
870 869
870 867
870 853
871 997
871 1005
871 1011
871 123
871 124
871 126
872 129
872 130
872 134
872 136
872 138
873 130
873 131
873 134
873 998
873 1007
873 1012
874 652
874 877
874 524
874 525
875 643
875 904
875 906
875 878
875 526
875 527
876 904
876 905
876 524
876 526
876 879
876 632
876 634
876 635
877 874
877 524
877 909
877 652
877 879
877 634
878 640
878 642
878 643
878 875
878 527
878 535
878 537
879 877
879 876
879 524
879 634
880 881
880 539
880 918
881 880
881 882
881 918
881 539
881 540
882 881
882 883
882 540
882 918
883 882
883 917
883 886
883 887
883 918
883 540
884 676
884 678
884 679
884 914
884 541
884 542
885 583
885 588
885 914
885 915
885 886
885 887
885 540
885 541
886 883
886 540
886 885
886 887
887 583
887 683
887 593
887 883
887 885
887 886
887 917
888 555
888 855
888 856
888 857
888 891
888 889
889 555
889 556
889 563
889 565
889 888
889 857
890 554
890 558
890 561
890 563
890 857
891 888
891 555
891 557
891 855
892 576
892 577
892 579
892 585
892 587
892 893
893 577
893 581
893 582
893 584
893 585
893 590
893 592
893 892
894 580
894 581
894 587
894 591
894 592
895 896
895 597
895 859
895 860
895 861
895 862
896 862
896 597
896 571
896 572
896 574
896 895
897 599
897 567
897 568
897 572
897 862
898 601
898 602
898 899
898 900
899 898
899 900
899 901
899 902
899 601
900 898
900 899
900 901
901 609
901 899
901 900
901 902
902 609
902 899
902 901
902 607
903 613
903 605
903 606
903 615
904 905
904 906
904 875
904 876
904 907
904 526
905 904
905 907
905 876
905 635
905 636
906 643
906 645
906 904
906 875
906 907
907 645
907 904
907 905
907 906
907 908
907 636
908 645
908 646
908 907
908 910
908 636
909 650
909 523
909 652
909 877
909 634
909 638
910 646
910 650
910 908
910 653
910 655
910 636
910 638
911 912
911 660
911 661
911 663
911 668
911 670
912 672
912 673
912 911
912 661
912 665
912 666
912 667
912 668
913 673
913 674
913 664
913 665
913 670
914 679
914 915
914 884
914 885
914 916
914 541
915 682
915 588
915 914
915 916
915 885
916 679
916 680
916 682
916 688
916 914
916 915
917 683
917 887
917 883
917 694
917 918
917 539
918 880
918 881
918 882
918 883
918 917
918 539
919 920
919 934
919 933
919 790
920 934
920 935
920 748
920 790
920 919
920 921
921 935
921 938
921 748
921 750
921 920
921 922
922 938
922 750
922 921
922 923
922 924
923 749
923 750
923 922
923 924
923 925
923 926
924 938
924 939
924 940
924 922
924 923
924 926
924 927
925 928
925 929
925 749
925 923
925 926
926 928
926 923
926 924
926 925
926 927
927 928
927 929
927 930
927 940
927 924
927 926
928 929
928 925
928 926
928 927
929 928
929 930
929 931
929 749
929 925
929 927
930 929
930 931
930 932
930 937
930 940
930 927
931 929
931 930
931 932
931 749
931 751
932 930
932 931
932 937
932 751
932 753
933 934
933 936
933 752
933 753
933 790
933 919
934 933
934 935
934 936
934 919
934 920
935 934
935 936
935 937
935 938
935 920
935 921
936 933
936 934
936 935
936 937
936 753
937 930
937 932
937 935
937 936
937 938
937 939
937 940
937 753
938 935
938 937
938 939
938 921
938 922
938 924
939 937
939 938
939 940
939 924
940 930
940 937
940 939
940 924
940 927
941 822
941 954
941 955
941 942
942 941
942 754
942 755
942 822
942 955
942 957
943 944
943 945
943 755
943 756
943 959
944 943
944 945
944 946
944 947
944 756
944 757
945 960
945 961
945 943
945 944
945 947
945 948
945 959
946 944
946 947
946 757
946 950
946 949
947 944
947 945
947 946
947 948
947 949
948 961
948 945
948 947
948 949
948 950
948 951
949 946
949 947
949 948
949 950
950 946
950 948
950 757
950 949
950 951
950 952
951 961
951 948
951 950
951 952
951 953
951 958
952 951
952 757
952 758
952 950
952 953
953 951
953 758
953 759
953 952
953 958
954 941
954 822
954 759
954 760
954 955
954 956
955 941
955 942
955 954
955 956
955 957
956 759
956 954
956 955
956 957
956 958
957 942
957 755
957 955
957 956
957 958
957 959
958 960
958 961
958 759
958 951
958 953
958 956
958 957
958 959
959 960
959 943
959 945
959 755
959 957
959 958
960 961
960 945
960 958
960 959
961 960
961 945
961 948
961 951
961 958
962 963
962 966
962 776
962 777
962 968
962 779
962 970
962 797
963 962
963 964
963 965
963 966
963 967
963 778
963 779
963 784
964 778
964 963
964 972
964 965
965 963
965 964
965 967
965 780
965 781
965 972
965 794
966 784
966 962
966 963
966 968
967 784
967 963
967 780
967 965
968 962
968 966
968 970
968 971
968 972
968 784
968 794
969 973
969 974
969 781
969 782
969 785
969 793
970 962
970 968
970 972
970 975
970 795
970 797
971 784
971 794
971 968
971 791
972 964
972 965
972 968
972 970
972 778
972 975
972 794
973 969
973 974
973 752
973 785
973 789
973 790
973 792
974 792
974 969
974 973
974 793
975 970
975 778
975 795
975 972
976 777
976 977
976 978
976 796
976 797
977 769
977 773
977 976
977 978
977 762
977 796
978 775
978 777
978 976
978 977
978 762
978 763
979 800
979 802
979 773
979 980
979 981
979 799
980 808
980 979
980 981
980 798
980 799
981 802
981 805
981 808
981 979
981 980
981 982
982 805
982 807
982 808
982 809
982 981
982 984
982 988
982 989
983 803
983 804
983 805
983 984
983 985
983 986
983 987
984 992
984 805
984 982
984 983
984 987
984 989
984 990
985 986
985 803
985 988
985 983
986 810
986 813
986 983
986 985
986 987
986 988
986 991
987 992
987 813
987 814
987 816
987 983
987 984
987 986
988 803
988 809
988 982
988 985
988 986
988 989
988 990
988 991
989 984
989 988
989 990
989 982
990 992
990 810
990 811
990 814
990 984
990 988
990 989
990 991
991 986
991 988
991 810
991 990
992 984
992 814
992 987
992 990
993 994
993 995
993 812
993 813
993 816
993 819
994 993
994 995
994 815
994 819
994 821
994 822
994 760
995 816
995 993
995 994
995 815
996 131
996 997
996 998
996 999
996 1000
996 1001
996 1002
996 1003
996 125
996 126
997 996
997 871
997 999
997 1005
997 126
998 131
998 996
998 1000
998 873
998 1007
999 996
999 997
999 1001
999 1004
999 1005
1000 996
1000 998
1000 1002
1000 1006
1000 1007
1001 996
1001 999
1001 1003
1001 1004
1001 1008
1002 996
1002 1000
1002 1003
1002 1006
1002 1009
1003 996
1003 1001
1003 1002
1003 1008
1003 1009
1003 1010
1004 999
1004 1001
1004 1005
1004 1008
1004 1016
1005 997
1005 999
1005 871
1005 1004
1005 1011
1005 1016
1005 1017
1006 1000
1006 1002
1006 1007
1006 1009
1006 1013
1007 998
1007 1000
1007 873
1007 1006
1007 1012
1007 1013
1007 1014
1008 1001
1008 1003
1008 1004
1008 1010
1008 1015
1008 1016
1008 1021
1009 1002
1009 1003
1009 1006
1009 1010
1009 1013
1009 1015
1009 1020
1010 1008
1010 1009
1010 1003
1010 1015
1011 871
1011 1031
1011 1005
1011 1041
1011 1043
1011 1046
1011 1047
1011 1048
1011 1017
1012 1056
1012 1028
1012 873
1012 1007
1012 1014
1012 1049
1012 1052
1012 1054
1012 1055
1013 1006
1013 1007
1013 1009
1013 1014
1013 1018
1013 1020
1013 1022
1014 1007
1014 1012
1014 1013
1014 1018
1014 1019
1014 1055
1015 1024
1015 1008
1015 1009
1015 1010
1015 1020
1015 1021
1015 1022
1015 1023
1016 1025
1016 1004
1016 1005
1016 1008
1016 1017
1016 1021
1016 1023
1017 1025
1017 1026
1017 1005
1017 1011
1017 1047
1017 1016
1018 1027
1018 1032
1018 1013
1018 1014
1018 1019
1018 1022
1019 1027
1019 1028
1019 1050
1019 1014
1019 1018
1019 1053
1019 1055
1020 1009
1020 1013
1020 1022
1020 1015
1021 1008
1021 1016
1021 1023
1021 1015
1022 1024
1022 1029
1022 1032
1022 1037
1022 1013
1022 1015
1022 1018
1022 1020
1023 1024
1023 1025
1023 1029
1023 1034
1023 1035
1023 1015
1023 1016
1023 1021
1024 1023
1024 1029
1024 1022
1024 1015
1025 1026
1025 1030
1025 1035
1025 1016
1025 1017
1025 1023
1026 1025
1026 1030
1026 1031
1026 1042
1026 1045
1026 1047
1026 1017
1027 1028
1027 1032
1027 1033
1027 1018
1027 1019
1028 1027
1028 1033
1028 1012
1028 1019
1028 1053
1028 1054
1029 1024
1029 1034
1029 1037
1029 1038
1029 1039
1029 1040
1029 1022
1029 1023
1030 1025
1030 1026
1030 1031
1030 1035
1030 1036
1031 1026
1031 1030
1031 1036
1031 1011
1031 1045
1031 1046
1032 1027
1032 1033
1032 1037
1032 1038
1032 1018
1032 1022
1033 1032
1033 1027
1033 1028
1033 1038
1034 1035
1034 1039
1034 1029
1034 1023
1035 1025
1035 1030
1035 1034
1035 1036
1035 1039
1035 1023
1036 1035
1036 1039
1036 1030
1036 1031
1037 1032
1037 1029
1037 1022
1037 1038
1038 1029
1038 1032
1038 1033
1038 1037
1038 1040
1039 1029
1039 1034
1039 1035
1039 1036
1039 1040
1040 1029
1040 1038
1040 1039
1041 1042
1041 1043
1041 1044
1041 1045
1041 1011
1041 1046
1042 1026
1042 1041
1042 1043
1042 1044
1042 1045
1042 1047
1043 1041
1043 1042
1043 1011
1043 1047
1043 1048
1044 1041
1044 1042
1044 1045
1045 1026
1045 1031
1045 1041
1045 1042
1045 1044
1045 1046
1046 1041
1046 1011
1046 1045
1046 1031
1047 1026
1047 1042
1047 1043
1047 1011
1047 1048
1047 1017
1048 1043
1048 1047
1048 1011
1049 1012
1049 1050
1049 1051
1049 1052
1049 1053
1049 1054
1050 1019
1050 1049
1050 1051
1050 1052
1050 1053
1050 1055
1051 1049
1051 1050
1051 1053
1052 1056
1052 1012
1052 1049
1052 1050
1052 1055
1053 1028
1053 1019
1053 1049
1053 1050
1053 1051
1053 1054
1054 1049
1054 1028
1054 1012
1054 1053
1055 1056
1055 1012
1055 1014
1055 1050
1055 1019
1055 1052
1056 1012
1056 1052
1056 1055
