0.000000 0.360078 0.031842
0.052889 0.302266 0.028143
-0.052889 0.302266 0.028143
0.000000 0.417459 0.032028
0.052889 0.196115 0.019673
-0.052889 0.196115 0.019673
0.000000 0.492717 0.033381
0.052889 0.068922 0.019673
-0.052889 0.068922 0.019673
0.043957 0.583279 0.005236
0.000000 0.631049 0.010714
-0.043957 0.583279 0.005236
0.053014 0.019775 0.118301
-0.053014 0.019775 0.118300
0.085113 0.583279 0.005236
0.000000 0.664922 0.021489
-0.085113 0.583279 0.005236
0.192740 0.583279 0.005236
0.119815 0.670442 -0.073031
-0.119815 0.670442 -0.073031
-0.192740 0.583279 0.005236
0.282133 0.583279 0.005236
-0.242369 0.333729 -0.073031
-0.282133 0.583279 0.005236
0.364203 0.583279 0.005236
-0.364204 0.583279 0.005236
