0.000000 0.356673 -0.114479
0.000000 0.357648 -0.157855
0.057739 0.315039 -0.117078
0.000000 0.356673 0.010417
-0.057739 0.315039 -0.117078
0.000000 0.330922 -0.223138
0.057739 0.186618 -0.109915
0.000000 0.356673 0.154086
-0.057739 0.186618 -0.109915
0.000000 0.316463 -0.288421
0.057739 0.096059 -0.150334
0.051500 0.342312 0.204081
-0.051545 0.342400 0.204081
0.000000 0.386174 0.240481
-0.057739 0.096058 -0.150335
0.000000 0.310329 -0.355894
0.057739 0.023918 -0.115031
0.068579 0.310718 0.231521
-0.068579 0.310718 0.231521
-0.000000 0.403216 0.348171
-0.057739 0.023917 -0.115032
0.068579 0.171710 0.180927
-0.068579 0.171710 0.180927
-0.000000 0.454237 0.356244
-0.000000 0.383805 0.371648
0.068579 0.061959 0.216587
-0.068579 0.061959 0.216587
0.060261 0.434846 0.354393
-0.060263 0.434846 0.354393
0.068579 0.021537 0.239925
-0.068579 0.021536 0.239925
0.060261 0.386000 0.354393
-0.060263 0.385980 0.354393
0.060261 0.343172 0.354393
-0.060263 0.343151 0.354393
