-0.044536 0.309147 0.017793 -0.262920 0.548988 0.793401
-0.056192 0.304321 0.016190 -0.336318 0.287565 0.896770
-0.052470 0.299942 0.019715 -0.296443 0.433280 0.851111
-0.056683 0.286359 0.025163 -0.673163 0.306220 0.673112
-0.054987 0.325988 -0.000263 -0.219193 0.761633 0.609811
-0.051905 0.313152 0.011240 -0.341917 0.580297 0.739154
-0.048526 0.294758 0.024414 -0.415442 0.472777 0.777104
-0.044358 0.288767 0.030287 -0.347180 0.402077 0.847231
-0.044451 0.329249 0.001812 -0.258513 0.712167 0.652679
-0.047991 0.321461 0.006447 -0.327748 0.588780 0.738864
-0.037448 0.296138 0.027471 -0.203992 0.510369 0.835411
-0.023451 0.290499 0.034334 -0.132757 0.496325 0.857926
-0.031602 0.331648 0.002581 -0.177422 0.715870 0.675316
-0.040196 0.323348 0.007395 -0.160969 0.614605 0.772237
-0.030562 0.304228 0.023855 -0.166256 0.542448 0.823474
-0.023698 0.313038 0.019437 -0.091843 0.578533 0.810472
-0.033279 0.317944 0.013270 -0.175940 0.618748 0.765634
-0.061219 0.280986 0.011139 -0.832468 -0.392466 0.391111
-0.058031 0.290555 0.017497 -0.956007 0.151590 0.251138
-0.047928 0.330163 -0.001886 -0.344368 0.783406 0.517383
-0.044345 0.335252 -0.007207 -0.307766 0.827801 0.469070
-0.040133 0.332050 -0.000938 -0.185415 0.819031 0.542963
-0.043258 0.270665 0.038220 -0.396260 0.464973 0.791693
-0.037022 0.283310 0.034280 -0.206035 0.382245 0.900799
-0.052108 0.281904 0.028895 -0.415349 0.294416 0.860700
-0.055283 0.270586 0.031234 -0.847724 0.144621 0.510341
-0.047633 0.276673 0.033247 -0.476062 0.328556 0.815731
-0.057728 0.279310 0.022512 -0.954326 0.029719 0.297286
-0.022413 0.332732 0.003377 -0.143150 0.678225 0.720777
-0.025904 0.325806 0.008465 -0.140537 0.631200 0.762781
-0.051361 0.264221 0.037068 -0.454948 0.432914 0.778208
-0.055543 0.251411 0.041749 -0.827943 0.249409 0.502300
-0.023481 0.270529 0.045607 -0.139878 0.567421 0.811460
-0.030063 0.277231 0.039387 -0.306337 0.468297 0.828768
-0.047327 0.258321 0.044400 -0.618915 0.505141 0.601478
-0.043179 0.252888 0.053231 -0.489106 0.413795 0.767821
-0.036639 0.264694 0.045686 -0.270684 0.620376 0.736114
-0.025285 0.334751 0.000292 -0.144556 0.760832 0.632643
-0.021839 0.339874 -0.005081 -0.210004 0.809441 0.548364
-0.032743 0.338281 -0.006163 -0.235782 0.844926 0.480112
-0.036230 0.335060 -0.003596 -0.251600 0.754988 0.605549
-0.028728 0.336601 -0.002888 -0.173494 0.773593 0.609470
-0.040096 0.337747 -0.010217 -0.265801 0.892455 0.364520
-0.043201 0.339707 -0.017280 -0.380973 0.924173 0.027647
-0.054803 0.236791 0.045656 -0.877042 -0.078968 0.473879
-0.051175 0.247030 0.046879 -0.682081 0.156379 0.714360
-0.029691 0.258854 0.052800 -0.240387 0.598640 0.764097
-0.022412 0.253145 0.059563 -0.152624 0.477438 0.865308
-0.042467 0.237863 0.058339 -0.481598 0.090337 0.871724
-0.046816 0.242514 0.052409 -0.711186 0.195836 0.675176
-0.056940 0.213734 0.006080 -0.990360 -0.138312 0.007483
-0.054246 0.225069 0.032048 -0.920754 -0.313430 0.232323
-0.050996 0.224683 0.044409 -0.848892 -0.311327 0.427151
-0.041796 0.224485 0.055670 -0.506068 -0.304449 0.806973
-0.046355 0.233046 0.053222 -0.698599 -0.173528 0.694153
-0.049198 0.228653 0.048578 -0.742402 -0.295357 0.601334
-0.036019 0.247965 0.057044 -0.281866 0.296824 0.912385
-0.045410 0.208476 0.043678 -0.751590 -0.200683 0.628362
-0.051115 0.215631 0.031389 -0.915590 -0.326180 0.235164
-0.046067 0.219215 0.047919 -0.744969 -0.283992 0.603631
-0.020698 0.238097 0.065251 -0.167860 0.066639 0.983556
-0.028526 0.243035 0.061051 -0.290821 0.309131 0.905462
-0.034987 0.233482 0.059753 -0.294476 -0.201159 0.934248
-0.014370 0.248199 0.061656 -0.027944 0.350650 0.936090
0.000000 0.253356 0.060153 -0.000000 0.450160 0.892948
-0.019738 0.223432 0.062027 -0.118781 -0.288914 0.949958
-0.027411 0.228671 0.060983 -0.279754 -0.223576 0.933676
-0.035190 0.213080 0.051531 -0.374564 -0.500236 0.780683
-0.018364 0.206278 0.055246 -0.202692 -0.256778 0.944977
-0.026633 0.218065 0.057648 -0.273371 -0.372475 0.886865
-0.006899 0.243310 0.063779 -0.037381 0.361906 0.931465
0.000000 0.238477 0.065934 0.000000 -0.035507 0.999369
-0.013479 0.233335 0.064404 -0.028230 -0.216393 0.975898
-0.060094 0.163510 0.007849 -0.994406 0.103554 0.020798
-0.046127 0.162574 0.040845 -0.729957 0.056526 0.681152
-0.050896 0.172232 0.029629 -0.920915 -0.002057 0.389759
-0.046466 0.190612 0.040192 -0.805279 -0.005876 0.592867
-0.064852 0.134360 0.008602 -0.970082 0.206593 0.127516
-0.057024 0.153481 0.019099 -0.907680 0.158197 0.388703
-0.026267 0.190612 0.050969 -0.355513 -0.040762 0.933782
-0.030014 0.201789 0.049964 -0.396215 -0.050412 0.916773
-0.039381 0.196567 0.044946 -0.465903 -0.142861 0.873227
-0.039620 0.181266 0.044002 -0.470679 0.014855 0.882179
-0.048307 0.132727 0.041478 -0.626563 0.113777 0.771021
-0.053095 0.143220 0.030308 -0.889286 0.074523 0.451239
-0.057528 0.096495 0.042966 -0.634650 0.221168 0.740475
-0.056896 0.121194 0.031015 -0.862818 0.237904 0.446034
0.000000 0.191072 0.056706 0.000000 -0.039671 0.999213
-0.014877 0.195987 0.054307 -0.208030 -0.158562 0.965185
-0.033362 0.171701 0.047575 -0.478464 0.021938 0.877833
-0.027691 0.161916 0.050910 -0.353056 0.035643 0.934923
0.000000 0.161744 0.057411 -0.000000 0.017910 0.999840
-0.008756 0.181143 0.055029 -0.213714 0.023476 0.976614
-0.017986 0.171424 0.053097 -0.228490 0.009337 0.973501
-0.040708 0.152406 0.044411 -0.477027 0.053447 0.877262
0.000000 0.206382 0.056424 0.000000 -0.150565 0.988600
-0.006121 0.201244 0.056125 -0.064109 0.018378 0.997774
-0.009230 0.151398 0.055453 -0.228396 0.019554 0.973372
0.000000 0.130533 0.058038 0.000000 0.037133 0.999310
-0.045766 0.108355 0.046321 -0.398363 0.138620 0.906693
-0.031462 0.095843 0.054518 -0.323336 0.089331 0.942058
-0.029629 0.131370 0.051966 -0.308846 0.064133 0.948947
-0.035209 0.142004 0.048118 -0.485329 0.060945 0.872205
-0.036466 0.119980 0.049321 -0.482891 0.087502 0.871298
-0.019107 0.141273 0.053638 -0.199285 0.046483 0.978839
0.000000 0.096197 0.059542 -0.000000 0.054804 0.998497
-0.009876 0.119367 0.056515 -0.199415 0.042882 0.978976
-0.020364 0.107803 0.055342 -0.158061 0.078858 0.984275
-0.075396 0.279929 -0.011017 -0.135792 -0.988527 -0.066140
-0.074483 0.286275 0.008454 -0.122900 -0.630036 0.766779
-0.079871 0.281555 -0.004407 0.104638 -0.946992 0.303737
-0.089733 0.278460 -0.010658 0.009145 -0.999890 0.011702
-0.085141 0.284729 0.002348 -0.143157 -0.870813 0.470309
-0.091206 0.289453 0.009248 -0.054691 -0.706365 0.705732
-0.074259 0.300680 0.013813 -0.076984 0.178907 0.980850
-0.068597 0.324404 0.002414 -0.112784 0.728942 0.675221
-0.073580 0.315381 0.006671 -0.024750 0.437746 0.898758
-0.077883 0.321060 0.003787 -0.170274 0.738713 0.652158
-0.091833 0.297317 0.012882 -0.014551 -0.097476 0.995132
-0.080192 0.294757 0.011716 0.017119 -0.348859 0.937019
-0.082057 0.312670 0.007639 -0.043709 0.434737 0.899496
-0.094029 0.316271 0.005317 -0.051825 0.701611 0.710673
-0.086707 0.304756 0.010671 -0.117303 0.356377 0.926950
-0.085841 0.291015 0.010195 -0.037109 -0.421630 0.906008
-0.101428 0.293325 0.010724 -0.028664 -0.421193 0.906518
-0.121245 0.293204 0.010041 -0.018343 -0.398394 0.917031
-0.095487 0.325784 -0.016198 -0.194576 0.975614 -0.101574
-0.089133 0.321038 -0.002365 -0.224132 0.885610 0.406767
-0.075585 0.325318 -0.003367 -0.247247 0.865473 0.435690
-0.080274 0.330490 -0.016302 -0.268809 0.962019 -0.047543
-0.084548 0.325778 -0.009571 -0.263319 0.860850 0.435432
-0.070210 0.333149 -0.016392 -0.159189 0.985185 0.063787
-0.073027 0.329348 -0.010093 -0.227469 0.875382 0.426572
-0.053599 0.335326 -0.016918 -0.322987 0.941979 -0.091406
-0.068394 0.324524 -0.030646 -0.207704 0.660131 -0.721863
-0.064068 0.331000 -0.021319 -0.126906 0.841403 -0.525296
-0.072959 0.329388 -0.021113 -0.221744 0.821496 -0.525333
-0.153302 0.292232 0.011309 0.004769 -0.567479 0.823374
-0.207269 0.293501 0.010495 0.045619 -0.503176 0.862979
-0.171562 0.287947 0.003635 -0.027925 -0.843031 0.537140
-0.154114 0.278109 -0.010899 -0.044735 -0.998902 0.013921
-0.142616 0.299003 0.011076 0.040395 -0.029330 0.998753
-0.153302 0.311574 0.011877 -0.001385 0.337609 0.941285
-0.171291 0.299102 0.011227 -0.015765 -0.029350 0.999445
-0.102369 0.308733 0.010021 0.167212 0.382120 0.908859
-0.121245 0.312611 0.011863 0.000630 0.586195 0.810170
-0.111441 0.301044 0.011595 -0.082814 -0.093151 0.992202
-0.131931 0.305796 0.011260 0.003459 -0.093472 0.995616
-0.085062 0.326047 -0.021043 -0.257472 0.821065 -0.509471
-0.079424 0.321866 -0.030630 -0.183961 0.592825 -0.784039
-0.121245 0.323478 -0.013573 -0.057850 0.998317 -0.004106
-0.103587 0.321844 -0.008151 -0.040310 0.912830 0.406345
-0.089383 0.321829 -0.026099 -0.219563 0.851806 -0.475625
-0.093239 0.317836 -0.031470 -0.078302 0.602679 -0.794133
-0.121245 0.314038 -0.033264 -0.049810 0.517034 -0.854514
-0.112659 0.321100 -0.021012 -0.123823 0.894792 -0.428970
-0.103324 0.319219 -0.026977 -0.088971 0.878119 -0.470096
-0.112173 0.317453 0.001202 -0.029159 0.919200 0.392709
-0.076031 0.325627 -0.025859 -0.201681 0.833837 -0.513849
-0.142834 0.315273 0.004105 -0.029503 0.917387 0.396901
-0.153956 0.321634 -0.011424 -0.018527 0.989178 0.145547
-0.207269 0.314288 0.009808 0.046437 0.739746 0.671282
-0.189280 0.306454 0.010727 -0.036632 0.033009 0.998784
-0.171509 0.315832 0.003420 0.031003 0.917963 0.395452
-0.132149 0.319241 -0.004378 -0.026021 0.919280 0.392743
-0.082037 0.293325 -0.037180 -0.071260 -0.153640 -0.985554
-0.098840 0.308400 -0.033971 0.029666 0.239622 -0.970413
-0.084900 0.311009 -0.033093 -0.006151 0.224210 -0.974521
-0.058477 0.300513 -0.043242 -0.338456 0.108450 -0.934712
-0.068211 0.297160 -0.040006 -0.266592 -0.044392 -0.962786
-0.065027 0.307399 -0.037965 -0.391487 0.295468 -0.871456
-0.061367 0.282866 -0.037758 -0.634703 -0.475960 -0.608780
-0.062685 0.293513 -0.040335 -0.224628 -0.255443 -0.940368
-0.076557 0.304117 -0.035939 -0.257540 0.238472 -0.936378
-0.072010 0.314517 -0.033761 -0.079002 0.322161 -0.943383
-0.189905 0.319151 -0.003874 0.007162 0.939317 0.342975
-0.208489 0.321532 -0.010006 0.061785 0.997074 -0.045004
-0.237861 0.315196 0.012129 0.120290 0.479461 0.869280
-0.217466 0.307662 0.010811 0.076583 0.032934 0.996519
-0.212738 0.319784 -0.003816 0.104212 0.936138 0.335836
-0.222455 0.323533 -0.011250 0.107113 0.993223 -0.045105
-0.222528 0.317672 0.003562 0.055443 0.928337 0.367582
-0.132461 0.317043 -0.026413 -0.022473 0.901504 -0.432187
-0.154892 0.313612 -0.032403 -0.034446 0.672469 -0.739323
-0.143364 0.319575 -0.019133 -0.075770 0.932481 -0.353183
-0.172446 0.318926 -0.017944 -0.011022 0.934150 -0.356710
-0.070282 0.286470 -0.033909 -0.264891 -0.699371 -0.663862
-0.066620 0.288832 -0.037224 -0.488488 -0.358967 -0.795312
-0.073510 0.292318 -0.037032 -0.042542 -0.488750 -0.871386
-0.227664 0.298753 0.011896 0.077106 0.033677 0.996454
-0.237862 0.287563 0.013063 0.166205 -0.696627 0.697916
-0.213727 0.320427 -0.016964 0.160146 0.949076 -0.271306
-0.210236 0.316215 -0.029637 0.046428 0.716117 -0.696434
-0.237862 0.325831 -0.011216 0.098007 0.995181 0.002949
-0.232726 0.321520 -0.003446 0.135389 0.901643 0.410744
-0.218502 0.318506 -0.023762 -0.010066 0.926753 -0.375535
-0.222816 0.315770 -0.030398 0.055338 0.401421 -0.914221
-0.237862 0.317391 -0.031150 0.097407 0.577539 -0.810531
-0.232726 0.322252 -0.017872 0.135235 0.912402 -0.386308
-0.227711 0.318898 -0.024266 0.117808 0.919506 -0.375008
-0.191206 0.317120 -0.024015 0.032148 0.963998 -0.263957
-0.108176 0.299269 -0.035319 -0.049260 0.094734 -0.994283
-0.121245 0.290444 -0.035512 -0.025445 -0.664549 -0.746811
-0.154892 0.292232 -0.034442 -0.052876 -0.451172 -0.890869
-0.143676 0.306627 -0.033370 -0.026666 0.094905 -0.995129
-0.132461 0.298905 -0.034406 -0.026608 0.094815 -0.995139
-0.085103 0.286877 -0.031464 -0.033743 -0.848407 -0.528268
-0.079141 0.288891 -0.034184 -0.144558 -0.617010 -0.773564
-0.096128 0.290215 -0.034719 0.017422 -0.667880 -0.744065
-0.237861 0.276919 -0.011901 0.155050 -0.976917 -0.146943
-0.241568 0.280038 -0.003227 0.142224 -0.910522 0.388228
-0.248982 0.275633 -0.010843 0.031242 -0.989315 -0.142410
-0.244523 0.319010 0.005376 0.100235 0.905438 0.412475
-0.257845 0.316002 0.015216 0.021097 0.536606 0.843569
-0.253859 0.286275 0.014988 0.031844 -0.558644 0.828796
-0.243194 0.296345 0.013393 0.116743 0.033546 0.992595
-0.249855 0.305824 0.014111 0.153160 0.012958 0.988116
-0.246901 0.283157 0.005736 0.121074 -0.909545 0.397579
-0.237862 0.293945 -0.032189 0.072185 -0.480129 -0.874223
-0.232847 0.309035 -0.031246 0.054619 0.044205 -0.997528
-0.214429 0.308492 -0.030442 0.057669 0.072477 -0.995701
-0.210236 0.293492 -0.031291 0.011993 -0.375947 -0.926564
-0.222816 0.293204 -0.031732 0.023183 -0.452795 -0.891313
-0.227831 0.300973 -0.031440 0.033209 0.058980 -0.997707
-0.218623 0.300822 -0.031140 0.033625 0.058979 -0.997693
-0.173340 0.299779 -0.032712 -0.054435 0.094798 -0.994007
-0.191788 0.307773 -0.031110 -0.046382 0.072519 -0.996288
-0.260661 0.327757 -0.010762 -0.036602 0.999200 -0.016148
-0.252123 0.323197 -0.002254 0.085003 0.911199 0.403101
-0.244797 0.320164 -0.024842 0.013595 0.920777 -0.389854
-0.258668 0.317271 -0.032159 -0.022777 0.578296 -0.815509
-0.252397 0.323620 -0.018046 0.067252 0.898394 -0.434011
-0.267156 0.296511 0.013910 -0.096511 -0.020573 0.995119
-0.289765 0.287257 0.011526 -0.069597 -0.509848 0.857445
-0.227711 0.289117 -0.025147 -0.025001 -0.840976 -0.540495
-0.222455 0.280203 -0.011520 0.125308 -0.979000 -0.160801
-0.254903 0.294529 -0.034362 0.018157 -0.426242 -0.904427
-0.243542 0.301955 -0.032567 0.127850 0.043908 -0.990821
-0.250478 0.309730 -0.032557 0.047576 0.104109 -0.993427
-0.218502 0.288966 -0.024848 0.038199 -0.840111 -0.541068
-0.208785 0.281653 -0.011483 0.005299 -0.990691 -0.136025
-0.191304 0.289126 -0.025739 -0.048580 -0.858917 -0.509806
-0.213825 0.285116 -0.018098 0.091743 -0.851773 -0.515815
-0.290120 0.315261 0.012552 -0.085219 0.592563 0.801004
-0.269542 0.319673 0.005669 -0.055219 0.907416 0.416589
-0.269713 0.320059 -0.024202 -0.096017 0.890254 -0.445229
-0.289810 0.315150 -0.029684 -0.104307 0.646892 -0.755414
-0.290120 0.324543 -0.009324 -0.101495 0.994718 0.015326
-0.280300 0.322520 -0.002511 -0.081100 0.917530 0.389308
-0.280197 0.322483 -0.016590 -0.118668 0.900921 -0.417443
-0.279243 0.306173 0.013098 -0.081347 -0.037522 0.995979
-0.289778 0.292074 -0.032304 -0.057820 -0.359533 -0.931339
-0.279419 0.308165 -0.031382 -0.086320 0.112274 -0.989921
-0.267783 0.301291 -0.032942 -0.064696 0.085599 -0.994227
-0.289765 0.279794 -0.009155 -0.051619 -0.996277 -0.069043
-0.278149 0.288799 -0.025274 0.034510 -0.882865 -0.468358
-0.370839 0.312584 0.002915 0.008633 0.791984 0.610480
-0.317026 0.317463 0.002048 -0.076934 0.917834 0.389437
-0.316923 0.318269 -0.018472 -0.069033 0.905459 -0.418781
-0.370839 0.315113 -0.016407 -0.092302 0.940353 -0.327439
-0.343933 0.317413 -0.007605 -0.126208 0.983614 0.128742
-0.370839 0.294742 0.010137 0.203671 -0.255414 0.945136
-0.343814 0.289573 0.008274 -0.073317 -0.654486 0.752511
-0.370839 0.286720 0.003160 0.127364 -0.924418 0.359486
-0.316908 0.299087 0.011405 -0.020521 -0.036865 0.999110
-0.343933 0.307529 0.008535 -0.122188 0.372392 0.919997
-0.061414 0.266183 -0.009193 -0.989234 -0.146227 -0.005868
-0.058893 0.267904 -0.034548 -0.826545 -0.243265 -0.507589
-0.058490 0.259983 -0.024633 -0.976198 -0.187055 -0.109758
-0.055163 0.245862 -0.030158 -0.820335 -0.239667 -0.519239
-0.058694 0.252107 -0.013466 -0.977830 -0.142363 -0.153564
-0.059504 0.244276 -0.001046 -0.996585 -0.080204 -0.019628
-0.037177 0.270292 -0.049328 -0.368072 -0.145924 -0.918275
-0.050411 0.261353 -0.038011 -0.525658 -0.250849 -0.812870
-0.054751 0.235431 -0.018308 -0.964222 -0.214718 -0.155476
-0.049586 0.216156 -0.023720 -0.777065 -0.196405 -0.597992
-0.039073 0.302746 -0.049674 -0.259664 0.230705 -0.937737
-0.025417 0.291956 -0.051250 -0.128744 -0.018092 -0.991513
0.000000 0.302829 -0.054749 0.000000 0.122870 -0.992423
-0.032035 0.245862 -0.045267 -0.347425 -0.230534 -0.908928
-0.041458 0.254005 -0.041584 -0.530048 -0.246438 -0.811368
-0.012392 0.281319 -0.053411 -0.181110 0.043241 -0.982512
0.000000 0.270837 -0.056157 0.000000 -0.111597 -0.993753
-0.023071 0.262330 -0.050251 -0.174328 -0.197065 -0.964767
-0.045595 0.235960 -0.033048 -0.526094 -0.273300 -0.805315
-0.055030 0.325877 -0.032812 -0.315270 0.591170 -0.742377
-0.041478 0.332621 -0.035335 -0.372513 0.623575 -0.687305
-0.045194 0.320415 -0.039274 -0.349534 0.382395 -0.855336
-0.020126 0.307631 -0.051027 -0.126074 0.221223 -0.967040
-0.021306 0.317317 -0.048657 -0.182057 0.337911 -0.923402
-0.007102 0.312262 -0.051586 -0.114543 0.237191 -0.964687
0.000000 0.316641 -0.051353 -0.000000 0.276657 -0.960969
-0.033952 0.317561 -0.044555 -0.276101 0.397731 -0.874973
0.000000 0.245861 -0.051675 0.000000 -0.200894 -0.979613
-0.010678 0.254187 -0.051033 -0.193183 -0.173303 -0.965736
-0.027846 0.190899 -0.033098 -0.347116 -0.054309 -0.936248
-0.041686 0.199318 -0.026035 -0.508842 -0.121549 -0.852235
-0.047626 0.190899 -0.021288 -0.819922 0.015754 -0.572258
-0.036788 0.225691 -0.035782 -0.566678 -0.237471 -0.788976
-0.028742 0.215056 -0.038360 -0.345842 -0.237025 -0.907861
-0.035391 0.207370 -0.031726 -0.570600 -0.194935 -0.797757
-0.030049 0.165231 -0.034706 -0.333837 0.115072 -0.935581
-0.035174 0.182343 -0.029697 -0.510210 0.097322 -0.854526
-0.042320 0.173668 -0.026094 -0.541979 0.066789 -0.837734
-0.049286 0.164873 -0.022289 -0.779710 0.134234 -0.611583
-0.029794 0.327192 -0.041451 -0.268215 0.406679 -0.873311
-0.026599 0.331639 -0.040362 -0.218006 0.492465 -0.842586
-0.030944 0.340208 -0.033432 -0.380741 0.808260 -0.449167
-0.033007 0.334823 -0.036376 -0.238613 0.534640 -0.810693
-0.033885 0.343079 -0.017443 -0.307551 0.934459 0.179441
-0.021266 0.347767 -0.017605 -0.674081 0.716825 0.178259
-0.028698 0.343685 -0.022827 -0.341742 0.912059 -0.226630
-0.017546 0.348378 -0.031528 -0.620120 0.428300 -0.657274
-0.023252 0.345451 -0.027522 -0.507912 0.855799 -0.098149
-0.025030 0.340075 -0.035107 -0.217166 0.544878 -0.809906
0.000000 0.137229 -0.042229 0.000000 0.189548 -0.981871
-0.032456 0.137911 -0.038491 -0.336231 0.219561 -0.915828
-0.020835 0.146790 -0.038475 -0.110164 0.145914 -0.983145
0.000000 0.101193 -0.053170 0.000000 0.292864 -0.956154
-0.010819 0.125444 -0.044630 -0.103540 0.288957 -0.951727
-0.044867 0.146652 -0.028710 -0.538540 0.160859 -0.827103
-0.052859 0.137172 -0.025350 -0.767409 0.249639 -0.590563
-0.037264 0.156005 -0.031829 -0.537275 0.162008 -0.827701
-0.076348 0.098745 0.009167 -0.929291 0.366972 0.041832
-0.063627 0.112561 -0.015757 -0.909325 0.276740 -0.310712
-0.061674 0.101766 -0.031087 -0.751386 0.321321 -0.576343
-0.037820 0.101786 -0.047206 -0.389638 0.312738 -0.866243
-0.023425 0.113630 -0.046289 -0.146856 0.252528 -0.956380
0.000000 0.064963 -0.065934 -0.000000 -0.015646 -0.999878
-0.012607 0.089314 -0.055437 -0.142068 0.328916 -0.933612
-0.050784 0.113575 -0.034548 -0.540185 0.263967 -0.799075
-0.041045 0.125623 -0.037016 -0.527952 0.272448 -0.804388
-0.049872 0.064974 -0.058173 -0.363834 -0.314773 -0.876666
-0.029231 0.077241 -0.057104 -0.145303 0.325881 -0.934178
0.000000 0.330064 -0.046912 -0.000000 0.408360 -0.912821
0.026599 0.331639 -0.040362 0.218006 0.492466 -0.842586
0.015968 0.326340 -0.045310 0.190345 0.438401 -0.878393
0.021306 0.317317 -0.048657 0.182057 0.337911 -0.923402
0.041478 0.332621 -0.035335 0.372513 0.623575 -0.687305
0.029794 0.327192 -0.041451 0.268215 0.406679 -0.873311
0.030944 0.340208 -0.033432 0.380741 0.808260 -0.449167
0.033007 0.334823 -0.036376 0.238614 0.534640 -0.810693
0.043201 0.339707 -0.017280 0.380973 0.924173 0.027647
0.038541 0.337512 -0.028682 0.502605 0.787371 -0.356980
0.033952 0.317561 -0.044555 0.276101 0.397731 -0.874973
0.039073 0.302746 -0.049674 0.259664 0.230705 -0.937737
0.053599 0.335326 -0.016918 0.322987 0.941979 -0.091406
0.046093 0.335885 -0.023178 0.371669 0.851583 -0.369686
0.055030 0.325877 -0.032812 0.315270 0.591170 -0.742377
0.050036 0.331275 -0.028355 0.465734 0.778444 -0.420853
0.045194 0.320415 -0.039274 0.349534 0.382395 -0.855336
0.037177 0.270292 -0.049328 0.368072 -0.145924 -0.918275
0.055163 0.245862 -0.030158 0.820335 -0.239667 -0.519239
0.041458 0.254005 -0.041584 0.530048 -0.246438 -0.811368
0.032035 0.245862 -0.045267 0.347425 -0.230534 -0.908928
0.058893 0.267904 -0.034548 0.826545 -0.243265 -0.507589
0.050411 0.261353 -0.038011 0.525658 -0.250849 -0.812870
0.061367 0.282866 -0.037758 0.634703 -0.475960 -0.608780
0.052479 0.273687 -0.040545 0.523462 -0.260598 -0.811219
0.058490 0.259983 -0.024633 0.976199 -0.187055 -0.109758
0.061414 0.266183 -0.009193 0.989234 -0.146227 -0.005868
0.049586 0.216156 -0.023720 0.777065 -0.196405 -0.597992
0.045595 0.235960 -0.033048 0.526094 -0.273300 -0.805315
0.058694 0.252107 -0.013466 0.977830 -0.142363 -0.153564
0.059504 0.244276 -0.001046 0.996585 -0.080204 -0.019628
0.054751 0.235431 -0.018308 0.964222 -0.214718 -0.155476
0.060558 0.272318 -0.027166 0.976599 -0.185010 -0.109659
0.056940 0.213734 0.006080 0.990360 -0.138312 0.007483
0.055343 0.224722 -0.006229 0.958867 -0.138329 -0.247870
0.058734 0.260348 0.006998 0.987796 -0.029228 0.152989
0.055283 0.270586 0.031234 0.847724 0.144621 0.510341
0.054803 0.236791 0.045656 0.877042 -0.078968 0.473879
0.057082 0.231600 0.016897 0.993979 -0.062435 0.090047
0.056777 0.255424 0.023979 0.994881 0.058626 0.082309
0.055543 0.251411 0.041749 0.827943 0.249409 0.502300
0.056617 0.244159 0.028786 0.995056 -0.024655 0.096210
0.028742 0.215056 -0.038360 0.345842 -0.237025 -0.907861
0.020259 0.225589 -0.042790 0.204573 -0.234921 -0.950243
0.000000 0.215850 -0.044744 0.000000 -0.249189 -0.968455
0.036788 0.225691 -0.035782 0.566678 -0.237471 -0.788976
0.054246 0.225069 0.032048 0.920754 -0.313430 0.232323
0.050996 0.224683 0.044409 0.848891 -0.311327 0.427151
0.047626 0.190899 -0.021288 0.819922 0.015754 -0.572258
0.051384 0.206930 -0.012976 0.964259 -0.098513 -0.245965
0.051115 0.215631 0.031389 0.915590 -0.326180 0.235164
0.045410 0.208476 0.043678 0.751590 -0.200683 0.628362
0.057058 0.190899 0.007662 0.997041 0.045014 0.062322
0.053875 0.198511 -0.002515 0.950679 -0.016546 -0.309734
0.053136 0.204370 0.019140 0.954741 0.025464 0.296347
0.043258 0.270665 0.038220 0.396260 0.464973 0.791693
0.051361 0.264221 0.037068 0.454948 0.432914 0.778208
0.044358 0.288767 0.030287 0.347180 0.402077 0.847231
0.047633 0.276673 0.033247 0.476062 0.328556 0.815731
0.056683 0.286359 0.025163 0.673163 0.306220 0.673112
0.052108 0.281904 0.028895 0.415349 0.294416 0.860700
0.009581 0.207268 -0.040168 0.201084 -0.276582 -0.939717
0.000000 0.190898 -0.037400 0.000000 -0.152504 -0.988303
0.041796 0.224485 0.055670 0.506068 -0.304449 0.806973
0.049198 0.228653 0.048578 0.742402 -0.295357 0.601334
0.051175 0.247030 0.046879 0.682081 0.156379 0.714360
0.043179 0.252888 0.053231 0.489106 0.413795 0.767821
0.042467 0.237863 0.058339 0.481598 0.090337 0.871724
0.046355 0.233046 0.053222 0.698599 -0.173528 0.694153
0.046816 0.242514 0.052409 0.711186 0.195836 0.675176
0.047327 0.258321 0.044400 0.618915 0.505141 0.601478
0.046067 0.219215 0.047919 0.744969 -0.283992 0.603631
0.041686 0.199318 -0.026035 0.508842 -0.121549 -0.852235
0.027846 0.190899 -0.033098 0.347116 -0.054309 -0.936248
0.035391 0.207370 -0.031726 0.570600 -0.194935 -0.797757
0.018863 0.198951 -0.036286 0.149093 -0.215732 -0.965003
0.049645 0.196662 0.030511 0.950867 -0.004201 0.309572
0.046466 0.190612 0.040192 0.805279 -0.005876 0.592867
0.060094 0.163510 0.007849 0.994406 0.103554 0.020798
0.054926 0.181769 -0.001926 0.945779 0.102733 -0.308138
0.054539 0.181674 0.018568 0.945140 0.106874 0.308687
0.044536 0.309147 0.017793 0.262920 0.548988 0.793401
0.048526 0.294758 0.024414 0.415442 0.472777 0.777104
0.036019 0.247965 0.057044 0.281866 0.296824 0.912385
0.022412 0.253145 0.059563 0.152624 0.477438 0.865308
0.020698 0.238097 0.065251 0.167860 0.066639 0.983556
0.034987 0.233482 0.059753 0.294476 -0.201159 0.934248
0.028526 0.243035 0.061051 0.290821 0.309131 0.905462
0.037022 0.283310 0.034280 0.206035 0.382244 0.900799
0.023451 0.290499 0.034334 0.132757 0.496325 0.857926
0.023481 0.270529 0.045607 0.139878 0.567421 0.811460
0.036639 0.264694 0.045686 0.270684 0.620376 0.736114
0.030063 0.277231 0.039387 0.306337 0.468297 0.828768
0.029691 0.258854 0.052800 0.240387 0.598640 0.764097
0.037448 0.296138 0.027471 0.203992 0.510369 0.835411
0.000000 0.164900 -0.038613 0.000000 0.083336 -0.996522
0.009282 0.182232 -0.036370 0.152518 0.046061 -0.987227
0.035174 0.182343 -0.029697 0.510210 0.097322 -0.854526
0.030049 0.165231 -0.034706 0.333837 0.115072 -0.935581
0.019298 0.173677 -0.035472 0.127802 0.072933 -0.989114
0.026267 0.190612 0.050969 0.355513 -0.040762 0.933782
0.039381 0.196567 0.044946 0.465903 -0.142861 0.873227
0.035190 0.213080 0.051531 0.374564 -0.500236 0.780683
0.018364 0.206278 0.055246 0.202692 -0.256779 0.944977
0.030014 0.201789 0.049964 0.396215 -0.050412 0.916773
0.049286 0.164873 -0.022289 0.779710 0.134234 -0.611583
0.052335 0.173094 -0.011909 0.939847 0.072782 -0.333753
0.050896 0.172232 0.029629 0.920915 -0.002057 0.389759
0.046127 0.162574 0.040845 0.729957 0.056526 0.681152
0.064852 0.134360 0.008602 0.970082 0.206593 0.127516
0.058077 0.154248 -0.001946 0.933555 0.143899 -0.328281
0.039620 0.181266 0.044002 0.470679 0.014855 0.882179
0.042320 0.173668 -0.026094 0.541979 0.066789 -0.837734
0.019738 0.223432 0.062027 0.118781 -0.288914 0.949958
0.027411 0.228671 0.060983 0.279754 -0.223576 0.933676
0.026633 0.218065 0.057648 0.273371 -0.372475 0.886865
0.015644 0.283629 0.037787 -0.047282 0.490978 0.869888
0.000000 0.289860 0.033420 0.000000 0.519967 0.854186
0.000000 0.270590 0.046418 0.000000 0.602906 0.797813
0.015298 0.264755 0.050529 0.028575 0.624704 0.780338
0.007827 0.276993 0.041815 0.030073 0.558946 0.828658
0.052859 0.137172 -0.025350 0.767409 0.249639 -0.590563
0.055666 0.145468 -0.013012 0.935379 0.155735 -0.317509
0.027691 0.161916 0.050910 0.353056 0.035643 0.934923
0.033362 0.171701 0.047575 0.478464 0.021938 0.877833
0.040708 0.152406 0.044411 0.477027 0.053447 0.877262
0.048307 0.132727 0.041478 0.626563 0.113777 0.771021
0.000000 0.223446 0.062091 -0.000000 -0.310643 0.950527
0.012701 0.217719 0.059788 0.002754 -0.367810 0.929897
0.023698 0.313038 0.019437 0.091843 0.578533 0.810472
0.015716 0.297799 0.029064 -0.047486 0.551130 0.833067
0.037264 0.156005 -0.031829 0.537275 0.162008 -0.827701
0.032456 0.137911 -0.038491 0.336231 0.219561 -0.915828
0.044867 0.146652 -0.028710 0.538540 0.160859 -0.827103
0.057528 0.096495 0.042966 0.634650 0.221168 0.740475
0.045766 0.108355 0.046321 0.398363 0.138620 0.906693
0.031462 0.095843 0.054518 0.323336 0.089331 0.942058
0.044451 0.329249 0.001812 0.258513 0.712167 0.652679
0.044345 0.335252 -0.007207 0.307766 0.827801 0.469070
0.040133 0.332050 -0.000938 0.185415 0.819031 0.542963
0.031602 0.331648 0.002581 0.177422 0.715870 0.675316
0.007899 0.305723 0.024362 0.054003 0.474751 0.878462
0.000000 0.314270 0.020228 0.000000 0.565291 0.824892
0.061674 0.101766 -0.031087 0.751386 0.321321 -0.576343
0.050784 0.113575 -0.034548 0.540185 0.263967 -0.799075
0.037820 0.101786 -0.047206 0.389638 0.312738 -0.866243
0.041045 0.125623 -0.037016 0.527952 0.272448 -0.804388
0.029629 0.131370 0.051966 0.308846 0.064133 0.948947
0.036466 0.119980 0.049321 0.482891 0.087502 0.871298
0.035209 0.142004 0.048118 0.485329 0.060945 0.872205
0.036230 0.335060 -0.003596 0.251600 0.754988 0.605549
0.032743 0.338281 -0.006163 0.235782 0.844926 0.480112
0.022413 0.332732 0.003377 0.143150 0.678225 0.720777
0.025904 0.325806 0.008465 0.140537 0.631200 0.762781
0.028728 0.336601 -0.002888 0.173494 0.773593 0.609470
0.021839 0.339874 -0.005081 0.210004 0.809441 0.548364
0.025285 0.334751 0.000292 0.144556 0.760832 0.632643
0.015370 0.320013 0.014347 0.058678 0.633189 0.771770
0.013785 0.340523 -0.002655 0.587413 0.308056 0.748363
0.019346 0.337710 -0.001453 0.245762 0.748768 0.615587
0.029489 0.340411 -0.009562 0.171239 0.900258 0.400265
0.033885 0.343079 -0.017443 0.307551 0.934459 0.179441
0.007471 0.327199 0.009776 0.132252 0.575839 0.806795
0.000000 0.334594 0.005722 -0.000000 0.437344 0.899294
0.012066 0.335950 0.002148 0.131715 0.693932 0.707891
0.061219 0.280986 0.011139 0.832468 -0.392466 0.391111
0.074483 0.286275 0.008454 0.122900 -0.630036 0.766779
0.063965 0.290527 0.011928 0.253982 -0.152041 0.955184
0.056192 0.304321 0.016190 0.336318 0.287565 0.896770
0.089733 0.278460 -0.010658 -0.009145 -0.999890 0.011702
0.091206 0.289453 0.009248 0.054691 -0.706365 0.705732
0.085141 0.284729 0.002348 0.143157 -0.870813 0.470309
0.121245 0.277575 -0.010301 0.002730 -0.967469 0.252977
0.100728 0.281829 -0.003904 -0.030041 -0.874047 0.484912
0.068311 0.297092 0.012819 0.053149 -0.347457 0.936188
0.074259 0.300680 0.013813 0.076984 0.178907 0.980850
0.066349 0.309802 0.010806 0.206754 0.463379 0.861703
0.068597 0.324404 0.002414 0.112784 0.728942 0.675221
0.059925 0.318238 0.006114 -0.086751 0.599414 0.795724
0.054987 0.325988 -0.000263 0.219193 0.761633 0.609811
0.121245 0.293204 0.010041 0.018343 -0.398394 0.917031
0.111232 0.286744 0.002996 0.082652 -0.790262 0.607169
0.153302 0.292232 0.011309 -0.004769 -0.567479 0.823374
0.131931 0.287670 0.003683 -0.048087 -0.792058 0.608549
0.154114 0.278109 -0.010899 0.044735 -0.998902 0.013921
0.142887 0.282639 -0.003297 0.023471 -0.843201 0.537085
0.091833 0.297317 0.012882 0.014551 -0.097476 0.995132
0.080192 0.294757 0.011716 -0.017119 -0.348859 0.937019
0.085841 0.291015 0.010195 0.037109 -0.421630 0.906008
0.101428 0.293325 0.010724 0.028664 -0.421193 0.906518
0.070210 0.333149 -0.016392 0.159189 0.985185 0.063787
0.064598 0.327847 -0.004747 0.022198 0.905805 0.423113
0.073580 0.315381 0.006671 0.024750 0.437746 0.898758
0.077883 0.321060 0.003787 0.170274 0.738713 0.652158
0.080274 0.330490 -0.016302 0.268809 0.962019 -0.047543
0.073027 0.329348 -0.010093 0.227469 0.875382 0.426572
0.075585 0.325318 -0.003367 0.247247 0.865473 0.435690
0.207269 0.293501 0.010495 -0.045619 -0.503176 0.862979
0.171562 0.287947 0.003635 0.027925 -0.843031 0.537140
0.208785 0.281653 -0.011483 -0.005300 -0.990691 -0.136025
0.190056 0.284421 -0.003962 0.061929 -0.876762 0.476921
0.121245 0.312611 0.011863 -0.000630 0.586195 0.810170
0.111441 0.301044 0.011595 0.082814 -0.093152 0.992202
0.142616 0.299003 0.011076 -0.040395 -0.029330 0.998753
0.153302 0.311574 0.011877 0.001385 0.337609 0.941285
0.131931 0.305796 0.011260 -0.003459 -0.093472 0.995616
0.171291 0.299102 0.011227 0.015765 -0.029350 0.999445
0.094029 0.316271 0.005317 0.051825 0.701611 0.710673
0.082057 0.312670 0.007639 0.043709 0.434737 0.899496
0.086707 0.304756 0.010671 0.117303 0.356377 0.926950
0.102369 0.308733 0.010021 -0.167212 0.382120 0.908859
0.068394 0.324524 -0.030646 0.207704 0.660131 -0.721863
0.072959 0.329388 -0.021113 0.221744 0.821496 -0.525333
0.084548 0.325778 -0.009571 0.263319 0.860850 0.435432
0.095487 0.325784 -0.016198 0.194576 0.975614 -0.101574
0.079424 0.321866 -0.030630 0.183961 0.592825 -0.784039
0.076031 0.325627 -0.025859 0.201681 0.833837 -0.513849
0.085062 0.326047 -0.021043 0.257471 0.821065 -0.509471
0.089133 0.321038 -0.002365 0.224132 0.885610 0.406767
0.153956 0.321634 -0.011424 0.018527 0.989178 0.145547
0.142834 0.315273 0.004105 0.029503 0.917387 0.396901
0.189280 0.306454 0.010727 0.036632 0.033009 0.998784
0.207269 0.314288 0.009808 -0.046437 0.739746 0.671282
0.171509 0.315832 0.003420 -0.031003 0.917963 0.395452
0.089383 0.321829 -0.026099 0.219563 0.851806 -0.475625
0.093239 0.317836 -0.031470 0.078302 0.602679 -0.794133
0.068211 0.297160 -0.040006 0.266592 -0.044392 -0.962787
0.072010 0.314517 -0.033761 0.079002 0.322161 -0.943383
0.084900 0.311009 -0.033093 0.006151 0.224210 -0.974521
0.082037 0.293325 -0.037180 0.071260 -0.153640 -0.985554
0.076557 0.304117 -0.035939 0.257540 0.238472 -0.936378
0.112173 0.317453 0.001202 0.029159 0.919200 0.392709
0.121245 0.323478 -0.013573 0.057850 0.998317 -0.004106
0.103587 0.321844 -0.008151 0.040310 0.912830 0.406345
0.132149 0.319241 -0.004378 0.026021 0.919280 0.392743
0.208489 0.321532 -0.010006 -0.061785 0.997074 -0.045004
0.189905 0.319151 -0.003874 -0.007162 0.939317 0.342975
0.217466 0.307662 0.010811 -0.076583 0.032934 0.996519
0.237861 0.315196 0.012129 -0.120290 0.479461 0.869280
0.222455 0.323533 -0.011250 -0.107113 0.993223 -0.045105
0.212738 0.319784 -0.003816 -0.104212 0.936138 0.335836
0.222528 0.317672 0.003562 -0.055443 0.928337 0.367582
0.237862 0.287563 0.013063 -0.166205 -0.696627 0.697916
0.227664 0.298753 0.011896 -0.077106 0.033677 0.996454
0.121245 0.314038 -0.033264 0.049810 0.517034 -0.854514
0.098840 0.308400 -0.033971 -0.029666 0.239622 -0.970413
0.103324 0.319219 -0.026977 0.088971 0.878119 -0.470096
0.112659 0.321100 -0.021012 0.123823 0.894792 -0.428970
0.058477 0.300513 -0.043242 0.338456 0.108450 -0.934712
0.065027 0.307399 -0.037965 0.391487 0.295468 -0.871456
0.073510 0.292318 -0.037032 0.042542 -0.488750 -0.871386
0.070282 0.286470 -0.033909 0.264891 -0.699371 -0.663862
0.172446 0.318926 -0.017944 0.011022 0.934150 -0.356710
0.154892 0.313612 -0.032403 0.034446 0.672469 -0.739323
0.143364 0.319575 -0.019133 0.075770 0.932481 -0.353183
0.132461 0.317043 -0.026413 0.022473 0.901504 -0.432187
0.232726 0.321520 -0.003446 -0.135389 0.901643 0.410744
0.237862 0.325831 -0.011216 -0.098007 0.995181 0.002949
0.210236 0.316215 -0.029637 -0.046428 0.716117 -0.696434
0.213727 0.320427 -0.016964 -0.160146 0.949076 -0.271306
0.232726 0.322252 -0.017872 -0.135235 0.912402 -0.386308
0.237862 0.317391 -0.031150 -0.097407 0.577539 -0.810531
0.222816 0.315770 -0.030398 -0.055338 0.401421 -0.914221
0.218502 0.318506 -0.023762 0.010066 0.926753 -0.375535
0.227711 0.318898 -0.024266 -0.117808 0.919506 -0.375008
0.191206 0.317120 -0.024015 -0.032148 0.963998 -0.263957
0.085103 0.286877 -0.031464 0.033743 -0.848407 -0.528268
0.079141 0.288891 -0.034184 0.144558 -0.617010 -0.773564
0.108176 0.299269 -0.035319 0.049260 0.094734 -0.994283
0.121245 0.290444 -0.035512 0.025445 -0.664549 -0.746811
0.096128 0.290215 -0.034719 -0.017422 -0.667880 -0.744065
0.076927 0.284425 -0.025463 0.073922 -0.954405 -0.289218
0.075396 0.279929 -0.011017 0.135792 -0.988527 -0.066140
0.248982 0.275633 -0.010843 -0.031242 -0.989315 -0.142410
0.253859 0.286275 0.014988 -0.031844 -0.558644 0.828796
0.246901 0.283157 0.005736 -0.121075 -0.909545 0.397579
0.289765 0.279794 -0.009155 0.051619 -0.996277 -0.069043
0.264202 0.280567 -0.001670 0.079383 -0.926878 0.366872
0.243194 0.296345 0.013393 -0.116743 0.033546 0.992595
0.258668 0.317271 -0.032159 0.022777 0.578295 -0.815509
0.244797 0.320164 -0.024842 -0.013595 0.920777 -0.389854
0.244523 0.319010 0.005376 -0.100235 0.905438 0.412475
0.257845 0.316002 0.015216 -0.021097 0.536606 0.843569
0.260661 0.327757 -0.010762 0.036602 0.999200 -0.016148
0.252397 0.323620 -0.018046 -0.067252 0.898394 -0.434011
0.252123 0.323197 -0.002254 -0.085003 0.911199 0.403101
0.249855 0.305824 0.014111 -0.153160 0.012958 0.988116
0.210236 0.293492 -0.031291 -0.011993 -0.375947 -0.926564
0.214429 0.308492 -0.030442 -0.057669 0.072477 -0.995701
0.232847 0.309035 -0.031246 -0.054619 0.044205 -0.997528
0.237862 0.293945 -0.032189 -0.072185 -0.480129 -0.874223
0.222816 0.293204 -0.031732 -0.023183 -0.452795 -0.891313
0.218623 0.300822 -0.031140 -0.033625 0.058979 -0.997693
0.227831 0.300973 -0.031440 -0.033209 0.058980 -0.997707
0.191788 0.307773 -0.031110 0.046382 0.072519 -0.996288
0.154892 0.292232 -0.034442 0.052876 -0.451172 -0.890869
0.132461 0.298905 -0.034406 0.026608 0.094815 -0.995139
0.143676 0.306627 -0.033370 0.026666 0.094905 -0.995129
0.173340 0.299779 -0.032712 0.054435 0.094798 -0.994007
0.289765 0.287257 0.011526 0.069597 -0.509848 0.857445
0.277796 0.284442 0.005786 0.058353 -0.939026 0.338858
0.370839 0.286720 0.003160 -0.127364 -0.924418 0.359486
0.316790 0.284590 0.001844 0.028784 -0.940239 0.339296
0.267156 0.296511 0.013910 0.096511 -0.020573 0.995119
0.269713 0.320059 -0.024202 0.096017 0.890254 -0.445229
0.289810 0.315150 -0.029684 0.104307 0.646892 -0.755414
0.254903 0.294529 -0.034362 -0.018157 -0.426242 -0.904427
0.250478 0.309730 -0.032557 -0.047576 0.104109 -0.993427
0.279419 0.308165 -0.031382 0.086320 0.112274 -0.989921
0.289778 0.292074 -0.032304 0.057820 -0.359533 -0.931339
0.267783 0.301291 -0.032942 0.064696 0.085599 -0.994227
0.243542 0.301955 -0.032567 -0.127850 0.043908 -0.990821
0.222455 0.280203 -0.011520 -0.125308 -0.979000 -0.160801
0.218502 0.288966 -0.024848 -0.038199 -0.840111 -0.541068
0.227711 0.289117 -0.025147 0.025001 -0.840975 -0.540495
0.290120 0.315261 0.012552 0.085219 0.592563 0.801004
0.269542 0.319673 0.005669 0.055219 0.907416 0.416590
0.279243 0.306173 0.013098 0.081347 -0.037522 0.995979
0.370839 0.300736 -0.026470 -0.103231 0.215194 -0.971100
0.316809 0.302653 -0.029486 0.059361 0.112533 -0.991873
0.280197 0.322483 -0.016590 0.118668 0.900921 -0.417443
0.290120 0.324543 -0.009324 0.101495 0.994718 0.015326
0.280300 0.322520 -0.002511 0.081100 0.917530 0.389308
0.232726 0.283689 -0.018537 -0.176372 -0.753988 -0.632767
0.237861 0.276919 -0.011901 -0.155051 -0.976917 -0.146943
0.370839 0.312584 0.002915 -0.008633 0.791984 0.610480
0.317026 0.317463 0.002048 0.076934 0.917834 0.389437
0.370839 0.287109 -0.020387 -0.274646 -0.718743 -0.638731
0.343819 0.293306 -0.026387 0.108631 -0.405211 -0.907746
0.015323 0.396326 -0.022827 0.694978 0.150728 -0.703055
0.019808 0.388369 -0.008182 0.996919 0.011675 0.077565
0.017559 0.377691 -0.020846 0.964907 0.089532 -0.246856
0.017546 0.348378 -0.031528 0.620120 0.428300 -0.657274
0.021266 0.347767 -0.017605 0.674081 0.716825 0.178259
0.019540 0.361505 -0.019105 0.962907 0.093335 -0.253177
0.000000 0.376178 0.012531 0.000000 -0.201231 0.979544
-0.012896 0.379707 0.007329 -0.721252 -0.155616 0.674966
-0.008894 0.365469 0.005735 -0.415481 -0.215726 0.883650
-0.013785 0.340523 -0.002655 -0.587413 0.308056 0.748363
-0.015496 0.369533 -0.001169 -0.925573 -0.073618 0.371342
-0.019808 0.388369 -0.008182 -0.996919 0.011675 0.077565
0.000000 0.000000 -0.002358 0.000000 -0.999851 -0.017264
-0.036577 0.054555 0.055987 -0.201316 -0.284736 0.937229
-0.031297 0.020165 0.019820 0.023770 -0.722749 0.690702
-0.057314 0.005940 0.005830 -0.525281 -0.850066 0.038305
0.057314 0.005940 0.005830 0.525281 -0.850066 0.038305
0.031297 0.020165 0.019820 -0.023770 -0.722749 0.690702
0.036577 0.054555 0.055987 0.201316 -0.284736 0.937228
-0.079087 0.061907 -0.033524 -0.807237 0.063665 -0.586785
-0.077162 0.042097 -0.005922 -0.778520 -0.534352 -0.329201
-0.095084 0.058444 0.009928 -0.991276 -0.100030 0.085824
0.073971 0.055568 0.045185 0.678004 -0.078022 0.730906
0.055954 0.038688 0.035667 0.226938 -0.650759 0.724577
-0.073971 0.055568 0.045185 -0.678004 -0.078022 0.730906
-0.055954 0.038688 0.035667 -0.226938 -0.650759 0.724577
-0.075456 0.039984 0.020314 -0.731740 -0.557049 0.392749
-0.421800 0.269239 0.032315 -0.453414 0.565917 0.688588
-0.398122 0.277135 0.027896 0.564869 -0.191360 0.802686
-0.408974 0.278371 0.028648 0.095509 0.252471 0.962879
-0.407000 0.288739 0.025734 -0.200347 0.273200 0.940863
-0.388210 0.289564 0.021460 0.521817 0.084302 0.848882
-0.397777 0.285146 0.025030 0.196426 0.322785 0.925865
-0.401587 0.305571 0.010767 0.067077 0.742064 0.666964
-0.398932 0.294625 0.019320 0.145655 0.630837 0.762122
-0.408580 0.296947 0.019108 0.121225 0.637538 0.760822
-0.417152 0.296530 0.020823 -0.080972 0.233653 0.968943
-0.429041 0.288119 0.015853 -0.176004 -0.868938 0.462567
-0.424988 0.295270 0.018645 -0.223544 -0.241934 0.944191
-0.428771 0.301162 0.019259 0.007299 0.218669 0.975772
-0.380435 0.312028 0.002888 -0.001669 0.876617 0.481186
-0.390077 0.302388 0.011705 0.105299 0.611740 0.784019
-0.428771 0.307748 0.010754 -0.014931 0.907882 0.418959
-0.424898 0.301813 0.016945 0.226725 0.770068 0.596315
-0.415837 0.303283 0.014115 0.055573 0.698199 0.713743
-0.432081 0.304268 0.016124 0.160087 0.780460 0.604362
-0.438701 0.303895 0.018360 -0.088126 0.622291 0.777810
-0.401437 0.312463 -0.002916 -0.030815 0.982718 0.182524
-0.410598 0.308594 0.006202 0.071102 0.890531 0.449331
-0.394486 0.310021 0.003580 -0.104972 0.888633 0.446445
-0.419158 0.310617 0.000397 -0.061829 0.975156 0.212715
-0.427265 0.311639 -0.006646 -0.123150 0.991920 0.030472
-0.380452 0.313112 -0.019141 0.044762 0.907981 -0.416614
-0.387441 0.312534 -0.006390 0.007106 0.998766 0.049142
-0.435658 0.306297 0.010863 -0.197420 0.954022 0.225540
-0.439503 0.307248 0.003475 -0.529903 0.817084 -0.227104
-0.445892 0.304327 0.012846 -0.113750 0.967892 0.224157
-0.459471 0.301838 0.016702 -0.118287 0.454773 0.882717
-0.409770 0.311886 -0.011157 -0.025477 0.998698 -0.044205
-0.400607 0.311555 -0.023908 0.042322 0.925861 -0.375486
-0.394165 0.312377 -0.015322 -0.066185 0.996759 -0.045731
-0.458186 0.290583 0.015267 -0.044661 -0.885508 0.462472
-0.459642 0.294298 0.015682 -0.056512 -0.132619 0.989555
-0.461270 0.290472 0.015076 -0.029151 -0.784153 0.619882
-0.426338 0.308850 -0.029012 -0.041544 0.926214 -0.374701
-0.418070 0.310681 -0.019855 -0.078844 0.988819 -0.126573
-0.370839 0.300736 -0.026470 0.103231 0.215194 -0.971100
-0.380296 0.299578 -0.031158 0.419430 0.255924 -0.870966
-0.377196 0.304475 -0.025590 0.277050 0.639750 -0.716913
-0.387118 0.308082 -0.024736 0.124364 0.659603 -0.741254
-0.466639 0.297268 0.015620 -0.065782 -0.131099 0.989184
-0.479175 0.299494 0.015081 -0.123204 0.468218 0.874982
-0.409387 0.306889 -0.030791 0.031732 0.808071 -0.588230
-0.401215 0.300263 -0.039453 0.206750 0.432260 -0.877727
-0.394039 0.303799 -0.031506 0.253473 0.777906 -0.574991
-0.370839 0.287109 -0.020387 0.274646 -0.718743 -0.638731
-0.373991 0.295808 -0.026005 0.449055 -0.364213 -0.815903
-0.425412 0.299568 -0.044252 0.083156 0.319422 -0.943957
-0.417655 0.302894 -0.037572 0.077654 0.853573 -0.515154
-0.370839 0.285034 -0.007765 0.099085 -0.995035 -0.009368
-0.373926 0.285636 -0.019398 0.386331 -0.910144 -0.149623
-0.380100 0.284765 -0.030041 0.436783 -0.768441 -0.467675
-0.377078 0.290484 -0.027195 0.726093 -0.042145 -0.686303
-0.479174 0.302162 0.002928 -0.065074 0.699376 -0.711785
-0.493966 0.298827 0.012850 -0.218920 0.563846 0.796337
-0.484105 0.300161 0.010286 -0.076167 0.973904 0.213798
-0.429192 0.303051 -0.039150 0.092402 0.852893 -0.513844
-0.435826 0.300736 -0.044186 -0.070488 0.522462 -0.849744
-0.393945 0.294430 -0.036416 0.367764 -0.025571 -0.929568
-0.400324 0.283450 -0.038638 0.115155 -0.870150 -0.479143
-0.386907 0.289264 -0.033279 0.393928 -0.063930 -0.916915
-0.379601 0.283996 -0.008473 0.120941 -0.989256 -0.082128
-0.376847 0.284598 -0.015426 0.120600 -0.991967 -0.038159
-0.386675 0.284070 -0.025717 0.080654 -0.996041 -0.037380
-0.425411 0.286053 -0.042528 -0.021724 -0.650602 -0.759108
-0.428751 0.291571 -0.043242 0.003016 -0.126536 -0.991957
-0.435431 0.289091 -0.042946 -0.083340 -0.777775 -0.622993
-0.417346 0.295295 -0.042078 0.196465 -0.124056 -0.972631
-0.408983 0.289922 -0.040206 0.149053 -0.039995 -0.988020
-0.432223 0.296465 -0.043795 -0.018243 -0.106479 -0.994148
-0.482056 0.303422 -0.013075 -0.063010 0.601433 -0.796435
-0.497433 0.302950 -0.002568 -0.304306 0.679571 0.667519
-0.487181 0.303564 -0.005748 -0.083670 0.993450 -0.077823
-0.482055 0.304321 -0.001600 -0.098140 0.624076 0.775176
-0.460945 0.305488 -0.016294 -0.085080 0.665436 0.741590
-0.475357 0.299596 -0.039577 -0.162119 0.547114 -0.821209
-0.471411 0.302971 -0.024160 -0.091881 0.977385 -0.190463
-0.477931 0.303830 -0.016608 -0.080990 0.664872 0.742554
-0.457818 0.299995 -0.042475 -0.124615 0.622193 -0.772882
-0.464707 0.301693 -0.032782 -0.057148 0.975698 -0.211535
-0.394320 0.286365 -0.018623 -0.304844 -0.925158 0.226169
-0.403036 0.291648 -0.008759 -0.272900 -0.908732 -0.315805
-0.415838 0.287069 -0.030588 -0.130044 -0.973692 0.187119
-0.421780 0.291704 -0.010599 -0.063075 -0.997374 0.035586
-0.408380 0.288934 -0.019332 -0.028608 -0.964625 0.262070
-0.427541 0.288949 -0.032024 -0.291944 -0.935551 0.198780
-0.442436 0.293173 -0.043338 -0.006232 -0.106092 -0.994337
-0.456051 0.289693 -0.042881 -0.067287 -0.738537 -0.670846
-0.449898 0.296808 -0.043181 -0.078406 0.025827 -0.996587
-0.497481 0.302449 -0.012621 -0.421757 0.580895 -0.696191
-0.492323 0.302940 -0.009421 -0.064326 0.996707 -0.049365
-0.487477 0.299318 -0.037437 -0.280707 0.598788 -0.750105
-0.485906 0.302029 -0.024027 -0.041489 0.980256 -0.193330
-0.492309 0.302940 -0.018035 -0.415154 0.727934 0.545673
-0.480255 0.300915 -0.031207 -0.055519 0.980787 -0.187015
-0.386887 0.276571 0.005761 0.484546 -0.874338 0.027355
-0.395909 0.279296 0.003104 0.003828 -0.691541 -0.722327
-0.397804 0.269669 0.012311 0.337421 -0.899923 -0.276199
-0.379939 0.281912 0.002599 0.540238 -0.778196 0.320239
-0.382142 0.280826 -0.000038 0.564116 -0.814407 -0.136068
-0.389841 0.284072 -0.003824 -0.253944 -0.798146 -0.546329
-0.415190 0.290299 -0.001258 0.012499 -0.987458 -0.157384
-0.420755 0.287544 0.015583 -0.317943 -0.903993 0.285849
-0.432242 0.290734 -0.023114 -0.007874 -0.996450 0.083817
-0.439515 0.291407 -0.015796 -0.229401 -0.837339 0.496225
-0.443666 0.290064 -0.033874 -0.028834 -0.996325 0.080653
-0.459980 0.289990 -0.042581 -0.114585 -0.721261 -0.683120
-0.464385 0.296527 -0.041544 -0.163865 0.045850 -0.985417
-0.457950 0.293226 -0.042646 -0.074109 0.026576 -0.996896
-0.499990 0.300523 -0.003293 -0.874125 0.374643 0.309107
-0.498301 0.301974 -0.006161 -0.683099 0.729576 -0.033099
-0.414403 0.283959 0.013362 -0.823256 -0.343037 -0.452300
-0.412731 0.287717 0.006729 -0.550954 -0.658910 -0.512140
-0.405081 0.281759 0.005638 -0.577228 -0.632512 -0.516465
-0.459359 0.291796 -0.015812 -0.038552 -0.797181 0.602508
-0.451642 0.290965 -0.024830 -0.019605 -0.996986 0.075060
-0.458463 0.290493 -0.033758 -0.069979 -0.995176 0.068764
-0.469654 0.293041 -0.040719 -0.186201 0.009174 -0.982469
-0.473626 0.289536 -0.039999 -0.090718 -0.867205 -0.489618
-0.382335 0.283782 0.008177 0.661645 -0.577822 0.477857
-0.380179 0.292862 0.016172 0.524219 -0.083496 0.847481
-0.479996 0.296144 -0.038808 -0.174185 0.014627 -0.984604
-0.477153 0.289517 -0.039409 -0.164001 -0.736921 -0.655783
-0.475379 0.292883 -0.039662 -0.165042 0.012971 -0.986201
-0.408534 0.270622 0.015857 -0.323015 -0.309429 -0.894380
-0.413395 0.258237 0.021897 0.252280 -0.694273 -0.674048
-0.439503 0.290805 0.001069 -0.559269 -0.804890 0.198419
-0.433599 0.291358 -0.007866 0.017634 -0.998586 -0.050154
-0.439515 0.291565 -0.014067 -0.464824 -0.856181 -0.225592
-0.433603 0.291559 -0.013487 -0.009991 -0.995800 0.091005
-0.463106 0.291843 -0.015951 -0.017043 -0.665329 0.746356
-0.460815 0.291210 -0.024781 -0.015022 -0.997596 0.067652
-0.465571 0.290456 -0.032844 0.047305 -0.996071 0.074862
-0.487580 0.291055 -0.037439 -0.464361 -0.741305 -0.484598
-0.489370 0.295792 -0.036631 -0.399739 0.005205 -0.916614
-0.493054 0.297002 -0.035018 -0.870720 0.114983 -0.478148
-0.484070 0.293297 -0.038095 -0.185285 0.002547 -0.982682
-0.417623 0.270130 0.019184 -0.296097 -0.311243 -0.903025
-0.425071 0.268193 0.022294 -0.777521 0.271084 -0.567428
-0.447085 0.291645 -0.004411 -0.074243 -0.995989 -0.049951
-0.462237 0.292565 -0.000234 -0.081192 -0.706241 0.703300
-0.470875 0.291194 -0.024049 -0.030146 -0.993638 0.108510
-0.475894 0.292204 -0.016198 -0.025878 -0.780526 0.624588
-0.475558 0.290419 -0.031869 0.024367 -0.993221 0.113658
-0.439515 0.297425 -0.015335 -1.000000 0.000000 0.000000
-0.439515 0.309304 -0.016141 -0.501325 0.865231 0.007002
-0.490836 0.294183 -0.029929 -0.744062 -0.666599 -0.044915
-0.491873 0.294492 -0.017331 -0.612116 -0.592989 0.523142
-0.421757 0.264032 0.022458 -0.202283 -0.198994 -0.958897
-0.426805 0.265667 0.023184 -0.658751 0.198381 -0.725736
-0.413742 0.262343 0.034793 0.649457 -0.425957 0.629893
-0.415768 0.255894 0.023070 0.402729 -0.714017 -0.572704
-0.414302 0.258825 0.026587 0.738464 -0.636514 0.222532
-0.418656 0.259933 0.022717 -0.225580 -0.243754 -0.943238
-0.439504 0.307980 0.000326 -0.354300 0.779727 0.516235
-0.447081 0.297117 0.000387 -0.053838 0.043154 0.997617
-0.479727 0.292296 -0.016368 -0.125090 -0.639193 0.758805
-0.477591 0.291339 -0.023992 -0.028995 -0.992767 0.116500
-0.481487 0.290956 -0.031072 -0.125685 -0.986504 0.104943
-0.486393 0.292614 -0.023713 -0.186206 -0.974297 0.126780
-0.454663 0.292365 -0.009368 -0.061767 -0.997659 -0.029338
-0.462237 0.292964 -0.013803 -0.040646 -0.677917 -0.734014
-0.439515 0.303391 -0.014449 -1.000000 0.000000 0.000000
-0.439515 0.309304 -0.013139 -0.354900 0.851959 -0.384983
-0.447089 0.297944 -0.013670 -0.008386 0.052241 -0.998599
-0.425440 0.246442 0.028379 0.151740 -0.871748 -0.465866
-0.418317 0.254893 0.028747 0.740973 -0.634190 0.220820
-0.422671 0.256001 0.024878 -0.247882 -0.269087 -0.930670
-0.455277 0.302100 -0.000182 -0.041453 0.024847 0.998831
-0.464089 0.305756 -0.000639 -0.106128 0.701762 0.704463
-0.464088 0.305571 -0.013232 -0.078370 0.707037 -0.702821
-0.455280 0.302613 -0.013391 -0.003025 0.044802 -0.998991
-0.427911 0.247685 0.038093 0.051970 -0.407054 0.911924
-0.422364 0.252157 0.033755 0.722377 -0.638516 0.265459
-0.464065 0.297036 -0.000422 -0.042225 0.024738 0.998802
-0.465868 0.292787 -0.000393 -0.071311 -0.707414 0.703193
-0.463447 0.292772 -0.004810 -0.059719 -0.997784 -0.029342
-0.464065 0.297237 -0.013634 0.020148 0.048189 -0.998635
-0.465869 0.293177 -0.013866 -0.019785 -0.683271 -0.729897
-0.464658 0.292976 -0.009354 -0.058020 -0.997897 -0.028883
-0.434209 0.247233 0.034614 -0.641426 -0.758369 0.115971
-0.429187 0.247120 0.033695 0.000943 -0.991882 0.127160
-0.458186 0.291824 0.001923 -0.011217 -0.642833 -0.765924
-0.460972 0.291954 0.002010 -0.000877 -0.630856 -0.775899
-0.459543 0.296197 0.002226 -0.028342 0.060344 -0.997775
-0.459471 0.304812 0.002745 -0.103076 0.789935 -0.604465
-0.480667 0.293084 -0.001305 -0.099861 -0.823768 0.558062
-0.470801 0.293016 -0.005188 -0.018275 -0.999414 -0.028930
-0.480667 0.293019 -0.013544 -0.116280 -0.820876 -0.559144
-0.481532 0.293300 -0.005408 -0.265062 -0.964218 0.005121
-0.483262 0.293797 -0.001375 -0.167503 -0.770340 0.615239
-0.475734 0.293093 -0.009572 0.010793 -0.999928 0.005310
-0.482397 0.293396 -0.009486 -0.134279 -0.990337 0.034680
-0.483262 0.293371 -0.013540 -0.109777 -0.537081 -0.836357
-0.478066 0.289527 0.014001 -0.006265 -0.900580 0.434644
-0.480509 0.289564 0.013900 -0.144272 -0.796788 0.586782
-0.478880 0.290225 0.009924 -0.008029 -0.985906 -0.167108
-0.478066 0.291583 0.001871 -0.006257 -0.739070 -0.673599
-0.472368 0.291021 0.005961 0.022752 -0.985682 -0.167071
-0.480509 0.291806 0.001796 -0.083981 -0.594138 -0.799967
-0.479695 0.290984 0.005856 -0.083870 -0.979810 -0.181488
-0.488085 0.294300 -0.009179 -0.158880 -0.986693 0.034552
-0.497731 0.295733 -0.012621 -0.458388 -0.697582 -0.550691
-0.497717 0.295724 -0.002307 -0.655987 -0.507435 0.558740
-0.492903 0.295085 -0.005434 -0.132099 -0.991236 -0.000686
-0.494581 0.292037 0.011754 -0.431004 -0.779924 0.453821
-0.485200 0.291136 0.009150 -0.143523 -0.973095 -0.180244
-0.498483 0.297234 -0.008891 -0.893330 -0.449400 0.000821
-0.500000 0.300245 -0.011746 -0.946341 -0.038553 -0.320863
-0.497631 0.297799 0.012002 -0.869657 0.283953 0.403817
-0.495598 0.294375 0.008701 -0.883224 -0.464858 -0.061825
-0.494581 0.293288 0.002348 -0.600102 -0.457343 -0.656289
-0.489890 0.292377 0.005299 -0.108915 -0.985374 -0.131053
-0.489696 0.295280 0.002523 -0.023563 0.144706 -0.989194
-0.493999 0.300745 0.003425 -0.219195 0.787421 -0.576127
-0.497580 0.299504 0.003740 -0.773878 0.383362 -0.504129
-0.496597 0.296864 0.006030 -0.904744 -0.416025 -0.091442
-0.495387 0.297846 0.003171 -0.138812 0.152165 -0.978559
0.487477 0.299318 -0.037437 0.280707 0.598788 -0.750104
0.493054 0.297002 -0.035018 0.870720 0.114983 -0.478148
0.489370 0.295792 -0.036631 0.399739 0.005205 -0.916614
0.487580 0.291055 -0.037439 0.464361 -0.741305 -0.484598
0.484070 0.293297 -0.038095 0.185285 0.002547 -0.982682
0.477153 0.289517 -0.039409 0.164001 -0.736921 -0.655783
0.491873 0.294492 -0.017331 0.612116 -0.592989 0.523142
0.490836 0.294183 -0.029929 0.744062 -0.666599 -0.044915
0.481487 0.290956 -0.031072 0.125685 -0.986504 0.104943
0.479727 0.292296 -0.016368 0.125090 -0.639193 0.758805
0.486393 0.292614 -0.023713 0.186206 -0.974297 0.126780
0.496455 0.300004 -0.020158 0.941451 0.134309 0.309244
0.493794 0.297166 -0.024169 0.757672 -0.651294 -0.041834
0.475894 0.292204 -0.016198 0.025878 -0.780526 0.624588
0.477931 0.303830 -0.016608 0.080990 0.664872 0.742554
0.472310 0.295959 -0.016252 0.018398 0.032018 0.999318
0.463106 0.291843 -0.015951 0.017043 -0.665329 0.746356
0.470875 0.291194 -0.024049 0.030146 -0.993638 0.108510
0.473626 0.289536 -0.039999 0.090718 -0.867205 -0.489618
0.459980 0.289990 -0.042581 0.114585 -0.721261 -0.683120
0.465571 0.290456 -0.032844 -0.047305 -0.996071 0.074862
0.459359 0.291796 -0.015812 0.038552 -0.797181 0.602508
0.460815 0.291210 -0.024781 0.015022 -0.997596 0.067652
0.469654 0.293041 -0.040719 0.186201 0.009174 -0.982469
0.475357 0.299596 -0.039577 0.162120 0.547114 -0.821209
0.456051 0.289693 -0.042881 0.067287 -0.738537 -0.670847
0.458463 0.290493 -0.033758 0.069979 -0.995176 0.068764
0.439515 0.291407 -0.015796 0.229401 -0.837339 0.496225
0.451642 0.290965 -0.024830 0.019605 -0.996986 0.075060
0.457818 0.299995 -0.042475 0.124615 0.622193 -0.772882
0.464385 0.296527 -0.041544 0.163865 0.045850 -0.985417
0.457950 0.293226 -0.042646 0.074109 0.026576 -0.996896
0.464707 0.301693 -0.032782 0.057148 0.975698 -0.211535
0.460945 0.305488 -0.016294 0.085080 0.665436 0.741590
0.452759 0.304929 -0.024970 0.169413 0.960283 -0.221710
0.439515 0.309304 -0.016141 0.501325 0.865231 0.007002
0.449898 0.296808 -0.043181 0.078406 0.025827 -0.996587
0.435826 0.300736 -0.044186 0.070488 0.522462 -0.849744
0.444386 0.303345 -0.034267 0.055320 0.952843 -0.298378
0.443666 0.290064 -0.033874 0.028834 -0.996325 0.080653
0.435431 0.289091 -0.042946 0.083340 -0.777775 -0.622993
0.442436 0.293173 -0.043338 0.006232 -0.106092 -0.994337
0.421780 0.291704 -0.010599 0.063075 -0.997374 0.035586
0.432242 0.290734 -0.023114 0.007874 -0.996450 0.083817
0.426338 0.308850 -0.029012 0.041544 0.926214 -0.374701
0.433893 0.306297 -0.029780 0.275226 0.908716 -0.313823
0.432223 0.296465 -0.043795 0.018243 -0.106479 -0.994148
0.425412 0.299568 -0.044252 -0.083156 0.319422 -0.943957
0.429192 0.303051 -0.039150 -0.092402 0.852893 -0.513844
0.427541 0.288949 -0.032024 0.291944 -0.935551 0.198780
0.425411 0.286053 -0.042528 0.021724 -0.650602 -0.759108
0.428751 0.291571 -0.043242 -0.003016 -0.126536 -0.991957
0.401215 0.300263 -0.039453 -0.206750 0.432260 -0.877727
0.417655 0.302894 -0.037572 -0.077654 0.853573 -0.515154
0.417346 0.295295 -0.042078 -0.196465 -0.124056 -0.972631
0.427265 0.311639 -0.006646 0.123150 0.991920 0.030472
0.431039 0.309931 -0.017266 0.089926 0.987830 -0.126909
0.409387 0.306889 -0.030791 -0.031732 0.808071 -0.588230
0.400607 0.311555 -0.023908 -0.042322 0.925861 -0.375486
0.418070 0.310681 -0.019855 0.078844 0.988819 -0.126573
0.380296 0.299578 -0.031158 -0.419430 0.255925 -0.870966
0.394039 0.303799 -0.031506 -0.253473 0.777906 -0.574991
0.401437 0.312463 -0.002916 0.030815 0.982718 0.182524
0.409770 0.311886 -0.011157 0.025477 0.998698 -0.044205
0.387118 0.308082 -0.024736 -0.124364 0.659603 -0.741254
0.380452 0.313112 -0.019141 -0.044762 0.907981 -0.416614
0.394165 0.312377 -0.015322 0.066185 0.996759 -0.045731
0.419158 0.310617 0.000397 0.061829 0.975156 0.212715
0.428771 0.307748 0.010754 0.014931 0.907882 0.418959
0.431847 0.309122 0.001478 0.173997 0.964111 0.200537
0.439504 0.307980 0.000326 0.354300 0.779726 0.516235
0.435926 0.307659 0.004852 0.195161 0.955287 0.222123
0.439503 0.307248 0.003475 0.529903 0.817084 -0.227104
0.387441 0.312534 -0.006390 -0.007106 0.998766 0.049142
0.380435 0.312028 0.002888 0.001669 0.876617 0.481186
0.401587 0.305571 0.010767 -0.067077 0.742064 0.666964
0.410598 0.308594 0.006202 -0.071102 0.890531 0.449331
0.394486 0.310021 0.003580 0.104972 0.888633 0.446445
0.370839 0.315113 -0.016407 0.092302 0.940353 -0.327439
0.377242 0.313418 -0.010887 0.216659 0.975059 0.048148
0.380100 0.284765 -0.030041 -0.436783 -0.768441 -0.467675
0.379601 0.283996 -0.008473 -0.120941 -0.989256 -0.082128
0.376847 0.284598 -0.015426 -0.120600 -0.991967 -0.038159
0.370839 0.285034 -0.007765 -0.099085 -0.995035 -0.009368
0.417152 0.296530 0.020823 0.080972 0.233653 0.968943
0.415837 0.303283 0.014115 -0.055573 0.698199 0.713743
0.407000 0.288739 0.025734 0.200347 0.273200 0.940863
0.408580 0.296947 0.019108 -0.121225 0.637538 0.760822
0.438701 0.303895 0.018360 0.088126 0.622291 0.777810
0.435658 0.306297 0.010863 0.197420 0.954022 0.225540
0.424898 0.301813 0.016945 -0.226725 0.770068 0.596315
0.428771 0.301162 0.019259 -0.007299 0.218669 0.975772
0.432081 0.304268 0.016124 -0.160087 0.780460 0.604362
0.429041 0.288119 0.015853 0.176004 -0.868938 0.462567
0.424988 0.295270 0.018645 0.223544 -0.241934 0.944191
0.459471 0.301838 0.016702 0.118287 0.454773 0.882717
0.445892 0.304327 0.012846 0.113750 0.967892 0.224157
0.458186 0.290583 0.015267 0.044661 -0.885508 0.462472
0.461270 0.290472 0.015076 0.029151 -0.784153 0.619882
0.459642 0.294298 0.015682 0.056512 -0.132619 0.989555
0.452815 0.304633 0.007641 0.125924 0.970257 0.206746
0.459471 0.304812 0.002745 0.103076 0.789935 -0.604465
0.466639 0.297268 0.015620 0.065782 -0.131099 0.989184
0.479175 0.299494 0.015081 0.123204 0.468218 0.874982
0.466039 0.302048 0.011509 0.132320 0.969443 0.206572
0.472607 0.302156 0.006918 0.128309 0.968669 0.212645
0.479174 0.302162 0.002928 0.065074 0.699376 -0.711785
0.478066 0.289527 0.014001 0.006265 -0.900580 0.434644
0.472837 0.293164 0.014719 0.057078 -0.113826 0.991860
0.480509 0.289564 0.013900 0.144272 -0.796788 0.586782
0.479250 0.292862 0.014327 0.042745 -0.112328 0.992751
0.493966 0.298827 0.012850 0.218920 0.563846 0.796337
0.484105 0.300161 0.010286 0.076167 0.973904 0.213798
0.484550 0.295962 0.013944 0.144122 -0.097754 0.984720
0.493999 0.300745 0.003425 0.219195 0.787421 -0.576127
0.489046 0.300578 0.006401 0.086633 0.976171 0.198957
0.425071 0.268193 0.022294 0.777521 0.271085 -0.567428
0.421800 0.269239 0.032315 0.453414 0.565917 0.688588
0.424559 0.267700 0.025931 0.776629 0.600357 0.190838
0.426805 0.265667 0.023184 0.658751 0.198381 -0.725736
0.435858 0.253429 0.036123 0.802197 0.275272 0.529816
0.428154 0.262778 0.030541 0.724619 0.676266 0.132634
0.439503 0.290805 0.001069 0.559269 -0.804890 0.198419
0.439515 0.291565 -0.014067 0.464824 -0.856181 -0.225593
0.447085 0.291645 -0.004411 0.074243 -0.995989 -0.049951
0.462237 0.292565 -0.000234 0.081192 -0.706241 0.703300
0.462237 0.292964 -0.013803 0.040646 -0.677917 -0.734014
0.454663 0.292365 -0.009368 0.061767 -0.997659 -0.029338
0.439515 0.309304 -0.013139 0.354900 0.851959 -0.384983
0.447089 0.297944 -0.013670 0.008386 0.052241 -0.998599
0.464088 0.305571 -0.013232 0.078370 0.707037 -0.702821
0.455280 0.302613 -0.013391 0.003025 0.044802 -0.998991
0.465868 0.292787 -0.000393 0.071311 -0.707414 0.703193
0.463447 0.292772 -0.004810 0.059719 -0.997784 -0.029342
0.464065 0.297237 -0.013634 -0.020148 0.048189 -0.998635
0.465869 0.293177 -0.013866 0.019785 -0.683271 -0.729897
0.464658 0.292976 -0.009354 0.058020 -0.997897 -0.028883
0.464065 0.297036 -0.000422 0.042225 0.024738 0.998802
0.464089 0.305756 -0.000639 0.106128 0.701762 0.704463
0.470671 0.300955 -0.000877 0.055509 0.026547 0.998105
0.482055 0.304321 -0.001600 0.098140 0.624076 0.775176
0.470801 0.293016 -0.005188 0.018275 -0.999414 -0.028930
0.480667 0.293084 -0.001305 0.099861 -0.823768 0.558062
0.476197 0.296731 -0.001099 0.061126 0.018649 0.997956
0.480667 0.293019 -0.013544 0.116280 -0.820876 -0.559144
0.475734 0.293093 -0.009572 -0.010793 -0.999928 0.005310
0.483262 0.293797 -0.001375 0.167503 -0.770340 0.615239
0.481995 0.297067 -0.001427 0.020446 0.023714 0.999510
0.481532 0.293300 -0.005408 0.265062 -0.964218 0.005121
0.483262 0.293371 -0.013540 0.109777 -0.537081 -0.836357
0.482397 0.293396 -0.009486 0.134279 -0.990337 0.034680
0.497731 0.295733 -0.012621 0.458388 -0.697582 -0.550691
0.488085 0.294300 -0.009179 0.158880 -0.986693 0.034552
0.497481 0.302449 -0.012621 0.421757 0.580895 -0.696191
0.492825 0.297184 -0.012927 0.063006 0.002345 -0.998010
0.500000 0.300245 -0.011746 0.946341 -0.038553 -0.320863
0.498404 0.299476 -0.012329 0.337904 0.012579 -0.941097
0.497717 0.295724 -0.002307 0.655987 -0.507435 0.558740
0.492903 0.295085 -0.005434 0.132099 -0.991236 -0.000686
0.498483 0.297234 -0.008891 0.893330 -0.449400 0.000821
0.499990 0.300523 -0.003293 0.874125 0.374643 0.309107
0.499236 0.298831 -0.005782 0.904845 -0.425474 0.015066
0.480509 0.291806 0.001796 0.083981 -0.594138 -0.799967
0.494581 0.293288 0.002348 0.600102 -0.457343 -0.656289
0.489890 0.292377 0.005299 0.108915 -0.985374 -0.131053
0.494581 0.292037 0.011754 0.431004 -0.779925 0.453821
0.497631 0.297799 0.012002 0.869657 0.283953 0.403817
0.495598 0.294375 0.008701 0.883224 -0.464858 -0.061825
0.420755 0.287544 0.015583 0.317943 -0.903993 0.285849
0.414403 0.283959 0.013362 0.823256 -0.343037 -0.452300
0.412731 0.287717 0.006729 0.550954 -0.658910 -0.512140
0.403036 0.291648 -0.008759 0.272900 -0.908732 -0.315805
0.405081 0.281759 0.005638 0.577228 -0.632512 -0.516465
0.397804 0.269669 0.012311 -0.337421 -0.899923 -0.276199
0.395909 0.279296 0.003104 -0.003828 -0.691541 -0.722327
0.386887 0.276571 0.005761 -0.484546 -0.874338 0.027355
0.390967 0.278601 0.013177 -0.657029 -0.552633 0.512747
0.388210 0.289564 0.021460 -0.521817 0.084302 0.848882
0.394712 0.278789 0.020556 -0.816081 -0.514553 0.263150
0.398122 0.277135 0.027896 -0.564869 -0.191360 0.802686
0.408534 0.270622 0.015857 0.323015 -0.309429 -0.894380
0.413395 0.258237 0.021897 -0.252280 -0.694273 -0.674048
0.403107 0.268347 0.020701 -0.681346 -0.654610 0.327495
0.425440 0.246442 0.028379 -0.151740 -0.871748 -0.465866
0.435711 0.254395 0.027663 0.824606 -0.190571 -0.532641
0.431787 0.249357 0.030219 0.472715 -0.662776 -0.580749
0.434209 0.247233 0.034614 0.641426 -0.758369 0.115971
0.429187 0.247120 0.033695 -0.000943 -0.991882 0.127160
0.427911 0.247685 0.038093 -0.051970 -0.407054 0.911924
-0.050977 0.332189 -0.008129 -0.428493 0.802887 0.414446
-0.015716 0.297799 0.029064 0.047486 0.551130 0.833067
-0.015370 0.320013 0.014347 -0.058678 0.633189 0.771770
-0.007899 0.305723 0.024362 -0.054003 0.474751 0.878462
-0.047048 0.336762 -0.013802 -0.354334 0.869434 0.344284
-0.015644 0.283629 0.037787 0.047282 0.490978 0.869888
-0.059305 0.272585 0.011060 -0.960539 -0.220397 0.169676
-0.063056 0.279128 -0.011060 -0.686276 -0.727198 -0.014412
-0.061896 0.275432 -0.003038 -0.989468 -0.112343 0.091283
-0.007471 0.327199 0.009776 -0.132252 0.575839 0.806795
-0.056777 0.255424 0.023979 -0.994881 0.058626 0.082309
-0.056617 0.244159 0.028786 -0.995056 -0.024655 0.096210
-0.058734 0.260348 0.006998 -0.987796 -0.029228 0.152989
-0.007827 0.276993 0.041815 -0.030073 0.558946 0.828658
-0.015298 0.264755 0.050529 -0.028575 0.624704 0.780338
-0.029489 0.340411 -0.009562 -0.171239 0.900258 0.400265
-0.019346 0.337710 -0.001453 -0.245762 0.748768 0.615587
-0.025663 0.343573 -0.013376 -0.296040 0.814134 0.499547
-0.018963 0.342721 -0.008447 -0.221280 0.829567 0.512693
-0.012066 0.335950 0.002148 -0.131715 0.693932 0.707891
-0.036610 0.340356 -0.013629 -0.305951 0.864537 0.398709
-0.057082 0.231600 0.016897 -0.993979 -0.062435 0.090047
-0.007471 0.259030 0.055378 -0.026445 0.623032 0.781749
-0.057058 0.190899 0.007662 -0.997041 0.045014 0.062322
-0.053136 0.204370 0.019140 -0.954741 0.025464 0.296347
-0.049645 0.196662 0.030511 -0.950867 -0.004201 0.309572
-0.054539 0.181674 0.018568 -0.945140 0.106874 0.308687
-0.006579 0.228452 0.063351 -0.002966 -0.247703 0.968832
-0.012701 0.217719 0.059788 -0.002754 -0.367810 0.929897
-0.066243 0.109867 0.020245 -0.831789 0.276128 0.481540
-0.006121 0.212035 0.057920 -0.058990 -0.314628 0.947380
-0.069282 0.083603 0.032439 -0.808199 0.350369 0.473346
-0.081801 0.070919 0.021427 -0.782257 0.373093 0.498874
-0.056025 0.068873 0.048046 -0.269949 0.159936 0.949499
-0.041856 0.082298 0.051157 -0.402081 0.082257 0.911901
-0.022680 0.082198 0.056682 -0.158051 0.054659 0.985917
0.000000 0.054555 0.061216 0.000000 -0.400544 0.916277
-0.012192 0.068436 0.058915 -0.141408 0.039764 0.989152
-0.066557 0.280014 -0.003646 -0.064215 -0.994003 0.088511
-0.070366 0.282397 0.002859 -0.405129 -0.863490 0.300425
-0.063965 0.290527 0.011928 -0.253982 -0.152041 0.955184
-0.068311 0.297092 0.012819 -0.053149 -0.347457 0.936188
-0.066349 0.309802 0.010806 -0.206754 0.463379 0.861703
-0.059925 0.318238 0.006114 0.086751 0.599414 0.795724
-0.100728 0.281829 -0.003904 0.030041 -0.874047 0.484912
-0.121245 0.277575 -0.010301 -0.002730 -0.967469 0.252977
-0.064598 0.327847 -0.004747 -0.022198 0.905805 0.423113
-0.059599 0.331488 -0.011191 -0.099002 0.871468 0.480357
-0.111232 0.286744 0.002996 -0.082652 -0.790262 0.607169
-0.131931 0.287670 0.003683 0.048087 -0.792058 0.608549
-0.142887 0.282639 -0.003297 -0.023471 -0.843201 0.537085
-0.059008 0.328576 -0.026792 -0.166342 0.854103 -0.492787
-0.060634 0.316971 -0.035567 -0.185817 0.395184 -0.899612
-0.190056 0.284421 -0.003962 -0.061929 -0.876762 0.476921
-0.212836 0.285119 -0.004169 0.091985 -0.879147 0.467590
-0.069015 0.283088 -0.027561 -0.474550 -0.812658 -0.338216
-0.066606 0.280641 -0.019945 -0.064611 -0.987702 -0.142377
-0.222529 0.287089 0.004013 0.206884 -0.894050 0.397334
-0.232726 0.281562 -0.003453 0.183229 -0.904300 0.385577
-0.076927 0.284425 -0.025463 -0.073922 -0.954405 -0.289218
-0.083411 0.281755 -0.017713 0.086359 -0.930086 -0.357046
-0.098694 0.285260 -0.025878 -0.048032 -0.922185 -0.383756
-0.110741 0.282160 -0.018824 0.019860 -0.890497 -0.454556
-0.264202 0.280567 -0.001670 -0.079383 -0.926878 0.366872
-0.277796 0.284442 0.005786 -0.058353 -0.939026 0.338858
-0.232726 0.283689 -0.018537 0.176372 -0.753988 -0.632767
-0.247249 0.288036 -0.025798 0.054360 -0.771682 -0.633681
-0.241568 0.282166 -0.018311 0.027411 -0.765712 -0.642599
-0.143417 0.286928 -0.026951 -0.061811 -0.856798 -0.511934
-0.172597 0.283998 -0.018941 -0.050091 -0.857191 -0.512557
-0.132201 0.282043 -0.018904 -0.006199 -0.890655 -0.454637
-0.316790 0.284590 0.001844 -0.028784 -0.940239 0.339296
-0.343814 0.283849 -0.004587 -0.061146 -0.986451 0.152235
-0.264550 0.283319 -0.018120 -0.105504 -0.788011 -0.606554
-0.316794 0.286326 -0.020615 -0.014782 -0.883306 -0.468564
-0.343814 0.283979 -0.012436 -0.066410 -0.984577 -0.161859
-0.343829 0.310333 -0.024187 -0.133301 0.568310 -0.811945
-0.316809 0.302653 -0.029486 -0.059361 0.112533 -0.991873
-0.343819 0.293306 -0.026387 -0.108631 -0.405211 -0.907746
-0.061946 0.276059 -0.019337 -0.987202 -0.136995 -0.081634
-0.060558 0.272318 -0.027166 -0.976599 -0.185010 -0.109659
-0.052479 0.273687 -0.040545 -0.523462 -0.260598 -0.811219
-0.052340 0.284557 -0.043443 -0.499486 -0.181449 -0.847107
-0.044909 0.291184 -0.047415 -0.311577 -0.028329 -0.949798
-0.050860 0.309712 -0.041909 -0.329625 0.397029 -0.856572
-0.055343 0.224722 -0.006229 -0.958867 -0.138329 -0.247870
-0.050036 0.331275 -0.028355 -0.465734 0.778444 -0.420852
-0.051384 0.206930 -0.012976 -0.964259 -0.098513 -0.245965
-0.053875 0.198511 -0.002515 -0.950679 -0.016546 -0.309734
-0.046093 0.335885 -0.023178 -0.371669 0.851583 -0.369686
-0.054926 0.181769 -0.001926 -0.945779 0.102733 -0.308138
-0.007102 0.321341 -0.048974 -0.109504 0.312216 -0.943679
-0.010678 0.235858 -0.047229 -0.191308 -0.220869 -0.956357
-0.020259 0.225589 -0.042790 -0.204573 -0.234921 -0.950243
-0.038541 0.337512 -0.028682 -0.502605 0.787371 -0.356980
-0.036010 0.340998 -0.022718 -0.335046 0.914726 -0.225877
-0.018863 0.198951 -0.036286 -0.149093 -0.215732 -0.965003
-0.019298 0.173677 -0.035472 -0.127802 0.072933 -0.989114
-0.009282 0.182232 -0.036370 -0.152518 0.046061 -0.987227
-0.009581 0.207268 -0.040168 -0.201084 -0.276582 -0.939717
-0.052335 0.173094 -0.011909 -0.939847 0.072782 -0.333753
-0.058077 0.154248 -0.001946 -0.933555 0.143899 -0.328281
-0.015968 0.326340 -0.045310 -0.190345 0.438401 -0.878393
-0.010016 0.155787 -0.038516 -0.126474 0.128536 -0.983607
-0.055666 0.145468 -0.013012 -0.935379 0.155735 -0.317509
-0.064686 0.123426 -0.002527 -0.909937 0.288995 -0.297485
-0.014715 0.336694 -0.039601 -0.172797 0.531192 -0.829443
-0.005849 0.342270 -0.039742 -0.447403 0.283786 -0.848114
0.000000 0.348369 -0.040787 -0.000000 0.233276 -0.972411
-0.072370 0.087473 -0.018481 -0.871064 0.398124 -0.287655
-0.083506 0.073032 -0.004810 -0.870286 0.399148 -0.288588
-0.059527 0.088486 -0.037272 -0.537128 0.283230 -0.794528
-0.055593 0.076222 -0.046301 -0.614471 0.403200 -0.678126
0.005849 0.342270 -0.039742 0.447403 0.283786 -0.848114
0.014715 0.336694 -0.039601 0.172797 0.531192 -0.829443
0.025030 0.340075 -0.035107 0.217166 0.544878 -0.809906
0.023252 0.345451 -0.027522 0.507912 0.855799 -0.098149
0.007102 0.321341 -0.048974 0.109504 0.312216 -0.943679
0.028698 0.343685 -0.022827 0.341742 0.912059 -0.226630
0.007102 0.312262 -0.051586 0.114543 0.237191 -0.964687
0.036010 0.340998 -0.022718 0.335046 0.914726 -0.225877
0.020126 0.307631 -0.051027 0.126074 0.221223 -0.967040
0.025417 0.291956 -0.051250 0.128744 -0.018092 -0.991513
0.012392 0.281319 -0.053411 0.181110 0.043241 -0.982512
0.023071 0.262330 -0.050251 0.174328 -0.197065 -0.964767
0.044909 0.291184 -0.047415 0.311577 -0.028329 -0.949798
0.052340 0.284557 -0.043443 0.499486 -0.181448 -0.847107
0.050860 0.309712 -0.041909 0.329625 0.397029 -0.856572
0.010678 0.254187 -0.051033 0.193183 -0.173303 -0.965736
0.010678 0.235858 -0.047229 0.191308 -0.220869 -0.956357
0.063056 0.279128 -0.011060 0.686276 -0.727198 -0.014412
0.061946 0.276059 -0.019337 0.987202 -0.136995 -0.081634
0.059305 0.272585 0.011060 0.960539 -0.220397 0.169676
0.057728 0.279310 0.022512 0.954326 0.029719 0.297286
0.061896 0.275432 -0.003038 0.989468 -0.112343 0.091283
0.058031 0.290555 0.017497 0.956007 0.151590 0.251138
0.052470 0.299942 0.019715 0.296443 0.433280 0.851111
0.057024 0.153481 0.019099 0.907680 0.158197 0.388703
0.051905 0.313152 0.011240 0.341917 0.580297 0.739154
0.014370 0.248199 0.061656 0.027944 0.350650 0.936090
0.006899 0.243310 0.063779 0.037381 0.361906 0.931465
0.013479 0.233335 0.064404 0.028230 -0.216393 0.975898
0.007471 0.259030 0.055378 0.026445 0.623032 0.781749
0.010016 0.155787 -0.038516 0.126474 0.128536 -0.983607
0.076348 0.098745 0.009167 0.929291 0.366972 0.041832
0.064686 0.123426 -0.002527 0.909937 0.288995 -0.297485
0.053095 0.143220 0.030308 0.889286 0.074523 0.451239
0.056896 0.121194 0.031015 0.862818 0.237904 0.446034
0.066243 0.109867 0.020245 0.831789 0.276128 0.481540
0.014877 0.195987 0.054307 0.208030 -0.158562 0.965185
0.008756 0.181143 0.055029 0.213714 0.023476 0.976614
0.017986 0.171424 0.053097 0.228490 0.009337 0.973501
0.047991 0.321461 0.006447 0.327748 0.588780 0.738864
0.047928 0.330163 -0.001886 0.344368 0.783406 0.517383
0.050977 0.332189 -0.008129 0.428493 0.802887 0.414446
0.006579 0.228452 0.063351 0.002966 -0.247703 0.968832
0.030562 0.304228 0.023855 0.166256 0.542448 0.823474
0.020835 0.146790 -0.038475 0.110164 0.145914 -0.983144
0.063627 0.112561 -0.015757 0.909325 0.276740 -0.310712
0.079087 0.061907 -0.033524 0.807236 0.063665 -0.586784
0.072370 0.087473 -0.018481 0.871064 0.398124 -0.287655
0.095084 0.058444 0.009928 0.991276 -0.100030 0.085824
0.083506 0.073032 -0.004810 0.870286 0.399148 -0.288588
0.069282 0.083603 0.032439 0.808198 0.350369 0.473346
0.056025 0.068873 0.048046 0.269949 0.159936 0.949499
0.041856 0.082298 0.051157 0.402081 0.082257 0.911901
0.006121 0.201244 0.056125 0.064109 0.018378 0.997774
0.006121 0.212035 0.057920 0.058990 -0.314628 0.947380
0.009230 0.151398 0.055453 0.228396 0.019554 0.973372
0.040196 0.323348 0.007395 0.160969 0.614605 0.772237
0.033279 0.317944 0.013270 0.175940 0.618748 0.765634
0.047048 0.336762 -0.013802 0.354334 0.869434 0.344284
0.010819 0.125444 -0.044630 0.103540 0.288957 -0.951727
0.023425 0.113630 -0.046289 0.146856 0.252528 -0.956380
0.059527 0.088486 -0.037272 0.537128 0.283230 -0.794527
0.081801 0.070919 0.021427 0.782257 0.373093 0.498874
0.019107 0.141273 0.053638 0.199285 0.046483 0.978839
0.022680 0.082198 0.056682 0.158051 0.054659 0.985917
0.012192 0.068436 0.058915 0.141408 0.039764 0.989152
0.009876 0.119367 0.056515 0.199415 0.042882 0.978976
0.020364 0.107803 0.055342 0.158061 0.078858 0.984275
0.040096 0.337747 -0.010217 0.265801 0.892455 0.364520
0.012607 0.089314 -0.055437 0.142068 0.328916 -0.933612
0.049872 0.064974 -0.058173 0.363834 -0.314773 -0.876665
0.055593 0.076222 -0.046301 0.614471 0.403200 -0.678126
0.029231 0.077241 -0.057104 0.145303 0.325881 -0.934178
0.018963 0.342721 -0.008447 0.221280 0.829567 0.512693
0.025663 0.343573 -0.013376 0.296040 0.814134 0.499547
0.036610 0.340356 -0.013629 0.305951 0.864537 0.398709
0.066557 0.280014 -0.003646 0.064215 -0.994003 0.088511
0.070366 0.282397 0.002859 0.405129 -0.863490 0.300425
0.079871 0.281555 -0.004407 -0.104638 -0.946992 0.303737
0.059599 0.331488 -0.011191 0.099002 0.871468 0.480357
0.064068 0.331000 -0.021319 0.126906 0.841403 -0.525296
0.212836 0.285119 -0.004169 -0.091985 -0.879147 0.467590
0.059008 0.328576 -0.026792 0.166342 0.854102 -0.492787
0.222529 0.287089 0.004013 -0.206884 -0.894050 0.397334
0.232726 0.281562 -0.003453 -0.183229 -0.904300 0.385577
0.062685 0.293513 -0.040335 0.224628 -0.255443 -0.940368
0.066620 0.288832 -0.037224 0.488488 -0.358967 -0.795312
0.060634 0.316971 -0.035567 0.185817 0.395184 -0.899612
0.241568 0.280038 -0.003227 -0.142224 -0.910522 0.388228
0.069015 0.283088 -0.027561 0.474550 -0.812658 -0.338216
0.066606 0.280641 -0.019945 0.064611 -0.987702 -0.142377
0.083411 0.281755 -0.017713 -0.086359 -0.930086 -0.357046
0.098694 0.285260 -0.025878 0.048032 -0.922185 -0.383756
0.343814 0.283849 -0.004587 0.061146 -0.986451 0.152235
0.143417 0.286928 -0.026951 0.061811 -0.856798 -0.511934
0.191304 0.289126 -0.025739 0.048580 -0.858917 -0.509806
0.172597 0.283998 -0.018941 0.050091 -0.857191 -0.512557
0.213825 0.285116 -0.018098 -0.091743 -0.851773 -0.515815
0.110741 0.282160 -0.018824 -0.019860 -0.890497 -0.454556
0.132201 0.282043 -0.018904 0.006199 -0.890655 -0.454637
0.370839 0.294742 0.010137 -0.203671 -0.255414 0.945136
0.343814 0.289573 0.008274 0.073317 -0.654486 0.752511
0.316908 0.299087 0.011405 0.020521 -0.036865 0.999110
0.343829 0.310333 -0.024187 0.133301 0.568311 -0.811945
0.316923 0.318269 -0.018472 0.069033 0.905459 -0.418781
0.247249 0.288036 -0.025798 -0.054360 -0.771682 -0.633681
0.278149 0.288799 -0.025274 -0.034510 -0.882865 -0.468358
0.264550 0.283319 -0.018120 0.105504 -0.788011 -0.606554
0.241568 0.282166 -0.018311 -0.027411 -0.765712 -0.642599
0.343933 0.307529 0.008535 0.122188 0.372392 0.919997
0.343933 0.317413 -0.007605 0.126208 0.983614 0.128742
0.316794 0.286326 -0.020615 0.014782 -0.883306 -0.468564
0.343814 0.283979 -0.012436 0.066410 -0.984577 -0.161859
0.000000 0.400217 -0.031468 0.000000 0.176902 -0.984228
0.005108 0.381637 -0.031694 0.514465 0.151696 -0.843987
-0.005108 0.381637 -0.031694 -0.514465 0.151696 -0.843987
-0.015323 0.396326 -0.022827 -0.694978 0.150728 -0.703055
0.010956 0.364358 -0.031714 0.459078 0.179186 -0.870138
-0.010956 0.364358 -0.031714 -0.459078 0.179186 -0.870138
-0.017559 0.377691 -0.020846 -0.964907 0.089532 -0.246856
0.018286 0.358886 -0.009481 0.904671 -0.065240 0.421087
0.012896 0.379707 0.007329 0.721252 -0.155616 0.674966
0.015496 0.369533 -0.001169 0.925573 -0.073618 0.371342
-0.019540 0.361505 -0.019105 -0.962907 0.093335 -0.253177
0.008894 0.365469 0.005735 0.415481 -0.215726 0.883650
-0.018286 0.358886 -0.009481 -0.904671 -0.065240 0.421087
0.004595 0.350432 0.005199 0.556159 -0.134293 0.820154
-0.004595 0.350432 0.005199 -0.556159 -0.134293 0.820154
0.016624 0.043312 -0.042155 0.110690 -0.695138 -0.710303
-0.016624 0.043312 -0.042155 -0.110690 -0.695138 -0.710303
0.035729 0.023638 -0.018234 0.170983 -0.714252 -0.678681
0.062091 0.044274 -0.028622 0.465121 -0.623105 -0.628811
-0.035729 0.023638 -0.018234 -0.170983 -0.714253 -0.678681
-0.062091 0.044274 -0.028622 -0.465121 -0.623105 -0.628811
0.077162 0.042097 -0.005922 0.778520 -0.534352 -0.329201
-0.012192 0.036370 0.038282 -0.092697 -0.755617 0.648421
0.012192 0.036370 0.038282 0.092697 -0.755617 0.648421
0.075456 0.039984 0.020314 0.731740 -0.557049 0.392749
-0.435711 0.254395 0.027663 -0.824606 -0.190571 -0.532642
-0.435858 0.253429 0.036123 -0.802197 0.275272 0.529816
-0.432791 0.257830 0.028990 -0.771767 0.633173 0.058888
-0.428154 0.262778 0.030541 -0.724619 0.676266 0.132634
-0.428523 0.256784 0.035510 -0.043214 0.270099 0.961862
-0.424559 0.267700 0.025931 -0.776629 0.600357 0.190838
-0.421151 0.259756 0.035067 -0.060324 0.274378 0.959728
-0.420425 0.273797 0.022657 -0.762481 0.620254 0.184143
-0.411221 0.269572 0.031668 0.044346 0.383324 0.922549
-0.414401 0.280646 0.023804 -0.746291 0.634403 0.201450
-0.414053 0.286747 0.018226 -0.291375 -0.820724 0.491440
-0.422316 0.290731 0.017420 -0.006631 -0.501743 0.864991
-0.414969 0.290938 0.020713 -0.563749 -0.235586 0.791635
-0.382941 0.298151 0.013507 0.291603 0.547522 0.784339
-0.432601 0.292967 0.017098 -0.005614 -0.252550 0.967567
-0.439990 0.289619 0.016181 -0.095662 -0.576242 0.811661
-0.377151 0.305825 0.007325 -0.035280 0.568979 0.821595
-0.435821 0.298225 0.017933 -0.127025 -0.138446 0.982190
-0.373952 0.300063 0.009741 0.463735 0.332420 0.821247
-0.446054 0.298451 0.017081 -0.064468 -0.144882 0.987347
-0.374038 0.313242 -0.003535 -0.057722 0.989890 0.129564
-0.377242 0.313418 -0.010887 -0.216659 0.975059 0.048148
-0.452549 0.294013 0.016050 -0.056733 -0.132642 0.989539
-0.374043 0.309654 -0.020673 0.112912 0.569761 -0.814017
-0.435926 0.307659 0.004852 -0.195161 0.955287 0.222123
-0.431847 0.309122 0.001478 -0.173997 0.964111 0.200537
-0.452815 0.304633 0.007641 -0.125924 0.970257 0.206746
-0.466039 0.302048 0.011509 -0.132320 0.969443 0.206572
-0.447703 0.307680 -0.004484 -0.093460 0.990837 0.097504
-0.435428 0.309641 -0.006486 -0.234904 0.967335 0.095309
-0.472837 0.293164 0.014719 -0.057078 -0.113826 0.991860
-0.472607 0.302156 0.006918 -0.128309 0.968669 0.212645
-0.455897 0.306877 -0.009003 -0.150122 0.988561 -0.014536
-0.431039 0.309931 -0.017266 -0.089926 0.987830 -0.126909
-0.435432 0.310082 -0.011975 -0.187242 0.982314 -0.000000
-0.479250 0.292862 0.014327 -0.042745 -0.112328 0.992751
-0.484550 0.295962 0.013944 -0.144122 -0.097754 0.984720
-0.470077 0.305216 -0.005157 -0.078833 0.996780 -0.014651
-0.433893 0.306297 -0.029780 -0.275226 0.908716 -0.313823
-0.489046 0.300578 0.006401 -0.086633 0.976171 0.198957
-0.489685 0.293476 0.012835 -0.173512 -0.141598 0.974599
-0.476066 0.304438 -0.009302 -0.119065 0.989854 -0.077538
-0.452759 0.304929 -0.024970 -0.169413 0.960283 -0.221710
-0.444386 0.303345 -0.034267 -0.055320 0.952843 -0.298378
-0.373760 0.285250 -0.004359 0.104187 -0.982922 0.151690
-0.495199 0.299124 0.009426 -0.305800 0.932763 0.190891
-0.495393 0.296221 0.012202 -0.185713 -0.140163 0.972556
-0.376793 0.284209 -0.000905 0.469096 -0.870400 -0.149508
-0.496403 0.299349 0.006389 -0.306438 0.932619 0.190571
-0.373872 0.287791 0.005299 0.287538 -0.628538 0.722677
-0.493939 0.299982 -0.024404 -0.457591 0.845400 -0.275517
-0.496455 0.300004 -0.020158 -0.941451 0.134309 0.309244
-0.490947 0.299753 -0.030163 -0.467651 0.840572 -0.273387
-0.390967 0.278601 0.013177 0.657029 -0.552633 0.512747
-0.423859 0.289122 0.006946 -0.073386 -0.985390 -0.153693
-0.376986 0.289839 0.009636 0.492100 -0.673268 0.551859
-0.385092 0.286332 0.014464 0.598573 -0.591621 0.540088
-0.499157 0.301072 -0.009220 -0.662970 0.748267 -0.023826
-0.394712 0.278789 0.020556 0.816081 -0.514553 0.263150
-0.403107 0.268347 0.020701 0.681346 -0.654610 0.327495
-0.430108 0.290209 0.002108 -0.046435 -0.988096 -0.146662
-0.461137 0.296376 -0.016019 -0.036666 0.030915 0.998849
-0.453273 0.296230 -0.015967 -0.000116 0.035168 0.999381
-0.408420 0.265905 0.028195 0.720669 -0.654763 0.227864
-0.436178 0.289576 0.011320 -0.137983 -0.985424 -0.099496
-0.439503 0.290990 0.001927 -0.401364 -0.878636 -0.258663
-0.436016 0.289971 0.006283 -0.481107 -0.856971 0.184761
-0.467327 0.300387 -0.016284 -0.021255 0.028488 0.999368
-0.472310 0.295959 -0.016252 -0.018398 0.032018 0.999318
-0.446658 0.302066 -0.016077 -0.010570 0.019272 0.999758
-0.445893 0.290397 0.011125 -0.047783 -0.994112 -0.097250
-0.483322 0.299689 -0.017004 -0.100929 0.036404 0.994227
-0.477851 0.296110 -0.016391 -0.043631 0.027574 0.998667
-0.487970 0.296576 -0.017245 -0.064483 0.079567 0.994742
-0.493794 0.297166 -0.024169 -0.757672 -0.651294 -0.041834
-0.493546 0.299145 -0.018508 -0.481991 0.048029 0.874859
-0.451958 0.291132 0.006372 -0.044385 -0.994722 -0.092510
-0.439503 0.296348 0.002157 -1.000000 0.000000 0.000000
-0.445731 0.296687 0.002442 0.004444 0.094785 -0.995488
-0.439503 0.302011 0.001623 -1.000000 -0.000044 0.000302
-0.429319 0.255501 0.026409 -0.140734 -0.267569 -0.953206
-0.459214 0.290960 0.010755 0.041541 -0.994844 -0.092521
-0.452387 0.301295 0.002714 0.028420 0.065938 -0.997419
-0.432659 0.249449 0.036277 -0.440112 -0.321339 0.838476
-0.435259 0.251686 0.032800 -0.968051 -0.246683 -0.044990
-0.431787 0.249357 0.030219 -0.472715 -0.662776 -0.580749
-0.460143 0.291417 0.006336 -0.049850 -0.992265 -0.113685
-0.470671 0.300955 -0.000877 -0.055509 0.026547 0.998105
-0.470671 0.300723 -0.013391 -0.015092 0.053244 -0.998467
-0.466769 0.290651 0.010362 0.062912 -0.991820 -0.111062
-0.466539 0.299643 0.002561 -0.017214 0.059064 -0.998106
-0.481995 0.297067 -0.001427 -0.020446 0.023714 0.999510
-0.476197 0.296731 -0.001099 -0.061126 0.018649 0.997956
-0.481995 0.296604 -0.013386 0.004653 0.045657 -0.998946
-0.476197 0.296539 -0.013495 -0.022184 0.042070 -0.998868
-0.472737 0.295233 0.002270 0.005919 0.100032 -0.994967
-0.487583 0.300356 -0.001848 -0.065356 0.028821 0.997446
-0.487600 0.299747 -0.013079 -0.032540 0.050086 -0.998215
-0.479250 0.295184 0.002198 0.039957 0.103483 -0.993828
-0.492804 0.297490 -0.002083 -0.059202 0.038356 0.997509
-0.492825 0.297184 -0.012927 -0.063006 0.002345 -0.998010
-0.484561 0.298238 0.002716 -0.044186 0.114183 -0.992477
-0.498380 0.299732 -0.002723 -0.313154 0.046569 0.948560
-0.498404 0.299476 -0.012329 -0.337904 0.012579 -0.941096
-0.499236 0.298831 -0.005782 -0.904845 -0.425474 0.015066
0.493939 0.299982 -0.024404 0.457591 0.845400 -0.275517
0.492309 0.302940 -0.018035 0.415154 0.727934 0.545673
0.490947 0.299753 -0.030163 0.467651 0.840572 -0.273387
0.487970 0.296576 -0.017245 0.064483 0.079567 0.994742
0.493546 0.299145 -0.018508 0.481991 0.048029 0.874859
0.483322 0.299689 -0.017004 0.100929 0.036404 0.994227
0.477851 0.296110 -0.016391 0.043631 0.027574 0.998667
0.477591 0.291339 -0.023992 0.028995 -0.992767 0.116500
0.467327 0.300387 -0.016284 0.021255 0.028488 0.999368
0.475558 0.290419 -0.031869 -0.024367 -0.993221 0.113658
0.461137 0.296376 -0.016019 0.036666 0.030915 0.998849
0.475379 0.292883 -0.039662 0.165042 0.012971 -0.986201
0.479996 0.296144 -0.038808 0.174185 0.014627 -0.984604
0.453273 0.296230 -0.015967 0.000116 0.035168 0.999381
0.446658 0.302066 -0.016077 0.010570 0.019272 0.999758
0.480255 0.300915 -0.031207 0.055519 0.980787 -0.187015
0.485906 0.302029 -0.024027 0.041489 0.980256 -0.193330
0.471411 0.302971 -0.024160 0.091881 0.977385 -0.190463
0.439515 0.297425 -0.015335 1.000000 0.000000 0.000000
0.439515 0.303391 -0.014449 1.000000 0.000000 0.000000
0.433603 0.291559 -0.013487 0.009991 -0.995800 0.091005
0.415838 0.287069 -0.030588 0.130044 -0.973692 0.187119
0.400324 0.283450 -0.038638 -0.115155 -0.870150 -0.479143
0.408983 0.289922 -0.040206 -0.149053 -0.039995 -0.988020
0.435432 0.310082 -0.011975 0.187242 0.982314 -0.000000
0.393945 0.294430 -0.036416 -0.367764 -0.025571 -0.929568
0.435428 0.309641 -0.006486 0.234904 0.967335 0.095309
0.447703 0.307680 -0.004484 0.093460 0.990837 0.097504
0.455897 0.306877 -0.009003 0.150122 0.988561 -0.014536
0.470077 0.305216 -0.005157 0.078833 0.996780 -0.014651
0.476066 0.304438 -0.009302 0.119065 0.989854 -0.077538
0.482056 0.303422 -0.013075 0.063010 0.601433 -0.796435
0.497433 0.302950 -0.002568 0.304306 0.679571 0.667519
0.487181 0.303564 -0.005748 0.083670 0.993450 -0.077823
0.492323 0.302940 -0.009421 0.064326 0.996707 -0.049365
0.498301 0.301974 -0.006161 0.683099 0.729576 -0.033099
0.499157 0.301072 -0.009220 0.662970 0.748267 -0.023826
0.377196 0.304475 -0.025590 -0.277050 0.639750 -0.716913
0.374043 0.309654 -0.020673 -0.112912 0.569761 -0.814017
0.374038 0.313242 -0.003535 0.057722 0.989890 0.129564
0.373991 0.295808 -0.026005 -0.449055 -0.364213 -0.815903
0.386907 0.289264 -0.033279 -0.393928 -0.063930 -0.916915
0.377078 0.290484 -0.027195 -0.726093 -0.042145 -0.686303
0.373926 0.285636 -0.019398 -0.386331 -0.910144 -0.149623
0.386675 0.284070 -0.025717 -0.080654 -0.996041 -0.037380
0.373760 0.285250 -0.004359 -0.104188 -0.982922 0.151690
0.390077 0.302388 0.011705 -0.105299 0.611740 0.784019
0.377151 0.305825 0.007325 0.035280 0.568979 0.821595
0.380179 0.292862 0.016172 -0.524219 -0.083496 0.847481
0.382941 0.298151 0.013507 -0.291603 0.547522 0.784339
0.373952 0.300063 0.009741 -0.463735 0.332420 0.821247
0.398932 0.294625 0.019320 -0.145655 0.630837 0.762122
0.397777 0.285146 0.025030 -0.196426 0.322785 0.925865
0.414969 0.290938 0.020713 0.563749 -0.235586 0.791635
0.422316 0.290731 0.017420 0.006631 -0.501743 0.864991
0.439990 0.289619 0.016181 0.095662 -0.576242 0.811661
0.435821 0.298225 0.017933 0.127025 -0.138446 0.982190
0.432601 0.292967 0.017098 0.005614 -0.252550 0.967567
0.446054 0.298451 0.017081 0.064468 -0.144882 0.987347
0.452549 0.294013 0.016050 0.056733 -0.132642 0.989539
0.489685 0.293476 0.012835 0.173512 -0.141598 0.974599
0.495393 0.296221 0.012202 0.185713 -0.140163 0.972556
0.495199 0.299124 0.009426 0.305800 0.932763 0.190891
0.496403 0.299349 0.006389 0.306438 0.932619 0.190571
0.497580 0.299504 0.003740 0.773878 0.383362 -0.504129
0.414053 0.286747 0.018226 0.291375 -0.820724 0.491440
0.408974 0.278371 0.028648 -0.095509 0.252471 0.962879
0.414401 0.280646 0.023804 0.746291 0.634403 0.201450
0.420425 0.273797 0.022657 0.762481 0.620254 0.184143
0.413742 0.262343 0.034793 -0.649457 -0.425957 0.629893
0.411221 0.269572 0.031668 -0.044346 0.383324 0.922549
0.421151 0.259756 0.035067 0.060324 0.274378 0.959728
0.428523 0.256784 0.035510 0.043214 0.270099 0.961862
0.432791 0.257830 0.028990 0.771767 0.633173 0.058888
0.433599 0.291358 -0.007866 -0.017634 -0.998586 -0.050154
0.470671 0.300723 -0.013391 0.015092 0.053244 -0.998467
0.447081 0.297117 0.000387 0.053838 0.043154 0.997617
0.455277 0.302100 -0.000182 0.041453 0.024847 0.998831
0.476197 0.296539 -0.013495 0.022184 0.042070 -0.998868
0.481995 0.296604 -0.013386 -0.004653 0.045657 -0.998946
0.487600 0.299747 -0.013079 0.032540 0.050086 -0.998215
0.492804 0.297490 -0.002083 0.059202 0.038356 0.997509
0.487583 0.300356 -0.001848 0.065356 0.028821 0.997446
0.498380 0.299732 -0.002723 0.313154 0.046569 0.948560
0.439503 0.302011 0.001623 1.000000 -0.000044 0.000302
0.430108 0.290209 0.002108 0.046435 -0.988096 -0.146662
0.439503 0.296348 0.002157 1.000000 0.000000 0.000000
0.439503 0.290990 0.001927 0.401364 -0.878636 -0.258663
0.436016 0.289971 0.006283 0.481107 -0.856971 0.184761
0.423859 0.289122 0.006946 0.073386 -0.985390 -0.153693
0.436178 0.289576 0.011320 0.137983 -0.985424 -0.099496
0.445893 0.290397 0.011125 0.047783 -0.994112 -0.097250
0.445731 0.296687 0.002442 -0.004444 0.094785 -0.995488
0.458186 0.291824 0.001923 0.011217 -0.642833 -0.765924
0.451958 0.291132 0.006372 0.044385 -0.994722 -0.092510
0.459214 0.290960 0.010755 -0.041541 -0.994844 -0.092521
0.452387 0.301295 0.002714 -0.028420 0.065938 -0.997419
0.460972 0.291954 0.002010 0.000877 -0.630856 -0.775899
0.460143 0.291417 0.006336 0.049850 -0.992265 -0.113685
0.459543 0.296197 0.002226 0.028342 0.060344 -0.997775
0.466539 0.299643 0.002561 0.017214 0.059064 -0.998106
0.466769 0.290651 0.010362 -0.062912 -0.991820 -0.111062
0.472737 0.295233 0.002270 -0.005919 0.100032 -0.994967
0.478066 0.291583 0.001871 0.006257 -0.739070 -0.673599
0.472368 0.291021 0.005961 -0.022752 -0.985682 -0.167071
0.478880 0.290225 0.009924 0.008029 -0.985906 -0.167108
0.479250 0.295184 0.002198 -0.039957 0.103483 -0.993828
0.479695 0.290984 0.005856 0.083870 -0.979810 -0.181488
0.485200 0.291136 0.009150 0.143523 -0.973095 -0.180244
0.484561 0.298238 0.002716 0.044186 0.114183 -0.992477
0.489696 0.295280 0.002523 0.023563 0.144706 -0.989194
0.495387 0.297846 0.003171 0.138812 0.152165 -0.978559
0.496597 0.296864 0.006030 0.904744 -0.416025 -0.091442
0.415190 0.290299 -0.001258 -0.012499 -0.987458 -0.157384
0.408380 0.288934 -0.019332 0.028608 -0.964625 0.262070
0.394320 0.286365 -0.018623 0.304844 -0.925158 0.226169
0.389841 0.284072 -0.003824 0.253944 -0.798146 -0.546330
0.379939 0.281912 0.002599 -0.540238 -0.778196 0.320239
0.382142 0.280826 -0.000038 -0.564116 -0.814407 -0.136068
0.376793 0.284209 -0.000905 -0.469096 -0.870400 -0.149508
0.373872 0.287791 0.005299 -0.287538 -0.628538 0.722677
0.376986 0.289839 0.009636 -0.492100 -0.673268 0.551859
0.382335 0.283782 0.008177 -0.661645 -0.577822 0.477857
0.385092 0.286332 0.014464 -0.598573 -0.591621 0.540088
0.408420 0.265905 0.028195 -0.720669 -0.654763 0.227864
0.417623 0.270130 0.019184 0.296097 -0.311243 -0.903025
0.421757 0.264032 0.022458 0.202283 -0.198994 -0.958897
0.415768 0.255894 0.023070 -0.402729 -0.714017 -0.572704
0.414302 0.258825 0.026587 -0.738464 -0.636514 0.222532
0.418656 0.259933 0.022717 0.225580 -0.243754 -0.943238
0.418317 0.254893 0.028747 -0.740973 -0.634190 0.220820
0.422671 0.256001 0.024878 0.247882 -0.269087 -0.930670
0.429319 0.255501 0.026409 0.140734 -0.267569 -0.953206
0.422364 0.252157 0.033755 -0.722377 -0.638516 0.265459
0.432659 0.249449 0.036277 0.440112 -0.321339 0.838476
0.435259 0.251686 0.032800 0.968051 -0.246683 -0.044990
