0 1
0 2
0 3
0 338
0 307
0 212
0 339
0 340
0 283
1 0
1 256
1 2
1 227
1 228
1 101
1 229
1 257
1 307
1 255
2 0
2 1
2 3
2 4
2 117
2 254
2 255
3 0
3 224
3 2
3 4
3 5
3 41
3 43
3 283
4 2
4 3
4 5
4 6
4 116
4 117
5 3
5 4
5 6
5 39
5 7
5 41
6 64
6 4
6 5
6 7
6 8
6 116
7 5
7 6
7 39
7 8
7 9
8 64
8 6
8 7
8 9
8 10
8 63
9 37
9 39
9 8
9 7
9 10
9 11
10 8
10 9
10 11
10 12
10 115
10 63
11 35
11 37
11 9
11 10
11 12
11 13
12 10
12 11
12 13
12 14
12 16
12 115
13 33
13 35
13 11
13 12
13 14
13 15
13 181
14 16
14 12
14 13
14 15
15 13
15 14
15 16
15 17
15 179
15 180
15 181
16 12
16 14
16 15
16 17
16 18
16 115
16 23
17 107
17 15
17 16
17 18
17 19
17 178
17 21
17 179
18 16
18 17
18 19
18 20
18 22
18 23
19 17
19 18
19 20
19 21
20 18
20 19
20 21
20 22
21 107
21 78
21 17
21 19
21 20
21 22
21 23
21 317
22 18
22 20
22 21
22 23
23 237
23 238
23 16
23 18
23 115
23 21
23 22
23 317
24 139
24 146
24 147
24 148
24 311
24 25
24 26
24 27
24 285
25 261
25 262
25 263
25 337
25 146
25 24
25 26
26 241
26 337
26 24
26 25
26 27
26 28
26 30
26 216
27 135
27 297
27 250
27 113
27 311
27 150
27 151
27 24
27 26
27 28
27 29
27 223
28 26
28 27
28 29
28 30
29 297
29 180
29 181
29 27
29 28
29 30
29 31
30 32
30 216
30 26
30 28
30 29
30 31
31 32
31 33
31 181
31 29
31 30
32 33
32 34
32 216
32 217
32 30
32 31
33 32
33 34
33 35
33 13
33 181
33 31
34 32
34 33
34 35
34 36
34 217
35 33
35 34
35 36
35 37
35 11
35 13
36 34
36 35
36 37
36 38
36 40
36 217
36 219
37 35
37 36
37 38
37 39
37 9
37 11
38 40
38 36
38 37
38 39
39 37
39 38
39 7
39 40
39 41
39 9
39 5
40 36
40 38
40 39
40 41
40 42
40 219
41 3
41 5
41 39
41 40
41 42
41 43
42 40
42 41
42 43
42 219
42 220
43 224
43 41
43 42
43 3
44 45
44 46
44 47
45 44
45 125
45 46
45 47
46 44
46 45
46 47
46 48
46 125
47 44
47 45
47 46
47 48
47 49
47 125
48 46
48 47
48 49
48 50
48 125
48 126
48 127
49 314
49 47
49 48
49 315
49 50
49 51
49 189
49 122
49 123
49 124
49 125
49 190
50 129
50 48
50 49
50 304
50 51
50 52
50 127
51 49
51 50
51 52
51 53
51 122
51 123
52 304
52 305
52 50
52 51
52 53
52 54
52 58
53 51
53 52
53 54
53 55
53 121
53 122
54 52
54 53
54 55
54 56
54 58
55 121
55 53
55 54
55 119
55 56
55 57
55 120
56 57
56 58
56 54
56 55
57 119
57 118
57 55
57 56
57 58
57 59
58 133
58 305
58 52
58 54
58 56
58 57
58 59
58 60
59 258
59 118
59 57
59 58
59 60
59 61
60 133
60 58
60 59
60 61
60 62
61 258
61 295
61 59
61 60
61 62
62 133
62 295
62 138
62 240
62 60
62 61
63 64
63 65
63 66
63 8
63 10
63 115
64 65
64 6
64 8
64 116
64 63
65 64
65 66
65 67
65 226
65 199
65 116
65 63
66 65
66 67
66 68
66 237
66 238
66 115
66 63
67 65
67 66
67 68
67 69
67 199
68 66
68 67
68 69
68 70
68 237
69 67
69 68
69 70
69 199
69 71
69 200
70 68
70 69
70 71
70 72
70 237
70 245
71 69
71 70
71 72
71 73
71 200
71 201
72 70
72 71
72 73
72 74
72 245
72 246
73 192
73 71
73 72
73 201
73 74
73 75
74 72
74 73
74 75
74 76
74 78
74 246
75 192
75 73
75 74
75 76
75 77
75 110
75 314
75 315
76 74
76 75
76 77
76 78
77 75
77 108
77 76
77 109
77 78
77 110
78 74
78 107
78 108
78 76
78 77
78 21
78 246
78 317
79 99
79 100
79 101
79 80
79 81
79 82
79 247
80 97
80 98
80 99
80 79
80 239
80 81
81 132
81 239
81 80
81 79
81 82
81 83
82 79
82 81
82 83
82 84
82 86
82 247
83 193
83 130
83 132
83 266
83 81
83 82
83 84
83 85
84 82
84 83
84 85
84 86
85 264
85 200
85 265
85 266
85 83
85 84
85 86
85 87
86 248
86 82
86 84
86 85
86 87
86 88
86 247
87 200
87 85
87 86
87 88
87 89
88 86
88 87
88 248
88 89
88 90
88 278
89 199
89 200
89 87
89 88
89 90
89 91
90 278
90 88
90 89
90 91
90 92
91 199
91 89
91 90
91 92
91 93
92 332
92 278
92 279
92 280
92 90
92 91
92 93
92 94
93 199
93 332
93 91
93 92
93 94
94 92
94 93
94 332
95 96
95 97
95 98
95 310
95 157
95 158
95 159
96 160
96 97
96 170
96 188
96 95
96 159
97 96
97 98
97 239
97 80
97 188
97 95
98 97
98 99
98 80
98 310
98 95
99 98
99 100
99 79
99 80
99 309
99 310
100 99
100 227
100 101
100 102
100 79
100 309
101 1
101 225
101 227
101 100
101 257
101 102
101 103
101 79
101 247
101 316
102 227
102 100
102 101
102 103
102 104
102 106
103 227
103 101
103 102
103 104
103 105
103 106
104 105
104 106
104 102
104 103
105 104
105 106
105 103
106 227
106 102
106 103
106 104
106 105
107 108
107 78
107 17
107 178
107 21
108 107
108 109
108 77
108 78
108 178
108 221
109 108
109 77
109 110
109 111
109 221
109 222
110 75
110 77
110 109
110 111
110 112
110 314
111 109
111 110
111 112
111 113
111 222
111 223
112 110
112 111
112 113
112 114
112 120
112 314
113 321
113 260
113 135
113 136
113 111
113 112
113 114
113 120
113 27
113 223
114 112
114 113
114 314
115 66
115 10
115 12
115 238
115 16
115 23
115 63
116 64
116 65
116 226
116 4
116 6
116 117
117 225
117 2
117 226
117 4
117 199
117 116
117 316
117 254
118 258
118 259
118 136
118 119
118 120
118 57
118 59
119 120
119 57
119 118
119 55
120 320
120 259
120 260
120 314
120 112
120 113
120 119
120 118
120 55
120 121
120 122
121 320
121 53
121 55
121 120
121 122
122 320
122 49
122 51
122 53
122 120
122 121
122 314
122 123
122 124
123 49
123 122
123 51
123 124
124 49
124 122
124 123
125 45
125 46
125 47
125 48
125 49
125 341
125 189
125 126
126 128
126 48
126 125
126 341
126 189
126 127
127 128
127 129
127 48
127 50
127 126
128 192
128 129
128 130
128 191
128 194
128 195
128 198
128 189
128 126
128 127
129 128
129 130
129 131
129 304
129 50
129 127
130 128
130 129
130 193
130 131
130 132
130 194
130 83
131 129
131 130
131 132
131 133
131 304
131 305
132 130
132 131
132 133
132 239
132 81
132 83
133 131
133 132
133 239
133 240
133 305
133 58
133 60
133 62
134 135
134 136
134 137
134 147
134 148
134 149
135 134
135 136
135 113
135 149
135 150
135 27
136 321
136 258
136 259
136 134
136 135
136 137
136 138
136 113
136 118
137 134
137 136
137 138
137 139
137 147
138 258
138 291
138 293
138 295
138 136
138 137
138 139
138 140
138 240
138 62
139 137
139 138
139 140
139 141
139 146
139 147
139 24
140 138
140 139
140 171
140 141
140 142
140 240
140 188
141 139
141 140
141 142
141 143
141 146
142 169
142 171
142 140
142 141
142 143
142 144
143 288
143 141
143 142
143 144
143 145
143 146
143 287
144 169
144 172
144 142
144 143
144 207
144 145
144 146
144 215
144 287
145 288
145 289
145 143
145 144
145 287
146 261
146 139
146 141
146 207
146 208
146 144
146 143
146 24
146 25
146 287
147 134
147 137
147 139
147 148
147 24
148 134
148 147
148 149
148 24
148 251
148 284
148 285
149 134
149 135
149 148
149 150
149 151
149 250
149 251
150 151
150 27
150 149
150 135
151 250
151 27
151 149
151 150
152 227
152 228
152 306
152 307
152 308
152 153
152 154
152 155
153 326
153 307
153 276
153 152
153 154
154 276
154 277
154 152
154 153
154 155
154 156
155 227
155 309
155 152
155 154
155 156
155 157
156 235
156 277
156 154
156 155
156 157
156 158
156 159
157 309
157 310
157 155
157 156
157 158
157 95
158 159
158 156
158 157
158 95
159 96
159 160
159 235
159 236
159 156
159 158
159 95
160 96
160 166
160 168
160 170
160 236
160 159
161 162
161 163
161 164
161 273
161 274
161 275
161 340
162 328
162 161
162 163
162 340
163 161
163 162
163 164
163 165
163 327
163 328
164 161
164 163
164 165
164 166
164 235
164 275
165 163
165 164
165 166
165 167
165 327
165 174
165 319
166 160
166 164
166 165
166 167
166 168
166 233
166 235
166 236
167 165
167 166
167 168
167 169
167 172
167 173
167 174
168 160
168 166
168 167
168 169
168 170
169 167
169 168
169 170
169 171
169 172
169 142
169 144
170 160
170 96
170 168
170 169
170 171
170 185
170 186
170 187
170 188
171 169
171 170
171 202
171 140
171 142
171 185
171 186
171 187
171 188
172 167
172 169
172 173
172 144
172 215
173 167
173 172
173 174
173 175
173 213
173 214
173 215
174 165
174 167
174 173
174 175
174 176
174 319
175 173
175 174
175 176
175 177
175 213
176 330
176 174
176 175
176 336
176 177
176 209
176 319
177 330
177 175
177 176
177 213
177 312
177 313
178 296
178 107
178 108
178 17
178 179
178 180
178 221
178 222
179 17
179 178
179 180
179 15
180 296
180 297
180 15
180 178
180 179
180 181
180 29
181 33
181 13
181 15
181 180
181 29
181 31
182 202
182 203
182 205
182 183
182 184
182 185
183 204
183 205
183 206
183 182
183 184
184 202
184 203
184 204
184 182
184 183
184 185
184 186
185 170
185 171
185 202
185 182
185 184
185 186
186 170
186 171
186 202
186 184
186 185
186 187
187 186
187 170
187 171
187 188
188 96
188 97
188 170
188 171
188 140
188 239
188 240
188 187
189 128
189 49
189 190
189 125
189 126
189 191
190 192
190 49
190 315
190 189
190 191
191 192
191 128
191 189
191 190
192 128
192 195
192 325
192 73
192 201
192 75
192 315
192 190
192 191
193 194
193 130
193 195
193 265
193 266
193 83
194 128
194 193
194 130
194 195
194 196
194 198
195 128
195 193
195 194
195 192
195 196
195 197
195 325
195 198
195 200
195 265
195 271
195 272
196 194
196 195
196 197
196 198
197 195
197 196
197 198
198 128
198 194
198 195
198 196
198 197
199 65
199 225
199 67
199 226
199 69
199 249
199 200
199 332
199 117
199 89
199 91
199 93
200 195
200 69
200 325
200 71
200 264
200 201
200 199
200 268
200 272
200 85
200 87
200 89
201 192
201 325
201 71
201 200
201 73
202 171
202 203
202 182
202 184
202 185
202 186
203 202
203 204
203 205
203 182
203 184
204 203
204 205
204 206
204 183
204 184
205 203
205 204
205 206
205 182
205 183
206 204
206 205
206 183
207 323
207 144
207 209
207 146
207 208
207 213
207 214
207 215
207 313
208 261
208 262
208 263
208 207
208 209
208 146
208 241
208 210
209 330
209 207
209 208
209 336
209 210
209 211
209 176
209 312
209 313
210 208
210 209
210 241
210 211
210 212
210 242
210 218
211 329
211 335
211 336
211 209
211 210
211 212
212 0
212 327
212 328
212 329
212 210
212 211
212 242
212 244
212 340
212 281
212 282
212 283
213 322
213 323
213 173
213 175
213 207
213 177
213 214
213 313
214 322
214 323
214 324
214 173
214 207
214 213
214 215
215 172
215 173
215 207
215 144
215 214
216 32
216 26
216 241
216 217
216 218
216 30
217 32
217 34
217 36
217 216
217 218
217 219
218 241
218 210
218 242
218 243
218 216
218 217
218 219
218 220
219 36
219 40
219 42
219 217
219 218
219 220
220 218
220 219
220 42
220 243
221 178
221 108
221 109
221 222
222 296
222 109
222 111
222 178
222 221
222 223
223 296
223 297
223 111
223 113
223 27
223 222
224 283
224 43
224 3
224 281
225 101
225 199
225 117
225 247
225 248
225 249
225 316
226 65
226 116
226 117
226 199
227 1
227 100
227 228
227 101
227 102
227 103
227 106
227 309
227 152
227 155
228 1
228 227
228 229
228 230
228 308
228 152
229 1
229 228
229 230
229 231
229 306
229 307
229 318
230 228
230 229
230 308
230 231
231 318
231 308
231 229
231 230
232 233
232 234
232 235
233 166
233 232
233 234
233 235
233 236
234 232
234 233
234 235
234 236
235 164
235 166
235 232
235 233
235 234
235 236
235 275
235 277
235 156
235 159
236 160
236 166
236 233
236 234
236 235
236 159
237 66
237 68
237 70
237 238
237 245
237 246
237 23
237 317
238 66
238 115
238 237
238 23
239 97
239 132
239 133
239 240
239 80
239 81
239 188
240 133
240 138
240 140
240 239
240 188
240 62
241 26
241 263
241 208
241 337
241 210
241 216
241 218
242 210
242 243
242 212
242 244
242 218
243 220
243 218
243 242
243 244
244 282
244 242
244 243
244 212
245 72
245 237
245 70
245 246
246 72
246 74
246 237
246 78
246 245
246 317
247 225
247 101
247 79
247 82
247 86
247 248
248 225
248 278
248 86
248 88
248 249
248 247
249 225
249 199
249 332
249 333
249 278
249 279
249 248
250 251
250 149
250 151
250 27
250 252
250 311
251 334
251 148
251 149
251 284
251 250
251 252
251 253
252 250
252 251
252 253
252 311
253 251
253 252
253 334
253 311
254 2
254 316
254 117
254 255
255 256
255 1
255 2
255 316
255 254
256 1
256 316
256 257
256 255
257 256
257 1
257 316
257 101
258 290
258 291
258 293
258 295
258 136
258 138
258 118
258 59
258 61
259 321
259 260
259 136
259 118
259 120
260 120
260 321
260 259
260 113
261 208
261 25
261 146
261 262
262 208
262 25
262 261
262 263
263 262
263 208
263 241
263 337
263 25
264 200
264 265
264 268
264 269
264 271
264 85
265 193
265 195
265 264
265 266
265 271
265 85
266 265
266 83
266 193
266 85
267 331
267 268
267 269
267 270
268 264
268 200
268 267
268 331
268 269
268 272
269 264
269 267
269 268
269 270
269 271
270 331
270 267
270 269
270 271
270 272
271 195
271 264
271 265
271 269
271 270
271 272
272 195
272 200
272 331
272 268
272 270
272 271
273 161
273 274
273 275
273 276
273 277
274 273
274 161
274 276
274 340
275 161
275 164
275 235
275 273
275 277
276 326
276 273
276 274
276 338
276 340
276 277
276 339
276 153
276 154
277 235
277 273
277 275
277 276
277 154
277 156
278 279
278 248
278 249
278 90
278 88
278 92
279 333
279 278
279 280
279 249
279 92
280 333
280 92
280 332
280 279
281 224
281 282
281 283
281 212
282 281
282 212
282 244
283 0
283 224
283 3
283 212
283 281
284 334
284 148
284 251
284 285
284 286
285 148
285 311
285 24
285 284
285 286
286 284
286 285
286 334
286 311
287 288
287 289
287 143
287 144
287 145
287 146
288 143
288 145
288 289
288 287
289 288
289 145
289 287
290 258
290 291
290 292
290 293
290 294
290 298
291 290
291 258
291 292
291 293
291 295
291 138
292 290
292 291
292 293
292 294
292 298
292 299
293 290
293 291
293 292
293 258
293 294
293 138
294 290
294 292
294 293
294 298
294 299
294 300
294 301
295 258
295 291
295 138
295 61
295 62
296 297
296 178
296 180
296 222
296 223
297 296
297 180
297 27
297 29
297 223
298 290
298 292
298 294
298 299
298 301
299 292
299 294
299 298
299 300
299 301
299 302
300 294
300 299
300 301
300 302
300 303
301 294
301 298
301 299
301 300
301 302
301 303
302 299
302 300
302 301
302 303
303 300
303 301
303 302
304 129
304 131
304 305
304 50
304 52
305 131
305 133
305 304
305 52
305 58
306 229
306 307
306 308
306 152
306 318
307 0
307 1
307 229
307 326
307 306
307 339
307 152
307 153
308 228
308 230
308 231
308 306
308 152
308 318
309 99
309 227
309 100
309 310
309 155
309 157
310 98
310 99
310 309
310 157
310 95
311 285
311 334
311 24
311 250
311 27
311 252
311 253
311 286
312 177
312 330
312 209
312 313
313 207
313 177
313 209
313 213
313 312
314 75
314 110
314 112
314 49
314 114
314 120
314 122
314 315
315 192
315 75
315 49
315 314
315 190
316 256
316 257
316 225
316 101
316 117
316 254
316 255
317 237
317 78
317 21
317 246
317 23
318 306
318 308
318 229
318 231
319 165
319 327
319 174
319 335
319 176
319 336
320 120
320 121
320 122
321 136
321 113
321 259
321 260
322 323
322 324
322 213
322 214
323 322
323 324
323 207
323 213
323 214
324 322
324 323
324 214
325 200
325 201
325 195
325 192
326 153
326 339
326 307
326 276
327 163
327 165
327 328
327 329
327 335
327 212
327 319
328 162
328 163
328 327
328 212
328 340
329 211
329 212
329 335
329 327
330 176
330 177
330 312
330 209
331 272
331 267
331 268
331 270
332 199
332 333
332 280
332 249
332 92
332 93
332 94
333 280
333 249
333 332
333 279
334 311
334 251
334 284
334 253
334 286
335 327
335 329
335 336
335 211
335 319
336 335
336 176
336 209
336 211
336 319
337 25
337 26
337 241
337 263
338 0
338 339
338 340
338 276
339 0
339 326
339 338
339 307
339 276
340 0
340 161
340 162
340 328
340 338
340 274
340 212
340 276
341 125
341 126
342 344
342 346
342 355
342 343
343 357
343 342
343 344
343 345
343 346
343 347
344 354
344 355
344 342
344 343
344 345
345 354
345 357
345 343
345 344
345 350
345 351
346 354
346 355
346 342
346 343
346 347
347 352
347 354
347 357
347 343
347 346
347 351
348 358
348 356
348 349
348 350
349 352
349 353
349 358
349 348
349 350
349 351
350 356
350 357
350 345
350 348
350 349
350 351
351 352
351 354
351 345
351 347
351 349
351 350
352 353
352 356
352 357
352 347
352 349
352 351
353 352
353 356
353 349
353 358
354 355
354 344
354 345
354 346
354 347
354 351
355 354
355 803
355 805
355 713
355 777
355 342
355 344
355 346
355 735
356 352
356 353
356 357
356 358
356 348
356 350
357 352
357 356
357 343
357 345
357 347
357 350
358 353
358 356
358 349
358 348
359 360
359 361
359 362
359 363
360 361
360 363
360 373
360 359
361 386
361 359
361 360
361 424
361 362
361 366
361 373
361 377
362 384
362 385
362 386
362 359
362 361
362 363
363 384
363 359
363 360
363 362
363 364
363 365
363 366
363 373
364 384
364 363
364 368
364 365
365 363
365 364
365 366
365 367
365 368
365 371
365 376
366 361
366 363
366 365
366 367
366 373
366 377
367 376
367 377
367 365
367 366
368 384
368 386
368 424
368 364
368 365
368 369
368 370
368 371
368 377
368 378
368 380
369 368
369 370
369 380
370 368
370 369
370 371
370 372
371 365
371 368
371 370
371 372
371 374
371 376
371 377
372 370
372 371
373 360
373 361
373 363
373 366
374 376
374 371
374 375
375 376
375 466
375 467
375 374
376 365
376 367
376 371
376 467
376 374
376 375
376 377
377 424
377 361
377 366
377 367
377 368
377 371
377 376
378 384
378 386
378 368
378 379
378 380
378 381
378 383
379 378
379 380
380 368
380 369
380 378
380 379
381 384
381 385
381 386
381 471
381 378
381 382
381 383
382 471
382 468
382 381
382 383
383 378
383 381
383 382
384 385
384 362
384 363
384 364
384 368
384 378
384 381
385 384
385 362
385 381
385 386
386 385
386 424
386 361
386 362
386 368
386 378
386 381
387 448
387 449
387 388
387 389
387 453
387 410
387 443
387 447
388 450
388 387
388 389
388 390
388 391
388 403
388 406
388 443
389 448
389 387
389 388
389 406
389 407
390 388
390 391
390 460
390 400
390 401
390 402
390 403
391 450
391 388
391 390
391 460
391 461
392 393
392 394
392 398
392 399
392 413
393 392
393 394
393 396
394 420
394 421
394 392
394 393
394 395
394 396
394 402
394 413
395 451
395 394
395 396
395 397
395 402
396 393
396 394
396 395
396 397
397 395
397 396
398 392
398 415
398 413
398 399
399 392
399 398
400 401
400 460
400 390
401 390
401 400
401 402
401 404
401 405
402 451
402 421
402 422
402 390
402 394
402 395
402 401
402 403
402 405
403 388
403 422
403 390
403 423
403 402
403 443
404 401
404 405
405 401
405 402
405 451
405 404
406 450
406 388
406 389
406 407
407 389
407 406
408 409
408 410
408 411
408 445
408 446
409 408
409 410
409 411
409 452
410 387
410 452
410 453
410 408
410 409
410 445
410 447
411 408
411 409
412 458
412 459
412 413
412 414
412 415
413 420
413 392
413 394
413 398
413 442
413 412
413 414
413 415
414 417
414 455
414 457
414 458
414 412
414 442
414 444
414 413
415 412
415 413
415 398
416 417
416 418
417 416
417 418
417 419
417 442
417 444
417 414
418 416
418 417
418 419
418 462
419 417
419 418
419 462
419 440
419 441
419 442
420 421
420 394
420 438
420 440
420 442
420 413
421 420
421 422
421 394
421 402
421 436
421 438
422 421
422 423
422 402
422 403
422 436
422 434
423 422
423 432
423 434
423 403
423 443
424 368
424 361
424 386
424 377
425 426
425 427
425 428
425 445
425 446
426 425
426 427
426 463
426 1046
426 1047
426 446
427 1091
427 425
427 426
427 428
427 429
427 1047
428 425
428 427
428 429
428 430
428 445
428 447
429 1091
429 1092
429 427
429 428
429 430
429 431
430 428
430 429
430 431
430 432
430 443
430 447
431 1092
431 429
431 430
431 432
431 433
431 1115
432 423
432 430
432 431
432 433
432 434
432 443
433 431
433 432
433 434
433 435
433 1114
433 1115
434 422
434 423
434 432
434 433
434 435
434 436
435 998
435 433
435 434
435 436
435 437
435 1114
436 421
436 422
436 434
436 435
436 437
436 438
437 1089
437 998
437 435
437 436
437 438
437 439
438 420
438 421
438 436
438 437
438 439
438 440
439 1089
439 1090
439 437
439 438
439 440
439 441
440 419
440 420
440 438
440 439
440 441
440 442
441 1090
441 419
441 462
441 1105
441 439
441 440
442 417
442 419
442 420
442 440
442 413
442 414
443 387
443 388
443 423
443 430
443 432
443 403
443 447
444 456
444 417
444 414
444 455
445 425
445 428
445 408
445 410
445 446
445 447
446 425
446 426
446 463
446 408
446 445
447 387
447 428
447 430
447 410
447 443
447 445
448 449
448 387
448 389
449 448
449 387
449 453
449 454
450 388
450 406
450 391
451 402
451 395
451 405
452 409
452 410
452 453
453 449
453 387
453 452
453 454
453 410
454 449
454 453
455 456
455 457
455 444
455 414
456 444
456 455
457 458
457 414
457 455
458 457
458 459
458 412
458 414
459 458
459 412
460 400
460 461
460 390
460 391
461 460
461 391
462 1105
462 441
462 418
462 419
463 426
463 1009
463 1010
463 1011
463 1046
463 1117
463 446
464 465
464 466
465 464
465 466
465 467
466 464
466 465
466 467
466 375
467 376
467 465
467 466
467 375
468 382
468 469
468 470
468 471
469 468
469 470
469 471
470 468
470 469
471 381
471 468
471 469
471 382
472 611
472 473
472 474
472 475
472 575
473 578
473 491
473 472
473 474
473 575
474 482
474 491
474 492
474 651
474 472
474 473
474 475
474 476
474 478
475 610
475 611
475 472
475 474
475 476
475 477
476 474
476 475
476 477
476 478
477 609
477 610
477 652
477 607
477 475
477 476
477 478
477 479
478 480
478 482
478 474
478 476
478 477
478 479
479 480
479 481
479 516
479 652
479 498
479 500
479 477
479 478
480 481
480 482
480 478
480 479
481 480
481 482
481 483
481 500
481 502
481 479
482 480
482 481
482 483
482 484
482 651
482 474
482 478
483 481
483 482
483 484
483 485
483 501
483 502
484 482
484 483
484 485
484 486
484 651
484 494
485 483
485 484
485 486
485 487
485 620
485 656
485 501
486 484
486 485
486 487
486 488
486 494
487 485
487 486
487 488
487 489
487 656
487 639
488 486
488 487
488 489
488 490
488 494
488 495
488 496
488 497
489 640
489 487
489 488
489 490
489 639
490 640
490 488
490 489
490 497
490 499
490 505
491 578
491 519
491 492
491 493
491 473
491 474
492 491
492 651
492 493
492 494
492 474
493 518
493 519
493 491
493 492
493 494
493 495
494 484
494 486
494 488
494 651
494 492
494 493
494 495
495 517
495 518
495 488
495 493
495 494
495 496
496 516
496 517
496 488
496 495
496 497
496 498
497 488
497 490
497 496
497 498
497 499
498 516
498 496
498 497
498 499
498 500
498 479
499 490
499 622
499 497
499 498
499 500
499 501
499 505
499 507
500 481
500 498
500 499
500 501
500 502
500 479
501 483
501 485
501 620
501 621
501 622
501 499
501 500
501 502
502 481
502 483
502 500
502 501
503 513
503 515
503 648
503 504
503 505
503 506
503 571
503 572
504 640
504 648
504 503
504 505
504 635
505 640
505 490
505 499
505 503
505 504
505 506
505 507
506 503
506 505
506 507
506 508
506 573
506 572
507 622
507 499
507 505
507 506
507 508
507 509
508 509
508 574
508 506
508 507
508 573
508 510
509 647
509 621
509 622
509 507
509 508
509 510
509 511
510 512
510 632
510 633
510 508
510 509
510 574
510 511
511 512
511 513
511 647
511 648
511 636
511 509
511 510
512 513
512 514
512 632
512 510
512 511
513 512
513 514
513 515
513 648
513 503
513 511
514 512
514 513
514 515
514 653
514 655
514 632
515 513
515 514
515 631
515 653
515 503
515 571
516 517
516 652
516 496
516 498
516 479
517 608
517 516
517 518
517 652
517 495
517 496
517 607
518 608
518 581
518 517
518 519
518 493
518 495
519 578
519 579
519 580
519 581
519 518
519 491
519 493
520 649
520 521
520 522
520 523
521 520
521 649
521 522
521 627
521 628
522 645
522 520
522 521
522 523
522 524
522 654
522 655
522 627
523 520
523 649
523 522
523 524
523 525
524 522
524 523
524 525
524 526
524 653
524 655
525 649
525 523
525 524
525 526
525 527
526 524
526 525
526 653
526 527
526 528
526 631
527 649
527 525
527 526
527 528
527 529
528 526
528 527
528 529
528 530
528 629
528 631
529 528
529 649
529 530
529 527
530 649
530 528
530 529
530 628
530 629
531 644
531 532
531 533
531 534
531 537
531 539
532 531
532 644
532 533
532 535
533 531
533 532
533 534
533 535
534 531
534 533
534 535
534 536
534 569
534 539
535 644
535 532
535 533
535 534
535 536
535 537
536 569
536 570
536 534
536 535
536 537
536 538
537 644
537 531
537 535
537 536
537 538
537 539
538 567
538 536
538 537
538 570
538 539
538 540
539 569
539 531
539 534
539 537
539 538
539 540
540 548
540 584
540 617
540 556
540 557
540 558
540 567
540 569
540 538
540 539
541 544
541 547
541 549
541 603
541 542
541 543
542 603
542 604
542 541
542 543
543 544
543 545
543 602
543 604
543 541
543 542
544 545
544 546
544 549
544 618
544 541
544 543
545 544
545 546
545 547
545 602
545 603
545 543
546 544
546 545
546 547
546 548
546 618
546 619
547 545
547 546
547 548
547 549
547 603
547 541
548 546
548 547
548 549
548 550
548 583
548 584
548 616
548 619
548 558
548 540
549 544
549 547
549 548
549 550
549 618
549 541
550 548
550 549
550 583
550 618
550 625
551 552
551 553
551 554
551 557
551 558
551 605
552 553
552 650
552 605
552 551
553 551
553 552
553 554
553 555
553 650
553 606
554 551
554 616
554 553
554 555
554 556
554 558
555 553
555 554
555 556
555 557
555 605
555 606
556 616
556 617
556 554
556 555
556 557
556 540
557 551
557 555
557 556
557 558
557 540
557 605
558 548
558 551
558 616
558 554
558 557
558 540
559 560
559 561
559 562
559 626
559 601
560 601
560 561
560 559
561 559
561 560
561 562
561 563
561 601
562 559
562 561
562 626
562 563
562 564
563 561
563 562
563 564
563 565
563 600
563 601
564 562
564 563
564 626
564 565
564 566
564 634
565 567
565 563
565 564
565 566
565 599
565 600
566 615
566 564
566 565
566 567
566 568
566 634
567 584
567 538
567 565
567 566
567 599
567 568
567 570
567 540
568 567
568 613
568 615
568 584
568 598
568 566
569 617
569 534
569 536
569 570
569 539
569 540
570 599
570 617
570 567
570 536
570 569
570 538
571 515
571 572
571 631
571 503
572 503
572 630
572 631
572 506
572 571
572 573
573 645
573 508
573 630
573 506
573 572
573 574
574 645
574 654
574 633
574 508
574 573
574 510
575 576
575 577
575 578
575 609
575 610
575 611
575 472
575 473
576 608
576 577
576 609
576 641
576 642
576 575
576 607
577 576
577 578
577 579
577 642
577 643
577 575
578 577
578 579
578 519
578 491
578 473
578 575
579 577
579 578
579 643
579 580
579 675
579 676
579 519
579 677
579 758
580 673
580 674
580 579
580 675
580 581
580 582
580 519
581 608
581 641
581 580
581 582
581 519
581 518
582 641
582 673
582 580
582 581
582 791
583 548
583 550
583 584
583 585
583 624
583 625
584 548
584 583
584 585
584 586
584 597
584 598
584 567
584 568
584 540
585 584
585 586
585 587
585 583
586 584
586 585
586 587
586 588
586 597
587 612
587 585
587 586
587 588
587 589
588 586
588 587
588 589
588 595
588 597
589 612
589 613
589 587
589 588
589 593
589 595
589 598
590 646
590 591
590 592
590 593
590 596
590 598
591 592
591 594
591 646
591 590
592 593
592 594
592 590
592 591
593 589
593 590
593 592
593 594
593 595
593 598
594 646
594 591
594 592
594 593
594 595
594 596
595 588
595 589
595 593
595 594
595 596
595 597
596 646
596 590
596 594
596 595
596 597
596 598
597 584
597 586
597 588
597 595
597 596
597 598
598 613
598 584
598 589
598 590
598 593
598 596
598 597
598 568
599 614
599 615
599 617
599 623
599 565
599 634
599 567
599 600
599 570
600 626
600 563
600 565
600 599
600 601
600 634
601 559
601 560
601 561
601 626
601 563
601 600
602 545
602 603
602 604
602 543
603 545
603 547
603 602
603 604
603 541
603 542
604 602
604 603
604 542
604 543
605 551
605 552
605 650
605 555
605 557
605 606
606 553
606 650
606 555
606 605
607 608
607 609
607 576
607 517
607 652
607 477
608 576
608 641
608 581
608 518
608 517
608 607
609 576
609 610
609 607
609 477
609 575
610 609
610 611
610 475
610 477
610 575
611 472
611 610
611 475
611 575
612 613
612 587
612 589
612 614
613 612
613 614
613 615
613 589
613 598
613 568
614 612
614 613
614 615
614 623
614 599
615 613
615 614
615 566
615 599
615 568
615 634
616 548
616 617
616 554
616 619
616 556
616 558
617 616
617 619
617 556
617 623
617 599
617 569
617 570
617 540
618 544
618 546
618 549
618 550
618 619
618 625
619 546
619 548
619 616
619 617
619 618
619 623
619 624
619 625
620 485
620 621
620 656
620 501
620 637
621 637
621 647
621 620
621 622
621 501
621 509
622 621
622 499
622 501
622 507
622 509
623 614
623 617
623 619
623 624
623 599
624 625
624 619
624 583
624 623
625 550
625 583
625 618
625 619
625 624
626 559
626 562
626 564
626 600
626 601
626 634
627 645
627 521
627 522
627 628
627 629
627 630
628 649
628 521
628 530
628 627
628 629
629 528
629 530
629 627
629 628
629 630
629 631
630 645
630 627
630 629
630 631
630 572
630 573
631 515
631 653
631 526
631 528
631 629
631 630
631 571
631 572
632 512
632 514
632 654
632 655
632 633
632 510
633 632
633 574
633 654
633 510
634 615
634 626
634 564
634 566
634 599
634 600
635 640
635 648
635 504
635 636
635 637
635 638
636 647
636 648
636 635
636 637
636 511
637 647
637 620
637 621
637 656
637 635
637 636
637 638
637 639
638 640
638 635
638 637
638 639
639 640
639 487
639 489
639 656
639 637
639 638
640 489
640 490
640 504
640 505
640 635
640 638
640 639
641 576
641 608
641 642
641 581
641 582
641 790
641 791
642 576
642 641
642 577
642 643
642 757
642 758
642 790
643 577
643 642
643 579
643 758
644 537
644 531
644 532
644 535
645 522
645 654
645 627
645 630
645 573
645 574
646 594
646 596
646 590
646 591
647 637
647 621
647 636
647 509
647 511
648 513
648 503
648 504
648 635
648 636
648 511
649 520
649 521
649 523
649 525
649 527
649 529
649 530
649 628
650 552
650 553
650 605
650 606
651 482
651 484
651 492
651 494
651 474
652 516
652 517
652 479
652 477
652 607
653 514
653 515
653 524
653 526
653 655
653 631
654 645
654 522
654 655
654 632
654 633
654 574
655 514
655 522
655 524
655 653
655 654
655 632
656 485
656 487
656 620
656 637
656 639
657 658
657 659
657 660
657 794
657 795
657 799
658 657
658 659
658 695
658 698
658 794
658 797
658 798
659 657
659 658
659 660
659 661
659 759
659 698
659 700
659 702
660 657
660 659
660 661
660 662
660 799
661 759
661 659
661 660
661 662
661 663
661 767
662 660
662 661
662 663
662 664
662 799
663 678
663 661
663 662
663 664
663 665
663 767
664 1256
664 1257
664 1329
664 662
664 663
664 665
664 666
664 1181
664 799
665 678
665 783
665 663
665 664
665 666
665 667
666 796
666 1257
666 664
666 665
666 667
666 668
667 782
667 783
667 665
667 666
667 668
667 669
668 793
668 666
668 667
668 796
668 669
668 670
669 707
669 708
669 709
669 804
669 782
669 667
669 668
669 670
670 707
670 873
670 874
670 793
670 668
670 669
670 766
671 672
671 673
671 674
671 768
671 759
671 760
671 761
671 762
672 673
672 718
672 719
672 693
672 791
672 762
672 671
673 672
673 674
673 580
673 582
673 791
673 671
674 768
674 673
674 675
674 580
674 671
675 768
675 674
675 579
675 676
675 580
676 768
676 579
676 675
676 677
676 678
676 767
677 579
677 676
677 678
677 679
677 756
677 758
678 676
678 677
678 679
678 680
678 783
678 663
678 665
678 767
679 677
679 678
679 680
679 681
679 712
679 756
680 769
680 678
680 679
680 681
680 780
680 783
681 769
681 679
681 680
681 808
681 712
681 752
681 726
682 714
682 683
682 684
682 685
682 715
682 716
683 714
683 682
683 684
683 801
684 801
684 802
684 682
684 683
684 685
684 686
685 682
685 684
685 716
685 686
685 687
685 734
686 802
686 684
686 685
686 687
686 688
686 720
686 763
686 764
687 685
687 686
687 688
687 689
687 734
688 686
688 687
688 720
688 689
688 690
688 721
688 784
689 687
689 688
689 690
689 691
689 733
689 734
690 688
690 689
690 784
690 691
690 692
691 718
691 689
691 690
691 692
691 693
691 733
692 784
692 690
692 691
692 723
692 693
692 694
693 672
693 718
693 691
693 692
693 694
693 791
694 791
694 723
694 724
694 692
694 693
694 790
695 658
695 696
695 697
695 698
695 798
696 865
696 771
696 772
696 773
696 695
696 697
696 798
697 773
697 1008
697 695
697 696
697 698
697 699
698 658
698 659
698 695
698 697
698 699
698 700
699 1006
699 1007
699 1008
699 697
699 698
699 700
699 701
700 659
700 698
700 699
700 701
700 702
701 1006
701 699
701 700
701 702
701 703
702 704
702 659
702 759
702 700
702 701
702 703
703 704
703 705
703 1004
703 1006
703 701
703 702
704 705
704 706
704 759
704 760
704 702
704 703
705 704
705 706
705 1031
705 1002
705 1004
705 703
706 704
706 705
706 1030
706 1031
706 810
706 760
707 708
707 669
707 670
707 766
708 800
708 707
708 709
708 710
708 776
708 722
708 669
708 766
709 803
709 708
709 804
709 710
709 711
709 669
710 800
710 708
710 709
710 711
710 712
710 756
710 757
710 724
711 803
711 709
711 710
711 712
711 713
712 710
712 711
712 808
712 713
712 681
712 679
712 756
713 355
713 803
713 711
713 712
713 808
713 725
713 735
714 801
714 771
714 772
714 774
714 775
714 682
714 683
714 715
715 774
715 682
715 714
715 716
715 717
716 682
716 715
716 717
716 718
716 685
716 733
716 734
717 774
717 806
717 807
717 715
717 716
717 718
717 719
718 672
718 716
718 717
718 719
718 691
718 693
718 733
719 672
719 806
719 717
719 718
719 762
720 776
720 686
720 688
720 721
720 722
720 764
720 765
720 766
721 688
721 784
721 722
721 723
721 720
722 800
722 708
722 776
722 720
722 721
722 723
722 724
723 784
723 721
723 722
723 692
723 724
723 694
724 800
724 710
724 722
724 723
724 757
724 694
724 790
725 808
725 713
725 726
725 727
725 728
725 735
726 808
726 681
726 752
726 725
726 727
727 752
727 753
727 725
727 726
727 728
727 729
728 736
728 725
728 727
728 729
728 730
728 735
729 753
729 754
729 727
729 728
729 730
729 731
730 736
730 737
730 728
730 729
730 731
730 732
731 729
731 730
731 754
731 732
732 738
732 737
732 730
732 731
733 716
733 718
733 689
733 691
733 734
734 716
734 685
734 687
734 689
734 733
735 736
735 355
735 713
735 725
735 728
736 728
736 737
736 730
736 735
737 736
737 730
737 738
737 732
738 737
738 732
739 740
739 741
739 742
739 743
739 751
739 755
740 739
740 741
740 780
740 781
740 755
741 739
741 740
741 805
741 742
741 777
741 781
742 739
742 741
742 743
742 744
742 777
742 778
743 739
743 742
743 744
743 745
743 750
743 751
744 742
744 743
744 745
744 746
744 778
744 779
745 744
745 746
745 750
745 743
746 744
746 745
746 970
746 779
747 748
747 749
747 750
748 785
748 786
748 747
748 749
749 770
749 747
749 748
749 750
749 751
749 753
749 786
749 754
749 788
749 789
750 743
750 745
750 747
750 749
750 751
751 769
751 770
751 739
751 743
751 749
751 750
751 755
752 769
752 681
752 753
752 726
752 727
753 769
753 770
753 749
753 752
753 754
753 727
753 729
754 749
754 753
754 789
754 729
754 731
755 769
755 739
755 740
755 780
755 751
756 677
756 710
756 679
756 712
756 757
756 758
757 642
757 710
757 724
757 756
757 758
757 790
758 642
758 643
758 579
758 677
758 756
758 757
759 704
759 768
759 671
759 659
759 661
759 760
759 702
759 767
760 704
760 706
760 810
760 759
760 761
760 671
761 809
761 810
761 760
761 762
761 671
762 672
762 806
762 809
762 719
762 761
762 671
763 802
763 866
763 868
763 686
763 764
764 868
764 870
764 872
764 686
764 720
764 763
764 765
765 872
765 873
765 720
765 764
765 766
766 707
766 708
766 776
766 873
766 720
766 765
766 670
767 768
767 676
767 678
767 759
767 661
767 663
768 674
768 675
768 676
768 767
768 759
768 671
769 770
769 680
769 681
769 780
769 751
769 752
769 753
769 755
770 753
770 749
770 769
770 751
771 801
771 865
771 772
771 714
771 696
772 771
772 773
772 775
772 714
772 1010
772 696
772 1050
773 772
773 1008
773 696
773 697
773 1050
774 807
774 775
774 714
774 715
774 717
774 1012
774 1013
775 772
775 774
775 714
775 1010
775 1011
775 1012
776 720
776 722
776 708
776 766
777 355
777 805
777 741
777 742
777 778
778 744
778 777
778 779
778 742
779 744
779 970
779 778
779 746
780 769
780 740
780 680
780 781
780 782
780 783
780 755
781 740
781 741
781 805
781 780
781 782
782 804
782 805
782 780
782 781
782 783
782 667
782 669
783 678
783 680
783 780
783 782
783 665
783 667
784 688
784 721
784 690
784 723
784 692
785 786
785 748
786 748
786 749
786 785
786 787
786 788
787 786
787 788
788 789
788 786
788 787
788 749
789 754
789 788
789 749
790 641
790 642
790 724
790 757
790 694
790 791
791 672
791 641
791 673
791 582
791 693
791 694
791 790
792 1178
792 1255
792 1180
792 793
792 794
792 795
792 796
793 796
793 874
793 792
793 794
793 668
793 670
794 874
794 657
794 658
794 792
794 793
794 795
794 797
795 657
795 792
795 794
795 1180
795 799
796 1255
796 1256
796 1257
796 792
796 793
796 666
796 668
797 869
797 871
797 874
797 658
797 794
797 798
798 865
798 867
798 869
798 658
798 695
798 696
798 797
799 657
799 660
799 662
799 664
799 795
799 1180
799 1181
800 722
800 724
800 708
800 710
801 865
801 802
801 771
801 714
801 683
801 684
802 801
802 865
802 866
802 684
802 686
802 763
803 355
803 804
803 805
803 709
803 711
803 713
804 803
804 709
804 805
804 782
804 669
805 355
805 803
805 804
805 741
805 777
805 781
805 782
806 807
806 809
806 717
806 719
806 1014
806 762
807 806
807 774
807 717
807 1013
807 1014
808 712
808 681
808 713
808 725
808 726
809 1029
809 806
809 1030
809 810
809 1014
809 761
809 762
810 706
810 1030
810 809
810 760
810 761
811 812
811 813
811 814
811 821
811 830
811 831
812 811
812 813
812 888
812 925
812 830
813 811
813 812
813 814
813 815
813 925
814 832
814 811
814 813
814 815
814 816
814 823
814 825
814 831
815 813
815 814
815 816
815 817
815 924
815 925
816 832
816 814
816 815
816 817
816 818
817 815
817 816
817 818
817 819
817 889
817 924
818 832
818 833
818 834
818 816
818 817
818 819
818 820
818 827
819 817
819 818
819 820
819 821
819 889
820 834
820 818
820 819
820 821
820 822
821 811
821 819
821 820
821 822
821 823
821 889
821 830
821 831
822 834
822 912
822 820
822 821
822 823
822 824
823 814
823 821
823 822
823 824
823 825
823 831
824 887
824 912
824 885
824 822
824 823
824 886
824 825
824 826
825 832
825 814
825 823
825 824
825 826
825 827
826 885
826 824
826 825
826 827
826 828
827 832
827 833
827 818
827 825
827 826
827 828
827 829
828 1036
828 885
828 826
828 827
828 829
829 833
829 900
829 1035
829 1036
829 827
829 828
830 811
830 812
830 821
830 888
830 889
831 811
831 821
831 814
831 823
832 814
832 816
832 818
832 825
832 827
833 834
833 835
833 900
833 818
833 827
833 829
834 833
834 835
834 836
834 912
834 818
834 820
834 822
835 833
835 834
835 836
835 900
835 1032
836 834
836 835
836 1032
836 912
836 1042
836 1044
836 887
837 838
837 839
837 840
837 875
837 890
838 890
838 837
838 839
839 837
839 838
839 840
839 841
839 843
839 890
840 837
840 839
840 841
840 842
840 875
840 876
840 877
841 840
841 842
841 843
841 839
842 901
842 902
842 903
842 840
842 841
842 904
842 843
842 844
842 877
842 918
842 919
842 920
842 922
842 923
843 839
843 841
843 842
843 844
843 845
843 890
843 891
844 842
844 843
844 845
844 846
844 919
844 921
845 843
845 844
845 876
845 846
845 847
845 875
845 850
845 891
846 897
846 898
846 844
846 845
846 878
846 847
846 848
846 911
846 877
846 944
846 945
846 921
847 845
847 846
847 848
847 849
847 850
848 846
848 911
848 847
848 849
848 850
848 878
849 848
849 850
849 847
850 876
850 845
850 878
850 847
850 848
850 849
851 896
851 905
851 852
851 853
851 854
851 892
852 905
852 851
852 853
853 905
853 851
853 852
853 854
853 855
853 857
854 851
854 853
854 855
854 856
854 892
854 893
854 894
855 856
855 857
855 853
855 854
856 931
856 932
856 936
856 937
856 906
856 907
856 908
856 909
856 938
856 854
856 855
856 857
856 858
856 894
857 896
857 905
857 853
857 855
857 856
857 858
857 859
858 931
858 935
858 856
858 857
858 859
858 860
858 895
859 896
859 861
859 857
859 858
859 860
859 893
860 933
860 913
860 914
860 946
860 947
860 858
860 859
860 861
860 862
860 895
861 864
861 859
861 860
861 893
861 862
861 863
862 864
862 913
862 863
862 860
862 861
862 895
863 864
863 861
863 862
864 861
864 863
864 893
864 862
864 895
865 801
865 802
865 867
865 866
865 771
865 696
865 798
866 865
866 802
866 867
866 868
866 763
867 865
867 866
867 868
867 869
867 798
868 866
868 867
868 869
868 870
868 763
868 764
869 867
869 868
869 870
869 871
869 797
869 798
870 868
870 869
870 871
870 872
870 764
871 869
871 870
871 872
871 873
871 874
871 797
872 870
872 871
872 873
872 764
872 765
873 871
873 872
873 874
873 670
873 765
873 766
874 871
874 873
874 793
874 794
874 797
874 670
875 837
875 840
875 876
875 845
875 890
875 891
876 840
876 875
876 877
876 878
876 845
876 850
877 840
877 842
877 876
877 878
877 846
877 918
877 921
878 898
878 899
878 876
878 877
878 846
878 942
878 848
878 943
878 850
878 911
879 961
879 880
879 881
879 882
879 883
880 960
880 881
880 879
881 960
881 1056
881 1057
881 879
881 880
881 882
881 959
881 1054
881 1055
882 1057
882 939
882 941
882 910
882 879
882 881
882 883
882 884
882 927
883 961
883 882
883 884
883 879
884 882
884 883
884 910
885 1095
885 1036
885 1045
885 886
885 824
885 826
885 828
886 824
886 1045
886 885
886 887
887 836
887 912
887 1044
887 1045
887 886
887 824
888 889
888 812
888 830
888 924
889 817
889 819
889 821
889 888
889 924
889 830
890 837
890 838
890 839
890 875
890 843
890 891
891 875
891 890
891 843
891 845
892 896
892 851
892 893
892 854
893 864
893 896
893 854
893 859
893 892
893 861
893 894
893 895
894 935
894 936
894 854
894 856
894 893
894 895
895 864
895 933
895 934
895 935
895 913
895 894
895 948
895 949
895 858
895 860
895 893
895 862
896 905
896 851
896 857
896 859
896 892
896 893
897 898
897 846
897 911
897 944
897 945
898 897
898 899
898 878
898 846
898 911
899 898
899 942
899 878
899 911
900 833
900 835
900 1032
900 1034
900 1035
900 829
901 921
901 842
901 902
901 903
902 921
902 842
902 901
902 918
903 904
903 921
903 842
903 901
904 921
904 842
904 923
904 903
905 896
905 851
905 852
905 853
905 857
906 856
906 907
906 908
906 935
907 856
907 906
907 936
907 935
908 856
908 906
908 909
908 935
909 856
909 938
909 908
909 935
910 962
910 882
910 884
910 927
911 897
911 898
911 899
911 878
911 846
911 848
912 834
912 836
912 822
912 887
912 824
913 933
913 934
913 914
913 860
913 862
913 895
914 913
914 946
914 860
914 933
915 916
915 917
915 953
915 956
915 957
915 926
916 928
916 930
916 915
916 917
916 926
917 928
917 915
917 916
918 921
918 842
918 877
918 902
919 920
919 921
919 842
919 844
920 921
920 842
920 922
920 919
921 901
921 902
921 903
921 904
921 844
921 877
921 846
921 918
921 919
921 920
921 922
921 923
922 920
922 921
922 842
922 923
923 904
923 921
923 842
923 922
924 815
924 817
924 888
924 889
924 925
925 924
925 813
925 812
925 815
926 915
926 916
926 957
927 962
927 963
927 941
927 910
927 882
928 929
928 930
928 916
928 917
928 950
929 928
929 930
929 950
930 928
930 929
930 916
931 856
931 858
931 932
931 935
932 856
932 937
932 931
932 935
933 934
933 913
933 914
933 860
933 895
934 933
934 913
934 948
934 949
934 895
935 931
935 932
935 936
935 937
935 906
935 907
935 938
935 909
935 908
935 858
935 894
935 895
936 856
936 907
936 894
936 935
937 856
937 938
937 932
937 935
938 856
938 937
938 909
938 935
939 1057
939 882
939 940
939 941
940 939
940 941
941 963
941 939
941 940
941 882
941 927
942 899
942 878
942 943
943 878
943 942
944 897
944 945
944 846
945 944
945 897
945 846
946 914
946 947
946 860
947 946
947 860
948 949
948 934
948 895
949 948
949 934
949 895
950 928
950 929
951 1120
951 1128
951 1041
951 952
951 953
952 1128
952 953
952 954
952 951
953 915
953 951
953 952
953 954
953 955
953 956
954 952
954 953
954 955
955 953
955 954
955 956
956 953
956 955
956 915
956 957
957 915
957 956
957 926
958 960
958 959
959 960
959 881
959 1078
959 1054
959 958
960 880
960 881
960 958
960 959
961 883
961 879
962 910
962 927
963 941
963 927
964 965
964 966
964 967
964 1079
964 1119
965 1074
965 964
965 966
965 1079
966 964
966 965
966 967
966 968
966 1106
966 1107
966 1074
967 968
967 969
967 964
967 966
968 969
968 1106
968 966
968 967
969 968
969 1106
969 1046
969 967
970 746
970 779
971 972
971 973
971 974
971 1103
971 975
971 977
972 971
972 973
972 1102
972 1103
972 1104
973 971
973 972
973 974
973 1102
973 1017
974 971
974 973
974 975
974 976
974 1017
974 1018
974 1019
974 1020
975 976
975 977
975 971
975 974
976 974
976 975
976 977
976 978
976 1020
976 1022
977 1093
977 1094
977 971
977 975
977 976
977 1103
977 978
977 979
978 976
978 977
978 979
978 980
978 1022
978 1023
979 1094
979 977
979 978
979 980
979 981
980 1024
980 1025
980 978
980 979
980 981
980 982
980 1023
981 1094
981 979
981 980
981 1015
981 982
981 983
981 1018
981 1019
982 1025
982 1066
982 980
982 981
982 983
982 984
983 981
983 982
983 984
983 985
983 1019
983 1020
983 1021
984 1066
984 1108
984 982
984 983
984 985
984 986
985 983
985 984
985 986
985 987
985 1021
986 1100
986 1101
986 1108
986 984
986 985
986 987
986 988
987 1037
987 1021
987 985
987 986
987 988
987 989
987 1022
988 1100
988 986
988 987
988 989
988 990
989 1037
989 1038
989 1039
989 987
989 988
989 990
989 991
990 992
990 1095
990 1100
990 1040
990 1043
990 1045
990 988
990 989
990 991
991 992
991 993
991 1039
991 989
991 990
992 993
992 994
992 990
992 991
993 992
993 1024
993 994
993 995
993 1039
993 991
994 992
994 993
994 995
994 996
995 1024
995 993
995 994
995 1025
995 996
995 997
995 1065
995 1066
996 994
996 995
996 997
997 1065
997 995
997 996
997 1116
998 1089
998 999
998 1000
998 1001
998 435
998 437
998 1114
999 1028
999 1029
999 998
999 1030
999 1000
999 1031
999 1114
999 1115
1000 998
1000 1031
1000 999
1000 1001
1000 1002
1001 1089
1001 1090
1001 998
1001 1000
1001 1002
1001 1003
1002 705
1002 1031
1002 1000
1002 1001
1002 1003
1002 1004
1003 1090
1003 1001
1003 1002
1003 1004
1003 1005
1004 705
1004 1002
1004 1003
1004 1005
1004 1006
1004 703
1005 1090
1005 1097
1005 1003
1005 1004
1005 1006
1005 1007
1005 1105
1005 1049
1006 1004
1006 1005
1006 1007
1006 699
1006 701
1006 703
1007 1005
1007 1006
1007 1008
1007 1049
1007 699
1008 773
1008 1007
1008 1009
1008 1048
1008 697
1008 1050
1008 699
1008 1049
1009 1096
1009 463
1009 1008
1009 1010
1009 1048
1009 1050
1009 1117
1010 772
1010 775
1010 463
1010 1009
1010 1011
1010 1050
1011 775
1011 463
1011 1010
1011 1012
1011 1046
1011 1047
1012 1027
1012 774
1012 775
1012 1011
1012 1013
1012 1047
1013 1027
1013 774
1013 807
1013 1012
1013 1014
1014 1026
1014 1027
1014 1028
1014 1029
1014 806
1014 807
1014 809
1014 1013
1015 1093
1015 1094
1015 981
1015 1016
1015 1017
1015 1018
1016 1093
1016 1102
1016 1104
1016 1015
1016 1017
1017 973
1017 974
1017 1102
1017 1015
1017 1016
1017 1018
1018 974
1018 981
1018 1015
1018 1017
1018 1019
1019 974
1019 981
1019 983
1019 1018
1019 1020
1020 974
1020 976
1020 983
1020 1019
1020 1021
1020 1022
1021 983
1021 985
1021 987
1021 1020
1021 1022
1022 1037
1022 1038
1022 976
1022 978
1022 987
1022 1020
1022 1021
1022 1023
1023 1024
1023 1038
1023 978
1023 980
1023 1022
1024 1025
1024 993
1024 995
1024 1038
1024 1039
1024 980
1024 1023
1025 1024
1025 995
1025 1066
1025 980
1025 982
1026 1027
1026 1028
1026 1014
1026 1092
1027 1026
1027 1091
1027 1092
1027 1012
1027 1013
1027 1014
1027 1047
1028 1026
1028 1092
1028 1029
1028 999
1028 1014
1028 1115
1029 1028
1029 1030
1029 999
1029 809
1029 1014
1030 706
1030 1029
1030 1031
1030 999
1030 809
1030 810
1031 705
1031 706
1031 1030
1031 999
1031 1000
1031 1002
1032 1122
1032 835
1032 900
1032 836
1032 1033
1032 1034
1032 1041
1032 1042
1033 1032
1033 1034
1033 1116
1033 1122
1034 900
1034 1032
1034 1033
1034 1035
1034 1101
1034 1116
1035 900
1035 1034
1035 1036
1035 1101
1035 829
1036 1095
1036 1035
1036 1100
1036 1101
1036 885
1036 828
1036 829
1037 987
1037 989
1037 1022
1037 1038
1038 1024
1038 1037
1038 1039
1038 989
1038 1022
1038 1023
1039 1024
1039 993
1039 1038
1039 989
1039 991
1040 1041
1040 1042
1040 1043
1040 990
1041 1120
1041 1121
1041 1122
1041 1125
1041 1032
1041 1040
1041 1042
1041 1142
1041 951
1042 836
1042 1032
1042 1040
1042 1041
1042 1043
1042 1044
1043 1040
1043 1042
1043 1044
1043 1045
1043 990
1044 836
1044 1042
1044 1043
1044 1045
1044 887
1045 1095
1045 1043
1045 1044
1045 885
1045 886
1045 887
1045 990
1046 1057
1046 969
1046 426
1046 463
1046 1106
1046 1011
1046 1047
1047 1027
1047 1091
1047 426
1047 427
1047 1011
1047 1012
1047 1046
1048 1008
1048 1049
1048 1096
1048 1009
1049 1096
1049 1097
1049 1005
1049 1007
1049 1008
1049 1048
1050 772
1050 773
1050 1008
1050 1009
1050 1010
1051 1088
1051 1068
1051 1075
1051 1076
1051 1052
1051 1053
1051 1054
1051 1087
1052 1058
1052 1068
1052 1072
1052 1051
1052 1053
1052 1086
1053 1071
1053 1072
1053 1073
1053 1051
1053 1052
1053 1054
1053 1055
1054 881
1054 1075
1054 1077
1054 1078
1054 959
1054 1051
1054 1053
1054 1055
1055 1056
1055 881
1055 1073
1055 1074
1055 1118
1055 1053
1055 1054
1056 881
1056 1057
1056 1055
1057 1056
1057 939
1057 881
1057 882
1057 1106
1057 1107
1057 1046
1057 1118
1058 1059
1058 1060
1058 1061
1058 1062
1058 1067
1058 1068
1058 1052
1058 1085
1058 1086
1059 1058
1059 1067
1059 1060
1060 1145
1060 1058
1060 1059
1060 1061
1061 1058
1061 1060
1061 1062
1061 1063
1061 1145
1062 1058
1062 1061
1062 1063
1062 1064
1062 1098
1062 1099
1062 1111
1062 1085
1063 1064
1063 1061
1063 1062
1064 1098
1064 1143
1064 1062
1064 1063
1065 995
1065 997
1065 1066
1065 1101
1065 1108
1065 1116
1066 1025
1066 995
1066 1065
1066 1108
1066 982
1066 984
1067 1058
1067 1059
1067 1068
1067 1069
1067 1146
1068 1058
1068 1067
1068 1069
1068 1070
1068 1051
1068 1052
1068 1087
1069 1146
1069 1067
1069 1068
1069 1070
1070 1068
1070 1069
1070 1087
1071 1072
1071 1073
1071 1079
1071 1080
1071 1081
1071 1053
1072 1071
1072 1081
1072 1082
1072 1052
1072 1053
1072 1086
1073 1071
1073 1074
1073 1079
1073 1053
1073 1055
1074 965
1074 966
1074 1073
1074 1107
1074 1079
1074 1118
1074 1055
1075 1076
1075 1077
1075 1051
1075 1054
1075 1151
1076 1051
1076 1088
1076 1075
1077 1078
1077 1075
1077 1054
1077 1151
1078 1077
1078 1054
1078 959
1079 964
1079 965
1079 1071
1079 1073
1079 1074
1079 1080
1079 1119
1080 1127
1080 1071
1080 1079
1080 1081
1080 1119
1081 1127
1081 1129
1081 1071
1081 1072
1081 1080
1081 1082
1081 1083
1082 1072
1082 1109
1082 1081
1082 1083
1082 1084
1082 1085
1082 1086
1083 1129
1083 1084
1083 1081
1083 1082
1083 1148
1083 1149
1084 1109
1084 1110
1084 1112
1084 1082
1084 1083
1084 1148
1085 1058
1085 1062
1085 1109
1085 1111
1085 1082
1085 1086
1086 1058
1086 1072
1086 1082
1086 1052
1086 1085
1087 1088
1087 1068
1087 1070
1087 1051
1087 1150
1088 1051
1088 1076
1088 1150
1088 1087
1089 1090
1089 998
1089 1001
1089 437
1089 439
1090 1089
1090 1001
1090 1003
1090 1005
1090 1105
1090 439
1090 441
1091 1027
1091 1092
1091 427
1091 429
1091 1047
1092 1026
1092 1027
1092 1091
1092 1028
1092 429
1092 431
1092 1115
1093 1094
1093 1103
1093 1104
1093 977
1093 1015
1093 1016
1094 1093
1094 977
1094 979
1094 981
1094 1015
1095 1036
1095 1100
1095 885
1095 1045
1095 990
1096 1097
1096 1009
1096 1048
1096 1049
1096 1117
1097 1096
1097 1049
1097 1105
1097 1005
1098 1062
1098 1064
1098 1099
1098 1143
1098 1144
1099 1062
1099 1098
1099 1111
1099 1144
1099 1113
1100 1095
1100 1036
1100 1101
1100 986
1100 988
1100 990
1101 1065
1101 1034
1101 1035
1101 1100
1101 1036
1101 1108
1101 986
1101 1116
1102 1016
1102 1017
1102 972
1102 973
1103 1093
1103 971
1103 972
1103 1104
1103 977
1104 1016
1104 972
1104 1093
1104 1103
1105 1090
1105 1097
1105 1005
1105 462
1105 441
1106 1057
1106 966
1106 968
1106 969
1106 1107
1106 1046
1107 1057
1107 966
1107 1106
1107 1074
1107 1118
1108 1065
1108 1066
1108 1101
1108 984
1108 986
1109 1110
1109 1111
1109 1082
1109 1084
1109 1085
1110 1109
1110 1111
1110 1112
1110 1147
1110 1084
1111 1062
1111 1099
1111 1109
1111 1110
1111 1113
1111 1147
1111 1085
1112 1148
1112 1147
1112 1084
1112 1110
1113 1099
1113 1111
1114 998
1114 999
1114 433
1114 435
1114 1115
1115 1092
1115 1028
1115 999
1115 431
1115 433
1115 1114
1116 997
1116 1065
1116 1034
1116 1033
1116 1101
1117 1096
1117 1009
1117 463
1118 1057
1118 1074
1118 1107
1118 1055
1119 1080
1119 964
1119 1127
1119 1079
1120 1128
1120 1041
1120 1121
1120 951
1121 1120
1121 1041
1121 1142
1122 1032
1122 1041
1122 1033
1123 1124
1123 1125
1123 1126
1123 1133
1123 1134
1123 1135
1123 1136
1124 1142
1124 1123
1124 1125
1124 1126
1125 1041
1125 1123
1125 1124
1125 1142
1126 1123
1126 1124
1126 1133
1127 1080
1127 1081
1127 1119
1127 1129
1128 1120
1128 952
1128 951
1129 1081
1129 1083
1129 1149
1129 1127
1130 1131
1130 1132
1130 1139
1130 1140
1130 1141
1131 1130
1131 1132
1131 1134
1131 1138
1131 1139
1132 1130
1132 1131
1132 1134
1133 1136
1133 1123
1133 1126
1134 1123
1134 1131
1134 1132
1134 1135
1134 1137
1134 1138
1135 1136
1135 1137
1135 1123
1135 1134
1136 1123
1136 1133
1136 1135
1137 1138
1137 1134
1137 1135
1138 1137
1138 1131
1138 1134
1139 1130
1139 1131
1139 1140
1140 1130
1140 1139
1140 1141
1141 1130
1141 1140
1142 1041
1142 1124
1142 1125
1142 1121
1143 1064
1143 1098
1144 1098
1144 1099
1145 1060
1145 1061
1146 1067
1146 1069
1147 1112
1147 1148
1147 1110
1147 1111
1148 1147
1148 1112
1148 1083
1148 1084
1148 1149
1149 1129
1149 1083
1149 1148
1150 1088
1150 1087
1151 1075
1151 1077
1152 1153
1152 1154
1152 1155
1152 1324
1152 1329
1153 1152
1153 1154
1153 1286
1153 1287
1153 1324
1154 1152
1154 1153
1154 1312
1154 1155
1154 1156
1154 1286
1154 1170
1154 1300
1154 1172
1155 1152
1155 1154
1155 1156
1155 1157
1155 1329
1155 1181
1156 1154
1156 1155
1156 1157
1156 1158
1156 1300
1157 1155
1157 1156
1157 1158
1157 1159
1157 1179
1157 1181
1158 1156
1158 1157
1158 1252
1158 1159
1158 1160
1158 1254
1158 1300
1159 1157
1159 1158
1159 1160
1159 1161
1159 1177
1159 1179
1160 1249
1160 1250
1160 1251
1160 1252
1160 1158
1160 1159
1160 1161
1160 1162
1161 1159
1161 1160
1161 1162
1161 1163
1161 1177
1161 1182
1162 1250
1162 1160
1162 1161
1162 1163
1162 1164
1163 1161
1163 1162
1163 1164
1163 1165
1163 1173
1163 1182
1164 1250
1164 1162
1164 1163
1164 1290
1164 1165
1164 1166
1164 1292
1164 1302
1165 1163
1165 1164
1165 1166
1165 1167
1165 1169
1165 1173
1166 1253
1166 1164
1166 1165
1166 1294
1166 1167
1166 1168
1166 1301
1166 1302
1167 1168
1167 1169
1167 1165
1167 1166
1168 1253
1168 1254
1168 1166
1168 1167
1168 1169
1168 1170
1169 1165
1169 1167
1169 1168
1169 1170
1169 1171
1169 1173
1170 1154
1170 1254
1170 1168
1170 1169
1170 1171
1170 1172
1170 1300
1171 1169
1171 1170
1171 1172
1171 1173
1172 1312
1172 1154
1172 1170
1172 1171
1172 1173
1172 1174
1173 1163
1173 1165
1173 1169
1173 1171
1173 1172
1173 1174
1173 1175
1173 1182
1174 1312
1174 1284
1174 1285
1174 1286
1174 1172
1174 1173
1174 1175
1174 1176
1175 1173
1175 1174
1175 1176
1175 1177
1175 1182
1176 1284
1176 1255
1176 1174
1176 1175
1176 1177
1176 1178
1177 1159
1177 1161
1177 1175
1177 1176
1177 1178
1177 1179
1177 1182
1178 1255
1178 792
1178 1176
1178 1177
1178 1179
1178 1180
1179 1157
1179 1159
1179 1177
1179 1178
1179 1180
1179 1181
1180 795
1180 792
1180 1178
1180 1179
1180 1181
1180 799
1181 1155
1181 1157
1181 1329
1181 664
1181 1179
1181 1180
1181 799
1182 1161
1182 1163
1182 1173
1182 1175
1182 1177
1183 1184
1183 1185
1183 1186
1183 1283
1183 1325
1183 1230
1183 1326
1183 1239
1183 1215
1184 1185
1184 1311
1184 1189
1184 1191
1184 1326
1184 1306
1184 1307
1184 1183
1185 1184
1185 1183
1185 1186
1185 1187
1185 1309
1185 1311
1186 1185
1186 1187
1186 1188
1186 1325
1186 1183
1187 1185
1187 1186
1187 1188
1187 1189
1187 1309
1188 1186
1188 1187
1188 1189
1188 1190
1188 1325
1189 1184
1189 1187
1189 1188
1189 1190
1189 1191
1189 1307
1189 1309
1190 1192
1190 1188
1190 1189
1190 1191
1191 1184
1191 1189
1191 1190
1191 1192
1191 1193
1191 1326
1192 1281
1192 1190
1192 1191
1192 1193
1192 1194
1193 1191
1193 1192
1193 1194
1193 1227
1193 1326
1193 1303
1194 1281
1194 1192
1194 1193
1194 1227
1194 1228
1194 1229
1194 1230
1194 1264
1194 1270
1195 1221
1195 1196
1195 1197
1195 1198
1195 1328
1196 1313
1196 1314
1196 1195
1196 1197
1196 1328
1197 1314
1197 1315
1197 1195
1197 1196
1197 1198
1197 1199
1198 1220
1198 1221
1198 1195
1198 1197
1198 1199
1198 1200
1199 1280
1199 1315
1199 1197
1199 1198
1199 1200
1199 1201
1199 1278
1199 1279
1200 1219
1200 1220
1200 1198
1200 1199
1200 1201
1200 1202
1201 1199
1201 1200
1201 1202
1201 1203
1201 1277
1201 1278
1202 1218
1202 1219
1202 1200
1202 1201
1202 1203
1202 1204
1203 1201
1203 1202
1203 1204
1203 1205
1203 1277
1203 1247
1204 1217
1204 1218
1204 1313
1204 1314
1204 1202
1204 1203
1204 1205
1204 1206
1205 1248
1205 1331
1205 1203
1205 1204
1205 1206
1205 1247
1206 1314
1206 1315
1206 1316
1206 1331
1206 1204
1206 1205
1207 1320
1207 1271
1207 1208
1207 1209
1207 1210
1207 1212
1208 1320
1208 1209
1208 1211
1208 1207
1209 1208
1209 1210
1209 1211
1209 1207
1210 1209
1210 1211
1210 1212
1210 1207
1211 1320
1211 1208
1211 1209
1211 1210
1211 1212
1211 1213
1212 1271
1212 1207
1212 1210
1212 1211
1212 1213
1212 1214
1213 1320
1213 1321
1213 1211
1213 1212
1213 1214
1213 1215
1214 1216
1214 1271
1214 1272
1214 1212
1214 1213
1214 1215
1215 1216
1215 1283
1215 1321
1215 1238
1215 1239
1215 1275
1215 1276
1215 1213
1215 1214
1215 1183
1216 1283
1216 1272
1216 1273
1216 1214
1216 1215
1217 1328
1217 1313
1217 1218
1217 1204
1218 1217
1218 1219
1218 1328
1218 1202
1218 1204
1219 1218
1219 1220
1219 1200
1219 1328
1219 1202
1220 1219
1220 1221
1220 1198
1220 1200
1220 1328
1221 1328
1221 1195
1221 1220
1221 1198
1222 1318
1222 1223
1222 1224
1222 1225
1222 1228
1222 1229
1223 1317
1223 1318
1223 1222
1223 1224
1223 1319
1224 1317
1224 1222
1224 1223
1224 1225
1224 1226
1225 1222
1225 1224
1225 1226
1225 1227
1225 1229
1225 1303
1226 1317
1226 1318
1226 1224
1226 1225
1226 1227
1226 1228
1227 1225
1227 1194
1227 1226
1227 1228
1227 1193
1227 1303
1228 1318
1228 1222
1228 1194
1228 1226
1228 1227
1228 1229
1229 1222
1229 1225
1229 1194
1229 1228
1229 1230
1229 1303
1230 1194
1230 1229
1230 1326
1230 1269
1230 1270
1230 1239
1230 1303
1230 1183
1231 1322
1231 1232
1231 1233
1231 1234
1231 1236
1231 1274
1232 1233
1232 1322
1232 1235
1232 1231
1233 1232
1233 1234
1233 1235
1233 1231
1234 1233
1234 1235
1234 1236
1234 1231
1235 1322
1235 1232
1235 1233
1235 1234
1235 1236
1235 1237
1236 1231
1236 1234
1236 1235
1236 1237
1236 1238
1236 1274
1237 1322
1237 1323
1237 1235
1237 1236
1237 1238
1237 1239
1238 1236
1238 1237
1238 1239
1238 1274
1238 1275
1238 1215
1239 1183
1239 1323
1239 1262
1239 1263
1239 1264
1239 1230
1239 1237
1239 1238
1239 1269
1239 1215
1240 1280
1240 1291
1240 1292
1240 1241
1240 1242
1240 1243
1240 1278
1240 1279
1241 1292
1241 1298
1241 1299
1241 1240
1241 1242
1242 1330
1242 1299
1242 1240
1242 1241
1242 1243
1242 1244
1243 1245
1243 1240
1243 1242
1243 1244
1243 1277
1243 1278
1244 1288
1244 1327
1244 1330
1244 1242
1244 1243
1244 1245
1244 1246
1245 1243
1245 1244
1245 1277
1245 1246
1245 1247
1246 1248
1246 1288
1246 1289
1246 1331
1246 1244
1246 1245
1246 1247
1247 1248
1247 1203
1247 1205
1247 1245
1247 1277
1247 1246
1248 1331
1248 1205
1248 1246
1248 1247
1249 1250
1249 1251
1249 1160
1249 1296
1249 1298
1250 1249
1250 1160
1250 1162
1250 1292
1250 1164
1250 1298
1251 1249
1251 1252
1251 1253
1251 1160
1251 1293
1251 1296
1252 1251
1252 1253
1252 1158
1252 1254
1252 1160
1253 1251
1253 1252
1253 1254
1253 1293
1253 1294
1253 1166
1253 1168
1254 1252
1254 1253
1254 1158
1254 1168
1254 1170
1254 1300
1255 1284
1255 1256
1255 1324
1255 792
1255 1178
1255 796
1255 1176
1256 1255
1256 1257
1256 1324
1256 1329
1256 664
1256 796
1257 1256
1257 666
1257 796
1257 664
1258 1259
1258 1260
1258 1261
1258 1267
1259 1265
1259 1258
1259 1267
1259 1260
1260 1258
1260 1259
1260 1261
1260 1262
1260 1265
1260 1266
1261 1258
1261 1260
1261 1262
1261 1263
1261 1267
1261 1268
1262 1260
1262 1261
1262 1263
1262 1266
1262 1269
1262 1239
1263 1261
1263 1262
1263 1264
1263 1268
1263 1270
1263 1239
1264 1281
1264 1194
1264 1323
1264 1263
1264 1270
1264 1239
1264 1275
1264 1276
1265 1266
1265 1259
1265 1260
1265 1267
1266 1260
1266 1262
1266 1265
1266 1267
1266 1268
1266 1269
1267 1258
1267 1259
1267 1261
1267 1265
1267 1266
1267 1268
1268 1261
1268 1263
1268 1266
1268 1267
1268 1269
1268 1270
1269 1230
1269 1262
1269 1266
1269 1268
1269 1270
1269 1239
1270 1194
1270 1230
1270 1263
1270 1264
1270 1268
1270 1269
1271 1320
1271 1321
1271 1207
1271 1272
1271 1212
1271 1214
1272 1216
1272 1321
1272 1271
1272 1273
1272 1276
1272 1214
1273 1216
1273 1282
1273 1283
1273 1272
1273 1276
1274 1322
1274 1323
1274 1231
1274 1236
1274 1238
1274 1275
1275 1323
1275 1264
1275 1238
1275 1274
1275 1276
1275 1215
1276 1281
1276 1282
1276 1321
1276 1264
1276 1272
1276 1273
1276 1275
1276 1215
1277 1201
1277 1203
1277 1243
1277 1245
1277 1278
1277 1247
1278 1199
1278 1201
1278 1240
1278 1243
1278 1277
1278 1279
1279 1240
1279 1280
1279 1278
1279 1199
1280 1315
1280 1316
1280 1291
1280 1199
1280 1240
1280 1279
1281 1282
1281 1192
1281 1194
1281 1264
1281 1276
1282 1281
1282 1283
1282 1276
1282 1273
1283 1216
1283 1215
1283 1282
1283 1325
1283 1273
1283 1183
1284 1285
1284 1255
1284 1324
1284 1174
1284 1176
1285 1284
1285 1286
1285 1287
1285 1324
1285 1174
1286 1312
1286 1153
1286 1154
1286 1285
1286 1287
1286 1174
1287 1153
1287 1324
1287 1285
1287 1286
1288 1289
1288 1290
1288 1327
1288 1301
1288 1302
1288 1244
1288 1246
1289 1316
1289 1288
1289 1290
1289 1291
1289 1331
1289 1246
1290 1288
1290 1289
1290 1291
1290 1292
1290 1164
1290 1302
1291 1280
1291 1316
1291 1289
1291 1290
1291 1292
1291 1240
1292 1250
1292 1290
1292 1291
1292 1164
1292 1298
1292 1240
1292 1241
1293 1251
1293 1253
1293 1294
1293 1295
1293 1296
1294 1253
1294 1293
1294 1166
1294 1295
1294 1301
1295 1293
1295 1294
1295 1327
1295 1296
1295 1297
1295 1330
1295 1299
1295 1301
1296 1249
1296 1251
1296 1293
1296 1295
1296 1297
1296 1298
1297 1296
1297 1298
1297 1299
1297 1295
1298 1249
1298 1250
1298 1292
1298 1296
1298 1297
1298 1299
1298 1241
1299 1295
1299 1297
1299 1298
1299 1330
1299 1241
1299 1242
1300 1154
1300 1156
1300 1158
1300 1254
1300 1170
1301 1288
1301 1166
1301 1295
1301 1327
1301 1294
1301 1302
1302 1288
1302 1290
1302 1164
1302 1166
1302 1301
1303 1225
1303 1193
1303 1227
1303 1229
1303 1230
1303 1326
1304 1305
1304 1306
1304 1307
1304 1308
1305 1304
1305 1306
1305 1308
1305 1310
1306 1184
1306 1304
1306 1305
1306 1307
1306 1310
1306 1311
1307 1184
1307 1189
1307 1304
1307 1306
1307 1308
1307 1309
1308 1304
1308 1305
1308 1307
1308 1309
1308 1310
1308 1311
1309 1185
1309 1187
1309 1189
1309 1307
1309 1308
1309 1311
1310 1305
1310 1306
1310 1308
1310 1311
1311 1184
1311 1185
1311 1306
1311 1308
1311 1309
1311 1310
1312 1154
1312 1174
1312 1172
1312 1286
1313 1217
1313 1314
1313 1196
1313 1328
1313 1204
1314 1313
1314 1315
1314 1196
1314 1197
1314 1204
1314 1206
1315 1280
1315 1314
1315 1316
1315 1197
1315 1199
1315 1206
1316 1280
1316 1315
1316 1289
1316 1291
1316 1331
1316 1206
1317 1318
1317 1223
1317 1224
1317 1319
1317 1226
1318 1317
1318 1222
1318 1223
1318 1319
1318 1226
1318 1228
1319 1317
1319 1318
1319 1223
1320 1321
1320 1271
1320 1208
1320 1207
1320 1211
1320 1213
1321 1320
1321 1271
1321 1272
1321 1276
1321 1213
1321 1215
1322 1323
1322 1231
1322 1232
1322 1235
1322 1237
1322 1274
1323 1322
1323 1264
1323 1237
1323 1239
1323 1274
1323 1275
1324 1152
1324 1153
1324 1284
1324 1285
1324 1287
1324 1255
1324 1256
1324 1329
1325 1186
1325 1283
1325 1188
1325 1183
1326 1184
1326 1191
1326 1193
1326 1230
1326 1303
1326 1183
1327 1288
1327 1295
1327 1330
1327 1301
1327 1244
1328 1313
1328 1217
1328 1219
1328 1220
1328 1221
1328 1218
1328 1195
1328 1196
1329 1152
1329 1155
1329 1256
1329 1324
1329 664
1329 1181
1330 1327
1330 1295
1330 1299
1330 1242
1330 1244
1331 1248
1331 1316
1331 1289
1331 1205
1331 1206
1331 1246
