-0.022441 0.513361 -0.199865
-0.022430 0.500168 -0.109146
-0.090097 0.510892 -0.200411
0.045593 0.510889 -0.200411
-0.022441 0.576128 -0.192471
-0.099448 0.289367 -0.193020
0.054942 0.289366 -0.193020
-0.022441 0.629697 -0.194438
-0.098834 0.065253 -0.219850
0.054328 0.065253 -0.219850
-0.022441 0.709483 -0.206412
-0.022441 0.806043 -0.203177
0.003963 0.753119 -0.206159
-0.048894 0.753470 -0.206174
-0.022441 0.851532 -0.186767
0.089711 0.749045 -0.224278
-0.134736 0.749395 -0.224336
0.190922 0.664085 -0.242851
-0.236322 0.664137 -0.242967
0.312610 0.577827 -0.214924
-0.358348 0.577604 -0.215057
-0.399395 0.529067 -0.202454
