-0.022943 0.526514 -0.218443
-0.092778 0.523964 -0.219006
0.047281 0.523962 -0.219006
-0.022944 0.591301 -0.210810
-0.102430 0.295306 -0.211377
0.056932 0.295305 -0.211377
-0.022943 0.646596 -0.212840
-0.101797 0.063974 -0.239071
0.056298 0.063974 -0.239071
-0.022943 0.728951 -0.225200
-0.022943 0.828621 -0.221861
0.004311 0.773992 -0.224939
-0.050248 0.774355 -0.224955
-0.022943 0.875575 -0.204923
0.092821 0.769786 -0.243642
-0.138855 0.770148 -0.243701
0.197291 0.682091 -0.262813
-0.243712 0.682146 -0.262932
0.322895 0.593052 -0.233986
-0.369668 0.592826 -0.234124
