0.038040 0.690873 0.319196 0.472282 0.837383 0.275209
0.027461 0.672708 0.400454 0.327211 0.904318 0.274120
0.053522 0.675424 0.312152 0.738156 0.631526 0.237277
0.095065 0.662690 0.216805 0.585381 -0.564769 0.581691
0.000301 0.696873 0.322954 -0.000006 0.947164 0.320750
0.021934 0.686818 0.347535 0.175485 0.955658 0.236482
0.059787 0.686773 0.259492 0.714246 0.666246 0.214404
0.046255 0.706756 0.242474 0.553292 0.451059 0.700295
0.028199 0.708446 0.272039 0.452385 0.862454 0.226984
0.000301 0.727709 0.254448 -0.000000 0.584749 0.811214
0.012881 0.705152 0.298866 0.182720 0.896529 0.403546
0.000301 0.680763 0.374621 -0.000017 0.954667 0.297677
-0.026858 0.672707 0.400454 -0.194150 0.970850 0.140559
-0.037437 0.690873 0.319196 -0.472293 0.837375 0.275212
-0.012278 0.705152 0.298866 -0.182725 0.896528 0.403546
-0.021331 0.686818 0.347535 -0.175490 0.955654 0.236493
-0.045652 0.706756 0.242474 -0.553295 0.451043 0.700303
-0.027596 0.708446 0.272039 -0.452393 0.862449 0.226984
-0.094462 0.662688 0.216805 -0.717592 -0.128087 0.684584
-0.052919 0.675423 0.312152 -0.738175 0.631503 0.237282
-0.059184 0.686772 0.259492 -0.714259 0.666232 0.214402
0.000302 0.648279 0.278848 0.000009 -0.980686 0.195587
0.000301 0.641461 0.241886 0.000007 -0.900965 0.433892
0.031889 0.650810 0.245846 0.259146 -0.949816 0.175196
-0.031286 0.650809 0.245846 -0.259133 -0.949817 0.175210
0.031889 0.660865 0.294434 0.275019 -0.940041 0.201710
0.000301 0.671625 0.387650 0.006219 -0.977726 0.209794
-0.031286 0.660864 0.294434 -0.274995 -0.940049 0.201707
0.310575 0.589702 -0.198260 0.185442 0.544379 0.818085
0.199820 0.663443 -0.222221 0.185450 0.544362 0.818094
0.205305 0.597724 -0.179735 0.185450 0.544363 0.818094
0.105521 0.540028 -0.118724 0.149952 0.502014 0.851761
0.202472 0.475474 -0.097742 0.149930 0.502022 0.851760
0.206189 0.535068 -0.138242 0.185434 0.544396 0.818075
0.121036 0.383661 -0.039598 0.102052 0.442745 0.890821
0.143010 0.466388 -0.085355 0.113798 0.457544 0.881875
0.034446 0.441328 -0.058337 0.113827 0.457547 0.881870
0.087001 0.455006 -0.072220 0.113871 0.457546 0.881864
0.038889 0.288282 0.010852 -0.996544 0.008933 0.082589
0.064790 0.371090 -0.029028 0.078352 0.412561 0.907554
-0.037354 0.339060 -0.005645 -0.078396 -0.412561 -0.907550
0.011994 0.356223 -0.017710 -0.078396 -0.412561 -0.907550
0.409756 0.321719 -0.097908 0.318245 0.372895 0.871590
0.374763 0.445924 -0.138270 0.318245 0.372895 0.871590
0.335376 0.394526 -0.101899 0.318245 0.372895 0.871590
0.221609 0.415934 -0.069518 0.318179 0.372944 0.871593
0.252241 0.307216 -0.034199 -0.186241 -0.350640 -0.917805
0.294535 0.348290 -0.067208 0.577350 0.577350 -0.577350
0.202337 0.337873 -0.035785 -0.186241 -0.350640 -0.917805
0.133160 0.290469 -0.003637 0.120691 0.337438 0.933579
0.105809 0.387584 -0.035196 0.142640 0.342001 0.928810
0.153526 0.364662 -0.036117 0.186173 0.350686 0.917801
0.012809 0.270799 0.019039 0.120762 0.337391 0.933587
0.083926 0.316284 -0.006598 0.120759 0.337393 0.933586
-0.011275 0.356309 -0.008748 0.120765 0.337389 0.933587
0.035781 0.338231 -0.008302 0.120765 0.337389 0.933587
-0.199820 0.663439 -0.222221 -0.982653 -0.093723 -0.160030
-0.310574 0.589697 -0.198260 -0.185467 0.544375 0.818082
-0.237621 0.576202 -0.172741 -0.185467 0.544375 0.818082
-0.202470 0.475470 -0.097742 -0.562034 0.697504 -0.444528
-0.169270 0.559646 -0.146229 0.185444 -0.544377 -0.818086
-0.105520 0.540028 -0.118724 0.180686 -0.538778 -0.822843
-0.034443 0.441328 -0.055603 -0.108688 0.451073 0.885844
-0.114144 0.485609 -0.090690 -0.561125 0.698149 -0.444665
-0.121033 0.383659 -0.036864 -0.123729 0.469834 0.874041
-0.119315 0.433486 -0.063403 -0.123739 0.469809 0.874053
0.037357 0.339061 -0.002912 0.323954 0.870747 -0.369938
-0.039373 0.388016 -0.031793 -0.078371 0.412573 0.907547
-0.038885 0.288282 0.013586 0.078380 -0.412547 -0.907558
-0.040854 0.337001 -0.008730 0.078380 -0.412547 -0.907558
-0.374761 0.445918 -0.138270 -0.318241 0.372853 0.871610
-0.409751 0.321712 -0.097908 -0.318209 0.372881 0.871610
-0.345583 0.358281 -0.090126 -0.318208 0.372881 0.871610
-0.252236 0.307212 -0.034199 -0.318221 0.372816 0.871633
-0.221606 0.415931 -0.069518 -0.252870 0.362636 0.896968
-0.282868 0.389687 -0.080662 -0.318273 0.372824 0.871610
-0.105806 0.387582 -0.035196 -0.120712 0.337317 0.933620
-0.193216 0.370242 -0.046304 -0.186196 0.350626 0.917819
-0.163733 0.328421 -0.024344 0.186238 -0.350702 -0.917782
-0.133157 0.290468 -0.003637 -0.055016 0.322581 0.944942
0.011292 0.356309 -0.008748 -0.120757 0.337400 0.933584
-0.075890 0.344786 -0.015860 -0.120755 0.337395 0.933586
-0.012806 0.270799 0.019039 -0.120759 0.337405 0.933582
-0.044890 0.305859 0.002218 -0.120759 0.337405 0.933582
-0.059170 0.556306 -0.115921 0.000005 -0.837150 0.546974
-0.067604 0.705471 -0.227783 0.000009 -0.599959 -0.800031
-0.019723 0.655750 -0.190496 0.000009 -0.599959 -0.800030
0.067604 0.705473 -0.227783 0.000010 -0.599960 -0.800030
0.022535 0.606029 -0.153208 0.000010 -0.599960 -0.800030
0.059172 0.556308 -0.115921 0.000016 -0.837149 0.546974
0.052857 0.438185 -0.049220 -0.000009 0.473364 0.880867
0.017620 0.516933 -0.093687 -0.000008 0.491699 0.870765
-0.052855 0.438183 -0.049220 -0.000006 0.454815 0.890586
-0.019723 0.477558 -0.071454 -0.000009 0.491698 0.870766
0.046543 0.316275 0.009854 -0.000004 0.436074 0.899911
0.015515 0.397548 -0.029529 -0.000008 0.436071 0.899912
-0.046539 0.316275 0.009854 0.000000 0.436077 0.899909
-0.017617 0.356911 -0.009837 0.000000 0.436077 0.899909
-0.034443 0.441328 -0.058337 0.102066 -0.442745 -0.890820
-0.121033 0.383659 -0.039598 0.090244 -0.427730 -0.899390
-0.119315 0.433486 -0.065226 0.113853 -0.457511 -0.881885
0.037357 0.339061 -0.005645 0.078381 -0.412560 -0.907552
-0.039373 0.388016 -0.034527 0.078374 -0.412578 -0.907545
-0.038885 0.288282 0.010852 0.078388 -0.412542 -0.907560
-0.040854 0.337001 -0.011464 0.078388 -0.412542 -0.907560
-0.114610 0.842319 -0.029036 -0.220721 0.268057 0.937778
-0.065171 0.901025 -0.034176 -0.103048 0.172530 0.979599
-0.119791 0.879251 -0.040810 -0.220736 0.268000 0.937791
-0.179591 0.894408 -0.059217 -0.220736 0.267990 0.937794
0.021706 0.822773 0.031583 0.258403 0.924319 -0.280824
-0.052692 0.855372 -0.010543 0.335778 -0.359020 -0.870838
-0.017126 0.776684 0.035615 -0.335762 0.359076 0.870820
-0.036677 0.813925 0.012721 -0.335762 0.359076 0.870820
-0.124971 0.916183 -0.052583 -0.220736 0.267980 0.937797
-0.130152 0.953115 -0.064356 -0.220736 0.267980 0.937797
0.065773 0.901025 -0.034176 0.220764 0.267974 0.937792
0.115212 0.842321 -0.029036 0.259834 0.299207 0.918129
0.103912 0.898821 -0.042523 0.220718 0.267995 0.937797
0.130752 0.953118 -0.064356 0.220731 0.267992 0.937794
0.017728 0.776684 0.035615 0.886712 -0.432788 -0.162591
0.066238 0.840010 -0.009199 0.335785 0.359038 0.870827
-0.021104 0.822773 0.031583 -0.335741 -0.359060 -0.870836
0.020799 0.833494 0.011007 -0.335741 -0.359059 -0.870835
0.142052 0.896617 -0.050870 0.220743 0.267990 0.937792
0.180191 0.894412 -0.059217 0.220743 0.267990 0.937792
-0.038163 0.908721 -0.025114 -0.000000 -0.573769 -0.819018
0.038764 0.908721 -0.025114 0.000000 0.134689 0.990888
-0.012521 0.936992 -0.033625 -0.000000 0.288260 0.957552
-0.038163 0.993534 -0.050646 0.000000 0.288260 0.957552
0.030495 0.788384 0.033579 0.000000 -0.438376 -0.898792
0.010365 0.868609 -0.005550 -0.000000 -0.438375 -0.898792
-0.029893 0.788384 0.033579 -0.000000 -0.438376 -0.898792
-0.012520 0.828496 0.014015 -0.000000 -0.438375 -0.898792
0.013121 0.965263 -0.042135 -0.000000 0.288260 0.957552
0.038763 0.993534 -0.050646 -0.000000 0.288260 0.957552
0.060633 1.000000 -0.014152 -0.042320 -0.090764 -0.994973
0.084389 0.891678 -0.005281 0.024102 0.051694 -0.998372
0.056136 0.937266 -0.008238 -0.042319 -0.090764 -0.994973
0.023386 0.920121 -0.005281 0.171990 0.368862 0.913433
0.023182 0.777519 0.029369 0.109363 0.234550 0.965933
0.043652 0.863106 0.006269 0.109360 0.234550 0.965933
-0.024712 0.799851 0.029369 0.109366 0.234550 0.965932
0.007285 0.832497 0.017819 0.109366 0.234550 0.965933
0.121635 0.971557 -0.014152 -0.042320 -0.090764 -0.994973
0.088886 0.954412 -0.011195 -0.042320 -0.090764 -0.994973
-0.121035 0.971555 -0.014152 0.042321 -0.090765 -0.994973
-0.022786 0.920121 -0.005281 -0.024107 0.051690 -0.998372
-0.075870 0.927784 -0.008238 0.042322 -0.090763 -0.994973
-0.083788 0.891676 -0.005281 -0.172001 0.368854 0.913435
0.025314 0.799851 0.029369 -0.109370 0.234545 0.965933
-0.027087 0.870549 0.006269 -0.109368 0.234547 0.965933
-0.022580 0.777517 0.029369 -0.109372 0.234543 0.965934
-0.027018 0.823015 0.017819 -0.109372 0.234543 0.965934
-0.060032 0.999998 -0.014152 0.042320 -0.090766 -0.994973
-0.067951 0.963891 -0.011195 0.042320 -0.090766 -0.994973
0.009652 0.269981 0.019094 -0.286217 0.247783 0.925572
-0.006505 0.357157 -0.009240 -0.741924 0.553645 -0.378189
-0.032165 0.287389 0.001503 -0.286217 0.247783 0.925572
-0.099641 0.235029 -0.005346 -0.353169 0.229338 0.907015
-0.117998 0.334030 -0.037520 -0.417879 0.209749 0.883959
-0.074715 0.308739 -0.017369 0.286166 -0.247745 -0.925598
-0.206474 0.198000 -0.037576 -0.390247 0.218302 0.894456
-0.141371 0.255686 -0.026814 -0.353119 0.229301 0.907044
-0.227018 0.308851 -0.073592 -0.426779 0.206918 0.880366
-0.183830 0.280294 -0.049563 -0.353078 0.229274 0.907066
-0.310464 0.156912 -0.083926 -0.490611 0.185646 0.851373
-0.247985 0.221254 -0.065031 -0.462600 0.195244 0.864801
-0.333208 0.279600 -0.123782 -0.518164 0.175859 0.837007
-0.290230 0.248454 -0.093767 -0.462534 0.195206 0.864845
-0.411556 0.112544 -0.142031 -0.545154 0.165906 0.821756
-0.351743 0.183019 -0.116580 -0.545140 0.165898 0.821767
-0.436502 0.247069 -0.185742 -0.545169 0.165914 0.821744
-0.393755 0.213071 -0.150518 -0.545168 0.165913 0.821745
0.013929 0.549515 -0.176009 -0.103971 -0.651907 -0.751137
0.042523 0.652739 -0.282663 -0.125107 -0.714632 -0.688222
0.061563 0.574214 -0.208407 -0.119181 -0.697287 -0.706815
0.128238 0.520388 -0.166549 -0.111608 -0.674960 -0.729365
0.076357 0.494545 -0.139063 -0.096164 -0.628167 -0.772113
0.086905 0.413733 -0.074630 -0.091564 -0.613839 -0.784103
0.028545 0.467668 -0.111239 -0.096237 -0.628187 -0.772088
-0.015198 0.439757 -0.083077 -0.096272 -0.628195 -0.772077
0.169039 0.620496 -0.272178 -0.130962 -0.731504 -0.669142
0.113267 0.597874 -0.240463 -0.119123 -0.697272 -0.706840
0.070502 0.749937 -0.400456 -0.136747 -0.747870 -0.649608
0.094021 0.674391 -0.318432 -0.136763 -0.747874 -0.649600
0.044998 0.302471 0.010196 -0.936275 -0.231768 0.263958
0.038902 0.385320 -0.049170 -0.082189 -0.584479 -0.807236
0.209223 0.714590 -0.388961 -0.136731 -0.747866 -0.649616
0.149588 0.695008 -0.353865 -0.136731 -0.747866 -0.649616
-0.044913 0.325378 0.002761 0.082154 0.584470 0.807245
-0.005038 0.355869 -0.023373 0.082154 0.584470 0.807245
0.241046 0.377361 -0.110251 0.453789 0.559458 0.693601
0.270391 0.521743 -0.224899 0.400232 0.536141 0.743214
0.228201 0.456224 -0.158453 0.379801 0.526686 0.760495
0.173167 0.469568 -0.140210 -0.218964 -0.443701 -0.869014
0.182945 0.392018 -0.097657 -0.300686 -0.487656 -0.819622
0.134622 0.329125 -0.042509 -0.284588 -0.479346 -0.830203
0.127255 0.403390 -0.083997 -0.300537 -0.487712 -0.819643
0.073975 0.411476 -0.069273 -0.268428 -0.470794 -0.840416
0.345527 0.419693 -0.191742 0.420367 0.545168 0.725316
0.285655 0.439599 -0.175631 0.379762 0.526701 0.760504
0.365496 0.568681 -0.320894 0.440160 0.553741 0.706845
0.327138 0.503372 -0.245845 0.440166 0.553739 0.706843
0.026245 0.277073 0.017919 -0.252198 -0.462026 -0.850252
0.078281 0.339225 -0.031288 -0.252167 -0.462039 -0.850254
0.447875 0.456791 -0.284537 0.440155 0.553743 0.706846
0.386299 0.481722 -0.265724 0.440155 0.553743 0.706846
-0.027144 0.349585 -0.005645 -0.252229 -0.462014 -0.850249
0.024359 0.346045 -0.019000 -0.252229 -0.462014 -0.850249
0.206479 0.198004 -0.037576 0.426785 0.206921 0.880363
0.333212 0.279606 -0.123782 0.490619 0.185645 0.851369
0.255571 0.262155 -0.078317 0.462537 0.195273 0.864828
0.227021 0.308855 -0.073592 0.462561 0.195229 0.864826
0.099645 0.235031 -0.005346 -0.286175 -0.247781 -0.925585
0.177715 0.247297 -0.038838 0.353106 0.229272 0.907056
0.148222 0.292639 -0.038819 -0.353080 -0.229315 -0.907055
0.118001 0.334032 -0.037520 -0.308661 -0.241755 -0.919936
0.310468 0.156917 -0.083926 0.518184 0.175853 0.836995
0.283386 0.211509 -0.081761 0.462588 0.195186 0.864821
0.436504 0.247075 -0.185742 0.545159 0.165907 0.821752
0.360061 0.227866 -0.131150 0.545172 0.165884 0.821748
-0.009648 0.269981 0.019094 -0.286186 -0.247767 -0.925586
0.069333 0.279681 -0.007924 -0.286202 -0.247739 -0.925589
0.411560 0.112550 -0.142031 0.545146 0.165929 0.821756
0.386177 0.172181 -0.137233 0.545146 0.165929 0.821756
0.006508 0.357158 -0.009240 -0.286170 -0.247796 -0.925583
0.038287 0.320390 -0.009222 -0.286171 -0.247796 -0.925583
-0.044981 0.302469 0.010196 -0.082182 0.584474 0.807240
0.044916 0.325378 0.002761 0.658996 0.640251 -0.394718
-0.028989 0.347193 -0.020558 -0.082182 0.584474 0.807240
-0.086903 0.413731 -0.074630 0.096247 -0.628131 -0.772133
0.015201 0.439757 -0.083077 0.091570 -0.613829 -0.784110
-0.008929 0.392955 -0.051649 0.082194 -0.584462 -0.807248
-0.128237 0.520387 -0.166549 0.103973 -0.651892 -0.751150
-0.066646 0.457958 -0.108085 0.096234 -0.628142 -0.772124
-0.013927 0.549515 -0.176009 0.111616 -0.674968 -0.729356
-0.042321 0.503220 -0.141878 0.096179 -0.628199 -0.772085
-0.169038 0.620495 -0.272178 0.125110 -0.714624 -0.688230
-0.103734 0.563466 -0.204912 0.119175 -0.697256 -0.706846
-0.042522 0.652739 -0.282663 0.130966 -0.731512 -0.669132
-0.075162 0.607583 -0.243617 0.119137 -0.697296 -0.706813
-0.209224 0.714589 -0.388961 0.136747 -0.747872 -0.649606
-0.140261 0.662608 -0.314601 0.136762 -0.747856 -0.649621
-0.070502 0.749935 -0.400456 0.136732 -0.747887 -0.649592
-0.107416 0.705754 -0.357360 0.136732 -0.747887 -0.649592
-0.026242 0.277073 0.017919 -0.252220 0.462009 0.850255
0.027147 0.349585 -0.005645 0.003768 -0.879198 0.476442
-0.044567 0.318594 -0.010078 -0.252220 0.462009 0.850254
-0.134606 0.329123 -0.042509 0.300631 -0.487726 -0.819600
-0.073972 0.411476 -0.069273 0.252227 -0.462131 -0.850186
-0.060477 0.363395 -0.039142 0.252220 -0.462025 -0.850246
-0.241041 0.377357 -0.110251 -0.379780 0.526559 0.760593
-0.149873 0.372652 -0.074011 0.300631 -0.487711 -0.819609
-0.173165 0.469566 -0.140210 -0.353843 0.514310 0.781205
-0.162726 0.419466 -0.106578 -0.300626 0.487608 0.819672
-0.345524 0.419690 -0.191742 -0.400232 0.536143 0.743212
-0.253243 0.422204 -0.147401 -0.379782 0.526658 0.760524
-0.270388 0.521737 -0.224899 -0.420373 0.545179 0.725304
-0.263026 0.470331 -0.185617 -0.379787 0.526726 0.760475
-0.447875 0.456784 -0.284537 -0.440157 0.553747 0.706842
-0.354596 0.466070 -0.233726 -0.440157 0.553749 0.706841
-0.365493 0.568676 -0.320894 -0.440157 0.553746 0.706843
-0.361252 0.515732 -0.276777 -0.440157 0.553746 0.706843
0.000300 0.349904 -0.007167 0.000035 0.999892 0.014688
0.000302 0.327722 0.003790 -0.000005 0.825749 -0.564037
0.019824 0.324654 0.000986 0.194570 0.434426 0.879441
0.058869 0.296337 0.006336 0.568834 0.251539 -0.783043
-0.058269 0.296336 0.006337 -0.568837 0.251528 -0.783044
-0.019222 0.324654 0.000987 -0.194535 0.434401 0.879461
0.228818 0.427878 0.124711 -0.075262 0.993588 -0.084370
0.374183 0.420677 0.061606 0.634368 -0.480205 -0.605789
0.301520 0.419805 0.071601 -0.039667 0.978371 -0.203017
0.301559 0.410860 0.028486 0.125483 0.141700 -0.981924
0.410480 0.426430 0.127798 0.936387 0.195333 -0.291590
0.337827 0.424995 0.104705 0.009496 0.995737 -0.091750
0.253232 0.414128 0.062476 -0.116270 0.959246 -0.257543
0.229319 0.403646 0.034230 -0.182060 -0.276082 -0.943733
0.416190 0.431785 0.217654 0.111491 0.395315 0.911754
0.351829 0.428698 0.156721 0.008977 0.998155 -0.060056
0.213318 0.411700 0.070126 -0.094857 0.961472 -0.258020
0.181818 0.403577 0.051436 -0.361721 0.237084 -0.901637
0.219604 0.411333 0.191915 -0.123765 0.834775 0.536500
0.288204 0.423665 0.178093 -0.129424 0.966813 0.220276
0.168573 0.414524 0.103230 -0.129113 0.963001 -0.236555
0.095083 0.412117 0.133542 0.044914 0.998123 -0.041625
0.181168 0.417109 0.150056 -0.099374 0.969277 0.225002
0.282961 0.410137 0.203705 -0.159960 0.404128 0.900607
0.213090 0.387294 0.201545 -0.099684 -0.339178 0.935426
0.291132 0.390155 0.194873 0.087667 -0.667821 0.739141
0.244116 0.351385 0.165421 0.263073 -0.945241 0.193164
0.356929 0.403200 0.170291 0.416233 -0.908836 0.027712
0.076523 0.400936 0.099550 0.412001 0.644210 -0.644398
0.117808 0.405543 0.094843 -0.134857 0.960761 -0.242390
0.077348 0.405035 0.178049 0.469442 0.651459 0.596007
0.170014 0.401221 0.190503 -0.106429 0.394475 0.912722
0.130678 0.409495 0.167835 -0.056928 0.989246 0.134726
0.342926 0.399497 0.118275 0.382992 -0.914482 -0.130536
0.220678 0.362004 0.177381 0.065491 -0.679002 0.731209
0.204829 0.347334 0.165178 -0.096686 -0.978973 0.179619
0.241216 0.361195 0.105147 0.124192 -0.934870 -0.332559
0.286505 0.377752 0.110725 0.356610 -0.919248 -0.166772
0.230054 0.353305 0.145249 0.102178 -0.981055 -0.164590
0.076370 0.419750 0.138546 0.630154 0.774899 -0.049369
0.082659 0.410934 0.123879 0.243951 0.873820 -0.420626
0.082934 0.412301 0.150046 0.428589 0.850086 0.306049
0.115805 0.395710 0.086326 -0.329061 -0.571785 -0.751519
0.089075 0.382618 0.107991 0.555675 -0.278108 -0.783506
0.098210 0.378902 0.165159 0.705913 -0.051997 0.706388
0.172043 0.371177 0.177294 -0.189386 -0.639192 0.745363
0.129549 0.390410 0.181584 -0.211857 -0.563112 0.798763
0.305653 0.397577 0.065080 0.282391 -0.891170 -0.355065
0.200881 0.361159 0.108359 -0.132658 -0.913854 -0.383762
0.157258 0.382451 0.089262 -0.154846 -0.816323 -0.556453
0.215642 0.356563 0.126228 -0.017863 -0.971781 -0.235209
0.223805 0.375333 0.082579 -0.039709 -0.860267 -0.508295
0.204006 0.389461 0.064675 -0.195520 -0.816619 -0.543052
0.257365 0.391900 0.055954 0.044043 -0.853916 -0.518544
0.107159 0.373386 0.135987 0.454405 -0.862039 -0.224510
0.136733 0.366541 0.155441 -0.282663 -0.954623 0.093793
0.132372 0.372388 0.117446 -0.184109 -0.962649 -0.198520
0.170956 0.360626 0.136508 -0.189603 -0.956972 -0.219673
-0.228213 0.427878 0.124711 0.075259 0.993588 -0.084371
-0.300955 0.410858 0.028486 -0.125486 0.141697 -0.981924
-0.300915 0.419804 0.071601 0.039670 0.978367 -0.203039
-0.373577 0.420676 0.061606 -0.634372 -0.480181 -0.605804
-0.228720 0.403645 0.034230 0.182063 -0.276076 -0.943735
-0.252629 0.414127 0.062476 0.116265 0.959242 -0.257560
-0.337224 0.424993 0.104705 -0.009517 0.995739 -0.091718
-0.409881 0.426426 0.127798 -0.936388 0.195331 -0.291589
-0.181219 0.403575 0.051436 0.362797 0.221242 -0.905224
-0.212717 0.411699 0.070126 0.094883 0.961465 -0.258035
-0.351226 0.428695 0.156721 -0.008998 0.998154 -0.060056
-0.415584 0.431781 0.217654 -0.111499 0.395292 0.911763
-0.094478 0.412117 0.133542 -0.044881 0.998124 -0.041649
-0.167970 0.414523 0.103230 0.129114 0.962993 -0.236589
-0.287602 0.423664 0.178093 0.129419 0.966807 0.220306
-0.219008 0.411332 0.191915 0.123761 0.834764 0.536518
-0.180566 0.417109 0.150056 0.099372 0.969272 0.225029
-0.117205 0.405542 0.094843 0.134869 0.960747 -0.242435
-0.075918 0.400934 0.099550 -0.384872 0.635052 -0.669763
-0.212494 0.387292 0.201545 0.099684 -0.339164 0.935431
-0.282362 0.410135 0.203705 0.159962 0.404113 0.900614
-0.243517 0.351383 0.165421 -0.263067 -0.945244 0.193157
-0.290532 0.390152 0.194873 -0.087666 -0.667825 0.739137
-0.356327 0.403197 0.170291 -0.416230 -0.908836 0.027745
-0.075765 0.419748 0.138546 -0.630143 0.774907 -0.049383
-0.082054 0.410933 0.123879 -0.243863 0.873840 -0.420636
-0.076750 0.405035 0.178049 -0.469436 0.651450 0.596022
-0.082331 0.412300 0.150046 -0.428504 0.850160 0.305960
-0.169417 0.401220 0.190503 0.106425 0.394460 0.912729
-0.130079 0.409495 0.167835 0.056922 0.989245 0.134737
-0.342325 0.399495 0.118275 -0.382967 -0.914483 -0.130604
-0.096404 0.381584 0.107730 -0.525822 -0.306314 -0.793526
-0.117847 0.395364 0.086239 0.309858 -0.629332 -0.712692
-0.097605 0.378900 0.165159 -0.705928 -0.051998 0.706372
-0.128950 0.390409 0.181584 0.211861 -0.563040 0.798812
-0.204223 0.347332 0.165178 0.096692 -0.978974 0.179613
-0.171441 0.371175 0.177294 0.189381 -0.639167 0.745386
-0.220078 0.362002 0.177381 -0.065481 -0.679010 0.731203
-0.240618 0.361193 0.105147 -0.124196 -0.934868 -0.332562
-0.285904 0.377751 0.110725 -0.356636 -0.919239 -0.166765
-0.229453 0.353303 0.145249 -0.102160 -0.981058 -0.164587
-0.305050 0.397576 0.065080 -0.282411 -0.891163 -0.355067
-0.215041 0.356561 0.126228 0.017863 -0.971780 -0.235211
-0.200282 0.361157 0.108359 0.133552 -0.912941 -0.385619
-0.159302 0.382105 0.089175 0.157171 -0.816380 -0.555717
-0.170353 0.360625 0.136508 0.189607 -0.956966 -0.219694
-0.106554 0.373385 0.135987 -0.480955 -0.864580 -0.145544
-0.136127 0.366539 0.155441 0.282667 -0.954625 0.093759
-0.134413 0.372042 0.117359 0.187372 -0.959347 -0.211057
-0.256764 0.391899 0.055954 -0.044033 -0.853912 -0.518552
-0.203407 0.389459 0.064675 0.195505 -0.816619 -0.543057
-0.223207 0.375332 0.082579 0.039709 -0.860262 -0.508304
0.000300 0.858533 0.058001 -0.000009 0.969788 -0.243949
0.044409 0.853331 0.108791 0.234304 0.972085 -0.012376
0.034706 0.852468 0.074894 0.213760 0.973096 -0.085975
0.059408 0.845539 0.057890 0.285944 0.930442 -0.229159
0.000300 0.861301 0.125976 -0.000015 0.997124 0.075788
0.015003 0.857722 0.097589 0.162498 0.985892 -0.040146
0.033545 0.845414 0.045717 0.193980 0.885984 -0.421193
0.040927 0.832171 0.021259 0.253675 0.875934 -0.410352
-0.043810 0.853329 0.108791 -0.234318 0.972081 -0.012367
-0.014403 0.857721 0.097589 -0.162538 0.985885 -0.040146
0.013842 0.841117 0.026155 0.223659 0.892045 -0.392724
0.000300 0.832648 -0.000795 -0.000014 0.837987 -0.545690
-0.058809 0.845539 0.057890 -0.285955 0.930438 -0.229162
-0.034106 0.852467 0.074894 -0.213757 0.973099 -0.085938
-0.013242 0.841117 0.026155 -0.223702 0.892036 -0.392720
-0.040327 0.832169 0.021259 -0.253691 0.875923 -0.410365
-0.032945 0.845414 0.045717 -0.193972 0.885965 -0.421237
0.097267 0.837090 0.119725 0.463331 0.884476 0.055016
0.067028 0.845320 0.095469 0.303823 0.951077 -0.056066
0.059693 0.845088 0.179250 0.327441 0.876033 0.354046
0.067123 0.845170 0.135922 0.283778 0.957561 0.050468
0.034801 0.853240 0.138006 0.203736 0.976517 0.070048
0.091578 0.802187 -0.013679 0.479689 0.570661 -0.666517
0.044268 0.822335 0.002262 0.235045 0.879421 -0.413971
0.119974 0.822174 0.059492 0.578486 0.786291 -0.217028
0.084160 0.818844 0.022357 0.283746 0.891328 -0.353586
0.092216 0.834934 0.079036 0.360493 0.928022 -0.093913
0.073436 0.833295 0.046214 0.329186 0.821367 -0.465826
-0.066429 0.845319 0.095469 -0.303822 0.951080 -0.056029
-0.096667 0.837088 0.119725 -0.463341 0.884470 0.055024
-0.059093 0.845087 0.179250 -0.327456 0.876030 0.354039
-0.034201 0.853239 0.138006 -0.203768 0.976511 0.070030
-0.066523 0.845168 0.135922 -0.283785 0.957559 0.050457
-0.043668 0.822334 0.002262 -0.235071 0.879429 -0.413939
-0.090978 0.802185 -0.013679 -0.479700 0.570661 -0.666508
-0.119374 0.822172 0.059492 -0.578504 0.786275 -0.217035
-0.072837 0.833293 0.046214 -0.329206 0.821330 -0.465877
-0.083560 0.818842 0.022357 -0.283746 0.891328 -0.353586
-0.091617 0.834933 0.079036 -0.360526 0.928011 -0.093898
0.020098 0.851669 0.165072 0.093051 0.976678 0.193496
0.000300 0.848619 0.189989 -0.000007 0.905355 0.424656
-0.019498 0.851669 0.165072 -0.093068 0.976677 0.193496
0.000300 0.791232 -0.035463 -0.000003 0.396595 -0.917994
0.030726 0.808689 -0.016646 0.105377 0.638299 -0.762542
-0.030126 0.808688 -0.016646 -0.105391 0.638298 -0.762541
0.055786 0.383113 0.236957 0.529998 0.530470 0.661592
0.086173 0.382446 0.189441 0.763495 0.514865 0.389858
0.073102 0.390198 0.201482 0.725882 0.514055 0.456993
0.120174 0.323796 0.203295 0.837364 0.375446 0.397319
0.087378 0.363118 0.209898 0.720464 0.524767 0.453378
0.057567 0.406924 0.203321 0.648489 0.604693 0.462395
0.039566 0.432625 0.194956 0.665017 0.523942 0.532201
0.072999 0.321103 0.255279 0.489575 0.232194 0.840477
0.082986 0.342671 0.231844 0.676725 0.375043 0.633551
0.031884 0.416526 0.216401 0.383712 0.667250 0.638391
0.000299 0.433839 0.217289 -0.000024 0.528924 0.848669
0.018795 0.400098 0.234291 0.177971 0.518865 0.836125
0.000299 0.383341 0.248626 -0.000017 0.415677 0.909512
0.043028 0.362519 0.246954 0.195742 0.327457 0.924369
0.087244 0.388794 0.177550 0.810286 0.483539 0.331099
0.101519 0.361715 0.185965 0.787703 0.530597 0.313036
0.064428 0.419137 0.170517 0.641915 0.723606 0.253654
0.061526 0.427927 0.158249 0.797545 0.431144 0.421944
0.068641 0.431406 0.141245 0.953261 0.295788 0.061672
0.024532 0.341516 0.259499 0.233869 0.369323 0.899392
0.000299 0.320105 0.274593 -0.000009 0.133271 0.991080
0.132866 0.261247 0.203309 0.832938 -0.096990 0.544800
0.108680 0.302049 0.220628 0.728549 0.147982 0.668818
0.052279 0.298249 0.261123 0.256547 0.014521 0.966423
0.083540 0.253539 0.253496 0.420813 -0.258764 0.869458
0.096468 0.278630 0.237361 0.703202 0.091102 0.705130
-0.055181 0.383111 0.236957 -0.529999 0.530448 0.661608
-0.018194 0.400097 0.234291 -0.178010 0.518862 0.836119
-0.038961 0.432625 0.194956 -0.665021 0.523940 0.532197
-0.031281 0.416525 0.216401 -0.383771 0.667230 0.638376
0.116930 0.344302 0.165978 0.862707 0.471097 0.183862
0.132405 0.330207 0.129479 0.884279 0.452160 -0.116623
0.112591 0.360832 0.143542 0.861309 0.477373 0.173957
0.000302 0.251382 0.274413 0.000003 -0.283585 0.958947
0.028047 0.275009 0.267501 0.243775 -0.002530 0.969828
-0.023932 0.341516 0.259499 -0.233893 0.369321 0.899387
-0.072393 0.321103 0.255279 -0.489569 0.232185 0.840483
-0.042425 0.362518 0.246954 -0.195776 0.327470 0.924357
-0.051677 0.298248 0.261123 -0.256573 0.014533 0.966415
-0.082936 0.253537 0.253496 -0.420813 -0.258765 0.869458
-0.027445 0.275008 0.267501 -0.243776 -0.002551 0.969828
0.149599 0.275955 0.129340 0.993102 0.114079 -0.027082
0.134213 0.286999 0.178648 0.948193 0.192457 0.252765
0.134059 0.309986 0.154038 0.937636 0.296699 0.181131
-0.056964 0.406924 0.203321 -0.648416 0.604711 0.462473
-0.063825 0.419136 0.170517 -0.641830 0.723718 0.253547
-0.068037 0.431404 0.141245 -0.953274 0.295744 0.061684
-0.060921 0.427926 0.158249 -0.797569 0.431087 0.421957
0.109546 0.362070 0.124486 0.788472 0.512307 -0.340374
-0.095864 0.278628 0.237361 -0.703199 0.091119 0.705130
-0.132262 0.261245 0.203309 -0.832921 -0.096989 0.544826
0.124839 0.294896 0.065348 0.787842 0.319165 -0.526725
0.135614 0.300353 0.108056 0.917970 0.291620 -0.268867
-0.072500 0.390197 0.201482 -0.725953 0.513892 0.457063
-0.085568 0.382446 0.189441 -0.763529 0.514804 0.389872
-0.119576 0.323794 0.203295 -0.837363 0.375457 0.397310
-0.082383 0.342669 0.231844 -0.676679 0.375045 0.633599
-0.086775 0.363117 0.209898 -0.720429 0.524815 0.453377
-0.108077 0.302047 0.220628 -0.728507 0.147903 0.668882
0.106741 0.352318 0.103925 0.787097 0.506220 -0.352449
0.098744 0.344130 0.074304 0.697062 0.506892 -0.507115
0.118663 0.323078 0.089710 0.794799 0.487105 -0.361971
0.088114 0.375895 0.093948 0.847481 0.453860 -0.275295
-0.100916 0.361713 0.185965 -0.787689 0.530651 0.312978
-0.086641 0.388794 0.177550 -0.810386 0.483346 0.331137
-0.133611 0.286997 0.178648 -0.948212 0.192370 0.252762
-0.148996 0.275952 0.129340 -0.993101 0.114090 -0.027106
0.074072 0.367690 0.073102 0.518974 0.508402 -0.687163
0.046948 0.358005 0.045451 0.391231 0.569609 -0.722831
0.055090 0.387513 0.074869 0.441883 0.569259 -0.693313
0.041800 0.403598 0.079605 0.388290 0.511948 -0.766250
0.053335 0.411963 0.094100 0.437969 0.582518 -0.684730
0.041682 0.431356 0.103144 0.716237 0.291665 -0.633985
0.064858 0.417347 0.113747 0.596287 0.723935 -0.346930
0.067118 0.314603 0.023458 0.491252 0.502851 -0.711205
0.096900 0.317876 0.054370 0.620421 0.446164 -0.644993
0.070937 0.338913 0.047738 0.511759 0.565544 -0.646732
-0.131800 0.330205 0.129479 -0.895190 0.435226 -0.095983
-0.133457 0.309984 0.154038 -0.937642 0.296731 0.181046
-0.116327 0.344300 0.165978 -0.862696 0.471147 0.183783
-0.111986 0.360830 0.143542 -0.861312 0.477361 0.173977
0.000299 0.431349 0.072847 -0.000009 0.054441 -0.998517
0.027927 0.422101 0.085199 0.486878 0.566133 -0.665163
0.029682 0.389289 0.064312 0.253219 0.598154 -0.760323
0.000299 0.406263 0.067880 -0.000012 0.509387 -0.860537
0.014133 0.413737 0.073444 0.278184 0.186562 -0.942236
0.062231 0.427504 0.127645 0.676290 0.559416 -0.479254
0.038123 0.333443 0.024233 0.333454 0.544836 -0.769390
-0.111586 0.361725 0.124399 -0.842876 0.515875 -0.153079
-0.135010 0.300350 0.108056 -0.917959 0.291645 -0.268875
-0.124235 0.294892 0.065348 -0.787847 0.319170 -0.526714
-0.041202 0.403598 0.079605 -0.388335 0.511918 -0.766248
-0.013535 0.413737 0.073444 -0.278184 0.186562 -0.942236
0.015849 0.375677 0.047197 0.322872 0.637311 -0.699706
0.000299 0.362763 0.028259 -0.000034 0.624405 -0.781101
0.015850 0.349497 0.025833 0.339180 0.538606 -0.771272
-0.015248 0.375677 0.047197 -0.322934 0.637297 -0.699690
-0.046342 0.358004 0.045451 -0.391265 0.569591 -0.722827
-0.029082 0.389288 0.064312 -0.253225 0.598118 -0.760350
-0.015247 0.349496 0.025833 -0.339247 0.538553 -0.771280
-0.098139 0.344128 0.074304 -0.670562 0.492835 -0.554491
-0.108781 0.351972 0.103838 -0.824497 0.397553 -0.402687
-0.118058 0.323075 0.089710 -0.794800 0.487102 -0.361973
-0.054487 0.387512 0.074869 -0.441996 0.569178 -0.693308
-0.073466 0.367689 0.073102 -0.518974 0.508402 -0.687164
-0.090154 0.375549 0.093861 -0.685143 0.502406 -0.527416
-0.027329 0.422101 0.085199 -0.486878 0.566133 -0.665163
-0.041084 0.431356 0.103144 -0.716280 0.291656 -0.633940
-0.052735 0.411963 0.094100 -0.438068 0.582488 -0.684693
-0.066515 0.314603 0.023458 -0.491260 0.502865 -0.711189
-0.096296 0.317874 0.054370 -0.620445 0.446167 -0.644968
-0.037518 0.333443 0.024233 -0.333450 0.544861 -0.769375
-0.070332 0.338912 0.047738 -0.511755 0.565578 -0.646706
-0.064256 0.417346 0.113747 -0.596391 0.723865 -0.346896
-0.061629 0.427503 0.127645 -0.676368 0.559391 -0.479174
0.044736 0.614045 0.007002 0.396861 -0.588571 -0.704333
0.082706 0.616008 0.043113 0.670412 -0.670118 -0.318575
0.055750 0.593230 0.035178 0.607886 -0.506310 -0.611658
0.039808 0.549636 0.055420 0.655068 -0.413739 -0.632223
0.117935 0.644086 0.032991 0.613225 -0.638758 -0.464698
0.081792 0.624713 0.027702 0.471535 -0.755558 -0.454738
0.028281 0.568539 0.033148 0.436725 -0.561663 -0.702713
0.000299 0.541935 0.037021 -0.000019 -0.489488 -0.872010
0.070891 0.641503 -0.004008 0.431977 -0.500934 -0.749974
0.077854 0.633211 0.011995 0.476856 -0.678359 -0.558961
0.015112 0.590196 0.012409 0.251099 -0.499818 -0.828934
0.000301 0.614607 -0.006797 0.000002 -0.510002 -0.860173
0.000301 0.642121 -0.022836 0.000001 -0.478550 -0.878060
0.038643 0.632556 -0.006614 0.213838 -0.532167 -0.819190
0.015113 0.623591 -0.007544 0.253371 -0.487183 -0.835737
0.060621 0.562199 0.093924 0.951928 -0.304477 0.033570
0.061045 0.575948 0.064152 0.792504 -0.557896 -0.246352
0.104830 0.626572 0.057647 0.552507 -0.789532 -0.267163
0.113849 0.619622 0.096838 0.579527 -0.813537 -0.048025
0.074977 0.595764 0.100064 0.642379 -0.741147 0.195065
0.072768 0.591324 0.079034 0.920271 -0.391027 -0.014103
0.090511 0.610465 0.080005 0.495021 -0.837722 -0.230599
0.149175 0.648809 0.092085 0.853999 -0.518731 -0.040051
0.126986 0.637506 0.073971 0.595535 -0.762145 -0.253916
0.063895 0.587041 0.108666 0.738667 -0.413337 0.532469
0.056086 0.603159 0.132011 0.482271 -0.702398 0.523499
0.052227 0.578840 0.119394 0.771932 -0.384949 0.505900
0.039975 0.571162 0.132247 0.686496 0.021288 0.726822
0.090830 0.626484 0.168371 0.471817 -0.812008 0.343557
0.093219 0.613957 0.121758 0.521747 -0.816788 0.246248
0.073964 0.608469 0.133482 0.239883 -0.904997 0.351335
0.042280 0.594935 0.139145 0.566996 -0.279777 0.774752
0.030778 0.610485 0.153178 0.256821 -0.698695 0.667734
0.023684 0.585211 0.145799 0.395095 -0.357928 0.846042
0.000298 0.573987 0.151971 -0.000007 -0.102422 0.994741
0.066152 0.633117 0.208061 0.262829 -0.839923 0.474816
0.051005 0.615587 0.164417 0.033539 -0.931395 0.362461
0.071023 0.620920 0.169481 0.272750 -0.906901 0.321150
0.010459 0.599577 0.156628 0.308295 -0.287451 0.906822
0.000301 0.614260 0.164736 -0.000003 -0.704573 0.709632
-0.009859 0.599577 0.156628 -0.308305 -0.287408 0.906832
-0.030176 0.610485 0.153178 -0.256823 -0.698681 0.667748
-0.023085 0.585211 0.145799 -0.395114 -0.357880 0.846054
-0.039378 0.571162 0.132247 -0.686534 0.021293 0.726786
0.032410 0.628354 0.201042 0.059836 -0.935828 0.347340
0.010460 0.622069 0.186600 0.009284 -0.943059 0.332497
-0.009858 0.622069 0.186600 -0.009284 -0.943059 0.332497
0.053839 0.645756 0.222251 0.326554 -0.547146 0.770710
-0.041680 0.594935 0.139145 -0.567006 -0.279711 0.774768
-0.055485 0.603159 0.132011 -0.482289 -0.702397 0.523485
-0.051627 0.578840 0.119394 -0.772024 -0.384899 0.505797
-0.060017 0.562199 0.093924 -0.951928 -0.304481 0.033537
-0.065551 0.633115 0.208061 -0.262834 -0.839927 0.474807
-0.050404 0.615586 0.164417 -0.033519 -0.931403 0.362442
-0.031809 0.628354 0.201042 -0.059800 -0.935834 0.347330
-0.053237 0.645755 0.222251 -0.326546 -0.547121 0.770731
-0.063293 0.587040 0.108666 -0.738629 -0.413400 0.532474
-0.074376 0.595763 0.100064 -0.642359 -0.741167 0.195056
-0.072166 0.591323 0.079034 -0.920240 -0.391098 -0.014155
-0.082104 0.616008 0.043113 -0.670391 -0.670140 -0.318573
-0.060442 0.575948 0.064152 -0.792495 -0.557913 -0.246342
-0.039204 0.549636 0.055420 -0.655085 -0.413731 -0.632211
-0.090228 0.626484 0.168371 -0.471816 -0.812011 0.343551
-0.073363 0.608469 0.133482 -0.239869 -0.904994 0.351353
-0.070421 0.620919 0.169481 -0.272788 -0.906900 0.321120
-0.044135 0.614045 0.007002 -0.396863 -0.588578 -0.704327
-0.055148 0.593230 0.035178 -0.607888 -0.506326 -0.611642
-0.089909 0.610464 0.080005 -0.495026 -0.837714 -0.230618
-0.113247 0.619621 0.096838 -0.579519 -0.813543 -0.048020
-0.092617 0.613956 0.121758 -0.521754 -0.816779 0.246261
-0.104228 0.626571 0.057647 -0.552470 -0.789560 -0.267155
-0.117334 0.644084 0.032991 -0.613212 -0.638774 -0.464692
-0.081191 0.624712 0.027702 -0.471515 -0.755592 -0.454703
-0.027680 0.568539 0.033148 -0.436777 -0.561663 -0.702681
-0.126385 0.637504 0.073971 -0.595529 -0.762155 -0.253899
-0.148574 0.648808 0.092085 -0.853991 -0.518744 -0.040049
-0.070290 0.641503 -0.004008 -0.431968 -0.500936 -0.749978
-0.077253 0.633211 0.011995 -0.476842 -0.678353 -0.558981
-0.014512 0.590196 0.012409 -0.251096 -0.499808 -0.828941
-0.038041 0.632556 -0.006614 -0.213835 -0.532165 -0.819192
-0.014511 0.623591 -0.007544 -0.253366 -0.487184 -0.835738
0.130755 0.719725 0.003207 0.793117 -0.129142 -0.595222
0.077155 0.717269 -0.041908 0.354914 -0.105916 -0.928880
0.099829 0.746394 -0.017460 0.633230 0.145168 -0.760228
0.092934 0.692832 -0.014236 0.601724 -0.396556 -0.693305
0.126019 0.765026 0.019293 0.802355 0.272450 -0.531035
0.155724 0.773167 0.068352 0.902740 0.340469 -0.262947
0.106527 0.668438 0.010730 0.584368 -0.381142 -0.716411
0.150178 0.738034 0.049023 0.904137 0.087368 -0.418213
0.164056 0.721211 0.075511 0.995511 -0.007394 -0.094354
0.132622 0.670873 0.042761 0.850198 -0.311283 -0.424578
0.147995 0.696582 0.056934 0.876350 -0.271238 -0.398045
0.056344 0.770229 -0.030350 0.190871 0.280309 -0.940742
0.049449 0.666964 -0.022917 0.226373 -0.450666 -0.863513
0.025919 0.691077 -0.039646 0.162164 -0.395305 -0.904122
0.000300 0.713841 -0.054194 0.000000 -0.086755 -0.996230
0.025918 0.740781 -0.043855 0.143384 0.232808 -0.961895
0.122425 0.799176 0.038055 0.765161 0.480750 -0.428261
-0.025318 0.691077 -0.039646 -0.162164 -0.395309 -0.904120
-0.076555 0.717269 -0.041908 -0.354914 -0.105917 -0.928880
-0.025318 0.740781 -0.043855 -0.143384 0.232808 -0.961895
-0.055744 0.770229 -0.030350 -0.190876 0.280314 -0.940739
-0.099229 0.746392 -0.017460 -0.633233 0.145170 -0.760225
-0.130155 0.719723 0.003207 -0.793118 -0.129145 -0.595219
-0.125419 0.765024 0.019293 -0.802361 0.272456 -0.531022
-0.155123 0.773163 0.068352 -0.902745 0.340459 -0.262942
-0.121825 0.799173 0.038055 -0.765177 0.480726 -0.428260
-0.092333 0.692832 -0.014236 -0.601713 -0.396565 -0.693309
-0.048848 0.666964 -0.022917 -0.226370 -0.450668 -0.863513
-0.149578 0.738031 0.049023 -0.904142 0.087372 -0.418202
-0.163455 0.721208 0.075511 -0.995511 -0.007393 -0.094354
-0.105926 0.668437 0.010730 -0.584356 -0.381150 -0.716417
-0.147395 0.696580 0.056934 -0.876352 -0.271244 -0.398038
-0.132021 0.670872 0.042761 -0.850198 -0.311292 -0.424571
0.000302 0.167013 0.190454 0.000011 -0.908056 0.418848
0.070907 0.167166 0.161760 0.057106 -0.841864 0.536660
0.050441 0.179270 0.190385 0.205980 -0.839766 0.502360
0.080113 0.203630 0.218940 0.434136 -0.672951 0.598884
0.000303 0.155746 0.135244 0.000013 -0.999470 0.032553
0.023837 0.163308 0.162486 0.083097 -0.976416 0.199264
0.026906 0.189583 0.216535 0.196041 -0.831570 0.519673
0.000302 0.198107 0.240210 0.000007 -0.670031 0.742333
-0.070302 0.167164 0.161760 -0.057082 -0.841872 0.536650
-0.023232 0.163308 0.162486 -0.083070 -0.976419 0.199262
-0.026301 0.189583 0.216535 -0.196023 -0.831573 0.519675
-0.079508 0.203628 0.218940 -0.434111 -0.672951 0.598902
-0.049836 0.179268 0.190385 -0.205961 -0.839768 0.502365
0.134365 0.217117 0.172964 0.817320 -0.433595 0.379451
0.095128 0.195971 0.184555 0.523546 -0.754070 0.396583
0.129294 0.192794 0.148058 0.842226 -0.350306 0.409806
0.111522 0.192359 0.160927 0.437567 -0.686220 0.581066
-0.054047 0.218424 0.237549 -0.248991 -0.562824 0.788183
0.054652 0.218425 0.237549 0.249002 -0.562820 0.788183
-0.027444 0.234342 0.256040 -0.219930 -0.527024 0.820900
0.028048 0.234343 0.256040 0.219942 -0.527023 0.820897
-0.094526 0.195969 0.184555 -0.523492 -0.754094 0.396608
-0.133767 0.217114 0.172964 -0.817320 -0.433611 0.379432
-0.110919 0.192356 0.160927 -0.437565 -0.686277 0.580999
-0.128689 0.192791 0.148058 -0.842227 -0.350350 0.409766
0.098840 0.239472 0.225248 0.669513 -0.453366 0.588397
0.115781 0.227331 0.198404 0.645621 -0.417678 0.639312
-0.098235 0.239470 0.225248 -0.669510 -0.453376 0.588392
0.138943 0.251440 0.168538 0.974303 -0.104212 0.199682
0.148316 0.239402 0.110047 0.982211 -0.150709 -0.112023
0.144093 0.244158 0.137450 0.977053 -0.125231 0.172292
0.137325 0.216438 0.143690 0.947481 -0.302831 0.102829
-0.115179 0.227329 0.198404 -0.645579 -0.417632 0.639384
-0.138342 0.251437 0.168538 -0.974307 -0.104103 0.199719
0.139838 0.257800 0.097085 0.915403 0.162299 -0.368370
0.121599 0.258043 0.051868 0.802804 0.013423 -0.596092
0.132012 0.276298 0.082185 0.936104 0.045283 -0.348797
0.129613 0.194307 0.078550 0.813408 -0.211252 -0.541978
0.133176 0.230584 0.080155 0.898029 -0.068978 -0.434495
0.135741 0.208834 0.112218 0.924694 -0.380690 -0.004043
-0.147712 0.239398 0.110047 -0.982200 -0.150745 -0.112071
-0.143492 0.244155 0.137450 -0.977070 -0.125212 0.172211
-0.120995 0.258040 0.051868 -0.802806 0.013412 -0.596090
-0.139234 0.257797 0.097085 -0.915405 0.162273 -0.368377
-0.131409 0.276295 0.082185 -0.936099 0.045289 -0.348809
0.101769 0.283092 0.041184 0.654612 0.208263 -0.726711
0.072273 0.220198 0.019823 0.393158 -0.412357 -0.821820
0.084247 0.258193 0.026009 0.568498 -0.045423 -0.821430
0.107828 0.224183 0.050080 0.646038 -0.224217 -0.729631
0.085711 0.182721 0.059680 0.291326 -0.382634 -0.876767
0.095866 0.199075 0.052684 0.446680 -0.571728 -0.688189
-0.136723 0.216434 0.143690 -0.947455 -0.302958 0.102693
-0.101166 0.283089 0.041184 -0.654634 0.208260 -0.726693
0.053986 0.164779 0.063724 -0.236785 -0.802426 -0.547764
0.070657 0.189233 0.047742 0.278256 -0.651159 -0.706092
-0.129008 0.194304 0.078550 -0.813406 -0.211264 -0.541977
-0.135136 0.208831 0.112218 -0.924684 -0.380715 -0.004044
-0.132572 0.230581 0.080155 -0.898026 -0.068995 -0.434500
-0.071669 0.220196 0.019823 -0.393150 -0.412365 -0.821820
-0.083644 0.258191 0.026009 -0.568506 -0.045439 -0.821423
-0.107224 0.224180 0.050080 -0.646039 -0.224225 -0.729628
-0.085107 0.182719 0.059680 -0.291320 -0.382638 -0.876767
-0.095261 0.199073 0.052684 -0.446678 -0.571729 -0.688189
-0.053381 0.164778 0.063724 0.236803 -0.802420 -0.547765
-0.070052 0.189231 0.047742 -0.278232 -0.651169 -0.706092
0.178625 0.016100 0.136812 0.614607 0.767826 -0.180833
0.182649 0.017203 0.194214 0.331973 0.925860 0.180492
0.190021 0.011103 0.178616 0.564377 0.823656 -0.055391
0.208789 0.000005 0.204822 0.871401 -0.008956 0.490490
0.165117 0.027103 0.144527 0.503718 0.863647 0.019515
0.175464 0.020135 0.158518 0.610378 0.789986 -0.057969
0.193029 0.005370 0.157466 0.733414 0.658314 -0.169492
0.191674 0.000005 0.130763 0.875985 -0.405969 -0.260461
0.140683 0.024563 0.089602 0.508586 0.799789 -0.318870
0.161475 0.022589 0.123647 0.512945 0.816190 -0.265934
0.174517 0.000386 0.083171 0.711732 0.510659 -0.482354
0.164608 0.013683 0.103195 0.523470 0.806031 -0.276214
0.181605 0.005497 0.116915 0.704545 0.664666 -0.248668
0.139184 0.000004 0.058244 0.119329 -0.489582 -0.863754
0.151461 0.008318 0.077006 0.399388 0.712405 -0.577034
0.114146 0.019172 0.074589 -0.605406 0.508367 -0.612410
0.131338 0.014580 0.074145 0.189532 0.768598 -0.611012
0.099230 0.000003 0.072785 -0.568927 -0.612353 -0.548950
0.117520 0.006393 0.068539 -0.322344 0.334177 -0.885675
0.091904 0.024507 0.102589 -0.876796 0.474284 -0.079266
0.101760 0.014561 0.083321 -0.611361 0.530943 -0.586803
0.086583 0.000003 0.108521 -0.754695 -0.651019 -0.081302
0.092572 0.008171 0.094632 -0.935548 0.123001 -0.331091
0.092667 0.000003 0.154774 -0.938839 0.084276 0.333884
0.090385 0.008171 0.121961 -0.962563 0.239670 0.126613
0.106376 0.016099 0.161697 -0.649327 0.656746 0.383484
0.096982 0.013536 0.139687 -0.787214 0.553696 0.271504
0.142466 0.000004 0.231115 -0.488020 -0.511989 0.706897
0.113836 0.005369 0.182529 -0.755559 0.431528 0.492863
0.106730 0.022565 0.141826 -0.553992 0.794520 0.248658
0.121909 0.027088 0.161191 -0.290181 0.876783 0.383467
0.145553 0.017202 0.208936 -0.116019 0.859953 0.497012
0.124613 0.020130 0.177275 -0.517387 0.750281 0.411569
0.131465 0.011102 0.200583 -0.566880 0.687353 0.454085
-0.178017 0.016095 0.136812 -0.617954 0.760286 -0.200244
-0.167645 0.000000 0.080798 -0.748396 -0.391312 -0.535518
-0.178910 0.005365 0.116117 -0.674902 0.666583 -0.316505
-0.191067 0.000000 0.130742 -0.861033 -0.412705 -0.297148
-0.140075 0.024560 0.089602 -0.529780 0.782387 -0.327421
-0.161912 0.013552 0.102404 -0.570060 0.755591 -0.322667
-0.192422 0.005365 0.157449 -0.733283 0.658466 -0.169467
-0.208181 0.000000 0.204794 -0.766414 0.612304 0.194148
-0.164510 0.027099 0.144527 -0.430648 0.901232 0.048197
-0.160867 0.022585 0.123647 -0.513000 0.816150 -0.265951
-0.182041 0.017198 0.194214 -0.373998 0.884618 0.278526
-0.174856 0.020131 0.158518 -0.610440 0.789938 -0.057972
-0.189413 0.011098 0.178607 -0.564336 0.823685 -0.055389
-0.148766 0.008187 0.076208 -0.439920 0.696879 -0.566419
-0.138577 0.000001 0.058223 -0.127629 -0.498529 -0.857426
-0.113539 0.019169 0.074589 0.605282 0.508834 -0.612146
-0.130730 0.014577 0.074138 -0.189356 0.768832 -0.610772
-0.098623 0.000001 0.072764 0.719618 -0.003930 -0.694360
-0.116913 0.006390 0.068525 0.322231 0.335049 -0.885387
-0.091297 0.024505 0.102589 0.876765 0.474346 -0.079248
-0.101153 0.014558 0.083314 0.611085 0.531388 -0.586687
-0.085976 0.000001 0.108493 0.754737 -0.650967 -0.081322
-0.091965 0.008169 0.094615 0.935486 0.123356 -0.331134
-0.092060 0.000001 0.154746 0.783534 -0.555371 0.278637
-0.089778 0.008169 0.121943 0.962596 0.239533 0.126617
-0.105769 0.016096 0.161697 0.649493 0.656531 0.383570
-0.096375 0.013534 0.139677 0.787406 0.553415 0.271520
-0.121302 0.027085 0.161191 0.364201 0.830298 0.421856
-0.106123 0.022562 0.141826 0.553990 0.794517 0.248671
-0.113229 0.005366 0.182512 0.755841 0.430879 0.492998
-0.141858 0.000001 0.231094 0.353051 -0.162144 0.921447
-0.144946 0.017199 0.208936 0.153871 0.904644 0.397420
-0.130858 0.011099 0.200576 0.567074 0.687082 0.454252
-0.124006 0.020127 0.177275 0.517387 0.750281 0.411569
0.000301 0.669370 0.342662 -0.000018 0.998336 -0.057660
0.000301 0.662694 0.227077 0.024100 0.998046 -0.057641
0.040942 0.666031 0.281445 0.006105 -0.998372 0.056708
-0.040340 0.666030 0.281445 0.006084 0.998372 -0.056706
-0.031287 0.665669 0.277177 0.005957 0.998439 -0.055533
0.031889 0.665670 0.277177 0.005977 -0.998439 0.055533
0.000302 0.311099 -0.018237 0.000006 0.075406 -0.997153
0.019824 0.319113 -0.006356 0.427302 0.248043 -0.869418
-0.019222 0.319113 -0.006356 -0.427290 0.248004 -0.869435
0.000302 0.252026 -0.011077 0.000005 -0.256027 -0.966670
-0.019222 0.286487 -0.007659 -0.360252 -0.112246 -0.926077
0.019824 0.286487 -0.007659 0.360262 -0.112246 -0.926074
0.013524 0.526329 0.167169 0.433213 0.380742 0.816923
0.026613 0.479209 0.181497 0.469108 0.363033 0.805074
-0.012927 0.526329 0.167169 -0.433222 0.380735 0.816921
-0.026013 0.479209 0.181497 -0.469177 0.362996 0.805051
0.049394 0.478398 0.156149 0.862393 0.206644 0.462143
-0.048792 0.478397 0.156149 -0.862397 0.206599 0.462155
-0.055811 0.521588 0.122472 -0.880664 0.207994 0.425639
0.056412 0.521589 0.122472 0.880598 0.208035 0.425755
0.056981 0.474987 0.112771 0.806306 -0.156897 -0.570310
-0.056379 0.474986 0.112771 -0.806367 -0.156864 -0.570234
-0.046768 0.514397 0.084163 -0.889290 -0.158900 -0.428852
0.047370 0.514397 0.084163 0.889289 -0.158940 -0.428839
-0.026663 0.470780 0.077137 -0.563276 -0.301453 -0.769315
0.027263 0.470780 0.077137 0.563271 -0.301479 -0.769309
0.013469 0.507640 0.055096 0.449424 -0.275317 -0.849834
-0.012869 0.507640 0.055096 -0.449479 -0.275308 -0.849808
0.024292 0.224584 0.009148 0.143706 -0.502651 -0.852461
0.000302 0.201528 0.018699 0.000008 -0.656174 -0.754610
0.043815 0.256187 0.005027 0.353869 -0.102382 -0.929674
-0.023688 0.224583 0.009148 -0.143692 -0.502652 -0.852463
-0.043212 0.256186 0.005028 -0.353864 -0.102388 -0.929676
0.018197 0.176272 0.049944 -0.009915 -0.780433 -0.625160
0.000303 0.162510 0.067408 0.000009 -0.925870 -0.377842
0.042187 0.195502 0.034082 0.179303 -0.646554 -0.741497
-0.017592 0.176272 0.049944 0.009930 -0.780433 -0.625161
-0.041583 0.195501 0.034082 -0.179287 -0.646562 -0.741495
0.041732 0.162564 0.120243 0.161049 -0.986939 -0.003767
0.018197 0.161012 0.088792 0.035228 -0.994448 -0.099157
-0.017592 0.161011 0.088792 -0.035208 -0.994449 -0.099157
-0.041127 0.162563 0.120243 -0.161022 -0.986944 -0.003772
0.118856 0.082896 0.080775 0.703886 0.187920 -0.685004
0.126120 0.109817 0.114631 0.986860 -0.134778 0.089124
0.123245 0.094259 0.098570 0.918821 0.188294 -0.346862
0.124760 0.090063 0.100305 0.952469 0.304601 0.004615
0.122082 0.105252 0.080109 0.795411 -0.105028 -0.596901
0.122353 0.099322 0.091838 0.984767 -0.144964 -0.096018
0.099861 0.108228 0.070834 0.070771 -0.170602 -0.982795
0.113600 0.098792 0.077239 0.374584 -0.081568 -0.923598
0.106611 0.080121 0.074754 -0.172741 0.129683 -0.976393
0.108443 0.090415 0.075454 0.444491 -0.018160 -0.895599
0.120750 0.103679 0.117566 0.754588 -0.418497 0.505428
0.111370 0.111156 0.137761 0.388597 -0.394251 0.832802
0.116717 0.098111 0.123426 0.948122 0.042396 0.315066
0.114021 0.093115 0.132211 0.194837 0.403984 0.893776
0.094831 0.083708 0.086547 -0.871799 -0.089556 -0.481607
0.100434 0.090686 0.077378 -0.721431 -0.262619 -0.640757
0.092292 0.092893 0.108998 -0.883895 -0.159747 0.439556
0.105894 0.099055 0.126323 -0.694324 -0.302859 0.652833
0.115235 0.077527 0.101942 -0.462279 0.772589 0.435205
0.109683 0.043041 0.121907 -0.832932 0.371529 0.410109
0.107095 0.040402 0.093040 -0.715747 0.307306 -0.627112
0.123355 0.040421 0.088711 -0.394328 -0.383988 0.834900
0.140345 0.043064 0.112024 0.797676 0.471017 -0.376637
0.134087 0.043906 0.135887 0.236626 0.752819 0.614224
-0.118250 0.082893 0.080775 -0.703888 0.187914 -0.685004
-0.121476 0.105249 0.080109 -0.795410 -0.105033 -0.596901
-0.112994 0.098789 0.077239 -0.374584 -0.081568 -0.923598
-0.099255 0.108225 0.070834 -0.070727 -0.170623 -0.982795
-0.125514 0.109814 0.114631 -0.986860 -0.134779 0.089116
-0.121747 0.099319 0.091838 -0.984767 -0.144964 -0.096018
-0.107837 0.090412 0.075454 -0.444491 -0.018160 -0.895599
-0.106005 0.080118 0.074754 0.172845 0.129698 -0.976372
-0.124154 0.090060 0.100305 -0.952475 0.304583 0.004610
-0.122639 0.094256 0.098570 -0.918821 0.188294 -0.346863
-0.094232 0.083705 0.086547 0.871815 -0.089560 -0.481578
-0.099831 0.090683 0.077378 0.721632 -0.262634 -0.640524
-0.110765 0.111153 0.137761 -0.388603 -0.394256 0.832796
-0.120144 0.103676 0.117566 -0.754609 -0.418484 0.505407
-0.113415 0.093113 0.132211 -0.194850 0.403976 0.893777
-0.116111 0.098109 0.123426 -0.948123 0.042344 0.315070
-0.091686 0.092891 0.108998 0.883926 -0.159767 0.439489
-0.105289 0.099052 0.126323 0.694329 -0.302839 0.652837
-0.122748 0.040418 0.088711 0.394343 -0.383979 0.834897
-0.114629 0.077524 0.101942 0.462266 0.772601 0.435198
-0.106488 0.040399 0.093040 0.715736 0.307320 -0.627117
-0.139738 0.043061 0.112024 -0.797686 0.470994 -0.376646
-0.109076 0.043038 0.121907 0.832924 0.371548 0.410110
-0.133480 0.043903 0.135887 -0.236643 0.752815 0.614223
0.128342 0.165639 0.113746 0.999204 -0.039720 0.003721
0.125938 0.136459 0.091097 0.990825 -0.085620 -0.104574
0.122261 0.137922 0.133483 0.810947 -0.245063 0.531328
0.117185 0.135929 0.076498 0.379232 -0.048246 -0.924043
0.131664 0.012644 0.057467 0.273882 0.314747 -0.908803
0.119044 0.058554 0.070999 0.347654 0.351745 -0.869144
0.166372 0.024806 0.091225 0.735819 0.490475 -0.466911
0.138964 0.040115 0.076489 0.587548 0.349290 -0.729921
0.136663 0.065922 0.090768 0.738716 0.529144 -0.417499
0.108716 0.035441 0.065720 -0.161344 0.188286 -0.968771
0.087873 0.013559 0.064938 -0.650840 0.239535 -0.720438
0.073901 0.015502 0.120127 -0.970060 0.232979 0.068592
0.087008 0.064034 0.105224 -0.960844 0.200888 -0.190848
0.103206 0.026713 0.149772 -0.547935 0.289554 0.784810
0.089800 0.045036 0.126299 -0.733990 0.264384 0.625588
0.085535 0.037590 0.090537 -0.953719 0.170828 -0.247464
0.103173 0.070907 0.130327 -0.700739 0.286878 0.653197
0.147010 0.033783 0.153455 0.254375 0.448265 0.856943
0.121412 0.051204 0.145146 -0.124209 0.272553 0.954089
0.096438 0.059129 0.075413 -0.633620 0.284469 -0.719446
0.170882 0.033215 0.130735 0.751888 0.627332 0.202778
0.143971 0.053371 0.138800 0.586246 0.541659 0.602430
0.168458 0.000132 0.090726 0.022065 -0.999629 -0.015957
0.179882 0.000005 0.131276 0.000028 -1.000000 -0.000006
0.149068 0.000004 0.111950 0.000023 -1.000000 -0.000004
0.150162 0.000004 0.169574 0.000016 -1.000000 0.000002
0.109426 0.000003 0.137474 0.000010 -1.000000 0.000004
0.107239 0.000003 0.164803 0.000025 -1.000000 -0.000003
0.178997 0.011470 0.202657 0.243963 0.750017 0.614781
0.150037 0.020498 0.188114 0.067494 0.983106 0.170136
0.156558 0.023798 0.166644 0.066175 0.982790 0.172469
0.165603 0.005737 0.214958 0.243896 0.749658 0.615246
-0.121656 0.137919 0.133483 -0.810963 -0.245064 0.531303
-0.127737 0.165636 0.113746 -0.999203 -0.039732 0.003721
-0.125333 0.136456 0.091097 -0.990824 -0.085631 -0.104572
-0.116580 0.135926 0.076498 -0.379231 -0.048251 -0.924043
-0.118437 0.058551 0.070999 -0.347658 0.351736 -0.869147
-0.131056 0.012641 0.057467 -0.273885 0.314740 -0.908805
-0.138357 0.040112 0.076489 -0.587550 0.349275 -0.729926
-0.165765 0.024802 0.091225 -0.735827 0.490461 -0.466912
-0.136056 0.065918 0.090768 -0.738726 0.529131 -0.417497
-0.087266 0.013557 0.064938 0.650898 0.239590 -0.720367
-0.108109 0.035439 0.065720 0.161343 0.188291 -0.968770
-0.095834 0.059127 0.075413 0.633805 0.284509 -0.719267
-0.170275 0.033211 0.130735 -0.751903 0.627316 0.202772
-0.135948 0.072128 0.121084 -0.716077 0.675366 0.176395
-0.073294 0.015500 0.120127 0.970060 0.233012 0.068482
-0.084931 0.037587 0.090537 0.953700 0.170937 -0.247463
-0.086404 0.064032 0.105224 0.960795 0.200848 -0.191135
-0.102598 0.026711 0.149772 0.547936 0.289566 0.784804
-0.089193 0.045034 0.126299 0.734001 0.264394 0.625570
-0.102566 0.070905 0.130327 0.700734 0.286898 0.653193
-0.107725 0.000001 0.079827 0.000000 -1.000000 0.000000
-0.105538 0.000001 0.107154 0.000000 -1.000000 0.000000
-0.132761 0.000001 0.097922 0.000025 -1.000000 -0.000012
-0.133854 0.000001 0.155546 0.000008 -1.000000 0.000005
-0.166857 0.000000 0.147545 0.000010 -1.000000 0.000005
-0.180369 0.000000 0.188877 0.000014 -1.000000 0.000003
-0.177360 0.005733 0.210034 -0.244038 0.749500 0.615383
-0.156282 0.011466 0.211415 -0.244327 0.749245 0.615579
-0.163832 0.020499 0.182559 -0.068198 0.982773 0.171772
-0.143586 0.023794 0.171551 -0.065648 0.983074 0.171044
0.083609 0.301945 0.031714 0.625254 0.364490 -0.690076
0.042096 0.312887 0.011195 0.333227 0.560314 -0.758293
-0.041494 0.312887 0.011195 -0.333222 0.560306 -0.758301
-0.083006 0.301944 0.031714 -0.625275 0.364501 -0.690051
0.091523 0.123738 0.136173 -0.434868 -0.601355 0.670270
0.103857 0.157039 0.149193 0.300396 -0.183998 0.935899
0.080370 0.113793 0.086423 -0.898868 -0.431756 0.074984
0.072395 0.141613 0.111494 -0.909869 -0.380108 0.166298
0.105062 0.161752 0.069688 0.407321 -0.059091 -0.911371
0.079853 0.151909 0.064746 -0.038143 -0.155056 -0.987169
0.136554 0.072131 0.121084 0.716058 0.675382 0.176408
0.154005 0.049361 0.107422 0.811136 0.546293 -0.208859
-0.090918 0.123736 0.136173 0.434878 -0.601350 0.670268
-0.103252 0.157036 0.149193 -0.300393 -0.183998 0.935900
-0.071790 0.141611 0.111494 0.909875 -0.380096 0.166295
-0.079766 0.113791 0.086423 0.898838 -0.431858 0.074768
-0.104457 0.161749 0.069688 -0.407329 -0.059099 -0.911367
-0.079248 0.151907 0.064746 0.038148 -0.155054 -0.987169
-0.146403 0.033780 0.153455 -0.254389 0.448261 0.856941
-0.120805 0.051201 0.145146 0.124201 0.272556 0.954090
-0.143364 0.053368 0.138800 -0.586263 0.541647 0.602424
0.082893 0.118905 0.073702 -0.407727 -0.431902 -0.804499
-0.082289 0.118903 0.073702 0.407825 -0.431950 -0.804424
-0.153398 0.049358 0.107422 -0.811147 0.546278 -0.208857
0.000300 0.795824 0.254790 -0.000002 0.426776 0.904357
0.028529 0.750300 0.246143 0.285777 -0.004807 0.958284
0.084985 0.727368 0.229192 0.434630 -0.000152 0.900609
-0.084385 0.727366 0.229192 -0.434625 -0.000167 0.900611
-0.027928 0.750300 0.246143 -0.285771 -0.004816 0.958286
0.056242 0.771521 0.236925 0.320912 0.043204 0.946123
0.083441 0.791372 0.226793 0.546479 0.360478 0.755921
-0.082841 0.791371 0.226793 -0.546484 0.360479 0.755916
-0.055642 0.771520 0.236925 -0.320913 0.043203 0.946123
0.047811 0.810761 0.220278 0.260778 0.701921 0.662799
-0.047211 0.810761 0.220278 -0.260785 0.701921 0.662795
0.020098 0.829844 0.208010 0.158277 0.765497 0.623669
-0.019498 0.829843 0.208010 -0.158290 0.765495 0.623668
0.043847 0.720611 0.242038 0.285185 0.079623 0.955159
-0.043245 0.720610 0.242038 -0.285182 0.079599 0.955163
0.143268 0.785250 0.162518 0.823867 0.498466 0.269769
0.095467 0.807237 0.189520 0.574029 0.670185 0.470471
0.106478 0.747625 0.209776 0.646455 0.044144 0.761674
0.151009 0.724134 0.173343 0.859698 -0.038429 0.509355
0.125906 0.766919 0.187551 0.725765 0.208069 0.655722
-0.094867 0.807235 0.189520 -0.574040 0.670182 0.470462
-0.142667 0.785248 0.162518 -0.823872 0.498462 0.269761
-0.150409 0.724132 0.173343 -0.859698 -0.038434 0.509354
-0.105878 0.747623 0.209776 -0.646455 0.044143 0.761674
-0.125306 0.766917 0.187551 -0.725771 0.208080 0.655712
0.110353 0.704731 0.206447 0.643830 -0.045939 0.763788
0.075435 0.698938 0.229490 0.377365 -0.117122 0.918628
-0.109752 0.704729 0.206447 -0.643828 -0.045969 0.763788
-0.074833 0.698937 0.229490 -0.377343 -0.117144 0.918634
0.100076 0.822476 0.153831 0.595516 0.755004 0.274463
-0.099476 0.822474 0.153831 -0.595527 0.754997 0.274457
0.131848 0.657000 0.176212 0.724434 -0.535888 0.433612
0.125974 0.681275 0.188787 0.717090 -0.175845 0.674434
0.105914 0.648725 0.187129 0.448769 -0.734140 0.509554
0.084016 0.640764 0.197746 0.561188 -0.685718 0.463528
-0.131247 0.656998 0.176212 -0.724417 -0.535909 0.433615
-0.125373 0.681273 0.188787 -0.717071 -0.175850 0.674452
-0.152177 0.743529 0.137124 -0.981070 0.146675 0.126443
-0.154146 0.698049 0.113646 -0.976175 -0.169681 0.135245
-0.143410 0.676646 0.147213 -0.940689 -0.259142 0.218975
0.120170 0.814838 0.113912 0.705814 0.702379 0.092146
0.152778 0.743532 0.137124 0.981071 0.146661 0.126455
0.139655 0.793530 0.096787 0.804884 0.592652 0.030421
0.154349 0.759876 0.102127 0.979243 0.171847 0.107481
-0.119569 0.814836 0.113912 -0.705819 0.702373 0.092149
0.144011 0.676648 0.147213 0.940692 -0.259129 0.218977
0.154747 0.698051 0.113646 0.976175 -0.169674 0.135254
0.123951 0.644098 0.145556 0.561426 -0.804476 0.193960
-0.123350 0.644097 0.145556 -0.561394 -0.804501 0.193946
-0.105312 0.648723 0.187129 -0.448738 -0.734160 0.509552
-0.083414 0.640762 0.197746 -0.561225 -0.685707 0.463500
-0.153748 0.759873 0.102127 -0.979243 0.171850 0.107477
-0.139055 0.793528 0.096787 -0.804904 0.592626 0.030415
0.117951 0.631638 0.119098 0.634263 -0.723135 0.273471
-0.117350 0.631638 0.119098 -0.634252 -0.723142 0.273479
