0 1
0 2
0 3
0 4
0 5
0 6
0 7
0 8
0 9
0 10
0 11
0 12
0 13
0 14
0 15
0 16
0 17
0 18
1 0
1 2
1 3
1 4
1 5
1 19
1 20
1 22
1 23
1 24
1 25
1 26
2 0
2 1
2 3
3 0
3 1
3 2
3 6
3 7
3 19
3 20
3 21
4 0
4 1
4 5
4 37
4 38
4 8
4 9
4 49
4 50
4 51
4 22
4 23
4 27
4 28
5 0
5 1
5 4
6 0
6 3
6 7
7 0
7 3
7 6
7 10
7 11
7 42
7 43
7 19
7 21
7 54
7 55
7 56
7 29
7 30
8 0
8 4
8 389
8 390
8 9
8 12
8 13
8 375
8 27
8 28
9 0
9 8
9 4
10 0
10 11
10 7
11 0
11 7
11 10
11 14
11 15
11 1201
11 29
11 30
12 0
12 32
12 390
12 391
12 8
12 13
12 17
12 18
12 375
12 381
12 510
12 31
13 0
13 8
13 12
14 0
14 11
14 15
15 0
15 33
15 34
15 1191
15 1192
15 1193
15 1194
15 11
15 14
15 16
15 17
15 1200
15 1201
15 30
16 0
16 17
16 15
17 0
17 32
17 33
17 34
17 12
17 15
17 16
17 18
17 59
17 60
17 61
17 31
18 0
18 17
18 12
19 1
19 3
19 7
19 42
19 43
19 44
19 45
19 46
19 47
19 48
19 20
19 21
19 25
19 26
20 3
20 1
20 19
21 19
21 3
21 7
22 1
22 4
22 23
23 1
23 35
23 4
23 36
23 37
23 38
23 39
23 40
23 41
23 22
23 24
23 25
24 1
24 25
24 23
25 64
25 1
25 65
25 35
25 36
25 66
25 44
25 45
25 19
25 23
25 24
25 26
26 1
26 19
26 25
27 4
27 389
27 8
27 363
27 49
27 50
27 52
27 53
27 375
27 378
27 379
27 28
28 8
28 27
28 4
29 11
29 30
29 7
30 289
30 7
30 1193
30 11
30 15
30 1200
30 1201
30 1204
30 55
30 56
30 57
30 58
30 1211
30 29
31 32
31 17
31 12
32 383
32 12
32 508
32 17
32 369
32 381
32 373
32 507
32 506
32 59
32 60
32 509
32 510
32 31
33 96
33 97
33 34
33 1191
33 1194
33 1196
33 15
33 17
33 93
33 60
33 61
33 94
34 33
34 17
34 15
35 64
35 66
35 67
35 36
35 68
35 69
35 39
35 40
35 23
35 25
35 62
35 63
36 25
36 35
36 23
37 4
37 38
37 23
38 4
38 37
38 39
38 41
38 49
38 82
38 51
38 84
38 87
38 23
38 86
38 89
38 90
38 88
39 35
39 38
39 40
39 41
39 82
39 83
39 84
39 23
39 62
39 63
40 35
40 39
40 23
41 39
41 38
41 23
42 70
42 7
42 71
42 72
42 43
42 47
42 48
42 19
42 54
42 55
43 42
43 19
43 7
44 25
44 19
44 45
45 64
45 65
45 73
45 75
45 44
45 76
45 46
45 47
45 19
45 25
46 19
46 45
46 47
47 70
47 72
47 73
47 42
47 75
47 45
47 46
47 77
47 48
47 78
47 79
47 19
48 42
48 19
48 47
49 4
49 38
49 80
49 81
49 50
49 51
49 52
49 53
49 85
49 86
49 87
49 27
50 49
50 27
50 4
51 49
51 4
51 38
52 385
52 363
52 366
52 80
52 49
52 81
52 379
52 53
52 377
52 27
53 49
53 27
53 52
54 42
54 55
54 7
55 70
55 7
55 71
55 42
55 106
55 107
55 108
55 54
55 56
55 57
55 58
55 91
55 92
55 30
56 55
56 30
56 7
57 58
57 30
57 55
58 318
58 289
58 279
58 1211
58 308
58 309
58 55
58 57
58 91
58 92
58 285
58 30
59 32
59 17
59 60
60 32
60 33
60 393
60 396
60 109
60 110
60 398
60 17
60 93
60 506
60 59
60 61
60 94
60 383
61 17
61 60
61 33
62 35
62 63
62 39
63 67
63 35
63 68
63 134
63 39
63 136
63 82
63 83
63 149
63 150
63 151
63 62
64 65
64 66
64 35
64 68
64 69
64 73
64 74
64 76
64 45
64 25
65 64
65 25
65 45
66 64
66 25
66 35
67 35
67 68
67 63
68 64
68 35
68 67
68 69
68 134
68 135
68 136
68 73
68 74
68 118
68 120
68 63
69 64
69 35
69 68
70 98
70 99
70 71
70 72
70 105
70 42
70 106
70 108
70 77
70 78
70 47
70 55
71 42
71 70
71 55
72 42
72 70
72 47
73 45
73 47
73 64
73 68
73 74
73 75
73 76
73 77
73 79
73 100
73 102
73 112
73 113
73 114
73 115
73 116
73 117
73 118
73 119
73 120
74 64
74 73
74 68
75 73
75 45
75 47
76 64
76 73
76 45
77 98
77 99
77 100
77 101
77 70
77 102
77 73
77 78
77 79
77 47
78 77
78 70
78 47
79 73
79 77
79 47
80 385
80 387
80 388
80 393
80 394
80 397
80 110
80 111
80 366
80 81
80 49
80 52
80 85
80 86
80 93
80 95
81 80
81 49
81 52
82 38
82 39
82 173
82 174
82 176
82 83
82 84
82 149
82 151
82 89
82 90
82 63
83 82
83 39
83 63
84 82
84 38
84 39
85 80
85 49
85 86
86 1024
86 1025
86 1026
86 1027
86 38
86 49
86 80
86 85
86 87
86 88
86 89
86 93
86 95
86 103
86 104
86 1013
86 1015
86 1019
86 1020
86 1021
86 1022
86 1023
87 49
87 38
87 86
88 89
88 86
88 38
89 38
89 103
89 104
89 186
89 173
89 176
89 82
89 86
89 88
89 90
89 187
89 188
90 89
90 82
90 38
91 58
91 92
91 55
92 122
92 106
92 107
92 282
92 55
92 121
92 58
92 91
92 279
92 317
92 318
92 319
93 96
93 33
93 97
93 109
93 110
93 111
93 80
93 86
93 60
93 94
93 95
94 33
94 60
94 93
95 80
95 93
95 86
96 33
96 97
96 1191
96 1196
96 1198
96 1199
96 1205
96 1206
96 93
97 96
97 33
97 93
98 99
98 100
98 101
98 70
98 105
98 106
98 1226
98 1227
98 77
98 1228
98 1229
98 1237
98 124
98 125
99 98
99 77
99 70
100 98
100 101
100 102
100 73
100 77
100 112
100 113
100 123
100 124
100 125
101 98
101 100
101 77
102 73
102 100
102 77
103 104
103 89
103 86
104 103
104 86
104 89
104 186
104 188
105 98
105 70
105 106
106 98
106 1241
106 70
106 105
106 107
106 108
106 1228
106 1237
106 55
106 121
106 122
106 92
107 106
107 92
107 55
108 106
108 70
108 55
109 60
109 93
109 110
110 393
110 109
110 397
110 111
110 80
110 398
110 60
110 93
111 80
111 93
111 110
112 128
112 129
112 130
112 100
112 73
112 113
112 114
112 115
112 123
112 124
113 112
113 73
113 100
114 128
114 129
114 131
114 132
114 133
114 73
114 112
114 115
114 116
114 117
114 126
114 127
115 112
115 73
115 114
116 73
116 138
116 139
116 140
116 114
116 117
116 118
116 119
116 126
116 127
117 73
117 114
117 116
118 68
118 134
118 135
118 73
118 137
118 138
118 140
118 116
118 119
118 120
119 73
119 116
119 118
120 73
120 68
120 118
121 106
121 92
121 122
122 1241
122 1242
122 106
122 299
122 1228
122 305
122 316
122 121
122 282
122 315
122 92
122 317
123 112
123 124
123 100
124 128
124 98
124 130
124 100
124 1226
124 1227
124 1230
124 1231
124 112
124 146
124 147
124 1238
124 123
124 125
125 124
125 98
125 100
126 114
126 116
126 127
127 160
127 161
127 162
127 131
127 133
127 138
127 139
127 143
127 144
127 114
127 116
127 152
127 153
127 126
128 129
128 130
128 131
128 132
128 141
128 142
128 112
128 114
128 146
128 147
128 148
128 124
129 128
129 114
129 112
130 112
130 124
130 128
131 128
131 132
131 133
131 141
131 142
131 143
131 144
131 145
131 114
131 127
132 128
132 114
132 131
133 114
133 131
133 127
134 68
134 135
134 136
134 137
134 138
134 149
134 118
134 150
134 154
134 155
134 156
134 63
135 118
135 68
135 134
136 68
136 134
136 63
137 138
137 134
137 118
138 134
138 137
138 139
138 140
138 116
138 118
138 152
138 153
138 155
138 156
138 157
138 127
139 138
139 116
139 127
140 138
140 116
140 118
141 128
141 131
141 169
141 170
141 142
141 144
141 145
141 177
141 147
141 148
141 178
141 179
141 158
141 159
142 128
142 131
142 141
143 144
143 131
143 127
144 159
144 160
144 162
144 131
144 163
144 164
144 165
144 166
144 167
144 141
144 143
144 145
144 158
144 127
145 144
145 131
145 141
146 128
146 147
146 124
147 128
147 169
147 170
147 171
147 172
147 141
147 1231
147 146
147 148
147 1238
147 1243
147 124
148 128
148 147
148 141
149 134
149 173
149 174
149 175
149 82
149 150
149 151
149 154
149 155
149 63
150 149
150 134
150 63
151 82
151 149
151 63
152 160
152 161
152 166
152 168
152 138
152 182
152 183
152 184
152 153
152 155
152 157
152 127
153 152
153 138
153 127
154 155
154 149
154 134
155 134
155 138
155 173
155 175
155 149
155 182
155 183
155 152
155 185
155 154
155 156
155 157
156 138
156 155
156 134
157 152
157 138
157 155
158 163
158 164
158 1219
158 1220
158 1224
158 1225
158 141
158 144
158 177
158 178
158 277
158 181
158 1214
158 159
159 144
159 141
159 158
160 161
160 162
160 165
160 166
160 168
160 144
160 152
160 127
161 160
161 152
161 127
162 144
162 160
162 127
163 164
163 166
163 167
163 1225
163 144
163 180
163 181
163 158
164 144
164 163
164 158
165 144
165 166
165 160
166 160
166 163
166 196
166 165
166 197
166 167
166 168
166 203
166 204
166 205
166 144
166 180
166 181
166 183
166 152
166 190
166 189
166 184
167 144
167 163
167 166
168 160
168 152
168 166
169 170
169 147
169 141
170 292
170 295
170 169
170 171
170 172
170 141
170 177
170 147
170 179
170 312
170 313
170 314
171 170
171 147
171 172
172 292
172 170
172 171
172 302
172 271
172 1231
172 147
172 310
172 311
172 312
172 1243
172 1244
173 193
173 194
173 185
173 195
173 187
173 174
173 175
173 176
173 82
173 149
173 183
173 89
173 186
173 155
174 82
174 173
174 149
175 155
175 149
175 173
176 89
176 82
176 173
177 1220
177 295
177 170
177 141
177 178
177 179
177 274
177 306
177 277
177 307
177 314
177 158
178 177
178 141
178 158
179 177
179 170
179 141
180 163
180 181
180 166
181 192
181 163
181 166
181 1222
181 1223
181 1224
181 1225
181 1212
181 180
181 158
181 1214
181 189
181 190
181 191
182 152
182 155
182 183
183 194
183 195
183 196
183 197
183 166
183 198
183 199
183 200
183 173
183 182
183 152
183 185
183 155
183 184
184 152
184 166
184 183
185 155
185 173
185 183
186 173
186 187
186 188
186 193
186 194
186 211
186 213
186 215
186 216
186 89
186 999
186 104
186 1000
186 1001
186 1004
186 1005
186 1011
186 1012
186 1013
186 1014
186 1015
186 1016
187 89
187 186
187 173
188 104
188 89
188 186
189 190
189 181
189 166
190 192
190 166
190 201
190 202
190 203
190 204
190 206
190 207
190 208
190 181
190 189
190 191
191 192
191 181
191 190
192 1221
192 1223
192 201
192 202
192 181
192 214
192 215
192 217
192 218
192 1212
192 190
192 191
193 194
193 186
193 173
194 193
194 195
194 198
194 199
194 173
194 209
194 210
194 211
194 212
194 213
194 183
194 186
195 194
195 173
195 183
196 417
196 197
196 166
196 199
196 200
196 421
196 204
196 205
196 594
196 210
196 406
196 183
197 196
197 166
197 183
198 194
198 199
198 183
199 417
199 194
199 196
199 198
199 200
199 399
199 209
199 210
199 594
199 406
199 183
199 408
199 409
200 199
200 196
200 183
201 192
201 424
201 202
201 206
201 207
201 430
201 433
201 435
201 214
201 215
201 220
201 221
201 190
201 511
202 192
202 201
202 190
203 204
203 166
203 190
204 418
204 515
204 196
204 421
204 166
204 422
204 203
204 205
204 206
204 208
204 406
204 190
205 196
205 204
205 166
206 512
206 513
206 418
206 414
206 514
206 515
206 424
206 201
206 204
206 207
206 208
206 410
206 190
206 511
207 201
207 206
207 190
208 204
208 206
208 190
209 210
209 194
209 199
210 194
210 196
210 199
210 423
210 399
210 209
210 594
210 211
210 212
210 403
210 407
210 408
211 194
211 423
211 427
211 428
211 430
211 432
211 210
211 403
211 212
211 213
211 434
211 215
211 216
211 186
211 219
211 220
212 210
212 194
212 211
213 194
213 186
213 211
214 192
214 201
214 215
215 192
215 201
215 218
215 211
215 214
215 216
215 217
215 186
215 219
215 220
215 221
216 186
216 211
216 215
217 192
217 218
217 215
218 192
218 1217
218 1218
218 1221
218 1206
218 1207
218 217
218 215
218 1212
219 211
219 220
219 215
220 201
220 430
220 434
220 211
220 435
220 215
220 219
220 221
221 201
221 220
221 215
222 224
222 225
222 226
222 227
222 228
222 229
222 230
222 231
222 232
222 233
222 234
222 235
222 236
222 237
222 238
222 223
223 224
223 225
223 226
223 227
223 239
223 240
223 241
223 242
223 243
223 244
223 245
223 222
224 225
224 222
224 223
225 224
225 228
225 229
225 239
225 240
225 248
225 249
225 251
225 222
225 223
226 227
226 255
226 230
226 231
226 267
226 268
226 269
226 241
226 242
226 254
226 222
226 223
227 226
227 222
227 223
228 225
228 229
228 222
229 225
229 228
229 232
229 233
229 246
229 247
229 248
229 249
229 250
229 222
230 256
230 257
230 226
230 258
230 231
230 234
230 235
230 254
230 252
230 253
230 222
230 255
231 226
231 222
231 230
232 233
232 229
232 222
233 259
233 260
233 229
233 232
233 236
233 238
233 1198
233 1202
233 246
233 247
233 1208
233 1207
233 1210
233 222
234 261
234 230
234 262
234 263
234 235
234 236
234 237
234 252
234 253
234 222
235 234
235 222
235 230
236 259
236 260
236 261
236 263
236 264
236 233
236 234
236 237
236 238
236 222
237 234
237 236
237 222
238 233
238 236
238 222
239 225
239 295
239 296
239 297
239 240
239 274
239 243
239 244
239 275
239 249
239 251
239 223
240 225
240 239
240 223
241 226
241 242
241 223
242 226
242 265
242 266
242 267
242 268
242 270
242 271
242 272
242 241
242 243
242 245
242 223
243 292
243 293
243 294
243 295
243 296
243 265
243 266
243 239
243 242
243 244
243 245
243 223
244 239
244 243
244 223
245 242
245 243
245 223
246 1216
246 1215
246 229
246 1210
246 233
246 273
246 274
246 276
246 277
246 247
246 249
246 250
246 1212
246 1213
246 1214
246 1207
247 233
247 229
247 246
248 225
248 249
248 229
249 225
249 229
249 239
249 273
249 274
249 275
249 246
249 248
249 250
249 251
250 249
250 229
250 246
251 225
251 249
251 239
252 234
252 253
252 230
253 256
253 257
253 288
253 261
253 230
253 262
253 234
253 278
253 279
253 252
253 285
253 286
254 257
254 226
254 258
254 230
254 299
254 268
254 269
254 300
254 301
254 280
254 281
254 255
255 226
255 230
255 254
256 257
256 253
256 230
257 256
257 258
257 230
257 278
257 279
257 280
257 281
257 282
257 283
257 284
257 253
257 254
258 257
258 230
258 254
259 233
259 236
259 260
260 289
260 290
260 259
260 261
260 1191
260 264
260 233
260 1193
260 1195
260 236
260 1197
260 1198
260 1202
260 1203
260 285
260 287
261 288
261 260
261 262
261 263
261 264
261 234
261 236
261 285
261 253
261 287
262 253
262 234
262 261
263 234
263 236
263 261
264 261
264 236
264 260
265 291
265 292
265 293
265 266
265 271
265 272
265 242
265 243
266 265
266 242
266 243
267 242
267 226
267 268
268 226
268 267
268 299
268 269
268 270
268 271
268 301
268 302
268 242
268 303
268 304
268 305
268 1234
268 1239
268 1240
268 254
269 226
269 268
269 254
270 242
270 268
270 271
271 291
271 292
271 265
271 268
271 172
271 270
271 302
271 272
271 303
271 242
271 310
271 311
272 265
272 242
272 271
273 249
273 274
273 246
274 295
274 297
274 239
274 273
274 306
274 275
274 276
274 277
274 246
274 177
274 307
274 249
275 249
275 274
275 239
276 274
276 277
276 246
277 1216
277 1219
277 1220
277 177
277 274
277 306
277 276
277 246
277 158
277 1214
278 257
278 253
278 279
279 318
279 257
279 285
279 58
279 92
279 308
279 278
279 282
279 284
279 253
279 286
279 319
280 257
280 298
280 299
280 300
280 281
280 282
280 283
280 254
281 280
281 257
281 254
282 257
282 298
282 299
282 92
282 316
282 279
282 280
282 122
282 283
282 284
282 317
282 319
283 280
283 257
283 282
284 257
284 282
284 279
285 288
285 289
285 290
285 260
285 261
285 308
285 309
285 279
285 58
285 253
285 286
285 287
286 285
286 253
286 279
287 261
287 260
287 285
288 261
288 285
288 253
289 290
289 260
289 1193
289 1203
289 1204
289 309
289 58
289 1211
289 285
289 30
290 289
290 260
290 285
291 265
291 292
291 271
292 291
292 293
292 294
292 295
292 265
292 170
292 172
292 271
292 243
292 311
292 312
292 313
293 265
293 243
293 292
294 243
294 292
294 295
295 292
295 294
295 296
295 297
295 170
295 239
295 177
295 274
295 243
295 307
295 313
295 314
296 239
296 243
296 295
297 274
297 295
297 239
298 280
298 282
298 299
299 122
299 298
299 300
299 301
299 268
299 304
299 305
299 280
299 282
299 315
299 316
299 254
300 280
300 299
300 254
301 299
301 268
301 254
302 1226
302 172
302 268
302 271
302 303
302 1231
302 1233
302 1234
302 1236
302 310
302 1240
302 1244
303 268
303 302
303 271
304 305
304 299
304 268
305 1242
305 1226
305 299
305 268
305 1228
305 304
305 1232
305 1234
305 1235
305 1239
305 122
305 315
306 177
306 274
306 277
307 177
307 274
307 295
308 58
308 285
308 279
309 289
309 58
309 285
310 172
310 302
310 271
311 172
311 292
311 271
312 170
312 172
312 292
313 170
313 292
313 295
314 177
314 170
314 295
315 305
315 122
315 299
316 282
316 299
316 122
317 122
317 282
317 92
318 58
318 92
318 279
319 282
319 92
319 279
320 436
320 439
320 442
320 444
320 321
320 322
320 323
320 324
320 325
320 326
320 327
320 328
320 329
320 330
320 331
320 332
320 333
320 334
320 335
320 336
320 337
320 452
321 320
321 322
321 323
321 324
321 325
321 451
321 467
321 468
322 320
322 321
322 323
323 320
323 321
323 322
323 449
323 451
323 326
323 327
323 459
323 460
323 467
324 320
324 321
324 451
324 325
324 328
324 329
324 463
324 468
324 469
324 470
325 320
325 321
325 324
326 320
326 323
326 327
327 320
327 449
327 323
327 326
327 455
327 330
327 331
327 460
327 461
327 462
327 466
327 447
328 320
328 452
328 324
328 453
328 454
328 329
328 463
328 464
328 469
328 439
329 320
329 328
329 324
330 320
330 331
330 327
331 320
331 327
331 455
331 330
331 332
331 333
331 465
331 466
332 320
332 331
332 333
333 320
333 455
333 458
333 331
333 332
333 334
333 335
333 465
333 338
333 339
334 320
334 333
334 335
335 320
335 333
335 334
335 336
335 337
335 338
335 339
335 340
336 320
336 337
336 335
337 320
337 335
337 336
337 338
337 340
337 436
337 444
337 445
338 455
338 456
338 458
338 333
338 335
338 337
338 339
338 340
338 436
338 440
338 443
338 445
339 338
339 333
339 335
340 337
340 338
340 335
341 472
341 342
341 471
341 343
341 344
341 345
341 475
341 346
341 347
341 348
341 349
341 352
341 353
341 354
341 355
341 356
341 357
341 358
341 350
341 351
341 478
341 481
342 486
342 488
342 505
342 500
342 341
342 501
342 343
342 344
342 345
342 346
343 344
343 341
343 342
344 488
344 341
344 342
344 343
344 504
344 505
344 347
344 348
345 503
345 484
345 486
345 491
345 498
345 499
345 341
345 342
345 501
345 346
345 349
345 350
346 345
346 341
346 342
347 344
347 348
347 341
348 352
348 488
348 504
348 494
348 496
348 497
348 341
348 344
348 347
348 351
349 353
349 354
349 491
349 341
349 502
349 503
349 345
349 350
350 345
350 349
350 341
351 352
351 348
351 341
352 481
352 482
352 483
352 494
352 495
352 496
352 341
352 472
352 348
352 351
353 354
353 355
353 356
353 359
353 360
353 491
353 493
353 341
353 502
353 349
354 353
354 349
354 341
355 353
355 356
355 357
355 358
355 359
355 360
355 361
355 341
356 353
356 355
356 341
357 355
357 358
357 360
357 361
357 341
357 471
357 478
357 479
358 357
358 355
358 341
359 360
359 353
359 355
360 480
360 353
360 355
360 357
360 359
360 361
360 490
360 491
360 493
360 471
360 477
360 479
361 360
361 355
361 357
362 363
362 364
362 365
362 366
362 367
362 368
362 369
362 370
362 371
362 372
362 373
362 374
363 362
363 364
363 365
363 366
363 367
363 379
363 52
363 375
363 376
363 377
363 378
363 27
364 362
364 363
364 365
365 362
365 363
365 364
365 368
365 369
365 375
365 376
365 380
365 381
365 382
366 385
366 386
366 387
366 388
366 362
366 363
366 367
366 80
366 370
366 371
366 52
366 377
367 362
367 363
367 366
368 369
368 362
368 365
369 32
369 509
369 362
369 365
369 508
369 368
369 372
369 373
369 380
369 381
370 384
370 386
370 387
370 392
370 393
370 362
370 395
370 366
370 371
370 373
370 374
370 383
371 362
371 366
371 370
372 369
372 362
372 373
373 384
373 32
373 362
373 369
373 370
373 372
373 374
373 507
373 508
373 383
374 362
374 373
374 370
375 389
375 390
375 391
375 8
375 363
375 12
375 365
375 376
375 378
375 27
375 381
375 382
376 363
376 365
376 375
377 363
377 52
377 366
378 27
378 363
378 375
379 27
379 363
379 52
380 369
380 381
380 365
381 32
381 510
381 391
381 12
381 365
381 369
381 375
381 380
381 509
381 382
382 381
382 365
382 375
383 384
383 32
383 393
383 395
383 396
383 370
383 373
383 506
383 507
383 60
384 370
384 373
384 383
385 80
385 52
385 366
386 370
386 387
386 366
387 386
387 388
387 392
387 393
387 394
387 366
387 80
387 370
388 80
388 387
388 366
389 8
389 27
389 375
390 8
390 12
390 375
391 12
391 381
391 375
392 393
392 370
392 387
393 387
393 392
393 394
393 395
393 396
393 397
393 110
393 398
393 80
393 370
393 60
393 383
394 80
394 393
394 387
395 393
395 370
395 383
396 393
396 60
396 383
397 80
397 393
397 110
398 393
398 60
398 110
399 407
399 199
399 400
399 401
399 402
399 403
399 404
399 405
399 406
399 210
399 408
399 409
400 416
400 399
400 401
400 402
400 403
400 404
400 410
400 411
400 412
400 413
400 414
400 415
401 400
401 402
401 399
402 418
402 419
402 420
402 399
402 400
402 401
402 405
402 406
402 410
402 411
403 423
403 426
403 427
403 428
403 399
403 400
403 210
403 211
403 404
403 407
403 412
403 413
404 400
404 403
404 399
405 402
405 406
405 399
406 417
406 418
406 196
406 420
406 421
406 199
406 422
406 204
406 399
406 402
406 405
406 409
407 210
407 403
407 399
408 210
408 199
408 399
409 199
409 406
409 399
410 513
410 418
410 419
410 514
410 206
410 400
410 402
410 411
410 414
410 415
411 400
411 410
411 402
412 400
412 403
412 413
413 416
413 424
413 425
413 426
413 427
413 429
413 430
413 431
413 400
413 403
413 412
413 414
414 416
414 512
414 513
414 424
414 425
414 206
414 400
414 410
414 413
414 415
415 400
415 410
415 414
416 400
416 413
416 414
417 196
417 406
417 199
418 514
418 419
418 420
418 515
418 422
418 204
418 206
418 402
418 406
418 410
419 418
419 410
419 402
420 418
420 402
420 406
421 196
421 204
421 406
422 418
422 204
422 406
423 210
423 211
423 403
424 512
424 425
424 201
424 430
424 431
424 206
424 433
424 413
424 414
424 511
425 424
425 413
425 414
426 427
426 403
426 413
427 426
427 428
427 429
427 430
427 432
427 403
427 211
427 413
428 427
428 403
428 211
429 427
429 413
429 430
430 424
430 201
430 427
430 429
430 431
430 432
430 433
430 434
430 211
430 435
430 220
430 413
431 424
431 413
431 430
432 427
432 430
432 211
433 424
433 201
433 430
434 211
434 220
434 430
435 201
435 220
435 430
436 320
436 337
436 338
436 437
436 438
436 439
436 440
436 441
436 442
436 443
436 444
436 445
437 448
437 449
437 450
437 451
437 878
437 879
437 436
437 438
437 439
437 440
437 441
437 858
437 446
437 447
438 436
438 437
438 439
439 320
439 452
439 453
439 454
439 870
439 328
439 876
439 845
439 877
439 879
439 912
439 436
439 437
439 438
439 442
439 858
440 455
440 456
440 457
440 338
440 436
440 437
440 441
440 443
440 446
440 447
441 440
441 436
441 437
442 320
442 436
442 439
443 440
443 338
443 436
444 320
444 337
444 436
445 337
445 338
445 436
446 440
446 437
446 447
447 448
447 449
447 455
447 327
447 457
447 461
447 462
447 437
447 440
447 446
448 449
448 437
448 447
449 448
449 450
449 451
449 323
449 327
449 459
449 460
449 462
449 437
449 447
450 449
450 451
450 437
451 449
451 450
451 323
451 321
451 324
451 905
451 459
451 875
451 907
451 878
451 463
451 909
451 467
451 468
451 437
451 470
451 856
451 858
452 328
452 320
452 439
453 454
453 870
453 328
453 905
453 910
453 463
453 464
453 911
453 912
453 439
454 328
454 453
454 439
455 327
455 456
455 457
455 458
455 331
455 333
455 461
455 465
455 338
455 466
455 440
455 447
456 440
456 338
456 455
457 440
457 447
457 455
458 338
458 333
458 455
459 449
459 323
459 451
460 449
460 323
460 327
461 455
461 327
461 447
462 449
462 327
462 447
463 451
463 324
463 453
463 328
463 905
463 909
463 910
463 464
463 469
463 470
464 328
464 453
464 463
465 331
465 333
465 455
466 331
466 327
466 455
467 321
467 323
467 451
468 321
468 451
468 324
469 328
469 324
469 463
470 451
470 324
470 463
471 480
471 357
471 360
471 341
471 472
471 473
471 474
471 475
471 476
471 477
471 478
471 479
472 352
472 481
472 482
472 483
472 970
472 971
472 940
472 972
472 341
472 949
472 471
472 917
472 473
472 474
472 475
472 990
473 472
473 474
473 471
474 484
474 485
474 486
474 487
474 488
474 489
474 949
474 471
474 472
474 473
474 476
474 477
474 990
474 991
475 472
475 341
475 471
476 474
476 477
476 471
477 480
477 484
477 485
477 360
477 490
477 491
477 492
477 471
477 474
477 476
478 341
478 357
478 471
479 360
479 357
479 471
480 360
480 477
480 471
481 472
481 352
481 341
482 472
482 483
482 352
483 352
483 482
483 968
483 972
483 940
483 494
483 495
483 973
483 472
483 988
484 485
484 486
484 487
484 491
484 492
484 498
484 499
484 345
484 474
484 477
485 474
485 484
485 477
486 484
486 487
486 488
486 489
486 498
486 500
486 501
486 342
486 345
486 474
487 474
487 484
487 486
488 486
488 504
488 489
488 968
488 494
488 497
488 978
488 947
488 500
488 949
488 342
488 979
488 344
488 505
488 474
488 348
488 989
488 991
489 488
489 474
489 486
490 360
490 491
490 477
491 353
491 484
491 360
491 490
491 492
491 493
491 499
491 502
491 503
491 345
491 349
491 477
492 491
492 484
492 477
493 360
493 353
493 491
494 352
494 483
494 488
494 968
494 988
494 495
494 496
494 497
494 348
494 989
495 352
495 483
495 494
496 352
496 348
496 494
497 488
497 348
497 494
498 345
498 484
498 486
499 345
499 491
499 484
500 488
500 342
500 486
501 345
501 342
501 486
502 353
502 491
502 349
503 345
503 491
503 349
504 344
504 488
504 348
505 488
505 344
505 342
506 32
506 60
506 383
507 32
507 373
507 383
508 32
508 369
508 373
509 32
509 369
509 381
510 32
510 12
510 381
511 424
511 201
511 206
512 424
512 414
512 206
513 410
513 414
513 206
514 418
514 206
514 410
515 418
515 204
515 206
516 517
516 518
516 519
516 520
516 528
516 529
517 516
517 518
517 519
517 520
517 521
517 529
518 516
518 517
518 519
519 516
519 517
519 518
519 520
519 521
519 522
519 523
519 524
519 526
519 527
519 528
520 516
520 517
520 519
520 521
520 522
520 523
520 524
520 525
520 527
520 528
520 529
521 520
521 517
521 519
522 519
522 520
522 523
522 524
522 525
522 526
523 520
523 522
523 519
524 519
524 520
524 522
524 525
524 526
524 527
525 520
525 522
525 524
526 522
526 524
526 519
527 520
527 524
527 519
528 520
528 516
528 519
529 520
529 516
529 517
530 673
530 686
530 688
530 531
530 532
530 533
530 534
530 535
530 536
530 537
531 544
531 530
531 532
531 533
531 534
531 535
531 538
531 539
532 530
532 531
532 533
533 673
533 651
533 687
533 688
533 530
533 531
533 532
533 659
533 663
533 664
533 538
533 539
534 544
534 549
534 550
534 551
534 530
534 531
534 535
534 536
534 537
534 539
534 540
534 541
535 530
535 531
535 534
536 673
536 679
536 686
536 530
536 534
536 537
536 540
536 541
536 542
536 543
537 536
537 530
537 534
538 539
538 531
538 533
539 544
539 549
539 550
539 651
539 656
539 531
539 659
539 533
539 534
539 538
540 545
540 546
540 549
540 551
540 552
540 553
540 554
540 534
540 536
540 541
540 542
540 543
541 536
541 540
541 534
542 672
542 545
542 546
542 547
542 548
542 673
542 679
542 536
542 666
542 540
542 669
542 543
543 536
543 540
543 542
544 539
544 531
544 534
545 546
545 547
545 548
545 552
545 554
545 555
545 540
545 542
546 545
546 540
546 542
547 545
547 642
547 643
547 548
547 644
547 645
547 552
547 555
547 666
547 667
547 669
547 542
548 545
548 547
548 542
549 642
549 550
549 551
549 552
549 553
549 648
549 651
549 652
549 656
549 534
549 539
549 540
550 539
550 549
550 534
551 540
551 549
551 534
552 545
552 642
552 547
552 549
552 645
552 648
552 553
552 554
552 555
552 540
553 552
553 540
553 549
554 552
554 545
554 540
555 552
555 545
555 547
556 557
556 558
556 559
556 560
556 561
556 562
556 563
556 623
556 635
556 637
557 615
557 617
557 618
557 556
557 558
557 559
557 623
557 564
557 565
557 599
557 637
557 638
558 556
558 557
558 559
559 556
559 557
559 558
559 560
559 561
559 564
559 565
559 568
560 561
560 556
560 559
561 556
561 559
561 560
561 562
561 563
561 564
561 566
561 567
561 568
561 569
561 570
561 575
562 561
562 563
562 556
563 635
563 556
563 623
563 561
563 562
563 566
563 567
563 632
563 571
563 572
564 609
564 615
564 557
564 559
564 561
564 565
564 599
564 568
564 569
564 570
565 564
565 557
565 559
566 576
566 577
566 580
566 561
566 563
566 567
566 569
566 571
566 572
566 573
566 574
566 575
567 561
567 563
567 566
568 561
568 564
568 559
569 576
569 577
569 609
569 599
569 561
569 595
569 564
569 596
569 566
569 598
569 570
569 575
570 569
570 564
570 561
571 578
571 579
571 619
571 621
571 623
571 624
571 563
571 566
571 632
571 572
571 573
571 574
572 563
572 571
572 566
573 576
573 578
573 579
573 580
573 581
573 566
573 571
573 574
574 571
574 573
574 566
575 569
575 566
575 561
576 577
576 578
576 580
576 581
576 595
576 596
576 597
576 566
576 569
576 573
577 576
577 569
577 566
578 576
578 579
578 581
578 619
578 620
578 621
578 595
578 597
578 600
578 601
578 571
578 573
579 578
579 571
579 573
580 576
580 573
580 566
581 576
581 578
581 573
582 584
582 585
582 583
583 582
583 584
583 585
583 586
583 587
584 585
584 582
584 583
585 582
585 583
585 584
585 586
585 587
586 585
586 587
586 583
587 585
587 586
587 583
588 589
588 590
588 591
589 588
589 590
589 591
589 592
589 593
590 588
590 589
590 591
591 588
591 589
591 590
591 592
591 593
592 593
592 589
592 591
593 592
593 589
593 591
594 210
594 196
594 199
595 576
595 608
595 578
595 601
595 596
595 597
595 598
595 599
595 600
595 569
595 602
595 603
595 604
595 605
595 606
595 607
596 576
596 569
596 595
597 576
597 578
597 595
598 569
598 595
598 599
599 609
599 612
599 613
599 615
599 616
599 617
599 618
599 557
599 595
599 564
599 598
599 569
599 602
599 603
600 578
600 619
600 620
600 622
600 595
600 601
600 604
600 605
601 600
601 578
601 595
602 603
602 595
602 599
603 610
603 611
603 612
603 613
603 614
603 595
603 599
603 602
603 606
603 607
604 608
604 705
604 706
604 707
604 708
604 709
604 619
604 622
604 625
604 626
604 595
604 689
604 694
604 600
604 697
604 698
604 605
604 607
605 600
605 595
605 604
606 603
606 595
606 607
607 608
607 610
607 611
607 707
607 709
607 805
607 806
607 785
607 595
607 726
607 727
607 603
607 604
607 606
608 595
608 604
608 607
609 569
609 564
609 599
610 641
610 611
610 772
610 613
610 614
610 773
610 771
610 776
610 777
610 806
610 639
610 785
610 786
610 627
610 793
610 633
610 603
610 607
611 610
611 603
611 607
612 603
612 613
612 599
613 640
613 641
613 610
613 612
613 614
613 616
613 617
613 627
613 599
613 603
614 610
614 603
614 613
615 564
615 557
615 599
616 617
616 613
616 599
617 640
617 613
617 616
617 618
617 557
617 623
617 627
617 599
617 636
617 638
618 617
618 557
618 599
619 578
619 620
619 621
619 622
619 623
619 624
619 625
619 626
619 627
619 628
619 629
619 630
619 631
619 600
619 571
619 604
620 600
620 578
620 619
621 571
621 578
621 619
622 600
622 619
622 604
623 635
623 617
623 619
623 556
623 557
623 624
623 627
623 628
623 563
623 632
623 571
623 636
623 637
623 638
624 571
624 619
624 623
625 626
625 619
625 604
626 619
626 625
626 690
626 691
626 689
626 629
626 630
626 694
626 604
626 702
627 640
627 641
627 610
627 613
627 617
627 619
627 623
627 628
627 630
627 631
627 633
627 634
627 636
627 639
628 627
628 619
628 623
629 626
629 619
629 630
630 619
630 813
630 626
630 627
630 690
630 629
630 631
630 633
630 634
630 702
631 627
631 619
631 630
632 563
632 571
632 623
633 610
633 777
633 813
633 690
633 627
633 630
633 793
633 634
633 795
633 639
634 633
634 627
634 630
635 563
635 556
635 623
636 617
636 627
636 623
637 556
637 557
637 623
638 617
638 557
638 623
639 633
639 610
639 627
640 617
640 627
640 613
641 610
641 627
641 613
642 547
642 644
642 643
642 645
642 646
642 552
642 647
642 549
642 648
642 649
642 650
642 651
642 652
642 653
642 654
642 655
643 642
643 547
643 644
644 642
644 547
644 643
644 646
644 647
644 666
644 667
644 668
645 552
645 642
645 547
646 642
646 644
646 647
647 736
647 642
647 644
647 646
647 743
647 649
647 650
647 734
647 749
647 751
647 735
647 724
647 756
647 666
647 731
647 668
647 670
647 671
648 552
648 642
648 549
649 642
649 650
649 647
650 832
650 642
650 647
650 743
650 649
650 744
650 745
650 653
650 654
650 657
650 658
650 819
650 734
650 831
651 642
651 549
651 652
651 654
651 655
651 656
651 659
651 660
651 533
651 662
651 663
651 664
651 665
651 539
652 642
652 651
652 549
653 642
653 654
653 650
654 642
654 650
654 651
654 653
654 655
654 657
654 658
654 660
654 661
654 662
655 642
655 651
655 654
656 539
656 651
656 549
657 677
657 837
657 680
657 650
657 683
657 685
657 654
657 658
657 819
657 660
657 661
657 788
657 821
657 822
657 827
657 828
657 798
657 831
658 657
658 650
658 654
659 539
659 651
659 533
660 677
660 651
660 684
660 685
660 654
660 657
660 661
660 662
660 663
660 665
661 657
661 660
661 654
662 651
662 660
662 654
663 673
663 677
663 682
663 651
663 684
663 687
663 660
663 533
663 664
663 665
664 651
664 533
664 663
665 651
665 660
665 663
666 672
666 673
666 674
666 547
666 644
666 675
666 676
666 647
666 677
666 678
666 670
666 667
666 668
666 669
666 542
666 671
667 666
667 547
667 644
668 666
668 644
668 647
669 666
669 547
669 542
670 674
670 675
670 762
670 647
670 749
670 756
670 760
670 761
670 666
670 671
671 666
671 670
671 647
672 673
672 666
672 542
673 672
673 676
673 677
673 679
673 682
673 686
673 687
673 688
673 530
673 533
673 663
673 536
673 666
673 542
674 675
674 762
674 677
674 678
674 680
674 681
674 840
674 760
674 666
674 670
675 674
675 666
675 670
676 673
676 666
676 677
677 673
677 674
677 676
677 678
677 680
677 681
677 682
677 683
677 684
677 685
677 657
677 660
677 663
677 666
678 674
678 666
678 677
679 536
679 673
679 542
680 674
680 677
680 837
680 839
680 840
680 681
680 683
680 657
680 760
680 827
681 680
681 674
681 677
682 673
682 677
682 663
683 680
683 657
683 677
684 660
684 677
684 663
685 657
685 660
685 677
686 536
686 673
686 530
687 673
687 533
687 663
688 673
688 530
688 533
689 700
689 695
689 690
689 691
689 692
689 693
689 626
689 694
689 696
689 697
689 698
689 699
689 604
689 701
690 777
690 813
690 689
690 626
690 691
690 692
690 693
690 630
690 633
690 794
690 795
690 702
691 689
691 690
691 626
692 704
692 807
692 808
692 777
692 781
692 689
692 690
692 792
692 824
692 693
692 695
692 696
692 794
692 703
693 689
693 690
693 692
694 689
694 626
694 604
695 704
695 710
695 711
695 715
695 716
695 717
695 689
695 692
695 696
695 699
695 700
695 703
696 689
696 692
696 695
697 689
697 698
697 604
698 705
698 706
698 712
698 713
698 720
698 689
698 721
698 722
698 697
698 699
698 604
698 701
699 710
699 711
699 712
699 713
699 714
699 689
699 695
699 698
699 700
699 701
700 689
700 699
700 695
701 689
701 698
701 699
702 690
702 630
702 626
703 704
703 692
703 695
704 929
704 899
704 935
704 808
704 936
704 937
704 715
704 716
704 692
704 695
704 824
704 703
705 706
705 707
705 708
705 718
705 719
705 720
705 722
705 723
705 724
705 725
705 698
705 604
706 705
706 698
706 604
707 705
707 708
707 709
707 718
707 719
707 726
707 727
707 728
707 604
707 607
708 705
708 707
708 604
709 707
709 604
709 607
710 896
710 955
710 711
710 953
710 713
710 714
710 716
710 717
710 695
710 952
710 729
710 730
710 699
710 894
711 699
711 710
711 695
712 713
712 698
712 699
713 739
713 740
713 710
713 742
713 712
713 714
713 720
713 721
713 729
713 698
713 699
713 730
714 713
714 699
714 710
715 704
715 716
715 695
716 704
716 928
716 929
716 930
716 710
716 936
716 715
716 717
716 885
716 695
716 952
716 894
717 716
717 710
717 695
718 705
718 707
718 719
719 705
719 737
719 707
719 738
719 744
719 746
719 718
719 752
719 723
719 724
719 726
719 728
719 733
719 734
720 705
720 739
720 740
720 741
720 713
720 721
720 722
720 724
720 725
720 698
720 731
720 732
721 720
721 713
721 698
722 720
722 705
722 698
723 705
723 724
723 719
724 736
724 705
724 647
724 719
724 720
724 723
724 725
724 731
724 732
724 733
724 734
724 735
725 720
725 705
725 724
726 737
726 738
726 707
726 804
726 805
726 823
726 719
726 785
726 790
726 727
726 728
726 607
727 707
727 726
727 607
728 707
728 726
728 719
729 713
729 730
729 710
730 896
730 740
730 710
730 742
730 713
730 754
730 755
730 729
730 954
730 955
731 736
731 740
731 741
731 647
731 747
731 748
731 749
731 750
731 751
731 720
731 724
731 732
732 720
732 731
732 724
733 724
733 734
733 719
734 647
734 743
734 744
734 650
734 745
734 746
734 719
734 724
734 733
734 735
735 724
735 734
735 647
736 731
736 724
736 647
737 738
737 836
737 744
737 823
737 719
737 752
737 726
737 790
738 737
738 726
738 719
739 720
739 713
739 740
740 739
740 741
740 742
740 713
740 747
740 748
740 720
740 753
740 754
740 755
740 730
740 731
741 720
741 731
741 740
742 713
742 730
742 740
743 650
743 734
743 647
744 832
744 737
744 836
744 745
744 650
744 746
744 719
744 752
744 830
744 819
744 790
744 734
745 744
745 650
745 734
746 744
746 734
746 719
747 740
747 748
747 749
747 750
747 753
747 754
747 757
747 758
747 759
747 731
748 731
748 740
748 747
749 647
749 747
749 750
749 751
749 766
749 756
749 757
749 758
749 760
749 761
749 731
749 765
749 670
749 767
750 731
750 749
750 747
751 731
751 749
751 647
752 744
752 737
752 719
753 754
753 747
753 740
754 896
754 954
754 740
754 923
754 747
754 753
754 951
754 755
754 980
754 758
754 759
754 730
754 763
754 764
755 730
755 754
755 740
756 749
756 670
756 647
757 747
757 749
757 758
758 768
758 769
758 770
758 747
758 749
758 754
758 757
758 759
758 763
758 764
758 765
758 766
759 754
759 747
759 758
760 674
760 838
760 839
760 680
760 840
760 749
760 761
760 762
760 827
760 765
760 670
760 767
761 760
761 749
761 670
762 760
762 674
762 670
763 754
763 764
763 758
764 768
764 992
764 770
764 994
764 923
764 997
764 754
764 980
764 981
764 758
764 763
764 957
765 768
765 769
765 833
765 834
765 835
765 838
765 749
765 814
765 758
765 760
765 825
765 827
765 766
765 767
766 765
766 749
766 758
767 760
767 765
767 749
768 992
768 769
768 770
768 835
768 996
768 997
768 998
768 758
768 984
768 825
768 764
768 765
769 768
769 765
769 758
770 768
770 764
770 758
771 610
771 772
771 773
771 774
771 775
771 776
771 777
771 778
771 779
771 780
771 781
771 782
771 783
771 784
772 610
772 771
772 773
772 774
772 775
772 785
772 786
772 787
772 788
772 789
772 790
772 791
773 610
773 771
773 772
774 800
774 771
774 772
774 775
774 778
774 779
774 787
774 788
774 798
774 799
775 771
775 772
775 774
776 777
776 610
776 771
777 610
777 771
777 776
777 780
777 781
777 633
777 690
777 692
777 792
777 793
777 794
777 795
778 801
778 802
778 771
778 803
778 774
778 779
778 783
778 784
778 796
778 797
778 798
778 799
779 778
779 771
779 774
780 777
780 771
780 781
781 771
781 807
781 808
781 777
781 809
781 810
781 780
781 812
781 782
781 783
781 692
781 792
782 771
782 781
782 783
783 771
783 778
783 811
783 810
783 781
783 782
783 812
783 784
783 796
783 797
784 778
784 771
784 783
785 610
785 772
785 804
785 805
785 806
785 786
785 790
785 791
785 726
785 607
786 785
786 610
786 772
787 772
787 788
787 774
788 800
788 772
788 774
788 657
788 787
788 819
788 789
788 790
788 820
788 821
788 822
788 798
789 772
789 788
789 790
790 737
790 772
790 804
790 836
790 744
790 823
790 785
790 819
790 788
790 789
790 726
790 791
790 820
790 830
791 785
791 772
791 790
792 777
792 692
792 781
793 777
793 610
793 633
794 777
794 690
794 692
795 777
795 690
795 633
796 778
796 797
796 783
797 801
797 803
797 932
797 964
797 965
797 778
797 810
797 811
797 783
797 816
797 817
797 796
798 800
798 801
798 802
798 774
798 778
798 814
798 815
798 657
798 788
798 822
798 827
798 828
798 829
798 799
799 778
799 798
799 774
800 788
800 774
800 798
801 802
801 803
801 778
801 814
801 815
801 816
801 817
801 818
801 797
801 798
802 801
802 778
802 798
803 801
803 778
803 797
804 785
804 726
804 790
805 785
805 726
805 607
806 785
806 610
806 607
807 808
807 692
807 781
808 704
808 899
808 902
808 807
808 809
808 810
808 937
808 938
808 781
808 692
808 824
808 959
809 808
809 810
809 781
810 960
810 932
810 964
810 902
810 808
810 809
810 811
810 812
810 781
810 783
810 797
810 959
811 810
811 797
811 783
812 810
812 781
812 783
813 633
813 690
813 630
814 801
814 833
814 834
814 765
814 815
814 817
814 818
814 825
814 826
814 827
814 829
814 798
815 801
815 814
815 798
816 801
816 797
816 817
817 801
817 962
817 932
817 965
817 966
817 814
817 816
817 818
817 982
817 825
817 826
817 797
818 801
818 814
818 817
819 832
819 744
819 650
819 657
819 788
819 821
819 820
819 790
819 830
819 831
820 819
820 788
820 790
821 657
821 819
821 788
822 657
822 788
822 798
823 737
823 726
823 790
824 704
824 808
824 692
825 768
825 986
825 834
825 835
825 962
825 998
825 814
825 817
825 982
825 984
825 826
825 765
826 817
826 814
826 825
827 833
827 837
827 838
827 839
827 680
827 765
827 814
827 657
827 760
827 828
827 829
827 798
828 657
828 827
828 798
829 814
829 827
829 798
830 744
830 819
830 790
831 657
831 650
831 819
832 744
832 650
832 819
833 827
833 765
833 814
834 825
834 765
834 814
835 768
835 825
835 765
836 744
836 737
836 790
837 680
837 657
837 827
838 760
838 827
838 765
839 760
839 827
839 680
840 760
840 674
840 680
841 842
841 843
841 844
841 845
841 846
841 847
841 848
841 849
841 850
841 851
841 852
841 853
841 854
841 855
842 841
842 843
842 844
842 845
842 846
842 856
842 857
842 858
842 859
842 860
843 841
843 842
843 844
844 864
844 841
844 842
844 843
844 847
844 848
844 888
844 885
844 886
844 887
844 856
844 857
844 890
844 863
845 870
845 871
845 841
845 842
845 876
845 877
845 846
845 849
845 850
845 439
845 858
845 860
846 841
846 842
846 845
847 848
847 841
847 844
848 864
848 865
848 866
848 867
848 841
848 844
848 847
848 851
848 852
848 861
848 862
848 863
849 868
849 869
849 870
849 871
849 872
849 841
849 873
849 874
849 845
849 850
849 854
849 855
850 849
850 841
850 845
851 848
851 841
851 852
852 841
852 848
852 880
852 881
852 851
852 882
852 853
852 854
852 883
852 884
852 861
852 862
853 841
853 852
853 854
854 868
854 869
854 902
854 932
854 904
854 841
854 933
854 934
854 849
854 882
854 883
854 852
854 853
854 855
855 849
855 841
855 854
856 451
856 873
856 842
856 875
856 844
856 905
856 907
856 908
856 890
856 887
856 857
856 858
856 859
856 889
857 856
857 842
857 844
858 451
858 842
858 875
858 845
858 877
858 878
858 879
858 437
858 439
858 856
858 859
858 860
859 856
859 842
859 858
860 842
860 858
860 845
861 866
861 867
861 848
861 880
861 881
861 915
861 852
861 916
861 926
861 891
861 892
861 925
861 862
861 927
862 848
862 852
862 861
863 848
863 844
863 864
864 865
864 866
864 844
864 848
864 885
864 886
864 895
864 893
864 894
864 863
865 848
865 866
865 864
866 864
866 865
866 896
866 867
866 897
866 898
866 848
866 891
866 892
866 861
866 894
866 895
867 848
867 866
867 861
868 849
868 869
868 854
869 899
869 868
869 901
869 902
869 903
869 872
869 873
869 904
869 849
869 854
870 453
870 871
870 873
870 874
870 905
870 876
870 845
870 906
870 911
870 912
870 849
870 439
871 849
871 845
871 870
872 849
872 869
872 873
873 899
873 900
873 869
873 870
873 901
873 872
873 905
873 874
873 906
873 908
873 849
873 887
873 856
873 889
874 849
874 870
874 873
875 856
875 858
875 451
876 845
876 870
876 439
877 858
877 845
877 439
878 858
878 451
878 437
879 858
879 437
879 439
880 881
880 852
880 861
881 921
881 880
881 913
881 882
881 914
881 884
881 852
881 915
881 916
881 917
881 918
881 919
881 920
881 861
882 961
882 962
882 963
882 932
882 934
882 941
882 942
882 881
882 913
882 883
882 884
882 852
882 854
882 914
883 882
883 852
883 854
884 881
884 882
884 852
885 864
885 928
885 929
885 930
885 931
885 844
885 716
885 886
885 887
885 888
885 893
885 894
886 864
886 844
886 885
887 929
887 899
887 900
887 931
887 1190
887 873
887 844
887 856
887 885
887 888
887 889
887 890
888 844
888 885
888 887
889 856
889 873
889 887
890 856
890 844
890 887
891 896
891 897
891 866
891 924
891 925
891 922
891 923
891 892
891 861
891 927
892 866
892 891
892 861
893 864
893 885
893 894
894 864
894 896
894 866
894 898
894 928
894 710
894 716
894 885
894 952
894 953
894 893
894 895
895 864
895 866
895 894
896 954
896 897
896 866
896 898
896 923
896 955
896 710
896 754
896 730
896 951
896 953
896 922
896 891
896 894
897 896
897 866
897 891
898 896
898 866
898 894
899 704
899 929
899 900
899 869
899 901
899 902
899 903
899 873
899 935
899 808
899 937
899 938
899 1190
899 887
900 873
900 899
900 887
901 873
901 899
901 869
902 960
902 899
902 932
902 869
902 933
902 903
902 904
902 808
902 938
902 810
902 854
902 959
903 899
903 869
903 902
904 902
904 869
904 854
905 451
905 453
905 870
905 873
905 906
905 907
905 908
905 909
905 910
905 463
905 911
905 856
906 873
906 905
906 870
907 856
907 905
907 451
908 856
908 873
908 905
909 905
909 451
909 463
910 905
910 453
910 463
911 905
911 453
911 870
912 453
912 870
912 439
913 939
913 940
913 941
913 942
913 943
913 944
913 881
913 914
913 882
913 945
913 917
913 918
914 881
914 913
914 882
915 881
915 916
915 861
916 925
916 957
916 976
916 881
916 946
916 915
916 947
916 958
916 974
916 919
916 920
916 977
916 861
916 926
917 472
917 970
917 939
917 940
917 971
917 881
917 913
917 949
917 918
917 950
917 920
917 921
918 881
918 913
918 917
919 920
919 881
919 916
920 881
920 946
920 947
920 916
920 917
920 948
920 919
920 949
920 921
920 950
921 920
921 881
921 917
922 896
922 891
922 923
923 896
923 764
923 956
923 957
923 754
923 980
923 981
923 951
923 922
923 891
923 924
923 925
924 891
924 923
924 925
925 923
925 956
925 957
925 916
925 958
925 891
925 924
925 861
925 926
925 927
926 916
926 861
926 925
927 891
927 861
927 925
928 716
928 885
928 894
929 704
929 930
929 931
929 899
929 1190
929 935
929 936
929 716
929 885
929 887
930 929
930 716
930 885
931 929
931 885
931 887
932 960
932 961
932 962
932 964
932 933
932 902
932 934
932 965
932 966
932 810
932 817
932 882
932 854
932 797
933 902
933 932
933 854
934 882
934 932
934 854
935 704
935 929
935 899
936 704
936 929
936 716
937 808
937 899
937 704
938 808
938 899
938 902
939 913
939 940
939 917
940 483
940 968
940 969
940 939
940 971
940 972
940 973
940 943
940 945
940 913
940 917
940 472
941 962
941 963
941 942
941 943
941 944
941 913
941 882
941 983
941 984
941 985
942 913
942 882
942 941
943 967
943 968
943 969
943 940
943 941
943 974
943 975
943 944
943 913
943 945
943 947
943 983
943 984
943 987
944 913
944 941
944 943
945 913
945 940
945 943
946 920
946 947
946 916
947 967
947 968
947 488
947 974
947 943
947 975
947 977
947 946
947 978
947 948
947 916
947 949
947 979
947 920
948 920
948 947
948 949
949 472
949 488
949 970
949 978
949 947
949 948
949 917
949 950
949 920
949 474
949 990
949 991
950 920
950 949
950 917
951 896
951 754
951 923
952 894
952 716
952 710
953 896
953 710
953 894
954 896
954 730
954 754
955 896
955 730
955 710
956 923
956 925
956 957
957 992
957 993
957 994
957 764
957 974
957 976
957 916
957 981
957 923
957 956
957 925
957 958
958 916
958 925
958 957
959 808
959 810
959 902
960 810
960 932
960 902
961 962
961 882
961 932
962 961
962 963
962 932
962 966
962 941
962 817
962 882
962 982
962 984
962 825
962 986
962 985
963 962
963 882
963 941
964 810
964 932
964 797
965 817
965 932
965 797
966 817
966 962
966 932
967 968
967 947
967 943
968 483
968 967
968 488
968 969
968 940
968 973
968 494
968 943
968 947
968 979
968 988
968 989
969 968
969 940
969 943
970 472
970 917
970 949
971 472
971 940
971 917
972 472
972 483
972 940
973 968
973 483
973 940
974 992
974 993
974 995
974 943
974 976
974 975
974 977
974 947
974 916
974 984
974 987
974 957
975 947
975 974
975 943
976 916
976 957
976 974
977 947
977 916
977 974
978 488
978 947
978 949
979 968
979 488
979 947
980 754
980 923
980 764
981 923
981 764
981 957
982 817
982 962
982 825
983 984
983 941
983 943
984 992
984 768
984 962
984 995
984 996
984 998
984 941
984 974
984 943
984 825
984 983
984 985
984 986
984 987
985 984
985 962
985 941
986 984
986 825
986 962
987 984
987 974
987 943
988 968
988 483
988 494
989 968
989 488
989 494
990 472
990 474
990 949
991 488
991 474
991 949
992 768
992 993
992 994
992 995
992 996
992 997
992 974
992 984
992 764
992 957
993 992
993 957
993 974
994 992
994 764
994 957
995 992
995 974
995 984
996 992
996 768
996 984
997 768
997 992
997 764
998 984
998 768
998 825
999 1000
999 1001
999 1002
999 1003
999 1004
999 1005
999 1006
999 1007
999 1008
999 1009
999 1010
999 186
1000 999
1000 1001
1000 1002
1000 1003
1000 186
1001 1000
1001 186
1001 999
1002 999
1002 1000
1002 1003
1002 1037
1002 1006
1002 1007
1002 1044
1002 1046
1002 1047
1003 1000
1003 1002
1003 999
1004 186
1004 1005
1004 999
1005 1090
1005 1092
1005 1093
1005 1094
1005 999
1005 1097
1005 1004
1005 1008
1005 1009
1005 1011
1005 1012
1005 186
1006 999
1006 1002
1006 1037
1006 1038
1006 1007
1006 1009
1006 1010
1006 1041
1006 1044
1006 1048
1006 1017
1006 1018
1007 1002
1007 1006
1007 999
1008 1009
1008 1005
1008 999
1009 1093
1009 999
1009 1097
1009 1005
1009 1006
1009 1101
1009 1008
1009 1010
1009 1017
1009 1018
1010 1009
1010 1006
1010 999
1011 1089
1011 1090
1011 1091
1011 1092
1011 1005
1011 1012
1011 1013
1011 1014
1011 186
1011 1087
1012 186
1012 1011
1012 1005
1013 1088
1013 1089
1013 1082
1013 1084
1013 1011
1013 1085
1013 1014
1013 1015
1013 1016
1013 86
1013 186
1013 1019
1013 1020
1013 1021
1013 1086
1013 1087
1014 186
1014 1011
1014 1013
1015 1013
1015 86
1015 1016
1015 186
1015 1019
1016 186
1016 1013
1016 1015
1017 1093
1017 1098
1017 1100
1017 1101
1017 1006
1017 1038
1017 1009
1017 1110
1017 1048
1017 1018
1018 1009
1018 1017
1018 1006
1019 1013
1019 86
1019 1015
1020 1072
1020 1013
1020 86
1020 1081
1020 1082
1020 1083
1020 1084
1020 1021
1020 1022
1020 1023
1021 1020
1021 1013
1021 86
1022 1024
1022 1025
1022 1028
1022 1029
1022 1071
1022 1072
1022 1073
1022 1076
1022 86
1022 1081
1022 1020
1022 1023
1023 1020
1023 86
1023 1022
1024 1025
1024 1026
1024 1027
1024 1028
1024 1029
1024 1030
1024 1031
1024 1032
1024 1033
1024 1034
1024 86
1024 1022
1025 1024
1025 86
1025 1022
1026 1024
1026 1027
1026 1030
1026 1031
1026 86
1027 1024
1027 1026
1027 86
1028 1024
1028 1029
1028 1022
1029 1024
1029 1028
1029 1032
1029 1033
1029 1035
1029 1036
1029 1071
1029 1076
1029 1079
1029 1022
1030 1024
1030 1026
1030 1061
1030 1031
1030 1033
1030 1034
1030 1066
1030 1069
1030 1070
1031 1024
1031 1026
1031 1030
1032 1024
1032 1033
1032 1029
1033 1024
1033 1029
1033 1030
1033 1063
1033 1032
1033 1061
1033 1034
1033 1035
1033 1036
1033 1067
1033 1068
1033 1070
1034 1024
1034 1033
1034 1030
1035 1033
1035 1036
1035 1029
1036 1029
1036 1063
1036 1128
1036 1033
1036 1035
1036 1068
1036 1071
1036 1077
1036 1079
1036 1080
1037 1002
1037 1006
1037 1038
1037 1040
1037 1041
1037 1039
1037 1042
1037 1043
1037 1044
1037 1045
1037 1046
1037 1047
1038 1098
1038 1037
1038 1006
1038 1039
1038 1040
1038 1041
1038 1103
1038 1102
1038 1106
1038 1110
1038 1048
1038 1017
1039 1040
1039 1037
1039 1038
1040 1037
1040 1038
1040 1039
1040 1102
1040 1103
1040 1042
1040 1043
1040 1104
1040 1105
1040 1109
1040 1049
1040 1050
1041 1037
1041 1006
1041 1038
1042 1040
1042 1043
1042 1037
1043 1037
1043 1040
1043 1042
1043 1045
1043 1046
1043 1049
1043 1050
1043 1051
1043 1052
1043 1053
1043 1054
1044 1002
1044 1037
1044 1006
1045 1043
1045 1037
1045 1046
1046 1002
1046 1037
1046 1043
1046 1045
1046 1047
1047 1002
1047 1037
1047 1046
1048 1017
1048 1038
1048 1006
1049 1040
1049 1104
1049 1043
1049 1109
1049 1111
1049 1112
1049 1113
1049 1050
1049 1051
1049 1052
1050 1040
1050 1049
1050 1043
1051 1056
1051 1057
1051 1058
1051 1113
1051 1118
1051 1116
1051 1043
1051 1117
1051 1111
1051 1049
1051 1114
1051 1115
1051 1052
1051 1053
1051 1054
1051 1055
1052 1043
1052 1049
1052 1051
1053 1056
1053 1043
1053 1051
1053 1054
1053 1055
1054 1043
1054 1051
1054 1053
1055 1056
1055 1057
1055 1058
1055 1059
1055 1060
1055 1061
1055 1062
1055 1065
1055 1066
1055 1051
1055 1053
1056 1051
1056 1053
1056 1055
1057 1120
1057 1121
1057 1058
1057 1059
1057 1060
1057 1119
1057 1051
1057 1116
1057 1118
1057 1055
1058 1057
1058 1051
1058 1055
1059 1057
1059 1121
1059 1122
1059 1060
1059 1061
1059 1062
1059 1063
1059 1064
1059 1123
1059 1125
1059 1119
1059 1055
1060 1057
1060 1059
1060 1055
1061 1059
1061 1062
1061 1063
1061 1064
1061 1065
1061 1066
1061 1033
1061 1067
1061 1069
1061 1030
1061 1070
1061 1055
1062 1059
1062 1061
1062 1055
1063 1122
1063 1059
1063 1061
1063 1125
1063 1126
1063 1064
1063 1033
1063 1128
1063 1067
1063 1036
1063 1068
1063 1077
1064 1059
1064 1061
1064 1063
1065 1066
1065 1061
1065 1055
1066 1061
1066 1030
1066 1065
1066 1069
1066 1055
1067 1033
1067 1061
1067 1063
1068 1033
1068 1036
1068 1063
1069 1066
1069 1061
1069 1030
1070 1033
1070 1061
1070 1030
1071 1029
1071 1036
1071 1072
1071 1073
1071 1074
1071 1075
1071 1076
1071 1077
1071 1078
1071 1079
1071 1080
1071 1022
1072 1152
1072 1186
1072 1187
1072 1188
1072 1189
1072 1179
1072 1134
1072 1071
1072 1073
1072 1074
1072 1075
1072 1081
1072 1082
1072 1083
1072 1020
1072 1022
1073 1072
1073 1022
1073 1071
1074 1122
1074 1124
1074 1188
1074 1127
1074 1134
1074 1071
1074 1072
1074 1135
1074 1075
1074 1077
1074 1078
1074 1119
1075 1072
1075 1074
1075 1071
1076 1029
1076 1022
1076 1071
1077 1122
1077 1126
1077 1063
1077 1127
1077 1128
1077 1036
1077 1071
1077 1074
1077 1078
1077 1080
1078 1074
1078 1077
1078 1071
1079 1036
1079 1029
1079 1071
1080 1036
1080 1077
1080 1071
1081 1072
1081 1020
1081 1022
1082 1152
1082 1186
1082 1146
1082 1084
1082 1072
1082 1013
1082 1150
1082 1083
1082 1020
1082 1085
1082 1086
1082 1151
1083 1072
1083 1082
1083 1020
1084 1082
1084 1020
1084 1013
1085 1088
1085 1150
1085 1146
1085 1013
1085 1082
1085 1147
1085 1086
1085 1087
1086 1013
1086 1082
1086 1085
1087 1088
1087 1089
1087 1090
1087 1091
1087 1184
1087 1011
1087 1013
1087 1149
1087 1146
1087 1147
1087 1148
1087 1085
1088 1013
1088 1085
1088 1087
1089 1011
1089 1013
1089 1087
1090 1183
1090 1184
1090 1185
1090 1091
1090 1092
1090 1093
1090 1094
1090 1095
1090 1096
1090 1005
1090 1011
1090 1172
1090 1143
1090 1148
1090 1182
1090 1087
1091 1090
1091 1011
1091 1087
1092 1090
1092 1011
1092 1005
1093 1090
1093 1094
1093 1095
1093 1096
1093 1097
1093 1098
1093 1099
1093 1100
1093 1005
1093 1101
1093 1009
1093 1017
1094 1005
1094 1090
1094 1093
1095 1090
1095 1093
1095 1096
1095 1098
1095 1099
1095 1102
1095 1104
1095 1107
1095 1108
1095 1143
1095 1145
1095 1183
1096 1090
1096 1093
1096 1095
1097 1009
1097 1093
1097 1005
1098 1093
1098 1095
1098 1099
1098 1100
1098 1038
1098 1102
1098 1106
1098 1107
1098 1110
1098 1017
1099 1098
1099 1093
1099 1095
1100 1017
1100 1098
1100 1093
1101 1009
1101 1017
1101 1093
1102 1095
1102 1098
1102 1038
1102 1103
1102 1040
1102 1105
1102 1104
1102 1106
1102 1107
1102 1108
1103 1040
1103 1102
1103 1038
1104 1145
1104 1095
1104 1102
1104 1144
1104 1040
1104 1105
1104 1138
1104 1108
1104 1109
1104 1140
1104 1111
1104 1112
1104 1049
1104 1141
1104 1142
1104 1143
1105 1104
1105 1040
1105 1102
1106 1098
1106 1102
1106 1038
1107 1098
1107 1102
1107 1095
1108 1104
1108 1102
1108 1095
1109 1040
1109 1049
1109 1104
1110 1017
1110 1098
1110 1038
1111 1113
1111 1115
1111 1104
1111 1138
1111 1139
1111 1140
1111 1112
1111 1049
1111 1114
1111 1051
1112 1104
1112 1049
1112 1111
1113 1049
1113 1051
1113 1111
1114 1115
1114 1130
1114 1136
1114 1137
1114 1138
1114 1139
1114 1111
1114 1051
1114 1116
1114 1117
1115 1114
1115 1051
1115 1111
1116 1120
1116 1057
1116 1129
1116 1130
1116 1136
1116 1114
1116 1051
1116 1117
1116 1118
1116 1119
1117 1114
1117 1051
1117 1116
1118 1057
1118 1051
1118 1116
1119 1120
1119 1057
1119 1121
1119 1059
1119 1122
1119 1123
1119 1124
1119 1129
1119 1130
1119 1131
1119 1132
1119 1133
1119 1134
1119 1135
1119 1074
1119 1116
1120 1057
1120 1116
1120 1119
1121 1057
1121 1059
1121 1119
1122 1059
1122 1123
1122 1124
1122 1125
1122 1063
1122 1126
1122 1127
1122 1074
1122 1077
1122 1119
1123 1122
1123 1059
1123 1119
1124 1074
1124 1122
1124 1119
1125 1122
1125 1059
1125 1063
1126 1122
1126 1077
1126 1063
1127 1074
1127 1077
1127 1122
1128 1036
1128 1077
1128 1063
1129 1130
1129 1116
1129 1119
1130 1152
1130 1146
1130 1178
1130 1129
1130 1131
1130 1132
1130 1136
1130 1137
1130 1138
1130 1176
1130 1177
1130 1114
1130 1116
1130 1119
1131 1130
1131 1132
1131 1119
1132 1152
1132 1130
1132 1131
1132 1133
1132 1134
1132 1178
1132 1179
1132 1180
1132 1181
1132 1119
1133 1132
1133 1134
1133 1119
1134 1188
1134 1189
1134 1132
1134 1133
1134 1135
1134 1072
1134 1074
1134 1179
1134 1181
1134 1119
1135 1074
1135 1134
1135 1119
1136 1130
1136 1116
1136 1114
1137 1130
1137 1114
1137 1138
1138 1175
1138 1146
1138 1130
1138 1104
1138 1137
1138 1139
1138 1140
1138 1141
1138 1142
1138 1111
1138 1174
1138 1114
1138 1148
1138 1176
1139 1114
1139 1138
1139 1111
1140 1104
1140 1138
1140 1111
1141 1104
1141 1138
1141 1171
1141 1172
1141 1173
1141 1142
1141 1143
1141 1144
1141 1174
1141 1148
1142 1104
1142 1138
1142 1141
1143 1090
1143 1095
1143 1104
1143 1171
1143 1172
1143 1141
1143 1144
1143 1145
1143 1182
1143 1183
1144 1104
1144 1141
1144 1143
1145 1104
1145 1143
1145 1095
1146 1152
1146 1130
1146 1151
1146 1085
1146 1138
1146 1175
1146 1176
1146 1177
1146 1082
1146 1147
1146 1148
1146 1149
1146 1150
1146 1087
1147 1146
1147 1085
1147 1087
1148 1184
1148 1185
1148 1090
1148 1138
1148 1172
1148 1173
1148 1141
1148 1174
1148 1175
1148 1146
1148 1149
1148 1087
1149 1146
1149 1148
1149 1087
1150 1146
1150 1082
1150 1085
1151 1152
1151 1146
1151 1082
1152 1186
1152 1187
1152 1146
1152 1178
1152 1130
1152 1132
1152 1072
1152 1177
1152 1082
1152 1179
1152 1180
1152 1151
1153 1154
1153 1155
1153 1156
1153 1157
1153 1158
1153 1159
1153 1160
1153 1161
1153 1162
1154 1153
1154 1155
1154 1156
1154 1163
1154 1164
1154 1165
1154 1166
1155 1153
1155 1154
1155 1156
1156 1153
1156 1154
1156 1155
1156 1157
1156 1158
1156 1163
1156 1164
1157 1153
1157 1156
1157 1158
1158 1153
1158 1156
1158 1157
1158 1159
1158 1160
1159 1160
1159 1153
1159 1158
1160 1153
1160 1158
1160 1159
1160 1161
1160 1162
1161 1160
1161 1153
1161 1162
1162 1160
1162 1161
1162 1153
1163 1154
1163 1156
1163 1164
1163 1165
1163 1166
1163 1167
1163 1168
1164 1154
1164 1163
1164 1156
1165 1154
1165 1163
1165 1166
1165 1167
1165 1168
1165 1169
1165 1170
1166 1154
1166 1163
1166 1165
1167 1163
1167 1165
1167 1168
1167 1169
1167 1170
1168 1163
1168 1165
1168 1167
1169 1170
1169 1165
1169 1167
1170 1169
1170 1165
1170 1167
1171 1172
1171 1141
1171 1143
1172 1185
1172 1090
1172 1171
1172 1141
1172 1173
1172 1143
1172 1148
1172 1182
1173 1148
1173 1172
1173 1141
1174 1138
1174 1148
1174 1141
1175 1146
1175 1148
1175 1138
1176 1138
1176 1146
1176 1130
1177 1152
1177 1146
1177 1130
1178 1152
1178 1130
1178 1132
1179 1152
1179 1187
1179 1189
1179 1132
1179 1134
1179 1072
1179 1180
1179 1181
1180 1152
1180 1179
1180 1132
1181 1179
1181 1132
1181 1134
1182 1090
1182 1172
1182 1143
1183 1090
1183 1095
1183 1143
1184 1090
1184 1148
1184 1087
1185 1172
1185 1090
1185 1148
1186 1072
1186 1082
1186 1152
1187 1072
1187 1179
1187 1152
1188 1072
1188 1074
1188 1134
1189 1072
1189 1179
1189 1134
1190 929
1190 899
1190 887
1191 96
1191 33
1191 260
1191 1192
1191 1193
1191 1194
1191 1195
1191 1196
1191 1197
1191 1198
1191 15
1191 1199
1192 1193
1192 15
1192 1191
1193 289
1193 260
1193 1191
1193 1192
1193 1195
1193 15
1193 1200
1193 1203
1193 1204
1193 30
1194 33
1194 15
1194 1191
1195 1193
1195 260
1195 1191
1196 96
1196 33
1196 1191
1197 260
1197 1198
1197 1191
1198 96
1198 260
1198 1191
1198 233
1198 1197
1198 1199
1198 1202
1198 1205
1198 1206
1198 1207
1198 1208
1198 1209
1199 96
1199 1198
1199 1191
1200 1193
1200 30
1200 15
1201 11
1201 30
1201 15
1202 233
1202 260
1202 1198
1203 1193
1203 260
1203 289
1204 1193
1204 30
1204 289
1205 96
1205 1206
1205 1198
1206 96
1206 1217
1206 1198
1206 1205
1206 1207
1206 1209
1206 218
1207 1217
1207 1218
1207 233
1207 218
1207 1198
1207 1206
1207 246
1207 1208
1207 1209
1207 1210
1207 1212
1207 1213
1208 233
1208 1198
1208 1207
1209 1206
1209 1198
1209 1207
1210 233
1210 246
1210 1207
1211 289
1211 58
1211 30
1212 192
1212 1218
1212 1221
1212 1222
1212 1223
1212 181
1212 246
1212 1207
1212 218
1212 1213
1212 1214
1212 1215
1213 1212
1213 246
1213 1207
1214 1216
1214 1219
1214 1222
1214 1224
1214 277
1214 246
1214 181
1214 1212
1214 158
1214 1215
1215 1212
1215 1214
1215 246
1216 1214
1216 277
1216 246
1217 218
1217 1206
1217 1207
1218 218
1218 1212
1218 1207
1219 1214
1219 277
1219 158
1220 177
1220 277
1220 158
1221 192
1221 218
1221 1212
1222 1212
1222 181
1222 1214
1223 192
1223 1212
1223 181
1224 158
1224 181
1224 1214
1225 163
1225 181
1225 158
1226 98
1226 1227
1226 1228
1226 1229
1226 1230
1226 1231
1226 1232
1226 305
1226 1233
1226 302
1226 1234
1226 1235
1226 1236
1226 124
1227 1226
1227 124
1227 98
1228 98
1228 1242
1228 1226
1228 106
1228 1229
1228 1232
1228 305
1228 1237
1228 1241
1228 122
1229 1226
1229 1228
1229 98
1230 1226
1230 124
1230 1231
1231 1226
1231 172
1231 302
1231 1230
1231 1233
1231 147
1231 1244
1231 1238
1231 1243
1231 124
1232 305
1232 1226
1232 1228
1233 1226
1233 302
1233 1231
1234 1226
1234 268
1234 302
1234 305
1234 1235
1234 1236
1234 1239
1234 1240
1235 1234
1235 1226
1235 305
1236 1234
1236 1226
1236 302
1237 98
1237 1228
1237 106
1238 147
1238 124
1238 1231
1239 305
1239 1234
1239 268
1240 1234
1240 268
1240 302
1241 122
1241 1228
1241 106
1242 305
1242 122
1242 1228
1243 147
1243 172
1243 1231
1244 172
1244 302
1244 1231
