0.000000 0.211022 0.043060
0.107134 0.156673 0.043060
-0.107134 0.156673 0.043060
0.000000 0.295788 0.043060
0.107134 0.072435 0.043060
-0.107134 0.072435 0.043060
0.000000 0.357042 0.043060
0.152238 0.289025 0.043060
-0.152389 0.289025 0.043060
0.000000 0.593572 0.043060
0.099528 0.737974 0.198175
0.224647 0.757208 0.105392
0.016997 0.835087 0.043060
0.000000 0.457483 0.279191
-0.099528 0.737974 0.198175
-0.224647 0.757208 0.105392
-0.016997 0.835085 0.043060
0.000000 0.457538 0.279191
0.215340 0.289025 0.043060
-0.215521 0.289025 0.043060
