0 4
0 5
0 43
0 45
0 470
0 471
0 523
1 296
1 292
1 3
1 187
1 242
1 291
1 241
1 243
1 486
1 244
2 3
2 4
2 5
2 6
2 45
2 288
2 291
2 292
2 471
2 485
3 1
3 288
3 6
3 5
3 296
3 485
3 292
3 2
3 291
3 290
4 0
4 2
4 5
4 6
4 43
4 44
4 45
4 216
4 523
5 3
5 471
5 45
5 2
5 0
5 44
5 470
5 4
5 523
5 6
6 9
6 44
6 291
6 4
6 216
6 5
6 288
6 3
6 7
6 2
7 286
7 12
7 397
7 216
7 140
7 14
7 508
7 17
7 10
7 13
8 224
8 217
8 11
8 220
8 239
8 17
8 508
8 40
8 216
8 156
9 10
9 239
9 219
9 13
9 216
9 44
9 6
9 7
9 156
9 508
10 508
10 148
10 11
10 286
10 13
10 517
10 153
10 8
10 157
10 285
11 140
11 148
11 12
11 15
11 8
11 24
11 283
11 400
11 160
11 151
12 155
12 19
12 509
12 21
12 25
12 400
12 17
12 24
12 16
12 29
13 508
13 398
13 468
13 466
13 219
13 16
13 11
13 12
13 24
13 156
14 400
14 399
14 402
14 25
14 10
14 508
14 545
14 17
14 23
14 8
15 154
15 399
15 162
15 8
15 12
15 401
15 160
15 17
15 150
15 18
16 25
16 17
16 26
16 15
16 402
16 12
16 19
16 11
16 508
16 150
17 24
17 509
17 466
17 154
17 332
17 400
17 508
17 148
17 398
17 22
18 509
18 15
18 411
18 546
18 162
18 21
18 14
18 151
18 25
18 26
19 25
19 14
19 509
19 150
19 402
19 399
19 400
19 401
19 411
19 225
20 25
20 29
20 545
20 22
20 546
20 224
20 411
20 468
20 15
20 504
21 22
21 225
21 159
21 411
21 14
21 15
21 546
21 399
21 26
21 27
22 12
22 23
22 26
22 411
22 162
22 401
22 17
22 225
22 18
22 14
23 330
23 546
23 224
23 412
23 227
23 401
23 26
23 411
23 150
23 15
24 327
24 466
24 14
24 224
24 11
24 161
24 508
24 17
24 16
24 18
25 12
25 16
25 15
25 225
25 402
25 400
25 31
25 234
25 466
25 228
26 330
26 29
26 28
26 17
26 27
26 328
26 329
26 20
26 509
26 400
27 468
27 225
27 409
27 546
27 331
27 24
27 18
27 466
27 135
27 329
28 14
28 226
28 33
28 409
28 473
28 411
28 220
28 468
28 237
28 159
29 30
29 158
29 159
29 225
29 24
29 134
29 402
29 329
29 14
29 328
30 327
30 412
30 545
30 161
30 28
30 133
30 546
30 162
30 457
30 32
31 468
31 34
31 135
31 131
31 28
31 30
31 159
31 467
31 133
31 25
32 38
32 236
32 235
32 237
32 474
32 131
32 30
32 472
32 224
32 409
33 224
33 38
33 408
33 237
33 30
33 32
33 412
33 473
33 238
33 34
34 131
34 133
34 474
34 31
34 33
34 38
34 473
34 37
34 30
34 36
35 37
35 38
35 39
35 131
35 163
35 164
35 166
35 167
35 524
36 33
36 42
36 38
36 235
36 473
36 32
36 408
36 409
36 472
36 236
37 33
37 224
37 474
37 35
37 39
37 412
37 34
37 164
37 238
37 410
38 238
38 164
38 32
38 33
38 473
38 37
38 41
38 474
38 36
38 42
39 35
39 41
39 42
39 36
39 164
39 43
39 38
39 524
39 523
39 163
40 220
40 8
40 9
40 217
40 466
40 216
40 409
40 473
40 236
40 41
41 37
41 42
41 473
41 44
41 239
41 39
41 36
41 238
41 38
41 40
42 239
42 41
42 44
42 524
42 40
42 38
42 523
42 39
42 36
42 43
43 216
43 0
43 5
43 44
43 523
43 41
43 45
43 239
43 163
43 4
44 239
44 4
44 523
44 45
44 42
44 218
44 5
44 40
44 43
44 6
45 0
45 2
45 4
45 5
45 42
45 43
45 44
45 470
45 523
45 524
46 47
46 48
46 70
46 423
46 424
46 426
46 427
46 463
46 464
46 465
47 46
47 48
47 423
47 424
47 426
47 453
47 522
48 46
48 47
48 51
48 424
49 51
49 52
50 51
50 52
50 98
50 103
50 461
51 48
51 49
51 50
51 531
52 49
52 50
52 53
52 55
52 451
53 52
53 55
53 56
53 451
54 55
54 56
54 58
54 59
54 460
55 52
55 53
55 54
55 460
56 53
56 54
56 59
56 530
57 60
57 61
57 432
57 434
57 435
57 530
58 54
58 59
58 62
58 63
58 64
58 460
58 462
59 54
59 56
59 58
59 60
59 63
59 530
60 57
60 59
60 61
60 63
60 530
61 57
61 60
61 435
62 58
62 63
62 64
62 67
62 460
62 462
63 58
63 59
63 60
63 62
63 64
63 462
64 58
64 62
64 63
64 65
64 67
64 353
65 64
65 67
65 310
65 312
65 353
65 437
65 440
65 526
66 98
66 101
66 103
66 461
66 531
67 62
67 64
67 65
67 68
67 310
67 462
67 526
68 67
68 69
68 71
68 262
68 310
68 311
68 312
68 526
69 68
69 71
69 262
69 353
69 389
70 46
70 72
70 75
70 447
70 464
70 465
71 68
71 69
71 262
71 309
71 311
71 312
72 70
72 73
72 74
72 75
72 319
72 448
72 449
72 456
72 511
72 512
73 512
73 76
73 317
73 315
73 318
73 322
73 510
73 449
73 72
73 319
74 72
74 75
74 76
74 78
74 79
74 449
74 464
75 70
75 72
75 74
75 448
75 449
75 450
75 464
75 540
76 73
76 74
76 77
76 79
76 317
76 361
76 454
76 511
77 76
77 80
77 81
77 83
77 317
77 360
77 361
77 454
78 74
78 79
78 80
78 83
78 427
78 428
78 463
79 74
79 76
79 78
79 80
79 83
79 463
80 77
80 78
80 79
80 81
80 83
80 361
80 428
81 77
81 80
81 82
81 83
81 84
81 361
82 81
82 83
82 84
82 87
82 425
82 428
82 475
82 476
83 77
83 78
83 79
83 80
83 81
83 82
83 84
83 361
83 428
84 81
84 82
84 83
84 85
84 87
84 361
85 84
85 87
85 88
85 357
85 358
85 359
85 360
86 87
86 88
86 89
86 90
86 91
86 92
86 477
86 521
87 82
87 84
87 85
87 86
87 88
87 359
88 85
88 86
88 87
88 89
88 90
88 91
88 92
88 359
88 477
88 521
89 86
89 88
89 90
89 91
89 92
89 93
89 359
90 86
90 88
90 89
90 91
90 92
90 93
90 521
91 86
91 88
91 89
91 90
91 92
91 93
91 521
92 86
92 88
92 89
92 90
92 91
92 93
92 521
93 89
93 90
93 91
93 92
93 433
93 521
94 529
95 96
95 97
95 489
95 493
95 495
96 95
96 99
96 489
96 493
96 532
97 95
97 113
97 118
97 489
97 493
97 494
97 495
97 498
98 50
98 66
98 101
98 103
98 529
99 96
99 100
100 99
100 101
100 115
101 66
101 98
101 100
101 103
101 104
101 112
101 527
102 104
102 105
102 370
102 373
102 500
103 50
103 66
103 98
103 101
103 104
103 373
103 527
104 101
104 102
104 103
104 105
104 109
104 112
104 373
104 527
105 102
105 104
105 107
105 108
105 109
105 340
105 373
105 527
106 366
106 374
107 105
107 108
107 109
107 111
107 500
107 501
108 105
108 107
108 109
108 111
108 340
108 500
109 107
109 104
109 112
109 525
109 188
109 111
109 108
109 382
109 340
109 105
110 188
110 379
110 380
111 107
111 108
111 109
111 340
112 101
112 104
112 109
112 188
112 340
112 382
112 383
112 525
112 527
113 97
113 115
113 117
113 118
113 388
113 534
114 188
114 338
114 382
114 383
114 534
115 100
115 113
116 117
116 118
116 119
116 121
116 122
116 381
116 403
116 528
117 113
117 116
117 118
117 498
117 534
118 97
118 113
118 116
118 117
118 119
118 495
118 498
119 116
119 118
119 121
119 122
119 494
119 498
119 499
119 528
120 121
120 122
120 125
120 349
120 381
120 403
120 404
120 405
120 406
121 116
121 119
121 120
121 122
121 381
121 403
121 528
122 116
122 119
122 120
122 121
122 123
122 125
122 499
122 528
123 122
123 125
123 126
123 127
123 406
123 499
123 528
124 126
124 128
124 404
124 406
124 407
124 443
124 445
124 446
125 120
125 122
125 123
125 404
125 405
125 406
126 123
126 124
126 127
126 129
126 496
127 123
127 126
127 496
127 499
127 528
128 124
128 129
128 443
128 445
128 446
128 496
128 533
129 126
129 128
129 443
129 445
129 446
129 496
129 533
130 167
130 492
130 133
130 137
130 168
130 289
130 483
130 184
130 134
130 169
131 130
131 169
131 133
131 170
131 167
131 35
131 31
131 34
131 474
131 135
132 168
132 170
132 135
132 294
132 134
132 133
132 169
132 158
132 136
132 295
133 31
133 138
133 130
133 158
133 30
133 457
133 137
133 131
133 328
133 329
134 133
134 328
134 170
134 131
134 327
134 457
134 482
134 136
134 130
134 29
135 422
135 290
135 30
135 131
135 29
135 331
135 139
135 158
135 31
135 133
136 484
136 135
136 137
136 457
136 483
136 286
136 294
136 134
136 518
136 288
137 289
137 139
137 518
137 286
137 133
137 422
137 483
137 482
137 329
137 138
138 158
138 286
138 149
138 145
138 517
138 327
138 518
138 334
138 144
138 329
139 332
139 141
139 153
139 154
139 158
139 149
139 518
139 458
139 335
139 151
140 283
140 155
140 144
140 287
140 517
140 152
140 157
140 153
140 286
140 11
141 143
141 331
141 136
141 285
141 149
141 138
141 459
141 140
141 330
141 290
142 155
142 137
142 335
142 138
142 331
142 517
142 329
142 150
142 141
142 149
143 152
143 287
143 458
143 400
143 335
143 336
143 150
143 330
143 141
143 399
144 141
144 148
144 11
144 152
144 333
144 139
144 156
144 154
144 284
144 517
145 144
145 283
145 332
145 459
145 333
145 458
145 140
145 155
145 138
145 285
146 143
146 154
146 332
146 150
146 152
146 459
146 400
146 139
146 153
146 155
147 332
147 335
147 154
147 333
147 149
147 334
147 400
147 142
147 151
147 458
148 144
148 153
148 334
148 14
148 335
148 150
148 157
148 155
148 458
148 517
149 139
149 153
149 150
149 152
149 155
149 147
149 287
149 144
149 146
149 283
150 148
150 333
150 16
150 400
150 160
150 144
150 332
150 330
150 19
150 143
151 149
151 333
151 153
151 143
151 19
151 285
151 398
151 142
151 15
151 152
152 401
152 140
152 336
152 11
152 144
152 508
152 334
152 287
152 146
152 333
153 285
153 14
153 10
153 140
153 459
153 334
153 142
153 146
153 157
153 148
154 153
154 16
154 328
154 18
154 144
154 17
154 155
154 151
154 147
154 335
155 331
155 17
155 328
155 144
155 150
155 332
155 162
155 161
155 140
155 397
156 153
156 332
156 508
156 285
156 17
156 283
156 287
156 149
156 331
156 11
157 153
157 330
157 10
157 329
157 148
157 154
157 161
157 285
157 152
157 287
158 141
158 154
158 331
158 328
158 26
158 138
158 329
158 142
158 457
158 27
159 24
159 15
159 21
159 330
159 29
159 154
159 135
159 332
159 161
159 16
160 283
160 162
160 329
160 159
160 334
160 398
160 517
160 332
160 15
160 161
161 328
161 457
161 332
161 467
161 154
161 25
161 31
161 162
161 155
161 545
162 402
162 159
162 468
162 161
162 31
162 158
162 327
162 330
162 15
162 19
163 470
163 39
163 43
163 35
163 164
163 415
163 524
163 523
163 469
163 413
164 35
164 37
164 38
164 39
164 163
164 166
164 167
164 413
164 523
164 524
165 166
165 167
165 187
165 240
165 241
165 413
166 35
166 163
166 164
166 165
166 167
166 241
166 413
166 524
167 131
167 241
167 166
167 186
167 169
167 165
167 187
167 413
167 185
167 164
168 173
168 133
168 492
168 186
168 172
168 184
168 298
168 183
168 421
168 169
169 184
169 132
169 172
169 298
169 186
169 130
169 133
169 187
169 185
169 170
170 130
170 134
170 185
170 182
170 289
170 168
170 173
170 482
170 183
170 186
171 170
171 419
171 175
171 420
171 172
171 182
171 491
171 173
171 421
171 492
172 170
172 177
172 179
172 421
172 168
172 422
172 182
172 175
172 169
172 173
173 168
173 174
173 180
173 289
173 484
173 175
173 293
173 294
173 181
173 492
174 179
174 173
174 419
174 180
174 178
174 172
174 293
174 171
174 484
174 420
175 491
175 180
175 176
175 420
175 172
175 418
175 178
175 177
175 179
175 174
176 181
176 419
176 173
176 492
176 183
176 293
176 180
176 491
176 171
176 182
177 420
177 419
177 176
177 182
177 179
177 174
177 171
177 178
177 491
177 183
178 179
178 176
178 421
178 293
178 175
178 418
178 181
178 180
178 173
178 172
179 184
179 183
179 297
179 168
179 182
179 420
179 177
179 170
179 172
179 175
180 177
180 491
180 181
180 421
180 179
180 172
180 174
180 178
180 419
180 293
181 177
181 170
181 180
181 420
181 182
181 297
181 492
181 183
181 491
181 176
182 491
182 183
182 492
182 295
182 420
182 421
182 172
182 298
182 418
182 177
183 130
183 297
183 492
183 170
183 182
183 420
183 293
183 172
183 176
183 175
184 169
184 130
184 185
184 183
184 181
184 298
184 182
184 492
184 487
184 168
185 296
185 167
185 130
185 170
185 182
185 298
185 169
185 187
185 186
185 168
186 184
186 296
186 183
186 182
186 185
186 167
186 130
186 298
186 169
186 187
187 1
187 165
187 167
187 169
187 185
187 186
187 241
187 296
187 486
187 487
188 109
188 110
188 112
188 114
188 190
188 340
188 382
188 383
188 514
188 525
189 351
189 352
189 200
189 386
189 302
189 513
189 387
189 303
189 385
189 384
190 188
190 191
190 193
190 204
190 303
190 384
190 513
190 514
190 525
191 190
191 193
191 204
191 205
191 304
191 305
191 514
191 525
192 197
192 299
192 300
192 345
192 347
192 350
192 378
192 479
192 480
192 481
193 190
193 191
193 194
193 204
193 305
193 344
193 346
193 347
193 514
193 525
194 193
194 195
194 305
194 344
194 346
194 347
194 481
195 194
195 197
195 305
195 306
195 307
195 347
196 198
196 201
196 299
196 301
196 302
196 348
196 349
196 350
196 351
196 378
197 192
197 195
197 198
197 345
197 350
197 480
198 196
198 197
198 199
198 201
199 198
199 201
199 202
199 215
199 775
199 777
199 850
199 1222
200 189
200 202
200 205
200 302
200 303
200 352
200 385
200 513
200 1223
201 196
201 198
201 199
201 301
201 302
201 348
201 351
202 199
202 200
202 205
202 850
202 1223
203 214
203 536
203 1185
204 190
204 191
204 193
204 205
204 304
204 305
204 514
204 525
205 191
205 200
205 202
205 204
205 303
205 304
205 818
206 207
206 209
206 536
206 817
207 206
207 209
207 211
207 536
207 815
207 817
208 211
208 771
208 814
208 817
209 206
209 207
209 211
209 306
209 817
210 212
210 214
210 536
210 772
210 817
211 207
211 208
211 209
211 215
211 817
211 1222
212 210
212 213
212 214
212 308
212 814
212 1185
213 212
213 214
213 215
213 308
213 850
213 1185
213 1222
214 203
214 210
214 212
214 213
214 536
214 1185
215 199
215 211
215 213
215 850
215 1222
216 218
216 8
216 9
216 219
216 4
216 44
216 6
216 239
216 43
216 7
217 231
217 472
217 409
217 228
217 222
217 40
217 8
217 223
217 234
217 233
218 468
218 9
218 221
218 219
218 237
218 216
218 222
218 472
218 44
218 239
219 509
219 544
219 226
219 468
219 227
219 225
219 217
219 228
219 9
219 218
220 17
220 226
220 40
220 217
220 229
220 505
220 238
220 239
220 29
220 230
221 408
221 229
221 234
221 217
221 220
221 219
221 233
221 237
221 222
221 236
222 408
222 220
222 472
222 505
222 504
222 410
222 227
222 228
222 226
222 411
223 24
223 234
223 409
223 238
223 232
223 227
223 233
223 228
223 229
223 509
224 411
224 466
224 504
224 505
224 408
224 17
224 159
224 227
224 28
224 27
225 546
225 236
225 27
225 238
225 217
225 410
225 226
225 23
225 25
225 224
226 22
226 237
226 233
226 222
226 217
226 23
226 29
226 544
226 27
226 234
227 238
227 408
227 226
227 468
227 411
227 472
227 220
227 237
227 409
227 223
228 219
228 33
228 32
228 229
228 37
228 230
228 226
228 544
228 231
228 237
229 238
229 228
229 410
229 220
229 25
229 221
229 226
229 504
229 224
229 505
230 408
230 20
230 544
230 224
230 411
230 222
230 409
230 237
230 226
230 221
231 544
231 232
231 222
231 217
231 235
231 227
231 228
231 409
231 473
231 237
232 411
232 224
232 222
232 234
232 221
232 410
232 235
232 217
232 408
232 227
233 472
233 217
233 224
233 232
233 222
233 235
233 229
233 408
233 412
233 409
234 228
234 230
234 25
234 544
234 505
234 226
234 409
234 220
234 235
234 231
235 220
235 217
235 227
235 223
235 28
235 230
235 410
235 233
235 505
235 412
236 472
236 237
236 239
236 504
236 225
236 409
236 238
236 233
236 466
236 28
237 228
237 233
237 409
237 230
237 412
237 234
237 472
237 474
237 222
237 505
238 473
238 472
238 32
238 224
238 40
238 504
238 412
238 227
238 234
238 235
239 216
239 220
239 218
239 217
239 472
239 219
239 36
239 43
239 9
239 466
240 165
240 241
240 242
240 243
240 413
240 415
240 416
240 543
241 1
241 165
241 166
241 167
241 187
241 240
241 413
241 415
242 1
242 240
242 243
242 244
242 247
242 471
242 486
242 543
243 1
243 240
243 242
243 244
243 247
243 471
243 486
243 543
244 1
244 242
244 243
244 247
244 471
245 247
245 248
245 417
245 469
245 471
245 542
245 1029
246 247
246 248
246 251
246 543
247 242
247 243
247 244
247 245
247 246
247 471
247 543
248 245
248 246
248 251
249 1213
249 952
249 520
249 1199
249 256
249 957
249 253
249 956
249 252
249 519
250 519
250 254
250 256
250 252
250 251
250 255
250 952
250 253
250 953
250 515
251 246
251 248
251 250
251 252
251 515
251 952
252 250
252 255
252 956
252 519
252 953
252 1199
252 249
252 1213
252 251
252 952
253 249
253 250
253 252
253 254
253 255
253 256
253 519
253 932
253 952
253 954
254 250
254 253
254 255
254 256
254 258
254 515
254 516
255 954
255 953
255 252
255 519
255 256
255 253
255 250
255 254
255 932
255 258
256 249
256 250
256 252
256 253
256 254
256 255
256 519
256 932
257 258
257 520
258 254
258 255
258 257
258 260
258 931
258 954
258 955
258 957
259 414
259 415
259 416
259 417
259 469
259 542
259 1029
259 1176
260 258
260 417
260 516
260 542
260 931
260 954
260 1176
261 265
261 266
261 313
261 314
261 316
261 447
261 448
261 450
261 537
261 541
262 68
262 69
262 71
262 353
262 389
263 266
263 312
263 314
263 316
263 389
263 436
263 438
264 267
264 268
264 429
264 430
264 431
264 823
265 261
265 266
265 270
265 313
265 396
265 537
266 261
266 263
266 265
266 270
266 312
266 314
266 316
266 389
266 436
267 264
267 268
267 270
267 271
267 823
268 264
268 267
268 429
268 430
268 431
268 823
269 274
269 538
269 828
270 265
270 266
270 267
270 823
270 824
271 267
271 272
271 429
271 823
271 1194
272 271
272 429
272 915
272 917
272 1194
273 277
273 538
273 985
273 1154
274 269
274 276
274 538
274 917
275 277
275 827
275 986
275 987
275 988
276 274
276 538
276 917
277 273
277 275
277 538
277 827
277 985
277 986
277 1154
278 280
278 281
278 538
278 1154
279 280
279 281
279 282
279 394
279 395
279 396
279 828
279 989
280 278
280 279
280 281
280 539
281 278
281 279
281 280
281 282
281 828
281 853
281 1153
282 279
282 281
282 396
282 825
282 828
282 853
283 284
283 459
283 333
283 336
283 160
283 152
283 153
283 17
283 157
283 334
284 147
284 11
284 139
284 138
284 143
284 149
284 141
284 156
284 154
284 333
285 144
285 152
285 332
285 11
285 139
285 7
285 156
285 8
285 154
285 10
286 7
286 290
286 141
286 285
286 156
286 482
286 140
286 136
286 288
286 457
287 286
287 458
287 517
287 136
287 139
287 457
287 152
287 283
287 137
287 284
288 2
288 291
288 141
288 517
288 136
288 290
288 287
288 6
288 518
288 286
289 135
289 130
289 290
289 297
289 292
289 141
289 137
289 132
289 482
289 134
290 517
290 137
290 134
290 136
290 132
290 289
290 292
290 3
290 286
290 483
291 295
291 286
291 6
291 518
291 1
291 290
291 485
291 3
291 136
291 296
292 484
292 2
292 297
292 3
292 482
292 483
292 290
292 291
292 294
292 295
293 295
293 484
293 180
293 421
293 171
293 419
293 296
293 298
293 420
293 174
294 174
294 419
294 420
294 132
294 173
294 297
294 484
294 292
294 482
294 422
295 484
295 420
295 3
295 418
295 289
295 136
295 137
295 291
295 422
295 297
296 1
296 186
296 292
296 3
296 418
296 297
296 185
296 487
296 294
296 293
297 486
297 484
297 174
297 289
297 420
297 296
297 180
297 179
297 298
297 422
298 492
298 185
298 420
298 170
298 181
298 293
298 168
298 179
298 183
298 297
299 301
299 405
299 300
299 348
299 349
299 196
299 478
299 350
299 192
299 378
300 405
300 350
300 378
300 349
300 480
300 299
300 348
300 192
300 478
300 345
301 378
301 386
301 513
301 348
301 352
301 385
301 387
301 349
301 351
301 201
302 189
302 196
302 200
302 201
302 303
302 352
302 385
302 387
302 513
303 385
303 205
303 514
303 190
303 513
303 189
303 200
303 1223
303 352
303 302
304 191
304 204
304 205
304 303
304 305
304 818
305 191
305 193
305 194
305 195
305 204
305 304
305 306
305 347
306 195
306 209
306 305
306 307
307 195
307 306
307 308
307 771
308 212
308 213
308 307
308 776
309 71
309 311
309 312
309 314
309 447
310 65
310 67
310 68
310 312
310 353
310 389
310 437
310 440
310 526
311 68
311 71
311 309
311 312
311 314
311 526
312 65
312 71
312 389
312 263
312 266
312 526
312 311
312 68
312 309
312 314
313 261
313 265
313 318
313 448
313 450
313 537
313 541
314 261
314 263
314 266
314 309
314 311
314 312
314 316
314 447
314 541
315 537
315 318
315 395
315 510
315 511
315 512
315 396
315 73
315 394
315 317
316 261
316 263
316 266
316 314
316 541
317 512
317 322
317 315
317 77
317 510
317 76
317 73
317 511
317 318
317 319
318 73
318 313
318 315
318 317
318 319
318 394
318 396
318 450
318 511
318 537
319 72
319 73
319 315
319 317
319 318
319 322
319 394
319 510
319 511
319 512
320 321
320 322
320 323
320 390
320 391
320 392
320 393
320 438
320 439
320 510
321 320
321 322
321 323
321 326
321 390
321 455
321 510
322 73
322 317
322 319
322 320
322 321
322 323
322 390
322 455
322 510
322 511
323 390
323 393
323 320
323 438
323 439
323 392
323 322
323 321
323 391
323 324
324 323
324 353
324 437
324 439
324 440
324 441
326 321
326 323
326 354
326 355
326 358
326 390
326 439
326 441
326 456
327 329
327 332
327 26
327 224
327 23
327 330
327 31
327 457
327 331
327 161
328 545
328 137
328 157
328 133
328 26
328 138
328 330
328 400
328 135
328 23
329 399
329 457
329 138
329 161
329 328
329 160
329 31
329 154
329 137
329 133
330 139
330 162
330 151
330 332
330 148
330 329
330 135
330 400
330 153
330 399
331 141
331 148
331 134
331 332
331 23
331 327
331 138
331 158
331 150
331 143
332 335
332 327
332 21
332 149
332 285
332 140
332 148
332 15
332 144
332 330
333 545
333 152
333 336
333 142
333 155
333 332
333 162
333 138
333 335
333 458
334 333
334 332
334 545
334 147
334 458
334 401
334 23
334 330
334 146
334 148
335 545
335 144
335 152
335 150
335 143
335 145
335 149
335 399
335 155
335 153
336 400
336 142
336 154
336 150
336 333
336 283
336 143
336 332
336 284
336 144
338 114
338 382
338 383
338 384
339 342
340 105
340 382
340 188
340 383
340 111
340 109
340 525
340 108
340 343
340 344
341 344
341 346
341 481
342 339
342 376
342 377
342 535
343 340
343 344
343 377
343 525
344 193
344 194
344 340
344 341
344 343
344 346
344 347
344 525
345 192
345 197
345 300
345 350
345 479
345 480
345 481
346 193
346 194
346 341
346 344
346 347
346 481
347 192
347 193
347 194
347 195
347 305
347 344
347 346
347 481
348 196
348 201
348 299
348 300
348 301
348 349
348 350
348 351
348 378
348 403
349 120
349 196
349 299
349 300
349 301
349 348
349 350
349 351
349 378
349 403
350 299
350 378
350 300
350 192
350 479
350 345
350 405
350 478
350 349
350 197
351 387
351 385
351 378
351 349
351 352
351 196
351 348
351 301
351 299
351 513
352 303
352 386
352 381
352 301
352 189
352 513
352 302
352 200
352 351
352 385
353 64
353 65
353 69
353 262
353 310
353 324
353 355
353 437
353 440
353 526
354 326
354 355
354 356
354 358
354 455
355 326
355 353
355 354
355 356
355 435
355 441
356 354
356 355
356 435
357 85
357 358
357 359
357 360
357 454
357 455
358 85
358 326
358 354
358 357
358 359
358 455
358 456
358 540
359 85
359 87
359 88
359 89
359 357
359 358
359 360
359 455
360 77
360 85
360 357
360 359
360 361
360 454
360 455
361 76
361 77
361 80
361 81
361 83
361 84
361 360
361 454
362 375
362 376
362 407
362 443
362 444
362 445
362 446
362 503
363 364
363 443
363 444
363 445
363 488
364 363
364 367
364 444
365 368
366 106
366 367
366 368
366 374
366 501
367 364
367 366
367 374
368 365
368 366
369 370
369 371
369 372
369 506
370 102
370 369
370 371
370 372
370 373
370 500
371 369
371 370
371 372
371 500
371 501
372 369
372 370
372 371
372 373
372 529
373 102
373 103
373 104
373 105
373 370
373 372
373 527
374 106
374 366
374 367
374 376
374 377
375 362
375 376
375 379
375 503
375 535
376 342
376 362
376 374
376 375
376 377
376 503
376 535
377 342
377 343
377 374
377 376
377 535
378 301
378 478
378 299
378 403
378 349
378 405
378 351
378 300
378 196
378 348
379 110
379 300
379 375
379 380
379 478
379 502
379 535
380 110
380 379
380 388
380 534
381 116
381 120
381 121
381 352
381 386
381 387
381 388
381 403
382 109
382 112
382 114
382 188
382 338
382 340
382 383
382 384
382 525
383 109
383 112
383 114
383 188
383 338
383 340
383 382
383 384
383 525
384 189
384 190
384 303
384 338
384 382
384 383
384 385
384 513
384 514
385 352
385 351
385 387
385 189
385 384
385 301
385 386
385 303
385 200
385 513
386 189
386 301
386 351
386 352
386 381
386 385
386 387
386 388
386 403
387 189
387 301
387 302
387 351
387 352
387 381
387 385
387 386
387 403
387 513
388 113
388 380
388 381
388 386
388 403
389 263
389 266
389 437
389 431
389 69
389 262
389 436
389 526
389 310
389 312
390 326
390 438
390 439
390 321
390 392
390 323
390 320
390 510
390 393
390 391
391 320
391 323
391 390
391 392
391 393
391 430
391 431
392 320
392 323
392 390
392 391
392 393
392 430
392 431
392 438
392 439
393 320
393 323
393 390
393 391
393 392
393 394
393 395
393 438
393 510
394 279
394 315
394 318
394 319
394 393
394 395
394 396
394 989
395 279
395 315
395 393
395 394
395 396
395 989
396 265
396 279
396 282
396 315
396 318
396 394
396 395
396 537
396 989
397 332
397 7
397 545
397 12
397 15
397 508
397 18
397 148
397 283
397 400
398 157
398 154
398 25
398 16
398 397
398 332
398 15
398 153
398 21
398 333
399 400
399 397
399 154
399 23
399 327
399 25
399 11
399 330
399 458
399 20
400 545
400 151
400 459
400 11
400 31
400 159
400 17
400 146
400 402
400 331
401 336
401 25
401 22
401 162
401 335
401 20
401 161
401 398
401 146
401 155
402 399
402 19
402 14
402 29
402 151
402 15
402 23
402 17
402 148
402 154
403 116
403 299
403 120
403 381
403 386
403 387
403 349
403 121
403 348
403 405
404 120
404 124
404 125
404 405
404 406
404 407
404 478
404 502
405 300
405 502
405 404
405 299
405 378
405 120
405 350
405 403
405 406
405 125
406 120
406 123
406 124
406 125
406 404
406 405
407 124
407 362
407 404
407 446
407 503
408 228
408 504
408 37
408 472
408 468
408 546
408 231
408 220
408 233
408 229
409 473
409 544
409 221
409 235
409 229
409 227
409 24
409 233
409 504
409 509
410 468
410 236
410 504
410 411
410 232
410 28
410 224
410 225
410 466
410 230
411 230
411 21
411 233
411 468
411 505
411 467
411 219
411 410
411 20
411 231
412 30
412 544
412 234
412 8
412 474
412 36
412 162
412 33
412 228
412 24
413 163
413 164
413 165
413 166
413 167
413 240
413 241
413 415
413 416
413 469
414 259
414 415
414 416
414 417
414 469
414 542
414 1029
414 1176
415 163
415 240
415 241
415 259
415 413
415 414
415 416
415 469
416 240
416 259
416 413
416 414
416 415
416 417
416 469
416 1029
416 1136
416 1176
417 1176
417 416
417 1162
417 542
417 1161
417 245
417 414
417 1177
417 469
417 260
418 175
418 180
418 183
418 420
418 171
418 421
418 177
418 181
418 419
418 179
419 176
419 178
419 491
419 482
419 180
419 297
419 492
419 483
419 174
419 293
420 293
420 179
420 171
420 422
420 173
420 296
420 421
420 298
420 484
420 181
421 420
421 293
421 418
421 419
421 175
421 422
421 294
421 491
421 180
421 297
422 518
422 491
422 132
422 136
422 175
422 295
422 293
422 172
422 484
422 421
423 46
423 47
423 424
423 425
423 426
423 427
423 476
423 522
424 46
424 47
424 48
424 423
424 425
424 426
424 427
424 463
424 465
424 522
425 82
425 423
425 424
425 426
425 427
425 428
425 475
425 476
426 46
426 47
426 423
426 424
426 425
426 427
426 428
426 463
426 476
426 522
427 46
427 78
427 423
427 424
427 425
427 426
427 428
427 463
427 476
428 78
428 80
428 82
428 83
428 425
428 426
428 427
428 463
428 475
428 476
429 264
429 268
429 271
429 272
429 430
429 431
429 539
429 917
430 264
430 268
430 391
430 392
430 429
430 431
430 539
431 264
431 268
431 389
431 391
431 392
431 429
431 430
432 57
433 93
433 434
434 57
434 433
434 435
435 57
435 61
435 355
435 356
435 434
436 263
436 266
436 389
436 437
436 438
436 526
437 65
437 310
437 324
437 353
437 389
437 436
437 440
437 526
438 263
438 320
438 323
438 389
438 390
438 392
438 393
438 436
438 510
439 320
439 323
439 324
439 326
439 390
439 392
439 440
440 65
440 310
440 324
440 353
440 437
440 439
440 441
440 526
441 324
441 326
441 355
441 440
441 442
441 456
442 441
443 124
443 128
443 129
443 362
443 363
443 444
443 445
443 446
443 488
443 533
444 362
444 363
444 364
444 443
444 445
444 488
445 124
445 128
445 129
445 362
445 363
445 443
445 444
445 446
445 488
445 533
446 124
446 128
446 129
446 362
446 407
446 443
446 445
446 533
447 70
447 261
447 309
447 314
447 465
447 541
448 72
448 75
448 261
448 313
448 449
448 450
448 541
449 72
449 73
449 74
449 75
449 448
449 450
449 511
449 512
449 540
450 75
450 261
450 313
450 318
450 448
450 449
450 537
450 541
451 52
451 53
452 453
453 47
453 452
453 522
454 73
454 76
454 77
454 317
454 357
454 360
454 361
454 455
454 511
454 540
455 321
455 322
455 354
455 357
455 358
455 359
455 360
455 454
455 456
455 540
456 72
456 326
456 358
456 441
456 455
456 540
457 161
457 137
457 145
457 331
457 329
457 144
457 327
457 483
457 149
457 334
458 333
458 545
458 146
458 331
458 151
458 142
458 147
458 145
458 332
458 139
459 336
459 154
459 458
459 334
459 153
459 152
459 283
459 149
459 146
459 457
460 54
460 55
460 58
460 62
460 462
461 50
461 66
462 58
462 62
462 63
462 67
462 460
463 46
463 78
463 79
463 424
463 426
463 427
463 428
464 46
464 70
464 74
464 75
465 46
465 70
465 424
465 447
466 408
466 224
466 24
466 218
466 238
466 412
466 233
466 25
466 239
466 223
467 412
467 31
467 20
467 410
467 26
467 28
467 30
467 409
467 226
467 466
468 26
468 13
468 224
468 25
468 509
468 159
468 227
468 27
468 161
468 17
469 163
469 245
469 259
469 413
469 414
469 415
469 416
469 417
469 470
469 1029
470 0
470 5
470 45
470 163
470 469
470 471
470 523
471 0
471 2
471 5
471 242
471 243
471 244
471 245
471 247
471 470
472 230
472 226
472 410
472 229
472 234
472 544
472 219
472 41
472 231
472 32
473 228
473 472
473 410
473 38
473 41
473 224
473 226
473 37
473 217
473 231
474 238
474 235
474 237
474 408
474 228
474 131
474 37
474 38
474 28
474 412
475 82
475 425
475 428
475 476
475 477
475 521
476 82
476 423
476 425
476 426
476 427
476 428
476 475
476 477
476 522
477 86
477 88
477 475
477 476
477 521
477 522
478 299
478 300
478 350
478 378
478 379
478 404
478 405
478 502
479 192
479 345
479 350
479 480
479 481
480 192
480 197
480 299
480 300
480 345
480 350
480 378
480 479
480 481
481 192
481 194
481 341
481 345
481 346
481 347
481 479
481 480
482 419
482 294
482 137
482 134
482 422
482 132
482 290
482 286
482 292
482 289
483 132
483 173
483 419
483 170
483 297
483 134
483 422
483 136
483 137
483 135
484 418
484 136
484 294
484 293
484 420
484 518
484 296
484 289
484 482
484 174
485 1
485 2
485 3
485 290
485 291
485 292
485 295
485 296
485 486
485 487
486 487
486 242
486 295
486 297
486 291
486 296
486 187
486 243
486 485
486 3
487 486
487 187
487 296
487 298
487 184
487 292
487 485
487 297
487 1
487 185
488 363
488 443
488 444
488 445
488 490
488 533
489 95
489 96
489 97
489 490
489 493
489 494
489 495
489 497
489 498
490 488
490 489
490 493
490 496
490 497
490 533
491 178
491 176
491 418
491 175
491 172
491 173
491 183
491 170
491 180
491 179
492 172
492 181
492 171
492 184
492 298
492 176
492 132
492 180
492 175
492 491
493 95
493 96
493 97
493 489
493 490
493 494
493 495
493 497
493 498
494 97
494 119
494 489
494 493
494 495
494 497
494 498
494 499
495 95
495 97
495 118
495 489
495 493
495 494
495 497
495 498
496 126
496 127
496 128
496 129
496 490
496 497
496 499
496 533
497 489
497 490
497 493
497 494
497 495
497 496
497 533
498 97
498 117
498 118
498 119
498 489
498 493
498 494
498 495
498 499
499 119
499 122
499 123
499 127
499 494
499 496
499 498
499 528
500 102
500 107
500 108
500 370
500 371
500 501
501 107
501 366
501 371
501 500
502 299
502 300
502 350
502 378
502 379
502 404
502 405
502 478
503 362
503 375
503 376
503 407
503 535
504 235
504 231
504 226
504 20
504 238
504 408
504 224
504 28
504 221
504 546
505 226
505 546
505 504
505 408
505 20
505 466
505 227
505 25
505 409
505 28
506 369
508 466
508 152
508 24
508 283
508 9
508 468
508 398
508 11
508 18
508 13
509 222
509 24
509 327
509 30
509 223
509 397
509 21
509 220
509 544
509 159
510 319
510 315
510 390
510 320
510 317
510 393
510 438
510 322
510 321
510 73
511 540
511 322
511 315
511 454
511 318
511 317
511 73
511 319
511 510
511 449
512 72
512 73
512 315
512 317
512 319
512 449
512 511
513 302
513 190
513 352
513 514
513 303
513 387
513 200
513 301
513 384
513 189
514 188
514 190
514 191
514 193
514 204
514 303
514 384
514 513
514 525
515 250
515 251
515 254
515 255
515 516
515 543
515 912
516 254
516 260
516 515
516 543
516 931
516 936
517 149
517 157
517 518
517 137
517 458
517 457
517 136
517 290
517 142
517 288
518 138
518 294
518 135
518 136
518 289
518 482
518 132
518 141
518 483
518 291
519 1200
519 255
519 954
519 250
519 932
519 253
519 952
519 956
519 249
519 252
520 249
520 257
520 542
520 931
520 932
520 957
520 1029
520 1177
520 1254
521 86
521 88
521 90
521 91
521 92
521 93
521 475
521 477
521 522
522 47
522 423
522 424
522 426
522 453
522 476
522 477
522 521
523 470
523 39
523 45
523 44
523 0
523 5
523 524
523 42
523 43
523 164
524 35
524 38
524 39
524 42
524 43
524 45
524 163
524 164
524 166
524 523
525 112
525 109
525 188
525 340
525 190
525 204
525 382
525 343
525 344
525 191
526 65
526 311
526 436
526 353
526 310
526 68
526 67
526 440
526 437
526 389
527 101
527 103
527 104
527 105
527 109
527 112
527 340
527 373
528 116
528 119
528 121
528 122
528 123
528 127
528 499
529 94
529 98
529 372
530 56
530 57
530 59
530 60
531 51
531 66
532 96
533 128
533 129
533 443
533 445
533 446
533 488
533 490
533 496
533 497
534 113
534 114
534 117
534 380
535 342
535 375
535 376
535 377
535 379
535 503
536 203
536 206
536 207
536 210
536 214
536 817
536 1185
537 261
537 265
537 313
537 315
537 318
537 396
537 450
537 541
538 269
538 273
538 274
538 276
538 277
538 278
538 985
538 1154
539 280
539 429
539 430
539 990
540 73
540 75
540 358
540 449
540 454
540 455
540 456
540 511
541 261
541 313
541 314
541 316
541 447
541 448
541 450
541 537
542 1177
542 1029
542 414
542 260
542 1176
542 259
542 520
542 245
542 417
542 1163
543 240
543 242
543 243
543 246
543 247
543 515
543 516
544 409
544 219
544 231
544 220
544 472
544 233
544 226
544 505
544 235
544 221
545 17
545 329
545 30
545 19
545 143
545 159
545 26
545 146
545 15
545 161
546 30
546 230
546 410
546 12
546 227
546 466
546 229
546 159
546 22
546 26
547 646
547 651
547 676
547 1146
547 1147
548 978
548 1117
550 553
550 1119
551 552
551 553
551 556
551 646
551 1164
552 551
552 553
552 676
552 832
553 550
553 551
553 552
553 554
554 553
554 556
554 557
555 556
555 557
556 551
556 554
556 555
556 557
556 1165
557 554
557 555
557 556
557 558
558 557
558 1058
559 561
560 939
561 559
565 1054
566 568
566 569
567 572
568 566
569 566
569 572
571 885
571 888
571 892
572 567
572 569
573 1237
573 1246
574 888
574 890
574 895
575 576
575 892
576 575
577 579
577 1094
577 1095
577 1097
577 1168
577 1169
578 579
578 580
578 658
578 1160
579 577
579 578
579 886
579 889
579 1160
580 578
580 658
580 1169
581 662
581 663
581 664
582 584
582 1159
583 584
583 1160
584 582
584 583
585 587
587 585
588 1171
589 960
589 1100
589 1101
589 1102
589 1173
590 592
591 929
591 968
591 969
592 590
592 1042
594 759
594 760
594 879
594 1182
596 1004
596 600
596 992
596 1002
596 1209
596 598
596 1208
596 597
596 601
596 1003
597 596
597 598
597 601
597 801
597 992
597 1002
597 1004
597 1025
597 1028
597 1225
598 596
598 597
598 599
598 601
598 801
598 803
598 992
598 1002
598 1004
598 1225
599 598
599 600
599 601
599 602
599 605
599 712
599 992
599 993
599 1078
600 596
600 599
600 601
600 602
600 603
600 605
600 640
600 641
600 712
600 1078
601 599
601 596
601 598
601 597
601 992
601 993
601 1004
601 602
601 641
601 600
602 599
602 992
602 601
602 1078
602 605
602 604
602 600
602 603
602 640
602 712
603 1078
603 610
603 606
603 609
603 602
603 1080
603 1079
603 605
603 607
603 604
604 715
604 1197
604 714
604 1081
604 718
604 609
604 605
604 610
604 608
604 1008
605 599
605 600
605 602
605 603
605 604
605 606
605 640
605 712
605 1078
605 1079
606 712
606 1078
606 1080
606 603
606 604
606 714
606 605
606 607
606 609
606 715
607 606
607 715
607 608
607 610
607 736
607 1080
607 613
607 609
607 737
607 611
608 1084
608 612
608 1198
608 732
608 716
608 1081
608 609
608 1008
608 721
608 734
609 1198
609 718
609 613
609 1080
609 719
609 603
609 716
609 604
609 606
609 1197
610 716
610 718
610 603
610 719
610 1198
610 607
610 611
610 604
610 1080
610 613
611 607
611 610
611 613
611 614
611 617
611 737
611 740
611 1080
611 1191
612 615
612 617
612 608
612 620
612 715
612 723
612 1082
612 1258
612 734
612 618
613 1197
613 734
613 721
613 715
613 716
613 615
613 718
613 608
613 1005
613 719
614 616
614 1005
614 617
614 615
614 739
614 741
614 618
614 740
614 611
614 1198
615 921
615 1005
615 616
615 1014
615 695
615 617
615 719
615 918
615 739
615 871
616 727
616 624
616 1009
616 619
616 612
616 622
616 1196
616 735
616 1082
616 1081
617 719
617 872
617 1007
617 919
617 920
617 614
617 613
617 721
617 611
617 1005
618 695
618 719
618 919
618 872
618 617
618 615
618 873
618 921
618 612
618 622
619 878
619 618
619 868
619 925
619 627
619 616
619 615
619 698
619 622
619 625
620 919
620 633
620 612
620 871
620 626
620 723
620 878
620 632
620 628
620 722
621 925
621 695
621 1007
621 719
621 878
621 633
621 1006
621 619
621 625
621 725
622 1014
622 874
622 873
622 625
622 631
622 624
622 623
622 922
622 925
622 618
623 619
623 635
623 700
623 701
623 922
623 925
623 628
623 698
623 868
623 626
624 704
624 625
624 1005
624 632
624 633
624 920
624 872
624 923
624 1257
624 1009
625 921
625 633
625 923
625 612
625 631
625 695
625 723
625 622
625 1006
625 1005
626 624
626 1207
626 704
626 921
626 619
626 1009
626 872
626 711
626 696
626 1257
627 630
627 623
627 921
627 697
627 620
627 621
627 1257
627 624
627 924
627 711
628 636
628 924
628 875
628 634
628 631
628 635
628 1005
628 922
628 1009
628 629
629 632
629 1009
629 625
629 631
629 620
629 637
629 634
629 630
629 619
629 623
630 923
630 1009
630 616
630 622
630 1256
630 625
630 632
630 637
630 921
630 1005
631 692
631 625
631 626
631 634
631 622
631 925
631 623
631 695
631 920
631 621
632 692
632 1009
632 629
632 920
632 624
632 621
632 639
632 1081
632 633
632 694
633 1256
633 924
633 921
633 626
633 630
633 694
633 634
633 925
633 620
633 616
634 691
634 620
634 632
634 630
634 635
634 636
634 1210
634 622
634 919
634 878
635 620
635 630
635 634
635 874
635 923
635 692
635 639
635 921
635 619
635 631
636 722
636 628
636 632
636 1082
636 1258
636 723
636 634
636 635
636 1007
636 1008
637 636
637 1256
637 632
637 873
637 925
637 875
637 874
637 625
637 694
637 635
638 633
638 641
638 1009
638 639
638 878
638 694
638 876
638 688
638 692
638 631
639 876
639 641
639 640
639 692
639 635
639 634
639 690
639 920
639 875
639 637
640 712
640 691
640 636
640 605
640 604
640 639
640 600
640 638
640 641
640 602
641 596
641 600
641 601
641 638
641 639
641 640
641 688
641 690
641 691
641 1208
642 647
642 674
643 1051
644 645
644 1052
645 644
645 647
645 648
646 547
646 551
646 647
646 675
646 1164
647 642
647 645
647 646
647 648
647 675
648 645
648 647
649 1252
650 1241
650 1242
651 547
651 676
651 1146
651 1148
652 655
652 1148
652 1244
653 1252
654 656
655 652
655 1095
655 1097
655 1098
655 1168
656 654
656 1138
657 659
657 660
657 1049
658 578
658 580
658 659
658 663
659 657
659 658
659 660
660 657
660 659
660 661
660 663
661 660
661 663
661 664
662 581
662 663
662 664
663 581
663 658
663 660
663 661
663 662
663 664
664 581
664 661
664 662
664 663
665 667
665 1157
667 665
667 946
667 1145
668 943
670 672
670 674
670 1253
672 670
673 1143
673 1230
673 1231
674 642
674 670
675 646
675 647
675 1164
676 547
676 552
676 651
676 1146
676 1147
677 682
677 745
677 1000
677 1026
677 678
677 680
677 748
677 750
677 751
677 746
678 750
678 744
678 680
678 751
678 679
678 745
678 1000
678 1024
678 1214
678 1215
679 680
679 678
679 749
679 1001
679 753
679 751
679 1024
679 750
679 999
679 682
680 682
680 744
680 753
680 1003
680 749
680 747
680 1215
680 684
680 751
680 750
681 739
681 682
681 744
681 684
681 752
681 918
681 745
681 1192
681 1000
681 1001
682 677
682 749
682 1014
682 1209
682 1000
682 1224
682 684
682 679
682 685
682 747
683 1003
683 684
683 1013
683 998
683 685
683 870
683 1001
683 869
683 1011
683 682
684 868
684 1209
684 699
684 1001
684 686
684 687
684 1011
684 1014
684 870
684 1012
685 1192
685 869
685 702
685 682
685 1011
685 687
685 701
685 1012
685 873
685 1013
686 869
686 918
686 743
686 1012
686 1209
686 1000
686 746
686 685
686 687
686 739
687 918
687 870
687 872
687 684
687 1209
687 1013
687 701
687 1011
687 867
687 871
688 691
688 870
688 1013
688 689
688 1011
688 685
688 692
688 877
688 687
688 709
689 699
689 701
689 703
689 706
689 710
689 867
689 707
689 692
689 639
689 698
690 868
690 693
690 1210
690 710
690 685
690 1208
690 1012
690 1209
690 641
690 691
691 877
691 634
691 689
691 690
691 874
691 707
691 920
691 640
691 875
691 688
692 634
692 874
692 707
692 875
692 921
692 635
692 688
692 868
692 631
692 871
693 639
693 638
693 688
693 709
693 1208
693 877
693 632
693 868
693 695
693 1210
694 619
694 878
694 710
694 868
694 873
694 709
694 634
694 921
694 1210
694 689
695 868
695 691
695 878
695 623
695 634
695 871
695 874
695 615
695 693
695 631
696 1257
696 710
696 700
696 708
696 868
696 699
696 922
696 706
696 924
696 923
697 872
697 701
697 923
697 873
697 703
697 921
697 702
697 619
697 1211
697 870
698 868
698 1207
698 871
698 710
698 623
698 1012
698 700
698 707
698 923
698 920
699 711
699 700
699 692
699 706
699 1206
699 705
699 693
699 1210
699 1012
699 694
700 704
700 711
700 706
700 1207
700 1206
700 698
700 689
700 867
700 923
700 922
701 876
701 1012
701 867
701 873
701 705
701 687
701 619
701 920
701 1206
701 1013
702 1010
702 695
702 869
702 704
702 623
702 871
702 707
702 868
702 706
702 709
703 923
703 1010
703 708
703 704
703 702
703 623
703 1012
703 922
703 868
703 1206
704 623
704 622
704 920
704 701
704 1207
704 873
704 1010
704 711
704 1012
704 624
705 710
705 924
705 1207
705 1011
705 873
705 689
705 697
705 693
705 867
705 1211
706 703
706 700
706 710
706 709
706 870
706 871
706 689
706 701
706 699
706 1010
707 702
707 1206
707 696
707 690
707 1211
707 708
707 688
707 1012
707 870
707 1210
708 704
708 706
708 705
708 868
708 1012
708 697
708 710
708 707
708 1210
708 709
709 696
709 706
709 698
709 1012
709 691
709 703
709 1210
709 693
709 701
709 694
710 701
710 1206
710 700
710 688
710 711
710 1211
710 708
710 870
710 704
710 867
711 697
711 626
711 707
711 623
711 627
711 921
711 867
711 705
711 868
711 619
712 608
712 715
712 604
712 602
712 600
712 1078
712 714
712 609
712 606
712 603
713 718
713 725
713 722
713 732
713 735
713 723
713 616
713 1084
713 1258
713 724
714 716
714 604
714 1008
714 721
714 606
714 608
714 1201
714 1081
714 1007
714 609
715 718
715 717
715 721
715 607
715 732
715 716
715 610
715 1082
715 609
715 606
716 617
716 616
716 1202
716 1081
716 610
716 714
716 728
716 1083
716 1198
716 1258
717 721
717 608
717 1008
717 731
717 720
717 1198
717 1258
717 732
717 713
717 613
718 735
718 731
718 616
718 722
718 1258
718 1256
718 723
718 613
718 1201
718 721
719 1084
719 625
719 723
719 732
719 1201
719 1198
719 1006
719 1191
719 621
719 1082
720 616
720 731
720 735
720 730
720 1082
720 1196
720 728
720 1195
720 725
720 721
721 732
721 608
721 625
721 731
721 616
721 1195
721 618
721 617
721 715
721 1006
722 733
722 726
722 621
722 1005
722 1081
722 1084
722 728
722 720
722 724
722 1258
723 731
723 719
723 725
723 734
723 722
723 718
723 730
723 612
723 735
723 720
724 727
724 1258
724 732
724 734
724 1008
724 1196
724 1006
724 1201
724 722
724 729
725 625
725 1006
725 732
725 723
725 724
725 1195
725 735
725 726
725 612
725 731
726 719
726 734
726 1006
726 727
726 722
726 1008
726 728
726 620
726 735
726 1198
727 1084
727 735
727 1006
727 733
727 725
727 713
727 732
727 1082
727 1008
727 720
728 730
728 1196
728 724
728 1195
728 727
728 729
728 732
728 725
728 1201
728 720
729 713
729 1202
729 728
729 720
729 732
729 1083
729 1201
729 616
729 1005
729 735
730 727
730 723
730 1084
730 734
730 731
730 720
730 1196
730 726
730 732
730 1201
731 732
731 1195
731 725
731 1084
731 1082
731 723
731 733
731 730
731 1202
731 728
732 730
732 726
732 721
732 735
732 724
732 1258
732 1198
732 1005
732 1202
732 1084
733 726
733 727
733 729
733 1082
733 1197
733 1084
733 1202
733 731
733 728
733 720
734 727
734 733
734 732
734 612
734 1258
734 731
734 1196
734 1198
734 608
734 724
735 721
735 608
735 732
735 728
735 730
735 717
735 1202
735 612
735 1195
735 729
736 994
736 1078
736 1080
736 1079
736 1259
736 996
736 737
736 995
736 786
736 993
737 607
737 611
737 736
737 740
737 806
737 1079
737 1080
738 757
738 758
738 788
738 804
738 805
738 806
739 741
739 918
739 754
739 686
739 742
739 683
739 1191
739 1014
739 614
739 615
740 611
740 614
740 617
740 737
740 739
740 741
740 1191
740 1192
741 614
741 681
741 739
741 740
741 742
741 743
741 757
741 758
741 1191
741 1192
742 752
742 1027
742 1192
742 1214
742 745
742 741
742 739
742 756
742 753
742 750
743 1192
743 1014
743 1215
743 686
743 755
743 752
743 741
743 744
743 753
743 739
744 753
744 755
744 1026
744 743
744 751
744 739
744 745
744 1215
744 756
744 747
745 1000
745 999
745 743
745 742
745 754
745 749
745 1024
745 683
745 748
745 753
746 1000
746 678
746 679
746 999
746 748
746 749
746 684
746 681
746 677
746 752
747 1026
747 745
747 1214
747 677
747 749
747 753
747 750
747 680
747 1024
747 1001
748 744
748 750
748 1214
748 677
748 999
748 682
748 753
748 678
748 752
748 1024
749 999
749 1026
749 744
749 1000
749 753
749 679
749 680
749 1215
749 1214
749 748
750 1215
750 746
750 1214
750 748
750 753
750 677
750 679
750 754
750 744
750 678
751 1214
751 999
751 753
751 754
751 748
751 998
751 677
751 680
751 742
751 750
752 999
752 757
752 748
752 742
752 1215
752 1027
752 751
752 1024
752 750
752 756
753 754
753 750
753 1000
753 742
753 677
753 751
753 745
753 999
753 1026
753 1027
754 1026
754 1024
754 998
754 757
754 681
754 746
754 739
754 1027
754 751
754 748
755 1027
755 757
755 743
755 742
755 1215
755 756
755 752
755 1025
755 754
755 744
756 742
756 1025
756 758
756 1027
756 1028
756 1215
756 757
756 753
756 744
756 1026
757 1026
757 738
757 741
757 756
757 758
757 742
757 752
757 1027
757 1028
757 755
758 757
758 741
758 806
758 755
758 1225
758 738
758 756
758 1028
758 1025
758 805
759 594
759 760
759 761
759 879
759 927
759 1033
759 1182
760 594
760 759
760 879
760 927
760 1033
760 1034
760 1036
760 1182
761 759
761 764
761 1036
761 1063
762 763
762 764
762 808
762 1035
762 1062
762 1063
762 1248
763 762
763 765
763 796
763 808
763 1043
763 1045
763 1047
763 1248
764 761
764 762
764 808
764 1043
764 1044
764 1045
764 1063
764 1248
765 1091
765 796
765 795
765 1062
765 809
765 1045
765 807
765 763
765 808
765 1248
766 787
766 790
766 812
766 1089
766 1091
766 1092
766 1093
766 1219
767 791
767 792
767 796
767 809
767 1091
768 1170
769 789
769 810
770 1021
770 1228
770 1229
771 208
771 307
771 773
771 774
771 776
772 210
773 771
773 774
773 814
773 1015
773 1019
773 1020
773 1229
774 771
774 773
774 1015
774 1017
775 199
775 777
775 778
775 780
775 1166
776 308
776 771
776 777
776 1015
776 1017
776 1167
777 199
777 775
777 776
777 778
777 1016
777 1167
778 775
778 777
778 780
778 1016
778 1166
778 1167
779 1038
779 861
779 865
779 782
779 856
779 862
779 1260
779 857
779 784
779 826
780 775
780 778
780 781
780 1038
780 1166
781 779
781 780
781 782
781 826
781 857
781 861
781 862
781 1038
781 1166
782 862
782 859
782 779
782 1121
782 861
782 1123
782 1126
782 784
782 857
782 1125
783 989
783 990
783 1109
783 1124
783 1156
784 779
784 782
784 826
784 856
784 857
784 858
784 859
784 862
784 991
784 1125
785 787
785 791
785 796
785 809
785 1091
785 1092
785 1093
786 997
786 1219
786 995
786 1022
786 787
786 1093
786 996
786 994
786 1023
786 736
787 766
787 785
787 786
787 995
787 996
787 997
787 1022
787 1060
787 1093
787 1219
788 738
788 805
788 806
788 996
788 997
788 1090
788 1219
789 769
789 791
789 794
789 812
789 1088
790 766
790 810
790 812
790 1089
790 1091
790 1092
791 767
791 785
791 789
791 792
791 794
792 767
792 791
792 793
792 794
792 795
792 807
792 907
793 792
793 794
793 795
793 798
793 799
793 812
793 907
793 1088
794 789
794 791
794 792
794 793
794 795
794 907
795 765
795 792
795 793
795 794
795 796
795 798
795 807
795 906
795 907
796 1248
796 809
796 1218
796 785
796 765
796 1092
796 798
796 807
796 808
796 763
797 798
797 799
797 802
797 1090
798 765
798 793
798 795
798 796
798 797
798 799
798 1092
798 1218
799 793
799 797
799 798
799 800
799 802
800 799
800 802
800 803
800 994
800 1259
801 597
801 598
801 802
801 803
801 804
801 805
801 992
801 1002
801 1090
802 797
802 799
802 800
802 801
802 803
802 804
802 992
802 1090
803 598
803 800
803 801
803 802
803 804
803 992
804 738
804 801
804 802
804 803
804 805
804 1090
805 738
805 758
805 788
805 801
805 804
805 806
805 1090
806 737
806 738
806 758
806 788
806 805
806 996
807 765
807 796
807 906
807 795
807 907
807 1048
807 792
807 1248
807 1046
807 808
808 762
808 807
808 796
808 1045
808 763
808 1047
808 1248
808 1043
808 764
808 765
809 765
809 767
809 785
809 796
809 807
809 1091
809 1092
809 1093
810 769
810 790
810 813
810 1018
810 1023
811 909
812 766
812 789
812 790
812 793
812 1088
812 1089
812 1091
813 810
813 816
814 208
814 212
814 773
814 1019
814 1020
815 207
815 816
816 813
816 815
816 817
817 206
817 207
817 208
817 209
817 210
817 211
817 536
817 816
818 205
818 304
818 820
819 821
819 824
820 818
820 1221
821 819
821 822
821 824
821 1223
822 821
822 825
822 849
822 1223
823 264
823 267
823 268
823 270
823 271
823 824
823 1194
824 270
824 819
824 821
824 823
824 825
825 282
825 822
825 824
825 849
826 784
826 1040
826 779
826 1037
826 1038
826 859
826 781
826 861
826 1041
826 857
827 275
827 277
827 985
827 986
828 269
828 279
828 281
828 282
828 853
829 834
829 1085
829 1149
829 1150
830 1057
831 832
831 1055
831 1119
832 552
832 831
833 1085
833 1086
833 1087
834 829
834 835
835 834
836 838
836 839
837 838
837 839
837 842
837 1087
838 836
838 837
838 839
838 842
839 836
839 837
839 838
839 840
839 842
840 839
840 843
840 902
840 970
840 972
840 977
840 1151
841 842
841 843
841 846
841 847
841 1087
841 1245
842 837
842 838
842 839
842 841
842 843
842 1087
843 840
843 841
843 842
843 844
843 846
843 847
844 843
844 846
844 847
844 848
844 977
845 846
845 847
845 848
845 982
845 983
845 984
845 1245
846 841
846 843
846 844
846 845
846 847
846 848
847 841
847 843
847 844
847 845
847 846
847 848
847 977
848 844
848 845
848 846
848 847
848 977
848 979
848 980
848 982
848 1151
849 822
849 825
849 851
849 854
849 1223
850 199
850 202
850 213
850 215
850 1222
851 849
851 1037
851 1038
851 1039
851 1223
852 854
852 855
852 856
852 858
852 865
852 866
852 1037
853 281
853 282
853 828
853 1041
854 849
854 852
854 855
854 858
854 1041
855 852
855 854
855 856
855 858
855 991
855 1041
856 1260
856 852
856 862
856 784
856 866
856 863
856 858
856 855
856 864
856 857
857 779
857 862
857 856
857 826
857 865
857 861
857 1260
857 784
857 1038
857 782
858 784
858 852
858 854
858 855
858 856
858 991
858 1041
859 784
859 826
859 866
859 856
859 861
859 862
859 857
859 863
859 779
859 864
860 863
860 864
860 1260
861 865
861 826
861 782
861 1037
861 864
861 781
861 1038
861 859
861 779
861 863
862 856
862 859
862 861
862 1038
862 865
862 784
862 863
862 866
862 826
862 1260
863 856
863 859
863 860
863 861
863 862
863 864
863 865
863 866
863 1260
864 856
864 859
864 860
864 861
864 862
864 863
864 865
864 866
864 1260
865 779
865 852
865 857
865 861
865 862
865 863
865 864
865 866
865 1260
866 852
866 856
866 859
866 861
866 862
866 863
866 864
866 865
866 1260
867 703
867 1012
867 697
867 1211
867 693
867 1206
867 694
867 869
867 707
867 1011
868 709
868 622
868 704
868 924
868 1257
868 711
868 1010
868 1207
868 871
868 697
869 919
869 918
869 688
869 1003
869 1001
869 686
869 681
869 701
869 920
869 682
870 686
870 696
870 685
870 704
870 707
870 1211
870 1209
870 711
870 705
870 872
871 1010
871 704
871 872
871 697
871 875
871 618
871 924
871 696
871 694
871 687
872 869
872 687
872 699
872 694
872 875
872 626
872 877
872 625
872 878
872 919
873 623
873 692
873 920
873 868
873 919
873 704
873 870
873 1207
873 699
873 698
874 702
874 878
874 623
874 697
874 1257
874 693
874 875
874 634
874 692
874 636
875 625
875 1009
875 623
875 1210
875 636
875 637
875 695
875 698
875 876
875 878
876 872
876 875
876 694
876 619
876 632
876 918
876 923
876 873
876 698
876 868
877 707
877 688
877 694
877 619
877 638
877 875
877 878
877 631
877 873
877 708
878 919
878 636
878 874
878 872
878 619
878 692
878 691
878 873
878 922
878 920
879 594
879 759
879 760
879 881
879 1182
880 882
881 879
882 880
883 885
883 887
883 1181
885 571
885 883
886 579
886 889
886 1159
886 1160
887 883
887 888
888 571
888 574
888 887
888 892
889 579
889 886
889 890
889 1160
890 574
890 889
891 892
892 571
892 575
892 888
892 891
893 896
893 1232
893 1234
894 896
894 899
894 900
894 975
894 1247
895 574
896 893
896 894
896 897
896 899
896 1234
897 896
897 899
897 900
897 901
897 1236
898 903
898 970
898 971
898 972
898 1247
899 894
899 896
899 897
899 900
899 1247
900 894
900 897
900 899
900 901
900 903
900 904
900 1236
901 897
901 900
901 903
901 904
901 905
901 1235
901 1236
902 840
902 903
902 904
902 970
902 972
902 977
902 1151
903 898
903 900
903 901
903 902
903 904
903 970
904 900
904 901
904 902
904 903
904 905
904 1151
904 1152
904 1235
905 901
905 904
905 977
905 1151
905 1152
905 1235
905 1238
906 795
906 807
906 907
906 947
906 958
906 959
906 961
906 1046
906 1048
906 1099
907 792
907 793
907 794
907 795
907 807
907 906
907 1088
908 910
908 913
909 811
909 948
910 908
912 515
913 908
913 914
914 913
914 915
915 272
915 914
915 916
916 915
917 272
917 274
917 276
917 429
918 1011
918 681
918 1257
918 874
918 701
918 875
918 711
918 924
918 685
918 699
919 870
919 918
919 624
919 874
919 695
919 719
919 615
919 634
919 626
919 923
920 704
920 633
920 701
920 695
920 618
920 1206
920 692
920 871
920 697
920 620
921 878
921 628
921 697
921 1257
921 1207
921 874
921 877
921 634
921 695
921 616
922 626
922 629
922 702
922 621
922 635
922 711
922 918
922 695
922 698
922 624
923 698
923 1207
923 705
923 623
923 700
923 699
923 876
923 1206
923 703
923 627
924 868
924 706
924 1256
924 919
924 623
924 626
924 876
924 1257
924 874
924 704
925 619
925 629
925 616
925 1005
925 923
925 1009
925 630
925 620
925 924
925 633
926 928
926 1030
926 1031
926 1254
927 759
927 760
927 1032
927 1033
928 968
928 1200
928 249
928 1254
928 969
928 956
928 926
928 1199
928 929
928 952
929 591
929 928
929 956
929 967
929 968
929 969
929 1032
929 1200
929 1204
930 1172
931 258
931 260
931 516
931 520
931 542
931 954
931 957
931 1176
931 1177
932 249
932 252
932 253
932 255
932 256
932 519
932 520
932 957
933 955
933 1249
934 935
934 936
934 937
935 934
935 936
935 937
935 1103
935 1135
935 1136
936 516
936 934
936 935
936 937
937 934
937 935
937 936
937 1103
937 1135
938 987
938 988
938 1105
938 1134
938 1155
939 560
939 941
940 941
940 1230
941 939
941 940
942 1174
943 668
944 1231
946 667
947 960
947 959
947 906
947 948
947 949
947 1099
947 1212
947 1101
947 961
947 962
948 909
948 947
948 950
948 959
949 952
949 947
949 963
949 1212
949 960
949 1213
949 1102
949 953
949 965
949 962
950 948
950 951
951 950
952 1200
952 1199
952 928
952 953
952 252
952 253
952 250
952 1213
952 949
952 249
953 250
953 252
953 255
953 949
953 952
953 1213
954 253
954 255
954 258
954 260
954 519
954 931
954 957
955 258
955 933
955 1136
955 1161
956 952
956 957
956 929
956 967
956 1200
956 252
956 1199
956 249
956 968
956 928
957 249
957 258
957 520
957 931
957 932
957 954
957 956
957 1200
957 1254
958 1048
958 1047
958 1100
958 1046
958 947
958 906
958 1099
958 1044
958 959
958 1101
959 1099
959 947
959 1048
959 961
959 1100
959 906
959 948
959 1212
959 962
959 958
960 1100
960 962
960 1102
960 959
960 964
960 589
960 965
960 947
960 963
960 961
961 1101
961 965
961 1048
961 959
961 1046
961 1212
961 1100
961 906
961 1102
961 962
962 959
962 1100
962 1213
962 961
962 1212
962 1101
962 947
962 964
962 965
962 963
963 1205
963 1102
963 964
963 1199
963 966
963 1212
963 965
963 960
963 949
963 1213
964 1199
964 962
964 1212
964 949
964 1213
964 1102
964 1100
964 966
964 960
964 963
965 947
965 1212
965 1100
965 1205
965 960
965 961
965 963
965 966
965 1101
965 949
966 949
966 952
966 963
966 964
966 965
966 969
966 1199
966 1205
966 1213
967 249
967 928
967 929
967 956
967 968
967 969
967 1200
967 1204
967 1254
968 591
968 928
968 929
968 956
968 967
968 969
968 1183
968 1200
968 1204
969 591
969 928
969 929
969 966
969 967
969 968
969 1203
969 1204
970 840
970 898
970 902
970 903
970 971
970 972
970 1151
971 898
971 970
971 972
971 973
971 975
971 1247
972 840
972 898
972 902
972 970
972 971
972 973
972 975
972 1247
973 971
973 972
973 974
973 975
973 1247
974 973
974 976
974 1098
975 894
975 971
975 972
975 973
975 976
975 1247
976 974
976 975
977 840
977 844
977 847
977 848
977 902
977 905
977 979
977 1151
977 1152
978 548
979 848
979 977
979 980
979 982
979 1151
980 848
980 979
980 981
980 982
981 980
981 982
982 845
982 848
982 979
982 980
982 981
982 983
983 845
983 982
983 984
983 1085
983 1150
983 1245
984 845
984 983
984 1085
984 1150
984 1245
985 273
985 277
985 538
985 827
985 1249
986 275
986 277
986 827
986 987
986 988
987 275
987 938
987 986
987 1134
988 275
988 938
988 986
988 990
988 1155
988 1156
989 279
989 394
989 395
989 396
989 783
989 990
989 1109
990 539
990 783
990 988
990 989
990 1109
990 1156
991 784
991 855
991 858
992 801
992 803
992 599
992 601
992 802
992 598
992 993
992 596
992 602
992 1004
993 599
993 601
993 602
993 603
993 736
993 992
993 994
993 1078
993 1259
994 736
994 786
994 800
994 993
994 995
994 996
994 1259
995 1023
995 786
995 1022
995 736
995 996
995 994
995 1259
995 997
995 1219
995 1093
996 736
996 787
996 1219
996 788
996 995
996 1259
996 994
996 1060
996 806
996 1022
997 1219
997 996
997 786
997 1228
997 1022
997 1060
997 787
997 1093
997 1023
997 788
998 1215
998 682
998 746
998 1024
998 744
998 679
998 684
998 750
998 1000
998 747
999 746
999 754
999 752
999 753
999 1026
999 682
999 748
999 750
999 1215
999 747
1000 998
1000 678
1000 1027
1000 679
1000 746
1000 1003
1000 677
1000 1001
1000 1209
1000 1024
1001 687
1001 679
1001 684
1001 999
1001 685
1001 746
1001 1012
1001 1024
1001 870
1001 998
1002 601
1002 1028
1002 1025
1002 1004
1002 1209
1002 801
1002 1224
1002 1225
1002 1003
1002 597
1003 1002
1003 1025
1003 1000
1003 1225
1003 1208
1003 686
1003 1209
1003 683
1003 1028
1003 596
1004 1002
1004 1028
1004 1225
1004 596
1004 597
1004 992
1004 1003
1004 1209
1004 598
1004 1025
1005 620
1005 713
1005 1197
1005 725
1005 1256
1005 629
1005 612
1005 630
1005 732
1005 1195
1006 722
1006 1258
1006 727
1006 1008
1006 1198
1006 1196
1006 724
1006 721
1006 725
1006 617
1007 1195
1007 721
1007 1083
1007 1081
1007 616
1007 1198
1007 713
1007 1256
1007 722
1007 1008
1008 1084
1008 726
1008 719
1008 724
1008 723
1008 716
1008 1081
1008 727
1008 604
1008 632
1009 925
1009 634
1009 629
1009 630
1009 923
1009 624
1009 875
1009 631
1009 623
1009 695
1010 708
1010 1012
1010 706
1010 694
1010 1207
1010 869
1010 867
1010 1257
1010 699
1010 685
1011 1209
1011 1013
1011 685
1011 705
1011 691
1011 687
1011 1010
1011 693
1011 699
1011 918
1012 684
1012 872
1012 701
1012 700
1012 1014
1012 697
1012 869
1012 687
1012 707
1012 683
1013 685
1013 867
1013 920
1013 686
1013 1010
1013 871
1013 1003
1013 688
1013 869
1013 701
1014 743
1014 874
1014 1191
1014 869
1014 919
1014 695
1014 873
1014 622
1014 1192
1014 684
1015 773
1015 774
1015 776
1015 1017
1015 1019
1016 777
1016 778
1016 1167
1016 1251
1017 774
1017 776
1017 1015
1017 1019
1017 1167
1018 810
1018 1021
1018 1023
1019 773
1019 814
1019 1015
1019 1017
1019 1020
1020 773
1020 814
1020 1019
1020 1021
1020 1229
1021 770
1021 1018
1021 1020
1021 1228
1021 1229
1022 1061
1022 1219
1022 997
1022 787
1022 996
1022 1059
1022 1093
1022 1218
1022 1060
1022 1092
1023 786
1023 810
1023 995
1023 997
1023 1018
1023 1060
1023 1219
1023 1228
1024 683
1024 749
1024 746
1024 1027
1024 1001
1024 999
1024 1000
1024 745
1024 682
1024 678
1025 1004
1025 758
1025 757
1025 1225
1025 756
1025 1027
1025 1224
1025 597
1025 1001
1025 755
1026 754
1026 1027
1026 682
1026 1224
1026 753
1026 678
1026 752
1026 756
1026 998
1026 1215
1027 752
1027 758
1027 742
1027 998
1027 999
1027 1215
1027 1026
1027 1224
1027 1024
1027 756
1028 597
1028 1225
1028 1004
1028 755
1028 758
1028 756
1028 1224
1028 1025
1028 1003
1028 1001
1029 417
1029 542
1029 1161
1029 259
1029 1177
1029 416
1029 1162
1029 414
1029 1163
1029 1176
1030 926
1030 1029
1030 1031
1030 1163
1030 1177
1030 1254
1031 926
1031 1030
1031 1163
1032 927
1032 929
1032 1033
1033 759
1033 760
1033 927
1033 1032
1033 1034
1033 1131
1034 760
1034 1033
1034 1036
1034 1131
1034 1132
1035 762
1035 1062
1035 1063
1035 1112
1036 760
1036 761
1036 1034
1036 1063
1036 1132
1037 826
1037 851
1037 852
1037 861
1037 1038
1037 1039
1038 861
1038 862
1038 857
1038 779
1038 780
1038 1166
1038 781
1038 1186
1038 851
1038 1039
1039 826
1039 851
1039 1037
1039 1038
1039 1040
1039 1041
1039 1186
1040 826
1040 1039
1040 1041
1040 1153
1040 1186
1041 826
1041 853
1041 854
1041 855
1041 858
1041 1039
1041 1040
1042 592
1042 958
1042 1044
1042 1046
1042 1047
1042 1048
1042 1099
1042 1100
1042 1101
1043 763
1043 764
1043 808
1043 1044
1043 1045
1043 1047
1043 1063
1043 1248
1044 1046
1044 1226
1044 1175
1044 1042
1044 1043
1044 1048
1044 1047
1044 1045
1044 1099
1044 764
1045 763
1045 764
1045 765
1045 808
1045 1043
1045 1044
1045 1046
1045 1047
1045 1248
1046 1044
1046 1047
1046 1227
1046 1048
1046 1099
1046 1045
1046 807
1046 1175
1046 906
1046 961
1047 1042
1047 1043
1047 808
1047 958
1047 807
1047 1044
1047 763
1047 1046
1047 1048
1047 1248
1048 807
1048 906
1048 958
1048 959
1048 961
1048 1042
1048 1044
1048 1046
1048 1047
1048 1099
1049 657
1049 1051
1050 1053
1050 1158
1051 643
1051 1049
1052 644
1052 1053
1053 1050
1053 1052
1054 565
1055 831
1055 1118
1055 1149
1056 1117
1057 830
1058 558
1059 1022
1059 1060
1059 1061
1059 1093
1060 786
1060 787
1060 995
1060 996
1060 997
1060 1022
1060 1023
1060 1059
1060 1061
1060 1219
1061 1022
1061 1059
1061 1060
1061 1093
1061 1218
1062 762
1062 765
1062 1035
1062 1218
1063 761
1063 762
1063 764
1063 1035
1063 1036
1063 1043
1064 1069
1064 1129
1065 1066
1065 1178
1066 1065
1066 1069
1068 1069
1068 1070
1068 1071
1068 1127
1069 1064
1069 1066
1069 1068
1069 1070
1070 1068
1070 1069
1070 1071
1071 1068
1071 1070
1071 1127
1073 1075
1074 1076
1074 1116
1075 1073
1076 1074
1076 1077
1076 1116
1076 1179
1077 1076
1077 1115
1077 1116
1077 1179
1078 736
1078 993
1078 1080
1078 606
1078 602
1078 712
1078 600
1078 599
1078 605
1078 1079
1079 607
1079 1080
1079 602
1079 605
1079 737
1079 1078
1079 610
1079 606
1079 603
1079 736
1080 1078
1080 610
1080 1079
1080 611
1080 613
1080 609
1080 736
1080 737
1080 603
1080 607
1081 723
1081 1082
1081 715
1081 1008
1081 632
1081 727
1081 638
1081 1007
1081 604
1081 716
1082 724
1082 713
1082 735
1082 716
1082 1007
1082 732
1082 612
1082 1201
1082 1197
1082 718
1083 1007
1083 632
1083 713
1083 727
1083 616
1083 719
1083 716
1083 604
1083 722
1083 724
1084 727
1084 732
1084 616
1084 725
1084 721
1084 717
1084 718
1084 1008
1084 1202
1084 1083
1085 829
1085 833
1085 983
1085 984
1085 1086
1085 1150
1085 1245
1086 833
1086 1085
1086 1087
1086 1245
1087 833
1087 837
1087 841
1087 842
1087 1086
1087 1245
1088 789
1088 793
1088 812
1088 907
1088 1089
1089 766
1089 790
1089 812
1089 1088
1089 1090
1090 788
1090 797
1090 801
1090 802
1090 804
1090 805
1090 1089
1091 765
1091 766
1091 767
1091 785
1091 790
1091 796
1091 809
1091 812
1091 1092
1091 1093
1092 766
1092 785
1092 790
1092 796
1092 798
1092 809
1092 1022
1092 1091
1092 1093
1092 1218
1093 785
1093 1022
1093 766
1093 1061
1093 809
1093 1091
1093 1218
1093 1092
1093 787
1093 995
1094 577
1094 1095
1094 1097
1094 1168
1095 577
1095 655
1095 1094
1095 1168
1096 1140
1096 1141
1097 577
1097 655
1097 1094
1097 1140
1097 1168
1098 655
1098 974
1098 1244
1099 1100
1099 1101
1099 1042
1099 947
1099 1048
1099 961
1099 959
1099 1046
1099 960
1099 958
1100 964
1100 962
1100 1212
1100 1205
1100 965
1100 1227
1100 959
1100 1099
1100 1042
1100 1173
1101 962
1101 1100
1101 960
1101 961
1101 1227
1101 965
1101 1205
1101 964
1101 959
1101 958
1102 963
1102 1101
1102 1212
1102 962
1102 964
1102 589
1102 965
1102 960
1102 1205
1102 949
1103 935
1103 937
1103 1135
1103 1136
1103 1249
1105 938
1105 1134
1105 1155
1105 1156
1106 1115
1106 1178
1109 783
1109 989
1109 990
1109 1124
1109 1156
1110 1187
1112 1035
1113 1114
1113 1123
1114 1113
1114 1115
1115 1077
1115 1106
1115 1114
1116 1074
1116 1076
1116 1077
1117 548
1117 1056
1117 1242
1117 1243
1118 1055
1118 1149
1119 550
1119 831
1120 1122
1121 782
1121 1122
1121 1123
1121 1125
1121 1126
1122 1120
1122 1121
1122 1126
1123 782
1123 1113
1123 1121
1123 1125
1123 1126
1124 783
1124 1109
1125 782
1125 784
1125 1121
1125 1123
1125 1126
1126 782
1126 1121
1126 1122
1126 1123
1126 1125
1127 1068
1127 1071
1127 1128
1127 1133
1128 1127
1128 1129
1128 1130
1129 1064
1129 1128
1130 1128
1130 1131
1131 1033
1131 1034
1131 1130
1132 1034
1132 1036
1133 1127
1134 938
1134 987
1134 1105
1134 1135
1135 935
1135 937
1135 1103
1135 1134
1136 416
1136 935
1136 955
1136 1103
1136 1161
1136 1162
1136 1176
1138 656
1139 1145
1140 1096
1140 1097
1140 1141
1140 1142
1141 1096
1141 1140
1141 1142
1142 1140
1142 1141
1143 673
1143 1230
1143 1231
1144 1231
1144 1253
1145 667
1145 1139
1146 547
1146 651
1146 676
1146 1147
1146 1148
1147 547
1147 676
1147 1146
1148 651
1148 652
1148 1146
1149 829
1149 1055
1149 1118
1149 1150
1149 1243
1150 829
1150 983
1150 984
1150 1085
1150 1149
1151 840
1151 848
1151 902
1151 904
1151 905
1151 970
1151 977
1151 979
1151 1152
1152 904
1152 905
1152 977
1152 1151
1152 1235
1152 1238
1153 281
1153 1040
1153 1186
1154 273
1154 277
1154 278
1154 538
1155 938
1155 988
1155 1105
1155 1156
1156 783
1156 988
1156 990
1156 1105
1156 1109
1156 1155
1157 665
1157 1158
1158 1050
1158 1157
1159 582
1159 886
1160 578
1160 579
1160 583
1160 886
1160 889
1161 417
1161 542
1161 955
1161 1029
1161 1136
1161 1162
1161 1177
1162 417
1162 1029
1162 1136
1162 1161
1162 1163
1163 542
1163 1029
1163 1030
1163 1031
1163 1162
1163 1177
1164 551
1164 646
1164 675
1165 556
1165 1230
1166 775
1166 778
1166 780
1166 781
1166 1038
1167 776
1167 777
1167 778
1167 1016
1167 1017
1168 577
1168 655
1168 1094
1168 1095
1168 1097
1169 577
1169 580
1170 768
1171 588
1172 930
1172 1205
1173 589
1173 1100
1173 1101
1174 942
1175 1044
1175 1046
1175 1047
1175 1184
1175 1203
1175 1226
1175 1227
1176 259
1176 260
1176 414
1176 416
1176 417
1176 542
1176 931
1176 1029
1176 1136
1177 417
1177 520
1177 542
1177 931
1177 1029
1177 1030
1177 1161
1177 1163
1178 1065
1178 1106
1179 1076
1179 1077
1181 883
1182 594
1182 759
1182 760
1182 879
1183 968
1184 808
1184 1175
1184 1203
1184 1248
1184 1255
1185 203
1185 212
1185 213
1185 214
1185 536
1186 1038
1186 1039
1186 1040
1186 1153
1187 1110
1188 1251
1191 615
1191 611
1191 1014
1191 719
1191 741
1191 681
1191 612
1191 1192
1191 618
1191 1198
1192 873
1192 743
1192 615
1192 739
1192 742
1192 687
1192 1014
1192 869
1192 617
1192 870
1193 1194
1194 271
1194 272
1194 823
1194 1193
1195 732
1195 1007
1195 718
1195 1082
1195 717
1195 1201
1195 616
1195 727
1195 716
1195 733
1196 728
1196 733
1196 1005
1196 725
1196 720
1196 616
1196 727
1196 726
1196 718
1196 1201
1197 625
1197 734
1197 732
1197 733
1197 1006
1197 609
1197 728
1197 618
1197 620
1197 1201
1198 613
1198 618
1198 718
1198 725
1198 1008
1198 732
1198 723
1198 614
1198 1083
1198 617
1199 966
1199 965
1199 252
1199 249
1199 956
1199 963
1199 928
1199 952
1199 964
1199 1200
1200 956
1200 952
1200 928
1200 519
1200 929
1200 1254
1200 957
1200 1199
1200 249
1200 252
1201 733
1201 725
1201 612
1201 1082
1201 716
1201 714
1201 729
1201 730
1201 1196
1201 1005
1202 728
1202 735
1202 1201
1202 721
1202 722
1202 1197
1202 723
1202 730
1202 733
1202 1258
1203 969
1203 1175
1203 1184
1203 1204
1203 1226
1203 1227
1204 929
1204 967
1204 968
1204 969
1204 1203
1204 1205
1204 1227
1205 1172
1205 963
1205 965
1205 1101
1205 964
1205 960
1205 1100
1205 1102
1205 966
1205 1204
1206 1012
1206 868
1206 1207
1206 704
1206 921
1206 622
1206 624
1206 1210
1206 707
1206 706
1207 703
1207 709
1207 868
1207 924
1207 1010
1207 701
1207 1257
1207 702
1207 704
1207 710
1208 691
1208 640
1208 688
1208 639
1208 690
1208 685
1208 1209
1208 693
1208 638
1208 641
1209 686
1209 682
1209 596
1209 687
1209 1002
1209 684
1209 1012
1209 1003
1209 870
1209 685
1210 875
1210 704
1210 698
1210 708
1210 878
1210 700
1210 1207
1210 873
1210 694
1210 868
1211 870
1211 692
1211 1010
1211 710
1211 704
1211 702
1211 705
1211 1257
1211 689
1211 701
1212 962
1212 960
1212 1102
1212 947
1212 1100
1212 959
1212 963
1212 1101
1212 1213
1212 961
1213 965
1213 953
1213 962
1213 250
1213 252
1213 963
1213 949
1213 966
1213 1212
1213 249
1214 680
1214 753
1214 1024
1214 998
1214 678
1214 746
1214 999
1214 745
1214 1215
1214 750
1215 677
1215 749
1215 742
1215 745
1215 680
1215 747
1215 754
1215 998
1215 755
1215 746
1218 765
1218 796
1218 798
1218 1022
1218 1061
1218 1062
1218 1092
1218 1093
1219 996
1219 787
1219 1093
1219 786
1219 766
1219 1023
1219 995
1219 997
1219 1060
1219 1022
1221 820
1222 199
1222 211
1222 213
1222 215
1222 850
1223 200
1223 202
1223 303
1223 821
1223 822
1223 849
1223 851
1224 1024
1224 683
1224 686
1224 1026
1224 682
1224 1002
1224 1000
1224 680
1224 1025
1224 684
1225 597
1225 598
1225 758
1225 1001
1225 1002
1225 1003
1225 1004
1225 1025
1225 1028
1225 1224
1226 1044
1226 1046
1226 1175
1226 1203
1226 1227
1227 1044
1227 1046
1227 1100
1227 1101
1227 1175
1227 1203
1227 1204
1227 1205
1227 1226
1228 770
1228 997
1228 1021
1228 1023
1229 770
1229 773
1229 1020
1229 1021
1230 673
1230 940
1230 1143
1230 1165
1231 673
1231 944
1231 1143
1231 1144
1231 1253
1232 893
1232 1237
1233 1235
1233 1236
1233 1237
1233 1238
1234 893
1234 896
1234 1236
1235 901
1235 904
1235 905
1235 1152
1235 1233
1235 1236
1235 1238
1236 897
1236 900
1236 901
1236 1233
1236 1234
1236 1235
1237 573
1237 1232
1237 1233
1238 905
1238 1152
1238 1233
1238 1235
1241 650
1241 1242
1241 1246
1242 650
1242 1117
1242 1241
1242 1243
1243 1117
1243 1149
1243 1242
1244 652
1244 1098
1245 841
1245 845
1245 983
1245 984
1245 1085
1245 1086
1245 1087
1246 573
1246 1241
1247 894
1247 898
1247 899
1247 971
1247 972
1247 973
1247 975
1248 808
1248 1047
1248 763
1248 1184
1248 1043
1248 762
1248 1045
1248 764
1248 796
1248 765
1249 933
1249 985
1249 1103
1251 1016
1251 1188
1252 649
1252 653
1253 670
1253 1144
1253 1231
1254 249
1254 520
1254 926
1254 928
1254 956
1254 957
1254 967
1254 1030
1254 1200
1255 1184
1256 1197
1256 922
1256 1005
1256 632
1256 919
1256 633
1256 726
1256 625
1256 617
1256 622
1257 711
1257 873
1257 868
1257 918
1257 622
1257 875
1257 871
1257 626
1257 919
1257 870
1258 616
1258 1196
1258 1007
1258 721
1258 1083
1258 713
1258 1008
1258 1082
1258 732
1258 720
1259 736
1259 786
1259 800
1259 993
1259 994
1259 995
1259 996
1260 779
1260 856
1260 857
1260 859
1260 860
1260 862
1260 863
1260 864
1260 865
1260 866
