0.000000 0.451468 -0.340666
0.000000 0.451468 -0.235797
0.070946 0.417126 -0.353066
-0.070946 0.417126 -0.353066
0.000000 0.428742 -0.432426
0.000000 0.451468 -0.159815
0.070946 0.289220 -0.338145
-0.070946 0.289220 -0.338145
0.000000 0.332934 -0.440260
0.000000 0.510046 -0.027055
0.080219 0.430502 -0.069745
-0.080219 0.430502 -0.069745
0.070946 0.229979 -0.381040
-0.070946 0.229979 -0.381040
0.000000 0.237997 -0.443742
0.063995 0.519284 0.010234
-0.063995 0.519284 0.010234
0.000000 0.473951 0.121483
0.080219 0.316386 -0.076100
-0.080219 0.316386 -0.076100
0.108364 0.487206 0.010234
-0.108364 0.487206 0.010234
0.000000 0.394060 0.121483
0.080219 0.241957 -0.059996
-0.080219 0.241957 -0.059996
0.000000 0.314168 0.121483
0.000000 0.234277 0.121483
0.000000 0.154386 0.121483
