-0.042529 0.301304 0.412702 -0.367860 -0.588608 0.719874
-0.063870 0.300696 0.395240 -0.403715 -0.863618 0.301957
-0.034850 0.299567 0.404728 0.182894 -0.913394 -0.363678
-0.047381 0.299729 0.391105 0.707193 -0.646903 -0.285297
0.000000 0.301581 0.418037 0.000010 -0.283037 0.959109
0.000000 0.299133 0.407786 0.000002 -0.831225 -0.555936
-0.063927 0.295629 0.370536 -0.827033 -0.557111 0.075128
-0.045466 0.296347 0.373345 0.593021 -0.760073 0.265735
-0.041865 0.293353 0.360915 0.785379 -0.462021 -0.411966
-0.061627 0.292636 0.358106 -0.601390 -0.749790 -0.275945
-0.042616 0.323031 0.409077 -0.316506 0.155060 0.935832
-0.063956 0.322422 0.389965 -0.906629 0.081463 0.413989
-0.064014 0.317355 0.365261 -0.993037 -0.031537 -0.113502
-0.061714 0.314362 0.352830 -0.306424 -0.225820 -0.924721
-0.041952 0.320776 0.354257 0.838997 -0.125866 -0.529378
-0.045553 0.323770 0.366688 0.976234 0.054047 0.209872
-0.047467 0.325449 0.384861 0.987779 -0.033701 -0.152171
-0.034937 0.325288 0.400134 0.446966 -0.167066 -0.878812
0.000000 0.325919 0.402933 -0.000014 -0.178275 -0.983981
0.000000 0.323307 0.414411 0.000000 0.164619 0.986357
0.042529 0.301305 0.412701 0.367864 -0.588588 0.719889
0.034850 0.299567 0.404728 -0.182883 -0.913419 -0.363619
0.063870 0.300696 0.395239 0.403722 -0.863608 0.301977
0.047381 0.299729 0.391105 -0.707182 -0.646912 -0.285304
0.063927 0.295629 0.370536 0.827033 -0.557110 0.075130
0.045466 0.296347 0.373345 -0.593020 -0.760073 0.265737
0.041865 0.293353 0.360915 -0.785376 -0.462016 -0.411977
0.061627 0.292636 0.358106 0.601391 -0.749775 -0.275982
0.042616 0.323031 0.409077 0.316512 0.155037 0.935833
0.063956 0.322422 0.389965 0.906631 0.081446 0.413989
0.064014 0.317355 0.365261 0.993034 -0.031527 -0.113535
0.061713 0.314362 0.352831 0.306422 -0.225782 -0.924731
0.041952 0.320776 0.354257 -0.838986 -0.125870 -0.529395
0.045553 0.323770 0.366688 -0.976234 0.054047 0.209872
0.047467 0.325449 0.384861 -0.987778 -0.033703 -0.152181
0.034937 0.325288 0.400133 -0.446965 -0.167083 -0.878809
-0.062719 0.306299 0.393277 -0.859961 0.277961 0.428025
-0.041228 0.306749 0.411648 -0.155001 0.837727 0.523630
-0.047381 0.305402 0.389728 0.708500 0.678905 -0.192655
-0.034850 0.304955 0.405071 0.441014 0.578698 -0.686014
0.000000 0.307256 0.416897 -0.000001 0.976603 0.215052
0.000000 0.305057 0.407999 -0.000007 0.224051 -0.974577
-0.045466 0.301656 0.372057 0.981353 0.042355 0.187492
-0.063927 0.301007 0.369232 -0.704589 -0.700105 0.115793
-0.041865 0.298619 0.359637 0.785375 0.221835 -0.577906
-0.061627 0.297969 0.356811 -0.805118 -0.136893 -0.577101
-0.041315 0.279182 0.418336 -0.536821 0.147658 0.830675
-0.057179 0.279253 0.399838 -0.880156 -0.066263 0.470037
-0.064014 0.278375 0.374721 -0.998758 -0.049047 -0.008766
-0.061714 0.275337 0.362301 -0.306402 -0.223257 -0.925351
-0.041952 0.270290 0.366510 0.839006 -0.130722 -0.528186
-0.045553 0.273328 0.378930 0.981979 0.041670 0.184341
-0.047467 0.278776 0.396189 0.904643 -0.103248 -0.413473
-0.034937 0.278329 0.411530 0.331297 -0.223368 -0.916705
0.000000 0.277365 0.414717 0.000000 -0.235758 -0.971812
0.000000 0.280468 0.423395 -0.000001 0.235939 0.971768
0.062719 0.306299 0.393277 0.859959 0.277957 0.428031
0.047381 0.305402 0.389728 -0.708492 0.678913 -0.192656
0.041229 0.306749 0.411648 0.155011 0.837720 0.523637
0.034850 0.304955 0.405070 -0.441020 0.578701 -0.686008
0.045466 0.301656 0.372057 -0.981356 0.042351 0.187475
0.063927 0.301006 0.369231 0.704571 -0.700124 0.115783
0.041865 0.298619 0.359637 -0.785375 0.221837 -0.577905
0.061627 0.297969 0.356811 0.805078 -0.136925 -0.577149
0.041315 0.279182 0.418336 0.536828 0.147647 0.830672
0.057179 0.279253 0.399838 0.880156 -0.066263 0.470037
0.064014 0.278375 0.374721 0.998757 -0.049065 -0.008786
0.061713 0.275337 0.362301 0.306384 -0.223274 -0.925353
0.041952 0.270290 0.366510 -0.839008 -0.130721 -0.528183
0.045553 0.273328 0.378930 -0.981978 0.041670 0.184343
0.047467 0.278776 0.396188 -0.904644 -0.103248 -0.413471
0.034937 0.278329 0.411530 -0.331314 -0.223387 -0.916695
0.000000 0.286177 0.380016 0.000000 -0.946538 0.322592
0.000000 0.294770 0.403690 0.000000 -0.813273 0.581882
-0.035841 0.288269 0.377346 -0.545991 -0.729906 0.411256
-0.025067 0.290165 0.395732 -0.478070 -0.220826 0.850108
0.000000 0.300628 0.378056 0.000000 0.992585 -0.121551
-0.035841 0.291573 0.376830 -0.687169 0.726345 0.014893
0.000000 0.299052 0.403022 -0.000000 0.750913 0.660401
-0.025067 0.293470 0.395216 -0.697351 0.390308 0.601133
0.025067 0.290165 0.395732 0.478071 -0.220826 0.850108
0.035841 0.288269 0.377346 0.545988 -0.729903 0.411265
0.025067 0.293470 0.395216 0.697352 0.390308 0.601133
0.035841 0.291573 0.376830 0.687169 0.726345 0.014893
0.000000 0.267418 0.336026 0.000000 -0.960531 -0.278171
0.000000 0.273406 0.332892 0.000004 -0.051495 -0.998673
0.021900 0.272938 0.342307 0.437063 -0.814905 -0.380665
0.021900 0.276878 0.340245 0.553639 0.149507 -0.819226
-0.034971 0.288775 0.355583 -0.708297 0.522523 -0.474643
-0.021901 0.276878 0.340245 -0.553661 0.149452 -0.819221
-0.034971 0.279176 0.359196 -0.838165 -0.539447 -0.080475
-0.021900 0.272938 0.342307 -0.437049 -0.814936 -0.380613
0.034971 0.279175 0.359196 0.838178 -0.539423 -0.080503
0.000000 0.280344 0.361728 -0.000006 -0.921336 0.388768
0.000000 0.293739 0.356230 0.000001 0.890529 -0.454927
0.034971 0.288775 0.355583 0.708287 0.522524 -0.474656
-0.130994 0.369577 0.354255 -0.957736 -0.265774 0.110026
-0.130108 0.376177 0.377910 -0.940310 -0.232519 0.248498
-0.138966 0.412023 0.349057 -0.991962 -0.054967 0.113977
-0.135718 0.406607 0.374482 -0.944094 0.016430 0.329267
-0.131089 0.448548 0.355094 -0.884179 0.375096 0.278443
-0.129695 0.433362 0.379369 -0.832828 0.250660 0.493524
-0.108077 0.468880 0.370747 -0.520250 0.668302 0.531707
-0.113087 0.448456 0.391356 -0.638325 0.482719 0.599603
-0.078123 0.466990 0.392408 -0.176865 0.668917 0.721990
-0.091201 0.447534 0.407057 -0.363796 0.537271 0.760915
-0.051190 0.443440 0.413929 0.063166 0.503926 0.861434
-0.071227 0.431218 0.422546 -0.161935 0.441127 0.882714
-0.034796 0.406353 0.429499 0.143811 0.286449 0.947241
-0.058859 0.404383 0.433748 0.008089 0.258267 0.966040
-0.119516 0.383814 0.399123 -0.816881 -0.119589 0.564273
-0.122125 0.399563 0.397305 -0.807467 0.013451 0.589759
-0.119102 0.413490 0.400027 -0.739998 0.125646 0.660770
-0.110553 0.421326 0.406139 -0.655041 0.233739 0.718531
-0.099715 0.420945 0.414571 -0.523214 0.272992 0.807293
-0.089325 0.412459 0.422379 -0.414333 0.243529 0.876939
-0.082633 0.398647 0.428205 -0.350022 0.152237 0.924288
-0.103519 0.391641 0.416518 -0.620903 0.013432 0.783773
0.130994 0.369577 0.354255 0.957736 -0.265774 0.110026
0.138966 0.412023 0.349057 0.991962 -0.054967 0.113977
0.130108 0.376177 0.377910 0.940310 -0.232519 0.248498
0.135718 0.406607 0.374482 0.944094 0.016430 0.329267
0.131089 0.448548 0.355094 0.884179 0.375096 0.278443
0.129695 0.433362 0.379369 0.832828 0.250660 0.493524
0.108077 0.468880 0.370747 0.520250 0.668302 0.531707
0.113087 0.448456 0.391356 0.638325 0.482719 0.599603
0.078123 0.466990 0.392408 0.176865 0.668917 0.721990
0.091201 0.447534 0.407057 0.363796 0.537271 0.760915
0.051190 0.443440 0.413929 -0.063166 0.503926 0.861434
0.071227 0.431218 0.422546 0.161935 0.441127 0.882714
0.034796 0.406353 0.429499 -0.143811 0.286449 0.947241
0.058859 0.404383 0.433748 -0.008089 0.258267 0.966040
0.119516 0.383814 0.399123 0.816881 -0.119589 0.564273
0.122125 0.399563 0.397305 0.807467 0.013451 0.589759
0.119102 0.413490 0.400027 0.739997 0.125645 0.660770
0.110553 0.421326 0.406139 0.655041 0.233738 0.718531
0.099715 0.420945 0.414571 0.523215 0.272991 0.807293
0.089325 0.412459 0.422379 0.414335 0.243528 0.876938
0.082633 0.398647 0.428205 0.350023 0.152237 0.924288
0.103519 0.391640 0.416518 0.620903 0.013430 0.783772
-0.114530 0.332502 0.369689 -0.883950 -0.413662 0.217983
-0.091050 0.310758 0.391839 -0.723988 -0.543170 0.425215
-0.117226 0.349234 0.389219 -0.840548 -0.348599 0.414678
-0.099895 0.333059 0.405228 -0.694412 -0.415433 0.587543
-0.032835 0.364294 0.435039 0.130045 0.036275 0.990844
-0.056640 0.373114 0.437890 -0.096208 -0.008229 0.995327
-0.044928 0.327967 0.429438 -0.051304 -0.268389 0.961943
-0.065080 0.346795 0.433511 -0.270255 -0.238416 0.932802
-0.066049 0.308647 0.413573 -0.408345 -0.521353 0.749296
-0.081053 0.332042 0.421613 -0.512909 -0.325160 0.794478
-0.112420 0.369822 0.404963 -0.757668 -0.177671 0.627991
-0.102859 0.361520 0.413176 -0.669477 -0.191843 0.717632
-0.081016 0.382428 0.430378 -0.396799 0.002314 0.917902
-0.084591 0.368740 0.427816 -0.487053 -0.111424 0.866236
-0.092650 0.361107 0.421467 -0.580404 -0.151983 0.800021
0.114530 0.332502 0.369689 0.883950 -0.413662 0.217983
0.117226 0.349234 0.389219 0.840548 -0.348599 0.414678
0.091050 0.310758 0.391839 0.723988 -0.543170 0.425215
0.099895 0.333059 0.405228 0.694412 -0.415433 0.587543
0.032835 0.364294 0.435039 -0.130045 0.036275 0.990844
0.056640 0.373114 0.437890 0.096208 -0.008229 0.995327
0.044928 0.327967 0.429438 0.051304 -0.268389 0.961943
0.065080 0.346795 0.433511 0.270255 -0.238416 0.932802
0.066049 0.308647 0.413573 0.408345 -0.521353 0.749296
0.081053 0.332042 0.421613 0.512909 -0.325160 0.794478
0.112420 0.369822 0.404963 0.757668 -0.177672 0.627990
0.102859 0.361520 0.413176 0.669477 -0.191844 0.717632
0.081016 0.382428 0.430378 0.396800 0.002314 0.917902
0.084591 0.368740 0.427816 0.487053 -0.111424 0.866236
0.092650 0.361107 0.421467 0.580403 -0.151984 0.800021
0.046968 0.493072 0.380152 0.005584 0.488017 -0.872817
0.052115 0.489124 0.384114 0.948418 -0.316850 -0.010477
0.040266 0.472575 0.369077 0.002561 0.473813 -0.880622
0.045424 0.468721 0.373102 0.960787 -0.245264 -0.129360
-0.046968 0.493072 0.380152 -0.005584 0.488017 -0.872817
-0.040266 0.472575 0.369077 -0.002605 0.473781 -0.880639
-0.052115 0.489124 0.384114 -0.957668 -0.252811 -0.137687
-0.045425 0.468729 0.373107 -0.910767 -0.382963 0.154413
-0.046888 0.487827 0.389590 -0.181854 -0.523338 0.832494
-0.040229 0.467493 0.378527 0.310939 -0.373298 0.874051
-0.057170 0.555398 0.430573 0.844457 0.533765 -0.044589
-0.061518 0.548203 0.433049 0.171835 -0.748122 0.640927
-0.052683 0.531772 0.412119 0.984898 0.172273 0.017246
-0.057596 0.527350 0.416459 0.071894 -0.611849 0.787700
-0.058813 0.535455 0.408505 -0.054811 0.600511 -0.797736
-0.063450 0.557725 0.425570 -0.427610 0.629317 -0.648929
0.176497 0.263972 0.054253 0.712016 0.644531 -0.278590
0.181625 0.241657 0.061410 0.893234 -0.119232 0.433493
0.230812 0.263490 0.024776 0.400333 0.652793 0.643114
0.233452 0.241467 0.027805 0.551341 -0.276317 0.787193
0.155521 0.270755 0.037897 0.034982 0.780805 -0.623795
0.217011 0.272393 0.008096 -0.063992 0.987257 -0.145699
0.134647 0.257440 0.033682 -0.234816 -0.011541 -0.971971
0.206731 0.259831 -0.004124 -0.420997 0.340301 -0.840807
0.210565 0.236685 -0.001908 -0.333989 -0.570386 -0.750407
0.146222 0.228938 0.040032 -0.322545 -0.803002 -0.501151
0.223586 0.224499 0.013284 0.147430 -0.988864 0.020333
0.168001 0.220567 0.055690 0.349788 -0.883435 0.311755
0.302990 0.250780 -0.051002 -0.962833 0.225769 -0.148259
0.303524 0.251908 -0.051134 -0.754392 -0.279995 -0.593713
0.310937 0.241436 -0.063462 -0.422117 0.266933 -0.866351
0.310953 0.265361 -0.052338 -0.219845 0.556869 -0.800978
0.311167 0.244840 -0.038134 -0.524608 0.145044 0.838897
0.311996 0.243404 -0.037799 -0.241644 -0.857986 0.453286
0.333208 0.246339 -0.035311 0.480364 0.248116 0.841242
0.328965 0.251171 -0.035228 0.287231 -0.027232 0.957474
0.334312 0.262150 -0.042633 0.645573 0.639001 0.418226
0.303766 0.263656 -0.022300 0.480068 0.432813 0.763025
0.303937 0.248680 -0.020852 0.458720 -0.672414 0.580892
0.294725 0.271379 -0.035174 0.042556 0.999011 -0.012922
0.323346 0.267190 -0.049639 0.369303 0.753671 -0.543686
0.287299 0.261401 -0.046123 -0.419615 0.377117 -0.825655
0.288474 0.250183 -0.043248 -0.354274 -0.563453 -0.746332
0.297165 0.243981 -0.031652 0.008520 -0.967227 -0.253769
0.281674 0.242427 -0.006692 0.551875 -0.424892 0.717566
0.279284 0.263246 -0.007049 0.432232 0.591357 0.680788
0.269863 0.270163 -0.020649 -0.067685 0.991631 -0.109939
0.261387 0.260568 -0.030064 -0.453389 0.335261 -0.825856
0.264978 0.245148 -0.028448 -0.299396 -0.559013 -0.773218
0.274610 0.235334 -0.016913 0.163617 -0.969393 -0.183046
0.353926 0.180501 -0.059623 0.925393 0.014719 -0.378723
0.341131 0.238876 -0.051194 0.897879 0.351383 -0.265225
0.350554 0.197278 -0.019432 0.627729 0.324271 0.707675
0.333832 0.180544 -0.076135 0.289278 -0.068443 -0.954795
0.326225 0.239083 -0.065154 0.340595 0.354171 -0.870952
0.311288 0.190647 -0.073496 -0.611878 -0.056024 -0.788965
0.298353 0.195315 -0.051839 -0.996472 0.074795 -0.038065
0.315927 0.207900 -0.013997 -0.540035 0.404490 0.738072
0.338690 0.117792 0.004378 0.784916 -0.200928 0.586119
0.341578 0.112493 -0.036950 0.782468 -0.457928 -0.421954
0.324942 0.111259 -0.052587 -0.080169 -0.450519 -0.889160
0.299250 0.120210 -0.037620 -0.778687 -0.180940 -0.600756
0.285591 0.117324 -0.008468 -0.997209 0.074507 -0.004778
0.300357 0.117809 0.016625 -0.331042 0.143444 0.932649
0.307032 0.056245 0.004910 0.720610 -0.091932 0.687219
0.309668 0.054888 -0.004017 0.877077 -0.439695 -0.193400
0.302037 0.054447 -0.011255 0.187884 -0.509391 -0.839774
0.292234 0.056751 -0.009251 -0.677383 -0.235330 -0.696974
0.287427 0.056079 0.000117 -0.990910 0.025108 0.132162
0.295565 0.056543 0.008839 -0.240139 0.091516 0.966415
0.128603 0.235363 0.043286 -0.082762 -0.647603 -0.757470
0.156678 0.222567 0.063286 0.139121 -0.963895 -0.227049
0.129592 0.258398 0.033407 0.172518 -0.382173 -0.907844
0.154936 0.272273 0.038291 0.363134 -0.163569 -0.917267
0.179278 0.263836 0.055806 0.596789 -0.399323 -0.695977
0.180318 0.239616 0.066779 0.797467 -0.577184 -0.175800
0.114530 0.332502 0.368001 0.873183 -0.290762 0.391163
0.114063 0.350366 0.385840 0.830600 -0.300574 0.468785
0.091050 0.310758 0.390151 0.789900 -0.201298 0.579255
0.097223 0.334434 0.401280 0.701707 -0.355180 0.617620
0.130994 0.369577 0.352567 0.941173 -0.223117 0.253795
0.126620 0.376664 0.374905 0.913086 -0.186065 0.362841
0.138966 0.412023 0.347369 0.966255 -0.021564 0.256682
0.132234 0.406620 0.371379 0.918871 -0.002369 0.394552
0.131089 0.448548 0.353406 0.871315 0.367829 0.324826
0.126542 0.432371 0.375888 0.840169 0.218308 0.496445
0.108077 0.468880 0.369059 0.605760 0.657616 0.447879
0.110750 0.446725 0.387284 0.612021 0.459173 0.643887
0.078123 0.466990 0.390720 0.403372 0.514694 0.756559
0.089781 0.445673 0.402426 0.383441 0.456506 0.802854
0.051190 0.443440 0.412241 0.242991 0.338695 0.908978
0.070476 0.429709 0.417497 0.177338 0.417561 0.891176
0.034796 0.406353 0.427811 -0.005416 0.193288 0.981127
0.058376 0.403138 0.428544 0.136233 0.212538 0.967609
0.032835 0.364294 0.433351 -0.002393 0.003408 0.999991
0.056074 0.373062 0.432484 0.168952 0.004926 0.985612
0.044928 0.327967 0.427750 0.171357 -0.303177 0.937401
0.063982 0.347516 0.428300 0.320367 -0.162972 0.933169
0.066049 0.308647 0.411885 0.486836 -0.383052 0.785024
0.079137 0.333315 0.416950 0.504381 -0.296507 0.810976
0.109532 0.370447 0.400949 0.757590 -0.178233 0.627925
0.100263 0.362245 0.408866 0.669286 -0.191874 0.717803
0.116465 0.384092 0.395255 0.806682 -0.123346 0.577971
0.119086 0.399610 0.393402 0.821311 -0.007530 0.570431
0.116284 0.412976 0.395903 0.739727 0.125103 0.661176
0.108178 0.420391 0.401689 0.654978 0.232817 0.718888
0.097813 0.419938 0.409799 0.523635 0.272259 0.807268
0.087773 0.411613 0.417372 0.392545 0.245850 0.886266
0.081209 0.397899 0.423118 0.365151 0.128916 0.921979
0.079546 0.382334 0.425230 0.397369 0.001414 0.917658
0.082851 0.369089 0.422813 0.487745 -0.111651 0.865817
0.090484 0.361750 0.416773 0.580356 -0.152053 0.800042
0.101177 0.391367 0.411900 0.621201 0.012506 0.783551
0.023569 0.248021 0.300959 0.020237 -0.998759 -0.045509
0.042322 0.248331 0.262172 0.019002 -0.826224 0.563021
0.057484 0.246701 0.325093 0.080836 -0.996060 -0.036474
0.073693 0.245816 0.299038 0.396654 -0.909241 -0.126278
0.000000 0.247453 0.247657 0.000000 -0.742704 0.669620
0.000000 0.247547 0.292255 0.000000 -0.999358 -0.035826
0.000000 0.273352 0.464055 -0.000000 0.178482 0.983943
0.000000 0.234857 0.443873 -0.000000 -0.736963 0.675934
0.053925 0.268134 0.441620 0.683427 -0.024485 0.729608
0.023878 0.234625 0.434629 0.380267 -0.857799 0.345801
0.078965 0.267565 0.393882 0.872856 -0.199286 0.445429
0.063577 0.246842 0.392035 0.595465 -0.783697 0.176750
0.079802 0.259116 0.364199 0.796956 -0.582888 0.158437
0.067278 0.246852 0.359147 0.387891 -0.921704 -0.001496
0.083429 0.252676 0.329360 0.638445 -0.766172 0.073270
0.098821 0.284170 0.269762 0.562821 -0.650301 0.510236
0.000000 0.366444 0.429641 0.000000 0.106076 0.994358
0.000000 0.322896 0.430761 0.000000 -0.114667 0.993404
0.000000 0.446736 0.427712 -0.000000 -0.052715 0.998610
0.000000 0.406725 0.423248 0.000000 0.023174 0.999731
0.131706 0.400924 0.257400 0.521558 0.363054 0.772120
0.154577 0.407095 0.284342 0.954056 0.099831 -0.282507
0.128073 0.339143 0.269700 0.777608 -0.133122 0.614496
0.019574 0.472139 0.417141 0.620152 -0.211051 0.755558
0.135770 0.462296 0.305463 0.814633 0.563885 0.135670
0.111855 0.460320 0.255368 0.638968 0.556630 -0.530926
0.064095 0.454075 0.238525 0.281170 0.808355 0.517209
0.000000 0.472494 0.240299 -0.000000 0.883473 0.468482
0.039742 0.482225 0.253947 0.177063 0.760852 -0.624303
0.000000 0.489094 0.255917 0.000000 0.861834 -0.507190
0.050807 0.487915 0.402599 0.576657 0.492490 0.651859
0.084094 0.495024 0.350874 0.629198 0.626399 0.460146
0.092697 0.491287 0.314175 0.477913 0.871167 -0.112552
0.023315 0.245990 0.322969 0.031030 -0.989246 -0.142932
0.039892 0.498932 0.366058 -0.238122 0.931559 -0.274766
0.000000 0.496208 0.384612 0.000000 0.993676 0.112289
0.058921 0.500079 0.348183 -0.130163 0.970133 -0.204695
0.082531 0.485231 0.282870 0.277473 0.906360 -0.318623
0.030767 0.503548 0.314298 0.092742 0.988305 -0.121043
0.033900 0.498968 0.286007 0.127910 0.946386 -0.296634
0.000000 0.499413 0.286786 -0.000000 0.978410 -0.206672
0.000000 0.503591 0.315883 0.000000 0.995377 -0.096047
0.046505 0.270354 0.335667 -0.228183 0.720139 0.655234
0.056216 0.278496 0.337844 -0.726064 0.429424 0.537053
0.048725 0.306089 0.330872 -0.324779 -0.290522 0.900064
0.058245 0.290485 0.338141 -0.769322 -0.023532 0.638428
0.000000 0.308373 0.346787 0.000000 -0.772426 0.635105
0.000000 0.270836 0.351726 0.000000 0.763572 0.645723
0.045987 0.270917 0.374415 0.332682 0.221188 0.916732
0.077297 0.291824 0.380622 -0.660782 0.204713 0.722121
0.073122 0.289716 0.391272 0.726151 0.243550 0.642953
0.072057 0.286180 0.364226 -0.875873 0.253851 0.410374
0.000000 0.270114 0.390431 -0.000000 -0.550004 0.835162
0.081824 0.289647 0.387174 0.271333 0.506806 0.818246
0.078419 0.293253 0.381296 -0.689859 0.517895 0.505845
0.082599 0.291111 0.386180 0.381043 -0.576070 0.723153
0.095449 0.292341 0.379829 0.686849 -0.499663 0.527803
0.093587 0.299977 0.385979 0.753393 -0.315557 0.576908
0.088577 0.283341 0.375503 0.850727 -0.275569 0.447576
0.000000 0.245508 0.319830 0.000000 -0.993813 -0.111063
0.023215 0.231714 0.391687 0.178499 -0.982243 -0.057768
0.000000 0.231492 0.393530 0.000000 -0.997163 -0.075274
0.023250 0.239562 0.357727 0.066283 -0.981880 -0.177534
0.000000 0.239051 0.357798 0.000000 -0.982643 -0.185509
0.000000 0.156357 0.158837 0.000000 -0.976351 0.216189
0.098080 0.173905 0.166728 0.213064 -0.963095 0.164476
0.000000 0.178088 0.200000 0.000000 -0.810933 0.585139
0.086071 0.192493 0.210898 -0.069683 -0.638028 0.766854
0.098128 0.177560 0.108291 0.185464 -0.862579 -0.470703
0.000000 0.159229 0.104143 0.000000 -0.957812 -0.287397
0.181252 0.332484 0.247053 0.585240 0.066559 0.808124
0.171617 0.248108 0.244409 0.430804 -0.326970 0.841130
0.242152 0.349814 0.164415 0.898532 0.170618 0.404388
0.214675 0.241989 0.183585 0.756284 -0.593353 0.275619
0.220865 0.250090 0.090542 0.759138 -0.538742 -0.365330
0.254713 0.353900 0.107386 0.997141 0.070546 0.027069
0.246255 0.356084 0.045650 0.794744 -0.269497 -0.543832
0.212158 0.484469 0.117166 0.805151 0.517000 0.290592
0.180249 0.448069 0.220355 0.609151 0.420651 0.672300
0.217929 0.489355 0.050165 0.836887 0.533326 0.123221
0.205717 0.481162 -0.016822 0.878969 0.332348 -0.341991
0.115260 0.584513 0.091963 0.439129 0.838831 0.321758
0.087940 0.536158 0.195463 0.254205 0.654793 0.711776
0.119910 0.592522 0.005546 0.450964 0.891844 -0.035303
0.114666 0.562546 -0.077175 0.462045 0.755308 -0.464784
0.000000 0.610581 0.073978 -0.000000 0.980197 0.198025
0.000000 0.549378 0.199046 -0.000000 0.721575 0.692336
0.000000 0.606922 -0.006703 -0.022761 0.986629 -0.161386
0.000000 0.583947 -0.082677 0.000000 0.790936 -0.611899
0.033749 0.505133 0.345493 0.103426 0.990215 0.093687
0.000000 0.505015 0.344467 0.000000 0.999267 0.038288
-0.000000 0.473860 0.425973 -0.000000 0.690552 0.723282
0.040230 0.467501 0.378531 0.300659 -0.529242 0.793415
0.046888 0.487827 0.389590 -0.196991 -0.426837 0.882613
0.041746 0.491830 0.385527 -0.961012 0.248173 0.121925
0.035102 0.471338 0.374469 -0.914393 0.082166 0.396402
-0.114530 0.332502 0.368001 -0.873183 -0.290762 0.391163
-0.091050 0.310758 0.390151 -0.789900 -0.201298 0.579255
-0.114063 0.350366 0.385840 -0.830600 -0.300574 0.468785
-0.097223 0.334434 0.401280 -0.701707 -0.355180 0.617620
-0.130994 0.369577 0.352567 -0.941173 -0.223117 0.253795
-0.126620 0.376664 0.374905 -0.913086 -0.186065 0.362841
-0.138966 0.412023 0.347369 -0.967310 -0.051318 0.248349
-0.132234 0.406620 0.371379 -0.925875 0.029241 0.376696
-0.131089 0.448548 0.353406 -0.884352 0.337814 0.322186
-0.126542 0.432371 0.375888 -0.818367 0.228064 0.527506
-0.108077 0.468880 0.369059 -0.581507 0.651805 0.486826
-0.110750 0.446725 0.387284 -0.638066 0.431704 0.637576
-0.078123 0.466990 0.390720 -0.432358 0.488897 0.757658
-0.089781 0.445673 0.402426 -0.363261 0.494181 0.789827
-0.051190 0.443440 0.412241 -0.233435 0.376131 0.896679
-0.070476 0.429709 0.417497 -0.176512 0.390831 0.903379
-0.034796 0.406353 0.427811 0.005416 0.193288 0.981127
-0.058376 0.403138 0.428544 -0.136233 0.212538 0.967609
-0.032835 0.364294 0.433351 0.002393 0.003408 0.999991
-0.056074 0.373062 0.432484 -0.168952 0.004926 0.985612
-0.044928 0.327967 0.427750 -0.171357 -0.303177 0.937401
-0.063982 0.347516 0.428300 -0.320367 -0.162972 0.933169
-0.066049 0.308647 0.411885 -0.486836 -0.383052 0.785024
-0.079137 0.333315 0.416950 -0.504381 -0.296507 0.810976
-0.109532 0.370447 0.400949 -0.757590 -0.178233 0.627925
-0.100263 0.362245 0.408866 -0.669286 -0.191874 0.717803
-0.116465 0.384092 0.395255 -0.806682 -0.123346 0.577971
-0.119086 0.399610 0.393402 -0.821311 -0.007530 0.570431
-0.116284 0.412976 0.395903 -0.739727 0.125103 0.661176
-0.108178 0.420391 0.401689 -0.654978 0.232817 0.718888
-0.097813 0.419938 0.409799 -0.523635 0.272259 0.807268
-0.087773 0.411613 0.417372 -0.392545 0.245850 0.886266
-0.081209 0.397899 0.423118 -0.365151 0.128916 0.921979
-0.079546 0.382334 0.425230 -0.397369 0.001414 0.917658
-0.082851 0.369089 0.422813 -0.487745 -0.111651 0.865817
-0.090484 0.361750 0.416773 -0.580356 -0.152053 0.800042
-0.101177 0.391367 0.411900 -0.621201 0.012506 0.783551
-0.023569 0.248021 0.300959 -0.020237 -0.998759 -0.045509
-0.057484 0.246701 0.325093 -0.080836 -0.996060 -0.036474
-0.042322 0.248331 0.262172 -0.019002 -0.826224 0.563021
-0.073693 0.245816 0.299038 -0.396654 -0.909241 -0.126278
-0.053925 0.268134 0.441620 -0.683427 -0.024485 0.729608
-0.023878 0.234625 0.434629 -0.380267 -0.857799 0.345801
-0.078965 0.267565 0.393882 -0.872856 -0.199286 0.445429
-0.063577 0.246842 0.392035 -0.595465 -0.783697 0.176750
-0.079802 0.259116 0.364199 -0.796956 -0.582888 0.158437
-0.067278 0.246852 0.359147 -0.387891 -0.921704 -0.001496
-0.083429 0.252676 0.329360 -0.638445 -0.766172 0.073270
-0.098821 0.284170 0.269762 -0.562821 -0.650301 0.510236
-0.131706 0.400924 0.257400 -0.521558 0.363054 0.772120
-0.128073 0.339143 0.269700 -0.777608 -0.133122 0.614496
-0.154577 0.407095 0.284342 -0.954056 0.099831 -0.282507
-0.019574 0.472139 0.417141 -0.624215 -0.327588 0.709254
-0.135770 0.462296 0.305463 -0.814633 0.563885 0.135670
-0.111855 0.460320 0.255368 -0.638968 0.556630 -0.530926
-0.064095 0.454075 0.238525 -0.281170 0.808355 0.517209
-0.039742 0.482225 0.253947 -0.177063 0.760852 -0.624303
-0.050807 0.487915 0.402599 -0.478724 0.645892 0.594682
-0.084094 0.495024 0.350874 -0.629198 0.626399 0.460146
-0.092697 0.491287 0.314175 -0.236947 0.946145 -0.220601
-0.082531 0.485231 0.282870 -0.277473 0.906360 -0.318623
-0.023315 0.245990 0.322969 -0.031030 -0.989246 -0.142932
-0.033749 0.505133 0.345493 -0.103426 0.990215 0.093687
-0.039892 0.498932 0.366058 0.238122 0.931559 -0.274766
-0.058921 0.500079 0.348183 0.130163 0.970133 -0.204695
-0.030767 0.503548 0.314298 -0.092742 0.988305 -0.121043
-0.033900 0.498968 0.286007 -0.127910 0.946386 -0.296634
-0.046505 0.270354 0.335667 0.228183 0.720139 0.655234
-0.048725 0.306089 0.330872 0.324779 -0.290522 0.900064
-0.056216 0.278496 0.337844 0.726064 0.429424 0.537053
-0.058245 0.290485 0.338141 0.769322 -0.023532 0.638428
-0.077297 0.291824 0.380622 0.660782 0.204714 0.722121
-0.045987 0.270917 0.374415 -0.332682 0.221188 0.916732
-0.073122 0.289716 0.391272 -0.726151 0.243550 0.642953
-0.072057 0.286180 0.364226 0.875873 0.253851 0.410374
-0.081824 0.289647 0.387174 -0.271333 0.506806 0.818246
-0.078419 0.293253 0.381296 0.689859 0.517895 0.505845
-0.082599 0.291111 0.386180 -0.381043 -0.576070 0.723153
-0.093587 0.299977 0.385979 -0.753393 -0.315557 0.576908
-0.095449 0.292341 0.379829 -0.686849 -0.499663 0.527803
-0.088577 0.283341 0.375503 -0.850727 -0.275569 0.447576
-0.023215 0.231714 0.391687 -0.178499 -0.982243 -0.057768
-0.023250 0.239562 0.357727 -0.066283 -0.981880 -0.177534
-0.098080 0.173905 0.166728 -0.213064 -0.963095 0.164476
-0.086071 0.192493 0.210898 0.069683 -0.638028 0.766854
-0.098128 0.177560 0.108291 -0.185464 -0.862579 -0.470703
-0.181252 0.332484 0.247053 -0.585240 0.066559 0.808124
-0.242152 0.349814 0.164415 -0.898532 0.170618 0.404389
-0.171617 0.248108 0.244409 -0.430804 -0.326970 0.841129
-0.214675 0.241989 0.183585 -0.756284 -0.593353 0.275619
-0.254713 0.353900 0.107386 -0.997141 0.070546 0.027069
-0.220865 0.250090 0.090542 -0.759138 -0.538742 -0.365330
-0.246255 0.356084 0.045650 -0.794744 -0.269497 -0.543832
-0.212158 0.484469 0.117166 -0.805151 0.517000 0.290592
-0.180249 0.448069 0.220355 -0.609151 0.420651 0.672300
-0.217929 0.489355 0.050165 -0.831516 0.549909 0.078619
-0.205717 0.481162 -0.016822 -0.889868 0.293033 -0.349667
-0.115260 0.584513 0.091963 -0.439129 0.838831 0.321758
-0.087940 0.536158 0.195463 -0.254205 0.654793 0.711776
-0.119910 0.592522 0.005546 -0.440935 0.897287 -0.021284
-0.114666 0.562546 -0.077175 -0.494341 0.748606 -0.441832
-0.035102 0.471338 0.374469 0.961610 0.243775 0.126018
-0.041746 0.491830 0.385527 0.952870 0.178353 0.245414
-0.054567 0.515063 0.392878 0.156313 0.579830 -0.799602
-0.059619 0.510481 0.396255 -0.966454 -0.120536 -0.226800
-0.054113 0.508834 0.401728 0.030211 -0.535811 0.843798
-0.049237 0.513630 0.397949 0.979185 0.194592 0.057711
-0.063980 0.531380 0.412504 -0.985421 -0.158910 -0.060770
-0.073065 0.564186 0.444177 -0.116696 0.954718 -0.273672
-0.076073 0.556800 0.442814 -0.831637 -0.186497 -0.523067
-0.068050 0.550888 0.427672 -0.942733 -0.278053 -0.184230
-0.068824 0.553546 0.446928 0.364570 -0.928814 -0.066287
-0.066567 0.561645 0.447763 0.871436 0.333348 0.359831
-0.086848 0.563292 0.464376 -0.349354 0.936977 0.005079
-0.088849 0.550420 0.452593 -0.527430 -0.466993 -0.709743
-0.074460 0.546031 0.459383 0.723191 -0.682554 -0.105423
-0.072493 0.559309 0.470909 0.870445 0.267872 0.413000
-0.097038 0.536598 0.470527 -0.696990 -0.519268 -0.494536
-0.096646 0.552885 0.483079 -0.855206 0.510710 0.088311
-0.083576 0.533568 0.477215 0.480657 -0.862127 -0.160333
-0.083400 0.549916 0.490012 0.467081 0.403609 0.786724
-0.100984 0.530261 0.489278 -0.656771 -0.751323 -0.064541
-0.101238 0.534217 0.498214 -0.663291 0.201301 0.720779
-0.094915 0.528471 0.490850 0.388702 -0.888225 0.244881
-0.095664 0.532862 0.500000 0.018151 -0.653361 0.756829
0.334996 0.176597 -0.069652 0.949144 0.243671 0.199372
0.342045 0.174266 -0.100361 0.949144 0.243671 0.199372
0.334465 0.180544 -0.071948 0.949144 0.243671 0.199372
0.334728 0.141883 -0.054322 0.558198 -0.434914 0.706586
0.358732 0.139537 -0.074729 0.558198 -0.434914 0.706586
0.337519 0.145535 -0.054279 0.558198 -0.434914 0.706586
0.341611 0.117989 -0.026373 -0.072920 -0.432695 0.898587
0.366196 0.115204 -0.025719 -0.072920 -0.432695 0.898587
0.343326 0.120786 -0.024887 -0.072920 -0.432695 0.898587
0.349890 0.174738 -0.038929 0.157820 0.742194 -0.651338
0.373151 0.171855 -0.036578 0.157820 0.742194 -0.651338
0.348933 0.172565 -0.041637 0.157820 0.742194 -0.651338
0.342985 0.195727 -0.059919 0.646350 -0.277187 0.710915
0.367092 0.203251 -0.078903 0.646350 -0.277187 0.710915
0.344364 0.200089 -0.059472 0.646350 -0.277187 0.710915
0.315445 0.098784 -0.038237 0.996726 0.079710 0.013532
0.316574 0.089805 -0.068506 0.996726 0.079710 0.013532
0.315204 0.102299 -0.041190 0.996726 0.079710 0.013532
0.298007 0.018551 0.016236 0.766702 0.037849 0.640887
0.300356 0.017815 0.007722 0.998567 -0.051126 0.015800
0.296706 0.018352 0.002226 0.493339 -0.060053 -0.867762
0.287430 0.020193 0.004025 -0.624539 -0.048145 -0.779508
0.285146 0.020439 0.013041 -0.913337 0.273887 0.301333
0.291004 0.019578 0.019464 0.063597 0.287812 0.955573
0.166728 0.200800 0.168527 -0.400002 -0.687213 0.606413
0.180168 0.187808 0.189553 -0.790070 -0.126301 0.599864
0.182245 0.221973 0.173283 0.118618 0.151546 0.981307
0.188433 0.211051 0.192172 -0.419760 0.629310 0.654042
0.217507 0.229084 0.173141 0.470882 0.869012 0.151950
0.209985 0.232832 0.160794 0.802863 0.564109 0.192854
0.207789 0.224676 0.133120 0.918211 -0.165408 -0.359902
0.222378 0.208000 0.157175 0.882460 0.052133 -0.467489
0.184385 0.191930 0.128361 0.329296 -0.766398 -0.551542
0.210168 0.183495 0.156665 0.501683 -0.691928 -0.519182
0.190517 0.172733 0.172270 -0.296865 -0.954909 0.004510
0.168645 0.179580 0.152893 -0.490507 -0.870572 0.038817
0.248150 0.171338 0.218043 0.046384 -0.037661 -0.998213
0.251623 0.176739 0.218241 0.359628 -0.283445 -0.889003
0.258034 0.171058 0.223508 0.798112 -0.046278 -0.600730
0.256625 0.180405 0.224859 0.895873 0.162586 -0.413493
0.240600 0.171583 0.224867 -0.472309 -0.823235 -0.314975
0.238890 0.172306 0.227943 -0.847542 0.529293 -0.039018
0.243281 0.173904 0.239379 -0.752574 0.255034 0.607116
0.243386 0.169800 0.241960 -0.636017 0.276793 0.720325
0.250982 0.179206 0.243138 -0.110982 0.502806 0.857245
0.233999 0.189975 0.228302 -0.362671 0.518193 0.774562
0.229612 0.178770 0.225674 -0.576561 -0.606585 0.547386
0.243899 0.195527 0.220829 0.392057 0.844694 0.364394
0.257034 0.183713 0.235470 0.838304 0.482336 0.254161
0.248356 0.188160 0.211181 0.899675 0.284198 -0.331385
0.243681 0.179827 0.210298 0.657081 -0.507917 -0.557015
0.235517 0.175160 0.217380 0.027805 -0.980022 -0.196936
0.201981 0.175917 0.204268 -0.508902 -0.645320 0.569720
0.207857 0.202081 0.208275 -0.479245 0.325235 0.815197
0.228932 0.215421 0.194841 0.401579 0.846256 0.350122
0.234057 0.199400 0.180841 0.912637 0.044304 -0.406362
0.225858 0.179550 0.181863 0.584937 -0.701835 -0.406541
0.210458 0.172135 0.193657 0.057277 -0.998330 -0.007519
0.247799 0.140551 0.241952 0.464427 -0.305775 0.831149
0.253808 0.167268 0.244084 0.404273 0.020135 0.914417
0.234300 0.146991 0.242096 -0.463069 0.097004 0.880998
0.253615 0.139838 0.228302 0.917943 -0.389389 -0.075872
0.259505 0.166450 0.233584 0.983891 -0.051002 0.171342
0.246080 0.148240 0.216352 0.509058 -0.131297 -0.850659
0.234103 0.150763 0.215077 -0.381866 0.293128 -0.876501
0.226960 0.151295 0.230778 -0.895644 0.439141 0.070554
0.158156 0.015943 0.211846 -0.561678 0.237347 0.792581
0.165814 0.015171 0.212819 0.468544 -0.121968 0.874980
0.203566 0.085212 0.228044 -0.414198 0.051090 0.908752
0.211796 0.081554 0.227169 0.414913 -0.452198 0.789534
0.215870 0.080959 0.218266 0.827170 -0.558754 -0.059869
0.168886 0.014745 0.206882 0.913967 -0.374150 0.157083
0.211926 0.085197 0.210594 0.462556 -0.165221 -0.871059
0.166826 0.014948 0.199853 0.747845 -0.122768 -0.652424
0.201957 0.087965 0.209647 -0.374210 0.324904 -0.868565
0.160680 0.015737 0.198854 -0.256968 0.264047 -0.929649
0.197228 0.088445 0.219572 -0.880461 0.467837 0.076919
0.155898 0.016240 0.204655 -0.903898 0.407066 -0.131400
0.214042 0.103615 0.231632 -0.286970 -0.067912 0.955529
0.223102 0.098405 0.230954 0.562355 -0.508166 0.652322
0.227305 0.097908 0.221090 0.816918 -0.463625 -0.343069
0.222601 0.104166 0.212780 0.330453 -0.089736 -0.939547
0.212176 0.107063 0.211688 -0.597559 0.377363 -0.707475
0.207055 0.107479 0.222982 -0.867128 0.356824 0.347513
0.165874 0.001433 0.215693 -0.165321 -0.557633 0.813458
0.165353 0.011977 0.213822 -0.115926 0.314063 0.942298
0.155064 0.002115 0.213375 -0.625380 -0.273427 0.730848
0.157353 0.012560 0.211989 -0.726640 0.225128 0.649086
0.203385 0.010015 0.214896 0.734311 0.448328 0.509694
0.198752 0.008791 0.218520 0.460867 0.078852 0.883959
0.201683 0.001079 0.214976 0.570511 -0.736513 0.363408
0.197291 0.001180 0.218551 0.140130 -0.552961 0.821339
0.203495 0.001140 0.206760 0.626241 -0.730467 -0.272472
0.205015 0.010459 0.206458 0.884836 0.424512 -0.191975
0.199940 0.008264 0.200420 0.559389 -0.041298 -0.827876
0.198395 0.001057 0.201457 0.190929 -0.808432 -0.556763
0.154779 0.012585 0.204251 -0.940192 0.289703 -0.179195
0.159985 0.011480 0.198070 -0.382247 0.099481 -0.918689
0.151503 0.002275 0.205056 -0.642431 -0.732376 -0.225627
0.156725 0.001731 0.198973 -0.371438 -0.461360 -0.805718
0.185326 0.003892 0.213756 -0.057675 -0.996092 0.066897
0.184760 0.005761 0.221459 -0.079748 -0.547946 0.832703
0.166802 0.000141 0.210171 0.038640 -0.991895 0.121046
0.186234 0.019050 0.218684 0.034208 0.650095 0.759083
0.168891 0.013566 0.206917 0.510119 0.852012 0.117704
0.187143 0.020986 0.211957 0.171183 0.970453 0.170051
0.165977 0.011223 0.198314 0.093267 0.365244 -0.926228
0.187920 0.021515 0.202110 -0.000689 0.977878 -0.209176
0.187779 0.018309 0.196595 0.191929 0.356848 -0.914233
0.166523 0.001028 0.199709 -0.018260 -0.612704 -0.790102
0.166724 0.000000 0.204920 0.052887 -0.993779 -0.098010
0.185938 0.003730 0.205358 -0.022853 -0.999524 -0.020745
0.186579 0.005125 0.197168 0.108396 -0.675362 -0.729477
0.179114 0.205307 0.110979 0.432626 -0.769252 -0.470197
0.158759 0.187112 0.142763 0.075655 -0.992817 -0.092682
0.207892 0.228122 0.127493 0.852398 -0.473487 -0.221876
0.210087 0.235917 0.160054 0.824410 -0.521941 0.218919
0.181480 0.222896 0.176366 0.674688 -0.735432 0.062741
0.163750 0.198960 0.172853 0.641290 -0.754999 0.136830
0.146649 0.185427 0.248001 -0.917452 -0.318239 0.238759
0.152831 0.214912 0.253318 -0.609891 0.618308 0.495710
0.140756 0.203454 0.223571 -0.571208 -0.630717 0.525278
0.153924 0.225964 0.232984 -0.035321 0.520635 0.853049
0.176442 0.236003 0.215977 0.725741 0.490525 0.482374
0.177508 0.225355 0.243527 0.321229 0.868642 0.377192
0.183886 0.227132 0.190050 0.960487 -0.278323 -0.000901
0.192474 0.212963 0.231076 0.981230 0.183587 -0.059028
0.182959 0.187624 0.227960 0.691770 -0.653035 -0.308222
0.171702 0.194966 0.192537 0.520764 -0.730133 -0.442393
0.162872 0.176363 0.235608 -0.212219 -0.962470 -0.169158
0.148668 0.182076 0.210134 -0.324703 -0.929098 -0.177043
0.200692 0.182422 0.303307 0.922945 0.292621 0.250092
0.202324 0.169348 0.303529 0.997084 -0.073348 -0.021086
0.199606 0.174508 0.294031 0.766552 -0.374064 -0.521990
0.198183 0.170313 0.293453 0.457365 -0.063525 -0.887007
0.184752 0.171575 0.295112 -0.718690 -0.086668 -0.689908
0.187085 0.171458 0.294698 -0.222393 -0.865995 -0.447878
0.182002 0.173615 0.304330 -0.939490 -0.265570 0.216403
0.180961 0.168872 0.307917 -0.920854 0.304516 0.243510
0.187782 0.177702 0.314157 -0.544834 0.459423 0.701489
0.179739 0.189970 0.295070 -0.722943 0.309382 0.617767
0.177138 0.178442 0.290543 -0.728449 -0.650659 0.214488
0.191820 0.195455 0.292619 0.194631 0.837417 0.510737
0.196018 0.181811 0.312200 0.422400 0.395356 0.815642
0.200255 0.188552 0.286057 0.959550 0.281236 -0.013036
0.196845 0.179919 0.282789 0.744087 -0.570412 -0.347801
0.186141 0.175114 0.285373 0.067828 -0.986499 -0.149063
0.164364 0.202456 0.275348 -0.581443 0.477941 0.658405
0.160820 0.176004 0.269798 -0.633578 -0.671216 0.384771
0.184104 0.210178 0.268931 0.322107 0.848862 0.419142
0.195580 0.200961 0.258777 0.975103 0.215751 -0.051249
0.187301 0.180426 0.256843 0.703108 -0.665760 -0.249806
0.172541 0.172412 0.262603 0.153960 -0.981978 -0.109613
0.184926 0.140686 0.313113 -0.033210 -0.270267 0.962213
0.186537 0.165765 0.315412 -0.231056 0.061940 0.970967
0.172963 0.147101 0.306805 -0.841519 0.135597 0.522934
0.196532 0.139928 0.304016 0.823376 -0.383283 0.418504
0.197109 0.164438 0.312048 0.670195 -0.064768 0.739354
0.196139 0.148175 0.289838 0.872748 -0.137338 -0.468455
0.186062 0.150760 0.282912 0.124410 0.287953 -0.949529
0.172056 0.151401 0.293174 -0.808220 0.448146 -0.382028
0.121803 0.016227 0.243400 -0.856998 0.286959 0.428030
0.127824 0.015698 0.247846 -0.037074 -0.110329 0.993203
0.153061 0.085204 0.279524 -0.801681 0.046861 0.595912
0.160589 0.081543 0.282816 -0.030282 -0.450055 0.892487
0.133590 0.015232 0.244471 0.706133 -0.412640 0.575416
0.168464 0.080946 0.276959 0.758783 -0.555979 0.339318
0.168607 0.085213 0.268372 0.825912 -0.161313 -0.540229
0.134777 0.015149 0.237313 0.974914 -0.081207 -0.207241
0.160398 0.087968 0.262692 0.099667 0.322020 -0.941472
0.130030 0.015760 0.233436 0.203775 0.315834 -0.926674
0.151344 0.088518 0.269075 -0.812101 0.466794 -0.350135
0.123022 0.016229 0.236150 -0.707162 0.461828 -0.535385
0.160372 0.103616 0.287816 -0.715736 -0.068756 0.694978
0.168679 0.098386 0.291591 0.178967 -0.507760 0.842704
0.177142 0.097887 0.284939 0.882077 -0.462735 0.088412
0.176809 0.104202 0.275501 0.741166 -0.090316 -0.665219
0.168370 0.107053 0.269439 -0.177569 0.376889 -0.909079
0.158564 0.107425 0.276880 -0.927207 0.357258 -0.112484
0.117539 0.002140 0.243387 -0.904728 -0.381550 0.189439
0.125839 0.001409 0.250659 -0.511803 -0.546326 0.663012
0.120332 0.012496 0.243232 -0.889348 0.303452 0.342018
0.126922 0.012228 0.248830 -0.524544 0.395121 0.754144
0.157576 0.001124 0.267203 0.439026 -0.703483 0.558899
0.159161 0.010048 0.268049 0.363796 0.347680 0.864159
0.152051 0.001286 0.268162 -0.099425 -0.614741 0.782437
0.153315 0.008763 0.268858 -0.109898 0.140873 0.983909
0.164461 0.010389 0.261335 0.864315 0.428565 0.263233
0.163061 0.001219 0.260896 0.536107 -0.843177 0.040507
0.163129 0.008275 0.253613 0.892118 -0.044661 -0.449590
0.161247 0.001007 0.253780 0.428979 -0.811596 -0.396596
0.121623 0.012594 0.235256 -0.728357 0.343349 -0.592965
0.129312 0.011454 0.232201 0.058843 0.088021 -0.994379
0.118352 0.002259 0.234378 -0.449624 -0.735460 -0.506888
0.125881 0.001827 0.231721 0.062253 -0.473925 -0.878362
0.139598 0.005721 0.264836 -0.531743 -0.293988 0.794242
0.143836 0.003671 0.258286 -0.068885 -0.996500 0.047355
0.129322 0.000207 0.246240 -0.026694 -0.995794 0.087642
0.142290 0.018985 0.263002 -0.310463 0.754998 0.577573
0.133334 0.013219 0.244495 0.375702 0.861523 0.341506
0.146296 0.020891 0.257576 0.064629 0.974150 0.216458
0.135435 0.011487 0.234823 0.489976 0.415872 -0.766143
0.151667 0.021313 0.249363 0.080648 0.984658 -0.154743
0.154380 0.018435 0.244276 0.629685 0.349213 -0.693936
0.134115 0.001033 0.236941 0.344576 -0.642830 -0.684133
0.131782 0.000051 0.241599 0.096172 -0.993780 -0.056142
0.148423 0.003821 0.251233 0.012763 -0.999580 -0.026020
0.152832 0.005266 0.244502 0.440754 -0.679277 -0.586788
0.160631 0.198553 0.178768 0.456833 -0.883226 -0.105905
0.142221 0.189339 0.197335 0.002208 -0.984312 0.176423
0.193446 0.230293 0.184717 0.584822 -0.779168 0.225567
0.175817 0.239141 0.215614 0.671592 -0.531348 0.516366
0.149102 0.227573 0.237484 0.358753 -0.309182 0.880740
0.134631 0.202396 0.228117 0.219297 -0.692287 0.687494
0.110052 0.277622 0.299299 0.778849 -0.621838 -0.081929
0.033753 0.328215 0.428283 0.095156 -0.296516 0.950275
0.143165 0.343452 0.284120 0.944006 -0.322697 -0.068693
0.091352 0.301087 0.391820 0.659560 -0.456784 0.596933
0.058347 0.304395 0.411971 0.270333 -0.488837 0.829432
0.082251 0.292130 0.389120 0.825821 -0.067042 0.559934
0.058422 0.297917 0.408610 0.418114 0.504388 0.755496
0.104754 0.292536 0.351800 0.836851 -0.482501 0.258598
0.049718 0.297738 0.419875 0.535760 -0.010868 0.844300
0.073899 0.292200 0.364899 -0.849835 0.371731 0.373627
0.048849 0.317150 0.369398 0.493662 -0.129542 0.859951
0.000000 0.299430 0.436092 0.000000 0.153691 0.988119
0.000000 0.318803 0.385027 0.000000 0.628488 0.777819
0.000000 0.302416 0.424064 -0.000000 0.032348 0.999477
0.000000 0.311823 0.428133 0.000000 -0.349216 0.937042
0.000000 0.246617 0.014378 0.000000 -0.962890 -0.269893
0.067177 0.259613 0.021715 0.402849 -0.898372 0.175045
0.137924 0.304960 -0.001216 0.614271 -0.624437 -0.482441
0.150384 0.345073 -0.023739 0.988314 -0.101409 -0.113804
0.140967 0.440106 -0.084442 0.882591 0.363984 -0.297571
0.056175 0.484202 -0.131192 0.417221 0.794888 -0.440545
0.000000 0.496906 -0.141248 0.000000 0.964326 -0.264718
0.079449 0.180984 -0.001099 0.329189 -0.452902 0.828562
0.171623 0.240890 -0.035617 0.714502 -0.184436 0.674886
0.189154 0.186176 -0.096344 0.832089 -0.347439 0.432336
0.085495 0.115512 -0.053145 0.394172 -0.641369 0.658235
0.192140 0.143042 -0.160568 0.850859 -0.480970 0.211441
0.086782 0.069014 -0.112318 0.417067 -0.803255 0.425249
0.188827 0.117865 -0.238774 0.830491 -0.550960 -0.082018
0.085574 0.042418 -0.185512 0.399379 -0.904065 0.152193
0.081929 0.039301 -0.304513 0.406606 -0.903410 -0.136100
0.145973 0.088211 -0.312202 0.693552 -0.651669 -0.307104
0.000000 0.161650 0.008296 0.000000 -0.346316 0.938118
0.000000 0.105557 -0.043828 0.000000 -0.687678 0.726016
0.000000 0.056631 -0.101325 0.000000 -0.846876 0.531790
0.000000 0.032216 -0.178674 0.000000 -0.972899 0.231231
0.000000 0.025527 -0.318133 -0.000000 -0.999483 -0.032138
0.192497 0.334133 -0.098359 0.918326 0.219510 0.329383
0.224300 0.290932 -0.171216 0.987837 0.007775 0.155298
0.221049 0.249076 -0.244079 0.992723 -0.081093 -0.089027
0.200923 0.205678 -0.313688 0.938308 -0.182239 -0.293882
0.149037 0.146920 -0.384627 0.783195 -0.387269 -0.486444
0.175242 0.427085 -0.174660 0.707954 0.694940 0.125930
0.202883 0.396904 -0.256465 0.869524 0.485273 -0.091857
0.197778 0.352801 -0.333068 0.812369 0.334164 -0.477903
0.176996 0.270162 -0.395222 0.763559 -0.003866 -0.645727
0.118343 0.170526 -0.435049 0.639335 -0.250808 -0.726874
0.086596 0.488247 -0.236134 0.378343 0.923909 -0.056989
0.089221 0.460672 -0.322299 0.424967 0.804930 -0.414115
0.088254 0.398562 -0.395676 0.414690 0.603721 -0.680847
0.083090 0.306475 -0.451061 0.413165 0.322798 -0.851526
0.055339 0.186354 -0.484317 0.420775 -0.068749 -0.904556
0.000000 0.498850 -0.264213 -0.000000 0.980580 -0.196119
0.000000 0.471309 -0.351226 0.000000 0.838403 -0.545050
0.000000 0.405956 -0.425709 -0.000000 0.579741 -0.814801
0.000000 0.312407 -0.474381 0.000000 0.333729 -0.942669
0.000000 0.186348 -0.500000 0.000000 0.062854 -0.998023
0.000000 0.116982 -0.484302 -0.000000 -0.253505 -0.967334
0.029952 0.116473 -0.477397 0.406972 -0.303623 -0.861503
0.063600 0.111994 -0.453339 0.588412 -0.404052 -0.700366
0.079881 0.097278 -0.428027 0.641138 -0.546361 -0.538917
0.078057 0.066427 -0.389103 0.547891 -0.753842 -0.362680
0.044000 0.045699 -0.380475 0.330503 -0.913064 -0.238918
0.000000 0.036805 -0.385060 -0.000000 -0.984033 -0.177986
0.000000 0.049965 -0.458613 -0.000000 -0.752900 -0.658135
0.280405 0.003006 0.014137 -0.760789 -0.600569 0.246002
0.290782 0.002508 0.024737 -0.544712 -0.572637 0.612679
0.284336 0.016743 0.014200 -0.929372 0.266834 0.255081
0.290024 0.016694 0.020650 -0.588102 0.445844 0.674802
0.333941 0.013689 0.052169 0.416694 0.373421 0.828808
0.326531 0.012015 0.052780 -0.124193 0.110684 0.986066
0.332330 0.001042 0.051357 0.124927 -0.837136 0.532538
0.325064 0.001127 0.052065 -0.278672 -0.761454 0.585260
0.341564 0.014347 0.044300 0.805861 0.546023 0.229013
0.340132 0.001149 0.043779 0.732992 -0.621987 0.275418
0.340496 0.011639 0.034384 0.949535 0.018145 -0.313136
0.338498 0.000848 0.034334 0.550695 -0.657775 -0.513875
0.286528 0.016405 0.004556 -0.786456 0.184319 -0.589502
0.296088 0.015014 0.001406 0.137166 0.067231 -0.988264
0.282284 0.003058 0.002863 -0.556945 -0.637060 -0.532885
0.291974 0.002662 0.000228 0.149613 -0.470398 -0.869679
0.308520 0.008892 0.045823 -0.598465 -0.306450 0.740222
0.314278 0.007003 0.038298 -0.075838 -0.997015 0.014452
0.295232 0.001261 0.019747 0.004814 -0.995798 0.091456
0.311857 0.025740 0.043845 -0.316236 0.774415 0.547974
0.297911 0.016804 0.016531 0.360209 0.876596 0.319108
0.317612 0.027856 0.037069 0.053628 0.973446 0.222548
0.300986 0.013591 0.005358 0.624874 0.377245 -0.683534
0.325732 0.028694 0.026562 0.099209 0.980466 -0.169836
0.329420 0.024994 0.020742 0.682830 0.287032 -0.671831
0.302427 0.002191 0.008126 0.436961 -0.623844 -0.647985
0.299182 0.001294 0.013482 0.117181 -0.992831 -0.023550
0.321516 0.006877 0.028831 -0.055995 -0.997353 -0.046387
0.327812 0.008308 0.020705 0.387365 -0.780837 -0.490145
-0.067177 0.259613 0.021715 -0.402849 -0.898372 0.175045
-0.137924 0.304960 -0.001216 -0.614270 -0.624437 -0.482441
-0.150384 0.345073 -0.023739 -0.988314 -0.101409 -0.113804
-0.140967 0.440106 -0.084442 -0.882591 0.363984 -0.297571
-0.056175 0.484202 -0.131192 -0.417221 0.794888 -0.440545
-0.079449 0.180984 -0.001099 -0.329189 -0.452902 0.828562
-0.171623 0.240890 -0.035617 -0.714502 -0.184436 0.674886
-0.189154 0.186176 -0.096344 -0.832089 -0.347439 0.432336
-0.085495 0.115512 -0.053145 -0.394172 -0.641369 0.658235
-0.192140 0.143042 -0.160568 -0.850859 -0.480970 0.211441
-0.086782 0.069014 -0.112318 -0.417067 -0.803255 0.425249
-0.188827 0.117865 -0.238774 -0.830491 -0.550960 -0.082018
-0.085574 0.042418 -0.185512 -0.399379 -0.904065 0.152193
-0.081929 0.039301 -0.304513 -0.406606 -0.903410 -0.136100
-0.145973 0.088211 -0.312202 -0.693552 -0.651669 -0.307104
-0.192497 0.334133 -0.098359 -0.918326 0.219511 0.329383
-0.224300 0.290932 -0.171216 -0.987837 0.007775 0.155298
-0.221049 0.249076 -0.244079 -0.992723 -0.081093 -0.089027
-0.200923 0.205678 -0.313688 -0.938308 -0.182239 -0.293882
-0.149037 0.146920 -0.384627 -0.783195 -0.387269 -0.486444
-0.175242 0.427085 -0.174660 -0.707954 0.694941 0.125930
-0.202883 0.396904 -0.256465 -0.869524 0.485273 -0.091857
-0.197778 0.352801 -0.333068 -0.812369 0.334164 -0.477903
-0.176996 0.270162 -0.395222 -0.763559 -0.003866 -0.645727
-0.118343 0.170526 -0.435049 -0.639335 -0.250808 -0.726874
-0.086596 0.488247 -0.236134 -0.378343 0.923909 -0.056989
-0.089221 0.460672 -0.322299 -0.424967 0.804930 -0.414115
-0.088254 0.398562 -0.395676 -0.414690 0.603721 -0.680847
-0.083090 0.306475 -0.451061 -0.413165 0.322798 -0.851526
-0.055339 0.186354 -0.484317 -0.420775 -0.068749 -0.904556
-0.029952 0.116473 -0.477397 -0.406972 -0.303623 -0.861503
-0.063600 0.111994 -0.453339 -0.588412 -0.404052 -0.700366
-0.079881 0.097278 -0.428027 -0.641138 -0.546361 -0.538917
-0.078057 0.066427 -0.389103 -0.547891 -0.753842 -0.362680
-0.044000 0.045699 -0.380475 -0.330503 -0.913064 -0.238918
0.054567 0.515063 0.392878 -0.156330 0.579820 -0.799606
0.059619 0.510481 0.396255 0.966454 -0.120547 -0.226793
0.054113 0.508834 0.401728 -0.030211 -0.535811 0.843798
0.049237 0.513630 0.397949 -0.979185 0.194592 0.057711
0.063980 0.531380 0.412504 0.975373 -0.036158 -0.217578
0.058813 0.535455 0.408504 0.054814 0.600509 -0.797737
0.057596 0.527350 0.416459 -0.077693 -0.610500 0.788196
0.052683 0.531772 0.412119 -0.950412 0.282735 -0.129528
0.063450 0.557725 0.425570 0.328148 0.676797 -0.658987
0.073065 0.564186 0.444177 0.188631 0.942074 -0.277335
0.068050 0.550888 0.427672 0.925406 -0.369011 -0.086338
0.076073 0.556800 0.442814 0.791126 -0.099648 -0.603482
0.068824 0.553546 0.446928 -0.339780 -0.935965 0.092301
0.061518 0.548203 0.433049 -0.176672 -0.750214 0.637154
0.066567 0.561645 0.447763 -0.918804 0.268233 0.289569
0.057170 0.555398 0.430573 -0.936834 0.311067 0.159936
0.086848 0.563292 0.464376 0.463670 0.885301 -0.035397
0.088849 0.550420 0.452593 0.638999 -0.334541 -0.692649
0.074460 0.546031 0.459383 -0.627637 -0.748587 -0.213751
0.072493 0.559309 0.470909 -0.796995 0.458014 0.393727
0.097038 0.536598 0.470527 0.536029 -0.642536 -0.547559
0.096646 0.552885 0.483079 0.855205 0.510710 0.088311
0.083576 0.533568 0.477215 -0.554441 -0.830572 -0.052390
0.083400 0.549916 0.490012 -0.467081 0.403609 0.786724
0.100984 0.530261 0.489278 0.656771 -0.751323 -0.064541
0.101238 0.534217 0.498214 0.663291 0.201301 0.720779
0.094915 0.528471 0.490850 -0.388702 -0.888225 0.244881
0.095664 0.532862 0.500000 -0.018151 -0.653361 0.756829
-0.176497 0.263972 0.054253 -0.712016 0.644531 -0.278591
-0.230812 0.263490 0.024776 -0.400333 0.652793 0.643114
-0.181625 0.241657 0.061410 -0.893234 -0.119232 0.433493
-0.233452 0.241467 0.027805 -0.551341 -0.276317 0.787193
-0.155521 0.270755 0.037897 -0.034982 0.780805 -0.623795
-0.217011 0.272393 0.008096 0.063992 0.987257 -0.145699
-0.134647 0.257440 0.033682 0.234816 -0.011541 -0.971971
-0.206731 0.259831 -0.004124 0.420997 0.340301 -0.840807
-0.210565 0.236685 -0.001908 0.333989 -0.570386 -0.750407
-0.146222 0.228938 0.040032 0.322545 -0.803002 -0.501151
-0.223586 0.224499 0.013284 -0.147430 -0.988864 0.020333
-0.168001 0.220567 0.055690 -0.349788 -0.883435 0.311755
-0.302990 0.250780 -0.051002 0.962825 0.225769 -0.148313
-0.310937 0.241436 -0.063462 0.422067 0.267003 -0.866354
-0.303524 0.251908 -0.051133 0.754346 -0.280033 -0.593754
-0.310953 0.265361 -0.052338 0.219855 0.556858 -0.800982
-0.311167 0.244840 -0.038133 0.524621 0.144883 0.838917
-0.311996 0.243404 -0.037799 0.241530 -0.858061 0.453205
-0.333208 0.246339 -0.035311 -0.480377 0.248125 0.841232
-0.328965 0.251171 -0.035228 -0.287272 -0.027327 0.957459
-0.334312 0.262150 -0.042633 -0.645573 0.639001 0.418226
-0.303766 0.263656 -0.022300 -0.480068 0.432813 0.763025
-0.303937 0.248680 -0.020852 -0.458720 -0.672414 0.580892
-0.294725 0.271379 -0.035174 -0.042556 0.999011 -0.012922
-0.323346 0.267190 -0.049639 -0.369303 0.753671 -0.543686
-0.287299 0.261401 -0.046123 0.419606 0.377103 -0.825666
-0.288474 0.250183 -0.043248 0.354259 -0.563452 -0.746339
-0.297165 0.243981 -0.031652 -0.008523 -0.967226 -0.253775
-0.281674 0.242427 -0.006692 -0.551875 -0.424892 0.717566
-0.279284 0.263246 -0.007049 -0.432232 0.591357 0.680788
-0.269863 0.270163 -0.020649 0.067685 0.991631 -0.109939
-0.261387 0.260568 -0.030064 0.453389 0.335261 -0.825856
-0.264978 0.245148 -0.028448 0.299396 -0.559013 -0.773218
-0.274610 0.235334 -0.016913 -0.163617 -0.969393 -0.183046
-0.353926 0.180501 -0.059623 -0.925393 0.014719 -0.378723
-0.350554 0.197278 -0.019432 -0.627732 0.324269 0.707673
-0.341131 0.238876 -0.051194 -0.897879 0.351383 -0.265225
-0.333832 0.180544 -0.076135 -0.289278 -0.068443 -0.954795
-0.326225 0.239083 -0.065154 -0.340595 0.354171 -0.870952
-0.311288 0.190647 -0.073496 0.611878 -0.056024 -0.788965
-0.298353 0.195315 -0.051839 0.996472 0.074793 -0.038070
-0.315927 0.207900 -0.013997 0.540035 0.404484 0.738075
-0.298007 0.018551 0.016236 -0.766702 0.037849 0.640887
-0.307032 0.056245 0.004910 -0.720610 -0.091932 0.687219
-0.300356 0.017815 0.007722 -0.998567 -0.051126 0.015800
-0.309668 0.054888 -0.004017 -0.877077 -0.439695 -0.193400
-0.296706 0.018352 0.002226 -0.493339 -0.060053 -0.867762
-0.302037 0.054447 -0.011255 -0.187885 -0.509391 -0.839774
-0.292234 0.056751 -0.009251 0.677383 -0.235330 -0.696974
-0.287430 0.020193 0.004025 0.624539 -0.048145 -0.779508
-0.287427 0.056079 0.000117 0.990910 0.025108 0.132162
-0.285146 0.020439 0.013041 0.913337 0.273887 0.301333
-0.291004 0.019578 0.019464 -0.063597 0.287812 0.955573
-0.295565 0.056543 0.008839 0.240139 0.091516 0.966415
-0.338690 0.117792 0.004378 -0.784916 -0.200928 0.586119
-0.341578 0.112493 -0.036950 -0.782468 -0.457928 -0.421954
-0.324942 0.111259 -0.052587 0.080169 -0.450519 -0.889160
-0.299250 0.120210 -0.037620 0.778687 -0.180940 -0.600756
-0.285591 0.117324 -0.008468 0.997209 0.074507 -0.004778
-0.300357 0.117809 0.016625 0.331042 0.143444 0.932649
-0.128603 0.235363 0.043286 0.082762 -0.647603 -0.757470
-0.156678 0.222567 0.063286 -0.139121 -0.963895 -0.227049
-0.129592 0.258398 0.033407 -0.172518 -0.382173 -0.907844
-0.154936 0.272273 0.038291 -0.363134 -0.163569 -0.917267
-0.179278 0.263836 0.055806 -0.596789 -0.399323 -0.695977
-0.180318 0.239616 0.066779 -0.797467 -0.577184 -0.175800
-0.166728 0.200800 0.168527 0.400002 -0.687213 0.606413
-0.182245 0.221973 0.173283 -0.118618 0.151546 0.981307
-0.180168 0.187808 0.189553 0.790067 -0.126303 0.599868
-0.188433 0.211051 0.192172 0.419760 0.629310 0.654042
-0.217507 0.229084 0.173141 -0.470882 0.869012 0.151950
-0.209985 0.232832 0.160794 -0.802863 0.564109 0.192854
-0.207789 0.224676 0.133120 -0.918211 -0.165408 -0.359902
-0.222378 0.208000 0.157175 -0.882460 0.052133 -0.467489
-0.184385 0.191930 0.128361 -0.329296 -0.766398 -0.551542
-0.210168 0.183495 0.156665 -0.501683 -0.691928 -0.519182
-0.190517 0.172733 0.172270 0.296870 -0.954907 0.004521
-0.168645 0.179580 0.152893 0.490507 -0.870572 0.038817
-0.248150 0.171338 0.218043 -0.046384 -0.037661 -0.998213
-0.258034 0.171058 0.223508 -0.798113 -0.046280 -0.600728
-0.251623 0.176739 0.218241 -0.359627 -0.283445 -0.889003
-0.256625 0.180405 0.224859 -0.895873 0.162587 -0.413493
-0.240600 0.171583 0.224867 0.472309 -0.823235 -0.314975
-0.238890 0.172306 0.227943 0.847542 0.529293 -0.039018
-0.243281 0.173904 0.239379 0.752591 0.255020 0.607101
-0.243386 0.169800 0.241960 0.636027 0.276786 0.720319
-0.250981 0.179206 0.243138 0.111016 0.502798 0.857245
-0.233999 0.189975 0.228302 0.362679 0.518188 0.774561
-0.229612 0.178770 0.225674 0.576568 -0.606577 0.547388
-0.243899 0.195527 0.220829 -0.392056 0.844694 0.364395
-0.257034 0.183713 0.235470 -0.838293 0.482348 0.254175
-0.248356 0.188160 0.211181 -0.899675 0.284198 -0.331385
-0.243681 0.179827 0.210298 -0.657081 -0.507917 -0.557014
-0.235517 0.175160 0.217380 -0.027805 -0.980022 -0.196936
-0.201981 0.175918 0.204268 0.508914 -0.645300 0.569732
-0.207857 0.202081 0.208275 0.479245 0.325235 0.815197
-0.228932 0.215421 0.194841 -0.401579 0.846256 0.350122
-0.234057 0.199400 0.180841 -0.912637 0.044304 -0.406362
-0.225858 0.179550 0.181863 -0.584937 -0.701835 -0.406541
-0.210458 0.172135 0.193657 -0.057258 -0.998331 -0.007505
-0.247799 0.140551 0.241952 -0.464433 -0.305779 0.831144
-0.234300 0.146991 0.242096 0.463069 0.097004 0.880998
-0.253808 0.167268 0.244084 -0.404256 0.020141 0.914424
-0.253615 0.139839 0.228302 -0.917943 -0.389388 -0.075876
-0.259505 0.166450 0.233584 -0.983891 -0.051005 0.171339
-0.246080 0.148240 0.216352 -0.509062 -0.131299 -0.850656
-0.234103 0.150763 0.215077 0.381866 0.293128 -0.876501
-0.226960 0.151295 0.230778 0.895644 0.439141 0.070554
-0.158156 0.015943 0.211846 0.561678 0.237347 0.792581
-0.203566 0.085212 0.228044 0.414198 0.051090 0.908752
-0.165814 0.015171 0.212819 -0.468544 -0.121968 0.874980
-0.211796 0.081554 0.227169 -0.414932 -0.452206 0.789520
-0.215869 0.080959 0.218266 -0.827165 -0.558761 -0.059872
-0.168886 0.014745 0.206882 -0.913971 -0.374147 0.157067
-0.211926 0.085197 0.210594 -0.462569 -0.165239 -0.871049
-0.166826 0.014948 0.199853 -0.747853 -0.122772 -0.652413
-0.201957 0.087965 0.209647 0.374210 0.324904 -0.868565
-0.160680 0.015737 0.198854 0.256968 0.264047 -0.929649
-0.197228 0.088445 0.219572 0.880461 0.467837 0.076919
-0.155898 0.016240 0.204655 0.903898 0.407066 -0.131400
-0.223102 0.098405 0.230954 -0.562365 -0.508175 0.652307
-0.214042 0.103615 0.231632 0.286970 -0.067912 0.955529
-0.227305 0.097908 0.221090 -0.816917 -0.463638 -0.343055
-0.222601 0.104166 0.212780 -0.330453 -0.089736 -0.939547
-0.212176 0.107063 0.211688 0.597559 0.377363 -0.707475
-0.207055 0.107479 0.222982 0.867128 0.356824 0.347513
-0.165874 0.001433 0.215693 0.165321 -0.557633 0.813458
-0.155064 0.002115 0.213375 0.470148 -0.416887 0.777924
-0.165353 0.011977 0.213822 0.115926 0.314063 0.942298
-0.157353 0.012560 0.211989 0.759183 0.243417 0.603648
-0.203385 0.010015 0.214896 -0.734312 0.448328 0.509694
-0.201683 0.001079 0.214976 -0.570511 -0.736513 0.363408
-0.198752 0.008791 0.218520 -0.460867 0.078852 0.883959
-0.197291 0.001180 0.218551 -0.140130 -0.552961 0.821339
-0.203495 0.001140 0.206760 -0.626241 -0.730467 -0.272472
-0.205015 0.010459 0.206458 -0.884836 0.424512 -0.191975
-0.199940 0.008264 0.200420 -0.559389 -0.041298 -0.827876
-0.198395 0.001057 0.201457 -0.190929 -0.808431 -0.556763
-0.154779 0.012585 0.204251 0.909507 0.288270 -0.299494
-0.151503 0.002275 0.205056 0.773744 -0.617130 -0.143076
-0.159985 0.011480 0.198070 0.382247 0.099481 -0.918689
-0.156725 0.001731 0.198973 0.371438 -0.461360 -0.805718
-0.184760 0.005761 0.221459 0.079748 -0.547946 0.832703
-0.166802 0.000141 0.210171 -0.038640 -0.991895 0.121046
-0.185326 0.003892 0.213756 0.057675 -0.996092 0.066897
-0.186234 0.019050 0.218684 -0.034208 0.650095 0.759083
-0.168891 0.013566 0.206917 -0.510119 0.852012 0.117704
-0.187143 0.020986 0.211957 -0.171183 0.970453 0.170051
-0.165977 0.011223 0.198314 -0.093267 0.365244 -0.926228
-0.187920 0.021515 0.202110 0.000689 0.977878 -0.209176
-0.187779 0.018309 0.196595 -0.191929 0.356848 -0.914233
-0.166523 0.001028 0.199709 0.018260 -0.612704 -0.790102
-0.166724 0.000000 0.204920 -0.052886 -0.993779 -0.098010
-0.185938 0.003730 0.205358 0.022853 -0.999524 -0.020745
-0.186579 0.005125 0.197168 -0.108396 -0.675362 -0.729477
-0.179114 0.205307 0.110979 -0.432626 -0.769252 -0.470197
-0.158759 0.187112 0.142763 -0.075655 -0.992817 -0.092682
-0.207892 0.228122 0.127493 -0.852397 -0.473487 -0.221876
-0.210087 0.235917 0.160054 -0.824410 -0.521941 0.218919
-0.181480 0.222896 0.176366 -0.674688 -0.735432 0.062742
-0.163750 0.198960 0.172853 -0.641290 -0.754999 0.136830
-0.146649 0.185427 0.248001 0.917452 -0.318239 0.238759
-0.140756 0.203454 0.223571 0.571208 -0.630717 0.525278
-0.152831 0.214912 0.253318 0.609891 0.618308 0.495710
-0.153924 0.225964 0.232984 0.035321 0.520635 0.853049
-0.176442 0.236003 0.215977 -0.725741 0.490525 0.482374
-0.177508 0.225355 0.243527 -0.321229 0.868642 0.377192
-0.183886 0.227132 0.190050 -0.960487 -0.278323 -0.000901
-0.192474 0.212963 0.231076 -0.981230 0.183587 -0.059028
-0.182959 0.187624 0.227960 -0.691770 -0.653035 -0.308222
-0.171702 0.194966 0.192537 -0.520763 -0.730133 -0.442393
-0.162872 0.176363 0.235608 0.212219 -0.962470 -0.169158
-0.148668 0.182076 0.210134 0.324703 -0.929098 -0.177043
-0.200692 0.182422 0.303307 -0.922945 0.292621 0.250092
-0.199606 0.174508 0.294031 -0.766552 -0.374064 -0.521990
-0.202324 0.169348 0.303529 -0.997084 -0.073347 -0.021086
-0.198183 0.170313 0.293453 -0.457365 -0.063525 -0.887007
-0.184752 0.171575 0.295112 0.718678 -0.086673 -0.689921
-0.187085 0.171458 0.294698 0.222387 -0.865982 -0.447906
-0.182002 0.173614 0.304330 0.939501 -0.265573 0.216351
-0.180961 0.168872 0.307917 0.920855 0.304524 0.243499
-0.187782 0.177702 0.314157 0.544839 0.459431 0.701480
-0.179739 0.189970 0.295070 0.722944 0.309380 0.617767
-0.177138 0.178442 0.290543 0.728447 -0.650666 0.214472
-0.191820 0.195455 0.292619 -0.194631 0.837417 0.510737
-0.196018 0.181811 0.312200 -0.422400 0.395356 0.815642
-0.200255 0.188552 0.286057 -0.959550 0.281236 -0.013036
-0.196845 0.179919 0.282789 -0.744087 -0.570412 -0.347801
-0.186141 0.175114 0.285373 -0.067828 -0.986499 -0.149063
-0.164364 0.202456 0.275348 0.581443 0.477941 0.658405
-0.160820 0.176004 0.269798 0.633578 -0.671216 0.384771
-0.184104 0.210178 0.268931 -0.322107 0.848862 0.419142
-0.195580 0.200961 0.258777 -0.975103 0.215751 -0.051249
-0.187301 0.180426 0.256843 -0.703108 -0.665760 -0.249806
-0.172541 0.172412 0.262603 -0.153960 -0.981978 -0.109613
-0.184926 0.140686 0.313113 0.033210 -0.270267 0.962213
-0.172963 0.147101 0.306805 0.841519 0.135597 0.522934
-0.186537 0.165765 0.315412 0.231056 0.061940 0.970967
-0.196532 0.139928 0.304016 -0.823376 -0.383283 0.418504
-0.197109 0.164438 0.312048 -0.670195 -0.064768 0.739354
-0.196139 0.148175 0.289838 -0.872748 -0.137338 -0.468455
-0.186062 0.150760 0.282912 -0.124410 0.287953 -0.949529
-0.172056 0.151401 0.293174 0.808220 0.448146 -0.382028
-0.168679 0.098386 0.291591 -0.178967 -0.507760 0.842704
-0.160372 0.103616 0.287816 0.715736 -0.068756 0.694978
-0.177142 0.097887 0.284939 -0.882077 -0.462735 0.088416
-0.176809 0.104202 0.275501 -0.741161 -0.090301 -0.665226
-0.168370 0.107053 0.269439 0.177569 0.376889 -0.909079
-0.158564 0.107425 0.276880 0.927207 0.357258 -0.112484
-0.153061 0.085204 0.279524 0.801681 0.046861 0.595912
-0.160589 0.081543 0.282816 0.030282 -0.450055 0.892487
-0.168464 0.080946 0.276959 -0.758780 -0.555980 0.339323
-0.168607 0.085213 0.268371 -0.825905 -0.161297 -0.540244
-0.160398 0.087968 0.262692 -0.099643 0.322038 -0.941469
-0.151344 0.088518 0.269075 0.812101 0.466794 -0.350135
-0.160631 0.198553 0.178768 -0.456833 -0.883226 -0.105905
-0.142221 0.189339 0.197335 -0.002208 -0.984312 0.176423
-0.193446 0.230293 0.184717 -0.584822 -0.779168 0.225567
-0.175817 0.239141 0.215614 -0.671592 -0.531348 0.516366
-0.149102 0.227573 0.237484 -0.358753 -0.309182 0.880740
-0.134631 0.202396 0.228117 -0.219297 -0.692287 0.687494
-0.280405 0.003006 0.014137 0.989929 -0.082410 0.115103
-0.284336 0.016743 0.014200 0.906759 0.247752 0.341185
-0.290782 0.002508 0.024737 0.490949 -0.699722 0.518997
-0.290024 0.016694 0.020650 0.588102 0.445844 0.674802
-0.333941 0.013689 0.052169 -0.416700 0.373421 0.828805
-0.332329 0.001042 0.051357 -0.124915 -0.837139 0.532536
-0.326531 0.012015 0.052780 0.124190 0.110682 0.986066
-0.325064 0.001127 0.052065 0.278670 -0.761455 0.585260
-0.341563 0.014347 0.044300 -0.805849 0.546035 0.229026
-0.340132 0.001149 0.043779 -0.732999 -0.621970 0.275435
-0.340496 0.011639 0.034384 -0.949546 0.018181 -0.313099
-0.338498 0.000848 0.034334 -0.550695 -0.657775 -0.513875
-0.282284 0.003058 0.002863 0.317225 -0.911487 -0.261839
-0.291974 0.002662 0.000228 -0.007193 -0.264742 -0.964292
-0.286528 0.016405 0.004556 0.766579 0.205918 -0.608239
-0.296088 0.015014 0.001406 -0.206966 0.041348 -0.977474
-0.308520 0.008892 0.045823 0.598465 -0.306450 0.740222
-0.314278 0.007003 0.038298 0.075840 -0.997015 0.014452
-0.295232 0.001261 0.019747 -0.016876 -0.994379 0.104531
-0.311857 0.025740 0.043845 0.316236 0.774415 0.547974
-0.297911 0.016804 0.016531 -0.360209 0.876596 0.319108
-0.317612 0.027856 0.037069 -0.053635 0.973446 0.222545
-0.300986 0.013591 0.005358 -0.624878 0.377230 -0.683538
-0.325732 0.028694 0.026562 -0.099215 0.980466 -0.169831
-0.329420 0.024994 0.020742 -0.682836 0.287037 -0.671822
-0.302426 0.002191 0.008126 -0.436958 -0.623853 -0.647977
-0.299182 0.001294 0.013482 -0.117183 -0.992831 -0.023558
-0.321516 0.006877 0.028831 0.055995 -0.997353 -0.046389
-0.327812 0.008308 0.020705 -0.387362 -0.780832 -0.490155
-0.342045 0.174266 -0.100361 -0.949144 0.243671 0.199372
-0.334996 0.176597 -0.069652 -0.949144 0.243671 0.199372
-0.334465 0.180544 -0.071948 -0.949144 0.243671 0.199372
-0.358732 0.139537 -0.074729 -0.558199 -0.434914 0.706586
-0.334728 0.141883 -0.054322 -0.558199 -0.434914 0.706586
-0.337519 0.145535 -0.054279 -0.558199 -0.434914 0.706586
-0.366196 0.115204 -0.025719 0.072920 -0.432695 0.898587
-0.341611 0.117989 -0.026373 0.072920 -0.432695 0.898587
-0.343326 0.120786 -0.024887 0.072920 -0.432695 0.898587
-0.349890 0.174738 -0.038929 -0.157820 0.742194 -0.651338
-0.348933 0.172565 -0.041637 -0.157820 0.742194 -0.651338
-0.373151 0.171855 -0.036578 -0.157820 0.742194 -0.651338
-0.367092 0.203252 -0.078903 -0.646356 -0.277188 0.710908
-0.342985 0.195727 -0.059919 -0.646356 -0.277188 0.710908
-0.344364 0.200089 -0.059472 -0.646356 -0.277188 0.710908
-0.316574 0.089805 -0.068506 -0.996725 0.079726 0.013524
-0.315445 0.098785 -0.038237 -0.996725 0.079726 0.013524
-0.315204 0.102299 -0.041190 -0.996725 0.079726 0.013524
-0.121803 0.016227 0.243400 0.856998 0.286959 0.428030
-0.127824 0.015698 0.247846 0.037074 -0.110329 0.993203
-0.133590 0.015232 0.244471 -0.706133 -0.412640 0.575416
-0.134777 0.015149 0.237313 -0.974914 -0.081211 -0.207238
-0.130030 0.015760 0.233436 -0.203764 0.315838 -0.926675
-0.123022 0.016229 0.236150 0.707162 0.461828 -0.535385
-0.117539 0.002140 0.243387 0.753402 -0.589182 0.291975
-0.120332 0.012496 0.243232 0.909618 0.308730 0.277993
-0.125839 0.001409 0.250659 0.511803 -0.546326 0.663012
-0.126922 0.012228 0.248830 0.524544 0.395121 0.754144
-0.157576 0.001124 0.267203 -0.439026 -0.703483 0.558899
-0.152051 0.001286 0.268162 0.099425 -0.614741 0.782437
-0.159161 0.010048 0.268049 -0.363796 0.347680 0.864159
-0.153315 0.008763 0.268858 0.109898 0.140873 0.983909
-0.163061 0.001219 0.260896 -0.536107 -0.843177 0.040507
-0.164461 0.010389 0.261335 -0.864315 0.428565 0.263233
-0.163129 0.008275 0.253613 -0.892118 -0.044661 -0.449590
-0.161247 0.001007 0.253780 -0.428979 -0.811596 -0.396596
-0.121623 0.012594 0.235256 0.642372 0.348813 -0.682413
-0.118352 0.002259 0.234378 0.607454 -0.620871 -0.495498
-0.129312 0.011454 0.232201 -0.058843 0.088021 -0.994379
-0.125881 0.001827 0.231721 -0.062253 -0.473925 -0.878362
-0.139598 0.005721 0.264836 0.531743 -0.293988 0.794242
-0.143836 0.003671 0.258286 0.068885 -0.996500 0.047355
-0.129322 0.000207 0.246240 0.026694 -0.995794 0.087642
-0.142290 0.018985 0.263002 0.310463 0.754998 0.577573
-0.133334 0.013219 0.244495 -0.375702 0.861523 0.341506
-0.146296 0.020891 0.257576 -0.064629 0.974150 0.216458
-0.135435 0.011487 0.234823 -0.489976 0.415872 -0.766143
-0.151667 0.021313 0.249363 -0.080648 0.984658 -0.154743
-0.154380 0.018435 0.244276 -0.629685 0.349213 -0.693936
-0.134115 0.001033 0.236941 -0.344576 -0.642830 -0.684133
-0.131782 0.000051 0.241599 -0.096172 -0.993780 -0.056142
-0.148423 0.003821 0.251233 -0.012763 -0.999580 -0.026020
-0.152832 0.005266 0.244502 -0.440754 -0.679277 -0.586788
-0.110052 0.277622 0.299299 -0.778849 -0.621838 -0.081929
-0.033753 0.328215 0.428283 -0.095156 -0.296516 0.950275
-0.143165 0.343452 0.284120 -0.944006 -0.322697 -0.068693
-0.091352 0.301087 0.391820 -0.659560 -0.456784 0.596933
-0.082251 0.292130 0.389120 -0.825821 -0.067042 0.559934
-0.058347 0.304395 0.411971 -0.270333 -0.488837 0.829432
-0.058422 0.297917 0.408610 -0.418114 0.504388 0.755496
-0.104754 0.292536 0.351800 -0.836851 -0.482501 0.258598
-0.049718 0.297738 0.419875 -0.535760 -0.010868 0.844300
-0.073899 0.292200 0.364899 0.849835 0.371731 0.373627
-0.048849 0.317150 0.369398 -0.493662 -0.129542 0.859951
0.000000 0.131850 0.224849 0.000000 -0.193565 0.981088
0.046300 0.136857 0.238728 -0.201145 -0.201482 0.958617
0.000000 0.588451 0.199463 0.000000 0.332169 0.943220
0.099903 0.560182 0.204344 0.057966 0.312773 0.948057
0.157190 0.204940 0.255503 0.033536 -0.157863 0.986891
0.213925 0.317767 0.256708 0.166612 0.056754 0.984388
0.212351 0.456128 0.229406 0.150762 0.262998 0.952944
0.101673 0.505236 0.353104 0.496530 -0.706223 0.504685
0.059845 0.528618 0.433657 0.674141 -0.738456 0.014678
-0.000000 0.491340 0.447889 0.298667 0.703764 -0.644603
-0.000000 0.497420 0.486138 1.000000 0.000000 0.000000
0.000000 0.220685 0.471567 0.000000 0.141203 0.989981
0.055598 0.225534 0.446104 0.561866 0.114525 0.819262
0.083633 0.250391 0.399670 0.776075 0.290659 0.559664
0.222744 0.280863 0.219703 0.555442 0.005888 0.831534
0.236942 0.340253 0.201041 0.648072 0.175460 0.741092
0.218872 0.476427 0.169587 0.523811 0.513514 0.679650
0.107735 0.580208 0.140260 0.278880 0.699389 0.658089
0.000000 0.595784 0.144482 -0.000000 0.759614 0.650374
0.233732 0.492520 0.054595 0.738160 0.577438 0.348834
0.131242 0.605064 0.026146 0.402577 0.841418 0.360483
0.000000 0.630283 0.006459 -0.000000 0.952724 0.303837
0.141107 0.581577 -0.060148 0.424591 0.905280 -0.013825
0.000000 0.608698 -0.074761 0.043384 0.998931 -0.015970
0.257460 0.483166 -0.006335 0.668196 0.681941 0.297440
0.133070 0.526014 -0.168066 0.434615 0.862653 -0.258726
0.240873 0.451414 -0.098802 0.729978 0.683443 0.006112
0.000000 0.554136 -0.174323 -0.000000 0.946653 -0.322255
-0.046300 0.136857 0.238728 0.201145 -0.201482 0.958617
-0.099903 0.560182 0.204344 -0.057966 0.312774 0.948057
-0.157190 0.204940 0.255503 -0.033536 -0.157863 0.986891
-0.213925 0.317767 0.256708 -0.166612 0.056754 0.984388
-0.212351 0.456128 0.229406 -0.150762 0.262998 0.952944
-0.101673 0.505236 0.353104 -0.496530 -0.706223 0.504685
-0.059845 0.528618 0.433657 0.389189 0.886745 -0.249430
-0.055598 0.225534 0.446104 -0.561866 0.114525 0.819262
-0.083633 0.250391 0.399670 -0.776075 0.290659 0.559665
-0.222744 0.280863 0.219703 -0.555442 0.005888 0.831534
-0.236942 0.340253 0.201041 -0.648072 0.175460 0.741092
-0.218872 0.476427 0.169587 -0.523811 0.513514 0.679650
-0.107735 0.580208 0.140260 -0.278880 0.699389 0.658089
-0.233732 0.492520 0.054595 -0.738160 0.577438 0.348834
-0.131242 0.605064 0.026146 -0.402577 0.841418 0.360483
-0.141107 0.581577 -0.060148 -0.324465 0.945861 -0.008350
-0.257460 0.483166 -0.006335 -0.668196 0.681941 0.297440
-0.133070 0.526014 -0.168066 -0.434615 0.862653 -0.258726
-0.240873 0.451414 -0.098802 -0.729978 0.683443 0.006112
-0.111855 0.503460 0.280012 -0.092789 0.920333 0.379970
-0.092697 0.526603 0.338818 0.687816 0.429017 -0.585537
-0.058921 0.531230 0.372827 0.590977 0.493131 -0.638410
-0.039892 0.532398 0.390702 0.487042 0.517881 -0.703270
0.000000 0.529674 0.409256 0.000000 0.592963 -0.805230
0.111855 0.503460 0.280012 0.879330 -0.254763 0.402335
0.092697 0.526603 0.338818 -0.217377 0.591782 -0.776235
0.058921 0.531230 0.372827 -0.590977 0.493131 -0.638410
0.039892 0.532398 0.390702 -0.487042 0.517881 -0.703270
0.050807 0.489608 0.431816 0.368504 -0.929026 -0.033391
0.019574 0.477017 0.437443 0.542186 -0.836710 0.077138
0.019574 0.472742 0.470508 -0.816583 -0.572463 -0.074014
0.000000 0.451051 0.448014 0.000000 -0.993373 0.114937
0.000000 0.448507 0.476862 -0.777993 -0.625844 -0.055191
-0.050807 0.489608 0.431816 -0.411010 -0.910314 0.048992
-0.019574 0.477017 0.437443 -0.651017 -0.758819 0.019246
-0.019574 0.472742 0.470508 -0.577227 -0.809843 -0.104705
0.081915 0.284527 0.388076 0.790683 0.256634 0.555841
-0.081915 0.284527 0.388076 -0.790683 0.256634 0.555841
-0.000000 0.296295 0.447407 0.000000 0.855774 0.517350
0.048141 0.292320 0.432236 0.509358 0.648426 0.565772
-0.048141 0.292320 0.432236 -0.509358 0.648426 0.565772
0.306217 0.466229 -0.306711 -0.000025 1.000000 0.000163
0.416186 0.466182 -0.285942 0.000512 1.000000 -0.000451
0.377803 0.466181 -0.324182 0.000533 1.000000 -0.000561
0.188853 0.466298 -0.080456 0.000058 1.000000 -0.000364
0.184648 0.466273 -0.044735 0.001515 0.999998 -0.001452
0.341138 0.466306 -0.034336 -0.000080 1.000000 -0.000067
0.274636 0.466202 0.030340 -0.029522 -0.995112 0.094235
0.203598 0.466181 -0.160241 0.000056 0.999999 -0.001150
0.390435 0.466238 -0.123071 -0.000270 1.000000 -0.000873
0.242023 0.466077 -0.248256 -0.000591 1.000000 -0.000128
0.418041 0.466209 -0.203919 -0.000405 1.000000 0.000162
0.176035 0.466111 -0.002621 -0.014629 -0.998810 0.046518
0.205675 0.471912 0.066914 -0.031284 -0.994858 0.096332
-0.306217 0.466229 -0.306711 0.000025 1.000000 0.000163
-0.377803 0.466181 -0.324182 -0.000533 1.000000 -0.000561
-0.416186 0.466182 -0.285942 -0.000512 1.000000 -0.000451
-0.188853 0.466298 -0.080456 -0.000058 1.000000 -0.000364
-0.341138 0.466306 -0.034336 0.000080 1.000000 -0.000067
-0.184648 0.466273 -0.044735 -0.001515 0.999998 -0.001452
-0.274636 0.466202 0.030340 0.029522 -0.995112 0.094235
-0.203598 0.466181 -0.160241 -0.000056 0.999999 -0.001150
-0.242023 0.466077 -0.248256 0.000591 1.000000 -0.000128
-0.390435 0.466238 -0.123071 0.000270 1.000000 -0.000873
-0.418041 0.466209 -0.203919 0.000405 1.000000 0.000162
-0.176035 0.466111 -0.002621 0.014629 -0.998810 0.046518
-0.205675 0.471912 0.066914 0.031284 -0.994858 0.096332
