0 1
0 2
0 3
0 6
0 7
0 8
0 9
0 10
0 11
0 12
1 0
1 32
1 2
1 3
1 4
1 5
1 382
1 388
1 389
1 391
1 10
1 11
1 380
1 381
1 30
1 383
2 0
2 1
2 3
3 0
3 1
3 2
3 4
3 5
3 6
3 7
3 42
3 76
3 45
3 77
3 78
4 1
4 3
4 5
5 448
5 1
5 3
5 4
5 104
5 105
5 76
5 445
5 78
5 380
5 381
5 447
6 0
6 3
6 7
6 8
6 9
6 42
6 44
6 13
6 14
6 45
7 0
7 3
7 6
8 0
8 9
8 6
9 0
9 6
9 8
9 11
9 12
9 13
9 14
9 15
9 16
9 25
9 26
9 27
10 0
10 1
10 11
11 0
11 1
11 32
11 9
11 10
11 12
11 25
11 26
11 28
11 29
11 30
11 31
12 0
12 9
12 11
13 9
13 6
13 14
14 6
14 39
14 40
14 9
14 42
14 43
14 44
14 13
14 15
14 16
14 17
14 18
15 9
15 14
15 46
15 16
15 17
15 18
15 19
15 20
15 48
15 49
15 26
15 27
16 9
16 14
16 15
17 18
17 14
17 15
18 35
18 36
18 39
18 40
18 41
18 14
18 15
18 17
18 19
18 20
18 21
18 22
19 46
19 15
19 47
19 49
19 18
19 20
19 21
19 22
19 23
19 24
20 18
20 19
20 15
21 18
21 19
21 22
22 35
22 36
22 37
22 38
22 268
22 270
22 271
22 18
22 19
22 21
22 23
22 24
23 68
23 69
23 268
23 46
23 47
23 270
23 272
23 50
23 19
23 51
23 22
23 24
24 19
24 22
24 23
25 9
25 26
25 11
26 9
26 11
26 46
26 15
26 48
26 53
26 54
26 56
26 25
26 27
26 28
26 29
27 9
27 26
27 15
28 33
28 34
28 11
28 52
28 53
28 54
28 26
28 29
28 30
28 31
29 26
29 11
29 28
30 32
30 1
30 33
30 34
30 388
30 391
30 11
30 407
30 408
30 409
30 28
30 31
31 11
31 28
31 30
32 1
32 11
32 30
33 34
33 426
33 427
33 428
33 52
33 53
33 407
33 409
33 59
33 28
33 61
33 30
34 33
34 28
34 30
35 36
35 37
35 38
35 39
35 41
35 18
35 84
35 22
35 87
35 90
35 91
35 93
36 18
36 35
36 22
37 38
37 35
37 22
38 97
38 98
38 35
38 37
38 265
38 267
38 268
38 269
38 271
38 22
38 90
38 91
39 35
39 40
39 41
39 42
39 43
39 74
39 75
39 14
39 18
39 84
39 86
39 87
40 18
40 14
40 39
41 18
41 35
41 39
42 3
42 6
42 39
42 74
42 43
42 44
42 45
42 14
42 75
42 76
42 77
42 79
43 42
43 14
43 39
44 42
44 6
44 14
45 42
45 3
45 6
46 56
46 47
46 48
46 15
46 49
46 19
46 50
46 51
46 53
46 23
46 55
46 26
47 19
47 46
47 23
48 26
48 46
48 15
49 19
49 46
49 15
50 64
50 65
50 66
50 67
50 68
50 69
50 70
50 46
50 51
50 23
50 53
50 55
50 57
50 58
51 50
51 46
51 23
52 33
52 28
52 53
53 33
53 58
53 46
53 60
53 50
53 52
53 54
53 55
53 56
53 57
53 26
53 59
53 28
53 61
54 26
54 28
54 53
55 50
55 53
55 46
56 26
56 53
56 46
57 64
57 65
57 71
57 72
57 73
57 50
57 53
57 58
57 59
57 60
57 62
57 63
58 57
58 50
58 53
59 33
59 426
59 427
59 432
59 435
59 436
59 53
59 57
59 60
59 61
59 62
59 63
60 57
60 59
60 53
61 33
61 59
61 53
62 71
62 72
62 432
62 433
62 436
62 57
62 59
62 63
63 57
63 59
63 62
64 65
64 66
64 67
64 281
64 71
64 73
64 50
64 277
64 279
64 280
64 57
64 282
65 64
65 57
65 50
66 64
66 67
66 69
66 70
66 273
66 50
66 276
66 277
66 278
66 279
67 64
67 50
67 66
68 50
68 69
68 23
69 66
69 68
69 70
69 268
69 272
69 273
69 50
69 275
69 276
69 23
70 66
70 50
70 69
71 64
71 641
71 281
71 72
71 73
71 638
71 432
71 433
71 437
71 439
71 280
71 57
71 283
71 284
71 637
71 62
72 57
72 62
72 71
73 64
73 57
73 71
74 39
74 42
74 75
74 76
74 79
74 80
74 81
74 82
74 83
74 84
74 85
74 86
75 42
75 74
75 39
76 3
76 5
76 101
76 102
76 103
76 104
76 42
76 74
76 105
76 77
76 78
76 79
76 80
76 81
77 42
77 3
77 76
78 3
78 76
78 5
79 74
79 42
79 76
80 101
80 102
80 74
80 106
80 76
80 107
80 108
80 109
80 110
80 81
80 82
80 83
81 80
81 74
81 76
82 74
82 108
82 110
82 80
82 83
82 84
82 85
82 116
82 115
82 88
82 89
82 118
83 80
83 82
83 74
84 35
84 39
84 74
84 82
84 85
84 86
84 87
84 88
84 89
84 90
84 92
84 93
85 82
85 84
85 74
86 74
86 84
86 39
87 35
87 84
87 39
88 126
88 124
88 82
88 115
88 84
88 116
88 89
88 90
88 92
88 125
88 94
88 95
89 88
89 82
89 84
90 96
90 97
90 98
90 35
90 38
90 84
90 88
90 91
90 92
90 93
90 94
90 95
91 90
91 35
91 38
92 88
92 90
92 84
93 90
93 35
93 84
94 96
94 97
94 128
94 99
94 100
94 129
94 127
94 88
94 90
94 124
94 125
94 95
95 88
95 90
95 94
96 97
96 90
96 94
97 96
97 98
97 99
97 100
97 38
97 262
97 264
97 265
97 266
97 267
97 90
97 94
98 97
98 90
98 38
99 97
99 100
99 94
100 97
100 129
100 99
100 255
100 262
100 263
100 264
100 247
100 249
100 253
100 94
100 127
101 80
101 76
101 102
102 101
102 454
102 103
102 104
102 455
102 106
102 107
102 76
102 456
102 80
102 445
102 446
103 104
103 76
103 102
104 5
104 102
104 103
104 105
104 76
104 445
104 446
104 447
105 104
105 76
105 5
106 102
106 454
106 456
106 488
106 490
106 107
106 108
106 109
106 491
106 111
106 80
106 112
107 80
107 106
107 102
108 106
108 109
108 110
108 111
108 80
108 112
108 82
108 113
108 114
108 117
108 115
108 118
109 80
109 106
109 108
110 80
110 82
110 108
111 484
111 133
111 134
111 485
111 488
111 106
111 490
111 108
111 493
111 112
111 113
111 114
112 106
112 108
112 111
113 133
113 134
113 135
113 136
113 137
113 108
113 111
113 114
113 115
113 117
113 119
113 120
114 113
114 108
114 111
115 108
115 124
115 113
115 82
115 116
115 117
115 118
115 119
115 88
115 121
115 122
115 123
115 120
115 126
116 88
116 82
116 115
117 113
117 115
117 108
118 82
118 115
118 108
119 120
119 113
119 115
120 135
120 137
120 113
120 146
120 115
120 148
120 149
120 119
120 121
120 122
121 224
121 130
121 131
121 132
121 219
121 146
121 115
121 149
121 120
121 122
121 123
121 124
121 222
121 127
122 120
122 121
122 115
123 121
123 115
123 124
124 128
124 130
124 115
124 88
124 121
124 126
124 123
124 125
124 94
124 127
125 88
125 124
125 94
126 88
126 115
126 124
127 128
127 129
127 130
127 131
127 100
127 132
127 249
127 246
127 247
127 121
127 124
127 94
128 124
128 94
128 127
129 100
129 94
129 127
130 121
130 124
130 127
131 121
131 132
131 127
132 223
132 131
132 242
132 243
132 246
132 247
132 248
132 121
132 218
132 219
132 222
132 127
133 513
133 514
133 484
133 485
133 134
133 135
133 136
133 138
133 139
133 111
133 113
133 509
134 113
134 133
134 111
135 133
135 136
135 137
135 138
135 139
135 140
135 141
135 113
135 146
135 147
135 148
135 120
136 113
136 133
136 135
137 120
137 113
137 135
138 513
138 133
138 135
138 139
138 140
138 141
138 142
138 143
138 144
138 145
138 524
138 527
138 374
138 506
138 509
138 511
139 138
139 133
139 135
140 135
140 138
140 141
140 142
140 143
140 146
140 147
140 150
140 151
140 152
140 153
140 154
141 138
141 140
141 135
142 138
142 140
142 143
143 777
143 138
143 362
143 140
143 363
143 142
143 364
143 144
143 145
143 365
143 152
143 153
143 155
143 156
144 145
144 138
144 143
145 138
145 364
145 365
145 524
145 143
145 144
145 374
145 375
146 224
146 135
146 140
146 147
146 148
146 149
146 150
146 151
146 120
146 121
146 186
146 219
146 188
146 221
147 146
147 140
147 135
148 120
148 146
148 135
149 120
149 121
149 146
150 161
150 162
150 186
150 140
150 146
150 151
150 152
150 154
150 188
150 189
151 146
151 140
151 150
152 161
152 162
152 163
152 140
152 143
152 150
152 153
152 154
152 155
152 156
152 157
152 158
153 152
153 140
153 143
154 152
154 140
154 150
155 152
155 156
155 143
156 160
156 357
156 775
156 360
156 361
156 362
156 363
156 776
156 143
156 152
156 155
156 157
156 158
156 159
157 160
157 161
157 163
157 164
157 165
157 166
157 167
157 168
157 169
157 170
157 152
157 156
157 158
157 159
158 152
158 156
158 157
159 160
159 357
159 358
159 359
159 168
159 774
159 170
159 171
159 172
159 776
159 182
159 183
159 156
159 157
160 156
160 157
160 159
161 162
161 163
161 164
161 165
161 150
161 189
161 152
161 186
161 187
161 157
162 152
162 161
162 150
163 152
163 161
163 157
164 161
164 157
164 165
165 161
165 164
165 166
165 167
165 203
165 204
165 214
165 215
165 216
165 186
165 187
165 157
166 165
166 157
166 167
167 165
167 166
167 168
167 169
167 203
167 204
167 205
167 174
167 175
167 184
167 185
167 157
168 167
168 169
168 170
168 171
168 172
168 173
168 174
168 175
168 157
168 159
169 168
169 157
169 167
170 168
170 157
170 159
171 168
171 172
171 173
171 174
171 176
171 177
171 178
171 179
171 180
171 181
171 182
171 183
171 763
171 159
172 168
172 171
172 159
173 168
173 171
173 174
174 192
174 193
174 194
174 195
174 167
174 168
174 171
174 173
174 175
174 176
174 177
174 184
174 185
174 190
175 168
175 174
175 167
176 192
176 171
176 174
176 177
176 178
176 179
176 190
176 191
177 176
177 171
177 174
178 176
178 171
178 179
179 544
179 548
179 549
179 551
179 201
179 202
179 171
179 543
179 176
179 178
179 180
179 181
179 536
179 537
179 190
179 191
180 171
180 914
180 179
180 181
180 183
180 536
180 537
180 763
181 171
181 180
181 179
182 183
182 171
182 159
183 859
183 774
183 359
183 171
183 366
183 914
183 180
183 182
183 536
183 538
183 763
183 159
184 185
184 174
184 167
185 193
185 195
185 167
185 204
185 205
185 174
185 207
185 206
185 208
185 184
186 161
186 165
186 218
186 219
186 146
186 220
186 150
186 214
186 221
186 217
186 215
186 187
186 188
186 189
187 161
187 186
187 165
188 186
188 146
188 150
189 161
189 186
189 150
190 192
190 193
190 194
190 196
190 197
190 198
190 199
190 200
190 201
190 202
190 174
190 176
190 179
190 191
191 176
191 179
191 190
192 176
192 174
192 190
193 896
193 194
193 195
193 196
193 197
193 174
193 206
193 208
193 913
193 894
193 185
193 892
193 190
193 895
194 193
194 174
194 190
195 193
195 185
195 174
196 896
196 193
196 197
196 198
196 199
196 1005
196 337
196 338
196 754
196 755
196 913
196 190
197 193
197 196
197 190
198 196
198 199
198 200
198 201
198 337
198 338
198 339
198 340
198 342
198 343
198 345
198 346
198 347
198 190
199 196
199 190
199 198
200 201
200 190
200 198
201 577
201 548
201 198
201 551
201 200
201 574
201 202
201 179
201 345
201 346
201 573
201 190
202 201
202 179
202 190
203 204
203 165
203 167
204 165
204 167
204 203
204 205
204 206
204 207
204 209
204 210
204 211
204 212
204 213
204 214
204 216
204 185
205 185
205 204
205 167
206 193
206 891
206 377
206 204
206 207
206 208
206 209
206 210
206 376
206 185
206 378
206 379
206 892
206 894
207 185
207 204
207 206
208 185
208 193
208 206
209 225
209 226
209 204
209 206
209 210
209 211
209 212
209 376
209 377
209 889
210 209
210 204
210 206
211 225
211 226
211 227
211 229
211 230
211 231
211 232
211 204
211 209
211 212
211 213
211 214
212 209
212 211
212 204
213 211
213 204
213 214
214 227
214 228
214 165
214 229
214 218
214 204
214 211
214 213
214 215
214 216
214 217
214 186
215 186
215 165
215 214
216 204
216 165
216 214
217 218
217 186
217 214
218 227
218 132
218 228
218 242
218 243
218 244
218 214
218 217
218 186
218 219
218 220
218 223
219 224
219 132
219 218
219 146
219 121
219 186
219 220
219 221
219 222
219 223
220 186
220 218
220 219
221 186
221 219
221 146
222 121
222 219
222 132
223 218
223 219
223 132
224 121
224 146
224 219
225 209
225 226
225 211
226 864
226 225
226 865
226 230
226 231
226 233
226 234
226 209
226 211
226 377
226 889
226 863
227 228
227 229
227 230
227 232
227 239
227 240
227 211
227 244
227 243
227 214
227 245
227 218
228 218
228 227
228 214
229 211
229 214
229 227
230 226
230 227
230 231
230 232
230 233
230 234
230 235
230 236
230 237
230 238
230 239
230 240
230 241
230 211
231 226
231 211
231 230
232 227
232 211
232 230
233 226
233 234
233 230
234 864
234 226
234 963
234 964
234 230
234 233
234 235
234 236
234 972
234 752
234 753
234 863
234 348
234 349
234 350
234 351
235 234
235 236
235 230
236 230
236 234
236 235
236 237
236 238
236 750
236 348
236 349
237 737
237 738
237 259
237 260
237 230
237 236
237 748
237 238
237 239
237 750
237 241
237 348
237 733
237 735
238 236
238 237
238 230
239 227
239 259
239 260
239 230
239 261
239 237
239 240
239 241
239 243
239 245
239 250
239 251
240 227
240 230
240 239
241 237
241 230
241 239
242 218
242 243
242 132
243 227
243 132
243 250
243 239
243 242
243 244
243 245
243 247
243 248
243 218
243 251
243 252
244 218
244 243
244 227
245 227
245 243
245 239
246 247
246 132
246 127
247 255
247 132
247 100
247 243
247 246
247 248
247 249
247 250
247 252
247 253
247 254
247 127
248 243
248 132
248 247
249 247
249 100
249 127
250 256
250 257
250 258
250 259
250 261
250 239
250 243
250 247
250 251
250 252
250 253
250 254
251 250
251 243
251 239
252 250
252 243
252 247
253 256
253 257
253 100
253 262
253 263
253 297
253 298
253 301
253 247
253 250
253 254
253 255
254 250
254 253
254 247
255 100
255 253
255 247
256 257
256 250
256 253
257 256
257 258
257 259
257 739
257 740
257 741
257 733
257 297
257 745
257 747
257 301
257 303
257 250
257 253
258 257
258 250
258 259
259 257
259 258
259 738
259 260
259 261
259 739
259 237
259 239
259 250
259 733
260 259
260 237
260 239
261 250
261 259
261 239
262 97
262 289
262 100
262 293
262 263
262 264
262 265
262 266
262 297
262 298
262 300
262 253
263 100
263 253
263 262
264 97
264 100
264 262
265 97
265 290
265 289
265 293
265 38
265 262
265 266
265 267
265 268
265 269
265 273
265 274
266 265
266 262
266 97
267 38
267 97
267 265
268 69
268 38
268 265
268 269
268 270
268 271
268 272
268 273
268 274
268 275
268 22
268 23
269 265
269 268
269 38
270 268
270 22
270 23
271 268
271 38
271 22
272 268
272 69
272 23
273 289
273 66
273 290
273 292
273 69
273 265
273 268
273 274
273 275
273 276
273 277
273 278
274 265
274 268
274 273
275 273
275 268
275 69
276 273
276 66
276 69
277 64
277 288
277 66
277 291
277 289
277 292
277 273
277 278
277 279
277 281
277 282
277 285
277 286
277 287
278 273
278 66
278 277
279 64
279 66
279 277
280 64
280 281
280 71
281 64
281 294
281 71
281 295
281 296
281 277
281 280
281 282
281 283
281 284
281 285
281 286
282 64
282 281
282 277
283 294
283 71
283 296
283 281
283 284
283 637
283 638
283 639
284 281
284 283
284 71
285 288
285 294
285 295
285 303
285 304
285 305
285 306
285 307
285 277
285 281
285 286
285 287
286 281
286 285
286 277
287 288
287 289
287 291
287 297
287 299
287 302
287 303
287 304
287 277
287 285
288 277
288 285
288 287
289 290
289 291
289 292
289 293
289 262
289 265
289 297
289 299
289 300
289 273
289 277
289 287
290 289
290 273
290 265
291 289
291 277
291 287
292 289
292 277
292 273
293 265
293 262
293 289
294 642
294 643
294 637
294 295
294 296
294 651
294 652
294 653
294 305
294 306
294 308
294 309
294 281
294 283
294 285
294 639
295 281
295 285
295 294
296 281
296 283
296 294
297 289
297 257
297 262
297 298
297 299
297 300
297 301
297 302
297 303
297 747
297 253
297 287
298 297
298 253
298 262
299 289
299 287
299 297
300 289
300 262
300 297
301 257
301 253
301 297
302 297
302 303
302 287
303 257
303 741
303 744
303 297
303 745
303 746
303 747
303 302
303 304
303 305
303 307
303 310
303 285
303 287
304 285
304 303
304 287
305 294
305 746
305 303
305 306
305 307
305 308
305 309
305 310
305 311
305 285
306 305
306 285
306 294
307 305
307 285
307 303
308 305
308 309
308 294
309 294
309 652
309 653
309 654
309 655
309 656
309 305
309 308
309 310
309 311
309 312
309 313
310 741
310 742
310 743
310 744
310 746
310 303
310 305
310 309
310 311
310 312
310 313
310 314
310 315
310 733
311 305
311 309
311 310
312 654
312 656
312 657
312 658
312 659
312 309
312 310
312 313
312 314
312 315
312 316
312 317
313 312
313 309
313 310
314 736
314 743
314 733
314 310
314 312
314 315
314 316
314 317
314 318
314 319
315 312
315 314
315 310
316 312
316 314
316 317
317 320
317 321
317 658
317 659
317 660
317 661
317 662
317 312
317 314
317 316
317 318
317 319
318 320
318 321
318 322
318 323
318 736
318 733
318 749
318 751
318 735
318 314
318 348
318 317
318 734
318 319
319 314
319 317
319 318
320 321
320 322
320 323
320 324
320 325
320 677
320 678
320 679
320 660
320 662
320 317
320 318
321 320
321 317
321 318
322 320
322 352
322 323
322 324
322 325
322 326
322 327
322 328
322 329
322 330
322 331
322 751
322 348
322 318
323 320
323 322
323 318
324 320
324 322
324 325
325 320
325 322
325 324
325 677
325 326
325 327
325 678
325 680
326 322
326 355
326 356
326 325
326 677
326 327
326 328
326 329
326 680
326 682
326 681
326 333
326 334
326 685
326 687
326 689
327 322
327 325
327 326
328 322
328 326
328 329
328 330
328 331
328 332
328 333
328 334
329 328
329 322
329 326
330 352
330 353
330 322
330 328
330 331
330 332
330 333
330 335
330 336
330 348
330 765
330 351
331 328
331 322
331 330
332 328
332 330
332 333
333 354
333 355
333 356
333 326
333 328
333 330
333 332
333 334
333 335
333 336
333 337
333 339
333 341
333 342
333 344
333 764
334 328
334 333
334 326
335 994
335 1029
335 1030
335 330
335 333
335 336
335 337
335 756
335 757
335 764
335 765
335 351
336 330
336 333
336 335
337 994
337 196
337 198
337 1030
337 333
337 1006
337 335
337 338
337 339
337 340
337 341
337 754
337 755
337 764
338 337
338 196
338 198
339 198
339 333
339 337
339 340
339 341
339 342
339 343
339 344
340 337
340 339
340 198
341 337
341 339
341 333
342 354
342 355
342 198
342 701
342 333
342 685
342 686
342 703
342 339
342 343
342 344
342 345
342 347
342 573
342 702
342 575
343 342
343 339
343 198
344 339
344 333
344 342
345 198
345 201
345 342
345 346
345 347
345 573
345 574
345 575
346 345
346 201
346 198
347 345
347 198
347 342
348 352
348 353
348 322
348 318
348 234
348 330
348 236
348 237
348 748
348 749
348 750
348 751
348 735
348 349
348 350
348 351
349 234
349 348
349 236
350 234
350 348
350 351
351 353
351 234
351 330
351 335
351 752
351 753
351 975
351 756
351 757
351 348
351 765
351 350
352 330
352 348
352 322
353 330
353 348
353 351
354 355
354 333
354 342
355 354
355 356
355 326
355 333
355 685
355 686
355 687
355 342
356 355
356 333
356 326
357 768
357 769
357 770
357 771
357 772
357 773
357 358
357 359
357 360
357 361
357 776
357 1103
357 156
357 159
358 359
358 357
358 159
359 772
359 357
359 358
359 773
359 774
359 1112
359 366
359 367
359 368
359 183
359 856
359 858
359 859
359 159
360 768
360 769
360 357
360 775
360 361
360 363
360 1101
360 1102
360 156
360 766
361 360
361 156
361 357
362 363
362 156
362 143
363 775
363 360
363 777
363 362
363 365
363 1101
363 143
363 156
363 766
363 767
364 145
364 365
364 143
365 777
365 363
365 364
365 1100
365 143
365 145
365 850
365 851
365 372
365 862
365 374
365 375
365 766
365 767
366 859
366 359
366 520
366 523
366 367
366 368
366 369
366 534
366 535
366 536
366 183
366 538
366 539
366 861
367 368
367 366
367 359
368 359
368 366
368 367
368 369
368 370
368 371
368 854
368 855
368 856
368 1113
368 858
368 861
369 516
369 520
369 522
369 523
369 525
369 366
369 368
369 370
369 371
369 372
369 373
369 374
369 860
369 861
370 368
370 369
370 371
371 368
371 369
371 370
371 848
371 852
371 372
371 854
371 855
371 1110
371 860
372 365
372 848
372 369
372 850
372 851
372 852
372 373
372 374
372 371
372 1109
372 860
372 862
373 369
373 372
373 374
374 516
374 138
374 524
374 365
374 525
374 526
374 527
374 369
374 145
374 372
374 373
374 375
374 506
374 862
375 145
375 365
375 374
376 209
376 206
376 377
377 865
377 226
377 866
377 867
377 206
377 209
377 886
377 887
377 376
377 889
377 378
377 379
377 890
377 863
378 891
378 206
378 886
378 377
378 890
378 379
378 892
378 893
379 377
379 378
379 206
380 1
380 381
380 5
381 384
381 1
381 385
381 416
381 419
381 5
381 448
381 449
381 380
381 445
381 382
381 383
382 1
382 381
382 383
383 384
383 1
383 385
383 386
383 387
383 388
383 389
383 390
383 381
383 382
384 416
384 385
384 386
384 387
384 417
384 419
384 392
384 393
384 381
384 383
385 384
385 381
385 383
386 384
386 387
386 388
386 390
386 392
386 393
386 394
386 395
386 404
386 405
386 406
386 383
387 384
387 386
387 383
388 1
388 386
388 389
388 390
388 391
388 404
388 406
388 407
388 408
388 410
388 30
388 383
389 1
389 388
389 383
390 386
390 388
390 383
391 1
391 388
391 30
392 384
392 416
392 386
392 417
392 418
392 393
392 394
392 395
392 396
392 397
392 411
392 412
393 392
393 386
393 384
394 392
394 386
394 395
395 386
395 420
395 422
395 423
395 392
395 394
395 396
395 397
395 398
395 399
395 404
395 405
396 392
396 395
396 397
396 398
396 399
396 400
396 401
396 411
396 412
396 413
396 414
396 415
397 392
397 395
397 396
398 395
398 396
398 399
399 420
399 421
399 423
399 395
399 396
399 398
399 400
399 401
399 402
399 403
400 396
400 621
400 620
400 399
400 623
400 401
400 402
400 403
400 625
400 626
400 413
400 414
401 400
401 396
401 399
402 400
402 403
402 399
403 420
403 421
403 424
403 425
403 399
403 400
403 623
403 402
403 624
403 625
403 442
403 444
404 386
404 388
404 420
404 422
404 426
404 395
404 429
404 431
404 405
404 406
404 407
404 410
405 386
405 395
405 404
406 404
406 386
406 388
407 33
407 388
407 426
407 428
407 429
407 404
407 408
407 409
407 410
407 30
408 388
408 30
408 407
409 33
409 30
409 407
410 388
410 404
410 407
411 416
411 418
411 450
411 451
411 392
411 459
411 396
411 461
411 462
411 412
411 413
411 415
412 392
412 411
412 396
413 459
413 396
413 620
413 462
413 621
413 400
413 465
413 622
413 467
413 411
413 414
413 415
414 400
414 396
414 413
415 411
415 396
415 413
416 384
416 417
416 418
416 419
416 449
416 450
416 451
416 452
416 392
416 411
416 381
416 445
417 392
417 384
417 416
418 416
418 411
418 392
419 416
419 384
419 381
420 421
420 422
420 423
420 424
420 425
420 426
420 395
420 430
420 399
420 431
420 403
420 404
421 403
421 420
421 399
422 404
422 395
422 420
423 395
423 420
423 399
424 425
424 403
424 420
425 420
425 424
425 426
425 430
425 432
425 434
425 403
425 437
425 438
425 440
425 441
425 442
425 443
425 444
426 33
426 420
426 425
426 427
426 428
426 429
426 430
426 431
426 432
426 434
426 435
426 404
426 407
426 59
427 33
427 426
427 59
428 33
428 426
428 407
429 426
429 404
429 407
430 425
430 426
430 420
431 426
431 420
431 404
432 71
432 425
432 426
432 433
432 434
432 435
432 436
432 437
432 438
432 439
432 59
432 62
433 432
433 62
433 71
434 432
434 425
434 426
435 432
435 426
435 59
436 432
436 59
436 62
437 640
437 641
437 71
437 425
437 432
437 438
437 439
437 440
437 441
437 634
437 635
437 637
438 432
438 425
438 437
439 432
439 437
439 71
440 425
440 441
440 437
441 635
441 425
441 632
441 437
441 630
441 634
441 440
441 442
441 443
441 636
442 425
442 623
442 624
442 633
442 403
442 630
442 632
442 441
442 443
442 444
443 425
443 442
443 441
444 425
444 442
444 403
445 448
445 416
445 449
445 450
445 452
445 5
445 102
445 453
445 104
445 454
445 455
445 381
445 446
445 447
446 104
446 445
446 102
447 104
447 5
447 445
448 5
448 381
448 445
449 416
449 381
449 445
450 416
450 451
450 452
450 453
450 454
450 457
450 458
450 459
450 460
450 461
450 411
450 445
451 416
451 450
451 411
452 416
452 450
452 445
453 450
453 445
453 454
454 450
454 453
454 102
454 455
454 456
454 457
454 106
454 458
454 487
454 488
454 491
454 445
455 102
455 445
455 454
456 106
456 454
456 102
457 458
457 450
457 454
458 480
458 450
458 454
458 487
458 488
458 457
458 489
458 459
458 460
458 463
458 464
458 479
459 450
459 458
459 460
459 461
459 462
459 463
459 464
459 465
459 466
459 467
459 411
459 413
460 450
460 458
460 459
461 450
461 459
461 411
462 411
462 413
462 459
463 480
463 481
463 458
463 459
463 464
463 465
463 466
463 468
463 469
463 470
463 471
463 479
464 458
464 459
464 463
465 616
465 617
465 459
465 619
465 620
465 622
465 463
465 466
465 467
465 468
465 469
465 413
466 465
466 459
466 463
467 465
467 459
467 413
468 465
468 469
468 463
469 613
469 614
469 616
469 617
469 618
469 463
469 465
469 468
469 470
469 471
469 472
469 473
470 471
470 469
470 463
471 481
471 463
471 469
471 470
471 472
471 473
471 474
471 475
471 478
471 479
472 473
472 469
472 471
473 613
473 599
473 614
473 615
473 469
473 598
473 471
473 472
473 474
473 475
473 476
473 477
474 473
474 475
474 471
475 482
475 483
475 494
475 495
475 496
475 471
475 473
475 474
475 476
475 477
475 478
475 479
476 473
476 475
476 477
477 494
477 495
477 497
477 498
477 594
477 596
477 598
477 599
477 600
477 473
477 475
477 476
478 479
478 475
478 471
479 480
479 481
479 482
479 483
479 484
479 486
479 488
479 489
479 458
479 492
479 463
479 471
479 475
479 478
480 458
480 479
480 463
481 463
481 471
481 479
482 475
482 483
482 479
483 512
483 482
483 484
483 486
483 495
483 496
483 501
483 503
483 475
483 508
483 509
483 479
484 514
484 483
484 485
484 486
484 133
484 488
484 492
484 493
484 111
484 508
484 509
484 479
485 484
485 133
485 111
486 483
486 484
486 479
487 488
487 458
487 454
488 484
488 454
488 487
488 489
488 458
488 490
488 106
488 491
488 492
488 111
488 493
488 479
489 488
489 458
489 479
490 488
490 106
490 111
491 488
491 106
491 454
492 488
492 484
492 479
493 488
493 484
493 111
494 475
494 477
494 495
495 483
495 494
495 496
495 497
495 498
495 499
495 500
495 501
495 502
495 503
495 475
495 477
496 483
496 475
496 495
497 498
497 477
497 495
498 555
498 557
498 495
498 497
498 562
498 499
498 500
498 563
498 594
498 596
498 597
498 477
499 517
499 518
499 555
499 556
499 557
499 495
499 528
499 529
499 498
499 500
499 501
499 502
499 504
499 505
500 498
500 499
500 495
501 512
501 483
501 495
501 499
501 502
501 503
501 504
501 505
501 506
501 507
501 509
501 510
502 499
502 501
502 495
503 483
503 501
503 495
504 505
504 499
504 501
505 515
505 516
505 517
505 518
505 519
505 499
505 501
505 504
505 506
505 507
506 515
506 516
506 138
506 526
506 527
506 501
506 374
506 505
506 507
506 509
506 510
506 511
507 505
507 506
507 501
508 483
508 484
508 509
509 512
509 513
509 514
509 483
509 484
509 133
509 138
509 501
509 506
509 508
509 510
509 511
510 509
510 506
510 501
511 506
511 509
511 138
512 501
512 483
512 509
513 138
513 509
513 133
514 509
514 484
514 133
515 505
515 506
515 516
516 515
516 517
516 519
516 520
516 521
516 522
516 525
516 526
516 369
516 374
516 505
516 506
517 516
517 518
517 519
517 520
517 521
517 528
517 529
517 530
517 499
517 505
518 505
518 499
518 517
519 505
519 516
519 517
520 516
520 517
520 521
520 522
520 523
520 366
520 528
520 369
520 530
520 531
520 532
520 533
520 534
520 535
521 520
521 516
521 517
522 520
522 369
522 516
523 520
523 369
523 366
524 145
524 138
524 374
525 369
525 516
525 374
526 506
526 516
526 374
527 506
527 374
527 138
528 517
528 520
528 553
528 552
528 555
528 556
528 558
528 529
528 530
528 499
528 532
528 531
529 528
529 499
529 517
530 528
530 520
530 517
531 546
531 547
531 520
531 552
531 553
531 554
531 528
531 532
531 533
531 534
531 540
531 542
532 520
532 528
532 531
533 520
533 531
533 534
534 520
534 366
534 531
534 533
534 535
534 536
534 539
534 540
534 541
534 542
535 520
535 366
535 534
536 544
536 545
536 366
536 914
536 179
536 180
536 534
536 183
536 537
536 538
536 539
536 540
536 541
536 543
537 536
537 179
537 180
538 536
538 366
538 183
539 536
539 366
539 534
540 545
540 546
540 547
540 548
540 550
540 568
540 531
540 534
540 536
540 569
540 570
540 541
540 542
540 543
541 536
541 540
541 534
542 531
542 540
542 534
543 544
543 545
543 548
543 549
543 550
543 179
543 536
543 540
544 536
544 179
544 543
545 536
545 540
545 543
546 578
546 547
546 579
546 581
546 552
546 554
546 531
546 568
546 569
546 540
547 546
547 531
547 540
548 576
548 577
548 549
548 550
548 551
548 201
548 179
548 568
548 570
548 571
548 540
548 573
548 572
548 543
549 179
549 548
549 543
550 548
550 540
550 543
551 201
551 179
551 548
552 546
552 578
552 579
552 580
552 553
552 554
552 555
552 558
552 559
552 528
552 560
552 531
552 564
552 565
553 552
553 528
553 531
554 552
554 546
554 531
555 552
555 556
555 557
555 558
555 559
555 528
555 560
555 498
555 499
555 561
555 562
555 563
556 528
556 555
556 499
557 555
557 498
557 499
558 528
558 552
558 555
559 582
559 583
559 552
559 584
559 555
559 560
559 561
559 562
559 564
559 565
559 566
559 567
560 552
560 555
560 559
561 562
561 555
561 559
562 583
562 584
562 555
562 559
562 591
562 561
562 498
562 563
562 593
562 595
562 594
562 597
563 498
563 562
563 555
564 930
564 579
564 580
564 707
564 708
564 552
564 559
564 565
564 566
564 567
565 552
565 564
565 559
566 705
566 706
566 707
566 930
566 582
566 583
566 585
566 586
566 559
566 564
566 917
566 567
567 564
567 566
567 559
568 961
568 546
568 579
568 548
568 581
568 711
568 712
568 713
568 569
568 570
568 571
568 540
568 572
568 959
569 568
569 546
569 540
570 568
570 548
570 540
571 568
571 548
571 572
572 576
572 548
572 712
572 713
572 1035
572 696
572 699
572 758
572 759
572 568
572 571
572 573
573 576
573 577
573 700
573 548
573 201
573 702
573 342
573 696
573 345
573 699
573 572
573 701
573 574
573 575
574 345
574 201
574 573
575 345
575 573
575 342
576 548
576 573
576 572
577 201
577 548
577 573
578 552
578 546
578 579
579 578
579 546
579 580
579 581
579 707
579 708
579 552
579 709
579 710
579 711
579 931
579 564
579 568
579 959
580 552
580 579
580 564
581 568
581 546
581 579
582 583
582 566
582 559
583 582
583 584
583 585
583 586
583 587
583 588
583 589
583 590
583 559
583 592
583 591
583 562
583 593
583 566
584 562
584 559
584 583
585 705
585 706
585 583
585 1064
585 1096
585 586
585 587
585 588
585 690
585 692
585 693
585 566
585 694
585 760
585 761
585 762
586 585
586 566
586 583
587 583
587 585
587 588
587 589
587 590
587 692
587 693
587 731
588 585
588 587
588 583
589 608
589 611
589 583
589 714
589 587
589 715
589 716
589 590
589 591
589 592
589 717
589 692
589 730
589 731
590 587
590 589
590 583
591 608
591 609
591 611
591 583
591 589
591 592
591 593
591 562
591 594
591 595
591 601
591 603
592 589
592 583
592 591
593 562
593 583
593 591
594 591
594 562
594 595
594 596
594 498
594 597
594 598
594 600
594 601
594 602
594 603
594 477
595 594
595 562
595 591
596 594
596 498
596 477
597 498
597 562
597 594
598 605
598 612
598 613
598 615
598 601
598 594
598 599
598 600
598 473
598 602
598 604
598 477
599 473
599 477
599 598
600 594
600 477
600 598
601 608
601 609
601 610
601 591
601 594
601 598
601 602
601 603
601 604
601 605
601 606
601 607
602 601
602 594
602 598
603 601
603 594
603 591
604 601
604 605
604 598
605 673
605 674
605 612
605 613
605 670
605 598
605 601
605 666
605 667
605 604
605 606
605 607
606 608
606 610
606 714
606 722
606 723
606 724
606 726
606 663
606 728
606 601
606 666
606 667
606 605
606 607
607 601
607 605
607 606
608 609
608 610
608 611
608 714
608 715
608 589
608 591
608 723
608 601
608 606
609 608
609 601
609 591
610 608
610 601
610 606
611 608
611 589
611 591
612 613
612 605
612 598
613 672
613 674
613 612
613 614
613 615
613 616
613 618
613 469
613 598
613 473
613 605
613 670
614 469
614 473
614 613
615 473
615 613
615 598
616 672
616 613
616 617
616 618
616 619
616 620
616 465
616 627
616 628
616 469
616 670
616 671
617 616
617 465
617 469
618 469
618 616
618 613
619 616
619 465
619 620
620 616
620 619
620 621
620 622
620 623
620 400
620 465
620 626
620 627
620 628
620 629
620 413
621 400
621 620
621 413
622 465
622 620
622 413
623 631
623 620
623 624
623 625
623 400
623 403
623 626
623 629
623 627
623 630
623 633
623 442
624 442
624 403
624 623
625 400
625 403
625 623
626 400
626 620
626 623
627 675
627 647
627 616
627 650
627 620
627 623
627 628
627 629
627 630
627 631
627 670
627 671
628 616
628 627
628 620
629 627
629 620
629 623
630 647
630 649
630 650
630 623
630 633
630 627
630 634
630 631
630 632
630 441
630 442
630 636
631 627
631 630
631 623
632 441
632 442
632 630
633 442
633 630
633 623
634 640
634 642
634 644
634 645
634 646
634 647
634 648
634 649
634 437
634 630
634 441
634 635
634 636
634 637
635 441
635 634
635 437
636 441
636 634
636 630
637 640
637 641
637 642
637 643
637 644
637 294
637 71
637 437
637 634
637 283
637 638
637 639
638 283
638 637
638 71
639 283
639 637
639 294
640 634
640 637
640 437
641 437
641 637
641 71
642 643
642 644
642 645
642 294
642 646
642 651
642 652
642 663
642 664
642 665
642 634
642 637
643 642
643 637
643 294
644 642
644 637
644 634
645 642
645 646
645 647
645 648
645 663
645 665
645 634
645 667
645 668
645 669
646 634
646 645
646 642
647 675
647 676
647 645
647 648
647 649
647 650
647 627
647 630
647 634
647 667
647 669
647 670
648 634
648 645
648 647
649 634
649 630
649 647
650 627
650 630
650 647
651 642
651 652
651 294
652 642
652 294
652 727
652 651
652 653
652 654
652 655
652 309
652 663
652 664
653 652
653 309
653 294
654 714
654 727
654 652
654 655
654 656
654 657
654 658
654 720
654 721
654 309
654 722
654 663
654 312
654 725
655 652
655 309
655 654
656 312
656 309
656 654
657 312
657 658
657 654
658 714
658 654
658 719
658 720
658 657
658 659
658 660
658 661
658 312
658 317
659 312
659 658
659 317
660 320
660 677
660 679
660 714
660 717
660 718
660 719
660 658
660 692
660 661
660 662
660 729
660 732
660 317
661 658
661 660
661 317
662 320
662 660
662 317
663 642
663 645
663 652
663 654
663 728
663 722
663 725
663 726
663 727
663 664
663 665
663 667
663 668
663 606
664 642
664 652
664 663
665 642
665 645
665 663
666 667
666 605
666 606
667 673
667 676
667 645
667 669
667 647
667 670
667 663
667 728
667 666
667 668
667 605
667 606
668 667
668 645
668 663
669 667
669 645
669 647
670 672
670 673
670 674
670 675
670 676
670 613
670 647
670 616
670 627
670 667
670 605
670 671
671 616
671 627
671 670
672 616
672 613
672 670
673 667
673 605
673 670
674 613
674 605
674 670
675 627
675 670
675 647
676 667
676 670
676 647
677 320
677 325
677 678
677 679
677 326
677 680
677 681
677 682
677 683
677 684
677 660
677 692
677 695
677 732
678 320
678 325
678 677
679 320
679 660
679 677
680 325
680 677
680 326
681 677
681 326
681 682
681 683
681 684
681 685
681 688
681 689
682 681
682 677
682 326
683 677
683 681
683 684
683 685
683 688
683 690
683 691
683 692
683 915
683 916
683 695
683 698
684 681
684 683
684 677
685 704
685 355
685 326
685 681
685 683
685 686
685 687
685 688
685 689
685 915
685 342
685 696
685 697
685 698
685 701
685 703
686 355
686 685
686 342
687 355
687 685
687 326
688 681
688 683
688 685
689 681
689 685
689 326
690 1095
690 1096
690 585
690 683
690 1099
690 691
690 692
690 916
690 694
690 1044
690 760
690 698
691 690
691 683
691 692
692 677
692 585
692 587
692 683
692 717
692 589
692 690
692 691
692 660
692 693
692 694
692 695
692 729
692 730
692 731
692 732
693 585
693 587
693 692
694 585
694 690
694 692
695 683
695 692
695 677
696 704
696 700
696 701
696 1097
696 685
696 1040
696 1041
696 758
696 759
696 697
696 698
696 699
696 572
696 573
697 696
697 698
697 685
698 1097
698 1098
698 683
698 1099
698 685
698 1040
698 690
698 915
698 916
698 1044
698 696
698 697
699 696
699 572
699 573
700 696
700 573
700 701
701 704
701 685
701 342
701 696
701 700
701 573
701 702
701 703
702 573
702 342
702 701
703 685
703 342
703 701
704 696
704 701
704 685
705 585
705 706
705 566
706 705
706 707
706 1064
706 585
706 1065
706 919
706 917
706 566
706 918
706 920
706 921
706 762
707 706
707 579
707 708
707 930
707 931
707 709
707 934
707 932
707 935
707 919
707 564
707 917
707 566
707 918
708 579
708 707
708 564
709 579
709 707
709 931
709 710
709 711
709 932
709 933
709 934
710 579
710 709
710 711
711 961
711 962
711 579
711 932
711 709
711 710
711 933
711 936
711 937
711 713
711 568
711 959
712 568
712 713
712 572
713 960
713 961
713 962
713 711
713 712
713 937
713 956
713 1034
713 1035
713 758
713 568
713 572
714 608
714 715
714 716
714 717
714 589
714 718
714 719
714 654
714 658
714 720
714 660
714 721
714 722
714 723
714 724
714 606
715 608
715 714
715 589
716 717
716 714
716 589
717 714
717 716
717 589
717 718
717 660
717 692
717 729
717 730
718 714
718 660
718 717
719 714
719 660
719 658
720 714
720 654
720 658
721 722
721 714
721 654
722 714
722 654
722 721
722 724
722 725
722 726
722 663
722 606
723 608
723 714
723 606
724 722
724 714
724 606
725 722
725 654
725 663
726 722
726 606
726 663
727 652
727 654
727 663
728 667
728 606
728 663
729 692
729 660
729 717
730 717
730 692
730 589
731 587
731 692
731 589
732 660
732 692
732 677
733 736
733 318
733 737
733 738
733 259
733 257
733 739
733 740
733 741
733 742
733 743
733 237
733 310
733 314
733 734
733 735
734 733
734 318
734 735
735 737
735 748
735 237
735 734
735 749
735 348
735 733
735 318
736 314
736 733
736 318
737 237
737 733
737 735
738 733
738 259
738 237
739 257
739 259
739 733
740 257
740 733
740 741
741 257
741 740
741 742
741 744
741 745
741 303
741 310
741 733
742 741
742 733
742 310
743 314
743 733
743 310
744 741
744 310
744 303
745 257
745 741
745 303
746 305
746 310
746 303
747 257
747 297
747 303
748 348
748 237
748 735
749 348
749 318
749 735
750 236
750 348
750 237
751 322
751 348
751 318
752 963
752 968
752 234
752 972
752 973
752 974
752 975
752 753
752 756
752 351
753 752
753 234
753 351
754 337
754 755
754 196
755 992
755 896
755 994
755 196
755 996
755 997
755 998
755 902
755 1002
755 1004
755 1005
755 1006
755 337
755 754
756 992
756 993
756 994
756 995
756 1029
756 968
756 974
756 335
756 752
756 975
756 757
756 989
756 990
756 351
757 756
757 335
757 351
758 1031
758 1033
758 1034
758 713
758 1035
758 1036
758 1037
758 1040
758 1041
758 1042
758 759
758 696
758 956
758 572
759 696
759 572
759 758
760 1060
760 1062
760 1063
760 1095
760 585
760 1096
760 690
760 1044
760 761
760 762
761 760
761 585
761 762
762 706
762 1060
762 1063
762 1064
762 585
762 1065
762 1066
762 1067
762 1068
762 920
762 760
762 761
763 171
763 180
763 183
764 337
764 333
764 335
765 330
765 351
765 335
766 768
766 360
766 778
766 363
766 780
766 365
766 781
766 1100
766 1101
766 1102
766 1104
766 851
766 799
766 1106
766 1107
766 767
767 363
767 365
767 766
768 769
768 770
768 771
768 357
768 360
768 778
768 779
768 1102
768 1104
768 766
769 360
769 768
769 357
770 768
770 771
770 357
771 768
771 770
771 772
771 357
771 778
771 779
771 1103
771 1105
771 786
771 787
771 789
771 790
772 771
772 773
772 357
772 359
772 1103
772 1105
772 789
772 1111
772 856
772 1112
773 772
773 357
773 359
774 159
774 183
774 359
775 360
775 363
775 156
776 156
776 357
776 159
777 363
777 365
777 143
778 768
778 771
778 779
778 780
778 781
778 782
778 783
778 784
778 785
778 786
778 787
778 788
778 1104
778 766
779 768
779 778
779 771
780 778
780 781
780 766
781 778
781 780
781 782
781 783
781 798
781 1107
781 794
781 795
781 796
781 797
781 766
781 799
782 800
782 801
782 802
782 778
782 781
782 783
782 784
782 785
782 794
782 795
783 778
783 781
783 782
784 800
784 801
784 803
784 804
784 805
784 778
784 782
784 785
784 786
784 788
784 789
784 791
784 792
784 793
785 784
785 778
785 782
786 771
786 778
786 784
786 787
786 788
786 789
786 790
786 791
787 778
787 786
787 771
788 784
788 778
788 786
789 771
789 835
789 837
789 772
789 1114
789 784
789 1105
789 786
789 856
789 790
789 791
789 792
789 793
789 1111
789 827
789 829
790 786
790 771
790 789
791 784
791 786
791 789
792 784
792 793
792 789
793 803
793 805
793 808
793 810
793 784
793 789
793 823
793 792
793 826
793 827
793 828
793 829
794 800
794 802
794 811
794 781
794 782
794 813
794 814
794 795
794 796
794 797
795 794
795 781
795 782
796 794
796 797
796 781
797 839
797 840
797 841
797 811
797 843
797 781
797 813
797 815
797 816
797 844
797 818
797 819
797 794
797 796
797 798
797 799
798 781
798 797
798 799
799 839
799 840
799 781
799 766
799 847
799 848
799 1106
799 851
799 1107
799 1108
799 797
799 798
800 801
800 802
800 803
800 804
800 806
800 807
800 811
800 812
800 782
800 814
800 784
800 794
801 800
801 784
801 782
802 800
802 794
802 782
803 800
803 804
803 805
803 806
803 807
803 808
803 809
803 810
803 784
803 793
804 784
804 800
804 803
805 784
805 793
805 803
806 800
806 803
806 807
806 808
806 809
806 811
806 812
806 815
806 817
806 819
806 820
806 821
806 822
806 823
806 824
806 825
807 800
807 803
807 806
808 803
808 806
808 809
808 810
808 823
808 825
808 793
808 826
809 808
809 803
809 806
810 808
810 793
810 803
811 800
811 806
811 812
811 813
811 814
811 815
811 816
811 817
811 794
811 797
812 800
812 811
812 806
813 794
813 811
813 797
814 800
814 794
814 811
815 806
815 811
815 816
815 817
815 818
815 819
815 820
815 797
816 811
816 797
816 815
817 811
817 806
817 815
818 819
818 797
818 815
819 806
819 841
819 842
819 843
819 815
819 818
819 820
819 821
819 822
819 797
820 819
820 806
820 815
821 822
821 819
821 806
822 832
822 806
822 841
822 842
822 845
822 819
822 821
822 823
822 824
822 827
822 830
822 831
823 806
823 808
823 822
823 793
823 824
823 825
823 826
823 827
823 828
823 830
824 822
824 806
824 823
825 808
825 806
825 823
826 808
826 793
826 823
827 832
827 833
827 834
827 835
827 836
827 837
827 789
827 822
827 823
827 793
827 828
827 829
827 830
827 831
828 793
828 827
828 823
829 793
829 827
829 789
830 827
830 822
830 823
831 832
831 833
831 834
831 838
831 839
831 841
831 845
831 846
831 822
831 827
832 827
832 822
832 831
833 834
833 835
833 836
833 838
833 839
833 1115
833 848
833 849
833 853
833 854
833 856
833 857
833 827
833 831
834 833
834 827
834 831
835 833
835 836
835 837
835 789
835 856
835 857
835 1114
835 827
836 833
836 827
836 835
837 835
837 827
837 789
838 833
838 839
838 831
839 833
839 838
839 840
839 841
839 844
839 846
839 847
839 848
839 849
839 831
839 797
839 799
840 797
840 839
840 799
841 839
841 842
841 843
841 844
841 845
841 846
841 819
841 822
841 797
841 831
842 841
842 819
842 822
843 841
843 819
843 797
844 841
844 797
844 839
845 841
845 822
845 831
846 841
846 831
846 839
847 848
847 799
847 839
848 833
848 839
848 847
848 849
848 371
848 852
848 372
848 853
848 854
848 1108
848 851
848 1109
848 1110
848 799
849 848
849 833
849 839
850 851
850 372
850 365
851 1100
851 365
851 848
851 850
851 1106
851 372
851 1108
851 1109
851 766
851 799
852 848
852 371
852 372
853 848
853 833
853 854
854 833
854 848
854 368
854 371
854 853
854 1110
854 855
854 856
854 1113
854 1115
855 368
855 371
855 854
856 1113
856 833
856 835
856 772
856 1114
856 359
856 368
856 789
856 854
856 1111
856 1112
856 857
856 858
856 1115
857 856
857 833
857 835
858 856
858 368
858 359
859 183
859 366
859 359
860 369
860 371
860 372
861 368
861 369
861 366
862 372
862 365
862 374
863 864
863 865
863 226
863 866
863 867
863 868
863 869
863 964
863 963
863 965
863 234
863 377
864 234
864 226
864 863
865 377
865 226
865 863
866 867
866 868
866 869
866 870
866 871
866 883
866 885
866 886
866 887
866 888
866 377
866 863
867 377
867 866
867 863
868 866
868 869
868 863
869 866
869 963
869 868
869 965
869 870
869 871
869 872
869 873
869 966
869 967
869 978
869 980
869 981
869 863
870 866
870 869
870 871
870 872
870 873
870 874
870 875
870 878
870 879
870 883
870 884
870 885
871 866
871 869
871 870
872 869
872 870
872 873
872 874
872 875
872 876
872 877
872 978
872 979
872 981
873 872
873 869
873 870
874 870
874 872
874 875
874 876
874 877
874 878
874 879
874 880
874 881
874 882
875 872
875 874
875 870
876 872
876 874
876 877
876 880
876 881
876 978
876 979
876 984
876 985
876 986
877 872
877 874
877 876
878 870
878 904
878 905
878 874
878 909
878 910
878 879
878 880
878 911
878 882
878 883
878 884
879 878
879 870
879 874
880 874
880 876
880 878
880 911
880 910
880 881
880 882
880 1012
880 1015
880 984
880 985
880 1018
880 1020
880 1021
881 880
881 874
881 876
882 880
882 874
882 878
883 866
883 898
883 899
883 870
883 903
883 904
883 905
883 878
883 884
883 885
883 886
883 888
884 870
884 883
884 878
885 866
885 883
885 870
886 897
886 866
886 898
886 899
886 883
886 887
886 888
886 377
886 378
886 892
886 893
886 890
887 377
887 866
887 886
888 866
888 883
888 886
889 377
889 226
889 209
890 377
890 378
890 886
891 378
891 892
891 206
892 896
892 193
892 897
892 898
892 900
892 206
892 886
892 378
892 891
892 893
892 894
892 895
893 378
893 892
893 886
894 193
894 892
894 206
895 896
895 193
895 892
896 193
896 898
896 900
896 901
896 902
896 196
896 1004
896 1005
896 913
896 755
896 892
896 895
897 898
897 892
897 886
898 896
898 897
898 899
898 900
898 901
898 902
898 903
898 904
898 906
898 883
898 886
898 892
899 898
899 883
899 886
900 896
900 898
900 892
901 896
901 898
901 902
902 896
902 898
902 901
902 998
902 904
902 906
902 907
902 908
902 1002
902 1003
902 1004
902 755
903 904
903 898
903 883
904 898
904 902
904 903
904 905
904 906
904 907
904 908
904 909
904 878
904 910
904 912
904 883
905 904
905 883
905 878
906 904
906 898
906 902
907 902
907 998
907 904
907 1003
907 908
907 910
907 912
907 1010
907 1011
907 1012
907 1013
907 1014
908 904
908 907
908 902
909 904
909 910
909 878
910 904
910 907
910 909
910 878
910 911
910 880
910 912
910 1012
910 1014
910 1015
911 880
911 910
911 878
912 904
912 907
912 910
913 896
913 193
913 196
914 536
914 180
914 183
915 698
915 683
915 685
916 690
916 698
916 683
917 706
917 707
917 566
918 706
918 707
918 932
918 935
918 938
918 939
918 940
918 919
918 920
918 921
918 922
918 923
919 706
919 707
919 918
920 706
920 762
920 1065
920 1067
920 1068
920 1074
920 1075
920 1077
920 918
920 921
920 922
920 923
920 924
920 925
921 920
921 706
921 918
922 938
922 939
922 944
922 946
922 947
922 918
922 920
922 923
922 924
922 925
922 926
922 927
923 920
923 922
923 918
924 928
924 929
924 1074
924 1075
924 1076
924 920
924 922
924 925
924 926
924 927
925 920
925 922
925 924
926 928
926 929
926 944
926 947
926 950
926 951
926 952
926 922
926 924
926 927
927 922
927 924
927 926
928 929
928 1084
928 1075
928 1076
928 950
928 952
928 1086
928 924
928 926
928 1087
929 928
929 924
929 926
930 707
930 564
930 566
931 579
931 709
931 707
932 707
932 709
932 934
932 711
932 933
932 935
932 936
932 937
932 940
932 938
932 941
932 918
933 932
933 709
933 711
934 707
934 932
934 709
935 707
935 932
935 918
936 937
936 932
936 711
937 960
937 962
937 932
937 711
937 936
937 713
937 938
937 941
937 942
937 943
937 956
937 958
938 932
938 937
938 939
938 940
938 941
938 942
938 943
938 944
938 945
938 946
938 918
938 922
939 938
939 918
939 922
940 938
940 932
940 918
941 937
941 938
941 932
942 937
942 938
942 943
943 937
943 938
943 942
943 944
943 945
943 948
943 949
943 954
943 955
943 956
943 957
943 958
944 938
944 943
944 945
944 946
944 947
944 948
944 949
944 950
944 951
944 953
944 922
944 926
945 944
945 938
945 943
946 944
946 938
946 922
947 944
947 922
947 926
948 944
948 949
948 943
949 1051
949 943
949 944
949 948
949 950
949 953
949 954
949 955
949 1054
949 1055
950 928
950 1089
950 1092
950 1093
950 944
950 949
950 951
950 952
950 953
950 1086
950 1051
950 1084
950 926
950 1055
951 944
951 926
951 950
952 928
952 926
952 950
953 944
953 949
953 950
954 1031
954 1032
954 1051
954 1052
954 943
954 949
954 1047
954 1048
954 955
954 956
954 957
954 1054
955 954
955 949
955 943
956 960
956 1031
956 1032
956 937
956 713
956 1033
956 1034
956 943
956 758
956 954
956 957
956 958
957 954
957 956
957 943
958 937
958 956
958 943
959 568
959 579
959 711
960 713
960 937
960 956
961 568
961 713
961 711
962 937
962 713
962 711
963 964
963 965
963 869
963 966
963 967
963 968
963 234
963 969
963 972
963 973
963 752
963 863
964 234
964 963
964 863
965 963
965 869
965 863
966 963
966 869
966 967
967 963
967 869
967 966
967 968
967 969
967 970
967 971
967 976
967 977
967 978
967 980
967 1116
968 963
968 967
968 969
968 970
968 971
968 973
968 974
968 752
968 756
968 989
968 990
968 991
969 968
969 963
969 967
970 967
970 968
970 971
970 976
970 977
970 988
970 989
970 991
971 968
971 970
971 967
972 752
972 234
972 963
973 752
973 963
973 968
974 752
974 756
974 968
975 752
975 756
975 351
976 977
976 970
976 967
977 1026
977 967
977 970
977 1116
977 976
977 978
977 982
977 983
977 988
977 989
977 1022
977 1119
978 869
978 967
978 872
978 876
978 977
978 979
978 980
978 981
978 982
978 983
978 985
978 986
978 987
978 1116
979 872
979 978
979 876
980 978
980 869
980 967
981 872
981 978
981 869
982 1026
982 1027
982 977
982 978
982 983
982 985
982 987
982 1022
983 977
983 978
983 982
984 880
984 985
984 876
985 1024
985 1018
985 1027
985 876
985 880
985 978
985 982
985 984
985 986
985 987
985 1020
985 1022
986 985
986 978
986 876
987 985
987 978
987 982
988 977
988 970
988 989
989 992
989 993
989 999
989 968
989 1001
989 970
989 1007
989 977
989 756
989 1022
989 1119
989 1023
989 988
989 1117
989 990
989 991
990 968
990 756
990 989
991 968
991 970
991 989
992 993
992 994
992 995
992 996
992 997
992 998
992 999
992 1000
992 1001
992 755
992 756
992 989
993 992
993 756
993 989
994 992
994 995
994 996
994 1029
994 1030
994 1006
994 335
994 337
994 755
994 756
995 992
995 994
995 756
996 992
996 994
996 755
997 992
997 755
997 998
998 992
998 997
998 902
998 999
998 1000
998 1002
998 907
998 1003
998 1007
998 1008
998 1009
998 1010
998 755
998 1011
999 992
999 998
999 1000
999 1001
999 1007
999 1008
999 1117
999 989
1000 992
1000 998
1000 999
1001 992
1001 989
1001 999
1002 902
1002 998
1002 755
1003 902
1003 907
1003 998
1004 896
1004 755
1004 902
1005 896
1005 755
1005 196
1006 337
1006 994
1006 755
1007 1028
1007 998
1007 999
1007 1008
1007 1009
1007 1010
1007 1117
1007 1016
1007 1118
1007 989
1007 1022
1007 1023
1008 1007
1008 998
1008 999
1009 1010
1009 998
1009 1007
1010 998
1010 907
1010 1007
1010 1009
1010 1011
1010 1012
1010 1013
1010 1016
1010 1017
1010 1118
1011 1010
1011 907
1011 998
1012 907
1012 910
1012 880
1012 1010
1012 1013
1012 1014
1012 1015
1012 1016
1012 1017
1012 1018
1012 1019
1012 1021
1013 1010
1013 907
1013 1012
1014 907
1014 1012
1014 910
1015 880
1015 1012
1015 910
1016 1025
1016 1028
1016 1007
1016 1010
1016 1012
1016 1017
1016 1018
1016 1019
1016 1022
1016 1118
1017 1016
1017 1010
1017 1012
1018 1024
1018 1025
1018 880
1018 1012
1018 1016
1018 985
1018 1019
1018 1020
1018 1021
1018 1022
1019 1016
1019 1018
1019 1012
1020 880
1020 985
1020 1018
1021 880
1021 1018
1021 1012
1022 1024
1022 1025
1022 1026
1022 1027
1022 1028
1022 1007
1022 977
1022 982
1022 1016
1022 985
1022 1018
1022 989
1022 1119
1022 1023
1023 989
1023 1022
1023 1007
1024 985
1024 1018
1024 1022
1025 1016
1025 1018
1025 1022
1026 977
1026 982
1026 1022
1027 985
1027 982
1027 1022
1028 1016
1028 1022
1028 1007
1029 994
1029 756
1029 335
1030 337
1030 994
1030 335
1031 1120
1031 1032
1031 1033
1031 1036
1031 1037
1031 1038
1031 1039
1031 1047
1031 1045
1031 758
1031 1046
1031 1048
1031 954
1031 956
1032 954
1032 956
1032 1031
1033 956
1033 758
1033 1031
1034 713
1034 956
1034 758
1035 713
1035 572
1035 758
1036 1056
1036 1057
1036 1058
1036 1031
1036 1037
1036 1038
1036 1039
1036 1040
1036 1042
1036 1043
1036 1044
1036 758
1037 1036
1037 758
1037 1031
1038 1056
1038 1058
1038 1059
1038 1031
1038 1036
1038 1039
1038 1045
1038 1046
1039 1036
1039 1038
1039 1031
1040 1097
1040 1098
1040 1036
1040 1041
1040 1042
1040 1043
1040 1044
1040 758
1040 696
1040 698
1041 1040
1041 696
1041 758
1042 1040
1042 1036
1042 758
1043 1040
1043 1036
1043 1044
1044 1056
1044 1057
1044 1060
1044 1061
1044 1062
1044 1095
1044 1098
1044 1099
1044 1036
1044 1040
1044 690
1044 1043
1044 760
1044 698
1045 1046
1045 1038
1045 1031
1046 1056
1046 1120
1046 1059
1046 1123
1046 1031
1046 1038
1046 1045
1046 1079
1046 1047
1046 1049
1046 1050
1046 1083
1047 1120
1047 1050
1047 1031
1047 1046
1047 1048
1047 1049
1047 954
1047 1051
1047 1052
1047 1053
1048 954
1048 1031
1048 1047
1049 1089
1049 1090
1049 1091
1049 1083
1049 1079
1049 1046
1049 1047
1049 1050
1049 1051
1049 1053
1050 1049
1050 1046
1050 1047
1051 1089
1051 1090
1051 1093
1051 949
1051 950
1051 1047
1051 1049
1051 954
1051 1052
1051 1053
1051 1054
1051 1055
1052 954
1052 1051
1052 1047
1053 1049
1053 1051
1053 1047
1054 954
1054 1051
1054 949
1055 1051
1055 949
1055 950
1056 1057
1056 1058
1056 1059
1056 1060
1056 1061
1056 1121
1056 1123
1056 1036
1056 1069
1056 1038
1056 1070
1056 1072
1056 1044
1056 1046
1056 1079
1056 1080
1057 1056
1057 1036
1057 1044
1058 1056
1058 1036
1058 1038
1059 1056
1059 1038
1059 1046
1060 1056
1060 1061
1060 1062
1060 1063
1060 1066
1060 1067
1060 1069
1060 1070
1060 1071
1060 1044
1060 760
1060 762
1061 1056
1061 1060
1061 1044
1062 760
1062 1060
1062 1044
1063 760
1063 762
1063 1060
1064 585
1064 706
1064 762
1065 920
1065 706
1065 762
1066 762
1066 1067
1066 1060
1067 1060
1067 1066
1067 1068
1067 1069
1067 1071
1067 1072
1067 1073
1067 1075
1067 1077
1067 1078
1067 920
1067 762
1068 920
1068 762
1068 1067
1069 1056
1069 1121
1069 1060
1069 1067
1069 1070
1069 1071
1069 1072
1069 1073
1070 1056
1070 1060
1070 1069
1071 1067
1071 1060
1071 1069
1072 1056
1072 1121
1072 1122
1072 1067
1072 1069
1072 1073
1072 1075
1072 1078
1072 1079
1072 1080
1072 1081
1072 1082
1073 1072
1073 1067
1073 1069
1074 920
1074 1075
1074 924
1075 928
1075 1122
1075 1067
1075 1084
1075 1072
1075 1074
1075 1076
1075 1077
1075 1078
1075 920
1075 1081
1075 924
1075 1085
1075 1087
1076 928
1076 1075
1076 924
1077 920
1077 1067
1077 1075
1078 1072
1078 1075
1078 1067
1079 1056
1079 1088
1079 1089
1079 1091
1079 1123
1079 1094
1079 1072
1079 1046
1079 1080
1079 1081
1079 1082
1079 1083
1079 1084
1079 1049
1080 1072
1080 1056
1080 1079
1081 1088
1081 1122
1081 1072
1081 1075
1081 1079
1081 1082
1081 1084
1081 1085
1082 1072
1082 1081
1082 1079
1083 1049
1083 1046
1083 1079
1084 928
1084 1088
1084 1089
1084 1092
1084 1094
1084 1075
1084 950
1084 1079
1084 1081
1084 1085
1084 1086
1084 1087
1085 1081
1085 1075
1085 1084
1086 928
1086 1084
1086 950
1087 928
1087 1075
1087 1084
1088 1081
1088 1084
1088 1079
1089 1090
1089 1091
1089 1092
1089 1093
1089 1094
1089 950
1089 1079
1089 1049
1089 1051
1089 1084
1090 1089
1090 1051
1090 1049
1091 1089
1091 1049
1091 1079
1092 1089
1092 1084
1092 950
1093 1089
1093 1051
1093 950
1094 1089
1094 1084
1094 1079
1095 760
1095 690
1095 1044
1096 760
1096 585
1096 690
1097 696
1097 1040
1097 698
1098 1040
1098 698
1098 1044
1099 690
1099 698
1099 1044
1100 851
1100 365
1100 766
1101 360
1101 363
1101 766
1102 768
1102 360
1102 766
1103 771
1103 772
1103 357
1104 768
1104 778
1104 766
1105 771
1105 772
1105 789
1106 851
1106 766
1106 799
1107 781
1107 766
1107 799
1108 848
1108 851
1108 799
1109 848
1109 851
1109 372
1110 848
1110 371
1110 854
1111 856
1111 772
1111 789
1112 856
1112 772
1112 359
1113 368
1113 856
1113 854
1114 856
1114 835
1114 789
1115 856
1115 833
1115 854
1116 977
1116 978
1116 967
1117 999
1117 989
1117 1007
1118 1016
1118 1010
1118 1007
1119 977
1119 989
1119 1022
1120 1047
1120 1046
1120 1031
1121 1072
1121 1056
1121 1069
1122 1072
1122 1081
1122 1075
1123 1056
1123 1046
1123 1079
