0 1
0 2
0 3
0 35
0 16
0 17
0 18
0 19
1 0
1 2
1 3
2 0
2 1
2 19
3 0
3 1
3 35
3 36
4 5
4 6
4 7
5 4
5 6
5 7
5 40
5 39
6 4
6 5
6 39
6 40
6 7
7 4
7 5
7 6
8 9
8 10
8 11
9 8
9 10
9 11
9 12
9 13
10 8
10 9
10 11
10 12
10 13
11 8
11 9
11 10
12 9
12 10
12 13
12 14
12 15
13 9
13 10
13 12
13 14
13 15
14 12
14 13
14 15
15 12
15 13
15 14
16 0
16 17
16 35
17 0
17 1024
17 1025
17 801
17 780
17 1134
17 16
17 18
17 20
17 21
17 1177
17 798
18 0
18 17
18 19
18 21
19 0
19 2
19 18
20 801
20 17
20 21
20 22
20 798
21 17
21 18
21 20
21 22
22 736
22 801
22 20
22 21
22 1175
22 796
22 797
22 798
22 799
23 24
23 25
23 26
24 43
24 44
24 23
24 25
24 26
25 43
25 44
25 23
25 24
25 26
26 24
26 25
26 23
27 28
27 29
27 30
28 32
28 27
28 29
28 30
28 31
29 32
29 27
29 28
29 30
29 31
30 27
30 28
30 29
31 32
31 33
31 34
31 28
31 29
32 33
32 34
32 28
32 29
32 31
33 32
33 34
33 31
34 32
34 33
34 31
35 0
35 1024
35 802
35 3
35 36
35 37
35 1026
35 1134
35 16
35 1307
35 1048
35 1051
36 35
36 3
36 37
36 38
37 1026
37 1027
37 35
37 36
37 38
37 1048
38 1027
38 36
38 37
38 909
38 913
38 1042
38 1043
38 1047
38 1048
39 5
39 6
39 40
39 41
39 42
40 5
40 6
40 39
40 41
40 42
41 40
41 42
41 39
42 40
42 41
42 39
43 44
43 45
43 46
43 24
43 25
44 43
44 45
44 46
44 24
44 25
45 43
45 44
45 46
46 43
46 44
46 45
47 48
47 49
47 50
47 51
48 47
48 49
48 50
48 52
48 53
48 56
49 64
49 67
49 69
49 47
49 48
49 51
49 56
49 59
50 96
50 97
50 1677
50 1678
50 47
50 48
50 1679
50 51
50 52
50 1654
50 57
50 93
50 95
51 47
51 49
51 50
51 57
51 58
51 59
52 97
52 48
52 50
52 53
52 54
52 90
53 48
53 52
53 54
53 55
53 56
54 71
54 52
54 53
54 55
54 89
54 90
55 70
55 71
55 53
55 54
55 56
56 69
56 70
56 48
56 49
56 53
56 55
57 1661
57 1662
57 50
57 51
57 93
57 58
57 1659
57 92
57 61
57 94
58 51
58 57
58 59
58 60
58 61
59 64
59 49
59 51
59 58
59 60
59 63
60 68
60 58
60 59
60 61
60 62
60 63
61 57
61 58
61 60
61 62
62 60
62 61
62 68
63 64
63 65
63 68
63 59
63 60
64 65
64 66
64 67
64 49
64 59
64 63
65 64
65 1664
65 66
65 68
65 1663
65 80
65 81
65 82
65 63
66 64
66 65
66 67
66 69
66 70
66 71
66 1669
66 1671
66 1675
66 1676
66 81
66 86
66 88
66 89
67 64
67 49
67 66
67 69
68 65
68 60
68 62
68 63
69 66
69 67
69 70
69 49
69 56
70 66
70 69
70 71
70 55
70 56
71 66
71 70
71 54
71 55
71 89
72 73
72 74
72 75
72 154
73 72
73 74
73 78
73 154
74 72
74 73
74 75
74 76
74 77
74 78
75 72
75 74
75 77
75 152
75 154
76 74
76 77
76 78
76 79
76 215
76 216
76 153
76 218
76 155
77 74
77 75
77 76
77 79
77 152
77 155
78 262
78 73
78 74
78 76
78 216
78 281
78 154
79 155
79 76
79 77
80 65
80 81
80 82
80 83
80 84
81 65
81 66
81 80
81 84
81 85
81 86
82 80
82 65
82 83
82 87
83 80
83 82
83 84
83 87
83 92
83 94
84 80
84 81
84 83
84 85
84 92
84 93
85 96
85 81
85 84
85 86
85 88
85 91
85 93
85 95
86 88
86 81
86 66
86 85
87 82
87 83
87 94
88 66
88 85
88 86
88 89
88 91
89 66
89 71
89 54
89 88
89 90
89 91
90 97
90 52
90 54
90 89
90 91
91 96
91 97
91 85
91 88
91 89
91 90
92 83
92 84
92 57
92 93
92 94
93 50
93 84
93 85
93 57
93 92
93 95
94 57
94 83
94 92
94 87
95 96
95 50
95 85
95 93
96 97
96 50
96 85
96 91
96 95
97 96
97 50
97 52
97 90
97 91
98 99
98 100
98 134
98 170
98 171
99 98
99 100
99 167
99 168
99 170
99 174
99 188
100 98
100 99
100 101
100 102
100 103
100 134
100 188
100 121
100 124
100 125
101 100
101 134
101 102
101 189
101 190
102 164
102 100
102 101
102 103
102 104
102 189
103 100
103 102
103 104
103 175
103 123
103 124
104 164
104 165
104 102
104 103
104 175
105 106
105 107
105 108
105 109
105 110
105 111
106 105
106 107
106 109
106 113
106 341
106 344
107 197
107 198
107 105
107 106
107 108
107 343
107 344
108 105
108 107
108 197
109 225
109 105
109 106
109 236
109 110
109 113
109 114
109 115
110 224
110 225
110 105
110 236
110 109
110 237
110 111
110 112
110 178
111 112
111 105
111 110
111 176
112 176
112 178
112 110
112 111
113 106
113 109
113 114
113 116
113 117
113 118
113 342
113 341
114 234
114 109
114 113
114 115
114 212
114 116
115 114
115 234
115 236
115 109
116 113
116 114
116 212
116 117
116 182
117 199
117 113
117 116
117 118
117 182
117 184
118 199
118 113
118 117
118 342
118 346
119 135
119 120
119 121
119 122
119 125
120 135
120 136
120 137
120 119
120 121
120 123
121 100
121 119
121 120
121 122
121 123
121 124
121 125
122 121
122 125
122 119
123 103
123 137
123 138
123 139
123 175
123 120
123 121
123 124
124 121
124 123
124 100
124 103
125 100
125 135
125 168
125 119
125 121
125 122
125 188
126 128
126 129
126 160
126 156
126 157
126 127
127 128
127 160
127 185
127 157
127 126
128 129
128 130
128 185
128 186
128 126
128 127
129 128
129 160
129 130
129 131
129 185
129 126
130 128
130 129
130 131
130 132
130 186
130 187
131 129
131 130
131 132
131 133
131 185
131 186
132 187
132 130
132 131
132 133
133 186
133 131
133 132
133 187
134 98
134 100
134 101
134 171
134 172
134 190
135 136
135 168
135 119
135 120
135 125
136 135
136 168
136 137
136 148
136 149
136 150
136 151
136 120
137 136
137 138
137 151
137 120
137 123
138 137
138 139
138 140
138 151
138 123
139 164
139 138
139 140
139 141
139 142
139 175
139 123
140 163
140 138
140 139
140 141
140 151
141 163
141 139
141 140
141 142
141 143
142 164
142 139
142 141
142 143
142 144
142 189
143 163
143 141
143 142
143 144
143 145
144 142
144 143
144 145
144 146
144 189
144 190
145 163
145 143
145 144
145 146
145 147
146 166
146 167
146 144
146 145
146 147
146 148
146 190
147 163
147 145
147 146
147 148
147 149
148 167
148 136
148 168
148 146
148 147
148 149
149 163
149 136
149 147
149 148
149 150
150 136
150 163
150 149
150 151
151 163
151 136
151 137
151 138
151 140
151 150
152 75
152 77
152 153
152 154
152 155
153 154
153 76
153 283
153 308
153 152
153 218
153 155
154 281
154 72
154 73
154 75
154 78
154 308
154 152
154 153
154 282
155 76
155 77
155 79
155 152
155 153
156 160
156 161
156 162
156 126
156 157
156 158
157 160
157 161
157 127
157 126
157 156
157 158
157 159
158 162
158 156
158 157
158 159
159 161
159 162
159 157
159 158
160 161
160 129
160 185
160 156
160 157
160 126
160 127
161 160
161 162
161 156
161 157
161 159
162 161
162 156
162 158
162 159
163 140
163 141
163 143
163 145
163 147
163 149
163 150
163 151
164 165
164 102
164 104
164 139
164 142
164 175
164 189
165 104
165 164
165 175
166 167
166 169
166 173
166 146
166 190
167 99
167 166
167 168
167 173
167 174
167 146
167 148
168 99
168 135
168 136
168 167
168 148
168 188
168 125
169 166
169 170
169 171
169 172
169 173
169 190
170 98
170 99
170 169
170 171
170 173
170 174
171 98
171 134
171 169
171 170
171 172
172 169
172 171
172 190
172 134
173 166
173 167
173 169
173 170
173 174
174 170
174 99
174 173
174 167
175 164
175 165
175 103
175 104
175 139
175 123
176 112
176 177
176 178
176 111
177 176
177 178
177 179
177 180
177 181
178 224
178 227
178 237
178 110
178 176
178 177
178 112
178 179
179 227
179 229
179 177
179 178
179 180
180 229
180 240
180 177
180 242
180 179
180 181
181 177
181 242
181 243
181 180
182 230
182 233
182 212
182 116
182 117
182 183
182 184
182 223
183 230
183 200
183 201
183 214
183 182
183 184
184 199
184 200
184 117
184 182
184 183
185 160
185 129
185 128
185 131
185 186
185 127
186 128
186 130
186 131
186 133
186 185
186 187
187 186
187 132
187 133
187 130
188 168
188 99
188 100
188 125
189 164
189 101
189 102
189 142
189 144
189 190
190 101
190 166
190 134
190 169
190 172
190 144
190 146
190 189
191 192
191 193
191 194
191 238
191 239
191 214
192 193
192 195
192 238
192 213
192 191
193 192
193 194
193 195
193 196
193 197
193 198
193 191
194 193
194 198
194 199
194 200
194 201
194 214
194 191
195 192
195 193
195 196
195 213
196 193
196 195
196 197
196 213
196 222
197 193
197 196
197 198
197 107
197 108
198 193
198 194
198 197
198 199
198 107
198 343
198 345
199 194
199 198
199 200
199 117
199 118
199 184
199 345
199 346
200 194
200 199
200 201
200 183
200 184
201 200
201 194
201 214
201 183
202 203
202 204
202 205
202 206
202 219
202 220
202 221
203 202
203 204
203 206
203 207
203 219
203 220
204 202
204 203
204 205
204 219
205 202
205 219
205 204
206 202
206 203
206 207
206 208
206 244
206 221
207 203
207 206
207 208
207 209
207 220
207 221
208 206
208 207
208 209
208 210
208 244
209 207
209 208
209 210
209 211
209 244
209 245
209 221
210 208
210 209
210 211
210 244
210 245
211 209
211 210
211 245
212 234
212 114
212 116
212 182
212 223
213 192
213 195
213 196
213 238
213 242
213 243
213 222
214 194
214 230
214 231
214 201
214 239
214 241
214 183
214 191
215 216
215 217
215 218
215 76
216 262
216 76
216 78
216 215
216 217
217 262
217 282
217 308
217 215
217 216
217 281
217 218
217 283
218 153
218 76
218 215
218 217
218 283
219 202
219 203
219 204
219 205
219 220
220 202
220 203
220 207
220 219
220 221
221 202
221 206
221 207
221 209
221 244
221 220
222 243
222 196
222 213
223 233
223 234
223 235
223 212
223 182
224 225
224 226
224 227
224 110
224 178
225 224
225 226
225 234
225 235
225 109
225 110
226 224
226 225
226 227
226 228
226 232
226 235
227 224
227 226
227 228
227 229
227 178
227 179
228 226
228 227
228 229
228 231
228 232
228 241
229 227
229 228
229 240
229 241
229 179
229 180
230 231
230 232
230 233
230 214
230 183
230 182
231 228
231 230
231 232
231 241
231 214
232 226
232 228
232 230
232 231
232 233
232 235
233 230
233 232
233 235
233 182
233 223
234 225
234 235
234 236
234 114
234 115
234 212
234 223
235 225
235 226
235 232
235 233
235 234
235 223
236 234
236 237
236 109
236 110
236 115
237 178
237 236
237 110
238 192
238 239
238 240
238 242
238 213
238 191
239 238
239 240
239 241
239 214
239 191
240 229
240 238
240 239
240 241
240 242
240 180
241 228
241 229
241 231
241 239
241 240
241 214
242 238
242 240
242 243
242 180
242 213
242 181
243 213
243 242
243 181
243 222
244 206
244 208
244 209
244 210
244 245
244 221
245 209
245 210
245 211
245 244
246 247
246 248
246 249
246 251
246 253
247 248
247 250
247 251
247 246
248 249
248 250
248 246
248 247
249 248
249 246
250 248
250 251
250 252
250 247
251 246
251 247
251 250
251 252
251 253
252 250
252 251
252 253
253 251
253 252
253 246
254 256
254 257
254 258
254 259
254 255
255 256
255 259
255 260
255 261
255 254
256 257
256 260
256 302
256 303
256 254
256 255
257 256
257 302
257 258
257 254
258 257
258 259
258 264
258 302
258 304
258 254
259 258
259 261
259 263
259 264
259 254
259 255
260 256
260 261
260 263
260 303
260 305
260 255
261 259
261 260
261 263
261 255
262 216
262 281
262 217
262 78
263 259
263 260
263 261
263 264
263 303
263 305
263 307
264 258
264 259
264 263
264 304
264 306
264 307
265 266
265 267
265 268
265 273
265 284
266 265
266 267
266 269
266 270
266 284
267 265
267 266
267 268
267 269
268 265
268 274
268 267
268 273
269 266
269 267
269 270
269 271
270 266
270 269
270 271
270 272
270 284
271 272
271 275
271 269
271 270
272 270
272 271
272 275
272 276
272 284
273 265
273 268
273 274
273 280
273 284
274 280
274 273
274 268
274 279
275 272
275 276
275 277
275 271
276 272
276 275
276 277
276 278
276 284
277 275
277 276
277 278
277 279
278 276
278 277
278 279
278 280
278 284
279 280
279 274
279 277
279 278
280 273
280 274
280 278
280 279
280 284
281 262
281 282
281 78
281 217
281 154
282 281
282 154
282 308
282 217
283 153
283 218
283 217
283 308
284 265
284 266
284 270
284 272
284 273
284 276
284 278
284 280
285 288
285 289
285 301
285 286
285 287
286 289
286 290
286 285
286 287
287 288
287 293
287 285
287 286
288 293
288 294
288 301
288 285
288 287
289 290
289 291
289 301
289 285
289 286
290 289
290 291
290 292
290 286
291 289
291 290
291 292
291 295
291 301
292 296
292 290
292 291
292 295
293 288
293 300
293 294
293 287
294 288
294 293
294 299
294 300
294 301
295 291
295 292
295 296
295 297
295 301
296 297
296 298
296 292
296 295
297 295
297 296
297 298
297 299
297 301
298 296
298 297
298 299
298 300
299 294
299 297
299 298
299 300
299 301
300 298
300 299
300 293
300 294
301 288
301 289
301 291
301 294
301 295
301 297
301 299
301 285
302 256
302 257
302 258
302 303
302 304
302 306
302 307
303 256
303 260
303 263
303 302
303 305
303 307
304 264
304 258
304 306
304 302
305 260
305 263
305 303
306 264
306 304
306 307
306 302
307 263
307 264
307 302
307 303
307 306
308 153
308 282
308 217
308 154
308 283
309 310
309 311
309 312
309 313
309 314
310 315
310 316
310 309
310 311
311 325
311 326
311 309
311 310
311 312
311 315
312 313
312 309
312 326
312 311
313 326
313 327
313 331
313 309
313 312
313 314
314 313
314 331
314 309
315 325
315 328
315 332
315 310
315 311
315 316
316 315
316 332
316 310
317 320
317 321
317 333
317 335
317 318
317 319
318 320
318 322
318 335
318 340
318 317
318 319
319 321
319 340
319 317
319 318
320 322
320 323
320 333
320 334
320 317
320 318
321 340
321 317
321 335
321 319
322 320
322 323
322 324
322 333
322 335
322 318
323 320
323 322
323 324
323 364
323 334
323 336
324 322
324 323
324 333
324 334
324 336
325 326
325 328
325 329
325 332
325 311
325 315
326 325
326 327
326 329
326 330
326 311
326 312
326 313
327 313
327 330
327 331
327 326
328 315
328 332
328 325
329 330
329 332
329 325
329 326
330 329
330 331
330 326
330 327
331 313
331 314
331 330
331 327
332 325
332 328
332 329
332 315
332 316
333 320
333 322
333 324
333 334
333 335
333 317
334 320
334 323
334 324
334 364
334 333
334 336
334 337
335 321
335 322
335 333
335 340
335 317
335 318
336 323
336 324
336 364
336 365
336 334
336 337
336 338
337 364
337 334
337 336
337 338
337 339
338 336
338 337
338 339
338 365
339 337
339 338
339 364
339 365
340 321
340 319
340 318
340 335
341 106
341 113
341 342
341 343
341 344
342 113
342 341
342 118
342 343
342 345
342 346
343 198
343 107
343 341
343 342
343 344
343 345
344 106
344 107
344 341
344 343
345 198
345 199
345 342
345 343
345 346
346 345
346 118
346 342
346 199
347 353
347 357
347 348
347 349
347 350
348 352
348 357
348 347
348 349
348 351
349 347
349 348
349 350
349 351
350 353
350 354
350 347
350 349
351 352
351 355
351 348
351 349
352 355
352 356
352 357
352 348
352 351
353 354
353 357
353 358
353 347
353 350
354 353
354 358
354 350
354 361
355 352
355 363
355 356
355 351
356 352
356 355
356 357
356 359
356 363
357 352
357 353
357 356
357 358
357 359
357 360
357 347
357 348
358 353
358 354
358 357
358 360
358 361
359 356
359 357
359 360
359 362
359 363
360 357
360 358
360 359
360 361
360 362
361 360
361 354
361 358
361 362
362 360
362 361
362 363
362 359
363 362
363 355
363 356
363 359
364 323
364 365
364 334
364 336
364 337
364 339
365 336
365 338
365 339
365 364
366 494
366 495
366 368
366 369
366 367
367 389
367 366
367 495
367 368
367 497
367 370
368 650
368 366
368 367
368 369
368 370
368 371
369 650
369 493
369 366
369 494
369 368
369 411
370 384
370 389
370 651
370 367
370 368
370 371
370 372
371 650
371 368
371 370
371 372
371 374
372 384
372 370
372 371
372 373
372 374
372 375
372 376
373 378
373 372
373 374
373 375
374 650
374 371
374 372
374 373
374 377
374 378
375 376
375 372
375 373
376 384
376 385
376 372
376 375
376 383
377 650
377 374
377 378
377 379
377 380
377 414
378 377
378 379
378 373
378 374
379 377
379 378
379 380
379 381
380 382
380 413
380 377
380 379
380 381
380 414
381 385
381 379
381 380
381 382
382 385
382 386
382 380
382 381
382 413
382 383
383 384
383 385
383 386
383 376
383 382
384 386
384 651
384 370
384 372
384 376
384 383
385 376
385 381
385 382
385 383
386 384
386 388
386 651
386 396
386 413
386 382
386 383
387 388
387 389
387 390
387 391
387 394
387 395
387 396
388 386
388 387
388 389
388 651
388 396
389 387
389 388
389 391
389 651
389 367
389 496
389 497
389 370
390 387
390 391
390 392
390 393
390 394
390 398
391 387
391 389
391 390
391 392
391 400
391 401
391 496
391 498
392 450
392 390
392 391
392 393
392 397
392 400
392 464
393 390
393 392
393 397
393 398
393 399
394 387
394 390
394 395
394 398
394 405
394 406
394 407
395 387
395 394
395 396
395 406
395 412
396 386
396 387
396 388
396 395
396 412
396 413
397 392
397 393
397 463
397 399
397 464
397 402
398 390
398 393
398 394
398 399
398 403
398 407
399 393
399 397
399 398
399 402
399 403
400 392
400 401
400 450
400 391
401 450
401 391
401 458
401 400
401 498
402 397
402 462
402 463
402 399
402 403
402 404
403 398
403 399
403 402
403 404
403 407
403 408
404 461
404 462
404 402
404 403
404 408
405 394
405 406
405 407
405 408
405 409
405 410
406 394
406 395
406 405
406 410
406 411
406 412
407 394
407 398
407 403
407 405
407 408
408 460
408 461
408 403
408 404
408 405
408 407
408 409
409 459
409 460
409 491
409 405
409 408
409 410
410 490
410 491
410 492
410 405
410 406
410 409
410 411
411 650
411 492
411 493
411 369
411 406
411 410
411 412
411 414
412 395
412 396
412 406
412 411
412 413
412 414
413 386
413 414
413 396
413 412
413 380
413 382
414 650
414 377
414 411
414 380
414 413
414 412
415 416
415 417
415 418
415 427
415 428
415 431
416 417
416 418
416 419
416 420
416 421
416 422
416 423
416 415
417 416
417 431
417 422
417 415
418 416
418 419
418 427
418 415
419 416
419 418
419 421
419 424
419 426
419 427
420 416
420 421
420 423
420 426
420 429
420 432
421 416
421 426
421 419
421 420
422 416
422 417
422 423
422 429
422 430
422 431
423 416
423 420
423 429
423 422
424 425
424 426
424 427
424 419
425 424
425 426
425 427
425 428
425 429
425 430
425 431
425 432
426 419
426 420
426 421
426 424
426 425
426 432
427 418
427 419
427 424
427 425
427 428
427 415
428 415
428 425
428 427
428 431
429 420
429 422
429 423
429 425
429 430
429 432
430 425
430 429
430 422
430 431
431 417
431 422
431 425
431 428
431 430
431 415
432 425
432 426
432 420
432 429
433 434
433 435
433 436
433 437
433 438
434 433
434 435
434 437
435 433
435 434
435 436
435 439
435 440
436 433
436 435
436 439
437 440
437 433
437 434
437 438
438 440
438 433
438 437
438 439
439 440
439 435
439 436
439 438
440 435
440 437
440 438
440 439
441 451
441 452
441 442
441 443
441 444
442 460
442 461
442 441
442 443
442 444
442 445
443 451
443 441
443 442
443 445
443 446
443 447
444 452
444 455
444 459
444 460
444 441
444 442
445 461
445 462
445 442
445 443
445 446
446 448
446 462
446 463
446 443
446 445
446 447
447 448
447 449
447 451
447 443
447 446
448 449
448 450
448 463
448 464
448 446
448 447
449 448
449 450
449 451
449 453
449 454
449 447
450 448
450 449
450 454
450 392
450 458
450 464
450 400
450 401
451 449
451 452
451 453
451 441
451 443
451 447
452 451
452 453
452 454
452 455
452 441
452 444
453 449
453 451
453 452
453 454
454 449
454 450
454 452
454 453
454 455
454 456
454 457
454 458
455 452
455 454
455 456
455 490
455 459
455 491
455 444
456 454
456 455
456 457
456 490
456 492
456 493
456 494
456 495
457 456
457 458
457 454
457 495
458 450
458 454
458 457
458 495
458 496
458 497
458 401
458 498
459 455
459 491
459 460
459 409
459 444
460 459
460 461
460 408
460 409
460 442
460 444
461 460
461 462
461 404
461 408
461 442
461 445
462 461
462 463
462 402
462 404
462 445
462 446
463 448
463 397
463 462
463 464
463 402
463 446
464 448
464 450
464 392
464 397
464 463
465 466
465 467
465 468
465 499
466 471
466 465
466 467
466 499
466 502
466 503
466 472
466 506
467 465
467 466
467 468
467 500
467 471
467 508
468 465
468 499
468 467
468 469
468 470
468 500
469 468
469 501
469 470
469 500
469 504
469 505
469 507
469 508
470 501
470 499
470 468
470 469
471 472
471 466
471 467
471 508
472 466
472 471
472 505
472 506
472 507
472 508
473 481
473 474
473 475
473 477
473 478
474 481
474 513
474 514
474 473
474 475
474 476
475 473
475 474
475 476
475 477
475 479
476 480
476 513
476 474
476 475
476 479
477 513
477 514
477 529
477 473
477 475
477 478
477 479
478 473
478 514
478 481
478 477
479 480
479 512
479 529
479 475
479 476
479 477
479 511
480 513
480 511
480 530
480 476
480 509
480 479
481 473
481 474
481 514
481 478
482 483
482 484
482 485
482 487
483 488
483 489
483 482
483 484
484 489
484 482
484 483
484 485
485 482
485 484
485 486
485 487
486 489
486 485
486 487
487 482
487 485
487 486
487 488
487 489
488 489
488 483
488 487
489 483
489 484
489 486
489 487
489 488
490 455
490 456
490 491
490 492
490 410
491 455
491 490
491 459
491 409
491 410
492 456
492 490
492 493
492 410
492 411
493 456
493 492
493 494
493 369
493 411
494 456
494 493
494 366
494 495
494 369
495 456
495 457
495 458
495 366
495 494
495 367
495 497
496 389
496 391
496 458
496 497
496 498
497 389
497 458
497 367
497 496
497 495
498 496
498 401
498 458
498 391
499 465
499 466
499 468
499 501
499 470
499 502
500 469
500 467
500 468
500 508
501 499
501 469
501 470
501 503
501 504
501 502
502 466
502 499
502 501
502 503
503 466
503 501
503 502
503 504
503 505
503 506
504 469
504 505
504 501
504 503
505 504
505 469
505 503
505 472
505 506
505 507
506 472
506 505
506 466
506 503
507 472
507 505
507 508
507 469
508 467
508 500
508 469
508 471
508 472
508 507
509 480
509 530
509 510
509 511
510 512
510 529
510 530
510 509
510 511
511 512
511 480
511 509
511 510
511 479
512 529
512 479
512 510
512 511
513 480
513 514
513 529
513 530
513 474
513 476
513 477
514 513
514 481
514 474
514 477
514 478
515 516
515 517
515 518
515 519
515 520
515 531
515 532
516 515
516 517
516 534
516 519
517 515
517 516
517 518
517 526
517 527
517 528
517 534
517 535
518 528
518 515
518 532
518 517
519 515
519 516
519 520
519 521
519 533
519 534
520 531
520 521
520 515
520 519
521 519
521 520
521 522
521 523
521 531
521 533
522 521
522 523
522 524
522 525
522 533
523 521
523 522
523 531
523 524
524 522
524 523
524 525
524 526
524 531
524 532
525 522
525 524
525 526
525 527
525 533
525 534
525 535
526 517
526 524
526 525
526 527
526 528
526 532
527 517
527 525
527 526
527 535
528 532
528 517
528 518
528 526
529 512
529 513
529 530
529 477
529 510
529 479
530 480
530 513
530 529
530 509
530 510
531 515
531 520
531 521
531 523
531 524
531 532
532 515
532 518
532 524
532 526
532 528
532 531
533 519
533 521
533 522
533 525
533 534
534 516
534 517
534 519
534 525
534 533
534 535
535 525
535 517
535 534
535 527
536 666
536 537
536 538
536 539
536 540
536 541
537 536
537 538
537 539
537 667
538 675
538 676
538 536
538 537
538 666
538 667
539 536
539 537
539 667
539 540
539 541
540 536
540 539
540 541
541 677
541 678
541 667
541 536
541 666
541 539
541 540
542 544
542 552
542 543
543 544
543 552
543 554
543 654
543 662
543 542
544 552
544 653
544 654
544 661
544 542
544 543
545 546
545 547
545 553
545 555
545 669
546 545
546 547
546 553
547 545
547 546
547 680
547 553
547 664
547 665
547 669
548 672
548 549
548 550
548 551
548 556
549 548
549 550
549 551
550 672
550 674
550 548
550 549
550 551
550 657
550 670
551 548
551 549
551 550
551 556
551 670
551 671
552 544
552 554
552 661
552 542
552 543
553 545
553 546
553 547
553 555
553 665
553 668
554 552
554 661
554 662
554 543
555 553
555 668
555 669
555 545
556 671
556 548
556 672
556 551
557 558
557 559
557 560
557 561
557 564
557 703
558 646
558 711
558 647
558 557
558 559
558 703
559 641
559 646
559 557
559 558
559 560
560 641
560 642
560 557
560 559
560 561
560 562
561 557
561 560
561 562
561 563
561 564
561 695
561 696
562 642
562 645
562 583
562 588
562 589
562 560
562 561
562 563
563 695
563 589
563 561
563 562
563 567
563 700
564 557
564 561
564 696
564 697
564 703
565 589
565 566
565 567
565 568
565 569
565 570
566 708
566 710
566 565
566 567
566 569
566 701
566 702
567 589
567 563
567 565
567 566
567 700
567 701
568 579
568 711
568 565
568 569
568 570
568 571
568 572
569 710
569 711
569 565
569 566
569 568
570 583
570 589
570 565
570 568
570 571
571 576
571 583
571 584
571 585
571 568
571 570
571 572
572 576
572 579
572 568
572 571
572 573
572 574
573 576
573 577
573 572
573 574
573 575
574 578
574 579
574 631
574 572
574 573
574 575
575 577
575 581
575 631
575 632
575 573
575 574
575 639
576 577
576 580
576 585
576 571
576 572
576 573
577 576
577 580
577 581
577 573
577 575
578 579
578 649
578 625
578 631
578 574
579 578
579 711
579 648
579 649
579 568
579 572
579 574
580 576
580 577
580 581
580 582
580 585
580 586
581 577
581 580
581 582
581 575
581 638
581 639
582 580
582 581
582 586
582 637
582 638
583 584
583 588
583 589
583 562
583 570
583 571
584 583
584 585
584 586
584 587
584 588
584 571
585 576
585 580
585 584
585 586
585 571
586 580
586 582
586 584
586 585
586 587
586 636
586 637
587 640
587 584
587 586
587 588
587 636
588 640
588 643
588 644
588 645
588 583
588 584
588 587
588 562
589 583
589 562
589 563
589 565
589 567
589 570
590 591
590 592
590 597
590 603
590 604
590 606
591 590
591 592
591 593
591 594
591 595
591 596
591 597
591 598
592 593
592 603
592 590
592 591
593 591
593 592
593 594
593 601
593 602
593 603
594 601
594 593
594 595
594 591
595 591
595 594
595 596
595 599
595 601
595 607
596 595
596 607
596 598
596 591
597 598
597 604
597 590
597 591
598 591
598 596
598 597
598 604
598 605
598 607
599 600
599 601
599 595
599 607
600 599
600 601
600 602
600 603
600 604
600 605
600 606
600 607
601 593
601 594
601 595
601 599
601 600
601 602
602 600
602 601
602 603
602 593
603 590
603 592
603 593
603 600
603 602
603 606
604 590
604 597
604 598
604 600
604 605
604 606
605 600
605 604
605 598
605 607
606 600
606 603
606 604
606 590
607 595
607 596
607 598
607 599
607 600
607 605
608 609
608 610
608 611
608 614
608 615
609 608
609 610
609 614
610 608
610 609
610 611
610 612
610 613
611 608
611 610
611 612
612 610
612 611
612 613
612 615
613 610
613 612
613 614
613 615
614 608
614 609
614 613
614 615
615 608
615 612
615 613
615 614
616 617
616 618
616 620
616 621
616 622
616 626
617 616
617 618
617 619
617 620
617 637
617 638
618 616
618 617
618 619
618 626
618 627
619 617
619 618
619 627
619 630
619 636
619 637
620 616
620 617
620 621
620 638
620 639
621 616
621 620
621 622
621 623
621 632
621 639
622 616
622 621
622 623
622 624
622 626
623 621
623 622
623 624
623 625
623 631
623 632
624 622
624 623
624 625
624 626
624 628
624 629
625 578
625 649
625 623
625 624
625 629
625 631
625 635
626 616
626 618
626 622
626 624
626 627
626 628
627 618
627 619
627 626
627 628
627 629
627 630
628 624
628 626
628 627
628 629
629 624
629 625
629 627
629 628
629 630
629 633
629 634
629 635
630 640
630 643
630 619
630 627
630 629
630 633
630 636
631 578
631 623
631 625
631 632
631 574
631 575
632 575
632 621
632 623
632 631
632 639
633 641
633 642
633 643
633 644
633 645
633 629
633 630
633 634
634 633
634 641
634 635
634 629
635 641
635 646
635 647
635 648
635 649
635 625
635 629
635 634
636 640
636 586
636 587
636 619
636 630
636 637
637 582
637 617
637 586
637 619
637 636
637 638
638 581
638 582
638 617
638 620
638 637
638 639
639 581
639 620
639 621
639 632
639 638
639 575
640 643
640 587
640 588
640 630
640 636
641 642
641 646
641 559
641 560
641 633
641 634
641 635
642 641
642 645
642 560
642 562
642 633
643 640
643 644
643 588
643 630
643 633
644 633
644 643
644 588
644 645
645 642
645 644
645 588
645 562
645 633
646 641
646 647
646 558
646 559
646 635
647 646
647 711
647 648
647 558
647 635
648 579
648 711
648 647
648 649
648 635
649 578
649 579
649 648
649 625
649 635
650 368
650 369
650 371
650 374
650 377
650 411
650 414
651 384
651 386
651 388
651 389
651 370
652 681
652 682
652 683
652 653
652 654
652 660
652 662
653 544
653 683
653 684
653 652
653 654
653 659
653 661
654 544
654 652
654 653
654 662
654 543
655 673
655 685
655 656
655 657
655 670
655 671
656 657
656 658
656 685
656 655
657 674
657 550
657 655
657 656
657 658
657 670
658 656
658 657
658 674
658 686
659 681
659 684
659 653
659 660
659 661
660 681
660 652
660 659
660 661
660 662
661 544
661 552
661 554
661 653
661 659
661 660
661 662
662 554
662 652
662 654
662 660
662 661
662 543
663 679
663 687
663 688
663 689
663 664
663 665
663 668
664 547
664 680
664 687
664 663
664 665
665 547
665 553
665 663
665 664
665 668
666 675
666 678
666 536
666 538
666 541
667 676
667 677
667 537
667 538
667 539
667 541
668 679
668 553
668 555
668 663
668 665
668 669
669 545
669 547
669 679
669 680
669 555
669 668
670 550
670 551
670 655
670 657
670 671
671 672
671 673
671 551
671 556
671 655
671 670
672 673
672 674
672 548
672 550
672 556
672 671
673 672
673 674
673 685
673 655
673 671
674 672
674 673
674 550
674 685
674 686
674 657
674 658
675 676
675 678
675 538
675 691
675 692
675 693
675 666
676 675
676 677
676 691
676 538
676 667
677 676
677 678
677 691
677 693
677 694
677 667
677 541
678 675
678 677
678 693
678 666
678 541
679 680
679 689
679 663
679 668
679 669
680 547
680 679
680 687
680 689
680 690
680 664
680 669
681 682
681 684
681 652
681 659
681 660
682 681
682 683
682 652
683 682
683 684
683 652
683 653
684 681
684 683
684 659
684 653
685 673
685 674
685 686
685 655
685 656
686 674
686 685
686 658
687 680
687 688
687 690
687 663
687 664
688 663
688 689
688 687
689 679
689 680
689 688
689 690
689 663
690 680
690 689
690 687
691 675
691 676
691 677
691 692
691 694
692 675
692 691
692 693
693 675
693 677
693 678
693 692
693 694
694 691
694 677
694 693
695 705
695 706
695 561
695 563
695 696
695 700
696 705
696 561
696 564
696 695
696 697
696 698
697 704
697 564
697 696
697 698
697 699
697 702
697 703
698 696
698 697
698 699
698 705
699 704
699 697
699 698
700 706
700 707
700 695
700 563
700 567
700 701
701 707
701 708
701 709
701 566
701 567
701 700
702 704
702 708
702 710
702 566
702 697
702 703
703 710
703 711
703 557
703 558
703 564
703 697
703 702
704 708
704 709
704 697
704 699
704 702
705 696
705 706
705 698
705 695
706 705
706 707
706 700
706 695
707 709
707 706
707 700
707 701
708 704
708 709
708 566
708 701
708 702
709 704
709 707
709 708
709 701
710 711
710 566
710 569
710 702
710 703
711 579
711 710
711 647
711 648
711 558
711 568
711 569
711 703
712 713
712 714
712 715
712 716
712 717
712 718
713 902
713 903
713 712
713 714
713 715
713 916
713 917
713 727
714 1152
714 1153
714 1156
714 712
714 713
714 718
714 917
715 712
715 713
715 716
715 725
715 727
716 712
716 715
716 717
716 720
716 721
716 725
717 1157
717 712
717 716
717 718
717 719
717 720
718 1156
718 1157
718 712
718 714
718 717
719 1157
719 1158
719 1159
719 1161
719 1163
719 717
719 720
719 723
720 716
720 717
720 719
720 721
720 722
720 723
720 757
720 758
721 716
721 720
721 722
721 724
721 725
722 720
722 721
722 724
722 758
722 759
722 728
723 1161
723 719
723 720
723 756
723 757
723 734
724 721
724 722
724 725
724 726
724 728
724 729
724 730
724 731
725 715
725 716
725 721
725 724
725 726
725 727
726 897
726 907
726 908
726 724
726 725
726 727
726 730
726 732
727 903
727 713
727 715
727 907
727 725
727 726
728 742
728 743
728 722
728 754
728 724
728 759
728 729
729 742
729 744
729 748
729 724
729 728
729 731
730 732
730 731
730 724
730 726
731 729
731 730
731 724
731 748
732 730
732 908
732 726
733 740
733 741
733 751
733 752
733 734
733 735
734 1161
734 1162
734 1165
734 752
734 723
734 756
734 733
734 735
735 740
735 1165
735 1167
735 733
735 734
736 737
736 738
736 1164
736 22
736 796
736 798
737 736
737 738
737 739
737 1159
737 1160
737 1164
737 1166
738 736
738 737
738 800
738 739
738 798
739 800
739 737
739 738
739 910
739 1166
739 912
740 741
740 742
740 744
740 745
740 1167
740 733
740 735
741 740
741 742
741 743
741 750
741 751
741 733
742 740
742 741
742 743
742 744
742 728
742 729
743 741
743 742
743 750
743 754
743 728
744 740
744 742
744 745
744 746
744 747
744 748
744 749
744 729
745 865
745 740
745 744
745 746
745 1167
746 865
746 744
746 745
746 747
746 876
746 884
747 744
747 746
747 884
747 749
748 744
748 729
748 731
748 749
749 744
749 747
749 748
749 884
749 885
750 741
750 743
750 751
750 753
750 754
751 741
751 750
751 752
751 753
751 733
752 751
752 753
752 755
752 756
752 733
752 734
753 750
753 751
753 752
753 754
753 755
753 757
753 758
753 759
754 743
754 750
754 753
754 759
754 728
755 752
755 753
755 756
755 757
756 752
756 755
756 723
756 757
756 734
757 720
757 753
757 723
757 755
757 756
757 758
758 720
758 753
758 722
758 757
758 759
759 753
759 722
759 754
759 758
759 728
760 761
760 762
760 763
760 766
760 767
761 760
761 762
761 764
762 760
762 761
762 763
762 764
762 765
763 760
763 762
763 766
764 761
764 762
764 765
764 774
765 762
765 764
765 774
765 775
766 769
766 770
766 760
766 763
766 767
767 760
767 769
767 766
768 769
768 770
768 771
768 772
769 768
769 770
769 995
769 940
769 920
769 922
769 925
769 766
769 767
770 768
770 769
770 771
770 766
771 768
771 770
771 772
771 773
772 768
772 771
772 773
772 774
773 771
773 772
773 774
773 775
774 994
774 995
774 772
774 773
774 775
774 924
774 920
774 764
774 765
774 990
774 991
775 765
775 773
775 774
776 777
776 778
776 787
776 1046
777 776
777 778
777 780
777 781
777 786
777 787
777 1172
778 776
778 777
778 780
778 1134
778 1046
778 1051
779 803
779 780
779 781
779 782
779 1178
780 803
780 777
780 778
780 779
780 781
780 1134
780 17
780 1177
781 777
781 810
781 779
781 780
781 782
781 1168
781 786
782 1184
782 1185
782 806
782 779
782 781
782 1168
782 1169
782 1178
783 784
783 785
783 806
783 807
784 806
784 783
784 785
784 1169
784 1171
784 1170
785 784
785 808
785 1171
785 783
786 777
786 810
786 809
786 781
786 1201
786 1202
786 1172
786 1173
787 776
787 777
787 1044
787 1045
787 788
787 789
787 1046
787 1172
788 1039
788 787
788 789
788 790
788 791
788 1045
789 787
789 1172
789 788
789 1173
789 790
789 795
790 788
790 789
790 791
790 792
790 793
790 794
790 795
791 866
791 1039
791 788
791 918
791 790
791 792
792 864
792 866
792 790
792 791
792 793
792 862
793 790
793 792
793 794
793 796
793 862
793 863
794 790
794 793
794 795
794 796
794 797
795 1173
795 789
795 790
795 1174
795 794
795 797
795 799
796 736
796 1164
796 22
796 793
796 794
796 797
796 863
797 22
797 794
797 795
797 796
797 799
798 736
798 800
798 738
798 802
798 1025
798 17
798 20
798 22
799 1174
799 22
799 1175
799 795
799 797
800 738
800 1027
800 739
800 802
800 912
800 798
801 17
801 20
801 22
801 1175
801 1176
801 1177
802 800
802 1024
802 1025
802 35
802 1026
802 1027
802 798
803 1219
803 779
803 780
803 815
803 1177
803 1178
803 1180
804 808
804 805
804 806
804 807
805 804
805 1189
805 806
805 1190
805 808
805 1191
806 1185
806 804
806 805
806 1188
806 807
806 1189
806 782
806 783
806 784
806 1169
807 804
807 806
807 783
808 804
808 805
808 1190
808 785
808 1171
809 1193
809 810
809 812
809 1201
809 786
809 1203
809 1205
809 1212
810 1190
810 1191
810 1192
810 809
810 1193
810 781
810 1168
810 786
810 1171
810 1170
811 812
811 813
811 814
811 815
811 816
811 817
811 1208
811 1214
812 809
812 811
812 813
812 1205
812 1208
812 1209
812 1212
813 811
813 812
813 814
813 1203
813 1205
813 1206
813 1215
814 1217
814 811
814 813
814 1206
814 1207
814 1182
814 1214
814 1183
815 1218
815 1219
815 803
815 811
815 816
815 1180
815 1214
816 1220
816 1221
816 1224
816 811
816 815
816 817
816 1180
816 1181
817 1220
817 811
817 1197
817 816
817 1200
817 1208
818 1028
818 1029
818 819
818 820
818 823
818 1018
818 830
819 830
819 818
819 820
819 821
819 1053
819 1054
819 831
820 818
820 819
820 821
820 822
820 823
821 819
821 820
821 822
821 827
821 828
821 1054
821 831
822 820
822 821
822 823
822 824
822 825
822 826
822 827
823 1028
823 818
823 820
823 822
823 824
823 1016
823 1018
823 1017
824 1016
824 825
824 822
824 823
825 944
825 1009
825 945
825 822
825 824
825 1016
825 826
826 945
826 822
826 825
826 827
826 828
826 829
826 1055
827 826
827 828
827 821
827 822
828 821
828 826
828 827
828 829
828 830
828 831
829 833
829 1252
829 826
829 828
829 830
829 1055
830 832
830 833
830 1008
830 818
830 819
830 1018
830 828
830 829
830 831
831 819
831 821
831 1054
831 828
831 1053
831 830
832 833
832 834
832 1006
832 1008
832 830
833 832
833 834
833 835
833 836
833 1252
833 1245
833 829
833 830
834 832
834 833
834 835
834 842
834 1004
834 1005
834 1006
835 833
835 834
835 836
835 837
835 838
835 839
835 842
836 833
836 835
836 837
836 1245
836 1246
837 835
837 836
837 838
837 840
837 841
837 1246
838 835
838 837
838 839
838 840
838 1001
838 1014
839 835
839 838
839 1000
839 1001
839 842
839 1002
840 841
840 837
840 838
840 1014
841 840
841 1250
841 837
841 1246
842 834
842 835
842 839
842 1002
842 1004
843 844
843 845
843 846
843 1135
843 1136
843 851
843 853
843 855
844 843
844 845
844 846
844 847
844 849
845 843
845 844
845 849
845 850
845 851
846 1124
846 843
846 844
846 847
846 848
846 1135
847 844
847 846
847 848
847 849
847 856
848 856
848 1124
848 846
848 847
849 844
849 845
849 847
849 850
849 856
850 845
850 849
850 851
850 852
850 856
851 843
851 845
851 850
851 852
851 853
852 850
852 851
852 853
852 854
852 856
853 928
853 1056
853 933
853 938
853 843
853 851
853 852
853 854
853 855
853 927
854 932
854 1129
854 938
854 852
854 853
854 855
854 856
854 926
854 927
855 1129
855 843
855 1136
855 853
855 854
856 1124
856 1129
856 847
856 848
856 849
856 850
856 852
856 854
857 858
857 859
857 861
858 857
858 859
858 860
858 861
859 1008
859 1010
859 1012
859 857
859 858
859 860
859 861
860 1010
860 1011
860 1016
860 1017
860 858
860 859
860 861
861 1008
861 1017
861 857
861 1018
861 859
861 860
861 858
862 864
862 1165
862 1167
862 792
862 793
862 863
863 1162
863 1164
863 1165
863 793
863 796
863 862
864 865
864 866
864 1167
864 792
864 862
865 864
865 866
865 745
865 746
865 876
865 877
865 1167
865 1244
866 864
866 865
866 918
866 791
866 792
866 1244
867 872
867 868
867 869
867 871
868 867
868 869
868 870
868 871
869 867
869 868
869 870
869 872
869 1226
869 1227
869 1228
870 868
870 869
870 871
870 872
870 1226
870 1228
871 872
871 867
871 868
871 870
872 867
872 869
872 870
872 871
872 1228
873 874
873 875
873 878
873 879
873 1234
873 888
874 873
874 875
874 876
874 877
874 878
874 880
874 884
875 873
875 874
875 877
875 1232
875 1234
876 865
876 874
876 746
876 877
876 884
877 865
877 874
877 875
877 876
877 1232
877 919
877 1244
878 873
878 874
878 879
878 880
878 881
878 891
879 873
879 878
879 887
879 888
879 890
879 891
880 874
880 878
880 881
880 882
880 883
880 884
881 878
881 880
881 882
881 891
881 892
882 896
882 897
882 880
882 881
882 883
882 892
882 893
883 897
883 880
883 882
883 884
883 885
883 886
884 874
884 746
884 876
884 747
884 749
884 880
884 883
884 885
885 883
885 884
885 749
885 886
886 897
886 883
886 908
886 885
887 888
887 889
887 890
887 879
888 873
888 879
888 1234
888 887
888 889
889 906
889 1234
889 887
889 888
889 890
889 894
890 879
890 887
890 889
890 891
890 892
890 893
890 894
890 895
891 878
891 879
891 881
891 890
891 892
892 881
892 882
892 890
892 891
892 893
893 896
893 882
893 890
893 892
893 895
894 899
894 906
894 889
894 890
894 895
895 896
895 899
895 890
895 893
895 894
896 897
896 898
896 899
896 882
896 893
896 895
897 896
897 898
897 907
897 908
897 882
897 883
897 726
897 886
898 896
898 897
898 899
898 900
898 907
899 896
899 898
899 900
899 901
899 904
899 906
899 894
899 895
900 898
900 899
900 901
900 902
900 903
900 907
901 899
901 900
901 902
901 904
901 905
901 1235
902 900
902 901
902 903
902 713
902 1235
902 916
903 900
903 902
903 713
903 907
903 727
904 899
904 901
904 905
904 906
904 1237
904 1238
904 1240
904 1241
905 901
905 904
905 1235
905 1236
905 1237
906 899
906 904
906 1234
906 1240
906 889
906 894
907 897
907 898
907 900
907 903
907 726
907 727
908 897
908 886
908 732
908 726
909 1027
909 38
909 910
909 911
909 912
909 913
910 739
910 909
910 1166
910 911
910 912
910 1238
910 1239
911 909
911 910
911 913
911 914
911 1233
911 1238
911 1241
912 800
912 1027
912 739
912 909
912 910
913 38
913 909
913 911
913 1041
913 914
913 915
913 1042
914 911
914 1232
914 913
914 1233
914 915
914 919
915 1039
915 913
915 914
915 1041
915 918
915 919
916 902
916 713
916 1235
916 917
916 1243
917 1152
917 713
917 714
917 916
917 1243
918 866
918 791
918 1039
918 915
918 919
918 1244
919 877
919 1232
919 914
919 915
919 918
919 1244
920 769
920 995
920 774
920 921
920 922
920 924
921 941
921 920
921 922
921 923
921 924
922 769
922 920
922 921
922 923
922 925
923 921
923 922
923 925
923 941
924 993
924 774
924 941
924 920
924 921
924 990
925 769
925 939
925 940
925 941
925 922
925 923
926 928
926 929
926 930
926 931
926 932
926 935
926 854
926 927
927 928
927 938
927 853
927 854
927 926
928 929
928 933
928 853
928 926
928 927
929 928
929 933
929 934
929 935
929 926
930 931
930 935
930 936
930 937
930 926
931 930
931 932
931 937
931 942
931 943
931 926
932 931
932 938
932 943
932 854
932 926
933 928
933 929
933 1056
933 934
933 853
934 1056
934 929
934 933
934 935
934 936
935 929
935 930
935 934
935 936
935 926
936 1056
936 930
936 934
936 935
936 937
937 1056
937 930
937 931
937 936
937 942
938 1056
938 932
938 943
938 853
938 854
938 927
939 993
939 994
939 995
939 940
939 941
939 925
940 769
940 939
940 925
940 995
941 993
941 939
941 921
941 923
941 924
941 925
942 1056
942 937
942 931
942 943
943 1056
943 931
943 932
943 938
943 942
944 945
944 946
944 947
944 1009
944 825
945 944
945 946
945 825
945 826
945 1245
945 1055
946 1248
946 1249
946 944
946 945
946 947
946 1245
946 1246
946 1247
947 1256
947 944
947 1009
947 946
947 1247
948 949
948 950
948 951
948 952
948 954
949 948
949 950
949 954
949 956
949 958
949 959
950 960
950 948
950 949
950 951
950 959
951 960
951 961
951 948
951 950
951 952
951 953
952 948
952 951
952 953
952 954
952 955
953 952
953 961
953 951
954 948
954 949
954 952
954 955
954 956
955 952
955 954
955 956
955 957
956 949
956 954
956 955
956 957
956 958
957 962
957 955
957 956
957 958
958 962
958 949
958 956
958 957
958 959
959 960
959 962
959 949
959 950
959 958
960 961
960 962
960 950
960 951
960 959
961 960
961 953
961 962
961 951
962 960
962 961
962 957
962 958
962 959
963 964
963 965
963 966
963 967
963 968
964 1130
964 963
964 965
964 967
965 963
965 964
965 966
965 969
965 1130
966 963
966 965
966 968
966 969
966 970
967 1121
967 1122
967 963
967 964
967 968
967 1130
968 1121
968 963
968 966
968 967
968 970
968 1109
968 1115
968 1116
968 1117
969 965
969 966
969 1130
969 970
969 971
970 1121
970 966
970 968
970 969
970 971
970 972
971 969
971 970
971 1130
971 972
971 973
972 1120
972 1121
972 970
972 971
972 973
972 974
973 1120
973 1123
973 1130
973 971
973 972
973 974
974 1120
974 972
974 973
974 1110
974 1112
974 1113
974 1114
975 976
975 977
975 978
975 986
975 987
976 975
976 977
976 978
976 979
976 980
977 976
977 987
977 988
977 975
978 975
978 976
978 979
978 982
978 986
979 976
979 978
979 980
979 981
979 982
980 976
980 979
980 981
980 983
981 979
981 980
981 982
981 983
981 984
982 978
982 979
982 981
982 984
982 985
982 986
983 984
983 989
983 980
983 981
984 981
984 982
984 983
984 985
984 989
985 982
985 984
985 986
985 987
985 989
986 975
986 978
986 982
986 985
986 987
987 975
987 977
987 985
987 986
987 988
987 989
988 977
988 987
988 989
989 983
989 984
989 985
989 987
989 988
990 992
990 993
990 774
990 924
990 991
991 992
991 994
991 990
991 774
992 993
992 994
992 990
992 991
993 992
993 994
993 939
993 941
993 924
993 990
994 992
994 993
994 995
994 774
994 939
994 991
995 769
995 994
995 774
995 939
995 940
995 920
996 997
996 998
996 999
997 996
997 1253
997 1254
997 998
997 1255
997 999
998 996
998 997
998 1254
998 1255
998 999
999 996
999 997
999 998
999 1255
1000 839
1000 1001
1000 1002
1000 1003
1000 1004
1001 838
1001 839
1001 1000
1001 1003
1001 1014
1001 1015
1002 1000
1002 842
1002 1004
1002 839
1003 1000
1003 1001
1003 1256
1003 1004
1003 1005
1003 1006
1003 1007
1003 1015
1004 834
1004 1000
1004 1002
1004 1003
1004 842
1004 1005
1005 834
1005 1003
1005 1004
1005 1006
1006 832
1006 834
1006 1003
1006 1005
1006 1007
1006 1008
1007 1256
1007 1003
1007 1006
1007 1008
1007 1009
1008 832
1008 1006
1008 1007
1008 1009
1008 1010
1008 1012
1008 1018
1008 859
1008 861
1008 830
1009 1256
1009 1007
1009 1008
1009 944
1009 1010
1009 1011
1009 947
1009 1016
1009 825
1010 1008
1010 1009
1010 1011
1010 1012
1010 859
1010 860
1011 1016
1011 1009
1011 1010
1011 860
1012 1008
1012 1010
1012 859
1013 1248
1013 1251
1013 1014
1013 1015
1014 838
1014 840
1014 1001
1014 1013
1014 1015
1015 1248
1015 1256
1015 1001
1015 1003
1015 1013
1015 1014
1016 1009
1016 1011
1016 823
1016 824
1016 825
1016 860
1016 1017
1017 823
1017 1016
1017 1018
1017 860
1017 861
1018 1028
1018 1029
1018 1008
1018 818
1018 823
1018 1017
1018 861
1018 830
1019 1259
1019 1263
1019 1267
1019 1268
1019 1020
1019 1021
1019 1022
1019 1023
1020 1287
1020 1288
1020 1267
1020 1270
1020 1272
1020 1273
1020 1019
1020 1021
1021 1285
1021 1288
1021 1259
1021 1261
1021 1019
1021 1020
1022 1263
1022 1264
1022 1307
1022 1019
1022 1308
1022 1278
1022 1023
1023 1299
1023 1268
1023 1269
1023 1271
1023 1278
1023 1019
1023 1309
1023 1022
1024 1025
1024 802
1024 35
1024 1134
1024 17
1025 1024
1025 17
1025 802
1025 798
1026 1027
1026 802
1026 35
1026 37
1027 800
1027 802
1027 1026
1027 37
1027 38
1027 909
1027 912
1028 818
1028 1018
1028 1029
1028 823
1029 818
1029 1018
1029 1028
1030 1031
1030 1032
1030 1033
1030 1293
1030 1294
1031 1032
1031 1290
1031 1293
1031 1030
1032 1030
1032 1031
1032 1126
1032 1033
1032 1290
1032 1301
1032 1050
1033 1032
1033 1126
1033 1125
1033 1030
1034 1035
1034 1036
1034 1037
1034 1038
1034 1044
1034 1046
1034 1049
1034 1050
1035 1034
1035 1291
1035 1036
1035 1274
1035 1296
1035 1297
1035 1050
1035 1275
1036 1034
1036 1035
1036 1037
1036 1296
1036 1268
1036 1276
1037 1034
1037 1036
1037 1038
1037 1298
1037 1276
1037 1277
1037 1310
1037 1311
1038 1034
1038 1037
1038 1040
1038 1298
1038 1044
1038 1045
1039 1040
1039 1041
1039 915
1039 788
1039 1045
1039 918
1039 791
1040 1038
1040 1039
1040 1041
1040 1042
1040 1043
1040 1298
1040 1045
1041 1039
1041 1040
1041 913
1041 1042
1041 915
1042 38
1042 1040
1042 1041
1042 913
1042 1043
1043 38
1043 1040
1043 1042
1043 1298
1043 1047
1044 1034
1044 1038
1044 787
1044 1045
1044 1046
1045 1038
1045 1039
1045 1040
1045 787
1045 1044
1045 788
1046 776
1046 778
1046 1034
1046 787
1046 1044
1046 1049
1046 1051
1047 38
1047 1298
1047 1299
1047 1043
1047 1048
1047 1309
1047 1310
1048 35
1048 37
1048 38
1048 1299
1048 1047
1048 1307
1048 1308
1049 1034
1049 1132
1049 1300
1049 1046
1049 1050
1049 1051
1049 1052
1050 1032
1050 1289
1050 1034
1050 1291
1050 1290
1050 1035
1050 1300
1050 1301
1050 1049
1051 35
1051 778
1051 1133
1051 1134
1051 1046
1051 1049
1051 1307
1051 1052
1052 1131
1052 1132
1052 1133
1052 1049
1052 1051
1053 819
1053 1054
1053 831
1054 819
1054 821
1054 1053
1054 831
1055 1252
1055 829
1055 945
1055 826
1055 1245
1056 933
1056 934
1056 936
1056 937
1056 938
1056 942
1056 943
1056 853
1057 1058
1057 1059
1057 1060
1057 1061
1057 1102
1057 1076
1058 1057
1058 1059
1058 1060
1058 1073
1058 1074
1059 1057
1059 1058
1059 1061
1059 1062
1059 1074
1060 1057
1060 1058
1060 1076
1060 1073
1061 1057
1061 1059
1061 1062
1061 1063
1061 1101
1061 1102
1062 1059
1062 1061
1062 1063
1062 1064
1062 1074
1062 1081
1063 1061
1063 1062
1063 1064
1063 1065
1063 1101
1064 1062
1064 1063
1064 1065
1064 1067
1064 1070
1064 1071
1064 1072
1064 1080
1064 1081
1064 1083
1065 1063
1065 1064
1065 1066
1065 1067
1065 1068
1065 1069
1065 1099
1065 1100
1065 1101
1066 1092
1066 1096
1066 1065
1066 1067
1066 1068
1066 1148
1066 1149
1067 1091
1067 1092
1067 1064
1067 1065
1067 1066
1067 1070
1067 1148
1067 1149
1068 1096
1068 1097
1068 1065
1068 1066
1068 1069
1068 1150
1068 1151
1069 1097
1069 1065
1069 1099
1069 1068
1069 1150
1069 1151
1070 1091
1070 1064
1070 1067
1070 1071
1070 1085
1070 1118
1070 1119
1071 1064
1071 1070
1071 1072
1071 1083
1071 1085
1071 1118
1071 1119
1072 1064
1072 1083
1072 1071
1073 1058
1073 1060
1073 1074
1073 1075
1073 1076
1074 1058
1074 1059
1074 1062
1074 1073
1074 1075
1074 1081
1074 1082
1074 1084
1075 1073
1075 1074
1075 1076
1075 1077
1075 1078
1075 1079
1075 1084
1076 1057
1076 1060
1076 1102
1076 1073
1076 1075
1076 1078
1077 1103
1077 1075
1077 1078
1077 1079
1077 1146
1078 1102
1078 1103
1078 1075
1078 1076
1078 1077
1079 1075
1079 1084
1079 1077
1079 1086
1080 1088
1080 1089
1080 1090
1080 1312
1080 1064
1080 1140
1080 1081
1080 1082
1080 1083
1081 1062
1081 1064
1081 1074
1081 1080
1081 1082
1082 1312
1082 1074
1082 1080
1082 1081
1082 1084
1082 1087
1083 1088
1083 1064
1083 1071
1083 1072
1083 1080
1083 1085
1084 1074
1084 1075
1084 1079
1084 1082
1084 1086
1084 1087
1085 1088
1085 1089
1085 1091
1085 1070
1085 1071
1085 1083
1085 1118
1086 1147
1086 1084
1086 1079
1086 1087
1087 1312
1087 1141
1087 1145
1087 1082
1087 1147
1087 1084
1087 1086
1088 1080
1088 1089
1088 1083
1088 1085
1089 1088
1089 1090
1089 1091
1089 1092
1089 1093
1089 1080
1089 1085
1090 1089
1090 1093
1090 1094
1090 1095
1090 1140
1090 1142
1090 1080
1091 1089
1091 1092
1091 1067
1091 1070
1091 1085
1092 1089
1092 1091
1092 1093
1092 1094
1092 1096
1092 1066
1092 1067
1092 1148
1093 1089
1093 1090
1093 1092
1093 1094
1094 1090
1094 1092
1094 1093
1094 1095
1094 1096
1094 1097
1094 1098
1095 1090
1095 1094
1095 1098
1095 1099
1095 1100
1095 1137
1095 1142
1096 1092
1096 1094
1096 1097
1096 1066
1096 1068
1097 1094
1097 1096
1097 1098
1097 1099
1097 1068
1097 1069
1097 1150
1098 1097
1098 1099
1098 1094
1098 1095
1099 1095
1099 1097
1099 1098
1099 1065
1099 1100
1099 1069
1100 1095
1100 1065
1100 1099
1100 1101
1100 1137
1100 1139
1101 1313
1101 1061
1101 1063
1101 1065
1101 1100
1101 1102
1101 1139
1101 1302
1102 1057
1102 1061
1102 1101
1102 1103
1102 1076
1102 1078
1102 1302
1103 1102
1103 1138
1103 1077
1103 1078
1103 1302
1103 1144
1103 1146
1104 1105
1104 1106
1104 1107
1104 1110
1104 1111
1105 1104
1105 1106
1105 1108
1106 1104
1106 1105
1106 1107
1106 1108
1106 1109
1107 1104
1107 1106
1107 1110
1108 1105
1108 1106
1108 1117
1108 1109
1109 968
1109 1106
1109 1108
1109 1117
1110 974
1110 1104
1110 1107
1110 1111
1110 1113
1111 1104
1111 1113
1111 1110
1112 1113
1112 1114
1112 1115
1112 974
1113 1112
1113 1110
1113 974
1113 1111
1114 1112
1114 1115
1114 1116
1114 974
1115 968
1115 1112
1115 1114
1115 1116
1115 1117
1116 968
1116 1114
1116 1115
1117 968
1117 1115
1117 1108
1117 1109
1118 1070
1118 1085
1118 1119
1118 1071
1119 1070
1119 1118
1119 1071
1120 1121
1120 1122
1120 1123
1120 972
1120 973
1120 974
1121 1120
1121 1122
1121 967
1121 968
1121 970
1121 972
1122 1120
1122 1121
1122 1123
1122 967
1122 1130
1123 1120
1123 1122
1123 973
1123 1130
1124 1129
1124 846
1124 1135
1124 848
1124 1136
1124 856
1125 1128
1125 1033
1125 1126
1125 1127
1126 1125
1126 1127
1126 1032
1126 1033
1126 1295
1126 1301
1127 1281
1127 1284
1127 1125
1127 1126
1127 1128
1127 1292
1127 1132
1127 1293
1127 1294
1127 1295
1128 1125
1128 1294
1128 1127
1129 1124
1129 1136
1129 854
1129 855
1129 856
1130 1122
1130 1123
1130 964
1130 965
1130 967
1130 969
1130 971
1130 973
1131 1258
1131 1259
1131 1132
1131 1133
1131 1305
1131 1306
1131 1052
1131 1279
1132 1281
1132 1127
1132 1131
1132 1295
1132 1300
1132 1049
1132 1052
1132 1279
1133 1051
1133 1131
1133 1264
1133 1265
1133 1306
1133 1307
1133 1052
1134 1024
1134 35
1134 778
1134 780
1134 17
1134 1051
1135 1136
1135 843
1135 1124
1135 846
1136 1124
1136 1129
1136 843
1136 1135
1136 855
1137 1095
1137 1100
1137 1138
1137 1139
1137 1141
1137 1142
1138 1313
1138 1103
1138 1137
1138 1139
1138 1141
1138 1302
1138 1144
1139 1313
1139 1100
1139 1101
1139 1137
1139 1138
1140 1312
1140 1090
1140 1141
1140 1142
1140 1080
1141 1312
1141 1137
1141 1138
1141 1140
1141 1142
1141 1144
1141 1145
1141 1087
1142 1090
1142 1095
1142 1137
1142 1140
1142 1141
1143 1144
1143 1145
1143 1146
1143 1147
1144 1103
1144 1138
1144 1141
1144 1143
1144 1145
1144 1146
1145 1141
1145 1143
1145 1144
1145 1147
1145 1087
1146 1144
1146 1077
1146 1103
1146 1143
1147 1145
1147 1087
1147 1086
1147 1143
1148 1066
1148 1067
1148 1092
1148 1149
1149 1066
1149 1067
1149 1148
1150 1097
1150 1068
1150 1069
1150 1151
1151 1068
1151 1069
1151 1150
1152 1153
1152 1154
1152 714
1152 917
1152 1243
1153 1152
1153 1154
1153 1155
1153 1156
1153 714
1154 1152
1154 1153
1154 1155
1154 1166
1154 1242
1154 1243
1155 1153
1155 1154
1155 1156
1155 1160
1155 1166
1156 1153
1156 1155
1156 1157
1156 1158
1156 1160
1156 714
1156 718
1157 1156
1157 1158
1157 717
1157 718
1157 719
1158 1156
1158 1157
1158 1159
1158 1160
1158 719
1159 737
1159 1158
1159 1160
1159 1163
1159 1164
1159 719
1160 737
1160 1155
1160 1156
1160 1158
1160 1159
1160 1166
1161 1162
1161 1163
1161 719
1161 723
1161 734
1162 1161
1162 1163
1162 1164
1162 1165
1162 734
1162 863
1163 1159
1163 1161
1163 1162
1163 1164
1163 719
1164 736
1164 737
1164 1159
1164 1162
1164 1163
1164 796
1164 863
1165 1162
1165 1167
1165 862
1165 863
1165 734
1165 735
1166 737
1166 1154
1166 739
1166 1155
1166 1160
1166 910
1166 1239
1166 1242
1167 864
1167 865
1167 740
1167 745
1167 1165
1167 862
1167 735
1168 810
1168 781
1168 782
1168 1169
1168 1170
1169 806
1169 782
1169 1168
1169 784
1169 1170
1170 810
1170 1168
1170 1169
1170 784
1170 1171
1171 1190
1171 808
1171 810
1171 784
1171 785
1171 1170
1172 777
1172 786
1172 787
1172 789
1172 1173
1173 786
1173 1202
1173 1172
1173 789
1173 1174
1173 795
1174 1202
1174 799
1174 1173
1174 1175
1174 795
1174 1183
1175 1183
1175 801
1175 22
1175 1174
1175 1176
1175 1182
1175 799
1176 801
1176 1217
1176 1175
1176 1177
1176 1179
1176 1214
1176 1182
1177 801
1177 1218
1177 803
1177 1219
1177 780
1177 17
1177 1176
1177 1179
1178 1184
1178 803
1178 1224
1178 1225
1178 779
1178 782
1178 1180
1178 1181
1179 1176
1179 1177
1179 1218
1179 1214
1180 803
1180 815
1180 816
1180 1178
1180 1181
1181 816
1181 1178
1181 1180
1181 1224
1182 1217
1182 814
1182 1175
1182 1176
1182 1183
1183 814
1183 1202
1183 1204
1183 1174
1183 1175
1183 1207
1183 1182
1184 1185
1184 1186
1184 1187
1184 1221
1184 1225
1184 782
1184 1178
1185 1184
1185 1186
1185 1188
1185 806
1185 782
1186 1184
1186 1185
1186 1187
1186 1188
1186 1222
1186 1223
1186 1198
1187 1184
1187 1186
1187 1221
1187 1223
1188 1185
1188 1186
1188 1189
1188 806
1188 1191
1188 1192
1188 1196
1188 1197
1188 1198
1189 1188
1189 805
1189 806
1189 1191
1190 805
1190 1191
1190 808
1190 810
1190 1171
1191 1188
1191 805
1191 1190
1191 1189
1191 1192
1191 810
1192 1188
1192 1191
1192 1193
1192 1194
1192 810
1192 1196
1193 1192
1193 809
1193 810
1193 1194
1193 1195
1193 1212
1193 1213
1194 1192
1194 1193
1194 1195
1194 1196
1194 1209
1194 1210
1195 1193
1195 1194
1195 1209
1195 1213
1196 1188
1196 1192
1196 1194
1196 1197
1196 1199
1196 1210
1196 1211
1197 1188
1197 1196
1197 1198
1197 1199
1197 1200
1197 817
1197 1208
1198 1186
1198 1188
1198 1220
1198 1222
1198 1197
1198 1200
1199 1208
1199 1211
1199 1196
1199 1197
1200 817
1200 1220
1200 1197
1200 1198
1201 1216
1201 809
1201 1202
1201 786
1201 1203
1201 1215
1202 1216
1202 1201
1202 786
1202 1204
1202 1173
1202 1174
1202 1206
1202 1183
1203 809
1203 813
1203 1201
1203 1205
1203 1215
1204 1207
1204 1202
1204 1206
1204 1183
1205 809
1205 1203
1205 812
1205 813
1206 1216
1206 813
1206 814
1206 1202
1206 1204
1206 1207
1206 1215
1207 1204
1207 1206
1207 814
1207 1183
1208 811
1208 812
1208 1197
1208 1199
1208 817
1208 1209
1208 1210
1208 1211
1209 1194
1209 1195
1209 812
1209 1208
1209 1210
1209 1212
1209 1213
1210 1194
1210 1196
1210 1208
1210 1209
1210 1211
1211 1208
1211 1210
1211 1196
1211 1199
1212 1193
1212 809
1212 812
1212 1209
1212 1213
1213 1209
1213 1195
1213 1212
1213 1193
1214 1217
1214 1218
1214 811
1214 814
1214 815
1214 1176
1214 1179
1215 1216
1215 813
1215 1201
1215 1203
1215 1206
1216 1201
1216 1202
1216 1206
1216 1215
1217 814
1217 1182
1217 1176
1217 1214
1218 1219
1218 815
1218 1177
1218 1179
1218 1214
1219 1177
1219 1218
1219 803
1219 815
1220 1221
1220 1222
1220 1198
1220 816
1220 817
1220 1200
1221 1184
1221 1187
1221 1220
1221 1222
1221 1223
1221 1224
1221 1225
1221 816
1222 1186
1222 1220
1222 1221
1222 1223
1222 1198
1223 1186
1223 1187
1223 1221
1223 1222
1224 1221
1224 1225
1224 816
1224 1178
1224 1181
1225 1224
1225 1178
1225 1221
1225 1184
1226 869
1226 870
1226 1227
1226 1228
1226 1229
1226 1231
1227 869
1227 1226
1227 1228
1227 1229
1227 1230
1227 1231
1228 869
1228 870
1228 872
1228 1226
1228 1227
1228 1229
1229 1255
1229 1226
1229 1227
1229 1228
1229 1230
1229 1231
1230 1253
1230 1254
1230 1255
1230 1227
1230 1229
1230 1231
1231 1254
1231 1255
1231 1226
1231 1227
1231 1229
1231 1230
1232 875
1232 877
1232 1233
1232 914
1232 1234
1232 919
1233 911
1233 1232
1233 1234
1233 914
1233 1240
1233 1241
1234 873
1234 906
1234 875
1234 1232
1234 1233
1234 888
1234 889
1234 1240
1235 901
1235 902
1235 905
1235 1236
1235 916
1235 1243
1236 905
1236 1235
1236 1237
1236 1239
1236 1242
1236 1243
1237 904
1237 905
1237 1236
1237 1238
1237 1239
1238 904
1238 910
1238 911
1238 1237
1238 1239
1238 1241
1239 1166
1239 910
1239 1236
1239 1237
1239 1238
1239 1242
1240 904
1240 906
1240 1233
1240 1234
1240 1241
1241 904
1241 911
1241 1233
1241 1238
1241 1240
1242 1154
1242 1166
1242 1236
1242 1239
1242 1243
1243 1152
1243 1154
1243 1235
1243 1236
1243 917
1243 916
1243 1242
1244 865
1244 866
1244 877
1244 918
1244 919
1245 833
1245 1252
1245 836
1245 945
1245 946
1245 1246
1245 1055
1246 1249
1246 1250
1246 836
1246 837
1246 841
1246 946
1246 1245
1247 1248
1247 1256
1247 946
1247 947
1248 1249
1248 1251
1248 1256
1248 946
1248 1013
1248 1015
1248 1247
1249 1248
1249 1250
1249 1251
1249 946
1249 1246
1250 841
1250 1249
1250 1251
1250 1246
1251 1248
1251 1249
1251 1250
1251 1013
1252 833
1252 829
1252 1245
1252 1055
1253 1230
1253 997
1253 1254
1253 1255
1254 997
1254 1253
1254 998
1254 1255
1254 1230
1254 1231
1255 1253
1255 998
1255 997
1255 1254
1255 999
1255 1229
1255 1230
1255 1231
1256 1248
1256 1003
1256 1007
1256 1009
1256 947
1256 1015
1256 1247
1257 1280
1257 1282
1257 1258
1257 1259
1257 1260
1257 1261
1257 1262
1257 1266
1258 1257
1258 1259
1258 1260
1258 1131
1258 1279
1259 1257
1259 1258
1259 1131
1259 1261
1259 1263
1259 1305
1259 1019
1259 1021
1260 1257
1260 1258
1260 1282
1260 1279
1261 1285
1261 1286
1261 1257
1261 1259
1261 1262
1261 1021
1262 1283
1262 1286
1262 1257
1262 1261
1262 1266
1263 1259
1263 1264
1263 1265
1263 1305
1263 1306
1263 1019
1263 1022
1264 1133
1264 1263
1264 1265
1264 1307
1264 1022
1265 1264
1265 1306
1265 1133
1265 1263
1266 1280
1266 1257
1266 1283
1266 1262
1267 1296
1267 1297
1267 1268
1267 1270
1267 1274
1267 1019
1267 1020
1268 1036
1268 1296
1268 1267
1268 1269
1268 1019
1268 1276
1268 1023
1269 1311
1269 1268
1269 1271
1269 1276
1269 1277
1269 1310
1269 1023
1270 1291
1270 1267
1270 1303
1270 1272
1270 1274
1270 1275
1270 1020
1271 1309
1271 1269
1271 1310
1271 1023
1272 1270
1272 1303
1272 1304
1272 1273
1272 1020
1273 1272
1273 1304
1273 1020
1273 1287
1274 1035
1274 1297
1274 1267
1274 1270
1274 1275
1275 1291
1275 1274
1275 1035
1275 1270
1276 1036
1276 1037
1276 1268
1276 1269
1276 1277
1277 1037
1277 1276
1277 1269
1277 1311
1278 1299
1278 1308
1278 1022
1278 1023
1279 1280
1279 1281
1279 1282
1279 1258
1279 1131
1279 1132
1279 1260
1280 1281
1280 1282
1280 1283
1280 1257
1280 1266
1280 1279
1281 1280
1281 1283
1281 1284
1281 1127
1281 1132
1281 1279
1282 1280
1282 1257
1282 1260
1282 1279
1283 1280
1283 1281
1283 1284
1283 1285
1283 1286
1283 1262
1283 1266
1284 1281
1284 1283
1284 1285
1284 1287
1284 1127
1284 1289
1284 1290
1284 1292
1285 1283
1285 1284
1285 1286
1285 1287
1285 1288
1285 1261
1285 1021
1286 1261
1286 1283
1286 1285
1286 1262
1287 1284
1287 1285
1287 1288
1287 1289
1287 1304
1287 1273
1287 1020
1288 1021
1288 1020
1288 1285
1288 1287
1289 1284
1289 1287
1289 1290
1289 1291
1289 1303
1289 1304
1289 1050
1290 1284
1290 1031
1290 1032
1290 1289
1290 1292
1290 1293
1290 1050
1291 1289
1291 1035
1291 1270
1291 1303
1291 1050
1291 1275
1292 1290
1292 1284
1292 1293
1292 1127
1293 1030
1293 1127
1293 1031
1293 1290
1293 1292
1293 1294
1294 1128
1294 1293
1294 1030
1294 1127
1295 1126
1295 1127
1295 1132
1295 1300
1295 1301
1296 1035
1296 1036
1296 1297
1296 1267
1296 1268
1297 1296
1297 1274
1297 1035
1297 1267
1298 1037
1298 1038
1298 1040
1298 1043
1298 1047
1298 1310
1299 1047
1299 1048
1299 1308
1299 1309
1299 1278
1299 1023
1300 1132
1300 1295
1300 1301
1300 1049
1300 1050
1301 1126
1301 1032
1301 1295
1301 1300
1301 1050
1302 1313
1302 1101
1302 1102
1302 1103
1302 1138
1303 1304
1303 1289
1303 1291
1303 1270
1303 1272
1304 1287
1304 1289
1304 1303
1304 1272
1304 1273
1305 1131
1305 1306
1305 1259
1305 1263
1306 1131
1306 1133
1306 1263
1306 1265
1306 1305
1307 35
1307 1133
1307 1264
1307 1048
1307 1051
1307 1308
1307 1022
1308 1299
1308 1022
1308 1048
1308 1307
1308 1278
1309 1299
1309 1047
1309 1271
1309 1310
1309 1023
1310 1037
1310 1298
1310 1269
1310 1047
1310 1271
1310 1309
1310 1311
1311 1277
1311 1037
1311 1269
1311 1310
1312 1140
1312 1141
1312 1080
1312 1082
1312 1087
1313 1138
1313 1139
1313 1101
1313 1302
1314 1315
1314 1316
1314 1317
1314 1323
1314 1325
1314 1326
1314 1330
1314 1331
1314 1332
1315 1314
1315 1316
1315 1318
1315 1323
1315 1324
1315 1338
1316 1314
1316 1315
1316 1317
1316 1318
1316 1319
1317 1314
1317 1331
1317 1316
1317 1319
1318 1440
1318 1441
1318 1315
1318 1316
1318 1319
1318 1355
1318 1356
1318 1333
1318 1334
1318 1337
1318 1338
1318 1339
1318 1340
1318 1439
1319 1440
1319 1441
1319 1316
1319 1317
1319 1318
1319 1357
1319 1455
1319 1331
1319 1399
1319 1400
1319 1439
1320 1321
1320 1322
1320 1452
1320 1453
1320 1487
1320 1488
1320 1329
1320 1331
1320 1332
1320 1399
1320 1400
1320 1401
1321 1320
1321 1322
1321 1451
1321 1616
1321 1400
1322 1637
1322 1638
1322 1639
1322 1320
1322 1321
1322 1452
1322 1616
1322 1617
1322 1618
1323 1314
1323 1315
1323 1515
1323 1324
1323 1325
1323 1516
1324 1315
1324 1323
1324 1515
1324 1334
1324 1526
1324 1338
1324 1341
1325 1314
1325 1323
1325 1516
1325 1326
1325 1327
1325 1521
1326 1472
1326 1314
1326 1325
1326 1327
1326 1328
1326 1332
1327 1328
1327 1521
1327 1325
1327 1326
1328 1472
1328 1521
1328 1326
1328 1327
1329 1320
1329 1330
1329 1331
1329 1332
1330 1329
1330 1314
1330 1331
1330 1332
1331 1314
1331 1317
1331 1319
1331 1320
1331 1329
1331 1330
1331 1399
1332 1472
1332 1314
1332 1320
1332 1516
1332 1326
1332 1488
1332 1329
1332 1330
1332 1523
1332 1524
1332 1521
1332 1564
1333 1318
1333 1334
1333 1335
1333 1336
1333 1337
1334 1318
1334 1324
1334 1333
1334 1335
1334 1338
1334 1340
1334 1341
1335 1333
1335 1334
1335 1336
1335 1339
1335 1340
1336 1337
1336 1339
1336 1333
1336 1335
1337 1336
1337 1339
1337 1333
1337 1318
1338 1334
1338 1315
1338 1324
1338 1318
1339 1318
1339 1335
1339 1336
1339 1337
1339 1340
1340 1344
1340 1318
1340 1356
1340 1389
1340 1390
1340 1391
1340 1334
1340 1335
1340 1339
1340 1341
1340 1343
1341 1324
1341 1391
1341 1526
1341 1334
1341 1436
1341 1340
1342 1344
1342 1346
1342 1389
1342 1393
1342 1343
1343 1344
1343 1346
1343 1356
1343 1359
1343 1363
1343 1340
1343 1342
1344 1340
1344 1389
1344 1342
1344 1343
1345 1473
1345 1346
1345 1347
1345 1348
1345 1349
1345 1350
1345 1351
1345 1352
1346 1345
1346 1473
1346 1347
1346 1348
1346 1474
1346 1387
1346 1393
1346 1363
1346 1342
1346 1343
1347 1345
1347 1346
1347 1473
1347 1350
1347 1387
1347 1391
1347 1392
1347 1393
1347 1434
1347 1532
1347 1534
1348 1345
1348 1346
1348 1474
1348 1349
1348 1354
1349 1345
1349 1473
1349 1474
1349 1348
1349 1354
1350 1345
1350 1347
1350 1473
1350 1351
1351 1345
1351 1473
1351 1350
1351 1574
1351 1352
1351 1353
1352 1345
1352 1473
1352 1574
1352 1351
1352 1353
1353 1352
1353 1574
1353 1351
1354 1474
1354 1348
1354 1349
1355 1441
1355 1356
1355 1357
1355 1318
1356 1318
1356 1355
1356 1357
1356 1358
1356 1359
1356 1340
1356 1343
1357 1441
1357 1319
1357 1482
1357 1355
1357 1356
1357 1358
1357 1360
1357 1400
1358 1360
1358 1356
1358 1357
1358 1359
1359 1356
1359 1358
1359 1360
1359 1361
1359 1362
1359 1363
1359 1343
1360 1482
1360 1483
1360 1357
1360 1358
1360 1359
1360 1361
1360 1368
1360 1373
1361 1359
1361 1360
1361 1362
1361 1366
1361 1368
1362 1359
1362 1361
1362 1363
1362 1364
1362 1365
1362 1366
1363 1346
1363 1384
1363 1386
1363 1387
1363 1359
1363 1362
1363 1364
1363 1343
1364 1377
1364 1384
1364 1362
1364 1363
1364 1365
1365 1376
1365 1377
1365 1362
1365 1364
1365 1366
1365 1367
1365 1369
1365 1375
1366 1361
1366 1362
1366 1365
1366 1367
1366 1368
1366 1370
1366 1374
1367 1394
1367 1365
1367 1366
1367 1369
1367 1374
1368 1360
1368 1361
1368 1366
1368 1370
1368 1371
1368 1372
1368 1373
1369 1394
1369 1365
1369 1375
1369 1367
1370 1502
1370 1394
1370 1395
1370 1366
1370 1368
1370 1498
1370 1371
1370 1501
1370 1374
1371 1624
1371 1489
1371 1395
1371 1368
1371 1370
1371 1372
1372 1378
1372 1379
1372 1442
1372 1445
1372 1381
1372 1641
1372 1624
1372 1368
1372 1627
1372 1371
1372 1373
1373 1445
1373 1449
1373 1483
1373 1360
1373 1368
1373 1372
1373 1470
1373 1471
1374 1394
1374 1370
1374 1366
1374 1367
1375 1376
1375 1414
1375 1415
1375 1394
1375 1365
1375 1369
1376 1377
1376 1413
1376 1414
1376 1383
1376 1365
1376 1375
1377 1376
1377 1383
1377 1384
1377 1364
1377 1365
1378 1379
1378 1380
1378 1381
1378 1382
1378 1427
1378 1372
1379 1378
1379 1489
1379 1426
1379 1427
1379 1624
1379 1372
1380 1378
1380 1381
1380 1382
1380 1649
1380 1428
1380 1630
1380 1631
1381 1378
1381 1380
1381 1627
1381 1372
1381 1630
1382 1428
1382 1378
1382 1427
1382 1380
1383 1376
1383 1377
1383 1410
1383 1413
1383 1384
1383 1385
1384 1377
1384 1383
1384 1385
1384 1386
1384 1388
1384 1363
1384 1364
1385 1384
1385 1410
1385 1388
1385 1383
1386 1410
1386 1411
1386 1384
1386 1387
1386 1388
1386 1363
1387 1346
1387 1411
1387 1347
1387 1386
1387 1363
1387 1434
1388 1384
1388 1385
1388 1386
1388 1410
1389 1344
1389 1390
1389 1393
1389 1340
1389 1342
1390 1389
1390 1391
1390 1392
1390 1393
1390 1340
1391 1347
1391 1390
1391 1392
1391 1436
1391 1340
1391 1341
1391 1534
1392 1393
1392 1347
1392 1390
1392 1391
1393 1346
1393 1347
1393 1389
1393 1390
1393 1392
1393 1342
1394 1415
1394 1416
1394 1420
1394 1422
1394 1395
1394 1367
1394 1369
1394 1370
1394 1374
1394 1375
1395 1582
1395 1422
1395 1489
1395 1394
1395 1370
1395 1371
1396 1476
1396 1397
1396 1398
1397 1476
1397 1396
1397 1398
1398 1476
1398 1396
1398 1397
1399 1319
1399 1320
1399 1331
1399 1400
1399 1401
1400 1319
1400 1448
1400 1449
1400 1320
1400 1321
1400 1451
1400 1357
1400 1482
1400 1484
1400 1399
1400 1401
1401 1400
1401 1320
1401 1399
1402 1403
1402 1404
1402 1405
1403 1402
1403 1404
1403 1405
1404 1402
1404 1403
1404 1405
1405 1402
1405 1403
1405 1404
1406 1408
1406 1409
1406 1444
1406 1486
1406 1407
1407 1408
1407 1409
1407 1485
1407 1454
1407 1456
1407 1465
1407 1466
1407 1406
1408 1634
1408 1454
1408 1486
1408 1618
1408 1459
1408 1458
1408 1626
1408 1406
1408 1407
1409 1456
1409 1444
1409 1406
1409 1407
1410 1411
1410 1412
1410 1413
1410 1383
1410 1385
1410 1386
1410 1388
1411 1410
1411 1412
1411 1386
1411 1387
1411 1418
1411 1429
1411 1433
1411 1434
1412 1410
1412 1411
1412 1413
1412 1414
1412 1418
1413 1376
1413 1410
1413 1412
1413 1414
1413 1383
1414 1376
1414 1412
1414 1413
1414 1415
1414 1416
1414 1417
1414 1418
1414 1375
1415 1416
1415 1394
1415 1414
1415 1375
1416 1414
1416 1415
1416 1417
1416 1420
1416 1394
1417 1414
1417 1416
1417 1418
1417 1419
1417 1420
1417 1421
1417 1422
1418 1411
1418 1412
1418 1414
1418 1417
1418 1419
1418 1429
1419 1417
1419 1418
1419 1421
1419 1425
1419 1429
1420 1416
1420 1417
1420 1394
1420 1422
1421 1417
1421 1419
1421 1422
1421 1423
1421 1424
1421 1425
1421 1582
1422 1417
1422 1420
1422 1421
1422 1582
1422 1394
1422 1395
1422 1589
1422 1592
1422 1593
1423 1569
1423 1571
1423 1573
1423 1421
1423 1424
1423 1425
1423 1556
1423 1563
1424 1569
1424 1446
1424 1421
1424 1582
1424 1423
1424 1583
1424 1648
1424 1426
1424 1427
1424 1428
1424 1653
1425 1419
1425 1421
1425 1423
1425 1555
1425 1556
1425 1429
1425 1430
1425 1432
1426 1379
1426 1583
1426 1424
1426 1489
1426 1427
1427 1378
1427 1379
1427 1382
1427 1424
1427 1426
1427 1428
1428 1380
1428 1382
1428 1424
1428 1649
1428 1648
1428 1427
1429 1411
1429 1418
1429 1419
1429 1425
1429 1430
1429 1431
1429 1433
1430 1432
1430 1425
1430 1429
1430 1431
1431 1429
1431 1430
1431 1432
1431 1433
1431 1435
1431 1436
1431 1437
1432 1431
1432 1544
1432 1425
1432 1555
1432 1461
1432 1462
1432 1430
1432 1437
1433 1411
1433 1532
1433 1429
1433 1431
1433 1434
1433 1531
1433 1436
1434 1347
1434 1411
1434 1387
1434 1433
1434 1532
1435 1527
1435 1559
1435 1514
1435 1515
1435 1460
1435 1461
1435 1526
1435 1431
1435 1462
1435 1529
1435 1530
1435 1436
1435 1437
1436 1533
1436 1391
1436 1525
1436 1526
1436 1431
1436 1531
1436 1433
1436 1530
1436 1435
1436 1341
1436 1534
1437 1432
1437 1435
1437 1462
1437 1431
1438 1440
1438 1455
1438 1439
1439 1440
1439 1318
1439 1319
1439 1455
1439 1438
1440 1441
1440 1318
1440 1319
1440 1455
1440 1438
1440 1439
1441 1440
1441 1318
1441 1319
1441 1355
1441 1357
1442 1443
1442 1444
1442 1447
1442 1641
1442 1627
1442 1372
1442 1629
1443 1641
1443 1442
1443 1444
1443 1445
1444 1409
1444 1551
1444 1552
1444 1557
1444 1558
1444 1565
1444 1568
1444 1569
1444 1442
1444 1443
1444 1445
1444 1446
1444 1447
1444 1581
1444 1456
1444 1458
1444 1466
1444 1486
1444 1635
1444 1406
1445 1443
1445 1444
1445 1640
1445 1641
1445 1458
1445 1372
1445 1373
1445 1471
1446 1635
1446 1636
1446 1444
1446 1447
1446 1648
1446 1424
1446 1653
1447 1632
1447 1442
1447 1636
1447 1444
1447 1446
1447 1647
1447 1628
1447 1629
1448 1400
1448 1449
1448 1450
1448 1451
1449 1475
1449 1448
1449 1481
1449 1450
1449 1483
1449 1484
1449 1400
1449 1373
1449 1470
1450 1475
1450 1448
1450 1449
1450 1451
1450 1457
1450 1618
1450 1459
1451 1448
1451 1321
1451 1450
1451 1616
1451 1617
1451 1618
1451 1400
1452 1639
1452 1320
1452 1322
1452 1453
1452 1519
1452 1564
1453 1320
1453 1452
1453 1564
1453 1487
1454 1408
1454 1485
1454 1625
1454 1626
1454 1407
1455 1440
1455 1319
1455 1438
1455 1439
1456 1409
1456 1444
1456 1465
1456 1466
1456 1407
1457 1475
1457 1450
1457 1458
1457 1459
1457 1470
1458 1408
1458 1444
1458 1445
1458 1640
1458 1486
1458 1457
1458 1459
1458 1470
1459 1408
1459 1450
1459 1457
1459 1458
1459 1618
1460 1463
1460 1461
1460 1462
1460 1559
1460 1464
1460 1435
1461 1464
1461 1544
1461 1545
1461 1514
1461 1517
1461 1522
1461 1460
1461 1462
1461 1559
1461 1432
1461 1435
1462 1460
1462 1461
1462 1432
1462 1435
1462 1437
1463 1464
1463 1460
1463 1559
1464 1460
1464 1461
1464 1559
1464 1463
1465 1456
1465 1466
1465 1407
1466 1633
1466 1444
1466 1485
1466 1456
1466 1620
1466 1557
1466 1465
1466 1407
1467 1570
1467 1468
1467 1469
1468 1570
1468 1467
1468 1469
1469 1570
1469 1467
1469 1468
1470 1475
1470 1640
1470 1449
1470 1457
1470 1458
1470 1373
1470 1471
1471 1640
1471 1373
1471 1470
1471 1445
1472 1328
1472 1521
1472 1332
1472 1326
1473 1345
1473 1346
1473 1474
1473 1347
1473 1349
1473 1574
1473 1350
1473 1352
1473 1351
1474 1473
1474 1346
1474 1348
1474 1349
1474 1354
1475 1449
1475 1450
1475 1457
1475 1470
1476 1508
1476 1509
1476 1510
1476 1396
1476 1397
1476 1398
1477 1480
1477 1478
1477 1479
1478 1480
1478 1477
1478 1479
1479 1480
1479 1477
1479 1478
1480 1477
1480 1478
1480 1479
1481 1449
1481 1482
1481 1483
1481 1484
1482 1481
1482 1483
1482 1484
1482 1357
1482 1360
1482 1400
1483 1481
1483 1482
1483 1449
1483 1360
1483 1373
1484 1400
1484 1481
1484 1482
1484 1449
1485 1642
1485 1454
1485 1620
1485 1621
1485 1622
1485 1625
1485 1466
1485 1407
1486 1408
1486 1458
1486 1444
1486 1406
1487 1320
1487 1564
1487 1453
1487 1488
1488 1320
1488 1332
1488 1564
1488 1487
1489 1379
1489 1582
1489 1583
1489 1426
1489 1395
1489 1624
1489 1371
1490 1491
1490 1492
1490 1507
1491 1490
1491 1507
1491 1492
1492 1490
1492 1491
1492 1507
1493 1496
1493 1494
1493 1495
1494 1496
1494 1493
1494 1495
1495 1602
1495 1603
1495 1604
1495 1493
1495 1494
1495 1496
1496 1493
1496 1494
1496 1495
1497 1511
1497 1512
1497 1513
1497 1498
1497 1499
1497 1500
1498 1497
1498 1370
1498 1499
1498 1500
1498 1501
1498 1502
1499 1497
1499 1498
1499 1500
1500 1497
1500 1498
1500 1499
1501 1498
1501 1370
1501 1502
1502 1498
1502 1370
1502 1501
1503 1504
1503 1505
1503 1506
1503 1605
1503 1606
1503 1607
1504 1505
1504 1506
1504 1503
1505 1504
1505 1506
1505 1503
1506 1504
1506 1505
1506 1503
1507 1490
1507 1491
1507 1492
1508 1476
1508 1509
1508 1510
1509 1476
1509 1508
1509 1510
1510 1476
1510 1508
1510 1509
1511 1512
1511 1497
1511 1513
1512 1497
1512 1513
1512 1511
1513 1512
1513 1497
1513 1511
1514 1515
1514 1516
1514 1517
1514 1461
1514 1435
1515 1514
1515 1323
1515 1516
1515 1324
1515 1526
1515 1435
1516 1514
1516 1323
1516 1515
1516 1517
1516 1325
1516 1521
1516 1522
1516 1523
1516 1332
1517 1514
1517 1522
1517 1516
1517 1461
1518 1544
1518 1519
1518 1520
1518 1561
1518 1564
1519 1638
1519 1639
1519 1452
1519 1645
1519 1518
1519 1646
1519 1520
1519 1652
1519 1564
1520 1561
1520 1645
1520 1518
1520 1519
1521 1472
1521 1516
1521 1325
1521 1327
1521 1328
1521 1332
1522 1545
1522 1516
1522 1517
1522 1523
1522 1524
1522 1461
1522 1564
1523 1332
1523 1522
1523 1524
1523 1516
1524 1522
1524 1523
1524 1332
1524 1564
1525 1526
1525 1527
1525 1528
1525 1530
1525 1436
1526 1515
1526 1324
1526 1525
1526 1527
1526 1435
1526 1436
1526 1341
1527 1525
1527 1526
1527 1528
1527 1529
1527 1435
1528 1529
1528 1530
1528 1525
1528 1527
1529 1528
1529 1530
1529 1435
1529 1527
1530 1525
1530 1528
1530 1529
1530 1435
1530 1436
1531 1433
1531 1532
1531 1533
1531 1436
1532 1347
1532 1433
1532 1434
1532 1531
1532 1533
1532 1534
1533 1531
1533 1436
1533 1534
1533 1532
1534 1347
1534 1532
1534 1391
1534 1436
1534 1533
1535 1536
1535 1537
1535 1538
1535 1539
1535 1550
1536 1537
1536 1539
1536 1638
1536 1642
1536 1643
1536 1644
1536 1652
1536 1535
1537 1536
1537 1623
1537 1642
1537 1550
1537 1621
1537 1622
1537 1558
1537 1535
1538 1568
1538 1539
1538 1567
1538 1581
1538 1550
1538 1646
1538 1552
1538 1651
1538 1535
1539 1536
1539 1538
1539 1646
1539 1651
1539 1652
1539 1535
1540 1576
1540 1541
1540 1542
1541 1576
1541 1540
1541 1542
1542 1576
1542 1540
1542 1541
1543 1544
1543 1545
1543 1564
1544 1543
1544 1545
1544 1560
1544 1518
1544 1553
1544 1555
1544 1461
1544 1432
1544 1561
1544 1563
1544 1564
1545 1543
1545 1544
1545 1522
1545 1461
1545 1564
1546 1547
1546 1548
1546 1549
1547 1546
1547 1548
1547 1549
1548 1546
1548 1547
1548 1549
1549 1546
1549 1547
1549 1548
1550 1537
1550 1538
1550 1551
1550 1552
1550 1587
1550 1558
1550 1565
1550 1535
1551 1552
1551 1444
1551 1565
1551 1550
1552 1538
1552 1444
1552 1581
1552 1550
1552 1551
1553 1544
1553 1563
1553 1554
1553 1555
1554 1563
1554 1553
1554 1555
1554 1556
1555 1544
1555 1553
1555 1554
1555 1425
1555 1556
1555 1432
1556 1423
1556 1425
1556 1554
1556 1555
1556 1563
1557 1633
1557 1444
1557 1650
1557 1619
1557 1620
1557 1558
1557 1623
1557 1466
1558 1537
1558 1444
1558 1550
1558 1650
1558 1587
1558 1557
1558 1623
1558 1565
1559 1460
1559 1461
1559 1463
1559 1464
1559 1435
1560 1544
1560 1561
1560 1562
1560 1563
1561 1544
1561 1645
1561 1646
1561 1518
1561 1520
1561 1560
1561 1562
1562 1575
1562 1646
1562 1560
1562 1561
1562 1563
1562 1566
1562 1567
1563 1571
1563 1575
1563 1544
1563 1423
1563 1553
1563 1554
1563 1556
1563 1560
1563 1562
1564 1543
1564 1544
1564 1545
1564 1452
1564 1453
1564 1518
1564 1519
1564 1487
1564 1488
1564 1522
1564 1524
1564 1332
1565 1444
1565 1550
1565 1551
1565 1587
1565 1558
1566 1568
1566 1571
1566 1575
1566 1562
1566 1567
1567 1568
1567 1538
1567 1646
1567 1562
1567 1566
1568 1569
1568 1538
1568 1571
1568 1444
1568 1572
1568 1581
1568 1566
1568 1567
1569 1568
1569 1635
1569 1444
1569 1572
1569 1573
1569 1423
1569 1424
1569 1653
1570 1605
1570 1611
1570 1612
1570 1467
1570 1468
1570 1469
1571 1568
1571 1572
1571 1573
1571 1575
1571 1423
1571 1563
1571 1566
1572 1568
1572 1569
1572 1571
1572 1573
1573 1569
1573 1571
1573 1572
1573 1423
1574 1352
1574 1353
1574 1473
1574 1351
1575 1571
1575 1562
1575 1563
1575 1566
1576 1540
1576 1541
1576 1542
1576 1613
1576 1614
1576 1615
1577 1578
1577 1579
1577 1580
1578 1577
1578 1579
1578 1580
1579 1577
1579 1578
1579 1580
1580 1577
1580 1578
1580 1579
1581 1552
1581 1538
1581 1444
1581 1568
1582 1421
1582 1422
1582 1583
1582 1424
1582 1489
1582 1395
1583 1424
1583 1489
1583 1426
1583 1582
1584 1585
1584 1586
1584 1598
1585 1584
1585 1586
1585 1598
1586 1584
1586 1585
1586 1598
1587 1565
1587 1550
1587 1558
1588 1589
1588 1590
1588 1591
1589 1422
1589 1588
1589 1590
1589 1591
1589 1592
1589 1593
1590 1600
1590 1601
1590 1588
1590 1589
1590 1591
1590 1599
1591 1588
1591 1589
1591 1590
1592 1593
1592 1589
1592 1422
1593 1592
1593 1589
1593 1422
1594 1595
1594 1596
1594 1597
1595 1594
1595 1596
1595 1597
1596 1594
1596 1595
1596 1597
1597 1608
1597 1609
1597 1610
1597 1594
1597 1595
1597 1596
1598 1584
1598 1585
1598 1586
1599 1600
1599 1601
1599 1590
1600 1601
1600 1590
1600 1599
1601 1600
1601 1590
1601 1599
1602 1603
1602 1604
1602 1495
1603 1602
1603 1604
1603 1495
1604 1602
1604 1603
1604 1495
1605 1570
1605 1606
1605 1607
1605 1611
1605 1612
1605 1503
1606 1605
1606 1607
1606 1503
1607 1605
1607 1606
1607 1503
1608 1609
1608 1610
1608 1597
1609 1608
1609 1610
1609 1597
1610 1608
1610 1609
1610 1597
1611 1570
1611 1612
1611 1605
1612 1570
1612 1611
1612 1605
1613 1576
1613 1614
1613 1615
1614 1576
1614 1613
1614 1615
1615 1576
1615 1613
1615 1614
1616 1617
1616 1321
1616 1322
1616 1451
1617 1616
1617 1322
1617 1451
1617 1618
1618 1408
1618 1634
1618 1637
1618 1450
1618 1451
1618 1322
1618 1617
1618 1459
1618 1626
1619 1620
1619 1557
1619 1622
1619 1623
1620 1633
1620 1485
1620 1619
1620 1557
1620 1622
1620 1466
1621 1537
1621 1642
1621 1485
1621 1622
1622 1537
1622 1485
1622 1619
1622 1620
1622 1621
1622 1623
1623 1537
1623 1650
1623 1619
1623 1557
1623 1622
1623 1558
1624 1379
1624 1371
1624 1372
1624 1489
1625 1637
1625 1638
1625 1642
1625 1643
1625 1644
1625 1485
1625 1454
1625 1626
1626 1408
1626 1634
1626 1637
1626 1454
1626 1618
1626 1625
1627 1442
1627 1381
1627 1372
1627 1628
1627 1629
1627 1630
1628 1632
1628 1447
1628 1627
1628 1629
1628 1630
1628 1631
1629 1442
1629 1627
1629 1628
1629 1447
1630 1380
1630 1381
1630 1627
1630 1628
1630 1631
1631 1632
1631 1380
1631 1647
1631 1649
1631 1628
1631 1630
1632 1447
1632 1628
1632 1647
1632 1631
1633 1466
1633 1620
1633 1557
1634 1408
1634 1618
1634 1626
1635 1569
1635 1444
1635 1653
1635 1446
1636 1648
1636 1647
1636 1446
1636 1447
1637 1638
1637 1322
1637 1618
1637 1625
1637 1626
1638 1536
1638 1637
1638 1639
1638 1322
1638 1644
1638 1519
1638 1652
1638 1625
1639 1322
1639 1452
1639 1638
1639 1519
1640 1458
1640 1445
1640 1470
1640 1471
1641 1442
1641 1443
1641 1372
1641 1445
1642 1536
1642 1537
1642 1643
1642 1485
1642 1621
1642 1625
1643 1536
1643 1625
1643 1642
1643 1644
1644 1536
1644 1625
1644 1643
1644 1638
1645 1520
1645 1561
1645 1646
1645 1519
1646 1538
1646 1539
1646 1645
1646 1519
1646 1651
1646 1652
1646 1561
1646 1562
1646 1567
1647 1632
1647 1636
1647 1447
1647 1648
1647 1649
1647 1631
1648 1636
1648 1446
1648 1647
1648 1424
1648 1649
1648 1428
1649 1380
1649 1647
1649 1648
1649 1428
1649 1631
1650 1557
1650 1558
1650 1623
1651 1538
1651 1539
1651 1646
1652 1536
1652 1539
1652 1638
1652 1646
1652 1519
1653 1424
1653 1569
1653 1635
1653 1446
1654 1656
1654 50
1654 1677
1654 1655
1655 1656
1655 1657
1655 1658
1655 1654
1656 1658
1656 1677
1656 1654
1656 1655
1657 1658
1657 1659
1657 1660
1657 1655
1658 1656
1658 1657
1658 1660
1658 1655
1659 1657
1659 1660
1659 1661
1659 57
1660 1657
1660 1658
1660 1659
1660 1661
1661 57
1661 1659
1661 1660
1661 1662
1662 57
1662 1661
1663 1664
1663 65
1663 1666
1664 65
1664 1665
1664 1666
1664 1663
1665 1664
1665 1666
1665 1667
1665 1668
1666 1664
1666 1665
1666 1668
1666 1663
1667 1665
1667 1668
1667 1669
1667 1670
1668 1665
1668 1666
1668 1667
1668 1670
1669 66
1669 1667
1669 1670
1669 1671
1670 1667
1670 1668
1670 1669
1670 1671
1671 66
1671 1676
1671 1669
1671 1670
1672 1673
1672 1674
1672 1678
1672 1679
1673 1672
1673 1674
1673 1675
1673 1676
1674 1672
1674 1673
1674 1675
1674 1679
1675 1673
1675 1674
1675 1676
1675 66
1676 1673
1676 66
1676 1675
1676 1671
1677 1656
1677 50
1677 1654
1677 1678
1678 1672
1678 50
1678 1677
1678 1679
1679 1672
1679 50
1679 1678
1679 1674
