0 59
0 12
0 2
0 21
0 486
0 14
0 475
0 467
0 58
0 483
1 51
1 17
1 12
1 18
1 24
1 90
1 87
1 16
1 9
1 11
2 90
2 61
2 16
2 11
2 60
2 65
2 13
2 0
2 53
2 62
3 12
3 65
3 5
3 84
3 63
3 2
3 55
3 467
3 1
3 89
4 87
4 68
4 59
4 69
4 0
4 25
4 17
4 28
4 24
4 84
5 3
5 7
5 19
5 91
5 47
5 81
5 68
5 87
5 478
5 22
6 7
6 85
6 81
6 25
6 20
6 74
6 29
6 92
6 18
6 35
7 85
7 92
7 97
7 20
7 5
7 23
7 87
7 31
7 24
7 462
8 47
8 467
8 82
8 475
8 64
8 487
8 4
8 66
8 39
8 36
9 58
9 48
9 64
9 2
9 15
9 53
9 467
9 490
9 3
9 63
10 63
10 53
10 38
10 9
10 87
10 1
10 56
10 88
10 8
10 12
11 43
11 44
11 64
11 62
11 17
11 475
11 90
11 489
11 487
11 54
12 9
12 10
12 2
12 90
12 92
12 93
12 65
12 11
12 3
12 1
13 8
13 2
13 11
13 50
13 55
13 61
13 45
13 488
13 65
13 62
14 67
14 43
14 473
14 0
14 53
14 19
14 5
14 32
14 68
14 47
15 36
15 67
15 58
15 64
15 22
15 46
15 474
15 3
15 63
15 471
16 52
16 2
16 45
16 487
16 58
16 34
16 46
16 50
16 6
16 33
17 81
17 9
17 86
17 73
17 4
17 5
17 22
17 18
17 56
17 8
18 31
18 6
18 24
18 85
18 93
18 23
18 17
18 21
18 92
18 87
19 462
19 26
19 44
19 75
19 6
19 463
19 46
19 59
19 460
19 478
20 70
20 15
20 24
20 45
20 40
20 84
20 462
20 32
20 29
20 22
21 67
21 462
21 91
21 19
21 7
21 20
21 88
21 72
21 17
21 86
22 28
22 77
22 33
22 73
22 462
22 87
22 15
22 39
22 467
22 70
23 16
23 462
23 74
23 32
23 29
23 72
23 469
23 473
23 25
23 69
24 5
24 85
24 462
24 167
24 7
24 18
24 72
24 92
24 21
24 6
25 38
25 468
25 462
25 45
25 479
25 31
25 39
25 36
25 476
25 27
26 469
26 472
26 480
26 71
26 471
26 82
26 75
26 79
26 36
26 67
27 43
27 80
27 68
27 462
27 460
27 29
27 468
27 34
27 479
27 38
28 78
28 5
28 73
28 47
28 478
28 467
28 82
28 471
28 4
28 36
29 462
29 464
29 470
29 60
29 478
29 461
29 31
29 472
29 78
29 473
30 42
30 468
30 78
30 464
30 484
30 477
30 32
30 473
30 50
30 479
31 464
31 40
31 38
31 84
31 34
31 6
31 60
31 23
31 43
31 33
32 466
32 78
32 43
32 44
32 478
32 48
32 56
32 34
32 471
32 470
33 49
33 462
33 475
33 461
33 77
33 29
33 36
33 470
33 55
33 468
34 16
34 49
34 471
34 80
34 68
34 467
34 481
34 463
34 27
34 464
35 59
35 22
35 36
35 478
35 53
35 48
35 471
35 465
35 20
35 60
36 19
36 38
36 16
36 57
36 474
36 461
36 68
36 473
36 64
36 51
37 36
37 26
37 59
37 461
37 483
37 471
37 42
37 480
37 465
37 79
38 479
38 81
38 79
38 44
38 48
38 43
38 20
38 69
38 484
38 72
39 15
39 70
39 467
39 26
39 464
39 69
39 77
39 476
39 82
39 71
40 27
40 470
40 477
40 41
40 23
40 472
40 46
40 80
40 474
40 460
41 54
41 490
41 34
41 26
41 23
41 488
41 463
41 477
41 30
41 49
42 16
42 62
42 480
42 60
42 50
42 27
42 46
42 36
42 32
42 82
43 69
43 73
43 22
43 482
43 27
43 59
43 25
43 16
43 78
43 70
44 45
44 54
44 49
44 466
44 20
44 47
44 83
44 36
44 481
44 471
45 472
45 41
45 33
45 16
45 51
45 81
45 481
45 57
45 82
45 83
46 459
46 58
46 32
46 16
46 74
46 33
46 485
46 470
46 43
46 490
47 26
47 54
47 58
47 463
47 49
47 22
47 67
47 35
47 79
47 32
48 463
48 9
48 22
48 470
48 15
48 476
48 71
48 4
48 53
48 78
49 51
49 64
49 470
49 486
49 80
49 50
49 57
49 35
49 42
49 29
50 55
50 465
50 472
50 40
50 44
50 42
50 63
50 473
50 37
50 54
51 31
51 49
51 1
51 32
51 13
51 478
51 11
51 50
51 56
51 18
52 59
52 479
52 84
52 46
52 477
52 61
52 475
52 485
52 472
52 60
53 480
53 13
53 467
53 17
53 60
53 2
53 484
53 90
53 48
53 44
54 473
54 485
54 490
54 484
54 43
54 465
54 468
54 482
54 488
54 53
55 475
55 66
55 60
55 4
55 50
55 62
55 460
55 11
55 53
55 35
56 2
56 84
56 476
56 0
56 482
56 62
56 55
56 480
56 489
56 3
57 52
57 11
57 484
57 37
57 476
57 475
57 82
57 61
57 65
57 49
58 77
58 67
58 69
58 15
58 482
58 8
58 49
58 84
58 82
58 37
59 484
59 39
59 480
59 483
59 84
59 470
59 474
59 73
59 63
59 55
60 55
60 32
60 49
60 53
60 65
60 480
60 31
60 42
60 16
60 461
61 475
61 483
61 41
61 63
61 484
61 489
61 83
61 42
61 52
61 65
62 482
62 481
62 485
62 2
62 10
62 483
62 488
62 83
62 480
62 32
63 13
63 480
63 487
63 10
63 16
63 474
63 65
63 58
63 83
63 483
64 52
64 470
64 0
64 13
64 49
64 9
64 8
64 63
64 51
64 484
65 10
65 475
65 52
65 51
65 490
65 486
65 60
65 15
65 63
65 478
66 22
66 466
66 67
66 14
66 43
66 79
66 52
66 28
66 47
66 467
67 66
67 73
67 77
67 478
67 39
67 37
67 70
67 459
67 81
67 71
68 77
68 28
68 475
68 39
68 8
68 69
68 486
68 460
68 84
68 31
69 479
69 54
69 45
69 80
69 71
69 26
69 77
69 44
69 40
69 29
70 81
70 27
70 71
70 26
70 33
70 39
70 19
70 22
70 467
70 78
71 72
71 25
71 33
71 21
71 27
71 81
71 19
71 73
71 22
71 75
72 75
72 21
72 77
72 459
72 486
72 69
72 15
72 55
72 81
72 38
73 5
73 85
73 71
73 25
73 32
73 21
73 22
73 72
73 67
73 76
74 33
74 67
74 84
74 14
74 39
74 23
74 66
74 5
74 25
74 4
75 46
75 472
75 68
75 43
75 20
75 66
75 36
75 25
75 77
75 72
76 68
76 66
76 465
76 467
76 40
76 459
76 72
76 48
76 67
76 4
77 47
77 22
77 75
77 43
77 74
77 476
77 464
77 38
77 66
77 459
78 33
78 463
78 465
78 461
78 19
78 29
78 468
78 37
78 76
78 82
79 80
79 59
79 33
79 476
79 459
79 28
79 14
79 471
79 15
79 463
80 40
80 465
80 47
80 488
80 480
80 475
80 474
80 28
80 26
80 464
81 23
81 70
81 22
81 4
81 17
81 84
81 25
81 476
81 24
81 75
82 475
82 80
82 471
82 476
82 463
82 14
82 478
82 26
82 46
82 459
83 48
83 484
83 38
83 46
83 37
83 36
83 59
83 474
83 471
83 14
84 486
84 479
84 83
84 67
84 462
84 467
84 31
84 476
84 478
84 35
85 86
85 84
85 5
85 72
85 24
85 7
85 22
85 91
85 166
85 96
86 4
86 17
86 81
86 5
86 73
86 88
86 72
86 22
86 165
86 84
87 88
87 72
87 7
87 12
87 3
87 8
87 18
87 92
87 10
87 24
88 5
88 9
88 22
88 86
88 162
88 4
88 17
88 10
88 3
88 72
89 0
89 3
89 8
89 9
89 10
89 17
89 87
89 88
89 90
90 163
90 63
90 0
90 53
90 9
90 3
90 8
90 2
90 89
90 12
91 5
91 6
91 7
91 18
91 21
91 24
91 85
91 92
91 97
91 167
92 98
92 1
92 87
92 2
92 12
92 18
92 91
92 7
92 168
92 24
93 2
93 12
93 3
93 90
93 9
93 92
93 99
93 1
93 18
93 169
94 86
94 96
94 100
94 162
94 165
94 166
95 90
95 99
95 101
95 163
95 164
95 169
96 85
96 94
96 97
96 165
96 166
96 167
97 7
97 24
97 91
97 96
97 98
97 166
97 167
97 168
98 92
98 97
98 167
98 168
99 93
99 95
99 106
99 107
99 163
99 169
100 88
100 94
100 101
100 162
100 164
100 165
101 95
101 100
101 109
101 162
101 163
101 164
102 127
102 202
102 103
102 206
102 181
102 204
102 207
102 105
102 114
102 180
103 225
103 127
103 180
103 202
103 204
103 206
103 208
103 199
103 205
103 181
104 105
104 127
104 140
104 160
104 181
104 182
104 199
104 601
105 104
105 103
105 207
105 150
105 225
105 206
105 202
105 218
105 216
105 182
106 99
106 107
106 108
106 169
106 181
106 182
107 99
107 106
107 169
107 182
108 106
108 109
108 152
108 164
108 180
108 181
108 222
109 101
109 108
109 152
109 161
109 164
109 180
109 222
110 135
110 595
110 603
110 147
110 943
110 176
110 118
110 179
110 960
110 122
111 943
111 174
111 964
111 595
111 112
111 132
111 958
111 144
111 133
111 117
112 965
112 148
112 136
112 960
112 111
112 595
112 132
112 110
112 123
112 133
113 138
113 110
113 112
113 962
113 960
113 944
113 133
113 939
113 130
113 128
114 199
114 110
114 102
114 127
114 129
114 602
114 119
114 604
114 130
114 124
115 148
115 973
115 603
115 963
115 121
115 972
115 144
115 136
115 129
115 939
116 962
116 173
116 117
116 121
116 144
116 134
116 120
116 124
116 176
116 112
117 147
117 130
117 965
117 136
117 114
117 112
117 959
117 603
117 594
117 174
118 964
118 172
118 114
118 133
118 116
118 139
118 138
118 963
118 124
118 135
119 129
119 177
119 144
119 594
119 938
119 142
119 943
119 604
119 110
119 125
120 128
120 945
120 111
120 939
120 116
120 961
120 138
120 964
120 952
120 123
121 146
121 135
121 177
121 113
121 112
121 172
121 176
121 120
121 938
121 175
122 115
122 120
122 940
122 963
122 112
122 595
122 960
122 186
122 133
122 197
123 120
123 972
123 129
123 138
123 963
123 964
123 973
123 128
123 119
123 965
124 962
124 959
124 601
124 176
124 112
124 147
124 136
124 117
124 953
124 145
125 944
125 129
125 130
125 110
125 116
125 953
125 134
125 174
125 942
125 136
126 176
126 133
126 963
126 131
126 118
126 123
126 141
126 128
126 142
126 177
127 141
127 114
127 124
127 201
127 102
127 147
127 104
127 103
127 204
127 134
128 960
128 141
128 144
128 113
128 131
128 972
128 942
128 973
128 594
128 133
129 173
129 134
129 120
129 595
129 141
129 115
129 110
129 137
129 122
129 139
130 139
130 132
130 963
130 123
130 120
130 131
130 603
130 175
130 961
130 965
131 174
131 945
131 958
131 138
131 147
131 146
131 140
131 132
131 965
131 939
132 147
132 126
132 953
132 941
132 117
132 113
132 118
132 130
132 146
132 119
133 137
133 175
133 146
133 126
133 960
133 145
133 111
133 194
133 193
133 120
134 972
134 122
134 938
134 112
134 146
134 132
134 943
134 125
134 126
134 137
135 942
135 174
135 175
135 146
135 604
135 123
135 115
135 132
135 197
135 119
136 942
136 962
136 115
136 143
136 142
136 132
136 137
136 110
136 178
136 131
137 146
137 119
137 604
137 964
137 139
137 178
137 175
137 133
137 136
137 131
138 179
138 145
138 120
138 972
138 176
138 939
138 133
138 938
138 126
138 144
139 939
139 129
139 146
139 115
139 125
139 116
139 941
139 942
139 963
139 133
140 601
140 202
140 141
140 132
140 131
140 136
140 130
140 114
140 204
140 127
141 129
141 137
141 962
141 121
141 959
141 942
141 130
141 135
141 940
141 144
142 175
142 128
142 963
142 116
142 134
142 124
142 965
142 113
142 179
142 117
143 131
143 952
143 126
143 602
143 117
143 179
143 125
143 146
143 124
143 959
144 116
144 964
144 125
144 138
144 121
144 973
144 148
144 143
144 130
144 178
145 133
145 965
145 972
145 959
145 170
145 136
145 178
145 148
145 602
145 141
146 941
146 972
146 116
146 963
146 117
146 119
146 170
146 134
146 138
146 965
147 146
147 176
147 178
147 126
147 139
147 143
147 148
147 962
147 133
147 114
148 961
148 128
148 121
148 145
148 958
148 139
148 938
148 973
148 178
148 134
149 215
149 219
149 211
149 213
149 154
149 221
149 209
149 157
149 159
149 212
150 182
150 205
150 152
150 208
150 103
150 225
150 221
150 215
150 216
150 212
151 219
151 224
151 149
151 214
151 152
151 180
151 226
151 223
151 159
151 161
152 223
152 109
152 222
152 161
152 209
152 208
152 217
152 205
152 203
152 213
153 226
153 217
153 155
153 149
153 225
153 205
153 223
153 159
153 154
153 208
154 211
154 217
154 220
154 157
154 207
154 155
154 149
154 209
154 158
154 226
155 153
155 156
155 215
155 207
155 182
155 226
155 150
155 217
155 225
155 229
156 215
156 228
156 207
156 212
156 182
156 150
156 205
156 225
156 229
156 155
157 160
157 226
157 227
157 215
157 211
157 217
157 214
157 153
157 149
157 154
158 227
158 209
158 226
158 149
158 154
158 214
158 217
158 224
158 220
158 215
159 226
159 214
159 223
159 153
159 219
159 209
159 220
159 224
159 213
159 151
160 214
160 155
160 217
160 225
160 210
160 104
160 182
160 218
160 212
160 215
161 159
161 219
161 180
161 109
161 149
161 222
161 221
161 152
161 223
161 151
162 88
162 94
162 100
162 101
162 164
162 165
163 90
163 95
163 99
163 101
163 164
163 169
164 95
164 100
164 101
164 108
164 109
164 162
164 163
165 86
165 94
165 96
165 100
165 162
165 166
166 85
166 94
166 96
166 97
166 165
166 167
167 7
167 24
167 91
167 96
167 97
167 98
167 166
167 168
168 92
168 97
168 98
168 167
169 93
169 95
169 99
169 106
169 107
169 163
170 972
170 136
170 131
170 139
170 137
170 142
170 146
170 952
170 144
170 143
171 976
171 605
171 957
171 960
171 965
171 941
171 178
171 135
171 975
171 958
172 111
172 117
172 122
172 173
172 110
172 174
172 115
172 594
172 129
172 121
173 119
173 116
173 175
173 121
173 117
173 111
173 115
173 118
173 172
173 113
174 173
174 123
174 120
174 958
174 131
174 133
174 960
174 125
174 110
174 594
175 953
175 148
175 134
175 116
175 972
175 139
175 144
175 943
175 124
175 118
176 120
176 147
176 962
176 135
176 148
176 594
176 177
176 179
176 963
176 938
177 963
177 952
177 973
177 603
177 125
177 139
177 129
177 972
177 141
177 130
178 963
178 972
178 132
178 133
178 960
178 170
178 129
178 135
178 125
178 138
179 962
179 170
179 145
179 110
179 938
179 176
179 178
179 117
179 952
179 115
180 208
180 151
180 223
180 152
180 222
180 161
180 103
180 102
180 221
180 108
181 180
181 216
181 205
181 225
181 182
181 108
181 218
181 206
181 150
181 104
182 205
182 156
182 160
182 107
182 104
182 216
182 105
182 106
182 225
182 229
183 192
183 185
183 190
183 186
183 600
183 187
183 198
183 197
183 956
183 200
184 190
184 122
184 185
184 596
184 186
184 971
184 970
184 600
184 968
184 194
185 186
185 953
185 196
185 194
185 938
185 939
185 945
185 183
185 197
185 944
186 200
186 596
186 122
186 187
186 971
186 198
186 951
186 970
186 948
186 193
187 971
187 183
187 966
187 193
187 190
187 194
187 956
187 970
187 948
187 954
188 191
188 220
188 213
188 203
188 209
188 189
188 201
188 219
188 206
188 208
189 214
189 209
189 191
189 212
189 149
189 215
189 203
189 204
189 195
189 188
190 184
190 187
190 200
190 186
190 193
190 946
190 954
190 945
190 196
190 944
191 215
191 212
191 201
191 210
191 195
191 211
191 219
191 188
191 213
191 602
192 948
192 194
192 185
192 947
192 190
192 955
192 946
192 966
192 200
192 944
193 194
193 941
193 597
193 958
193 192
193 947
193 943
193 965
193 961
193 198
194 133
194 940
194 598
194 941
194 193
194 953
194 960
194 185
194 198
194 945
195 591
195 217
195 212
195 602
195 202
195 206
195 210
195 201
195 199
195 191
196 186
196 190
196 944
196 198
196 184
196 200
196 596
196 197
196 194
196 185
197 596
197 116
197 148
197 184
197 593
197 943
197 183
197 938
197 186
197 944
198 938
198 945
198 941
198 194
198 193
198 186
198 942
198 961
198 596
198 138
199 104
199 127
199 604
199 601
199 195
199 207
199 103
199 202
199 205
199 603
200 963
200 945
200 184
200 942
200 193
200 131
200 192
200 958
200 960
200 196
201 127
201 204
201 604
201 603
201 191
201 601
201 206
201 195
201 202
201 114
202 150
202 207
202 225
202 127
202 204
202 217
202 199
202 152
202 602
202 105
203 217
203 189
203 207
203 210
203 222
203 224
203 208
203 219
203 195
203 214
204 202
204 603
204 216
204 602
204 127
204 189
204 102
204 114
204 199
204 208
205 216
205 212
205 154
205 220
205 219
205 229
205 150
205 218
205 199
205 228
206 103
206 199
206 215
206 220
206 102
206 213
206 205
206 152
206 221
206 105
207 205
207 229
207 203
207 211
207 154
207 218
207 160
207 225
207 214
207 215
208 224
208 226
208 215
208 205
208 209
208 206
208 217
208 216
208 219
208 214
209 222
209 203
209 216
209 202
209 211
209 205
209 207
209 154
209 226
209 213
210 212
210 195
210 217
210 214
210 602
210 206
210 160
210 201
210 215
210 211
211 206
211 203
211 225
211 153
211 208
211 210
211 150
211 195
211 224
211 207
212 214
212 191
212 160
212 203
212 155
212 220
212 210
212 225
212 228
212 149
213 208
213 224
213 227
213 215
213 219
213 159
213 153
213 154
213 203
213 152
214 208
214 217
214 154
214 189
214 226
214 213
214 227
214 223
214 195
214 158
215 207
215 218
215 216
215 153
215 210
215 219
215 221
215 228
215 160
215 156
216 211
216 217
216 208
216 102
216 204
216 202
216 156
216 209
216 103
216 229
217 210
217 222
217 218
217 154
217 155
217 207
217 203
217 224
217 225
217 158
218 160
218 217
218 205
218 215
218 206
218 229
218 221
218 216
218 155
218 150
219 149
219 158
219 207
219 154
219 224
219 161
219 222
219 152
219 205
219 189
220 222
220 214
220 217
220 209
220 159
220 151
220 216
220 213
220 152
220 189
221 216
221 224
221 207
221 152
221 214
221 150
221 205
221 226
221 188
221 217
222 208
222 216
222 202
222 161
222 219
222 150
222 212
222 221
222 203
222 207
223 152
223 226
223 180
223 153
223 224
223 219
223 222
223 213
223 149
223 151
224 217
224 213
224 151
224 223
224 153
224 227
224 203
224 220
224 215
224 211
225 218
225 103
225 211
225 105
225 212
225 217
225 202
225 229
225 160
225 181
226 151
226 227
226 207
226 154
226 155
226 211
226 159
226 214
226 213
226 153
227 224
227 219
227 217
227 207
227 149
227 154
227 212
227 220
227 157
227 213
228 215
228 150
228 154
228 160
228 207
228 225
228 205
228 208
228 211
228 216
229 211
229 225
229 207
229 218
229 228
229 215
229 156
229 150
229 160
229 212
230 267
230 236
230 237
230 286
230 279
230 257
230 251
230 496
230 268
230 513
231 452
231 453
231 280
231 239
231 233
231 282
231 262
231 232
231 275
231 307
232 312
232 275
232 274
232 515
232 284
232 287
232 310
232 235
232 453
232 262
233 231
233 277
233 262
233 312
233 311
233 265
233 307
233 270
233 507
233 513
234 283
234 237
234 521
234 250
234 282
234 452
234 281
234 274
234 512
234 273
235 231
235 232
235 234
235 238
235 270
235 311
235 314
235 277
235 453
235 240
236 280
236 266
236 307
236 230
236 304
236 278
236 513
236 291
236 275
236 491
237 305
237 286
237 266
237 279
237 521
237 230
237 281
237 249
237 491
237 239
238 250
238 267
238 509
238 245
238 519
238 254
238 269
238 247
238 501
238 305
239 307
239 304
239 241
239 267
239 272
239 285
239 237
239 262
239 507
239 451
240 242
240 313
240 458
240 452
240 231
240 453
240 314
240 293
240 312
240 457
241 242
241 457
241 309
241 455
241 244
241 296
241 458
241 239
241 294
241 308
242 456
242 245
242 239
242 314
242 297
242 243
242 298
242 296
242 313
242 240
243 256
243 251
243 258
243 269
243 245
243 294
243 297
243 236
243 491
243 255
244 258
244 299
244 290
244 500
244 295
244 298
244 243
244 306
244 248
244 260
245 294
245 456
245 314
245 313
245 458
245 255
245 240
245 243
245 238
245 289
246 259
246 298
246 293
246 250
246 255
246 249
246 267
246 457
246 288
246 260
247 502
247 497
247 296
247 275
247 289
247 255
247 258
247 458
247 292
247 243
248 495
248 266
248 297
248 268
248 238
248 250
248 503
248 249
248 493
248 251
249 503
249 498
249 247
249 294
249 254
249 266
249 504
249 296
249 505
249 265
250 293
250 278
250 249
250 234
250 264
250 230
250 251
250 269
250 280
250 237
251 259
251 277
251 514
251 268
251 267
251 254
251 494
251 270
251 273
251 243
252 304
252 254
252 510
252 264
252 503
252 269
252 505
252 288
252 521
252 271
253 301
253 243
253 268
253 236
253 503
253 522
253 255
253 257
253 238
253 269
254 502
254 253
254 298
254 272
254 509
254 510
254 260
254 491
254 299
254 268
255 254
255 267
255 275
255 293
255 244
255 493
255 294
255 253
255 245
255 500
256 251
256 512
256 255
256 495
256 301
256 497
256 305
256 296
256 254
256 273
257 302
257 510
257 522
257 250
257 511
257 280
257 494
257 244
257 237
257 270
258 234
258 518
258 507
258 244
258 262
258 263
258 514
258 302
258 268
258 289
259 280
259 265
259 269
259 506
259 279
259 272
259 509
259 256
259 494
259 298
260 271
260 295
260 518
260 250
260 272
260 248
260 501
260 249
260 275
260 519
261 263
261 517
261 305
261 278
261 252
261 302
261 230
261 283
261 279
261 264
262 510
262 501
262 451
262 282
262 507
262 492
262 509
262 502
262 264
262 514
263 274
263 275
263 499
263 233
263 237
263 268
263 285
263 256
263 259
263 305
264 304
264 511
264 298
264 294
264 296
264 500
264 303
264 305
264 507
264 514
265 506
265 498
265 285
265 267
265 275
265 233
265 508
265 258
265 297
265 262
266 259
266 275
266 493
266 237
266 288
266 300
266 512
266 267
266 258
266 247
267 517
267 275
267 259
267 248
267 302
267 522
267 300
267 505
267 255
267 497
268 253
268 234
268 266
268 237
268 263
268 505
268 302
268 494
268 498
268 230
269 518
269 291
269 494
269 509
269 510
269 511
269 271
269 274
269 302
269 273
270 271
270 273
270 281
270 258
270 453
270 266
270 509
270 504
270 280
270 521
271 510
271 509
271 520
271 264
271 502
271 521
271 515
271 267
271 514
271 503
272 522
272 292
272 251
272 277
272 518
272 510
272 500
272 496
272 281
272 239
273 268
273 518
273 508
273 510
273 499
273 280
273 230
273 516
273 278
273 272
274 500
274 506
274 282
274 262
274 507
274 311
274 258
274 273
274 303
274 267
275 506
275 246
275 491
275 517
275 519
275 262
275 255
275 249
275 302
275 234
276 275
276 273
276 257
276 262
276 491
276 284
276 250
276 520
276 517
276 515
277 235
277 283
277 521
277 274
277 504
277 286
277 515
277 522
277 514
277 250
278 267
278 266
278 281
278 272
278 513
278 287
278 521
278 270
278 257
278 283
279 256
279 281
279 522
279 287
279 237
279 280
279 509
279 510
279 283
279 521
280 496
280 305
280 279
280 452
280 281
280 515
280 262
280 519
280 284
280 259
281 266
281 280
281 493
281 512
281 504
281 282
281 501
281 261
281 273
281 286
282 303
282 261
282 285
282 262
282 511
282 454
282 265
282 280
282 284
282 274
283 496
283 511
283 270
283 272
283 263
283 282
283 516
283 261
283 521
283 273
284 277
284 515
284 520
284 233
284 251
284 278
284 496
284 238
284 234
284 304
285 511
285 520
285 456
285 302
285 290
285 515
285 508
285 283
285 291
285 258
286 284
286 453
286 230
286 509
286 452
286 271
286 280
286 274
286 281
286 261
287 514
287 518
287 509
287 280
287 513
287 515
287 284
287 522
287 259
287 236
288 256
288 305
288 295
288 508
288 501
288 292
288 247
288 494
288 246
288 253
289 456
289 299
289 495
289 288
289 297
289 292
289 252
289 301
289 262
289 237
290 297
290 303
290 255
290 289
290 516
290 252
290 244
290 292
290 265
290 266
291 298
291 491
291 508
291 494
291 289
291 511
291 269
291 299
291 292
291 495
292 300
292 266
292 298
292 499
292 456
292 242
292 494
292 290
292 301
292 255
293 290
293 247
293 297
293 243
293 240
293 299
293 289
293 455
293 249
293 245
294 247
294 241
294 306
294 252
294 292
294 500
294 296
294 248
294 260
294 295
295 494
295 249
295 299
295 298
295 456
295 491
295 297
295 495
295 247
295 262
296 245
296 257
296 492
296 237
296 249
296 299
296 458
296 262
296 494
296 248
297 299
297 306
297 296
297 290
297 292
297 293
297 458
297 288
297 246
297 244
298 269
298 247
298 301
298 291
298 497
298 259
298 493
298 492
298 294
298 246
299 243
299 304
299 297
299 288
299 260
299 256
299 292
299 253
299 289
299 247
300 257
300 508
300 292
300 258
300 507
300 269
300 251
300 267
300 291
300 256
301 511
301 492
301 505
301 249
301 305
301 300
301 303
301 260
301 255
301 500
302 285
302 507
302 249
302 291
302 506
302 262
302 251
302 508
302 272
302 269
303 236
303 285
303 494
303 497
303 522
303 301
303 295
303 500
303 272
303 266
304 510
304 502
304 497
304 283
304 519
304 303
304 253
304 264
304 237
304 492
305 515
305 272
305 268
305 495
305 230
305 500
305 511
305 261
305 290
305 253
306 516
306 491
306 290
306 293
306 269
306 297
306 262
306 294
306 508
306 298
307 452
307 455
307 308
307 236
307 245
307 240
307 231
307 275
307 313
307 262
308 239
308 387
308 455
308 244
308 307
308 294
308 456
308 241
308 293
308 309
309 457
309 458
309 455
309 297
309 242
309 307
309 456
309 245
309 313
309 293
310 456
310 239
310 311
310 454
310 386
310 241
310 322
310 236
310 455
310 307
311 262
311 235
311 453
311 310
311 239
311 456
311 323
311 455
311 454
311 307
312 385
312 235
312 311
312 453
312 307
312 239
312 314
312 317
312 454
312 274
313 453
313 242
313 319
313 245
313 307
313 240
313 243
313 452
313 457
313 235
314 312
314 458
314 245
314 313
314 320
314 453
314 457
314 315
314 390
314 240
315 231
315 235
315 240
315 312
315 314
315 321
315 391
315 452
315 453
316 309
316 318
316 319
316 387
316 388
316 389
317 312
317 323
317 330
317 384
317 385
317 391
318 308
318 316
318 322
318 386
318 387
318 388
319 313
319 316
319 320
319 388
319 389
319 390
320 314
320 319
320 321
320 389
320 390
320 391
321 315
321 320
321 328
321 390
321 391
322 310
322 318
322 323
322 384
322 386
322 387
323 311
323 317
323 322
323 330
323 384
323 385
323 386
323 454
324 325
324 326
324 327
324 336
324 349
324 403
324 404
325 324
325 327
325 349
325 403
325 404
325 430
325 438
325 449
326 428
326 374
326 349
326 426
326 403
326 324
326 523
326 423
326 432
326 422
327 326
327 424
327 423
327 434
327 349
327 442
327 435
327 336
327 523
327 433
328 321
328 329
328 330
328 331
328 372
328 391
328 404
329 331
329 434
329 372
329 446
329 404
329 330
329 450
329 403
329 439
329 378
330 317
330 323
330 328
330 329
330 331
330 384
330 385
330 402
331 328
331 329
331 330
331 372
331 402
331 403
331 446
332 396
332 352
332 366
332 343
332 401
332 340
332 344
332 348
332 363
332 356
333 339
333 881
333 367
333 398
333 332
333 345
333 370
333 395
333 355
333 352
334 337
334 881
334 368
334 351
334 366
334 340
334 356
334 367
334 370
334 360
335 363
335 368
335 370
335 334
335 345
335 356
335 364
335 877
335 395
335 361
336 340
336 362
336 326
336 423
336 426
336 324
336 422
336 877
336 327
336 432
337 352
337 334
337 398
337 355
337 344
337 356
337 881
337 369
337 351
337 335
338 875
338 337
338 357
338 394
338 399
338 339
338 877
338 874
338 397
338 419
339 343
339 367
339 360
339 340
339 346
339 353
339 869
339 395
339 359
339 361
340 337
340 367
340 363
340 396
340 354
340 335
340 336
340 877
340 361
340 343
341 353
341 354
341 360
341 881
341 338
341 348
341 337
341 369
341 334
341 361
342 347
342 358
342 339
342 401
342 396
342 364
342 881
342 340
342 360
342 348
343 357
343 332
343 347
343 877
343 338
343 356
343 333
343 348
343 399
343 337
344 877
344 358
344 348
344 395
344 346
344 361
344 360
344 370
344 337
344 881
345 876
345 333
345 334
345 344
345 354
345 335
345 358
345 365
345 346
345 355
346 340
346 876
346 396
346 367
346 343
346 333
346 339
346 347
346 419
346 356
347 361
347 352
347 351
347 333
347 335
347 339
347 343
347 355
347 340
347 362
348 398
348 920
348 363
348 340
348 353
348 367
348 919
348 341
348 346
348 365
349 423
349 334
349 348
349 343
349 347
349 327
349 360
349 340
349 335
349 362
350 365
350 401
350 344
350 353
350 369
350 361
350 342
350 881
350 345
350 349
351 335
351 401
351 874
351 355
351 415
351 353
351 332
351 337
351 397
351 343
352 348
352 396
352 399
352 366
352 370
352 332
352 333
352 341
352 877
352 337
353 340
353 360
353 878
353 358
353 333
353 345
353 359
353 363
353 367
353 877
354 401
354 335
354 368
354 344
354 360
354 339
354 415
354 348
354 338
354 334
355 354
355 351
355 332
355 396
355 363
355 881
355 344
355 350
355 352
355 874
356 355
356 351
356 364
356 419
356 334
356 346
356 399
356 353
356 338
356 342
357 359
357 332
357 869
357 333
357 345
357 354
357 394
357 347
357 355
357 356
358 361
358 363
358 347
358 344
358 354
358 362
358 398
358 350
358 346
358 340
359 918
359 353
359 358
359 340
359 369
359 399
359 348
359 345
359 347
359 341
360 355
360 369
360 363
360 359
360 335
360 352
360 361
360 354
360 348
360 920
361 348
361 352
361 873
361 353
361 335
361 878
361 918
361 342
361 344
361 367
362 359
362 399
362 935
362 369
362 353
362 361
362 879
362 358
362 930
362 350
363 361
363 344
363 341
363 355
363 397
363 342
363 918
363 366
363 365
363 396
364 342
364 354
364 397
364 400
364 351
364 421
364 341
364 356
364 368
364 335
365 355
365 878
365 356
365 347
365 340
365 348
365 359
365 919
365 369
365 399
366 360
366 362
366 354
366 340
366 341
366 333
366 401
366 342
366 367
366 353
367 351
367 335
367 879
367 345
367 352
367 359
367 344
367 353
367 399
367 332
368 357
368 356
368 398
368 370
368 351
368 420
368 333
368 342
368 400
368 396
369 396
369 344
369 361
369 363
369 347
369 341
369 366
369 920
369 355
369 359
370 332
370 341
370 346
370 351
370 421
370 355
370 342
370 398
370 334
370 354
371 375
371 443
371 436
371 441
371 523
371 445
371 425
371 429
371 431
371 435
372 402
372 424
372 425
372 378
372 423
372 404
372 450
372 329
372 327
372 435
373 427
373 447
373 437
373 429
373 381
373 431
373 523
373 371
373 425
373 440
374 450
374 403
374 523
374 426
374 327
374 433
374 432
374 372
374 425
374 446
375 447
375 373
375 436
375 429
375 428
375 438
375 431
375 449
375 371
375 379
376 379
376 378
376 428
376 449
376 438
376 440
376 436
376 447
376 382
376 448
377 431
377 372
377 442
377 438
377 448
377 447
377 382
377 378
377 436
377 449
378 449
378 436
378 439
378 329
378 432
378 438
378 435
378 430
378 450
378 441
379 448
379 436
379 438
379 377
379 373
379 375
379 376
379 429
379 440
379 381
380 448
380 375
380 438
380 447
380 379
380 437
380 376
380 449
380 436
380 445
381 443
381 440
381 373
381 375
381 429
381 447
381 431
381 371
381 437
381 383
382 436
382 448
382 428
382 438
382 376
382 449
382 377
382 378
382 380
382 404
383 445
383 402
383 443
383 371
383 327
383 381
383 440
383 373
383 431
383 425
384 317
384 322
384 323
384 330
384 385
384 386
385 312
385 317
385 323
385 330
385 384
385 391
386 310
386 318
386 322
386 323
386 384
386 387
387 308
387 316
387 318
387 322
387 386
387 388
388 309
388 316
388 318
388 319
388 387
388 389
389 316
389 319
389 320
389 388
389 390
390 314
390 319
390 320
390 321
390 389
390 391
391 315
391 317
391 320
391 321
391 328
391 385
391 390
392 393
392 400
392 864
392 870
392 873
392 879
392 884
392 923
392 929
393 929
393 863
393 415
393 870
393 923
393 392
393 925
393 864
393 924
393 873
394 344
394 341
394 342
394 397
394 338
394 877
394 881
394 357
394 862
394 398
395 862
395 337
395 877
395 357
395 355
395 396
395 871
395 339
395 332
395 333
396 346
396 369
396 335
396 370
396 364
396 368
396 877
396 353
396 339
396 363
397 355
397 363
397 334
397 354
397 351
397 350
397 332
397 394
397 364
397 341
398 400
398 366
398 351
398 368
398 352
398 358
398 337
398 360
398 869
398 363
399 358
399 360
399 365
399 881
399 332
399 877
399 355
399 359
399 343
399 353
400 398
400 420
400 929
400 354
400 370
400 357
400 421
400 392
400 873
400 870
401 919
401 367
401 920
401 878
401 918
401 350
401 358
401 365
401 363
401 356
402 330
402 403
402 446
402 441
402 443
402 425
402 331
402 383
402 372
402 327
403 446
403 523
403 435
403 444
403 374
403 325
403 442
403 378
403 327
403 450
404 324
404 328
404 448
404 430
404 325
404 449
404 329
404 382
404 377
404 438
405 880
405 407
405 869
405 408
405 886
405 419
405 409
405 413
405 414
405 418
406 875
406 420
406 417
406 418
406 880
406 882
406 415
406 408
406 421
406 414
407 413
407 405
407 420
407 409
407 868
407 419
407 418
407 421
407 889
407 414
408 407
408 414
408 421
408 868
408 405
408 419
408 406
408 409
408 889
408 886
409 421
409 417
409 408
409 868
409 418
409 414
409 396
409 407
409 889
409 420
410 412
410 425
410 429
410 411
410 436
410 428
410 416
410 437
410 427
410 440
411 424
411 441
411 433
411 440
411 412
411 425
411 871
411 426
411 431
411 423
412 433
412 440
412 437
412 427
412 422
412 416
412 411
412 436
412 431
412 429
413 409
413 407
413 886
413 417
413 405
413 549
413 863
413 414
413 883
413 866
414 886
414 409
414 408
414 417
414 413
414 880
414 418
414 405
414 420
414 406
415 339
415 418
415 420
415 351
415 393
415 355
415 405
415 417
415 419
415 880
416 410
416 412
416 422
416 423
416 424
416 427
416 428
416 432
416 433
417 407
417 413
417 419
417 414
417 886
417 406
417 415
417 869
417 418
417 405
418 420
418 407
418 866
418 880
418 408
418 415
418 882
418 406
418 875
418 414
419 346
419 409
419 421
419 406
419 881
419 338
419 875
419 872
419 408
419 874
420 408
420 869
420 880
420 419
420 364
420 863
420 418
420 886
420 414
420 866
421 409
421 415
421 869
421 408
421 407
421 368
421 880
421 866
421 414
421 886
422 433
422 326
422 416
422 349
422 336
422 435
422 432
422 423
422 523
422 426
423 336
423 446
423 422
423 424
423 435
423 434
423 349
423 327
423 428
423 442
424 442
424 426
424 427
424 422
424 326
424 435
424 336
424 416
424 434
424 423
425 443
425 372
425 444
425 430
425 426
425 437
425 449
425 371
425 429
425 440
426 433
426 523
426 336
426 428
426 422
426 424
426 378
426 435
426 450
426 427
427 443
427 433
427 428
427 432
427 429
427 435
427 447
427 375
427 423
427 381
428 432
428 431
428 422
428 429
428 434
428 427
428 437
428 433
428 430
428 410
429 446
429 445
429 432
429 375
429 426
429 442
429 428
429 437
429 380
429 378
430 436
430 432
430 437
430 378
430 425
430 433
430 426
430 448
430 375
430 435
431 436
431 375
431 523
431 437
431 429
431 383
431 428
431 445
431 441
431 449
432 425
432 435
432 426
432 442
432 326
432 416
432 523
432 374
432 449
432 436
433 449
433 422
433 436
433 423
433 442
433 374
433 435
433 411
433 426
433 441
434 329
434 376
434 436
434 428
434 523
434 437
434 378
434 327
434 426
434 444
435 438
435 431
435 437
435 432
435 373
435 440
435 436
435 371
435 450
435 423
436 440
436 377
436 378
436 412
436 442
436 379
436 428
436 372
436 427
436 373
437 371
437 410
437 449
437 431
437 441
437 380
437 377
437 425
437 427
437 439
438 432
438 450
438 447
438 376
438 382
438 375
438 446
438 436
438 430
438 441
439 426
439 446
439 378
439 450
439 430
439 523
439 441
439 377
439 435
439 448
440 411
440 431
440 435
440 381
440 434
440 437
440 430
440 412
440 436
440 442
441 440
441 448
441 429
441 379
441 427
441 450
441 439
441 444
441 410
441 426
442 372
442 435
442 443
442 423
442 327
442 436
442 374
442 434
442 440
442 425
443 523
443 435
443 429
443 442
443 383
443 375
443 371
443 440
443 437
443 373
444 442
444 433
444 446
444 435
444 434
444 432
444 372
444 327
444 450
444 378
445 435
445 375
445 442
445 383
445 379
445 429
445 448
445 443
445 447
445 440
446 329
446 402
446 449
446 430
446 371
446 374
446 331
446 426
446 439
446 403
447 441
447 428
447 425
447 438
447 443
447 431
447 376
447 371
447 379
447 436
448 449
448 378
448 523
448 442
448 445
448 376
448 381
448 450
448 431
448 433
449 426
449 375
449 377
449 442
449 448
449 434
449 441
449 382
449 379
449 435
450 403
450 374
450 429
450 432
450 378
450 436
450 426
450 446
450 372
450 433
451 230
451 239
451 455
451 285
451 515
451 452
451 283
451 311
451 310
451 307
452 240
452 238
452 307
452 233
452 451
452 274
452 234
452 232
452 286
452 313
453 277
453 231
453 313
453 280
453 314
453 312
453 240
453 270
453 238
453 307
454 274
454 233
454 236
454 453
454 452
454 311
454 312
454 262
454 310
454 456
455 308
455 285
455 239
455 241
455 451
455 275
455 311
455 293
455 454
455 232
456 232
456 454
456 458
456 244
456 298
456 297
456 245
456 242
456 292
456 294
457 453
457 241
457 314
457 244
457 240
457 239
457 245
457 242
457 455
457 452
458 238
458 289
458 247
458 307
458 296
458 245
458 293
458 246
458 250
458 314
459 486
459 482
459 47
459 474
459 33
459 8
459 84
459 66
459 71
459 468
460 29
460 36
460 486
460 32
460 472
460 26
460 30
460 468
460 33
460 27
461 473
461 45
461 20
461 40
461 485
461 48
461 471
461 29
461 472
461 35
462 27
462 22
462 24
462 35
462 40
462 29
462 44
462 84
462 36
462 5
463 66
463 476
463 473
463 82
463 480
463 68
463 83
463 468
463 30
463 26
464 471
464 479
464 467
464 82
464 45
464 60
464 469
464 39
464 44
464 33
465 80
465 463
465 469
465 69
465 473
465 466
465 14
465 35
465 23
465 78
466 59
466 485
466 58
466 482
466 480
466 82
466 468
466 34
466 476
466 69
467 78
467 32
467 79
467 480
467 483
467 30
467 33
467 487
467 39
467 53
468 45
468 40
468 478
468 470
468 41
468 34
468 43
468 79
468 60
468 16
469 16
469 20
469 464
469 484
469 31
469 461
469 471
469 477
469 34
469 54
470 34
470 33
470 47
470 15
470 42
470 26
470 8
470 478
470 68
470 45
471 30
471 46
471 80
471 32
471 66
471 479
471 476
471 48
471 77
471 463
472 52
472 465
472 40
472 46
472 480
472 39
472 78
472 77
472 34
472 44
473 479
473 480
473 460
473 62
473 42
473 29
473 468
473 35
473 31
473 45
474 482
474 76
474 468
474 488
474 483
474 485
474 59
474 49
474 471
474 52
475 48
475 476
475 66
475 479
475 4
475 47
475 19
475 467
475 484
475 45
476 50
476 16
476 49
476 32
476 483
476 28
476 484
476 477
476 83
476 54
477 33
477 36
477 488
477 490
477 470
477 481
477 27
477 487
477 58
477 35
478 3
478 23
478 66
478 0
478 487
478 470
478 39
478 20
478 476
478 83
479 489
479 55
479 69
479 464
479 47
479 19
479 60
479 48
479 43
479 463
480 82
480 77
480 482
480 472
480 476
480 61
480 49
480 475
480 466
480 60
481 34
481 468
481 485
481 30
481 474
481 469
481 54
481 465
481 461
481 63
482 54
482 33
482 34
482 467
482 66
482 474
482 63
482 32
482 486
482 61
483 481
483 54
483 79
483 50
483 82
483 459
483 15
483 56
483 10
483 8
484 481
484 52
484 32
484 34
484 33
484 69
484 483
484 469
484 58
484 65
485 51
485 476
485 477
485 486
485 57
485 46
485 461
485 484
485 479
485 469
486 60
486 467
486 476
486 67
486 73
486 58
486 487
486 51
486 460
486 3
487 489
487 61
487 42
487 486
487 44
487 474
487 66
487 484
487 53
487 65
488 474
488 481
488 60
488 79
488 51
488 471
488 50
488 16
488 36
488 43
489 479
489 30
489 41
489 57
489 60
489 13
489 16
489 52
489 83
489 485
490 489
490 62
490 54
490 41
490 13
490 480
490 36
490 45
490 55
490 52
491 304
491 291
491 267
491 239
491 493
491 511
491 305
491 292
491 236
491 256
492 303
492 491
492 497
492 305
492 304
492 298
492 249
492 263
492 499
492 495
493 243
493 503
493 504
493 268
493 262
493 248
493 289
493 302
493 263
493 505
494 248
494 498
494 510
494 295
494 253
494 299
494 503
494 492
494 265
494 260
495 508
495 299
495 256
495 516
495 491
495 260
495 305
495 291
495 267
495 497
496 238
496 506
496 298
496 254
496 257
496 267
496 268
496 272
496 249
496 261
497 494
497 496
497 517
497 513
497 508
497 249
497 512
497 299
497 304
497 305
498 517
498 273
498 513
498 254
498 501
498 497
498 495
498 512
498 493
498 500
499 511
499 306
499 253
499 272
499 513
499 266
499 299
499 305
499 502
499 275
500 513
500 255
500 253
500 296
500 518
500 303
500 502
500 511
500 503
500 516
501 255
501 511
501 265
501 305
501 271
501 517
501 247
501 509
501 243
501 254
502 495
502 512
502 273
502 265
502 305
502 491
502 519
502 264
502 266
502 499
503 493
503 504
503 507
503 516
503 300
503 302
503 510
503 265
503 279
503 260
504 508
504 517
504 238
504 254
504 522
504 270
504 503
504 495
504 513
504 268
505 496
505 495
505 258
505 257
505 507
505 252
505 272
505 259
505 514
505 304
506 502
506 494
506 254
506 249
506 257
506 288
506 507
506 511
506 268
506 299
507 506
507 275
507 266
507 495
507 269
507 498
507 265
507 230
507 302
507 239
508 274
508 261
508 263
508 236
508 516
508 493
508 506
508 498
508 238
508 260
509 276
509 278
509 249
509 496
509 287
509 273
509 305
509 284
509 237
509 272
510 521
510 503
510 281
510 511
510 502
510 264
510 258
510 519
510 261
510 256
511 510
511 270
511 509
511 239
511 517
511 259
511 249
511 303
511 273
511 496
512 277
512 266
512 511
512 498
512 272
512 253
512 496
512 518
512 276
512 514
513 281
513 257
513 271
513 287
513 503
513 258
513 519
513 284
513 496
513 517
514 258
514 512
514 508
514 287
514 517
514 516
514 265
514 252
514 506
514 302
515 508
515 282
515 506
515 266
515 451
515 512
515 517
515 281
515 513
515 234
516 520
516 514
516 304
516 276
516 505
516 269
516 278
516 239
516 506
516 522
517 505
517 503
517 267
517 230
517 284
517 237
517 282
517 246
517 493
517 256
518 499
518 253
518 252
518 509
518 511
518 516
518 264
518 302
518 271
518 519
519 500
519 257
519 258
519 280
519 510
519 518
519 507
519 513
519 276
519 509
520 501
520 268
520 522
520 279
520 270
520 519
520 282
520 515
520 514
520 233
521 517
521 281
521 276
521 265
521 270
521 305
521 302
521 519
521 257
521 266
522 521
522 519
522 266
522 269
522 280
522 281
522 506
522 283
522 253
522 265
523 438
523 378
523 444
523 327
523 371
523 423
523 440
523 441
523 434
523 431
524 525
524 576
524 530
524 572
524 541
524 531
524 570
524 528
524 543
524 536
525 541
525 583
525 524
525 542
525 527
525 572
525 544
525 577
525 579
525 526
526 546
526 534
526 537
526 543
526 570
526 575
526 529
526 580
526 544
526 535
527 570
527 542
527 525
527 524
527 578
527 526
527 623
527 535
527 576
527 575
528 536
528 538
528 622
528 581
528 580
528 577
528 572
528 534
528 527
528 535
529 572
529 536
529 524
529 528
529 527
529 570
529 543
529 577
529 580
529 535
530 524
530 541
530 579
530 539
530 543
530 525
530 584
530 577
530 580
530 576
531 580
531 543
531 572
531 542
531 581
531 526
531 528
531 529
531 530
531 574
532 563
532 555
532 552
532 548
532 567
532 573
532 550
532 983
532 540
532 624
533 625
533 547
533 563
533 548
533 532
533 564
533 553
533 569
533 550
533 545
534 575
534 623
534 531
534 544
534 579
534 541
534 526
534 584
534 578
534 537
535 584
535 534
535 529
535 541
535 537
535 583
535 581
535 546
535 542
535 528
536 535
536 542
536 530
536 578
536 582
536 534
536 526
536 577
536 575
536 584
537 584
537 529
537 539
537 580
537 525
537 572
537 544
537 531
537 530
537 524
538 572
538 531
538 541
538 584
538 544
538 524
538 534
538 574
538 543
538 578
539 527
539 537
539 530
539 543
539 583
539 572
539 541
539 580
539 542
539 544
540 566
540 548
540 550
540 551
540 568
540 547
540 556
540 532
540 571
540 549
541 581
541 536
541 546
541 570
541 544
541 543
541 622
541 578
541 530
541 538
542 575
542 572
542 583
542 527
542 578
542 536
542 579
542 535
542 541
542 538
543 579
543 529
543 537
543 541
543 583
543 542
543 578
543 531
543 525
543 546
544 525
544 577
544 527
544 581
544 534
544 536
544 526
544 623
544 543
544 539
545 571
545 554
545 557
545 566
545 533
545 573
545 565
545 540
545 567
545 532
546 526
546 544
546 577
546 531
546 578
546 528
546 541
546 583
546 539
546 579
547 625
547 563
547 552
547 540
547 557
547 636
547 553
547 624
547 566
547 556
548 566
548 883
548 624
548 983
548 567
548 625
548 551
548 550
548 565
548 545
549 553
549 532
549 545
549 624
549 983
549 863
549 552
549 567
549 550
549 573
550 548
550 540
550 549
550 563
550 554
550 555
550 624
550 413
550 564
550 883
551 564
551 532
551 554
551 625
551 553
551 571
551 552
551 565
551 549
551 883
552 547
552 557
552 549
552 573
552 564
552 532
552 983
552 533
552 550
552 554
553 533
553 548
553 624
553 566
553 571
553 563
553 564
553 547
553 568
553 569
554 548
554 540
554 883
554 625
554 568
554 555
554 563
554 545
554 565
554 550
555 573
555 549
555 983
555 567
555 569
555 532
555 565
555 625
555 557
555 553
556 532
556 563
556 545
556 565
556 551
556 567
556 557
556 636
556 553
556 569
557 983
557 533
557 545
557 571
557 548
557 568
557 549
557 551
557 564
557 563
558 586
558 619
558 560
558 585
558 614
558 587
558 989
558 561
558 880
558 559
559 837
559 585
559 586
559 619
559 618
559 560
559 561
559 562
559 558
559 986
560 880
560 614
560 587
560 559
560 619
560 585
560 561
560 558
560 586
560 989
561 558
561 559
561 560
561 562
561 585
561 586
561 587
561 618
561 619
561 986
562 558
562 559
562 560
562 561
562 585
562 586
562 587
562 618
562 619
562 986
563 550
563 545
563 549
563 625
563 565
563 571
563 569
563 553
563 540
563 564
564 545
564 566
564 550
564 533
564 636
564 625
564 556
564 555
564 553
564 983
565 550
565 547
565 573
565 532
565 556
565 564
565 552
565 554
565 553
565 549
566 555
566 556
566 532
566 553
566 549
566 533
566 568
566 569
566 883
566 548
567 533
567 549
567 557
567 545
567 552
567 548
567 571
567 547
567 553
567 625
568 545
568 565
568 983
568 548
568 549
568 552
568 550
568 556
568 567
568 557
569 563
569 548
569 533
569 571
569 566
569 554
569 565
569 547
569 545
569 551
570 575
570 542
570 578
570 541
570 584
570 529
570 582
570 580
570 577
570 579
571 554
571 625
571 549
571 569
571 550
571 540
571 553
571 563
571 532
571 573
572 524
572 623
572 528
572 529
572 582
572 525
572 538
572 546
572 544
572 570
573 568
573 545
573 533
573 625
573 547
573 552
573 564
573 567
573 553
573 532
574 541
574 534
574 580
574 578
574 543
574 539
574 584
574 570
574 525
574 581
575 574
575 623
575 538
575 537
575 526
575 572
575 582
575 536
575 579
575 541
576 538
576 525
576 526
576 622
576 524
576 583
576 539
576 570
576 535
576 529
577 539
577 581
577 583
577 578
577 526
577 530
577 584
577 534
577 544
577 528
578 570
578 534
578 539
578 622
578 535
578 536
578 531
578 541
578 530
578 542
579 575
579 525
579 582
579 577
579 570
579 572
579 537
579 583
579 622
579 524
580 579
580 525
580 534
580 536
580 539
580 576
580 535
580 530
580 543
580 577
581 580
581 582
581 572
581 542
581 537
581 528
581 529
581 535
581 544
581 584
582 535
582 537
582 538
582 579
582 528
582 575
582 541
582 526
582 623
582 536
583 525
583 535
583 575
583 623
583 584
583 542
583 526
583 580
583 537
583 524
584 546
584 578
584 544
584 524
584 583
584 580
584 528
584 582
584 535
584 579
585 558
585 559
585 560
585 561
585 562
585 586
585 587
585 619
586 558
586 559
586 560
586 561
586 562
586 585
586 587
586 619
587 585
587 562
587 558
587 559
587 872
587 561
587 619
587 586
587 560
587 876
588 590
588 591
588 605
588 606
588 607
588 970
588 974
588 975
588 976
588 977
589 966
589 980
589 957
589 949
589 760
589 955
589 758
589 792
589 755
589 790
590 588
590 606
590 607
590 969
590 970
590 971
590 976
590 977
591 971
591 605
591 969
591 975
591 195
591 970
591 171
591 976
591 606
591 977
592 802
592 782
592 777
592 771
592 774
592 600
592 785
592 781
592 770
592 799
593 197
593 596
593 630
593 816
594 147
594 958
594 122
594 116
594 131
594 964
594 130
594 959
594 123
594 603
595 172
595 604
595 119
595 115
595 114
595 121
595 110
595 117
595 174
595 111
596 184
596 198
596 200
596 600
596 183
596 120
596 593
596 196
596 185
596 630
597 944
597 961
597 598
597 193
597 200
597 938
597 194
597 940
597 952
597 748
598 200
598 198
598 943
598 942
598 941
598 953
598 193
598 940
598 965
598 961
599 949
599 589
599 768
599 757
599 790
599 955
599 755
599 756
599 968
599 966
600 183
600 184
600 186
600 187
600 592
600 596
600 772
600 773
600 785
600 787
601 131
601 104
601 136
601 147
601 603
601 127
601 142
601 962
601 602
601 140
602 140
602 147
602 130
602 601
602 202
602 136
602 143
602 127
602 201
602 603
603 117
603 199
603 141
603 129
603 175
603 124
603 114
603 119
603 127
603 113
604 111
604 123
604 135
604 201
604 112
604 175
604 594
604 132
604 114
604 959
605 199
605 171
605 602
605 970
605 591
605 974
605 191
605 977
605 195
605 975
606 588
606 590
606 591
606 605
606 607
607 588
607 590
607 606
607 969
607 970
607 971
607 976
607 977
608 654
608 655
609 612
609 833
609 882
610 611
610 818
610 819
610 824
610 828
610 829
610 830
611 610
611 650
611 651
611 654
612 609
612 830
612 833
612 875
612 882
613 817
613 819
613 824
613 828
613 829
613 831
613 838
613 842
614 558
614 560
614 835
614 844
614 845
614 872
614 876
614 880
614 989
615 825
615 826
615 845
615 988
616 617
616 618
616 837
616 984
616 986
616 988
617 616
617 643
617 984
617 988
618 559
618 561
618 562
618 616
618 619
618 837
618 986
618 989
619 558
619 559
619 560
619 561
619 562
619 585
619 586
619 587
619 618
619 986
620 1207
620 1233
620 1226
620 1192
620 1231
620 1219
620 1232
620 1200
620 1230
620 1218
621 647
621 648
621 1226
621 1227
621 1230
621 1232
621 1250
622 579
622 584
622 538
622 528
622 581
622 576
622 543
622 580
622 535
622 530
623 577
623 583
623 534
623 1043
623 546
623 576
623 527
623 525
623 528
623 524
624 1043
624 546
624 625
624 553
624 551
624 549
624 532
624 623
624 554
624 569
625 550
625 573
625 545
625 540
625 549
625 563
625 554
625 533
625 564
625 552
626 627
626 650
626 651
627 626
627 630
627 818
628 784
628 808
628 775
628 803
628 805
628 788
628 772
628 785
628 789
628 631
629 628
629 646
629 1233
629 1234
629 1235
629 1236
629 1245
630 593
630 596
630 627
630 815
630 816
630 827
631 785
631 772
631 806
631 784
631 775
631 779
631 807
631 803
631 805
631 801
632 197
632 198
632 200
632 597
632 598
632 748
632 812
632 816
632 944
632 987
633 798
633 765
633 796
633 766
633 797
633 794
633 763
633 764
633 760
633 768
634 642
634 747
634 748
634 749
634 750
634 751
634 752
634 753
634 754
634 985
635 633
635 645
635 758
635 760
635 794
635 755
635 798
635 793
635 796
635 766
636 637
636 555
636 557
636 553
636 564
636 545
636 547
636 554
636 552
636 556
637 636
637 638
637 641
637 979
637 1162
637 1168
637 1171
637 1173
638 1169
638 1168
638 637
638 1173
638 1163
638 644
638 1167
638 1164
638 641
638 645
639 620
639 640
639 1231
640 639
640 641
640 1099
640 1133
641 637
641 640
641 638
641 1099
641 644
641 1162
641 1173
641 1133
641 1098
641 1168
642 634
642 747
642 749
642 751
642 811
642 985
642 987
643 617
643 811
643 826
643 984
644 638
644 641
644 645
644 979
644 1098
644 1162
644 1165
644 1168
644 1173
645 635
645 638
645 644
645 980
645 1098
645 1100
646 1233
646 689
646 620
646 1245
646 1236
646 718
646 1235
646 717
646 649
646 629
647 621
647 648
647 744
647 745
647 746
647 846
647 1227
647 1232
647 1250
647 1261
648 621
648 647
648 657
648 744
648 745
648 746
648 846
648 1227
648 1232
648 1250
649 646
649 653
649 689
649 715
649 717
649 718
650 611
650 626
650 651
650 697
650 720
650 721
651 611
651 626
651 650
651 652
651 697
651 720
651 721
651 722
652 651
652 696
652 697
652 716
652 721
652 722
652 1260
653 649
653 687
653 689
653 715
653 716
653 717
653 718
653 1255
654 608
654 611
654 655
654 727
654 729
654 744
654 860
654 1261
655 608
655 654
655 656
655 724
655 727
655 729
655 860
656 655
656 724
656 727
656 730
656 860
656 861
657 648
657 730
657 745
657 746
657 846
657 848
657 861
657 1262
658 661
659 660
660 659
661 658
661 678
662 663
662 664
662 665
662 672
662 673
662 685
663 662
663 664
663 665
663 666
663 667
663 670
663 671
663 685
664 662
664 663
664 665
664 680
664 684
664 685
665 662
665 663
665 664
665 672
665 673
665 685
666 663
666 667
666 668
666 669
666 674
666 675
666 677
666 680
666 684
667 663
667 666
667 668
667 669
667 674
667 675
667 677
667 680
667 684
668 666
668 667
668 669
668 676
668 677
668 680
668 684
669 666
669 667
669 668
669 676
669 677
669 680
669 684
670 663
670 671
670 672
670 673
670 674
670 675
670 682
670 683
671 663
671 670
671 672
671 673
671 674
671 675
671 682
671 683
672 662
672 665
672 670
672 671
672 673
672 683
673 662
673 665
673 670
673 671
673 672
673 683
674 666
674 667
674 670
674 671
674 675
674 676
674 677
674 681
674 682
675 666
675 667
675 670
675 671
675 674
675 676
675 677
675 681
675 682
676 668
676 669
676 674
676 675
676 677
676 681
676 682
677 666
677 667
677 668
677 669
677 674
677 675
677 676
677 681
677 682
678 661
678 690
680 664
680 666
680 667
680 668
680 669
680 684
680 685
681 674
681 675
681 676
681 677
681 682
681 683
682 670
682 671
682 674
682 675
682 676
682 677
682 681
682 683
683 670
683 671
683 672
683 673
683 681
683 682
684 664
684 666
684 667
684 668
684 669
684 680
684 685
685 662
685 663
685 664
685 665
685 680
685 684
686 698
686 717
686 712
686 702
686 710
686 689
686 700
686 706
686 703
686 708
687 717
687 718
687 689
687 686
687 696
687 653
687 688
687 716
687 715
687 1254
688 1253
688 701
688 714
688 1257
688 1254
688 699
688 700
688 698
688 687
688 695
689 646
689 716
689 686
689 718
689 687
689 722
689 720
689 697
689 721
689 649
690 678
690 691
690 1259
691 690
691 1257
691 1258
692 693
692 1253
692 1256
693 692
693 1256
694 697
694 701
694 698
694 711
694 710
694 703
694 707
694 709
694 708
694 713
695 688
695 696
695 699
695 700
695 714
695 1257
695 1258
695 1260
696 652
696 687
696 695
696 697
696 716
696 721
696 722
696 1260
697 701
697 722
697 689
697 709
697 652
697 696
697 720
697 694
697 716
697 650
698 699
698 688
698 713
698 707
698 710
698 701
698 708
698 705
698 700
698 711
699 705
699 710
699 712
699 700
699 709
699 702
699 706
699 704
699 714
699 1254
700 706
700 688
700 712
700 707
700 1254
700 698
700 709
700 713
700 686
700 695
701 708
701 686
701 712
701 698
701 707
701 700
701 709
701 703
701 697
701 710
702 713
702 700
702 709
702 694
702 698
702 710
702 708
702 686
702 714
702 701
703 709
703 704
703 714
703 705
703 712
703 701
703 702
703 708
703 710
703 698
704 705
704 708
704 710
704 694
704 712
704 698
704 701
704 714
704 699
704 709
705 707
705 704
705 702
705 709
705 703
705 712
705 708
705 706
705 713
705 711
706 712
706 701
706 699
706 711
706 702
706 698
706 714
706 700
706 704
706 708
707 699
707 703
707 701
707 709
707 708
707 704
707 698
707 714
707 712
707 713
708 702
708 698
708 686
708 699
708 714
708 713
708 711
708 709
708 694
708 712
709 707
709 703
709 698
709 705
709 702
709 701
709 720
709 686
709 721
709 710
710 699
710 712
710 711
710 706
710 707
710 714
710 694
710 702
710 708
710 701
711 710
711 703
711 704
711 707
711 686
711 714
711 698
711 694
711 705
711 712
712 721
712 706
712 694
712 711
712 701
712 697
712 713
712 699
712 705
712 703
713 694
713 708
713 709
713 702
713 704
713 707
713 699
713 706
713 703
713 686
714 704
714 686
714 712
714 707
714 711
714 688
714 694
714 702
714 698
714 699
715 649
715 653
715 687
715 689
715 716
715 717
715 718
715 719
715 720
715 1255
716 722
716 717
716 719
716 687
716 1260
716 652
716 689
716 696
716 721
716 715
717 721
717 715
717 686
717 687
717 722
717 719
717 720
717 649
717 718
717 653
718 687
718 646
718 1245
718 689
718 717
718 653
718 1236
718 720
718 715
718 649
719 689
719 697
719 715
719 716
719 717
719 718
719 720
719 721
719 722
720 722
720 650
720 715
720 721
720 718
720 689
720 651
720 719
720 716
720 709
721 719
721 696
721 709
721 712
721 650
721 701
721 651
721 694
721 722
721 720
722 651
722 652
722 689
722 696
722 697
722 716
722 717
722 719
722 720
722 721
723 741
723 735
723 732
723 739
723 738
723 740
723 736
723 725
723 737
723 731
724 655
724 656
724 727
724 729
724 730
724 745
724 746
724 846
724 860
724 861
725 741
725 849
725 860
725 737
725 738
725 740
725 732
725 856
725 735
725 739
726 739
726 723
726 728
726 737
726 725
726 857
726 733
726 741
726 740
726 734
727 654
727 655
727 656
727 724
727 729
727 730
727 860
728 740
728 723
728 735
728 739
728 725
728 738
728 744
728 741
728 726
728 733
729 654
729 655
729 724
729 727
729 744
729 745
729 746
729 846
729 860
729 1261
730 746
730 727
730 744
730 846
730 731
730 848
730 743
730 656
730 861
730 745
731 734
731 847
731 723
731 739
731 857
731 730
731 849
731 741
731 740
731 737
732 733
732 742
732 735
732 723
732 740
732 743
732 741
732 857
732 737
732 726
733 738
733 725
733 734
733 740
733 728
733 741
733 735
733 739
733 857
733 856
734 856
734 728
734 857
734 742
734 738
734 739
734 736
734 741
734 733
734 740
735 728
735 725
735 849
735 736
735 738
735 742
735 857
735 737
735 732
735 733
736 738
736 733
736 857
736 731
736 734
736 723
736 849
736 742
736 741
736 732
737 726
737 743
737 734
737 739
737 738
737 735
737 849
737 736
737 725
737 733
738 728
738 740
738 743
738 736
738 741
738 723
738 731
738 737
738 726
738 849
739 731
739 743
739 742
739 736
739 734
739 740
739 735
739 732
739 738
739 726
740 726
740 849
740 857
740 739
740 725
740 733
740 738
740 736
740 741
740 743
741 739
741 725
741 735
741 728
741 736
741 731
741 733
741 737
741 738
741 857
742 857
742 737
742 731
742 743
742 741
742 725
742 856
742 728
742 849
742 730
743 723
743 738
743 740
743 1264
743 736
743 739
743 849
743 732
743 731
743 730
744 860
744 846
744 738
744 746
744 729
744 730
744 849
744 1261
744 647
744 654
745 744
745 729
745 846
745 648
745 647
745 657
745 1261
745 730
745 724
745 860
746 1261
746 657
746 860
746 729
746 730
746 724
746 745
746 744
746 846
746 848
747 634
747 642
747 748
747 749
747 750
747 751
747 752
747 753
747 754
747 985
748 952
748 941
748 754
748 750
748 634
748 749
748 632
748 747
748 965
748 987
749 748
749 985
749 754
749 811
749 750
749 753
749 747
749 752
749 751
749 634
750 634
750 747
750 748
750 749
750 751
750 752
750 753
750 754
750 985
751 754
751 985
751 747
751 642
751 749
751 634
751 811
751 748
751 750
751 941
752 634
752 747
752 748
752 749
752 750
752 751
752 753
752 754
752 941
752 942
753 634
753 747
753 748
753 749
753 750
753 751
753 752
753 754
753 941
753 942
754 634
754 747
754 748
754 749
754 750
754 751
754 752
754 753
754 941
754 942
755 765
755 763
755 760
755 796
755 599
755 791
755 795
755 798
755 792
755 947
756 795
756 766
756 765
756 794
756 761
756 760
756 790
756 767
756 764
756 759
757 763
757 635
757 791
757 794
757 980
757 759
757 790
757 792
757 796
757 765
758 792
758 794
758 790
758 768
758 765
758 980
758 763
758 791
758 755
758 762
759 949
759 967
759 767
759 756
759 795
759 790
759 635
759 792
759 793
759 760
760 797
760 758
760 793
760 796
760 761
760 791
760 792
760 790
760 756
760 769
761 758
761 790
761 791
761 757
761 635
761 798
761 765
761 980
761 633
761 756
762 798
762 635
762 755
762 589
762 980
762 795
762 757
762 765
762 768
762 758
763 768
763 769
763 795
763 793
763 792
763 758
763 798
763 759
763 762
763 633
764 765
764 796
764 761
764 769
764 793
764 757
764 633
764 794
764 792
764 791
765 796
765 766
765 768
765 792
765 798
765 633
765 759
765 797
765 764
765 769
766 763
766 790
766 793
766 768
766 635
766 759
766 797
766 756
766 764
766 761
767 766
767 798
767 790
767 764
767 793
767 761
767 794
767 760
767 762
767 768
768 795
768 766
768 633
768 765
768 769
768 762
768 955
768 790
768 758
768 798
769 949
769 764
769 757
769 768
769 765
769 797
769 767
769 795
769 796
769 954
770 785
770 778
770 775
770 776
770 802
770 804
770 772
770 782
770 781
770 803
771 778
771 592
771 776
771 772
771 770
771 802
771 804
771 785
771 781
771 774
772 809
772 784
772 802
772 806
772 592
772 774
772 781
772 778
772 800
772 773
773 799
773 628
773 782
773 600
773 775
773 789
773 783
773 809
773 780
773 772
774 775
774 786
774 778
774 773
774 776
774 804
774 779
774 788
774 803
774 781
775 808
775 771
775 592
775 631
775 804
775 786
775 805
775 774
775 801
775 779
776 772
776 778
776 782
776 803
776 774
776 801
776 800
776 770
776 810
776 787
777 803
777 786
777 771
777 802
777 592
777 783
777 806
777 628
777 807
777 776
778 782
778 780
778 777
778 810
778 774
778 628
778 775
778 776
778 773
778 781
779 783
779 770
779 780
779 782
779 786
779 802
779 787
779 799
779 1053
779 803
780 789
780 771
780 782
780 781
780 778
780 774
780 773
780 779
780 804
780 770
781 807
781 774
781 786
781 780
781 800
781 771
781 784
781 803
781 777
781 770
782 800
782 773
782 806
782 789
782 787
782 809
782 807
782 802
782 786
782 783
783 628
783 803
783 786
783 773
783 631
783 781
783 780
783 806
783 810
783 787
784 804
784 803
784 781
784 788
784 779
784 628
784 787
784 800
784 805
784 810
785 786
785 600
785 773
785 631
785 805
785 776
785 807
785 800
785 780
785 783
786 775
786 785
786 777
786 808
786 809
786 807
786 799
786 772
786 788
786 776
787 781
787 772
787 803
787 809
787 785
787 788
787 777
787 808
787 631
787 800
788 804
788 800
788 779
788 775
788 1053
788 801
788 774
788 802
788 799
788 785
789 807
789 801
789 800
789 1053
789 804
789 779
789 788
789 785
789 782
789 783
790 756
790 768
790 947
790 767
790 766
790 764
790 792
790 791
790 599
790 635
791 763
791 765
791 755
791 793
791 790
791 797
791 796
791 980
791 794
791 758
792 798
792 760
792 949
792 946
792 599
792 967
792 796
792 764
792 759
792 947
793 767
793 760
793 635
793 762
793 755
793 633
793 756
793 796
793 757
793 794
794 765
794 793
794 635
794 792
794 760
794 759
794 764
794 761
794 795
794 791
795 765
795 767
795 763
795 793
795 768
795 762
795 633
795 635
795 758
795 796
796 798
796 790
796 791
796 756
796 768
796 764
796 763
796 767
796 769
796 797
797 761
797 967
797 796
797 633
797 954
797 955
797 766
797 759
797 762
797 599
798 767
798 756
798 764
798 949
798 763
798 797
798 796
798 759
798 793
798 794
799 809
799 808
799 807
799 778
799 772
799 803
799 789
799 771
799 592
799 800
800 772
800 780
800 804
800 787
800 781
800 801
800 784
800 779
800 786
800 810
801 788
801 802
801 776
801 778
801 628
801 799
801 809
801 772
801 807
801 780
802 781
802 631
802 804
802 774
802 808
802 782
802 799
802 803
802 810
802 785
803 779
803 810
803 773
803 777
803 781
803 778
803 802
803 789
803 772
803 809
804 777
804 800
804 770
804 807
804 780
804 781
804 803
804 805
804 773
804 785
805 785
805 781
805 779
805 784
805 778
805 777
805 807
805 808
805 780
805 787
806 803
806 631
806 776
806 778
806 780
806 808
806 809
806 807
806 781
806 786
807 784
807 810
807 775
807 803
807 778
807 785
807 801
807 789
807 783
807 628
808 789
808 772
808 779
808 631
808 799
808 773
808 803
808 805
808 807
808 775
809 801
809 781
809 775
809 808
809 772
809 805
809 783
809 786
809 774
809 776
810 799
810 776
810 774
810 803
810 802
810 628
810 804
810 807
810 805
810 784
811 642
811 643
811 749
811 751
811 813
811 814
811 821
811 826
811 985
811 987
812 632
812 813
812 814
812 816
812 820
812 821
812 825
812 827
812 987
813 814
813 825
813 811
813 987
813 812
813 822
813 827
813 815
813 820
813 816
814 811
814 812
814 813
814 820
814 821
814 825
814 826
814 987
815 630
815 813
815 816
815 817
815 820
815 822
815 823
815 825
815 827
816 593
816 630
816 632
816 812
816 813
816 815
816 820
816 822
816 825
816 827
817 613
817 815
817 818
817 819
817 822
817 823
817 824
817 828
817 829
818 610
818 627
818 817
818 823
818 828
819 610
819 613
819 817
819 823
819 824
819 828
819 829
819 831
819 838
820 812
820 813
820 814
820 815
820 816
820 821
820 822
820 825
820 827
821 811
821 812
821 813
821 814
821 820
821 825
821 826
821 987
822 813
822 815
822 816
822 817
822 820
822 823
822 827
823 815
823 817
823 818
823 819
823 822
823 824
823 827
823 828
824 610
824 613
824 817
824 819
824 823
824 828
824 829
824 830
824 831
824 838
825 615
825 812
825 813
825 814
825 815
825 816
825 820
825 821
825 826
825 827
826 615
826 643
826 811
826 814
826 821
826 825
826 987
826 988
827 630
827 812
827 813
827 815
827 816
827 820
827 822
827 823
827 825
828 610
828 613
828 817
828 818
828 819
828 823
828 824
828 829
829 610
829 613
829 817
829 819
829 824
829 828
830 610
830 612
830 824
830 831
830 833
830 838
830 842
831 613
831 819
831 824
831 830
831 832
831 838
831 839
831 842
832 831
832 833
832 834
832 838
832 839
832 840
832 844
833 609
833 612
833 830
833 832
833 839
833 840
833 882
834 832
834 835
834 836
834 839
834 840
834 841
834 844
834 845
835 614
835 834
835 836
835 837
835 840
835 841
835 844
835 845
835 989
836 834
836 835
836 837
836 840
836 841
836 844
836 845
836 989
837 559
837 616
837 618
837 835
837 836
837 841
837 844
837 845
837 989
838 613
838 819
838 824
838 830
838 831
838 832
838 839
838 842
839 831
839 832
839 833
839 834
839 838
839 840
839 844
840 832
840 833
840 834
840 835
840 836
840 839
840 841
840 844
841 834
841 835
841 836
841 837
841 840
841 844
841 845
841 989
842 613
842 830
842 831
842 838
844 614
844 832
844 834
844 835
844 836
844 837
844 839
844 840
844 841
844 845
845 614
845 615
845 834
845 835
845 836
845 837
845 841
845 844
845 989
846 745
846 729
846 657
846 724
846 746
846 860
846 730
846 647
846 849
846 648
847 731
847 742
847 743
847 848
847 855
847 856
847 1262
847 1263
847 1264
848 657
848 730
848 746
848 847
848 859
848 861
848 1262
849 857
849 846
849 725
849 733
849 735
849 738
849 736
849 726
849 734
849 745
850 851
850 855
850 859
851 850
851 855
852 853
852 854
852 858
852 897
853 852
853 858
854 852
854 1264
855 847
855 850
855 851
855 1263
856 732
856 731
856 1265
856 1264
856 734
856 742
856 743
856 861
856 847
856 725
857 740
857 726
857 735
857 739
857 728
857 736
857 738
857 743
857 723
857 849
858 852
858 853
858 1265
859 848
859 850
859 1262
860 727
860 746
860 655
860 745
860 724
860 846
860 725
860 656
860 654
860 729
861 656
861 657
861 724
861 730
861 848
861 856
861 860
861 1262
861 1264
861 1265
862 394
862 395
862 867
862 885
862 887
863 866
863 884
863 415
863 420
863 421
863 869
863 550
863 393
863 549
863 413
864 933
864 925
864 932
864 870
864 863
864 888
864 884
864 929
864 924
864 393
865 864
865 393
865 888
865 884
865 933
865 932
865 927
865 923
865 926
865 928
866 415
866 420
866 408
866 418
866 872
866 883
866 405
866 407
866 549
866 863
867 862
867 868
867 885
867 887
867 889
868 407
868 408
868 409
868 524
868 527
868 867
868 875
868 889
869 357
869 368
869 405
869 352
869 863
869 421
869 417
869 356
869 355
869 354
870 400
870 873
870 864
870 869
870 923
870 392
870 393
870 370
870 878
870 929
871 336
871 394
871 395
871 411
871 422
872 418
872 614
872 419
872 587
872 876
872 405
872 989
872 414
872 866
872 420
873 923
873 400
873 367
873 366
873 878
873 918
873 921
873 935
873 934
873 362
874 356
874 345
874 881
874 332
874 339
874 354
874 357
874 877
874 351
874 352
875 338
875 406
875 418
875 419
875 612
875 868
875 882
875 889
876 347
876 415
876 398
876 869
876 421
876 368
876 614
876 357
876 364
876 342
877 336
877 348
877 398
877 369
877 333
877 394
877 355
877 332
877 341
877 357
878 879
878 367
878 353
878 930
878 923
878 870
878 918
878 363
878 928
878 369
879 361
879 870
879 934
879 392
879 401
879 920
879 931
879 921
879 919
879 367
880 405
880 560
880 415
880 869
880 420
880 406
880 876
880 614
880 417
880 587
881 357
881 346
881 332
881 354
881 397
881 335
881 395
881 352
881 356
881 877
882 338
882 406
882 418
882 419
882 609
882 612
882 833
882 875
883 549
883 551
883 548
883 557
883 533
883 566
883 564
883 568
883 552
883 413
884 929
884 393
884 926
884 865
884 924
884 883
884 933
884 925
884 937
884 863
885 862
885 867
885 887
886 408
886 414
886 413
886 405
886 420
886 407
886 883
886 866
886 421
886 863
887 862
887 867
887 885
888 937
888 925
888 393
888 936
888 927
888 933
888 929
888 884
888 864
888 923
889 407
889 408
889 409
889 524
889 527
889 867
889 868
889 875
890 893
890 896
890 898
890 908
890 909
890 910
890 911
890 912
890 913
891 892
891 900
891 902
891 903
891 904
891 916
892 891
892 900
892 903
892 906
892 907
892 916
893 890
893 896
893 901
893 909
893 912
893 913
894 895
894 897
895 894
896 890
896 893
896 898
896 908
896 909
896 910
896 911
897 852
897 894
898 890
898 896
898 899
898 902
898 904
898 905
898 908
898 910
898 911
899 898
899 902
899 904
899 905
899 908
899 910
899 911
900 891
900 892
900 901
900 903
900 906
900 907
900 909
900 912
900 913
901 893
901 900
901 903
901 907
901 909
901 912
901 913
902 891
902 898
902 899
902 903
902 904
902 905
902 908
902 910
902 911
902 916
903 891
903 892
903 900
903 901
903 902
903 906
903 907
904 891
904 898
904 899
904 902
904 905
904 908
904 910
904 911
904 916
905 898
905 899
905 902
905 904
905 908
905 910
905 911
905 916
906 892
906 900
906 903
906 907
906 912
906 913
907 892
907 900
907 901
907 903
907 906
907 912
907 913
908 890
908 896
908 898
908 899
908 902
908 904
908 905
908 910
908 911
909 890
909 893
909 896
909 900
909 901
909 912
909 913
910 890
910 896
910 898
910 899
910 902
910 904
910 905
910 908
910 911
911 890
911 896
911 898
911 899
911 902
911 904
911 905
911 908
911 910
912 890
912 893
912 900
912 901
912 906
912 907
912 909
912 913
913 890
913 893
913 900
913 901
913 906
913 907
913 909
913 912
914 915
914 917
915 914
916 891
916 892
916 902
916 904
916 905
917 914
918 931
918 929
918 366
918 369
918 920
918 353
918 919
918 367
918 401
918 878
919 350
919 353
919 918
919 401
919 345
919 359
919 340
919 935
919 365
919 878
920 349
920 921
920 935
920 362
920 401
920 922
920 930
920 361
920 369
920 929
921 935
921 918
921 919
921 920
921 879
921 873
921 934
921 361
921 931
921 928
922 923
922 936
922 937
922 873
922 929
922 920
922 865
922 928
922 422
922 926
923 865
923 936
923 934
923 888
923 393
923 879
923 400
923 870
923 884
923 392
924 927
924 926
924 393
924 888
924 937
924 932
924 925
924 865
924 936
924 864
925 888
925 393
925 929
925 865
925 928
925 927
925 936
925 937
925 884
925 926
926 925
926 927
926 932
926 936
926 929
926 924
926 937
926 922
926 865
926 933
927 865
927 888
927 924
927 925
927 926
927 932
927 933
927 936
927 937
928 878
928 879
928 865
928 925
928 920
928 936
928 929
928 931
928 923
928 873
929 870
929 879
929 873
929 888
929 925
929 930
929 864
929 919
929 928
929 934
930 879
930 931
930 878
930 934
930 920
930 919
930 873
930 928
930 929
930 918
931 918
931 935
931 873
931 361
931 920
931 921
931 360
931 879
931 930
931 934
932 923
932 888
932 865
932 925
932 927
932 924
932 937
932 933
932 926
932 864
933 932
933 937
933 864
933 393
933 936
933 925
933 865
933 888
933 927
933 924
934 361
934 365
934 918
934 921
934 873
934 935
934 920
934 878
934 929
934 923
935 879
935 931
935 921
935 361
935 934
935 367
935 366
935 878
935 920
935 873
936 922
936 927
936 888
936 865
936 926
936 923
936 925
936 932
936 924
936 937
937 924
937 888
937 936
937 927
937 926
937 922
937 865
937 933
937 932
937 925
938 119
938 973
938 113
938 112
938 942
938 111
938 185
938 136
938 194
938 940
939 142
939 958
939 132
939 133
939 197
939 200
939 963
939 131
939 136
939 138
940 193
940 943
940 944
940 133
940 973
940 960
940 110
940 176
940 129
940 945
941 143
941 753
941 130
941 751
941 942
941 945
941 958
941 144
941 125
941 193
942 177
942 130
942 136
942 131
942 145
942 958
942 132
942 141
942 938
942 126
943 123
943 965
943 135
943 113
943 973
943 177
943 944
943 972
943 117
943 598
944 963
944 598
944 112
944 973
944 597
944 938
944 185
944 960
944 128
944 197
945 193
945 964
945 942
945 148
945 961
945 198
945 953
945 139
945 972
945 941
946 171
946 949
946 193
946 954
946 968
946 951
946 948
946 190
946 966
946 967
947 797
947 955
947 957
947 589
947 758
947 976
947 194
947 946
947 755
947 756
948 947
948 970
948 971
948 951
948 187
948 797
948 184
948 798
948 966
948 976
949 970
949 954
949 183
949 769
949 192
949 969
949 976
949 955
949 974
949 966
950 589
950 956
950 948
950 186
950 974
950 599
950 976
950 968
950 975
950 957
951 971
951 184
951 589
951 974
951 948
951 957
951 947
951 956
951 977
951 968
952 200
952 945
952 177
952 193
952 939
952 959
952 598
952 944
952 125
952 147
953 938
953 943
953 119
953 193
953 118
953 110
953 116
953 179
953 962
953 973
954 768
954 951
954 975
954 970
954 599
954 957
954 968
954 797
954 759
954 956
955 193
955 976
955 975
955 974
955 797
955 967
955 190
955 171
955 954
955 798
956 792
956 950
956 977
956 949
956 951
956 976
956 947
956 970
956 183
956 967
957 966
957 956
957 589
957 171
957 971
957 950
957 599
957 186
957 975
957 183
958 139
958 961
958 128
958 119
958 939
958 944
958 129
958 943
958 135
958 143
959 174
959 939
959 121
959 961
959 603
959 960
959 116
959 129
959 177
959 973
960 175
960 972
960 118
960 120
960 193
960 958
960 941
960 604
960 144
960 942
961 118
961 116
961 938
961 198
961 945
961 143
961 960
961 131
961 132
961 136
962 945
962 146
962 179
962 110
962 941
962 111
962 134
962 120
962 200
962 148
963 944
963 943
963 940
963 200
963 952
963 142
963 115
963 194
963 110
963 129
964 142
964 941
964 198
964 952
964 146
964 194
964 118
964 145
964 111
964 972
965 135
965 148
965 116
965 147
965 122
965 142
965 129
965 953
965 959
965 958
966 949
966 956
966 976
966 957
966 792
966 193
966 951
966 589
966 798
966 187
967 769
967 171
967 192
967 949
967 966
967 768
967 951
967 969
967 957
967 759
968 957
968 949
968 956
968 954
968 947
968 171
968 186
968 975
968 184
968 183
969 970
969 968
969 184
969 607
969 975
969 956
969 977
969 591
969 954
969 967
970 971
970 184
970 968
970 974
970 966
970 591
970 956
970 588
970 951
970 590
971 969
971 974
971 605
971 187
971 976
971 968
971 171
971 607
971 951
971 966
972 116
972 179
972 128
972 113
972 112
972 136
972 941
972 111
972 118
972 126
973 179
973 138
973 117
973 118
973 126
973 128
973 176
973 116
973 141
973 940
974 968
974 591
974 948
974 946
974 949
974 957
974 970
974 977
974 605
974 955
975 966
975 957
975 976
975 605
975 171
975 977
975 947
975 591
975 588
975 969
976 956
976 949
976 607
976 591
976 605
976 954
976 946
976 957
976 955
976 947
977 955
977 951
977 970
977 968
977 590
977 957
977 976
977 974
977 975
977 956
978 1165
978 1168
978 1163
978 1140
978 1149
978 1157
978 1156
978 1161
978 1169
978 1166
979 637
979 1165
979 1173
979 1150
979 641
979 644
979 1169
979 978
979 1172
979 1162
980 767
980 589
980 760
980 762
980 757
980 766
980 790
980 758
980 755
980 756
982 1171
983 557
983 549
983 551
983 532
983 552
983 636
983 553
983 548
983 564
983 556
984 616
984 617
984 643
985 634
985 642
985 747
985 748
985 749
985 750
985 751
985 811
985 987
986 559
986 561
986 562
986 616
986 618
986 619
987 814
987 597
987 985
987 812
987 813
987 632
987 642
987 598
987 826
987 811
988 615
988 616
988 617
988 826
989 560
989 614
989 845
989 880
989 841
989 559
989 618
989 836
989 837
989 558
990 1238
990 991
990 1070
990 1048
990 1076
990 996
990 1074
990 1005
990 1020
990 1045
991 1055
991 1052
991 1243
991 1020
991 1076
991 1051
991 1066
991 1000
991 1048
991 1242
992 1005
992 991
992 1238
992 1048
992 1023
992 1025
992 1022
992 1243
992 1241
992 1074
993 1069
993 1000
993 1076
993 1073
993 1019
993 1241
993 1021
993 1023
993 1018
993 1070
994 1243
994 1073
994 990
994 1020
994 1051
994 999
994 1018
994 1000
994 1024
994 992
995 991
995 1052
995 1019
995 1237
995 1238
995 1243
995 1045
995 992
995 1018
995 1005
996 995
996 1055
996 1243
996 1018
996 1024
996 1069
996 1049
996 1004
996 994
996 1020
997 1013
997 1002
997 1009
997 1001
997 1000
997 1048
997 1008
997 1055
997 1125
997 1014
998 1048
998 1125
998 1242
998 1001
998 1000
998 1009
998 1055
998 1002
998 997
998 999
999 1024
999 1018
999 1061
999 1065
999 1242
999 1064
999 1241
999 993
999 1022
999 1070
1000 1067
1000 1018
1000 992
1000 998
1000 1243
1000 1022
1000 1001
1000 994
1000 1066
1000 990
1001 1045
1001 1242
1001 1076
1001 1014
1001 1070
1001 1054
1001 1000
1001 1117
1001 1069
1001 1066
1002 1082
1002 1125
1002 1055
1002 1117
1002 1001
1002 1066
1002 999
1002 1048
1002 1014
1002 1065
1003 1072
1003 993
1003 1073
1003 1049
1003 1062
1003 1000
1003 1020
1003 1023
1003 1048
1003 1068
1004 1066
1004 1025
1004 1024
1004 1070
1004 992
1004 1062
1004 1069
1004 1051
1004 1067
1004 1068
1005 999
1005 1018
1005 990
1005 1046
1005 995
1005 993
1005 1051
1005 1062
1005 1021
1005 1073
1006 1040
1006 1090
1006 1082
1006 1246
1006 1078
1006 1009
1006 1012
1006 1085
1006 1015
1006 1054
1007 1082
1007 1246
1007 1249
1007 1011
1007 1006
1007 1038
1007 1089
1007 1014
1007 1026
1007 1012
1008 1017
1008 1054
1008 1014
1008 1030
1008 1082
1008 1011
1008 1010
1008 1013
1008 1038
1008 997
1009 1047
1009 1017
1009 1014
1009 1007
1009 1016
1009 1038
1009 1082
1009 1015
1009 1125
1009 1089
1010 1008
1010 1078
1010 1007
1010 1093
1010 1012
1010 1016
1010 1249
1010 1038
1010 1031
1010 1030
1011 1038
1011 1031
1011 1032
1011 1012
1011 1047
1011 1089
1011 1017
1011 1246
1011 1015
1011 1028
1012 1027
1012 1007
1012 1091
1012 1011
1012 1038
1012 1041
1012 1039
1012 1031
1012 1246
1012 1032
1013 1006
1013 1107
1013 1092
1013 1047
1013 1082
1013 1041
1013 1014
1013 1054
1013 1032
1013 1016
1014 1082
1014 1038
1014 1010
1014 1047
1014 1089
1014 1030
1014 1078
1014 1085
1014 1002
1014 1093
1015 1013
1015 1029
1015 1042
1015 1249
1015 1028
1015 1091
1015 1093
1015 1246
1015 1030
1015 1082
1016 1091
1016 1085
1016 1012
1016 1039
1016 1031
1016 1082
1016 1087
1016 1009
1016 1080
1016 1083
1017 1047
1017 1041
1017 1081
1017 1032
1017 1042
1017 1010
1017 1013
1017 1083
1017 1007
1017 1031
1018 1060
1018 999
1018 1021
1018 1065
1018 996
1018 994
1018 1071
1018 1003
1018 1066
1018 1045
1019 1023
1019 1061
1019 1065
1019 1063
1019 1075
1019 1046
1019 1004
1019 1025
1019 1072
1019 1018
1020 1061
1020 1022
1020 1116
1020 1072
1020 995
1020 1005
1020 1024
1020 1060
1020 1073
1020 1046
1021 994
1021 1020
1021 1023
1021 1241
1021 1074
1021 1070
1021 1068
1021 1075
1021 1096
1021 1046
1022 1067
1022 1075
1022 990
1022 1018
1022 1004
1022 1003
1022 1048
1022 1073
1022 1063
1022 995
1023 1051
1023 1067
1023 1018
1023 1061
1023 1241
1023 993
1023 1096
1023 1045
1023 1046
1023 1071
1024 1243
1024 1004
1024 991
1024 1076
1024 1021
1024 1116
1024 990
1024 1005
1024 1051
1024 1048
1025 1020
1025 1071
1025 1049
1025 995
1025 1073
1025 1068
1025 1075
1025 1003
1025 1097
1025 1022
1026 1015
1026 1040
1026 1030
1026 1087
1026 1088
1026 1042
1026 1009
1026 1092
1026 1085
1026 1041
1027 1031
1027 1089
1027 1042
1027 1033
1027 1246
1027 1028
1027 1083
1027 1080
1027 1088
1027 1249
1028 1041
1028 1092
1028 1029
1028 1040
1028 1012
1028 1086
1028 1088
1028 1084
1028 1087
1028 1039
1029 1090
1029 1080
1029 1082
1029 1136
1029 1012
1029 1016
1029 1089
1029 1040
1029 1011
1029 1028
1030 1080
1030 1013
1030 1008
1030 1079
1030 1032
1030 1010
1030 1028
1030 1038
1030 1011
1030 1077
1031 1080
1031 1079
1031 1042
1031 1077
1031 1011
1031 1087
1031 1246
1031 1129
1031 1092
1031 1033
1032 1249
1032 1030
1032 1077
1032 1089
1032 1047
1032 1010
1032 1087
1032 1081
1032 1039
1032 1026
1033 1089
1033 1038
1033 1028
1033 1136
1033 1017
1033 1091
1033 1249
1033 1085
1033 1087
1033 1016
1034 1112
1034 1110
1034 1103
1034 1101
1034 1037
1034 1058
1034 1109
1034 1113
1034 1104
1034 1035
1035 1034
1035 1056
1035 1057
1035 1103
1035 1104
1035 1109
1035 1113
1036 1037
1036 1056
1036 1057
1036 1119
1036 1121
1036 1127
1036 1128
1037 1126
1037 1101
1037 1127
1037 1036
1037 1058
1037 1059
1037 1119
1037 1112
1037 1034
1037 1120
1038 1029
1038 1031
1038 1040
1038 1033
1038 1079
1038 1081
1038 1014
1038 1249
1038 1010
1038 1009
1039 1089
1039 1010
1039 1026
1039 1012
1039 1249
1039 1017
1039 1082
1039 1028
1039 1041
1039 1031
1040 1016
1040 1017
1040 1029
1040 1249
1040 1093
1040 1089
1040 1012
1040 1006
1040 1087
1040 1026
1041 1085
1041 1027
1041 1038
1041 1011
1041 1014
1041 1246
1041 1092
1041 1016
1041 1032
1041 1089
1042 1079
1042 1081
1042 1084
1042 1038
1042 1027
1042 1129
1042 1089
1042 1032
1042 1033
1042 1092
1043 623
1043 624
1043 1044
1043 1133
1043 1134
1043 1135
1043 1138
1043 1139
1044 623
1044 1043
1044 1133
1044 1247
1045 1000
1045 1049
1045 1023
1045 1022
1045 1074
1045 1020
1045 995
1045 1001
1045 1019
1045 1068
1046 1075
1046 1023
1046 1071
1046 1020
1046 1060
1046 1067
1046 1073
1046 1065
1046 1004
1046 1243
1047 1009
1047 1077
1047 1111
1047 1033
1047 1080
1047 1027
1047 1031
1047 1083
1047 1010
1047 1016
1048 1060
1048 1067
1048 999
1048 1004
1048 1045
1048 1073
1048 1001
1048 1066
1048 1020
1048 1243
1049 1071
1049 1072
1049 1243
1049 1066
1049 1241
1049 1076
1049 1019
1049 1052
1049 1046
1049 1074
1050 633
1050 1053
1050 1094
1050 1098
1050 1099
1050 1100
1050 1252
1051 1021
1051 1045
1051 1004
1051 1000
1051 1067
1051 1055
1051 1025
1051 1049
1051 1023
1051 992
1052 1003
1052 993
1052 1018
1052 995
1052 1069
1052 1066
1052 1237
1052 1019
1052 1021
1052 1074
1053 775
1053 782
1053 1050
1053 781
1053 788
1053 1099
1053 778
1053 779
1053 780
1053 789
1054 1107
1054 1010
1054 1016
1054 1088
1054 1246
1054 1087
1054 1017
1054 1030
1054 1078
1054 998
1055 1076
1055 1065
1055 993
1055 1069
1055 1238
1055 991
1055 1062
1055 1048
1055 1242
1055 1001
1056 1126
1056 1109
1056 1101
1056 1103
1056 1127
1056 1035
1056 1110
1056 1036
1056 1059
1056 1120
1057 1126
1057 1110
1057 1036
1057 1103
1057 1101
1057 1120
1057 1035
1057 1119
1057 1059
1057 1109
1058 1056
1058 1034
1058 1102
1058 1126
1058 1110
1058 1101
1058 1037
1058 1112
1058 1059
1058 1057
1059 1037
1059 1056
1059 1057
1059 1058
1059 1101
1059 1110
1059 1120
1059 1121
1059 1126
1059 1128
1060 1019
1060 1066
1060 1065
1060 1025
1060 1074
1060 1108
1060 1071
1060 1075
1060 1063
1060 1073
1061 1076
1061 1068
1061 1108
1061 1000
1061 1002
1061 1025
1061 1243
1061 1046
1061 1048
1061 1069
1062 1242
1062 1064
1062 1055
1062 1022
1062 1243
1062 1021
1062 1073
1062 1045
1062 1019
1062 1061
1063 1024
1063 1000
1063 1022
1063 1003
1063 1023
1063 1069
1063 999
1063 1068
1063 1075
1063 1072
1064 1002
1064 999
1064 1004
1064 1071
1064 1068
1064 1076
1064 1021
1064 1055
1064 1062
1064 1243
1065 1070
1065 1000
1065 1018
1065 1048
1065 1075
1065 1074
1065 1019
1065 1060
1065 1051
1065 1002
1066 994
1066 1060
1066 1070
1066 993
1066 1025
1066 1071
1066 1065
1066 1018
1066 1024
1066 1000
1067 1000
1067 1060
1067 1069
1067 1062
1067 999
1067 1075
1067 1021
1067 1065
1067 1073
1067 1076
1068 1063
1068 1070
1068 1062
1068 1075
1068 1022
1068 1019
1068 1021
1068 1072
1068 1071
1068 1096
1069 1052
1069 1000
1069 1023
1069 991
1069 1001
1069 1068
1069 1241
1069 995
1069 1024
1069 1073
1070 1068
1070 1051
1070 1055
1070 1021
1070 1000
1070 1025
1070 1019
1070 1060
1070 1061
1070 1022
1071 1070
1071 1065
1071 1069
1071 1061
1071 1067
1071 1076
1071 1003
1071 1046
1071 1064
1071 1023
1072 1062
1072 1066
1072 1020
1072 1074
1072 1076
1072 1005
1072 1019
1072 1071
1072 1045
1072 1069
1073 995
1073 1022
1073 996
1073 1002
1073 1024
1073 1241
1073 990
1073 1025
1073 994
1073 1018
1074 993
1074 1070
1074 1072
1074 1022
1074 994
1074 1045
1074 1020
1074 1049
1074 1075
1074 1000
1075 1065
1075 1003
1075 1073
1075 1025
1075 1062
1075 1071
1075 1060
1075 1018
1075 1067
1075 1070
1076 1070
1076 1073
1076 1049
1076 993
1076 1005
1076 1060
1076 1068
1076 1021
1076 1062
1076 1066
1077 1029
1077 1129
1077 1078
1077 1079
1077 1054
1077 1042
1077 1027
1077 1015
1077 1090
1077 1084
1078 1027
1078 1080
1078 1054
1078 1077
1078 1090
1078 1006
1078 1026
1078 1088
1078 1092
1078 1039
1079 1033
1079 1017
1079 1027
1079 1054
1079 1091
1079 1089
1079 1078
1079 1030
1079 1077
1079 1081
1080 1029
1080 1014
1080 1032
1080 1039
1080 1077
1080 1026
1080 1030
1080 1090
1080 1047
1080 1033
1081 1016
1081 1084
1081 1029
1081 1028
1081 1030
1081 1125
1081 1042
1081 1085
1081 1078
1081 1032
1082 1039
1082 1081
1082 1087
1082 1088
1082 1086
1082 1077
1082 1111
1082 1001
1082 1047
1082 1007
1083 1117
1083 1038
1083 1089
1083 1033
1083 1090
1083 1085
1083 1082
1083 1015
1083 1246
1083 1077
1084 1086
1084 1042
1084 1026
1084 1125
1084 1080
1084 1017
1084 1033
1084 1082
1084 1081
1084 1077
1085 1026
1085 1091
1085 1029
1085 1079
1085 1246
1085 1027
1085 1042
1085 1080
1085 1006
1085 1047
1086 1026
1086 1031
1086 1080
1086 1033
1086 1078
1086 1089
1086 1030
1086 1118
1086 1091
1086 1028
1087 1016
1087 1089
1087 1083
1087 1042
1087 1032
1087 1249
1087 1077
1087 1090
1087 1246
1087 1040
1088 1027
1088 1013
1088 1026
1088 1078
1088 1091
1088 1047
1088 1015
1088 1125
1088 1039
1088 1082
1089 1009
1089 1083
1089 1244
1089 1006
1089 1082
1089 1033
1089 1086
1089 1042
1089 1015
1089 1028
1090 1033
1090 1080
1090 1014
1090 1129
1090 1032
1090 1091
1090 1054
1090 1249
1090 1083
1090 1078
1091 1010
1091 1031
1091 1027
1091 1084
1091 1092
1091 1246
1091 1041
1091 1013
1091 1016
1091 1129
1092 1084
1092 1030
1092 1088
1092 1090
1092 1028
1092 1033
1092 1006
1092 1249
1092 1080
1092 1047
1093 1088
1093 1039
1093 1012
1093 1026
1093 1078
1093 1082
1093 1013
1093 1009
1093 1007
1093 1014
1094 1046
1094 1050
1094 1095
1094 1096
1094 1097
1094 1098
1094 1099
1094 1100
1094 1116
1095 1046
1095 1094
1095 1096
1095 1097
1095 1099
1095 1108
1095 1116
1096 1116
1096 1023
1096 1100
1096 1072
1096 1097
1096 1094
1096 1108
1096 1021
1096 1068
1096 1095
1097 1100
1097 1072
1097 1096
1097 1023
1097 1025
1097 1021
1097 1019
1097 1095
1097 1094
1097 1046
1098 641
1098 644
1098 645
1098 1050
1098 1094
1098 1099
1098 1100
1099 633
1099 640
1099 641
1099 1050
1099 1053
1099 1094
1099 1095
1099 1098
1099 1100
1099 1252
1100 633
1100 645
1100 1050
1100 1053
1100 1094
1100 1096
1100 1097
1100 1098
1100 1099
1100 1252
1101 1120
1101 1037
1101 1059
1101 1058
1101 1056
1101 1112
1101 1110
1101 1057
1101 1126
1101 1034
1102 1034
1102 1037
1102 1058
1102 1101
1102 1104
1102 1105
1102 1110
1102 1112
1103 1034
1103 1035
1103 1056
1103 1057
1103 1104
1103 1109
1103 1113
1104 1034
1104 1035
1104 1102
1104 1103
1104 1109
1104 1112
1104 1113
1105 1102
1105 1112
1105 1114
1106 1113
1106 1115
1107 1054
1107 1125
1107 1111
1107 1047
1107 1002
1107 1079
1107 1244
1107 1082
1107 1083
1107 1013
1108 1046
1108 1118
1108 1097
1108 1244
1108 1068
1108 1072
1108 1064
1108 1063
1108 1096
1108 1062
1109 1034
1109 1035
1109 1056
1109 1057
1109 1103
1109 1104
1109 1113
1110 1120
1110 1101
1110 1037
1110 1059
1110 1034
1110 1058
1110 1102
1110 1057
1110 1112
1110 1056
1111 1002
1111 1079
1111 1082
1111 1080
1111 1001
1111 1244
1111 1047
1111 1013
1111 1117
1111 1089
1112 1034
1112 1037
1112 1058
1112 1101
1112 1102
1112 1104
1112 1105
1112 1110
1113 1034
1113 1035
1113 1103
1113 1104
1113 1106
1113 1109
1113 1114
1113 1115
1114 1105
1114 1113
1115 1106
1115 1113
1116 1019
1116 1024
1116 1060
1116 1072
1116 1046
1116 1108
1116 1071
1116 1075
1116 1025
1116 1096
1117 1079
1117 1083
1117 1047
1117 1089
1117 1125
1117 1244
1117 1080
1117 1082
1117 1111
1117 1014
1118 1081
1118 1084
1118 1086
1118 1108
1118 1129
1118 1136
1118 1137
1118 1138
1118 1139
1119 1036
1119 1037
1119 1056
1119 1057
1119 1121
1119 1127
1119 1128
1120 1037
1120 1056
1120 1057
1120 1058
1120 1059
1120 1101
1120 1110
1120 1121
1120 1126
1120 1128
1121 1036
1121 1037
1121 1059
1121 1119
1121 1120
1121 1126
1121 1127
1121 1128
1122 1130
1123 1131
1124 1132
1125 1249
1125 1092
1125 1086
1125 1083
1125 1082
1125 1078
1125 1038
1125 998
1125 1090
1125 1093
1126 1037
1126 1056
1126 1057
1126 1058
1126 1059
1126 1101
1126 1110
1126 1120
1126 1121
1126 1128
1127 1036
1127 1037
1127 1056
1127 1057
1127 1119
1127 1121
1127 1128
1128 1036
1128 1037
1128 1059
1128 1119
1128 1120
1128 1121
1128 1126
1128 1127
1129 1091
1129 1028
1129 1088
1129 1032
1129 1136
1129 1039
1129 1137
1129 1077
1129 1084
1129 1027
1130 1122
1131 1123
1132 1124
1133 640
1133 641
1133 1043
1133 1044
1133 1134
1133 1135
1133 1137
1133 1138
1133 1139
1133 1247
1134 624
1134 1043
1134 1133
1134 1135
1134 1137
1134 1138
1134 1139
1135 624
1135 1043
1135 1133
1135 1134
1135 1137
1135 1138
1135 1139
1136 1042
1136 1086
1136 1027
1136 1139
1136 1029
1136 1028
1136 1084
1136 1031
1136 1138
1136 1039
1137 1118
1137 1129
1137 1133
1137 1134
1137 1135
1137 1136
1137 1138
1137 1139
1138 1043
1138 1118
1138 1129
1138 1133
1138 1134
1138 1135
1138 1136
1138 1137
1138 1139
1139 1043
1139 1118
1139 1129
1139 1133
1139 1134
1139 1135
1139 1136
1139 1137
1139 1138
1140 978
1140 1141
1140 1149
1140 1150
1140 1155
1140 1156
1140 1157
1140 1161
1141 1140
1141 1149
1141 1155
1141 1156
1141 1161
1142 1144
1142 1145
1142 1147
1142 1148
1143 1148
1143 1161
1144 1142
1144 1145
1144 1146
1144 1147
1144 1148
1145 1142
1145 1144
1145 1146
1145 1147
1146 1144
1146 1145
1146 1147
1147 1142
1147 1144
1147 1145
1147 1146
1148 1142
1148 1143
1148 1144
1148 1149
1148 1161
1149 978
1149 1140
1149 1141
1149 1148
1149 1150
1149 1155
1149 1156
1149 1157
1149 1161
1149 1174
1150 1140
1150 1164
1150 1169
1150 978
1150 1173
1150 1174
1150 1155
1150 1162
1150 1168
1150 1172
1151 1152
1151 1156
1151 1159
1152 1151
1152 1153
1152 1154
1152 1159
1152 1160
1153 1152
1153 1154
1153 1158
1153 1159
1153 1160
1154 1152
1154 1153
1154 1158
1154 1159
1154 1160
1155 978
1155 1140
1155 1141
1155 1149
1155 1150
1155 1156
1155 1157
1155 1161
1155 1174
1156 978
1156 1140
1156 1141
1156 1149
1156 1150
1156 1151
1156 1155
1156 1157
1156 1161
1157 1155
1157 1140
1157 979
1157 1171
1157 1166
1157 1162
1157 1149
1157 1165
1157 1150
1157 1164
1158 1153
1158 1154
1158 1160
1159 1151
1159 1152
1159 1153
1159 1154
1159 1160
1160 1152
1160 1153
1160 1154
1160 1158
1160 1159
1161 978
1161 1140
1161 1141
1161 1143
1161 1148
1161 1149
1161 1150
1161 1155
1161 1156
1161 1157
1162 1164
1162 1168
1162 1157
1162 1174
1162 1150
1162 979
1162 644
1162 1169
1162 1170
1162 637
1163 1165
1163 1157
1163 1166
1163 978
1163 1174
1163 1170
1163 1162
1163 1172
1163 1173
1163 1169
1164 1174
1164 979
1164 1157
1164 1171
1164 1166
1164 1168
1164 1167
1164 1173
1164 1172
1164 1162
1165 1157
1165 1164
1165 638
1165 1171
1165 979
1165 1168
1165 978
1165 1166
1165 644
1165 1174
1166 1165
1166 1157
1166 1168
1166 1150
1166 1162
1166 1172
1166 979
1166 1164
1166 1163
1166 1169
1167 1174
1167 1162
1167 1166
1167 1172
1167 1168
1167 1173
1167 1163
1167 1165
1167 1171
1167 1169
1168 1167
1168 979
1168 1171
1168 1164
1168 1163
1168 978
1168 1169
1168 1166
1168 638
1168 1170
1169 1167
1169 1170
1169 1172
1169 1174
1169 638
1169 1168
1169 1163
1169 979
1169 1162
1169 1171
1170 1174
1170 1168
1170 1171
1170 1157
1170 1163
1170 1165
1170 979
1170 1164
1170 1150
1170 1173
1171 1174
1171 1166
1171 1157
1171 1172
1171 979
1171 1150
1171 1173
1171 1163
1171 978
1171 1168
1172 1170
1172 1165
1172 978
1172 1166
1172 1173
1172 979
1172 1171
1172 1169
1172 1174
1172 1157
1173 1157
1173 637
1173 1172
1173 644
1173 1164
1173 1169
1173 1150
1173 1170
1173 1163
1173 1174
1174 1150
1174 978
1174 1162
1174 979
1174 1171
1174 1173
1174 1172
1174 1166
1174 1164
1174 1163
1175 1204
1175 1207
1175 1197
1175 1231
1175 1211
1175 1240
1175 1221
1175 1183
1175 1224
1175 1194
1176 1186
1176 1211
1176 1190
1176 1209
1176 1189
1176 1192
1176 1216
1176 1208
1176 1222
1176 1214
1177 1182
1177 1207
1177 1199
1177 1206
1177 1193
1177 1188
1177 1180
1177 1214
1177 1202
1177 1191
1178 1192
1178 1231
1178 1187
1178 1181
1178 1197
1178 1216
1178 1196
1178 1223
1178 1175
1178 1182
1179 1197
1179 1221
1179 1199
1179 1196
1179 1182
1179 1231
1179 1180
1179 1213
1179 1178
1179 1206
1180 1208
1180 1217
1180 1231
1180 1175
1180 1220
1180 1211
1180 1194
1180 1204
1180 1223
1180 1182
1181 1190
1181 1222
1181 1214
1181 1223
1181 1212
1181 1194
1181 1184
1181 1177
1181 1182
1181 1188
1182 1189
1182 1196
1182 1179
1182 1213
1182 1208
1182 1224
1182 1212
1182 1175
1182 1207
1182 1195
1183 1178
1183 1223
1183 1225
1183 1210
1183 1221
1183 1213
1183 1222
1183 1224
1183 1207
1183 1205
1184 1199
1184 1180
1184 1225
1184 1211
1184 1218
1184 1223
1184 1198
1184 1240
1184 1178
1184 1224
1185 1202
1185 1180
1185 1179
1185 1225
1185 1218
1185 1203
1185 1196
1185 1209
1185 1197
1185 1231
1186 1240
1186 1212
1186 1211
1186 1215
1186 1209
1186 1182
1186 1214
1186 1216
1186 1199
1186 1184
1187 1209
1187 1176
1187 1194
1187 1224
1187 1221
1187 1211
1187 1240
1187 1201
1187 1195
1187 1223
1188 1182
1188 1175
1188 1211
1188 1194
1188 1218
1188 1184
1188 1177
1188 1240
1188 1225
1188 1200
1189 1193
1189 1204
1189 1183
1189 1197
1189 1217
1189 1222
1189 1211
1189 1202
1189 1198
1189 1221
1190 1199
1190 1212
1190 1240
1190 1197
1190 1203
1190 1177
1190 1192
1190 1196
1190 1204
1190 1191
1191 1207
1191 1224
1191 1240
1191 1196
1191 1201
1191 1180
1191 1184
1191 1203
1191 1178
1191 1186
1192 620
1192 1176
1192 1184
1192 1221
1192 1220
1192 1211
1192 1185
1192 1222
1192 1218
1192 1189
1193 1199
1193 1217
1193 1209
1193 1216
1193 1202
1193 1206
1193 1224
1193 1205
1193 1221
1193 1212
1194 1240
1194 1225
1194 1209
1194 1211
1194 1206
1194 1200
1194 1201
1194 1217
1194 1178
1194 1204
1195 1210
1195 1180
1195 1191
1195 1225
1195 1218
1195 1193
1195 1197
1195 1219
1195 1201
1195 1208
1196 1240
1196 1212
1196 1219
1196 1179
1196 1217
1196 1207
1196 1175
1196 1213
1196 1193
1196 1191
1197 1190
1197 1188
1197 1239
1197 1176
1197 1225
1197 1186
1197 1192
1197 1198
1197 1196
1197 1179
1198 1216
1198 1214
1198 1178
1198 1251
1198 1179
1198 1195
1198 1183
1198 1222
1198 1177
1198 1175
1199 1180
1199 1196
1199 1220
1199 1200
1199 1183
1199 1207
1199 1218
1199 620
1199 1181
1199 1216
1200 1208
1200 1179
1200 1177
1200 1222
1200 1230
1200 1191
1200 1186
1200 1205
1200 1195
1200 1190
1201 1183
1201 1228
1201 1190
1201 1219
1201 1209
1201 1210
1201 1218
1201 1195
1201 1200
1201 1221
1202 1211
1202 1190
1202 1181
1202 1185
1202 1197
1202 1187
1202 1240
1202 1201
1202 1205
1202 1195
1203 1215
1203 1183
1203 1214
1203 1204
1203 1184
1203 1195
1203 1189
1203 1240
1203 1181
1203 1179
1204 1185
1204 1195
1204 1193
1204 1183
1204 1235
1204 1208
1204 1202
1204 1209
1204 1211
1204 1186
1205 1195
1205 1183
1205 1202
1205 1194
1205 1208
1205 1209
1205 1192
1205 1187
1205 1181
1205 1177
1206 1193
1206 1194
1206 1199
1206 1229
1206 1226
1206 1200
1206 1209
1206 1185
1206 1208
1206 1176
1207 1194
1207 1213
1207 1187
1207 1188
1207 1191
1207 1195
1207 1212
1207 1175
1207 1231
1207 1178
1208 1177
1208 1201
1208 1210
1208 1189
1208 1179
1208 1193
1208 1205
1208 1180
1208 1211
1208 1202
1209 1210
1209 1185
1209 1219
1209 1175
1209 1190
1209 1191
1209 1205
1209 1181
1209 1182
1209 1179
1210 1186
1210 1193
1210 1214
1210 1204
1210 1188
1210 1187
1210 1189
1210 1195
1210 1183
1210 1215
1211 1180
1211 1208
1211 1186
1211 1235
1211 1234
1211 1233
1211 1185
1211 1195
1211 1204
1211 1203
1212 1189
1212 1179
1212 1184
1212 1193
1212 1194
1212 1208
1212 1187
1212 1177
1212 1214
1212 1205
1213 1182
1213 1195
1213 1196
1213 1175
1213 1179
1213 1212
1213 1211
1213 1237
1213 1187
1213 1204
1214 1204
1214 1191
1214 1215
1214 1184
1214 1205
1214 1178
1214 1176
1214 1187
1214 1180
1214 1198
1215 1204
1215 1224
1215 1182
1215 1239
1215 1212
1215 1225
1215 1237
1215 1202
1215 1211
1215 1189
1216 1188
1216 1185
1216 1182
1216 1223
1216 1180
1216 1175
1216 1176
1216 1183
1216 1204
1216 1217
1217 1176
1217 1183
1217 1222
1217 1180
1217 1239
1217 1181
1217 1195
1217 1175
1217 1251
1217 1189
1218 1223
1218 1176
1218 620
1218 1206
1218 1226
1218 1191
1218 1220
1218 1250
1218 1201
1218 1194
1219 1189
1219 1191
1219 1181
1219 1198
1219 1231
1219 1190
1219 1211
1219 1206
1219 1178
1219 1205
1220 1192
1220 1250
1220 1232
1220 1195
1220 1179
1220 1222
1220 1177
1220 1209
1220 1178
1220 1226
1221 1175
1221 1185
1221 1187
1221 1193
1221 1177
1221 1197
1221 1195
1221 1198
1221 1220
1221 1184
1222 1191
1222 1214
1222 1182
1222 1248
1222 1197
1222 1183
1222 1187
1222 1189
1222 1217
1222 1185
1223 1197
1223 1201
1223 1187
1223 1218
1223 1194
1223 1182
1223 1209
1223 1196
1223 1176
1223 1175
1224 1177
1224 1189
1224 1225
1224 1222
1224 1182
1224 1181
1224 1194
1224 1192
1224 1248
1224 1186
1225 1215
1225 1179
1225 1214
1225 1239
1225 1194
1225 1223
1225 1213
1225 1198
1225 1188
1225 1203
1226 1201
1226 1192
1226 621
1226 1231
1226 1227
1226 1230
1226 1209
1226 1206
1226 1200
1226 1228
1227 1206
1227 620
1227 1250
1227 1219
1227 1230
1227 1229
1227 648
1227 647
1227 1226
1227 1232
1228 1192
1228 1226
1228 1199
1228 1231
1228 1230
1228 1227
1228 1234
1228 620
1228 1201
1228 1229
1229 1234
1229 1230
1229 1218
1229 1206
1229 1227
1229 1207
1229 1219
1229 1192
1229 1250
1229 1232
1230 620
1230 1221
1230 1209
1230 1200
1230 1220
1230 1219
1230 621
1230 1229
1230 1227
1230 1250
1231 1200
1231 1177
1231 1211
1231 1219
1231 1234
1231 1184
1231 1176
1231 1208
1231 1232
1231 1178
1232 1226
1232 1220
1232 621
1232 1200
1232 1227
1232 1219
1232 1218
1232 1250
1232 1206
1232 1231
1233 620
1233 646
1233 1228
1233 1229
1233 1245
1233 1231
1233 1207
1233 1236
1233 1211
1233 1234
1234 646
1234 629
1234 1207
1234 620
1234 1245
1234 1211
1234 1228
1234 1229
1234 1233
1234 1235
1235 1207
1235 646
1235 1204
1235 1233
1235 1208
1235 1234
1235 1245
1235 629
1235 1210
1235 1205
1236 629
1236 646
1236 718
1236 1233
1236 1234
1236 1235
1236 1245
1237 1202
1237 1052
1237 1215
1237 995
1237 1240
1237 1241
1237 1212
1237 1203
1237 1213
1237 1217
1238 1241
1238 1239
1238 1018
1238 994
1238 992
1238 1240
1238 1003
1238 1237
1238 1004
1238 1051
1239 1251
1239 1240
1239 1248
1239 1196
1239 1246
1239 1216
1239 1214
1239 1225
1239 1217
1239 1238
1240 1189
1240 1182
1240 1179
1240 1191
1240 1203
1240 1194
1240 1190
1240 1222
1240 1213
1240 1183
1241 1243
1241 1021
1241 1048
1241 996
1241 1073
1241 1023
1241 1051
1241 1065
1241 1070
1241 1003
1242 1062
1242 1239
1242 1073
1242 1001
1242 1045
1242 1000
1242 1066
1242 1055
1242 990
1242 1002
1243 1005
1243 1072
1243 1004
1243 1071
1243 1019
1243 1066
1243 996
1243 1075
1243 1055
1243 1000
1244 1107
1244 1080
1244 1089
1244 1078
1244 1081
1244 1079
1244 1088
1244 1047
1244 1077
1244 1125
1245 629
1245 646
1245 718
1245 1233
1245 1234
1245 1235
1245 1236
1246 1079
1246 1015
1246 1078
1246 1125
1246 1093
1246 1047
1246 1029
1246 1239
1246 1089
1246 1082
1247 1044
1247 1133
1248 1011
1248 1012
1248 1040
1248 1217
1248 1222
1248 1224
1248 1239
1248 1246
1248 1251
1249 1030
1249 1246
1249 1011
1249 1041
1249 1012
1249 1027
1249 1013
1249 1093
1249 1088
1249 1047
1250 1231
1250 647
1250 1218
1250 1229
1250 1226
1250 620
1250 1206
1250 1227
1250 648
1250 1219
1251 1012
1251 1040
1251 1198
1251 1217
1251 1222
1251 1223
1251 1224
1251 1239
1251 1248
1252 1050
1252 1053
1252 1099
1252 1100
1253 688
1253 692
1253 1254
1254 687
1254 688
1254 699
1254 700
1254 1253
1254 1255
1254 1257
1255 653
1255 687
1255 688
1255 715
1255 1254
1255 1256
1256 692
1256 693
1256 1255
1257 688
1257 691
1257 695
1257 1254
1257 1258
1258 691
1258 695
1258 1257
1258 1259
1259 690
1259 1258
1259 1260
1260 652
1260 695
1260 696
1260 716
1260 1259
1261 647
1261 654
1261 729
1261 744
1261 745
1261 746
1261 846
1261 860
1262 657
1262 847
1262 848
1262 859
1262 861
1262 1263
1263 847
1263 855
1263 1262
1264 731
1264 742
1264 743
1264 847
1264 854
1264 856
1264 861
1264 1265
1265 856
1265 858
1265 861
1265 1264
