0 1
0 2
0 3
0 4
0 6
0 7
0 8
0 9
0 11
0 27
0 30
0 32
0 33
0 34
0 35
0 36
0 37
0 39
0 44
0 45
0 46
0 47
0 49
0 50
0 51
0 53
0 586
0 587
0 588
0 599
0 600
0 601
1 0
1 2
1 3
1 4
1 5
1 30
1 545
1 546
1 547
1 548
1 1087
1 1088
1 1089
1 585
1 586
1 587
1 589
1 591
1 592
1 593
2 0
2 1
2 3
3 0
3 1
3 2
3 4
3 5
3 6
4 0
4 1
4 3
4 5
4 6
4 7
4 8
4 9
4 10
4 1285
4 545
4 546
4 547
4 549
4 330
4 974
4 975
4 976
4 1493
4 1494
4 1495
4 1498
4 1499
4 1500
5 1
5 3
5 4
6 0
6 3
6 4
7 0
7 8
7 4
8 0
8 4
8 7
8 9
8 10
8 11
9 0
9 4
9 8
9 10
9 11
9 49
9 50
9 51
9 52
9 327
9 330
9 973
9 974
9 975
9 978
9 979
9 980
9 506
9 507
9 508
10 8
10 9
10 4
11 0
11 9
11 8
12 512
12 516
12 517
12 518
12 13
12 14
12 15
12 16
12 18
12 573
12 574
12 575
12 195
12 338
12 340
12 341
12 342
12 1005
12 1006
12 367
12 368
12 369
12 753
12 371
12 1007
12 1008
12 1009
12 1010
13 512
13 12
13 14
13 15
13 16
13 17
13 19
13 557
13 558
13 559
13 561
13 572
13 573
13 574
13 577
13 578
13 579
13 580
13 581
13 582
13 583
13 1115
13 1116
13 1117
14 12
14 13
14 15
15 12
15 13
15 14
15 16
15 17
15 18
16 12
16 13
16 15
16 17
16 18
16 19
16 20
16 21
16 22
16 24
16 576
16 577
16 578
16 338
16 339
16 340
16 342
16 343
16 345
16 346
16 347
16 348
16 349
16 350
17 16
17 13
17 15
18 16
18 12
18 15
19 13
19 16
19 20
19 21
19 22
19 23
19 25
19 26
19 27
19 28
19 30
19 576
19 577
19 579
19 580
19 581
19 582
19 584
19 595
19 596
19 597
19 1140
19 1141
19 1142
20 16
20 19
20 21
21 16
21 19
21 20
21 22
21 23
21 24
22 393
22 394
22 395
22 397
22 16
22 402
22 19
22 403
22 21
22 405
22 23
22 24
22 25
22 26
22 27
22 29
22 35
22 40
22 41
22 43
22 54
22 55
22 56
22 58
22 343
22 349
22 350
22 351
22 358
22 359
22 360
22 362
23 19
23 21
23 22
24 16
24 21
24 22
25 26
25 19
25 22
26 19
26 22
26 25
26 27
26 28
26 29
27 0
27 19
27 22
27 26
27 28
27 29
27 30
27 31
27 32
27 34
27 35
27 37
27 38
27 39
27 40
27 41
27 42
27 594
27 595
27 596
28 27
28 26
28 19
29 26
29 27
29 22
30 0
30 1
30 19
30 27
30 31
30 32
30 33
30 582
30 585
30 586
30 588
30 589
30 590
30 591
30 593
30 594
30 595
30 597
30 1135
30 1136
30 1137
30 1139
30 1140
30 1141
31 32
31 27
31 30
32 0
32 33
32 34
32 27
32 30
32 31
33 0
33 32
33 30
34 0
34 32
34 27
35 0
35 22
35 27
35 36
35 37
35 38
35 41
35 42
35 43
35 44
35 45
35 46
35 48
35 54
35 55
35 56
35 57
35 59
35 61
35 62
35 63
35 64
35 65
35 66
35 67
35 603
35 604
35 605
36 0
36 35
36 37
37 0
37 35
37 36
37 38
37 39
37 27
38 27
38 35
38 37
39 0
39 27
39 37
40 41
40 27
40 22
41 35
41 40
41 42
41 43
41 22
41 27
42 35
42 27
42 41
43 41
43 35
43 22
44 0
44 35
44 45
45 0
45 35
45 44
45 46
45 47
45 48
46 0
46 1152
46 1153
46 1154
46 1156
46 1157
46 1158
46 1159
46 1161
46 1162
46 1163
46 35
46 45
46 47
46 48
46 51
46 66
46 981
46 598
46 599
46 600
46 602
46 603
46 605
46 1143
46 1144
46 1145
46 1151
47 0
47 45
47 46
48 35
48 45
48 46
49 0
49 9
49 50
50 0
50 9
50 49
50 51
50 52
50 53
51 0
51 1145
51 1146
51 9
51 423
51 46
51 50
51 52
51 53
51 327
51 981
51 598
51 599
51 984
51 601
51 983
51 985
51 502
51 503
51 504
51 505
51 506
51 507
51 1144
52 9
52 50
52 51
53 0
53 50
53 51
54 35
54 22
54 55
55 35
55 54
55 22
55 56
55 57
55 58
56 393
56 402
56 403
56 404
56 22
56 410
56 412
56 413
56 414
56 35
56 55
56 57
56 58
56 59
56 60
56 61
56 62
56 606
56 607
56 608
56 609
56 873
56 874
56 875
57 56
57 35
57 55
58 56
58 22
58 55
59 1545
59 522
59 1546
59 1547
59 526
59 527
59 528
59 1551
59 1550
59 1552
59 35
59 56
59 60
59 61
59 1470
59 63
59 64
59 65
59 66
59 68
59 73
59 606
59 608
59 609
59 610
59 611
59 612
59 613
59 614
59 617
59 618
59 619
60 56
60 59
60 61
61 35
61 56
61 59
61 60
61 62
61 63
62 56
62 35
62 61
63 59
63 35
63 61
64 65
64 35
64 59
65 64
65 66
65 35
65 67
65 68
65 59
66 1537
66 1538
66 1539
66 1156
66 1542
66 1543
66 1544
66 1161
66 1162
66 1547
66 1164
66 1546
66 1548
66 35
66 46
66 1459
66 59
66 1470
66 65
66 67
66 68
66 602
66 603
66 604
67 65
67 66
67 35
68 65
68 66
68 59
69 432
69 435
69 965
69 70
69 71
69 72
69 73
69 966
69 75
69 76
69 967
69 78
69 79
69 80
69 96
69 97
69 98
69 100
69 490
69 491
69 492
69 493
69 494
69 496
70 654
70 705
70 706
70 708
70 69
70 709
70 71
70 72
70 73
70 74
70 710
70 76
70 77
70 78
70 79
70 712
70 81
70 83
70 84
70 85
70 86
70 87
70 88
70 89
71 72
71 69
71 70
72 69
72 70
72 71
72 73
72 74
72 75
73 519
73 520
73 521
73 522
73 524
73 525
73 526
73 654
73 528
73 1549
73 1550
73 1551
73 668
73 669
73 670
73 420
73 432
73 59
73 1470
73 69
73 70
73 711
73 72
73 710
73 74
73 75
73 712
73 1479
73 1478
73 1480
73 1483
73 1482
73 1484
73 489
73 490
73 492
74 72
74 73
74 70
75 72
75 73
75 69
76 69
76 70
76 77
76 78
76 80
76 81
76 82
76 83
76 85
76 91
76 92
76 93
76 94
76 96
76 98
76 99
76 100
76 101
76 103
76 104
76 105
76 106
76 107
76 109
77 78
77 76
77 70
78 69
78 70
78 76
78 77
78 79
78 80
79 78
79 69
79 70
80 76
80 69
80 78
81 936
81 937
81 938
81 448
81 450
81 451
81 452
81 70
81 457
81 458
81 459
81 76
81 461
81 82
81 83
81 84
81 86
81 88
81 89
81 90
81 91
81 92
81 93
81 95
82 81
82 83
82 76
83 70
83 76
83 81
83 82
83 84
83 85
84 81
84 83
84 70
85 83
85 76
85 70
86 1408
86 1409
86 653
86 654
86 656
86 529
86 530
86 657
86 532
86 533
86 534
86 658
86 536
86 410
86 415
86 1062
86 1063
86 1064
86 705
86 706
86 707
86 70
86 457
86 459
86 460
86 461
86 81
86 470
86 471
86 472
86 87
86 88
86 473
86 90
86 475
86 1407
87 88
87 70
87 86
88 70
88 81
88 86
88 87
88 89
88 90
89 88
89 81
89 70
90 88
90 81
90 86
91 81
91 76
91 92
92 76
92 81
92 91
92 93
92 94
92 95
93 448
93 449
93 450
93 452
93 454
93 455
93 456
93 76
93 81
93 92
93 94
93 95
93 101
93 102
93 103
93 104
93 110
93 111
93 112
93 113
94 76
94 93
94 92
95 81
95 92
95 93
96 435
96 69
96 76
96 97
96 98
96 99
96 101
96 106
96 107
96 108
96 110
96 495
96 494
96 496
96 497
96 498
96 116
96 117
96 118
96 499
97 96
97 98
97 69
98 96
98 97
98 99
98 100
98 69
98 76
99 96
99 98
99 76
100 98
100 76
100 69
101 96
101 102
101 103
101 105
101 107
101 76
101 108
101 109
101 110
101 112
101 113
101 114
101 115
101 116
101 117
101 93
102 93
102 101
102 103
103 101
103 102
103 104
103 105
103 76
103 93
104 76
104 93
104 103
105 76
105 101
105 103
106 96
106 107
106 76
107 96
107 101
107 106
107 108
107 76
107 109
108 96
108 107
108 101
109 107
109 76
109 101
110 143
110 146
110 164
110 435
110 444
110 445
110 447
110 448
110 453
110 454
110 456
110 212
110 213
110 215
110 217
110 218
110 219
110 220
110 93
110 247
110 96
110 225
110 226
110 228
110 101
110 485
110 486
110 488
110 111
110 112
110 497
110 114
110 115
110 116
110 243
110 118
110 246
110 245
110 498
110 500
111 112
111 93
111 110
112 101
112 110
112 111
112 113
112 114
112 93
113 112
113 101
113 93
114 112
114 101
114 110
115 116
115 101
115 110
116 96
116 101
116 110
116 115
116 117
116 118
117 96
117 116
117 101
118 96
118 116
118 110
119 128
119 129
119 131
119 132
119 133
119 135
119 136
119 137
119 138
119 140
119 807
119 808
119 809
119 178
119 179
119 180
119 181
119 333
119 335
119 336
119 337
119 120
119 121
119 122
119 123
119 125
119 126
119 127
120 775
120 776
120 777
120 778
120 806
120 807
120 808
120 819
120 820
120 821
120 823
120 188
120 713
120 714
120 716
120 333
120 1255
120 1256
120 1257
120 119
120 121
120 122
120 123
120 124
121 120
121 122
121 119
122 119
122 120
122 121
122 123
122 124
122 125
123 128
123 129
123 130
123 155
123 157
123 158
123 159
123 169
123 174
123 175
123 177
123 183
123 185
123 186
123 187
123 188
123 189
123 190
123 192
123 714
123 715
123 716
123 119
123 120
123 122
123 124
123 125
123 126
124 120
124 122
124 123
125 122
125 123
125 119
126 128
126 130
126 131
126 132
126 133
126 134
126 146
126 151
126 152
126 154
126 155
126 156
126 157
126 158
126 160
126 161
126 163
126 119
126 123
126 127
127 128
127 126
127 119
128 129
128 130
128 119
128 123
128 126
128 127
129 128
129 123
129 119
130 128
130 123
130 126
131 132
131 126
131 119
132 131
132 133
132 134
132 135
132 119
132 126
133 132
133 134
133 135
133 136
133 137
133 138
133 139
133 141
133 142
133 143
133 144
133 146
133 147
133 148
133 150
133 152
133 153
133 154
133 119
133 126
134 132
134 133
134 126
135 132
135 133
135 119
136 137
136 133
136 119
137 133
137 136
137 138
137 139
137 140
137 119
138 133
138 137
138 139
138 140
138 141
138 142
138 143
138 145
138 430
138 431
138 432
138 433
138 178
138 435
138 180
138 181
138 182
138 436
138 437
138 439
138 442
138 441
138 443
138 119
139 137
139 138
139 133
140 137
140 138
140 119
141 138
141 133
141 142
142 133
142 138
142 141
142 143
142 144
142 145
143 133
143 138
143 142
143 144
143 145
143 146
143 148
143 149
143 150
143 435
143 440
143 441
143 443
143 445
143 446
143 447
143 216
143 217
143 219
143 110
144 133
144 142
144 143
145 138
145 142
145 143
146 133
146 143
146 147
146 148
146 149
146 151
146 152
146 153
146 155
146 161
146 162
146 163
146 164
146 166
146 167
146 168
146 212
146 213
146 214
146 216
146 217
146 218
146 110
146 126
147 146
147 148
147 133
148 133
148 143
148 146
148 147
148 149
148 150
149 146
149 148
149 143
150 148
150 133
150 143
151 152
151 146
151 126
152 133
152 146
152 151
152 153
152 154
152 126
153 152
153 146
153 133
154 152
154 133
154 126
155 146
155 156
155 157
155 159
155 160
155 161
155 162
155 164
155 165
155 166
155 168
155 169
155 170
155 171
155 173
155 175
155 176
155 177
155 123
155 126
156 155
156 157
156 126
157 155
157 126
157 123
157 156
157 158
157 159
158 123
158 157
158 126
159 123
159 155
159 157
160 161
160 155
160 126
161 160
161 162
161 163
161 146
161 155
161 126
162 161
162 146
162 155
163 161
163 146
163 126
164 146
164 155
164 165
164 166
164 167
164 169
164 171
164 172
164 173
164 213
164 214
164 215
164 220
164 222
164 223
164 224
164 225
164 226
164 227
164 110
165 155
165 164
165 166
166 164
166 165
166 167
166 168
166 146
166 155
167 146
167 164
167 166
168 146
168 155
168 166
169 155
169 164
169 170
169 171
169 172
169 174
169 175
169 176
169 183
169 184
169 185
169 186
169 205
169 209
169 210
169 211
169 220
169 221
169 222
169 224
169 229
169 231
169 232
169 233
169 234
169 235
169 237
169 123
170 169
170 155
170 171
171 164
171 169
171 170
171 172
171 173
171 155
172 169
172 171
172 164
173 155
173 164
173 171
174 169
174 123
174 175
175 169
175 155
175 174
175 176
175 177
175 123
176 169
176 155
176 175
177 123
177 155
177 175
178 138
178 801
178 803
178 420
178 421
178 422
178 423
178 804
178 425
178 426
178 427
178 805
178 429
178 430
178 431
178 432
178 810
178 434
178 179
178 180
178 812
178 182
178 327
178 328
178 329
178 330
178 332
178 333
178 334
178 335
178 337
178 933
178 934
178 935
178 811
178 119
179 178
179 180
179 119
180 138
180 178
180 179
180 181
180 182
180 119
181 138
181 180
181 119
182 178
182 138
182 180
183 169
183 184
183 185
183 187
183 188
183 190
183 191
183 192
183 193
183 194
183 195
183 197
183 198
183 200
183 201
183 202
183 203
183 204
183 205
183 207
183 208
183 209
183 211
183 123
184 169
184 185
184 183
185 169
185 187
185 183
185 184
185 186
185 123
186 185
186 169
186 123
187 185
187 123
187 183
188 772
188 773
188 774
188 775
188 776
188 777
188 779
188 780
188 781
188 783
188 183
188 189
188 190
188 191
188 193
188 194
188 195
188 196
188 713
188 714
188 715
188 120
188 123
188 509
189 123
189 188
189 190
190 192
190 183
190 123
190 188
190 189
190 191
191 188
191 190
191 183
192 123
192 190
192 183
193 194
193 188
193 183
194 193
194 195
194 196
194 197
194 183
194 188
195 512
195 514
195 515
195 516
195 771
195 518
195 772
195 773
195 12
195 183
195 188
195 194
195 196
195 197
195 198
195 199
195 200
195 202
195 1004
195 1005
195 1006
195 753
195 759
195 760
195 761
195 509
195 510
195 511
196 194
196 195
196 188
197 194
197 195
197 183
198 183
198 316
198 195
198 199
198 200
198 201
198 203
198 204
198 205
198 206
198 722
198 723
198 724
198 725
198 726
198 727
198 729
198 753
198 754
198 755
198 757
198 758
198 759
198 760
199 200
199 195
199 198
200 195
200 198
200 199
200 201
200 202
200 183
201 200
201 198
201 183
202 200
202 195
202 183
203 204
203 198
203 183
204 198
204 203
204 205
204 206
204 207
204 183
205 169
205 183
205 316
205 317
205 318
205 320
205 198
205 204
205 206
205 207
205 208
205 209
205 210
205 721
205 722
205 723
205 229
205 230
205 231
205 233
205 238
205 239
205 240
205 242
206 204
206 205
206 198
207 204
207 205
207 183
208 209
208 205
208 183
209 169
209 205
209 208
209 210
209 211
209 183
210 169
210 209
210 205
211 169
211 209
211 183
212 146
212 213
212 110
213 164
213 110
213 146
213 212
213 214
213 215
214 146
214 164
214 213
215 164
215 213
215 110
216 217
216 146
216 143
217 110
217 143
217 146
217 216
217 218
217 219
218 217
218 146
218 110
219 217
219 110
219 143
220 164
220 169
220 313
220 314
220 315
220 221
220 222
220 223
220 226
220 227
220 228
220 229
220 235
220 236
220 237
220 110
220 243
220 244
220 245
220 247
220 248
220 250
220 251
220 252
221 169
221 220
221 222
222 224
222 164
222 169
222 220
222 221
222 223
223 164
223 220
223 222
224 169
224 164
224 222
225 226
225 164
225 110
226 225
226 227
226 164
226 228
226 110
226 220
227 226
227 220
227 164
228 226
228 220
228 110
229 169
229 308
229 309
229 311
229 312
229 313
229 315
229 205
229 220
229 230
229 231
229 232
229 234
229 235
229 236
229 238
229 240
229 241
229 242
229 248
230 229
230 205
230 231
231 229
231 230
231 232
231 169
231 233
231 205
232 169
232 229
232 231
233 169
233 205
233 231
234 169
234 235
234 229
235 229
235 169
235 234
235 236
235 237
235 220
236 235
236 220
236 229
237 169
237 235
237 220
238 257
238 267
238 272
238 273
238 274
238 290
238 291
238 292
238 294
238 308
238 309
238 310
238 316
238 318
238 319
238 320
238 205
238 718
238 719
238 720
238 229
238 239
238 240
238 241
238 248
238 253
238 254
238 255
239 240
239 205
239 238
240 229
240 205
240 238
240 239
240 241
240 242
241 240
241 229
241 238
242 205
242 240
242 229
243 258
243 259
243 260
243 262
243 263
243 264
243 265
243 281
243 286
243 287
243 289
243 448
243 220
243 481
243 482
243 484
243 485
243 486
243 487
243 110
243 244
243 245
243 246
243 248
243 249
243 250
243 251
243 253
244 243
244 220
244 245
245 110
245 243
245 244
245 246
245 247
245 220
246 243
246 245
246 110
247 220
247 245
247 110
248 256
248 257
248 259
248 260
248 261
248 309
248 310
248 311
248 312
248 313
248 314
248 220
248 229
248 238
248 243
248 249
248 250
248 252
248 253
248 255
249 248
249 250
249 243
250 243
250 252
250 248
250 249
250 251
250 220
251 250
251 243
251 220
252 248
252 250
252 220
253 256
253 258
253 259
253 261
253 262
253 264
253 265
253 266
253 267
253 268
253 269
253 271
253 272
253 273
253 275
253 238
253 243
253 248
253 254
253 255
254 253
254 238
254 255
255 256
255 257
255 238
255 248
255 253
255 254
256 248
256 253
256 255
257 248
257 238
257 255
258 259
258 243
258 253
259 258
259 260
259 261
259 243
259 248
259 253
260 248
260 259
260 243
261 248
261 259
261 253
262 263
262 264
262 266
262 267
262 269
262 270
262 271
262 276
262 277
262 278
262 280
262 281
262 283
262 284
262 285
262 286
262 287
262 288
262 243
262 253
263 264
263 243
263 262
264 262
264 263
264 265
264 266
264 243
264 253
265 264
265 243
265 253
266 264
266 253
266 262
267 262
267 268
267 269
267 270
267 273
267 274
267 275
267 276
267 277
267 278
267 279
267 290
267 292
267 293
267 294
267 295
267 301
267 302
267 303
267 304
267 305
267 307
267 238
267 253
268 269
268 267
268 253
269 262
269 267
269 268
269 270
269 271
269 253
270 267
270 269
270 262
271 269
271 253
271 262
272 273
272 253
272 238
273 267
273 238
273 272
273 274
273 275
273 253
274 273
274 267
274 238
275 273
275 267
275 253
276 267
276 277
276 262
277 262
277 267
277 276
277 278
277 279
277 280
278 262
278 295
278 297
278 298
278 267
278 299
278 300
278 301
278 302
278 277
278 279
278 280
278 281
278 282
278 283
278 285
279 267
279 277
279 278
280 277
280 278
280 262
281 262
281 278
281 282
281 283
281 284
281 287
281 288
281 289
281 295
281 296
281 297
281 298
281 448
281 457
281 462
281 463
281 464
281 467
281 468
281 469
281 481
281 482
281 483
281 243
282 281
282 283
282 278
283 262
283 278
283 281
283 282
283 284
283 285
284 281
284 283
284 262
285 283
285 262
285 278
286 243
286 262
286 287
287 288
287 289
287 262
287 243
287 281
287 286
288 281
288 262
288 287
289 281
289 243
289 287
290 267
290 1185
290 1186
290 291
290 292
290 293
290 1187
290 295
290 1197
290 1198
290 1199
290 304
290 305
290 306
290 1200
290 1207
290 1208
290 1209
290 316
290 717
290 718
290 719
290 732
290 735
290 736
290 737
290 739
290 238
291 290
291 292
291 238
292 290
292 291
292 293
292 294
292 267
292 238
293 290
293 267
293 292
294 267
294 292
294 238
295 768
295 769
295 267
295 278
295 281
295 290
295 296
295 297
295 299
295 300
295 301
295 940
295 303
295 941
295 305
295 306
295 307
295 942
295 946
295 945
295 947
295 321
295 322
295 323
295 324
295 325
295 457
295 466
295 467
295 469
295 470
295 476
295 478
295 479
295 480
295 735
295 738
295 737
295 739
295 767
296 281
296 297
296 295
297 295
297 296
297 298
297 299
297 278
297 281
298 281
298 278
298 297
299 297
299 278
299 295
300 301
300 278
300 295
301 295
301 267
301 300
301 302
301 303
301 278
302 267
302 301
302 278
303 267
303 301
303 295
304 305
304 290
304 267
305 290
305 295
305 267
305 304
305 306
305 307
306 305
306 290
306 295
307 305
307 267
307 295
308 309
308 229
308 238
309 229
309 238
309 308
309 310
309 311
309 248
310 248
310 309
310 238
311 248
311 309
311 229
312 248
312 313
312 229
313 312
313 229
313 248
313 314
313 315
313 220
314 248
314 313
314 220
315 313
315 220
315 229
316 290
316 1187
316 1186
316 1188
316 317
316 318
316 319
316 198
316 205
316 717
316 718
316 720
316 721
316 722
316 724
316 725
316 727
316 728
316 729
316 730
316 731
316 732
316 734
316 238
317 316
317 205
317 318
318 320
318 205
318 238
318 316
318 317
318 319
319 318
319 316
319 238
320 318
320 205
320 238
321 537
321 538
321 540
321 541
321 542
321 544
321 295
321 1074
321 1075
321 1076
321 322
321 323
321 324
321 326
321 476
321 477
321 478
321 480
321 377
321 378
322 321
322 323
322 295
323 321
323 322
323 324
323 325
323 326
323 295
324 768
324 770
324 537
324 538
324 539
324 295
324 1078
324 1079
324 1080
324 1082
324 1083
324 1084
324 1086
324 321
324 323
324 325
324 326
324 735
324 378
324 762
324 763
324 764
324 766
324 767
325 323
325 324
325 295
326 321
326 323
326 324
327 9
327 423
327 427
327 428
327 429
327 178
327 51
327 328
327 329
327 330
327 331
327 977
327 978
327 979
327 501
327 502
327 504
327 505
327 506
327 508
328 329
328 178
328 327
329 327
329 328
329 330
329 331
329 332
329 178
330 4
330 1285
330 9
330 1297
330 1298
330 1299
330 801
330 802
330 803
330 805
330 178
330 327
330 329
330 331
330 332
330 973
330 974
330 976
330 977
330 978
330 980
330 1497
330 1498
330 1499
331 329
331 330
331 327
332 178
332 329
332 330
333 1300
333 1301
333 1302
333 801
333 806
333 807
333 809
333 810
333 811
333 813
333 814
333 815
333 816
333 178
333 818
333 819
333 820
333 821
333 822
333 334
333 335
333 336
333 119
333 120
334 178
334 333
334 335
335 333
335 334
335 336
335 337
335 178
335 119
336 333
336 335
336 119
337 178
337 335
337 119
338 12
338 16
338 1304
338 1305
338 1306
338 1320
338 1321
338 1322
338 824
338 825
338 826
338 828
338 339
338 340
338 341
338 343
338 344
338 345
338 346
338 355
338 367
338 368
338 369
338 370
339 16
339 338
339 340
340 12
340 16
340 338
340 339
340 341
340 342
341 338
341 12
341 340
342 16
342 12
342 340
343 16
343 22
343 1305
343 1306
343 1307
343 338
343 344
343 345
343 347
343 348
343 349
343 351
343 352
343 353
343 354
343 355
343 357
343 358
343 360
343 361
343 362
343 363
343 364
343 366
344 345
344 338
344 343
345 16
345 338
345 343
345 344
345 346
345 347
346 16
346 345
346 338
347 16
347 345
347 343
348 16
348 349
348 343
349 16
349 22
349 343
349 348
349 350
349 351
350 16
350 349
350 22
351 349
351 22
351 343
352 1308
352 1309
352 1310
352 850
352 851
352 852
352 854
352 855
352 343
352 856
352 857
352 859
352 353
352 354
352 355
352 356
352 358
352 364
352 365
352 366
352 372
352 374
352 375
352 376
353 352
353 354
353 343
354 352
354 353
354 355
354 356
354 357
354 343
355 1304
355 1305
355 1307
355 1308
355 1309
355 1311
355 1312
355 1313
355 1315
355 1316
355 1317
355 1319
355 1321
355 1322
355 1323
355 824
355 841
355 338
355 343
355 857
355 352
355 354
355 356
355 357
356 352
356 354
356 355
357 354
357 355
357 343
358 393
358 395
358 396
358 397
358 398
358 399
358 401
358 22
358 343
358 352
358 359
358 360
358 361
358 363
358 364
358 365
358 372
358 373
358 374
358 376
359 360
359 358
359 22
360 358
360 359
360 361
360 362
360 22
360 343
361 360
361 358
361 343
362 360
362 22
362 343
363 364
363 358
363 343
364 352
364 358
364 363
364 365
364 366
364 343
365 352
365 364
365 358
366 352
366 364
366 343
367 368
367 338
367 12
368 12
368 367
368 369
368 338
368 370
368 371
369 1527
369 12
369 1324
369 1325
369 1326
369 824
369 826
369 827
369 828
369 338
369 368
369 1009
369 1522
369 1523
369 371
369 370
369 1010
369 753
369 1011
369 1015
369 1012
369 1524
369 1525
369 1526
370 368
370 369
370 338
371 368
371 369
371 12
372 384
372 385
372 386
372 388
372 389
372 390
372 392
372 393
372 399
372 400
372 401
372 407
372 408
372 409
372 850
372 851
372 852
372 853
372 861
372 862
372 863
372 352
372 358
372 373
372 374
372 375
372 377
372 378
372 380
372 381
372 382
372 383
373 374
373 372
373 358
374 352
374 358
374 372
374 373
374 375
374 376
375 352
375 372
375 374
376 352
376 374
376 358
377 384
377 385
377 387
377 542
377 543
377 544
377 1070
377 1071
377 1072
377 1075
377 1076
377 1077
377 321
377 476
377 372
377 378
377 379
377 380
377 382
377 383
378 538
378 539
378 540
378 541
378 542
378 543
378 1078
378 1080
378 1081
378 1082
378 321
378 324
378 1357
378 1358
378 1359
378 852
378 860
378 861
378 863
378 372
378 377
378 379
378 380
378 381
379 377
379 378
379 380
380 372
380 377
380 378
380 379
380 381
380 382
381 380
381 378
381 372
382 380
382 377
382 372
383 384
383 377
383 372
384 385
384 386
384 387
384 372
384 377
384 383
385 384
385 386
385 387
385 388
385 899
385 390
385 391
385 392
385 900
385 901
385 903
385 1420
385 1071
385 1072
385 1073
385 1593
385 1594
385 1595
385 1598
385 1599
385 1600
385 476
385 372
385 377
386 384
386 385
386 372
387 384
387 385
387 377
388 385
388 899
388 900
388 389
388 390
388 391
388 901
388 393
388 902
388 406
388 407
388 408
388 415
388 1360
388 1361
388 1362
388 1363
388 1369
388 1370
388 1371
388 1372
388 1374
388 1375
388 864
388 865
388 1376
388 867
388 372
389 388
389 372
389 390
390 385
390 388
390 389
390 391
390 392
390 372
391 385
391 388
391 390
392 385
392 372
392 390
393 388
393 394
393 395
393 396
393 398
393 399
393 400
393 403
393 404
393 405
393 22
393 407
393 406
393 409
393 410
393 411
393 412
393 413
393 415
393 417
393 418
393 419
393 56
393 864
393 865
393 866
393 358
393 372
394 393
394 395
394 22
395 358
395 393
395 394
395 396
395 397
395 22
396 393
396 395
396 358
397 395
397 358
397 22
398 393
398 358
398 399
399 358
399 393
399 398
399 400
399 401
399 372
400 393
400 372
400 399
401 372
401 358
401 399
402 56
402 403
402 22
403 393
403 402
403 404
403 405
403 22
403 56
404 56
404 393
404 403
405 393
405 403
405 22
406 393
406 388
406 407
407 388
407 393
407 372
407 406
407 408
407 409
408 372
408 388
408 407
409 393
409 372
409 407
410 393
410 653
410 534
410 535
410 536
410 411
410 412
410 414
410 415
410 416
410 417
410 1058
410 419
410 1059
410 1060
410 1063
410 1064
410 1065
410 56
410 86
410 606
410 613
410 870
410 869
410 871
410 872
410 873
410 874
410 876
410 877
410 878
410 879
411 393
411 410
411 412
412 393
412 56
412 410
412 411
412 413
412 414
413 56
413 393
413 412
414 56
414 410
414 412
415 388
415 393
415 530
415 531
415 532
415 533
415 534
415 535
415 410
415 1566
415 1567
415 416
415 417
415 418
415 1568
415 1360
415 1362
415 1363
415 1364
415 86
415 473
415 865
415 866
415 867
416 417
416 410
416 415
417 416
417 418
417 419
417 393
417 410
417 415
418 393
418 417
418 415
419 393
419 410
419 417
420 922
420 928
420 929
420 930
420 932
420 421
420 422
420 423
420 424
420 933
420 934
420 432
420 178
420 1470
420 1473
420 1474
420 1475
420 1477
420 1478
420 1479
420 73
420 1481
420 1482
420 1484
421 178
421 420
421 422
422 420
422 421
422 423
422 424
422 425
422 178
423 922
423 923
423 924
423 925
423 927
423 928
423 929
423 931
423 420
423 422
423 424
423 425
423 426
423 427
423 428
423 178
423 51
423 327
423 981
423 982
423 983
423 985
423 986
423 987
423 989
423 501
423 502
423 503
424 420
424 422
424 423
425 178
425 422
425 423
426 178
426 427
426 423
427 327
427 423
427 426
427 428
427 429
427 178
428 427
428 327
428 423
429 178
429 427
429 327
430 431
430 178
430 138
431 138
431 430
431 432
431 433
431 178
431 434
432 138
432 420
432 932
432 933
432 935
432 431
432 433
432 178
432 434
432 435
432 437
432 438
432 439
432 964
432 69
432 965
432 967
432 73
432 1481
432 1482
432 1483
432 489
432 490
432 491
433 432
433 138
433 431
434 432
434 178
434 431
435 138
435 143
435 432
435 436
435 437
435 438
435 440
435 441
435 442
435 444
435 445
435 446
435 964
435 69
435 965
435 966
435 96
435 493
435 110
435 494
435 495
435 498
435 499
435 500
436 138
436 435
436 437
437 138
437 432
437 435
437 436
437 438
437 439
438 432
438 435
438 437
439 432
439 138
439 437
440 441
440 435
440 143
441 138
441 143
441 435
441 440
441 442
441 443
442 441
442 138
442 435
443 441
443 138
443 143
444 435
444 445
444 110
445 110
445 143
445 435
445 444
445 446
445 447
446 435
446 445
446 143
447 445
447 110
447 143
448 281
448 937
448 938
448 939
448 449
448 450
448 451
448 453
448 454
448 455
448 457
448 462
448 463
448 81
448 465
448 93
448 482
448 483
448 484
448 486
448 487
448 488
448 110
448 243
449 448
449 450
449 93
450 448
450 449
450 451
450 452
450 81
450 93
451 448
451 81
451 450
452 81
452 450
452 93
453 448
453 454
453 110
454 448
454 453
454 455
454 456
454 110
454 93
455 448
455 93
455 454
456 454
456 93
456 110
457 1408
457 1409
457 1410
457 281
457 295
457 936
457 937
457 939
457 940
457 941
457 943
457 448
457 458
457 459
457 460
457 463
457 464
457 81
457 465
457 466
457 467
457 468
457 86
457 470
458 81
458 459
458 457
459 457
459 458
459 460
459 461
459 81
459 86
460 457
460 459
460 86
461 81
461 459
461 86
462 448
462 281
462 463
463 448
463 457
463 462
463 464
463 465
463 281
464 281
464 457
464 463
465 448
465 457
465 463
466 457
466 467
466 295
467 295
467 457
467 466
467 468
467 469
467 281
468 457
468 467
468 281
469 281
469 467
469 295
470 1408
470 1410
470 1411
470 1413
470 1414
470 1415
470 1416
470 1417
470 1418
470 295
470 941
470 942
470 943
470 944
470 945
470 946
470 457
470 86
470 471
470 472
470 473
470 474
470 476
470 1407
471 472
471 470
471 86
472 471
472 86
472 470
472 473
472 474
472 475
473 1411
473 1412
473 1413
473 1414
473 529
473 530
473 531
473 1430
473 1431
473 1432
473 1434
473 1565
473 1566
473 415
473 1568
473 1569
473 1570
473 1572
473 1360
473 86
473 470
473 472
473 474
473 475
474 472
474 473
474 470
475 472
475 473
475 86
476 385
476 1411
476 1417
476 1418
476 1419
476 1420
476 1422
476 1423
476 1424
476 295
476 1070
476 1071
476 944
476 945
476 1073
476 947
476 1074
476 1075
476 1077
476 1597
476 1598
476 1599
476 321
476 470
476 477
476 478
476 479
476 377
477 321
477 476
477 478
478 480
478 321
478 295
478 476
478 477
478 479
479 476
479 478
479 295
480 321
480 478
480 295
481 281
481 482
481 243
482 448
482 481
482 483
482 484
482 243
482 281
483 448
483 281
483 482
484 448
484 482
484 243
485 243
485 110
485 486
486 448
486 485
486 487
486 488
486 110
486 243
487 448
487 243
487 486
488 448
488 110
488 486
489 432
489 73
489 490
490 69
490 489
490 73
490 491
490 492
490 432
491 432
491 490
491 69
492 73
492 490
492 69
493 435
493 69
493 494
494 96
494 69
494 493
494 495
494 496
494 435
495 96
495 435
495 494
496 96
496 69
496 494
497 96
497 498
497 110
498 96
498 110
498 497
498 435
498 499
498 500
499 96
499 498
499 435
500 498
500 435
500 110
501 423
501 502
501 327
502 327
502 423
502 51
502 501
502 503
502 504
503 51
503 502
503 423
504 51
504 502
504 327
505 506
505 51
505 327
506 327
506 9
506 51
506 505
506 507
506 508
507 9
507 506
507 51
508 9
508 506
508 327
509 512
509 513
509 771
509 772
509 774
509 777
509 781
509 782
509 783
509 188
509 195
509 1247
509 1248
509 1249
509 994
509 995
509 996
509 997
509 999
509 1000
509 1001
509 1003
509 510
509 511
510 195
510 509
510 511
511 512
511 513
511 514
511 195
511 509
511 510
512 513
512 514
512 515
512 516
512 517
512 12
512 13
512 557
512 558
512 559
512 560
512 572
512 573
512 575
512 195
512 1120
512 1121
512 1122
512 997
512 1001
512 1002
512 1003
512 509
512 511
513 512
513 509
513 511
514 512
514 195
514 511
515 512
515 195
515 516
516 512
516 515
516 195
516 517
516 518
516 12
517 512
517 12
517 516
518 195
518 12
518 516
519 1030
519 1031
519 520
519 521
519 522
519 523
519 1033
519 1034
519 654
519 1035
519 1037
519 661
519 665
519 666
519 667
519 668
519 669
519 671
519 672
519 673
519 674
519 675
519 73
519 625
520 73
520 521
520 519
521 519
521 520
521 73
521 522
521 523
521 524
522 519
522 1032
522 521
522 1031
522 523
522 524
522 525
522 526
522 527
522 1033
522 59
522 73
522 613
522 616
522 617
522 619
522 620
522 621
522 622
522 624
522 625
522 627
522 628
522 629
523 521
523 522
523 519
524 73
524 522
524 521
525 73
525 522
525 526
526 73
526 522
526 525
526 527
526 528
526 59
527 522
527 59
527 526
528 73
528 59
528 526
529 473
529 530
529 86
530 529
530 531
530 532
530 86
530 473
530 415
531 473
531 530
531 415
532 530
532 86
532 415
533 534
533 86
533 415
534 533
534 86
534 535
534 536
534 410
534 415
535 410
535 534
535 415
536 410
536 86
536 534
537 321
537 538
537 324
538 321
538 324
538 537
538 378
538 539
538 540
539 378
539 538
539 324
540 321
540 378
540 538
541 321
541 378
541 542
542 544
542 321
542 377
542 378
542 541
542 543
543 377
543 378
543 542
544 321
544 377
544 542
545 1
545 546
545 4
546 1
546 545
546 547
546 4
546 548
546 549
547 1
547 4
547 1285
547 798
547 546
547 548
547 549
547 1087
547 1088
547 1090
547 1091
547 1092
547 1094
547 970
547 589
547 1485
547 1486
547 1487
547 1490
547 1491
547 1492
547 1494
547 1495
547 1496
548 1
548 546
548 547
549 546
549 547
549 4
550 784
550 785
550 787
550 788
550 789
550 790
550 791
550 792
550 794
550 795
550 796
550 797
550 798
550 800
550 551
550 552
550 553
550 554
550 556
550 562
550 563
550 564
550 565
550 567
550 968
550 969
550 970
550 972
550 1104
550 1105
550 1106
550 990
550 991
550 992
550 1132
550 1133
550 1134
550 1276
550 1277
550 1278
551 550
551 552
551 553
551 554
551 555
551 1097
551 589
551 1096
551 970
551 1098
551 1099
551 1100
551 1101
551 1103
551 1104
551 1105
552 553
552 550
552 551
553 550
553 551
553 552
553 554
553 555
553 556
554 550
554 551
554 553
554 555
554 556
554 559
554 562
554 582
554 1099
554 1100
554 589
554 1102
554 1107
554 1108
554 1109
554 1112
554 1113
554 1114
554 1127
554 1128
554 1130
554 1131
554 1132
554 1134
555 553
555 554
555 551
556 553
556 554
556 550
557 512
557 13
557 558
558 512
558 13
558 557
558 559
558 560
558 561
559 512
559 13
559 554
559 558
559 560
559 561
559 562
559 565
559 569
559 570
559 571
559 582
559 1111
559 1112
559 1113
559 1116
559 1117
559 1118
559 1119
559 1120
559 1121
559 1124
559 997
559 1125
559 1126
559 1127
559 1128
559 1129
560 512
560 558
560 559
561 13
561 558
561 559
562 550
562 1128
562 1129
562 554
562 1130
562 1131
562 1132
562 1133
562 559
562 563
562 564
562 565
562 566
562 568
562 569
562 570
563 562
563 564
563 550
564 550
564 562
564 563
564 565
564 566
564 567
565 784
565 550
565 559
565 562
565 564
565 566
565 567
565 568
565 569
565 571
565 991
565 992
565 993
565 994
565 1123
565 1124
565 997
565 1125
565 1514
565 1515
565 1516
565 1517
565 1518
565 1519
566 562
566 564
566 565
567 564
567 565
567 550
568 569
568 562
568 565
569 559
569 562
569 565
569 568
569 570
569 571
570 569
570 562
570 559
571 569
571 565
571 559
572 512
572 573
572 13
573 512
573 12
573 13
573 572
573 574
573 575
574 573
574 12
574 13
575 512
575 12
575 573
576 16
576 577
576 19
577 576
577 578
577 579
577 13
577 16
577 19
578 16
578 577
578 13
579 577
579 19
579 13
580 19
580 581
580 13
581 580
581 582
581 583
581 584
581 13
581 19
582 13
582 19
582 30
582 554
582 559
582 581
582 583
582 584
582 589
582 1107
582 1108
582 1110
582 1111
582 1112
582 1114
582 1115
582 1116
582 1118
582 1136
582 1137
582 1138
582 1139
582 1140
582 1142
583 581
583 13
583 582
584 19
584 581
584 582
585 1
585 586
585 30
586 0
586 1
586 585
586 587
586 588
586 30
587 0
587 1
587 586
588 0
588 586
588 30
589 1
589 30
589 547
589 551
589 554
589 1088
589 1089
589 1090
589 1091
589 1092
589 1093
589 582
589 1095
589 1096
589 1097
589 970
589 1100
589 1101
589 590
589 591
589 592
589 1102
589 1108
589 1109
589 1110
589 1135
589 1136
589 1138
590 589
590 30
590 591
591 1
591 589
591 590
591 592
591 593
591 30
592 1
592 589
592 591
593 1
593 30
593 591
594 595
594 27
594 30
595 594
595 19
595 596
595 597
595 27
595 30
596 19
596 595
596 27
597 595
597 19
597 30
598 51
598 46
598 599
599 0
599 46
599 51
599 598
599 600
599 601
600 0
600 46
600 599
601 0
601 51
601 599
602 66
602 603
602 46
603 66
603 35
603 46
603 602
603 604
603 605
604 603
604 66
604 35
605 603
605 35
605 46
606 608
606 610
606 611
606 612
606 613
606 868
606 615
606 869
606 871
606 872
606 873
606 875
606 56
606 410
606 59
606 607
607 56
607 608
607 606
608 609
608 610
608 56
608 59
608 606
608 607
609 56
609 59
609 608
610 608
610 59
610 606
611 59
611 612
611 606
612 611
612 613
612 614
612 615
612 59
612 606
613 522
613 410
613 59
613 606
613 612
613 868
613 870
613 614
613 615
613 616
613 617
613 618
613 620
613 869
613 622
613 623
613 624
613 879
613 878
613 876
613 880
613 881
613 882
613 884
614 59
614 612
614 613
615 612
615 613
615 606
616 617
616 522
616 613
617 613
617 616
617 522
617 618
617 619
617 59
618 617
618 59
618 613
619 617
619 522
619 59
620 891
620 892
620 522
620 893
620 889
620 613
620 876
620 621
620 622
620 623
620 887
620 625
620 626
620 627
620 628
620 881
620 630
620 631
620 632
620 882
620 634
620 883
620 885
620 886
621 522
621 620
621 622
622 613
622 522
622 620
622 621
622 623
622 624
623 620
623 613
623 622
624 522
624 613
624 622
625 1030
625 519
625 1031
625 1032
625 522
625 1035
625 1036
625 1037
625 1039
625 1040
625 1041
625 1150
625 672
625 620
625 626
625 627
625 629
625 630
625 631
625 632
625 633
625 1148
625 1149
625 638
626 625
626 627
626 620
627 522
627 620
627 625
627 626
627 628
627 629
628 522
628 627
628 620
629 625
629 522
629 627
630 625
630 620
630 631
631 620
631 625
631 630
631 632
631 633
631 634
632 896
632 897
632 898
632 638
632 1148
632 1149
632 1366
632 1367
632 1368
632 631
632 635
632 620
632 625
632 885
632 886
632 887
632 888
632 633
632 634
632 1147
632 636
632 637
632 894
632 639
633 632
633 625
633 631
634 632
634 620
634 631
635 640
635 896
635 898
635 638
635 1553
635 1554
635 1555
635 1046
635 1047
635 1049
635 677
635 684
635 687
635 688
635 690
635 691
635 692
635 693
635 695
635 632
635 636
635 637
635 894
635 895
636 632
636 635
636 637
637 640
637 632
637 635
637 636
637 638
637 639
638 640
638 1038
638 1039
638 1040
638 1554
638 1043
638 1044
638 1045
638 1555
638 1556
638 672
638 684
638 635
638 625
638 632
638 1147
638 1148
638 637
638 1150
638 639
639 632
639 637
639 638
640 635
640 637
640 638
641 642
641 643
641 644
641 645
641 1026
641 647
641 648
641 649
641 650
641 1027
641 652
641 1029
641 916
641 917
641 918
641 919
641 921
641 959
641 960
641 961
641 963
641 1509
641 1510
641 1511
642 641
642 643
642 644
642 645
642 646
642 1028
642 1027
642 1029
642 1156
642 1166
642 1167
642 1168
642 1173
642 1174
642 1175
642 961
642 1530
642 1531
642 1532
642 1151
643 641
643 642
643 644
644 641
644 642
644 643
644 645
644 646
644 647
645 641
645 642
645 644
645 646
645 647
645 648
645 649
645 650
645 651
645 1173
645 1174
645 1176
645 1178
645 1179
645 1180
645 1151
646 642
646 644
646 645
647 641
647 644
647 645
648 641
648 649
648 645
649 641
649 645
649 648
649 650
649 651
649 652
650 641
650 645
650 649
650 651
650 652
650 1169
650 1170
650 1171
650 916
650 1177
650 1178
650 1179
650 925
650 981
650 1501
650 1502
650 1503
650 1506
650 1507
650 1508
650 1510
650 1511
650 1512
650 1151
651 649
651 650
651 645
652 641
652 650
652 649
653 654
653 655
653 656
653 658
653 659
653 660
653 661
653 662
653 410
653 1054
653 1055
653 1056
653 1058
653 1059
653 1061
653 1062
653 1063
653 1065
653 696
653 702
653 703
653 704
653 86
653 876
654 519
654 653
654 655
654 656
654 657
654 659
654 660
654 661
654 663
654 664
654 665
654 667
654 669
654 670
654 671
654 706
654 707
654 708
654 709
654 70
654 710
654 711
654 73
654 86
655 656
655 653
655 654
656 653
656 654
656 655
656 657
656 658
656 86
657 656
657 86
657 654
658 656
658 653
658 86
659 660
659 653
659 654
660 653
660 654
660 659
660 661
660 662
660 663
661 519
661 653
661 654
661 660
661 662
661 663
661 664
661 665
661 666
661 672
661 674
661 675
661 676
661 677
661 678
661 679
661 681
661 696
661 697
661 698
661 700
661 701
661 702
661 703
662 660
662 653
662 661
663 660
663 661
663 654
664 665
664 661
664 654
665 519
665 654
665 661
665 664
665 666
665 667
666 665
666 661
666 519
667 665
667 654
667 519
668 73
668 669
668 519
669 519
669 73
669 654
669 668
669 670
669 671
670 73
670 669
670 654
671 669
671 654
671 519
672 519
672 1034
672 1035
672 1036
672 1038
672 1039
672 1041
672 1042
672 1043
672 661
672 1045
672 673
672 674
672 676
672 677
672 679
672 680
672 681
672 682
672 683
672 684
672 686
672 625
672 638
673 672
673 674
673 519
674 672
674 673
674 675
674 676
674 519
674 661
675 674
675 661
675 519
676 672
676 674
676 661
677 661
677 1181
677 1182
677 672
677 1184
677 678
677 679
677 680
677 682
677 683
677 684
677 685
677 688
677 689
677 690
677 691
677 692
677 693
677 694
677 696
677 698
677 699
677 700
677 635
678 679
678 661
678 677
679 672
679 677
679 678
679 680
679 681
679 661
680 672
680 677
680 679
681 672
681 661
681 679
682 672
682 683
682 677
683 672
683 677
683 682
683 684
683 685
683 686
684 672
684 677
684 683
684 685
684 686
684 687
684 688
684 689
684 1042
684 1043
684 1044
684 1553
684 1554
684 1556
684 635
684 638
685 683
685 684
685 677
686 672
686 683
686 684
687 688
687 635
687 684
688 677
688 684
688 687
688 689
688 690
688 635
689 688
689 684
689 677
690 688
690 635
690 677
691 635
691 692
691 677
692 677
692 691
692 693
692 694
692 695
692 635
693 1557
693 1046
693 1047
693 1560
693 1561
693 1562
693 1048
693 1558
693 1564
693 1182
693 1183
693 1184
693 677
693 692
693 694
693 695
693 696
693 887
693 635
693 894
694 692
694 677
694 693
695 635
695 692
695 693
696 653
696 661
696 1561
696 1050
696 1051
696 1562
696 1053
696 1182
696 1054
696 1181
696 1057
696 1055
696 1183
696 1563
696 677
696 693
696 697
696 698
696 699
696 701
696 702
696 704
696 876
696 887
697 696
697 698
697 661
698 677
698 661
698 696
698 697
698 699
698 700
699 696
699 698
699 677
700 698
700 677
700 661
701 696
701 661
701 702
702 704
702 653
702 661
702 696
702 701
702 703
703 702
703 661
703 653
704 696
704 653
704 702
705 86
705 706
705 70
706 705
706 707
706 708
706 70
706 654
706 86
707 706
707 654
707 86
708 70
708 706
708 654
709 654
709 710
709 70
710 709
710 70
710 711
710 712
710 73
710 654
711 73
711 710
711 654
712 73
712 710
712 70
713 120
713 714
713 188
714 713
714 715
714 716
714 120
714 123
714 188
715 714
715 123
715 188
716 120
716 714
716 123
717 290
717 316
717 718
718 290
718 717
718 238
718 719
718 720
718 316
719 290
719 718
719 238
720 316
720 718
720 238
721 722
721 316
721 205
722 198
722 205
722 721
722 723
722 724
722 316
723 722
723 205
723 198
724 722
724 316
724 198
725 1189
725 1190
725 1192
725 316
725 1214
725 1215
725 1216
725 198
725 726
725 727
725 728
725 1241
725 730
725 731
725 732
725 733
725 1240
725 1242
725 1243
725 1244
725 1245
725 741
725 744
725 753
725 755
725 756
725 757
725 1012
726 725
726 198
726 727
727 198
727 725
727 726
727 728
727 729
727 316
728 316
728 725
728 727
729 316
729 198
729 727
730 731
730 316
730 725
731 725
731 316
731 730
731 732
731 733
731 734
732 1185
732 290
732 1186
732 1188
732 1190
732 1191
732 1192
732 1193
732 1194
732 1196
732 1197
732 1199
732 1200
732 1201
732 1202
732 1203
732 1205
732 316
732 725
732 731
732 733
732 734
732 741
732 750
733 731
733 732
733 725
734 731
734 732
734 316
735 768
735 769
735 770
735 290
735 295
735 1197
735 1206
735 1207
735 1208
735 324
735 1235
735 1236
735 1237
735 736
735 737
735 738
735 762
735 763
735 764
735 765
736 737
736 290
736 735
737 736
737 290
737 738
737 739
737 295
737 735
738 737
738 295
738 735
739 737
739 290
739 295
740 1025
740 1222
740 1609
740 1337
740 1338
740 1211
740 1212
740 829
740 1213
740 1339
740 832
740 836
740 837
740 838
740 839
740 840
740 841
740 1225
740 843
740 844
740 845
740 846
740 847
740 1224
740 849
740 1226
740 1610
740 1611
740 741
740 742
740 743
740 744
740 746
740 747
740 748
740 749
740 750
740 752
740 1022
740 1023
741 1189
741 1190
741 1191
741 1193
741 1194
741 1195
741 1210
741 1211
741 1212
741 1214
741 1215
741 1217
741 725
741 732
741 740
741 742
741 743
741 744
741 745
741 750
742 740
742 741
742 743
743 740
743 741
743 742
743 744
743 745
743 746
744 1024
744 829
744 1215
744 1216
744 1217
744 725
744 1239
744 1240
744 1241
744 740
744 741
744 743
744 745
744 746
744 1012
744 1013
744 1014
744 1015
744 1017
744 1018
744 1019
744 1021
744 1022
744 1023
745 744
745 741
745 743
746 744
746 740
746 743
747 1197
747 1218
747 1219
747 1221
747 1222
747 1223
747 1224
747 1225
747 1227
747 1228
747 1229
747 1231
747 1232
747 1233
747 740
747 748
747 749
747 750
747 751
747 764
748 747
748 740
748 749
749 740
749 747
749 748
749 750
749 751
749 752
750 1194
750 1195
750 1196
750 1197
750 1202
750 1203
750 1204
750 1210
750 1211
750 1213
750 1219
750 1220
750 1221
750 732
750 740
750 741
750 747
750 749
750 751
750 752
751 747
751 749
751 750
752 740
752 749
752 750
753 12
753 195
753 198
753 725
753 1244
753 1245
753 1246
753 1521
753 1004
753 1005
753 1007
753 1008
753 1009
753 754
753 755
753 756
753 369
753 758
753 759
753 1011
753 761
753 1012
753 1522
753 1523
754 753
754 755
754 198
755 198
755 753
755 754
755 756
755 725
755 757
756 753
756 755
756 725
757 755
757 725
757 198
758 753
758 198
758 759
759 195
759 198
759 753
759 758
759 760
759 761
760 195
760 198
760 759
761 753
761 195
761 759
762 763
762 324
762 735
763 324
763 762
763 764
763 765
763 766
763 735
764 1197
764 1078
764 1083
764 1084
764 1085
764 1601
764 1602
764 324
764 1604
764 1222
764 1605
764 1606
764 1608
764 1227
764 1228
764 1230
764 847
764 1232
764 1233
764 1234
764 1235
764 1236
764 1238
764 735
764 747
764 763
764 765
764 766
765 763
765 764
765 735
766 763
766 764
766 324
767 768
767 324
767 295
768 769
768 770
768 324
768 295
768 767
768 735
769 768
769 735
769 295
770 768
770 324
770 735
771 195
771 772
771 509
772 771
772 195
772 773
772 774
772 188
772 509
773 195
773 188
773 772
774 772
774 188
774 509
775 120
775 776
775 188
776 775
776 777
776 778
776 779
776 120
776 188
777 776
777 778
777 779
777 780
777 781
777 782
777 784
777 785
777 821
777 188
777 1248
777 1249
777 994
777 1250
777 1251
777 1252
777 1253
777 1255
777 1256
777 1258
777 1260
777 1261
777 1262
777 1264
777 1265
777 1266
777 120
777 509
778 120
778 777
778 776
779 776
779 777
779 188
780 777
780 188
780 781
781 777
781 780
781 782
781 783
781 188
781 509
782 777
782 781
782 509
783 781
783 188
783 509
784 777
784 785
784 786
784 787
784 789
784 550
784 565
784 990
784 991
784 993
784 994
784 1252
784 1253
784 1254
784 1513
784 1514
784 1515
784 1263
784 1264
784 1265
785 777
785 784
785 786
785 787
785 788
785 790
785 791
785 792
785 793
785 550
785 821
785 1259
785 1260
785 1261
785 1263
785 1264
785 1266
785 1267
785 1268
785 1269
786 784
786 785
786 787
787 550
787 784
787 785
787 786
787 788
787 789
788 785
788 787
788 550
789 784
789 787
789 550
790 785
790 550
790 791
791 550
791 785
791 790
791 792
791 793
791 794
792 1280
792 1281
792 785
792 791
792 793
792 794
792 795
792 550
792 816
792 821
792 1267
792 1268
792 1270
792 1272
792 1273
792 1274
792 1275
792 1276
792 1278
792 1279
793 792
793 785
793 791
794 792
794 550
794 791
795 1280
795 1282
795 1283
795 1284
795 1285
795 1286
795 1288
795 1289
795 1290
795 792
795 796
795 797
795 798
795 799
795 550
795 816
795 1275
795 1276
795 1277
795 1279
796 795
796 797
796 550
797 800
797 550
797 795
797 796
797 798
797 799
798 1283
798 1284
798 1285
798 1287
798 795
798 797
798 799
798 800
798 547
798 550
798 968
798 969
798 970
798 971
798 1485
798 1486
798 1488
798 1489
798 1490
798 1492
799 795
799 797
799 798
800 550
800 797
800 798
801 1285
801 1292
801 1293
801 1294
801 1296
801 1297
801 1298
801 802
801 803
801 804
801 811
801 812
801 813
801 814
801 815
801 816
801 817
801 178
801 330
801 333
802 801
802 330
802 803
803 801
803 802
803 804
803 805
803 330
803 178
804 801
804 178
804 803
805 178
805 803
805 330
806 120
806 333
806 807
807 806
807 808
807 809
807 333
807 119
807 120
808 120
808 807
808 119
809 807
809 333
809 119
810 178
810 811
810 333
811 801
811 810
811 812
811 333
811 813
811 178
812 801
812 178
812 811
813 801
813 811
813 333
814 801
814 333
814 815
815 801
815 333
815 814
815 816
815 817
815 818
816 1280
816 1281
816 1282
816 1285
816 1289
816 1290
816 1291
816 1292
816 1293
816 1295
816 1301
816 1302
816 1303
816 792
816 795
816 801
816 815
816 817
816 818
816 821
816 333
816 1271
816 1272
816 1273
817 816
817 801
817 815
818 816
818 333
818 815
819 120
819 820
819 333
820 333
820 819
820 821
820 822
820 823
820 120
821 1272
821 777
821 785
821 1300
821 1301
821 1303
821 792
821 816
821 820
821 822
821 823
821 333
821 1256
821 1257
821 1258
821 1259
821 1260
821 1262
821 1268
821 1269
821 1270
821 1271
821 120
821 1274
822 821
822 820
822 333
823 120
823 820
823 821
824 1317
824 1318
824 1319
824 1320
824 1321
824 1323
824 1325
824 1326
824 1327
824 1328
824 1329
824 1330
824 1333
824 1334
824 1335
824 825
824 826
824 827
824 829
824 830
824 831
824 832
824 833
824 841
824 338
824 355
824 369
824 1015
825 824
825 338
825 826
826 369
826 338
826 824
826 825
826 827
826 828
827 824
827 369
827 826
828 369
828 338
828 826
829 1024
829 1025
829 1329
829 1330
829 1331
829 824
829 830
829 831
829 832
829 834
829 835
829 836
829 838
829 740
829 744
829 1015
829 1019
829 1020
829 1021
829 1023
830 824
830 829
830 831
831 832
831 833
831 834
831 824
831 829
831 830
832 833
832 834
832 835
832 836
832 740
832 837
832 839
832 840
832 841
832 842
832 1332
832 1333
832 1334
832 824
832 829
832 831
833 824
833 832
833 831
834 832
834 829
834 831
835 832
835 836
835 829
836 832
836 835
836 740
836 837
836 838
836 829
837 832
837 740
837 836
838 740
838 829
838 836
839 832
839 840
839 740
840 832
840 740
840 839
840 841
840 842
840 843
841 1313
841 1314
841 1315
841 1316
841 1317
841 1318
841 1332
841 1333
841 1335
841 1336
841 824
841 1337
841 1339
841 1340
841 1341
841 1343
841 832
841 840
841 842
841 843
841 844
841 857
841 355
841 740
842 832
842 841
842 840
843 840
843 841
843 740
844 1342
844 1344
844 1345
844 1346
844 740
844 841
844 845
844 846
844 847
844 848
844 1336
844 1337
844 1338
844 1341
844 857
844 1343
845 740
845 846
845 844
846 740
846 844
846 845
846 847
846 848
846 849
847 1078
847 1344
847 1345
847 1601
847 1347
847 1348
847 1349
847 1350
847 1602
847 1603
847 1222
847 1607
847 1606
847 844
847 1608
847 846
847 1611
847 848
847 849
847 1610
847 1612
847 857
847 740
847 764
848 844
848 846
848 847
849 740
849 846
849 847
850 352
850 851
850 372
851 352
851 850
851 372
851 853
851 852
851 854
852 1078
852 1352
852 1353
852 1354
852 1356
852 1357
852 1358
852 851
852 853
852 854
852 855
852 856
852 857
852 858
852 860
852 861
852 862
852 352
852 372
852 378
853 851
853 372
853 852
854 352
854 851
854 852
855 352
855 856
855 852
856 352
856 852
856 855
856 857
856 858
856 859
857 1309
857 1310
857 1311
857 1312
857 1313
857 1314
857 1078
857 1340
857 1341
857 1342
857 1345
857 1346
857 1347
857 1349
857 1350
857 1351
857 1352
857 841
857 1353
857 1355
857 844
857 847
857 852
857 856
857 858
857 859
857 352
857 355
858 856
858 857
858 852
859 352
859 857
859 856
860 378
860 852
860 861
861 372
861 852
861 378
861 860
861 862
861 863
862 372
862 852
862 861
863 378
863 372
863 861
864 393
864 388
864 865
865 864
865 866
865 867
865 388
865 393
865 415
866 393
866 865
866 415
867 865
867 388
867 415
868 869
868 613
868 606
869 868
869 613
869 870
869 871
869 410
869 606
870 410
870 869
870 613
871 410
871 869
871 606
872 873
872 410
872 606
873 872
873 874
873 875
873 56
873 410
873 606
874 56
874 873
874 410
875 56
875 873
875 606
876 653
876 1050
876 1051
876 1052
876 410
876 1055
876 1056
876 1057
876 1059
876 1060
876 1061
876 696
876 613
876 620
876 877
876 878
876 880
876 882
876 883
876 884
876 887
876 890
876 891
876 892
877 410
877 876
877 878
878 613
878 876
878 877
878 879
878 880
878 410
879 410
879 613
879 878
880 876
880 613
880 878
881 882
881 620
881 613
882 613
882 876
882 620
882 881
882 883
882 884
883 876
883 882
883 620
884 882
884 876
884 613
885 632
885 620
885 886
886 620
886 888
886 885
886 887
886 632
886 889
887 1557
887 1558
887 1559
887 1562
887 1051
887 1052
887 1053
887 1563
887 1564
887 693
887 696
887 1365
887 1366
887 1367
887 620
887 876
887 632
887 886
887 888
887 889
887 890
887 891
887 893
887 894
888 632
888 886
888 887
889 620
889 886
889 887
890 891
890 876
890 887
891 620
891 876
891 887
891 890
891 892
891 893
892 620
892 891
892 876
893 891
893 620
893 887
894 896
894 897
894 1368
894 1559
894 1560
894 887
894 693
894 1365
894 1047
894 632
894 1048
894 1366
894 635
894 1558
894 1049
894 895
895 896
895 635
895 894
896 897
896 898
896 632
896 635
896 894
896 895
897 632
897 896
897 894
898 632
898 635
898 896
899 385
899 388
899 900
900 385
900 899
900 388
900 901
900 902
900 903
901 385
901 900
901 388
901 902
901 903
901 905
901 1420
901 1585
901 1586
901 1587
901 1590
901 1591
901 1592
901 1594
901 1595
901 956
901 1596
901 1369
901 1374
901 1375
901 1377
901 1378
901 1379
901 1381
902 900
902 388
902 901
903 385
903 900
903 901
904 905
904 906
904 907
904 908
904 910
904 911
904 912
904 913
904 915
904 1066
904 1067
904 1069
904 1581
904 1582
904 1583
904 948
904 949
904 950
904 951
904 953
904 954
904 955
904 956
904 958
905 901
905 904
905 906
905 907
905 908
905 909
905 1067
905 1068
905 1069
905 1586
905 1587
905 1588
905 956
905 1369
905 1379
905 1380
905 1381
905 1382
905 1383
905 1384
906 904
906 905
906 907
907 904
907 905
907 906
907 908
907 909
907 910
908 1382
908 1383
908 904
908 905
908 1385
908 907
908 1388
908 909
908 910
908 911
908 912
908 913
908 914
908 1387
908 1389
908 1369
909 905
909 907
909 908
910 904
910 907
910 908
911 904
911 908
911 912
912 904
912 908
912 911
912 913
912 914
912 915
913 904
913 908
913 912
913 914
913 915
913 1432
913 1573
913 1574
913 1575
913 1578
913 1579
913 1580
913 1582
913 1583
913 1584
913 948
913 1360
913 1369
913 1386
913 1387
913 1388
913 1390
913 1391
913 1392
914 912
914 913
914 908
915 904
915 913
915 912
916 641
916 650
916 917
916 918
916 919
916 920
916 925
916 1505
916 1506
916 1507
916 1509
916 1510
916 1512
916 1394
916 1395
916 1396
916 1397
916 1400
916 1401
916 1402
917 641
917 916
917 918
918 641
918 916
918 917
918 919
918 920
918 921
919 960
919 641
919 961
919 962
919 1456
919 1457
919 1394
919 1395
919 916
919 1396
919 918
919 1398
919 920
919 921
919 1458
919 959
920 916
920 918
920 919
921 641
921 918
921 919
922 923
922 924
922 925
922 926
922 929
922 930
922 931
922 420
922 423
922 1459
922 1464
922 1465
922 1466
922 1468
922 1469
922 1470
922 1471
922 1473
922 1474
922 1476
922 1396
922 1403
922 1404
922 1405
923 922
923 924
923 423
924 423
924 922
924 923
924 925
924 926
924 927
925 650
925 916
925 922
925 924
925 926
925 927
925 423
925 981
925 986
925 987
925 988
925 1501
925 1502
925 1504
925 1505
925 1506
925 1508
925 1396
925 1399
925 1400
925 1402
925 1403
925 1404
925 1406
926 922
926 924
926 925
927 924
927 925
927 423
928 929
928 420
928 423
929 928
929 930
929 931
929 420
929 423
929 922
930 929
930 922
930 420
931 929
931 922
931 423
932 432
932 420
932 933
933 932
933 420
933 934
933 935
933 432
933 178
934 178
934 420
934 933
935 432
935 178
935 933
936 81
936 457
936 937
937 448
937 936
937 457
937 938
937 939
937 81
938 448
938 81
938 937
939 448
939 457
939 937
940 457
940 941
940 295
941 295
941 457
941 940
941 942
941 943
941 470
942 941
942 470
942 295
943 457
943 941
943 470
944 945
944 476
944 470
945 295
945 944
945 946
945 947
945 470
945 476
946 945
946 470
946 295
947 945
947 476
947 295
948 904
948 1425
948 913
948 1432
948 1440
948 1441
948 1442
948 1577
948 1578
948 1451
948 1452
948 1453
948 1579
948 1581
948 1582
948 1584
948 949
948 950
948 951
948 952
949 904
949 948
949 950
950 904
950 948
950 949
950 951
950 952
950 953
951 904
951 1449
951 1448
951 1450
951 1451
951 1452
951 1454
951 1425
951 948
951 950
951 952
951 953
951 954
951 955
951 956
951 957
952 948
952 950
952 951
953 904
953 950
953 951
954 904
954 955
954 951
955 904
955 951
955 954
955 956
955 957
955 958
956 901
956 904
956 905
956 1420
956 1425
956 1443
956 1444
956 1445
956 1447
956 1448
956 1449
956 1066
956 1067
956 1068
956 1585
956 1586
956 1588
956 1589
956 1590
956 951
956 1592
956 955
956 957
956 958
957 955
957 956
957 951
958 904
958 955
958 956
959 960
959 641
959 919
960 641
960 961
960 962
960 963
960 919
960 959
961 1536
961 641
961 1026
961 1027
961 642
961 1028
961 1156
961 919
961 1455
961 1456
961 1457
961 1459
961 1460
961 1461
961 1462
961 960
961 962
961 963
961 1396
961 1529
961 1530
961 1532
961 1533
961 1534
962 960
962 961
962 919
963 960
963 961
963 641
964 432
964 435
964 965
965 964
965 69
965 966
965 967
965 432
965 435
966 965
966 435
966 69
967 432
967 965
967 69
968 969
968 550
968 798
969 550
969 968
969 970
969 971
969 972
969 798
970 798
970 547
970 550
970 551
970 1092
970 1093
970 1094
970 1095
970 1096
970 969
970 1098
970 971
970 972
970 589
970 1486
970 1103
970 1104
970 1487
970 1106
970 1488
971 969
971 970
971 798
972 969
972 970
972 550
973 9
973 330
973 974
974 4
974 9
974 330
974 973
974 975
974 976
975 9
975 4
975 974
976 330
976 4
976 974
977 978
977 330
977 327
978 327
978 9
978 330
978 977
978 979
978 980
979 9
979 978
979 327
980 9
980 330
980 978
981 1153
981 1154
981 1155
981 650
981 1169
981 1170
981 1172
981 925
981 423
981 46
981 51
981 982
981 983
981 984
981 987
981 988
981 989
981 1502
981 1503
981 1504
981 1143
981 1144
981 1146
981 1151
982 983
982 981
982 423
983 423
983 51
983 981
983 982
983 984
983 985
984 51
984 981
984 983
985 983
985 51
985 423
986 987
986 925
986 423
987 423
987 989
987 981
987 986
987 988
987 925
988 981
988 987
988 925
989 987
989 981
989 423
990 784
990 550
990 991
991 992
991 993
991 550
991 784
991 565
991 990
992 565
992 550
992 991
993 784
993 565
993 991
994 777
994 784
994 565
994 1247
994 1248
994 1250
994 995
994 996
994 997
994 998
994 1251
994 1252
994 1254
994 1513
994 1514
994 1516
994 1517
994 1518
994 1520
994 509
995 994
995 996
995 509
996 994
996 995
996 997
996 998
996 999
996 509
997 512
997 559
997 565
997 1119
997 1120
997 994
997 1122
997 996
997 1123
997 998
997 999
997 1000
997 1001
997 1002
997 1124
997 1126
997 1518
997 1519
997 1520
997 509
998 994
998 996
998 997
999 509
999 996
999 997
1000 997
1000 1001
1000 509
1001 512
1001 997
1001 1000
1001 1002
1001 1003
1001 509
1002 512
1002 1001
1002 997
1003 512
1003 1001
1003 509
1004 753
1004 195
1004 1005
1005 195
1005 1004
1005 12
1005 1006
1005 1007
1005 753
1006 195
1006 12
1006 1005
1007 753
1007 12
1007 1005
1008 753
1008 12
1008 1009
1009 12
1009 1008
1009 753
1009 1010
1009 369
1009 1011
1010 369
1010 12
1010 1009
1011 369
1011 1009
1011 753
1012 1528
1012 725
1012 1239
1012 1240
1012 1016
1012 1242
1012 1243
1012 1244
1012 1246
1012 744
1012 753
1012 1521
1012 1522
1012 369
1012 1525
1012 1526
1012 1013
1012 1014
1012 1015
1012 1524
1013 744
1013 1012
1013 1014
1014 744
1014 1012
1014 1013
1014 1015
1014 1016
1014 1017
1015 1528
1015 1324
1015 1325
1015 1327
1015 1328
1015 1329
1015 1331
1015 824
1015 829
1015 744
1015 369
1015 1012
1015 1014
1015 1527
1015 1016
1015 1017
1015 1018
1015 1019
1015 1020
1015 1526
1016 1012
1016 1014
1016 1015
1017 744
1017 1014
1017 1015
1018 744
1018 1019
1018 1015
1019 744
1019 1021
1019 1015
1019 1018
1019 1020
1019 829
1020 1019
1020 829
1020 1015
1021 744
1021 1019
1021 829
1022 744
1022 740
1022 1023
1023 1024
1023 1025
1023 740
1023 744
1023 829
1023 1022
1024 744
1024 829
1024 1023
1025 740
1025 829
1025 1023
1026 641
1026 1027
1026 961
1027 961
1027 1026
1027 641
1027 1028
1027 642
1027 1029
1028 961
1028 642
1028 1027
1029 641
1029 642
1029 1027
1030 625
1030 1031
1030 519
1031 1030
1031 519
1031 1032
1031 1033
1031 522
1031 625
1032 625
1032 522
1032 1031
1033 522
1033 1031
1033 519
1034 672
1034 1035
1034 519
1035 672
1035 519
1035 1034
1035 1036
1035 1037
1035 625
1036 672
1036 625
1036 1035
1037 625
1037 1035
1037 519
1038 672
1038 638
1038 1039
1039 672
1039 1038
1039 1040
1039 625
1039 1041
1039 638
1040 625
1040 638
1040 1039
1041 672
1041 625
1041 1039
1042 672
1042 1043
1042 684
1043 672
1043 684
1043 1042
1043 1044
1043 1045
1043 638
1044 1043
1044 684
1044 638
1045 672
1045 1043
1045 638
1046 635
1046 693
1046 1047
1047 693
1047 1046
1047 1048
1047 1049
1047 635
1047 894
1048 693
1048 894
1048 1047
1049 635
1049 894
1049 1047
1050 696
1050 1051
1050 876
1051 876
1051 887
1051 696
1051 1050
1051 1052
1051 1053
1052 1051
1052 876
1052 887
1053 696
1053 1051
1053 887
1054 696
1054 653
1054 1055
1055 1056
1055 1057
1055 876
1055 653
1055 696
1055 1054
1056 876
1056 653
1056 1055
1057 696
1057 876
1057 1055
1058 410
1058 1059
1058 653
1059 1058
1059 1060
1059 1061
1059 876
1059 653
1059 410
1060 410
1060 1059
1060 876
1061 1059
1061 876
1061 653
1062 653
1062 86
1062 1063
1063 1062
1063 1064
1063 1065
1063 653
1063 86
1063 410
1064 410
1064 86
1064 1063
1065 410
1065 653
1065 1063
1066 904
1066 1067
1066 956
1067 904
1067 905
1067 1066
1067 1068
1067 1069
1067 956
1068 905
1068 1067
1068 956
1069 904
1069 905
1069 1067
1070 377
1070 476
1070 1071
1071 385
1071 1070
1071 1072
1071 1073
1071 377
1071 476
1072 377
1072 385
1072 1071
1073 385
1073 476
1073 1071
1074 321
1074 1075
1074 476
1075 321
1075 1074
1075 1076
1075 1077
1075 377
1075 476
1076 321
1076 1075
1076 377
1077 377
1077 1075
1077 476
1078 1079
1078 1080
1078 1081
1078 1084
1078 1085
1078 1086
1078 1602
1078 1603
1078 324
1078 1348
1078 1349
1078 1351
1078 1604
1078 1353
1078 1354
1078 1355
1078 1356
1078 1357
1078 847
1078 1359
1078 852
1078 857
1078 378
1078 764
1079 1080
1079 324
1079 1078
1080 324
1080 1082
1080 1078
1080 1079
1080 1081
1080 378
1081 1080
1081 378
1081 1078
1082 1080
1082 378
1082 324
1083 324
1083 764
1083 1084
1084 324
1084 1078
1084 1083
1084 764
1084 1085
1084 1086
1085 1084
1085 764
1085 1078
1086 1084
1086 324
1086 1078
1087 1088
1087 1
1087 547
1088 1089
1088 1
1088 547
1088 1090
1088 589
1088 1087
1089 1088
1089 1
1089 589
1090 1088
1090 547
1090 589
1091 547
1091 1092
1091 589
1092 547
1092 1091
1092 1093
1092 1094
1092 970
1092 589
1093 970
1093 1092
1093 589
1094 970
1094 547
1094 1092
1095 1096
1095 970
1095 589
1096 551
1096 1095
1096 1097
1096 970
1096 1098
1096 589
1097 1096
1097 589
1097 551
1098 1096
1098 970
1098 551
1099 554
1099 1100
1099 551
1100 551
1100 554
1100 1099
1100 1101
1100 589
1100 1102
1101 1100
1101 589
1101 551
1102 554
1102 1100
1102 589
1103 1104
1103 970
1103 551
1104 550
1104 551
1104 970
1104 1103
1104 1105
1104 1106
1105 1104
1105 550
1105 551
1106 1104
1106 970
1106 550
1107 554
1107 1108
1107 582
1108 582
1108 554
1108 589
1108 1107
1108 1109
1108 1110
1109 554
1109 1108
1109 589
1110 1108
1110 589
1110 582
1111 1112
1111 582
1111 559
1112 582
1112 554
1112 559
1112 1111
1112 1113
1112 1114
1113 1112
1113 554
1113 559
1114 1112
1114 554
1114 582
1115 1116
1115 13
1115 582
1116 582
1116 13
1116 559
1116 1115
1116 1117
1116 1118
1117 1116
1117 13
1117 559
1118 1116
1118 582
1118 559
1119 1120
1119 997
1119 559
1120 512
1120 1121
1120 1122
1120 997
1120 559
1120 1119
1121 512
1121 1120
1121 559
1122 512
1122 1120
1122 997
1123 565
1123 1124
1123 997
1124 1123
1124 1125
1124 997
1124 1126
1124 559
1124 565
1125 1124
1125 565
1125 559
1126 1124
1126 997
1126 559
1127 1128
1127 554
1127 559
1128 1127
1128 1129
1128 554
1128 1130
1128 559
1128 562
1129 1128
1129 562
1129 559
1130 1128
1130 562
1130 554
1131 1132
1131 554
1131 562
1132 550
1132 554
1132 1131
1132 1133
1132 1134
1132 562
1133 562
1133 1132
1133 550
1134 554
1134 1132
1134 550
1135 1136
1135 589
1135 30
1136 582
1136 589
1136 1135
1136 1137
1136 1138
1136 30
1137 1136
1137 582
1137 30
1138 1136
1138 589
1138 582
1139 1140
1139 582
1139 30
1140 582
1140 19
1140 1139
1140 1141
1140 1142
1140 30
1141 19
1141 1140
1141 30
1142 19
1142 1140
1142 582
1143 1144
1143 981
1143 46
1144 46
1144 51
1144 981
1144 1143
1144 1145
1144 1146
1145 1144
1145 51
1145 46
1146 1144
1146 51
1146 981
1147 632
1147 1148
1147 638
1148 625
1148 632
1148 1150
1148 1147
1148 1149
1148 638
1149 632
1149 625
1149 1148
1150 625
1150 1148
1150 638
1151 1152
1151 1153
1151 642
1151 1155
1151 1156
1151 645
1151 1158
1151 1159
1151 1160
1151 650
1151 1165
1151 1166
1151 1167
1151 1170
1151 1171
1151 1172
1151 1174
1151 1175
1151 1176
1151 1177
1151 1178
1151 1180
1151 46
1151 981
1152 1153
1152 46
1152 1151
1153 1152
1153 1154
1153 1155
1153 46
1153 981
1153 1151
1154 1153
1154 981
1154 46
1155 1153
1155 981
1155 1151
1156 1536
1156 642
1156 1539
1156 1538
1156 1157
1156 1158
1156 1540
1156 1160
1156 1162
1156 1163
1156 1164
1156 1165
1156 1166
1156 1168
1156 1151
1156 46
1156 1459
1156 961
1156 66
1156 1529
1156 1530
1156 1531
1156 1534
1156 1535
1157 1158
1157 1156
1157 46
1158 1156
1158 1157
1158 1159
1158 1160
1158 46
1158 1151
1159 1158
1159 46
1159 1151
1160 1156
1160 1158
1160 1151
1161 66
1161 46
1161 1162
1162 66
1162 1156
1162 1161
1162 1163
1162 1164
1162 46
1163 1162
1163 1156
1163 46
1164 66
1164 1156
1164 1162
1165 1156
1165 1166
1165 1151
1166 642
1166 1156
1166 1165
1166 1167
1166 1168
1166 1151
1167 642
1167 1166
1167 1151
1168 642
1168 1156
1168 1166
1169 650
1169 981
1169 1170
1170 650
1170 1169
1170 1171
1170 1172
1170 981
1170 1151
1171 650
1171 1170
1171 1151
1172 1170
1172 981
1172 1151
1173 642
1173 645
1173 1174
1174 642
1174 645
1174 1173
1174 1175
1174 1176
1174 1151
1175 642
1175 1174
1175 1151
1176 645
1176 1174
1176 1151
1177 650
1177 1178
1177 1151
1178 645
1178 650
1178 1177
1178 1179
1178 1180
1178 1151
1179 650
1179 645
1179 1178
1180 1178
1180 645
1180 1151
1181 696
1181 677
1181 1182
1182 1184
1182 677
1182 693
1182 696
1182 1181
1182 1183
1183 696
1183 693
1183 1182
1184 693
1184 1182
1184 677
1185 1186
1185 290
1185 732
1186 1185
1186 290
1186 1187
1186 1188
1186 316
1186 732
1187 1186
1187 290
1187 316
1188 1186
1188 732
1188 316
1189 741
1189 725
1189 1190
1190 741
1190 1189
1190 1191
1190 1192
1190 725
1190 732
1191 732
1191 741
1191 1190
1192 732
1192 725
1192 1190
1193 1194
1193 732
1193 741
1194 741
1194 1193
1194 1195
1194 1196
1194 750
1194 732
1195 1194
1195 741
1195 750
1196 1194
1196 732
1196 750
1197 290
1197 1198
1197 1199
1197 1201
1197 1203
1197 1204
1197 1205
1197 1206
1197 1207
1197 1209
1197 1218
1197 1219
1197 1220
1197 1231
1197 1232
1197 1234
1197 1236
1197 1237
1197 1238
1197 732
1197 735
1197 747
1197 750
1197 764
1198 290
1198 1197
1198 1199
1199 290
1199 1197
1199 1198
1199 1200
1199 1201
1199 732
1200 290
1200 732
1200 1199
1201 732
1201 1197
1201 1199
1202 1203
1202 732
1202 750
1203 1197
1203 750
1203 1202
1203 1204
1203 1205
1203 732
1204 1203
1204 1197
1204 750
1205 1203
1205 732
1205 1197
1206 1207
1206 1197
1206 735
1207 290
1207 1197
1207 1206
1207 1208
1207 1209
1207 735
1208 1207
1208 290
1208 735
1209 290
1209 1197
1209 1207
1210 1211
1210 741
1210 750
1211 740
1211 741
1211 750
1211 1210
1211 1212
1211 1213
1212 1211
1212 740
1212 741
1213 1211
1213 740
1213 750
1214 725
1214 741
1214 1215
1215 1216
1215 1217
1215 741
1215 744
1215 725
1215 1214
1216 744
1216 725
1216 1215
1217 744
1217 741
1217 1215
1218 747
1218 1197
1218 1219
1219 1218
1219 1220
1219 1221
1219 747
1219 1197
1219 750
1220 1219
1220 1197
1220 750
1221 1219
1221 747
1221 750
1222 740
1222 1605
1222 1606
1222 1223
1222 1224
1222 1607
1222 1226
1222 747
1222 1228
1222 1229
1222 1230
1222 847
1222 1609
1222 1610
1222 1612
1222 764
1223 1224
1223 747
1223 1222
1224 740
1224 1222
1224 1223
1224 1225
1224 1226
1224 747
1225 1224
1225 747
1225 740
1226 1224
1226 740
1226 1222
1227 1228
1227 747
1227 764
1228 1222
1228 747
1228 1227
1228 1229
1228 1230
1228 764
1229 747
1229 1228
1229 1222
1230 1228
1230 764
1230 1222
1231 1232
1231 747
1231 1197
1232 747
1232 1197
1232 1231
1232 1233
1232 1234
1232 764
1233 1232
1233 747
1233 764
1234 1232
1234 764
1234 1197
1235 1236
1235 764
1235 735
1236 1197
1236 1235
1236 1237
1236 1238
1236 764
1236 735
1237 1236
1237 1197
1237 735
1238 1236
1238 764
1238 1197
1239 744
1239 1012
1239 1240
1240 744
1240 1012
1240 725
1240 1239
1240 1241
1240 1242
1241 744
1241 725
1241 1240
1242 1240
1242 1012
1242 725
1243 1244
1243 1012
1243 725
1244 753
1244 1012
1244 725
1244 1243
1244 1245
1244 1246
1245 753
1245 1244
1245 725
1246 753
1246 1244
1246 1012
1247 1248
1247 994
1247 509
1248 1249
1248 994
1248 1250
1248 777
1248 509
1248 1247
1249 1248
1249 777
1249 509
1250 1248
1250 777
1250 994
1251 777
1251 994
1251 1252
1252 994
1252 1251
1252 1253
1252 1254
1252 777
1252 784
1253 784
1253 777
1253 1252
1254 784
1254 994
1254 1252
1255 120
1255 777
1255 1256
1256 1255
1256 777
1256 1257
1256 1258
1256 821
1256 120
1257 120
1257 1256
1257 821
1258 1256
1258 777
1258 821
1259 785
1259 1260
1259 821
1260 777
1260 1259
1260 1261
1260 1262
1260 785
1260 821
1261 785
1261 1260
1261 777
1262 777
1262 1260
1262 821
1263 784
1263 785
1263 1264
1264 777
1264 1263
1264 784
1264 785
1264 1265
1264 1266
1265 784
1265 777
1265 1264
1266 1264
1266 777
1266 785
1267 792
1267 785
1267 1268
1268 785
1268 1267
1268 821
1268 1269
1268 1270
1268 792
1269 785
1269 1268
1269 821
1270 792
1270 1268
1270 821
1271 816
1271 1272
1271 821
1272 816
1272 821
1272 1271
1272 792
1272 1273
1272 1274
1273 816
1273 792
1273 1272
1274 792
1274 1272
1274 821
1275 792
1275 795
1275 1276
1276 550
1276 1275
1276 792
1276 795
1276 1277
1276 1278
1277 795
1277 1276
1277 550
1278 792
1278 1276
1278 550
1279 792
1279 1280
1279 795
1280 1281
1280 1282
1280 816
1280 792
1280 795
1280 1279
1281 792
1281 1280
1281 816
1282 816
1282 1280
1282 795
1283 795
1283 1284
1283 798
1284 1283
1284 1285
1284 1286
1284 1287
1284 795
1284 798
1285 1284
1285 4
1285 1286
1285 1287
1285 1288
1285 1289
1285 1291
1285 1293
1285 1294
1285 1295
1285 1296
1285 1297
1285 1299
1285 795
1285 798
1285 801
1285 547
1285 816
1285 330
1285 1489
1285 1490
1285 1491
1285 1493
1285 1494
1285 1496
1285 1497
1285 1498
1285 1500
1286 795
1286 1284
1286 1285
1287 1284
1287 1285
1287 798
1288 1289
1288 795
1288 1285
1289 1285
1289 1288
1289 1290
1289 1291
1289 816
1289 795
1290 816
1290 1289
1290 795
1291 816
1291 1289
1291 1285
1292 816
1292 801
1292 1293
1293 801
1293 1285
1293 1292
1293 1294
1293 1295
1293 816
1294 801
1294 1293
1294 1285
1295 816
1295 1293
1295 1285
1296 801
1296 1285
1296 1297
1297 801
1297 1285
1297 330
1297 1296
1297 1298
1297 1299
1298 801
1298 330
1298 1297
1299 1297
1299 330
1299 1285
1300 1301
1300 333
1300 821
1301 333
1301 816
1301 1300
1301 821
1301 1302
1301 1303
1302 816
1302 1301
1302 333
1303 816
1303 1301
1303 821
1304 1305
1304 338
1304 355
1305 355
1305 338
1305 343
1305 1304
1305 1306
1305 1307
1306 1305
1306 338
1306 343
1307 1305
1307 355
1307 343
1308 352
1308 355
1308 1309
1309 352
1309 355
1309 857
1309 1308
1309 1310
1309 1311
1310 352
1310 857
1310 1309
1311 857
1311 355
1311 1309
1312 857
1312 355
1312 1313
1313 1312
1313 1314
1313 355
1313 1315
1313 841
1313 857
1314 841
1314 857
1314 1313
1315 841
1315 355
1315 1313
1316 841
1316 355
1316 1317
1317 355
1317 1316
1317 1318
1317 1319
1317 841
1317 824
1318 824
1318 841
1318 1317
1319 824
1319 355
1319 1317
1320 824
1320 1321
1320 338
1321 355
1321 1320
1321 1322
1321 1323
1321 338
1321 824
1322 1321
1322 338
1322 355
1323 824
1323 1321
1323 355
1324 369
1324 1325
1324 1015
1325 1324
1325 1326
1325 1327
1325 369
1325 1015
1325 824
1326 824
1326 369
1326 1325
1327 824
1327 1325
1327 1015
1328 824
1328 1329
1328 1015
1329 1328
1329 1330
1329 1331
1329 1015
1329 824
1329 829
1330 824
1330 1329
1330 829
1331 1329
1331 829
1331 1015
1332 832
1332 841
1332 1333
1333 832
1333 841
1333 1332
1333 1334
1333 1335
1333 824
1334 832
1334 824
1334 1333
1335 824
1335 841
1335 1333
1336 841
1336 844
1336 1337
1337 740
1337 841
1337 844
1337 1336
1337 1338
1337 1339
1338 1337
1338 844
1338 740
1339 841
1339 740
1339 1337
1340 857
1340 841
1340 1341
1341 841
1341 844
1341 857
1341 1340
1341 1342
1341 1343
1342 857
1342 844
1342 1341
1343 841
1343 844
1343 1341
1344 1345
1344 844
1344 847
1345 1344
1345 1346
1345 1347
1345 844
1345 847
1345 857
1346 1345
1346 857
1346 844
1347 1345
1347 857
1347 847
1348 1349
1348 1078
1348 847
1349 1348
1349 1350
1349 1351
1349 847
1349 1078
1349 857
1350 857
1350 1349
1350 847
1351 857
1351 1349
1351 1078
1352 1353
1352 857
1352 852
1353 1352
1353 1354
1353 1355
1353 852
1353 1078
1353 857
1354 1353
1354 852
1354 1078
1355 1353
1355 857
1355 1078
1356 852
1356 1357
1356 1078
1357 1356
1357 1358
1357 1359
1357 852
1357 1078
1357 378
1358 378
1358 852
1358 1357
1359 378
1359 1357
1359 1078
1360 388
1360 913
1360 1432
1360 1565
1360 1566
1360 1567
1360 415
1360 1570
1360 1571
1360 1572
1360 1574
1360 1575
1360 1576
1360 1361
1360 1362
1360 1364
1360 473
1360 1369
1360 1371
1360 1372
1360 1373
1360 1390
1360 1391
1360 1393
1361 1360
1361 1362
1361 388
1362 388
1362 1360
1362 1361
1362 1363
1362 1364
1362 415
1363 1362
1363 388
1363 415
1364 1360
1364 1362
1364 415
1365 1366
1365 894
1365 887
1366 1368
1366 887
1366 1365
1366 1367
1366 632
1366 894
1367 632
1367 1366
1367 887
1368 632
1368 1366
1368 894
1369 388
1369 901
1369 905
1369 908
1369 913
1369 1360
1369 1370
1369 1371
1369 1373
1369 1375
1369 1376
1369 1377
1369 1378
1369 1379
1369 1380
1369 1383
1369 1384
1369 1385
1369 1386
1369 1387
1369 1389
1369 1391
1369 1392
1369 1393
1370 1369
1370 1371
1370 388
1371 388
1371 1360
1371 1369
1371 1370
1371 1372
1371 1373
1372 1360
1372 1371
1372 388
1373 1360
1373 1369
1373 1371
1374 388
1374 901
1374 1375
1375 1376
1375 1377
1375 388
1375 901
1375 1369
1375 1374
1376 1369
1376 388
1376 1375
1377 1369
1377 901
1377 1375
1378 1369
1378 1379
1378 901
1379 1378
1379 1380
1379 901
1379 1381
1379 905
1379 1369
1380 1369
1380 905
1380 1379
1381 905
1381 1379
1381 901
1382 905
1382 908
1382 1383
1383 1382
1383 1384
1383 905
1383 1385
1383 908
1383 1369
1384 1369
1384 905
1384 1383
1385 1369
1385 908
1385 1383
1386 1369
1386 913
1386 1387
1387 1386
1387 1388
1387 908
1387 1389
1387 913
1387 1369
1388 913
1388 1387
1388 908
1389 1369
1389 1387
1389 908
1390 1360
1390 913
1390 1391
1391 1390
1391 1360
1391 913
1391 1392
1391 1393
1391 1369
1392 1369
1392 913
1392 1391
1393 1360
1393 1369
1393 1391
1394 1395
1394 916
1394 919
1395 1394
1395 1396
1395 916
1395 1397
1395 919
1395 1398
1396 916
1396 919
1396 922
1396 925
1396 1455
1396 1456
1396 1458
1396 1459
1396 1461
1396 1462
1396 1463
1396 1464
1396 1465
1396 1467
1396 961
1396 1395
1396 1397
1396 1398
1396 1399
1396 1400
1396 1401
1396 1404
1396 1405
1396 1406
1397 1396
1397 1395
1397 916
1398 1395
1398 1396
1398 919
1399 1400
1399 1396
1399 925
1400 916
1400 1396
1400 1399
1400 1401
1400 1402
1400 925
1401 1400
1401 916
1401 1396
1402 1400
1402 916
1402 925
1403 922
1403 1404
1403 925
1404 925
1404 1396
1404 922
1404 1403
1404 1405
1404 1406
1405 1404
1405 922
1405 1396
1406 1404
1406 1396
1406 925
1407 1408
1407 86
1407 470
1408 1409
1408 1410
1408 457
1408 470
1408 86
1408 1407
1409 1408
1409 457
1409 86
1410 1408
1410 457
1410 470
1411 1412
1411 1413
1411 1415
1411 1416
1411 1417
1411 1419
1411 1420
1411 1421
1411 1422
1411 1423
1411 1425
1411 1426
1411 1427
1411 1428
1411 1430
1411 1431
1411 1432
1411 1433
1411 1436
1411 1437
1411 1438
1411 470
1411 473
1411 476
1412 473
1412 1411
1412 1413
1413 1411
1413 1412
1413 1414
1413 1415
1413 470
1413 473
1414 473
1414 1413
1414 470
1415 1411
1415 1413
1415 470
1416 1417
1416 1411
1416 470
1417 1411
1417 1416
1417 1418
1417 1419
1417 470
1417 476
1418 1417
1418 476
1418 470
1419 1417
1419 1411
1419 476
1420 385
1420 1411
1420 901
1420 1421
1420 1422
1420 1424
1420 1425
1420 1427
1420 1428
1420 1429
1420 1443
1420 1444
1420 1446
1420 1589
1420 1590
1420 1591
1420 1593
1420 1594
1420 956
1420 1596
1420 1597
1420 1598
1420 1600
1420 476
1421 1411
1421 1420
1421 1422
1422 1411
1422 1420
1422 1421
1422 1423
1422 1424
1422 476
1423 1411
1423 476
1423 1422
1424 1420
1424 476
1424 1422
1425 1411
1425 1420
1425 1426
1425 1427
1425 1429
1425 1432
1425 1435
1425 1436
1425 1438
1425 1439
1425 1440
1425 1441
1425 1444
1425 1445
1425 1446
1425 1447
1425 1448
1425 1450
1425 1452
1425 1453
1425 1454
1425 948
1425 951
1425 956
1426 1425
1426 1411
1426 1427
1427 1411
1427 1420
1427 1425
1427 1426
1427 1428
1427 1429
1428 1411
1428 1420
1428 1427
1429 1425
1429 1427
1429 1420
1430 473
1430 1411
1430 1431
1431 1411
1431 1433
1431 1430
1431 1432
1431 473
1431 1434
1432 1411
1432 1425
1432 913
1432 1431
1432 1433
1432 1434
1432 1435
1432 1436
1432 1437
1432 1439
1432 1440
1432 1569
1432 1442
1432 1570
1432 1571
1432 1573
1432 1574
1432 1576
1432 1577
1432 1578
1432 1580
1432 948
1432 1360
1432 473
1433 1432
1433 1411
1433 1431
1434 1432
1434 473
1434 1431
1435 1432
1435 1425
1435 1436
1436 1411
1436 1425
1436 1432
1436 1435
1436 1437
1436 1438
1437 1432
1437 1411
1437 1436
1438 1425
1438 1411
1438 1436
1439 1432
1439 1425
1439 1440
1440 1441
1440 1442
1440 1425
1440 948
1440 1432
1440 1439
1441 1440
1441 1425
1441 948
1442 1432
1442 948
1442 1440
1443 956
1443 1420
1443 1444
1444 1443
1444 1445
1444 1446
1444 1420
1444 1425
1444 956
1445 1425
1445 1444
1445 956
1446 1425
1446 1444
1446 1420
1447 1448
1447 1425
1447 956
1448 1447
1448 1449
1448 1450
1448 1425
1448 951
1448 956
1449 1448
1449 956
1449 951
1450 1448
1450 1425
1450 951
1451 1452
1451 948
1451 951
1452 1451
1452 1453
1452 1454
1452 1425
1452 948
1452 951
1453 1425
1453 1452
1453 948
1454 1425
1454 1452
1454 951
1455 1456
1455 961
1455 1396
1456 961
1456 1455
1456 1457
1456 1458
1456 1396
1456 919
1457 1456
1457 961
1457 919
1458 1456
1458 1396
1458 919
1459 1537
1459 1538
1459 1156
1459 1540
1459 1541
1459 1542
1459 1544
1459 922
1459 1460
1459 1461
1459 1463
1459 1465
1459 1466
1459 1467
1459 1468
1459 1469
1459 1470
1459 1472
1459 961
1459 66
1459 1396
1459 1533
1459 1534
1459 1535
1460 961
1460 1459
1460 1461
1461 961
1461 1459
1461 1396
1461 1460
1461 1462
1461 1463
1462 961
1462 1396
1462 1461
1463 1459
1463 1396
1463 1461
1464 1465
1464 922
1464 1396
1465 1459
1465 1396
1465 1464
1465 1466
1465 1467
1465 922
1466 1465
1466 922
1466 1459
1467 1465
1467 1459
1467 1396
1468 922
1468 1459
1468 1469
1469 1472
1469 1459
1469 922
1469 1468
1469 1470
1469 1471
1470 1541
1470 1542
1470 1543
1470 1545
1470 1546
1470 1548
1470 1549
1470 1550
1470 1552
1470 922
1470 420
1470 1459
1470 59
1470 1469
1470 1471
1470 1472
1470 1474
1470 1475
1470 1476
1470 1477
1470 1478
1470 66
1470 1480
1470 73
1471 922
1471 1469
1471 1470
1472 1459
1472 1469
1472 1470
1473 1474
1473 922
1473 420
1474 1473
1474 1475
1474 420
1474 1476
1474 922
1474 1470
1475 1474
1475 420
1475 1470
1476 1474
1476 922
1476 1470
1477 420
1477 1478
1477 1470
1478 420
1478 1477
1478 1479
1478 1480
1478 73
1478 1470
1479 73
1479 420
1479 1478
1480 73
1480 1478
1480 1470
1481 432
1481 1482
1481 420
1482 420
1482 1481
1482 73
1482 1483
1482 1484
1482 432
1483 432
1483 73
1483 1482
1484 73
1484 1482
1484 420
1485 547
1485 1486
1485 798
1486 547
1486 970
1486 1485
1486 1487
1486 1488
1486 798
1487 970
1487 547
1487 1486
1488 970
1488 1486
1488 798
1489 1490
1489 1285
1489 798
1490 547
1490 1285
1490 1489
1490 1491
1490 1492
1490 798
1491 1490
1491 547
1491 1285
1492 1490
1492 547
1492 798
1493 4
1493 1285
1493 1494
1494 547
1494 4
1494 1285
1494 1493
1494 1495
1494 1496
1495 547
1495 4
1495 1494
1496 547
1496 1285
1496 1494
1497 1498
1497 330
1497 1285
1498 4
1498 1285
1498 330
1498 1497
1498 1499
1498 1500
1499 1498
1499 330
1499 4
1500 1498
1500 4
1500 1285
1501 650
1501 925
1501 1502
1502 1504
1502 650
1502 925
1502 981
1502 1501
1502 1503
1503 650
1503 981
1503 1502
1504 1502
1504 981
1504 925
1505 1506
1505 916
1505 925
1506 1505
1506 1507
1506 1508
1506 650
1506 916
1506 925
1507 650
1507 916
1507 1506
1508 650
1508 1506
1508 925
1509 641
1509 916
1509 1510
1510 641
1510 1509
1510 1511
1510 1512
1510 650
1510 916
1511 641
1511 650
1511 1510
1512 650
1512 916
1512 1510
1513 784
1513 994
1513 1514
1514 994
1514 1513
1514 1515
1514 1516
1514 784
1514 565
1515 784
1515 1514
1515 565
1516 994
1516 1514
1516 565
1517 994
1517 565
1517 1518
1518 994
1518 997
1518 1517
1518 1519
1518 1520
1518 565
1519 997
1519 565
1519 1518
1520 994
1520 997
1520 1518
1521 753
1521 1522
1521 1012
1522 753
1522 1521
1522 1523
1522 1012
1522 369
1522 1524
1523 753
1523 1522
1523 369
1524 369
1524 1522
1524 1012
1525 369
1525 1012
1525 1526
1526 369
1526 1015
1526 1012
1526 1525
1526 1527
1526 1528
1527 369
1527 1526
1527 1015
1528 1012
1528 1526
1528 1015
1529 961
1529 1530
1529 1156
1530 961
1530 642
1530 1156
1530 1529
1530 1531
1530 1532
1531 642
1531 1156
1531 1530
1532 961
1532 642
1532 1530
1533 961
1533 1459
1533 1534
1534 1536
1534 961
1534 1156
1534 1459
1534 1533
1534 1535
1535 1459
1535 1156
1535 1534
1536 961
1536 1156
1536 1534
1537 1538
1537 66
1537 1459
1538 1537
1538 66
1538 1539
1538 1156
1538 1540
1538 1459
1539 66
1539 1538
1539 1156
1540 1538
1540 1459
1540 1156
1541 1459
1541 1470
1541 1542
1542 66
1542 1541
1542 1543
1542 1544
1542 1459
1542 1470
1543 66
1543 1470
1543 1542
1544 66
1544 1459
1544 1542
1545 1546
1545 59
1545 1470
1546 66
1546 1545
1546 1547
1546 1548
1546 59
1546 1470
1547 1546
1547 66
1547 59
1548 66
1548 1546
1548 1470
1549 73
1549 1470
1549 1550
1550 73
1550 1549
1550 1551
1550 1552
1550 59
1550 1470
1551 73
1551 59
1551 1550
1552 59
1552 1470
1552 1550
1553 1554
1553 635
1553 684
1554 684
1554 1553
1554 1555
1554 1556
1554 635
1554 638
1555 1554
1555 635
1555 638
1556 1554
1556 684
1556 638
1557 693
1557 1558
1557 887
1558 887
1558 693
1558 1557
1558 1559
1558 1560
1558 894
1559 1558
1559 894
1559 887
1560 693
1560 894
1560 1558
1561 696
1561 1562
1561 693
1562 693
1562 887
1562 696
1562 1561
1562 1563
1562 1564
1563 696
1563 1562
1563 887
1564 1562
1564 693
1564 887
1565 1360
1565 473
1565 1566
1566 1568
1566 415
1566 1360
1566 473
1566 1565
1566 1567
1567 1360
1567 1566
1567 415
1568 473
1568 1566
1568 415
1569 1432
1569 473
1569 1570
1570 1569
1570 1571
1570 1572
1570 1360
1570 1432
1570 473
1571 1432
1571 1570
1571 1360
1572 1360
1572 473
1572 1570
1573 1432
1573 913
1573 1574
1574 1573
1574 1575
1574 1576
1574 1360
1574 913
1574 1432
1575 1360
1575 913
1575 1574
1576 1360
1576 1432
1576 1574
1577 1432
1577 1578
1577 948
1578 1577
1578 1579
1578 1580
1578 913
1578 948
1578 1432
1579 913
1579 1578
1579 948
1580 1432
1580 913
1580 1578
1581 904
1581 948
1581 1582
1582 904
1582 1581
1582 1583
1582 1584
1582 913
1582 948
1583 904
1583 913
1583 1582
1584 913
1584 948
1584 1582
1585 1586
1585 956
1585 901
1586 901
1586 905
1586 1585
1586 1587
1586 1588
1586 956
1587 905
1587 1586
1587 901
1588 905
1588 1586
1588 956
1589 1420
1589 956
1589 1590
1590 901
1590 1420
1590 1589
1590 1591
1590 1592
1590 956
1591 1420
1591 901
1591 1590
1592 956
1592 901
1592 1590
1593 385
1593 1594
1593 1420
1594 385
1594 901
1594 1420
1594 1593
1594 1595
1594 1596
1595 385
1595 1594
1595 901
1596 1594
1596 1420
1596 901
1597 476
1597 1420
1597 1598
1598 1600
1598 385
1598 1420
1598 476
1598 1597
1598 1599
1599 385
1599 476
1599 1598
1600 385
1600 1420
1600 1598
1601 1602
1601 764
1601 847
1602 1601
1602 1603
1602 1604
1602 847
1602 1078
1602 764
1603 1602
1603 1078
1603 847
1604 1602
1604 764
1604 1078
1605 1606
1605 764
1605 1222
1606 1605
1606 1222
1606 1607
1606 1608
1606 847
1606 764
1607 1606
1607 1222
1607 847
1608 764
1608 1606
1608 847
1609 1610
1609 740
1609 1222
1610 740
1610 1222
1610 1609
1610 1611
1610 1612
1610 847
1611 1610
1611 740
1611 847
1612 1610
1612 1222
1612 847
1613 1665
1613 1674
1613 1675
1613 1676
1613 1678
1613 1679
1613 1680
1613 1682
1613 1683
1613 1684
1613 1686
1613 1614
1613 1615
1613 1616
1613 1617
1613 1619
1613 1650
1613 1652
1613 1653
1613 1654
1614 1665
1614 1670
1614 1671
1614 1673
1614 1674
1614 1675
1614 1677
1614 1613
1614 1615
1614 1616
1614 1617
1614 1618
1614 1620
1614 1622
1614 1623
1614 1624
1614 1625
1614 1626
1614 1627
1614 1628
1615 1616
1615 1613
1615 1614
1616 1613
1616 1614
1616 1615
1616 1617
1616 1618
1616 1619
1617 1692
1617 1697
1617 1698
1617 1700
1617 1701
1617 1702
1617 1704
1617 1613
1617 1614
1617 1616
1617 1618
1617 1619
1617 1620
1617 1621
1617 1622
1617 1623
1617 1650
1617 1651
1617 1652
1617 1654
1618 1616
1618 1617
1618 1614
1619 1616
1619 1617
1619 1613
1620 1692
1620 1701
1620 1702
1620 1703
1620 1705
1620 1706
1620 1707
1620 1709
1620 1710
1620 1711
1620 1712
1620 1714
1620 1716
1620 1717
1620 1718
1620 1614
1620 1617
1620 1621
1620 1622
1620 1624
1620 1625
1620 1626
1620 1627
1620 1629
1620 1630
1620 1632
1620 1633
1620 1634
1620 1635
1620 1637
1620 1638
1620 1639
1620 1640
1620 1641
1620 1642
1620 1644
1621 1617
1621 1620
1621 1622
1622 1614
1622 1617
1622 1620
1622 1621
1622 1623
1622 1624
1623 1617
1623 1614
1623 1622
1624 1622
1624 1620
1624 1614
1625 1626
1625 1620
1625 1614
1626 1614
1626 1620
1626 1625
1626 1627
1626 1628
1626 1629
1627 1665
1627 1666
1627 1667
1627 1669
1627 1671
1627 1672
1627 1673
1627 1614
1627 1620
1627 1626
1627 1628
1627 1629
1627 1630
1627 1631
1627 1632
1627 1634
1627 1655
1627 1656
1627 1657
1627 1658
1627 1660
1627 1661
1627 1662
1627 1663
1628 1626
1628 1627
1628 1614
1629 1626
1629 1627
1629 1620
1630 1664
1630 1828
1630 1829
1630 1830
1630 1832
1630 1833
1630 1835
1630 1620
1630 1627
1630 1631
1630 1632
1630 1633
1630 1635
1630 1636
1630 1637
1630 1639
1630 1769
1630 1658
1630 1661
1630 1662
1631 1632
1631 1627
1631 1630
1632 1633
1632 1634
1632 1620
1632 1627
1632 1630
1632 1631
1633 1632
1633 1620
1633 1630
1634 1632
1634 1627
1634 1620
1635 1824
1635 1825
1635 1827
1635 1828
1635 1829
1635 1831
1635 1620
1635 1630
1635 1636
1635 1637
1635 1638
1635 1640
1635 1641
1635 1642
1635 1643
1635 1769
1635 1645
1635 1646
1635 1647
1635 1648
1636 1635
1636 1637
1636 1630
1637 1635
1637 1636
1637 1638
1637 1639
1637 1620
1637 1630
1638 1635
1638 1620
1638 1637
1639 1620
1639 1637
1639 1630
1640 1641
1640 1635
1640 1620
1641 1635
1641 1640
1641 1642
1641 1643
1641 1644
1641 1620
1642 1710
1642 1842
1642 1715
1642 1716
1642 1718
1642 1719
1642 1721
1642 1722
1642 1723
1642 1873
1642 1874
1642 1620
1642 1876
1642 1878
1642 1879
1642 1880
1642 1635
1642 1641
1642 1643
1642 1644
1642 1645
1642 1646
1642 1647
1642 1649
1643 1641
1643 1642
1643 1635
1644 1641
1644 1642
1644 1620
1645 1642
1645 1635
1645 1646
1646 1635
1646 1642
1646 1645
1646 1647
1646 1648
1646 1649
1647 1820
1647 1821
1647 1823
1647 1825
1647 1826
1647 1827
1647 1837
1647 1838
1647 1839
1647 1840
1647 1841
1647 1842
1647 1844
1647 1877
1647 1878
1647 1880
1647 1635
1647 1769
1647 1642
1647 1646
1647 1648
1647 1649
1647 1778
1647 1783
1648 1635
1648 1646
1648 1647
1649 1642
1649 1646
1649 1647
1650 1678
1650 1683
1650 1684
1650 1685
1650 1687
1650 1688
1650 1689
1650 1691
1650 1692
1650 1693
1650 1694
1650 1696
1650 1698
1650 1699
1650 1700
1650 1613
1650 1617
1650 1651
1650 1652
1650 1653
1651 1617
1651 1650
1651 1652
1652 1613
1652 1617
1652 1650
1652 1651
1652 1653
1652 1654
1653 1650
1653 1652
1653 1613
1654 1617
1654 1652
1654 1613
1655 1665
1655 1667
1655 1668
1655 1669
1655 1692
1655 1705
1655 1754
1655 1627
1655 1756
1655 1757
1655 1758
1655 1759
1655 1755
1655 1765
1655 1766
1655 1768
1655 1656
1655 1657
1655 1658
1655 1659
1656 1657
1656 1627
1656 1655
1657 1627
1657 1655
1657 1656
1657 1658
1657 1659
1657 1660
1658 1664
1658 1832
1658 1705
1658 1833
1658 1834
1658 1627
1658 1630
1658 1766
1658 1767
1658 1768
1658 1769
1658 1770
1658 1771
1658 1772
1658 1655
1658 1657
1658 1659
1658 1660
1658 1662
1658 1663
1659 1657
1659 1658
1659 1655
1660 1657
1660 1658
1660 1627
1661 1662
1661 1627
1661 1630
1662 1664
1662 1658
1662 1627
1662 1661
1662 1630
1662 1663
1663 1658
1663 1627
1663 1662
1664 1658
1664 1662
1664 1630
1665 1666
1665 1667
1665 1668
1665 1670
1665 1671
1665 1672
1665 1675
1665 1676
1665 1677
1665 1678
1665 1680
1665 1681
1665 1682
1665 1692
1665 1613
1665 1614
1665 1749
1665 1750
1665 1752
1665 1753
1665 1754
1665 1627
1665 1756
1665 1655
1666 1665
1666 1627
1666 1667
1667 1665
1667 1666
1667 1668
1667 1669
1667 1655
1667 1627
1668 1665
1668 1667
1668 1655
1669 1627
1669 1667
1669 1655
1670 1665
1670 1614
1670 1671
1671 1665
1671 1670
1671 1672
1671 1673
1671 1614
1671 1627
1672 1665
1672 1627
1672 1671
1673 1627
1673 1614
1673 1671
1674 1675
1674 1613
1674 1614
1675 1665
1675 1674
1675 1676
1675 1613
1675 1614
1675 1677
1676 1665
1676 1675
1676 1613
1677 1665
1677 1675
1677 1614
1678 1665
1678 1679
1678 1680
1678 1681
1678 1684
1678 1685
1678 1686
1678 1687
1678 1689
1678 1690
1678 1691
1678 1692
1678 1613
1678 1749
1678 1750
1678 1751
1678 1761
1678 1762
1678 1764
1678 1650
1679 1680
1679 1613
1679 1678
1680 1665
1680 1613
1680 1678
1680 1679
1680 1681
1680 1682
1681 1680
1681 1665
1681 1678
1682 1680
1682 1665
1682 1613
1683 1650
1683 1684
1683 1613
1684 1613
1684 1678
1684 1650
1684 1683
1684 1685
1684 1686
1685 1650
1685 1684
1685 1678
1686 1684
1686 1613
1686 1678
1687 1696
1687 1761
1687 1762
1687 1763
1687 1678
1687 1650
1687 1688
1687 1689
1687 1690
1687 1692
1687 1694
1687 1695
1688 1689
1688 1650
1688 1687
1689 1678
1689 1650
1689 1687
1689 1688
1689 1690
1689 1691
1690 1689
1690 1678
1690 1687
1691 1689
1691 1650
1691 1678
1692 1665
1692 1678
1692 1687
1692 1693
1692 1694
1692 1695
1692 1697
1692 1698
1692 1699
1692 1702
1692 1703
1692 1704
1692 1705
1692 1707
1692 1708
1692 1709
1692 1617
1692 1620
1692 1750
1692 1751
1692 1752
1692 1753
1692 1754
1692 1755
1692 1758
1692 1759
1692 1760
1692 1762
1692 1763
1692 1764
1692 1650
1692 1655
1693 1650
1693 1692
1693 1694
1694 1696
1694 1650
1694 1687
1694 1692
1694 1693
1694 1695
1695 1692
1695 1694
1695 1687
1696 1650
1696 1694
1696 1687
1697 1617
1697 1698
1697 1692
1698 1697
1698 1699
1698 1700
1698 1617
1698 1650
1698 1692
1699 1698
1699 1650
1699 1692
1700 1698
1700 1617
1700 1650
1701 1617
1701 1620
1701 1702
1702 1701
1702 1703
1702 1704
1702 1617
1702 1620
1702 1692
1703 1692
1703 1620
1703 1702
1704 1617
1704 1692
1704 1702
1705 1692
1705 1706
1705 1707
1705 1708
1705 1710
1705 1712
1705 1713
1705 1714
1705 1620
1705 1757
1705 1758
1705 1760
1705 1765
1705 1766
1705 1767
1705 1769
1705 1771
1705 1772
1705 1773
1705 1774
1705 1775
1705 1777
1705 1655
1705 1658
1706 1705
1706 1707
1706 1620
1707 1705
1707 1706
1707 1708
1707 1709
1707 1620
1707 1692
1708 1705
1708 1707
1708 1692
1709 1707
1709 1692
1709 1620
1710 1705
1710 1711
1710 1712
1710 1713
1710 1715
1710 1716
1710 1717
1710 1719
1710 1720
1710 1721
1710 1722
1710 1724
1710 1725
1710 1726
1710 1727
1710 1620
1710 1769
1710 1642
1710 1774
1710 1775
1710 1776
1710 1778
1710 1780
1710 1781
1710 1782
1710 1783
1710 1784
1710 1785
1710 1787
1710 1788
1710 1789
1710 1790
1711 1712
1711 1620
1711 1710
1712 1705
1712 1710
1712 1711
1712 1713
1712 1714
1712 1620
1713 1712
1713 1705
1713 1710
1714 1712
1714 1705
1714 1620
1715 1642
1715 1716
1715 1710
1716 1642
1716 1710
1716 1715
1716 1620
1716 1717
1716 1718
1717 1716
1717 1620
1717 1710
1718 1642
1718 1620
1718 1716
1719 1710
1719 1842
1719 1845
1719 1720
1719 1721
1719 1723
1719 1724
1719 1726
1719 1727
1719 1728
1719 1729
1719 1854
1719 1731
1719 1732
1719 1733
1719 1734
1719 1735
1719 1736
1719 1737
1719 1862
1719 1861
1719 1863
1719 1867
1719 1866
1719 1864
1719 1868
1719 1869
1719 1870
1719 1872
1719 1875
1719 1874
1719 1876
1719 1881
1719 1882
1719 1884
1719 1642
1720 1721
1720 1710
1720 1719
1721 1642
1721 1710
1721 1719
1721 1720
1721 1722
1721 1723
1722 1721
1722 1642
1722 1710
1723 1721
1723 1642
1723 1719
1724 1792
1724 1793
1724 1794
1724 1796
1724 1797
1724 1798
1724 1799
1724 1800
1724 1803
1724 1804
1724 1805
1724 1710
1724 1719
1724 1725
1724 1726
1724 1728
1724 1729
1724 1730
1724 1731
1724 1732
1724 1783
1724 1789
1724 1790
1724 1791
1725 1724
1725 1710
1725 1726
1726 1728
1726 1710
1726 1719
1726 1724
1726 1725
1726 1727
1727 1726
1727 1710
1727 1719
1728 1724
1728 1726
1728 1719
1729 1799
1729 1802
1729 1803
1729 1805
1729 1806
1729 1807
1729 1808
1729 1809
1729 1811
1729 1812
1729 1813
1729 1815
1729 1816
1729 1817
1729 1819
1729 1719
1729 1724
1729 1730
1729 1731
1729 1733
1729 1734
1729 1735
1729 1736
1729 1738
1729 1739
1729 1740
1729 1741
1729 1742
1729 1744
1729 1745
1729 1746
1729 1747
1730 1729
1730 1731
1730 1724
1731 1729
1731 1730
1731 1732
1731 1733
1731 1719
1731 1724
1732 1731
1732 1724
1732 1719
1733 1729
1733 1731
1733 1719
1734 1729
1734 1735
1734 1719
1735 1729
1735 1734
1735 1736
1735 1737
1735 1738
1735 1719
1736 1719
1736 1854
1736 1855
1736 1856
1736 1729
1736 1857
1736 1859
1736 1860
1736 1861
1736 1862
1736 1735
1736 1737
1736 1738
1736 1739
1736 1741
1736 1742
1736 1743
1736 1886
1736 1887
1736 1888
1737 1736
1737 1735
1737 1719
1738 1736
1738 1729
1738 1735
1739 1920
1739 1811
1739 1729
1739 1857
1739 1736
1739 1740
1739 1741
1739 1743
1739 1744
1739 1746
1739 1747
1739 1748
1739 1885
1739 1886
1739 1887
1739 1913
1739 1914
1739 1915
1739 1918
1739 1919
1740 1729
1740 1739
1740 1741
1741 1729
1741 1736
1741 1739
1741 1740
1741 1742
1741 1743
1742 1736
1742 1729
1742 1741
1743 1736
1743 1739
1743 1741
1744 1729
1744 1739
1744 1745
1744 1746
1744 1811
1744 1748
1744 1816
1744 1817
1744 1818
1744 1917
1744 1918
1744 1919
1745 1744
1745 1729
1745 1746
1746 1729
1746 1739
1746 1744
1746 1745
1746 1747
1746 1748
1747 1729
1747 1746
1747 1739
1748 1744
1748 1746
1748 1739
1749 1665
1749 1750
1749 1678
1750 1665
1750 1678
1750 1749
1750 1751
1750 1752
1750 1692
1751 1692
1751 1750
1751 1678
1752 1665
1752 1692
1752 1750
1753 1665
1753 1754
1753 1692
1754 1665
1754 1756
1754 1655
1754 1753
1754 1755
1754 1692
1755 1754
1755 1692
1755 1655
1756 1665
1756 1754
1756 1655
1757 1705
1757 1758
1757 1655
1758 1760
1758 1705
1758 1655
1758 1692
1758 1757
1758 1759
1759 1692
1759 1758
1759 1655
1760 1705
1760 1692
1760 1758
1761 1762
1761 1678
1761 1687
1762 1761
1762 1763
1762 1764
1762 1678
1762 1687
1762 1692
1763 1762
1763 1692
1763 1687
1764 1762
1764 1692
1764 1678
1765 1705
1765 1766
1765 1655
1766 1765
1766 1767
1766 1768
1766 1705
1766 1655
1766 1658
1767 1705
1767 1658
1767 1766
1768 1658
1768 1766
1768 1655
1769 1820
1769 1821
1769 1822
1769 1824
1769 1825
1769 1826
1769 1829
1769 1830
1769 1831
1769 1705
1769 1834
1769 1833
1769 1835
1769 1710
1769 1630
1769 1635
1769 1770
1769 1771
1769 1773
1769 1775
1769 1776
1769 1777
1769 1778
1769 1779
1769 1780
1769 1781
1769 1647
1769 1658
1770 1769
1770 1658
1770 1771
1771 1769
1771 1705
1771 1770
1771 1772
1771 1773
1771 1658
1772 1705
1772 1658
1772 1771
1773 1705
1773 1771
1773 1769
1774 1705
1774 1710
1774 1775
1775 1705
1775 1769
1775 1774
1775 1710
1775 1776
1775 1777
1776 1769
1776 1710
1776 1775
1777 1769
1777 1705
1777 1775
1778 1769
1778 1836
1778 1837
1778 1710
1778 1647
1778 1839
1778 1779
1778 1780
1778 1782
1778 1783
1778 1785
1778 1786
1778 1787
1778 1821
1778 1822
1778 1823
1779 1769
1779 1778
1779 1780
1780 1769
1780 1710
1780 1778
1780 1779
1780 1781
1780 1782
1781 1769
1781 1780
1781 1710
1782 1778
1782 1780
1782 1710
1783 1792
1783 1794
1783 1795
1783 1796
1783 1836
1783 1837
1783 1710
1783 1838
1783 1840
1783 1841
1783 1842
1783 1843
1783 1845
1783 1846
1783 1847
1783 1849
1783 1850
1783 1851
1783 1724
1783 1853
1783 1647
1783 1778
1783 1784
1783 1785
1783 1786
1783 1788
1783 1789
1783 1791
1784 1785
1784 1710
1784 1783
1785 1710
1785 1778
1785 1783
1785 1784
1785 1786
1785 1787
1786 1785
1786 1778
1786 1783
1787 1785
1787 1778
1787 1710
1788 1789
1788 1710
1788 1783
1789 1788
1789 1710
1789 1783
1789 1724
1789 1790
1789 1791
1790 1724
1790 1789
1790 1710
1791 1724
1791 1789
1791 1783
1792 1793
1792 1794
1792 1795
1792 1797
1792 1798
1792 1799
1792 1801
1792 1845
1792 1850
1792 1851
1792 1852
1792 1724
1792 1864
1792 1889
1792 1890
1792 1892
1792 1893
1792 1894
1792 1896
1792 1783
1793 1792
1793 1794
1793 1724
1794 1792
1794 1793
1794 1795
1794 1796
1794 1783
1794 1724
1795 1792
1795 1794
1795 1783
1796 1794
1796 1724
1796 1783
1797 1792
1797 1724
1797 1798
1798 1792
1798 1797
1798 1799
1798 1800
1798 1801
1798 1724
1799 1792
1799 1798
1799 1800
1799 1801
1799 1802
1799 1803
1799 1804
1799 1806
1799 1807
1799 1808
1799 1810
1799 1724
1799 1729
1799 1864
1799 1889
1799 1890
1799 1891
1799 1897
1799 1898
1799 1900
1800 1724
1800 1798
1800 1799
1801 1792
1801 1798
1801 1799
1802 1729
1802 1803
1802 1799
1803 1729
1803 1799
1803 1802
1803 1804
1803 1805
1803 1724
1804 1803
1804 1724
1804 1799
1805 1729
1805 1803
1805 1724
1806 1729
1806 1807
1806 1799
1807 1729
1807 1799
1807 1806
1807 1808
1807 1809
1807 1810
1808 1799
1808 1807
1808 1809
1808 1810
1808 1811
1808 1813
1808 1814
1808 1815
1808 1854
1808 1729
1808 1857
1808 1864
1808 1897
1808 1898
1808 1899
1808 1901
1808 1902
1808 1903
1808 1905
1808 1906
1808 1908
1808 1909
1808 1910
1808 1912
1809 1808
1809 1729
1809 1807
1810 1808
1810 1807
1810 1799
1811 1920
1811 1808
1811 1812
1811 1813
1811 1814
1811 1817
1811 1818
1811 1819
1811 1729
1811 1857
1811 1739
1811 1744
1811 1909
1811 1910
1811 1911
1811 1913
1811 1914
1811 1916
1811 1917
1811 1918
1812 1729
1812 1811
1812 1813
1813 1729
1813 1808
1813 1811
1813 1812
1813 1814
1813 1815
1814 1808
1814 1811
1814 1813
1815 1808
1815 1729
1815 1813
1816 1744
1816 1729
1816 1817
1817 1729
1817 1744
1817 1811
1817 1816
1817 1818
1817 1819
1818 1744
1818 1817
1818 1811
1819 1729
1819 1811
1819 1817
1820 1769
1820 1821
1820 1647
1821 1769
1821 1647
1821 1778
1821 1820
1821 1822
1821 1823
1822 1769
1822 1778
1822 1821
1823 1778
1823 1821
1823 1647
1824 1769
1824 1635
1824 1825
1825 1824
1825 1826
1825 1635
1825 1827
1825 1769
1825 1647
1826 1769
1826 1825
1826 1647
1827 1825
1827 1635
1827 1647
1828 1635
1828 1829
1828 1630
1829 1635
1829 1828
1829 1830
1829 1831
1829 1769
1829 1630
1830 1769
1830 1829
1830 1630
1831 1769
1831 1635
1831 1829
1832 1833
1832 1658
1832 1630
1833 1832
1833 1769
1833 1834
1833 1835
1833 1658
1833 1630
1834 1769
1834 1658
1834 1833
1835 1769
1835 1630
1835 1833
1836 1778
1836 1837
1836 1783
1837 1836
1837 1838
1837 1647
1837 1839
1837 1778
1837 1783
1838 1837
1838 1647
1838 1783
1839 1778
1839 1837
1839 1647
1840 1841
1840 1783
1840 1647
1841 1647
1841 1840
1841 1842
1841 1843
1841 1844
1841 1783
1842 1841
1842 1843
1842 1844
1842 1845
1842 1719
1842 1847
1842 1848
1842 1849
1842 1873
1842 1874
1842 1875
1842 1877
1842 1878
1842 1879
1842 1881
1842 1882
1842 1883
1842 1642
1842 1647
1842 1783
1843 1841
1843 1842
1843 1783
1844 1841
1844 1842
1844 1647
1845 1792
1845 1842
1845 1846
1845 1719
1845 1847
1845 1848
1845 1851
1845 1852
1845 1853
1845 1864
1845 1869
1845 1870
1845 1871
1845 1882
1845 1883
1845 1884
1845 1894
1845 1895
1845 1896
1845 1783
1846 1847
1846 1845
1846 1783
1847 1842
1847 1845
1847 1846
1847 1783
1847 1848
1847 1849
1848 1842
1848 1845
1848 1847
1849 1842
1849 1847
1849 1783
1850 1792
1850 1851
1850 1783
1851 1792
1851 1845
1851 1783
1851 1850
1851 1852
1851 1853
1852 1792
1852 1851
1852 1845
1853 1851
1853 1845
1853 1783
1854 1808
1854 1719
1854 1855
1854 1856
1854 1857
1854 1858
1854 1860
1854 1861
1854 1863
1854 1736
1854 1864
1854 1865
1854 1866
1854 1867
1854 1902
1854 1903
1854 1904
1854 1906
1854 1907
1854 1908
1855 1736
1855 1856
1855 1854
1856 1857
1856 1858
1856 1859
1856 1736
1856 1854
1856 1855
1857 1808
1857 1811
1857 1854
1857 1856
1857 1858
1857 1859
1857 1736
1857 1739
1857 1885
1857 1886
1857 1888
1857 1905
1857 1906
1857 1907
1857 1910
1857 1911
1857 1912
1857 1914
1857 1915
1857 1916
1858 1856
1858 1857
1858 1854
1859 1736
1859 1857
1859 1856
1860 1736
1860 1861
1860 1854
1861 1860
1861 1862
1861 1863
1861 1736
1861 1719
1861 1854
1862 1736
1862 1861
1862 1719
1863 1861
1863 1854
1863 1719
1864 1792
1864 1799
1864 1808
1864 1845
1864 1719
1864 1854
1864 1865
1864 1866
1864 1868
1864 1870
1864 1871
1864 1872
1864 1890
1864 1891
1864 1892
1864 1893
1864 1894
1864 1895
1864 1898
1864 1899
1864 1900
1864 1901
1864 1902
1864 1904
1865 1864
1865 1866
1865 1854
1866 1864
1866 1865
1866 1867
1866 1868
1866 1719
1866 1854
1867 1866
1867 1854
1867 1719
1868 1864
1868 1866
1868 1719
1869 1845
1869 1870
1869 1719
1870 1864
1870 1869
1870 1871
1870 1872
1870 1845
1870 1719
1871 1864
1871 1845
1871 1870
1872 1864
1872 1870
1872 1719
1873 1642
1873 1842
1873 1874
1874 1642
1874 1873
1874 1842
1874 1875
1874 1876
1874 1719
1875 1842
1875 1874
1875 1719
1876 1642
1876 1874
1876 1719
1877 1842
1877 1878
1877 1647
1878 1642
1878 1647
1878 1842
1878 1877
1878 1879
1878 1880
1879 1878
1879 1842
1879 1642
1880 1642
1880 1878
1880 1647
1881 1842
1881 1882
1881 1719
1882 1842
1882 1845
1882 1719
1882 1881
1882 1883
1882 1884
1883 1842
1883 1882
1883 1845
1884 1882
1884 1845
1884 1719
1885 1857
1885 1739
1885 1886
1886 1888
1886 1857
1886 1736
1886 1739
1886 1885
1886 1887
1887 1736
1887 1739
1887 1886
1888 1736
1888 1857
1888 1886
1889 1792
1889 1890
1889 1799
1890 1792
1890 1889
1890 1891
1890 1892
1890 1799
1890 1864
1891 1864
1891 1890
1891 1799
1892 1864
1892 1792
1892 1890
1893 1792
1893 1864
1893 1894
1894 1792
1894 1893
1894 1895
1894 1864
1894 1896
1894 1845
1895 1864
1895 1845
1895 1894
1896 1792
1896 1845
1896 1894
1897 1808
1897 1898
1897 1799
1898 1799
1898 1864
1898 1897
1898 1899
1898 1900
1898 1808
1899 1808
1899 1898
1899 1864
1900 1864
1900 1898
1900 1799
1901 1864
1901 1808
1901 1902
1902 1864
1902 1901
1902 1903
1902 1808
1902 1904
1902 1854
1903 1808
1903 1902
1903 1854
1904 1864
1904 1902
1904 1854
1905 1808
1905 1857
1905 1906
1906 1857
1906 1808
1906 1905
1906 1907
1906 1908
1906 1854
1907 1857
1907 1906
1907 1854
1908 1808
1908 1906
1908 1854
1909 1808
1909 1811
1909 1910
1910 1857
1910 1808
1910 1811
1910 1909
1910 1911
1910 1912
1911 1857
1911 1811
1911 1910
1912 1808
1912 1857
1912 1910
1913 1914
1913 1811
1913 1739
1914 1857
1914 1739
1914 1811
1914 1913
1914 1915
1914 1916
1915 1857
1915 1914
1915 1739
1916 1857
1916 1914
1916 1811
1917 1744
1917 1811
1917 1918
1918 1920
1918 1739
1918 1744
1918 1811
1918 1917
1918 1919
1919 1744
1919 1739
1919 1918
1920 1811
1920 1739
1920 1918
