0 1
0 2
0 3
0 8
0 9
0 10
0 11
0 12
0 13
0 85
0 86
0 87
0 26
0 30
1 0
1 96
1 2
1 3
1 4
1 5
1 6
1 7
1 8
1 9
1 92
1 93
1 94
1 95
2 0
2 1
2 3
3 0
3 1
3 2
3 34
3 4
3 5
3 87
3 88
3 89
3 30
4 1
4 3
4 5
5 1
5 34
5 3
5 4
5 6
5 7
5 89
5 90
5 190
5 191
6 1
6 5
6 7
6 90
6 91
6 92
6 93
6 191
7 1
7 5
7 6
8 0
8 1
8 9
9 0
9 1
9 96
9 97
9 98
9 99
9 8
9 10
9 11
9 95
10 0
10 9
10 11
11 0
11 98
11 99
11 100
11 101
11 102
11 9
11 10
11 12
11 13
11 14
11 15
11 16
11 17
12 0
12 11
12 13
12 14
12 15
12 78
12 83
12 84
12 85
12 26
13 0
13 11
13 12
14 11
14 12
14 15
15 74
15 11
15 12
15 14
15 78
15 16
15 17
15 82
15 83
15 189
16 101
16 102
16 74
16 11
16 15
16 17
16 188
16 189
17 16
17 11
17 15
18 134
18 135
18 136
18 137
18 138
18 139
18 177
18 19
18 20
18 21
19 131
19 132
19 133
19 134
19 135
19 18
19 20
19 21
19 22
19 23
20 18
20 19
20 21
21 138
21 177
21 18
21 19
21 20
21 178
21 22
21 23
21 24
21 25
21 179
21 29
22 131
22 132
22 165
22 77
22 78
22 80
22 81
22 19
22 21
22 23
22 24
22 25
22 26
22 27
23 19
23 21
23 22
24 25
24 21
24 22
25 179
25 21
25 22
25 24
25 26
25 27
25 28
25 29
26 0
26 12
26 78
26 81
26 84
26 85
26 22
26 86
26 25
26 27
26 28
26 29
26 30
26 31
27 25
27 26
27 22
28 25
28 26
28 29
29 32
29 33
29 166
29 138
29 141
29 142
29 175
29 176
29 178
29 179
29 21
29 25
29 26
29 28
29 30
29 31
30 32
30 33
30 34
30 35
30 0
30 3
30 86
30 87
30 88
30 26
30 29
30 31
31 26
31 29
31 30
32 33
32 29
32 30
33 32
33 34
33 35
33 36
33 37
33 166
33 174
33 175
33 29
33 30
34 33
34 35
34 36
34 37
34 38
34 39
34 3
34 5
34 103
34 88
34 89
34 90
34 190
34 30
35 33
35 34
35 30
36 33
36 34
36 37
37 33
37 34
37 36
37 38
37 39
37 40
37 41
37 166
37 172
37 173
37 174
37 187
38 34
38 37
38 39
38 40
38 41
38 42
38 43
38 103
38 104
38 90
39 34
39 37
39 38
40 41
40 37
40 38
41 37
41 38
41 40
41 42
41 43
41 44
41 45
41 172
41 145
41 148
41 149
41 150
41 151
41 152
41 186
41 187
42 38
42 104
42 41
42 105
42 43
42 44
42 45
42 46
42 47
42 90
43 41
43 42
43 38
44 41
44 42
44 45
45 41
45 42
45 44
45 46
45 47
45 48
45 49
45 151
45 152
45 153
46 105
46 42
46 106
46 107
46 45
46 108
46 47
46 48
46 49
46 50
46 51
46 90
47 42
47 45
47 46
48 49
48 45
48 46
49 162
49 163
49 164
49 45
49 46
49 48
49 50
49 51
49 52
49 53
49 151
49 153
49 61
49 57
50 106
50 108
50 109
50 46
50 110
50 111
50 49
50 51
50 52
50 53
50 54
50 55
51 49
51 50
51 46
52 49
52 50
52 53
53 164
53 49
53 50
53 52
53 54
53 55
53 56
53 57
54 128
54 129
54 109
54 111
54 112
54 113
54 50
54 114
54 115
54 53
54 55
54 56
54 57
54 58
54 59
54 126
55 50
55 53
55 54
56 57
56 53
56 54
57 163
57 164
57 49
57 53
57 54
57 56
57 58
57 59
57 60
57 61
58 128
58 154
58 123
58 127
58 54
58 57
58 126
58 59
58 60
58 61
58 62
58 63
59 57
59 58
59 54
60 57
60 58
60 61
61 64
61 65
61 161
61 162
61 163
61 49
61 151
61 57
61 58
61 60
61 62
61 63
62 64
62 65
62 66
62 67
62 154
62 155
62 58
62 123
62 61
62 63
63 58
63 61
63 62
64 65
64 61
64 62
65 64
65 160
65 66
65 67
65 68
65 69
65 161
65 151
65 61
65 62
66 65
66 67
66 68
66 69
66 70
66 71
66 101
66 155
66 123
66 156
66 157
66 62
67 65
67 66
67 62
68 65
68 66
68 69
69 160
69 65
69 66
69 68
69 70
69 71
69 72
69 73
69 143
69 144
69 145
69 146
69 147
69 148
69 151
69 159
70 66
70 69
70 101
70 71
70 72
70 73
70 74
70 75
70 157
70 158
71 66
71 69
71 70
72 73
72 69
72 70
73 69
73 70
73 166
73 72
73 168
73 74
73 75
73 76
73 77
73 169
73 143
73 144
74 101
74 70
74 73
74 75
74 76
74 77
74 78
74 79
74 15
74 16
74 82
74 188
74 189
74 158
75 73
75 74
75 70
76 73
76 74
76 77
77 132
77 165
77 166
77 167
77 168
77 73
77 74
77 76
77 78
77 79
77 80
77 22
78 74
78 12
78 77
78 79
78 80
78 81
78 15
78 82
78 83
78 84
78 22
78 26
79 74
79 77
79 78
80 77
80 78
80 22
81 26
81 78
81 22
82 74
82 78
82 15
83 12
83 78
83 15
84 26
84 12
84 78
85 0
85 26
85 12
86 0
86 26
86 30
87 0
87 3
87 30
88 34
88 3
88 30
89 34
89 3
89 5
90 193
90 34
90 5
90 6
90 103
90 38
90 104
90 42
90 105
90 106
90 107
90 46
90 91
90 92
90 190
90 191
91 90
91 92
91 6
92 1
92 193
92 6
92 106
92 116
92 182
92 183
92 90
92 91
92 93
92 94
92 95
93 1
93 92
93 6
94 1
94 92
94 95
95 96
95 1
95 97
95 98
95 9
95 116
95 183
95 119
95 120
95 121
95 92
95 94
96 1
96 9
96 95
97 9
97 98
97 95
98 97
98 99
98 100
98 101
98 9
98 11
98 119
98 121
98 122
98 95
99 9
99 98
99 11
100 98
100 11
100 101
101 98
101 66
101 100
101 102
101 70
101 74
101 11
101 16
101 156
101 188
101 119
101 122
101 123
101 124
101 157
101 158
102 16
102 11
102 101
103 34
103 90
103 38
104 90
104 42
104 38
105 42
105 90
105 46
106 193
106 107
106 108
106 109
106 46
106 110
106 112
106 50
106 180
106 181
106 116
106 182
106 90
106 92
107 46
107 90
107 106
108 106
108 50
108 46
109 106
109 110
109 111
109 112
109 113
109 50
109 180
109 54
110 106
110 50
110 109
111 50
111 109
111 54
112 106
112 109
112 113
112 114
112 115
112 116
112 117
112 54
112 180
112 181
113 112
113 109
113 54
114 112
114 115
114 54
115 129
115 130
115 112
115 114
115 116
115 117
115 54
115 118
115 119
115 126
116 106
116 112
116 115
116 117
116 118
116 119
116 120
116 181
116 182
116 92
116 183
116 95
117 112
117 115
117 116
118 115
118 116
118 119
119 98
119 130
119 101
119 115
119 116
119 118
119 120
119 121
119 122
119 123
119 124
119 125
119 126
119 95
120 116
120 119
120 95
121 98
121 95
121 119
122 98
122 101
122 119
123 66
123 101
123 154
123 156
123 119
123 62
123 58
123 155
123 124
123 125
123 126
123 127
124 123
124 101
124 119
125 123
125 126
125 119
126 128
126 129
126 130
126 115
126 54
126 119
126 58
126 123
126 125
126 127
127 58
127 123
127 126
128 54
128 58
128 126
129 126
129 115
129 54
130 115
130 126
130 119
131 19
131 132
131 22
132 192
132 131
132 133
132 134
132 165
132 166
132 167
132 137
132 77
132 141
132 19
132 22
132 184
132 185
133 19
133 132
133 134
134 132
134 133
134 135
134 136
134 137
134 18
134 19
134 184
135 18
135 19
135 134
136 137
136 18
136 134
137 132
137 134
137 136
137 138
137 139
137 140
137 141
137 18
137 184
137 185
138 137
138 139
138 140
138 141
138 142
138 177
138 18
138 178
138 21
138 29
139 137
139 18
139 138
140 137
140 138
140 141
141 192
141 132
141 166
141 137
141 138
141 140
141 142
141 176
141 185
141 29
142 138
142 29
142 141
143 69
143 166
143 73
143 169
143 170
143 144
143 145
143 146
144 73
144 69
144 143
145 69
145 166
145 41
145 170
145 171
145 172
145 143
145 146
145 147
145 148
145 149
145 186
146 145
146 69
146 143
147 145
147 148
147 69
148 69
148 41
148 145
148 147
148 149
148 150
148 151
148 159
149 145
149 148
149 41
150 41
150 148
150 151
151 160
151 65
151 161
151 162
151 69
151 41
151 45
151 49
151 148
151 150
151 152
151 153
151 61
151 159
152 41
152 45
152 151
153 49
153 45
153 151
154 58
154 123
154 62
155 66
155 123
155 62
156 66
156 123
156 101
157 66
157 101
157 70
158 74
158 101
158 70
159 148
159 69
159 151
160 65
160 69
160 151
161 65
161 61
161 151
162 49
162 61
162 151
163 49
163 61
163 57
164 49
164 53
164 57
165 132
165 77
165 22
166 132
166 141
166 143
166 145
166 29
166 33
166 37
166 167
166 168
166 169
166 170
166 171
166 172
166 173
166 174
166 175
166 176
166 192
166 73
166 77
167 132
167 77
167 166
168 73
168 77
168 166
169 73
169 166
169 143
170 145
170 166
170 143
171 145
171 172
171 166
172 37
172 166
172 41
172 171
172 173
172 145
172 186
172 187
173 172
173 37
173 166
174 33
174 37
174 166
175 33
175 29
175 166
176 29
176 141
176 166
177 18
177 21
177 138
178 138
178 29
178 21
179 25
179 29
179 21
180 112
180 106
180 109
181 112
181 106
181 116
182 116
182 106
182 92
183 116
183 95
183 92
184 137
184 132
184 134
185 137
185 132
185 141
186 145
186 172
186 41
187 41
187 172
187 37
188 16
188 74
188 101
189 16
189 74
189 15
190 34
190 90
190 5
191 90
191 5
191 6
192 132
192 141
192 166
193 90
193 92
193 106
194 195
194 196
194 197
194 198
194 199
194 200
194 201
194 202
194 203
194 204
194 205
194 206
195 194
195 196
195 197
195 198
195 199
195 207
195 209
195 210
195 211
195 212
196 194
196 195
196 197
197 194
197 195
197 196
197 204
197 206
197 207
197 208
197 209
198 194
198 195
198 199
198 200
198 201
198 210
198 212
198 213
198 214
198 215
199 194
199 195
199 198
200 194
200 198
200 201
200 202
200 203
200 213
200 215
200 216
200 217
200 218
201 200
201 194
201 198
202 194
202 200
202 203
202 204
202 205
202 216
202 218
202 219
202 220
202 221
203 200
203 202
203 194
204 224
204 194
204 197
204 202
204 205
204 206
204 207
204 208
204 219
204 221
204 222
204 223
205 202
205 194
205 204
206 194
206 204
206 197
207 224
207 195
207 197
207 204
207 208
207 209
207 210
207 211
207 222
208 204
208 197
208 207
209 195
209 197
209 207
210 195
210 198
210 207
210 211
210 212
210 213
210 214
211 210
211 195
211 207
212 210
212 195
212 198
213 198
213 200
213 210
213 214
213 215
213 216
213 217
214 210
214 213
214 198
215 200
215 213
215 198
216 200
216 202
216 213
216 217
216 218
216 219
216 220
217 216
217 213
217 200
218 200
218 202
218 216
219 202
219 204
219 216
219 220
219 221
219 222
219 223
220 216
220 202
220 219
221 202
221 219
221 204
222 224
222 204
222 207
222 219
222 223
223 219
223 204
223 222
224 204
224 222
224 207
225 226
225 227
225 228
225 229
225 230
225 231
225 232
225 233
225 234
225 235
225 236
225 237
226 225
226 227
226 228
226 229
226 230
226 238
226 240
226 241
226 242
226 243
227 225
227 226
227 228
228 225
228 226
228 227
228 235
228 237
228 238
228 239
228 240
229 225
229 226
229 230
229 231
229 232
229 241
229 243
229 244
229 245
229 246
230 225
230 226
230 229
231 225
231 229
231 232
231 233
231 234
231 244
231 246
231 247
231 248
231 249
232 225
232 229
232 231
233 225
233 231
233 234
233 235
233 236
233 247
233 249
233 250
233 251
233 252
234 225
234 233
234 231
235 225
235 228
235 233
235 236
235 237
235 238
235 239
235 250
235 252
235 253
235 254
235 255
236 225
236 235
236 233
237 225
237 235
237 228
238 226
238 228
238 235
238 239
238 240
238 241
238 242
238 253
238 255
239 235
239 228
239 238
240 226
240 228
240 238
241 226
241 229
241 238
241 242
241 243
241 244
241 245
242 241
242 226
242 238
243 241
243 226
243 229
244 229
244 231
244 241
244 245
244 246
244 247
244 248
245 241
245 244
245 229
246 244
246 229
246 231
247 231
247 233
247 244
247 248
247 249
247 250
247 251
248 231
248 244
248 247
249 233
249 247
249 231
250 233
250 235
250 247
250 251
250 252
250 253
250 254
251 233
251 250
251 247
252 233
252 250
252 235
253 235
253 238
253 250
253 254
253 255
254 250
254 235
254 253
255 235
255 253
255 238
256 257
256 258
256 259
256 496
256 274
256 500
256 277
256 278
256 279
256 501
257 256
257 258
257 259
257 260
257 261
257 262
257 263
257 496
257 499
257 500
258 256
258 257
258 259
259 256
259 257
259 258
259 260
259 261
259 277
259 279
259 280
259 281
259 282
259 283
259 284
260 257
260 259
260 261
261 257
261 259
261 260
261 262
261 263
261 264
261 265
261 283
261 284
261 285
261 286
261 287
262 257
262 261
262 263
262 264
262 265
262 266
262 267
262 496
262 498
262 499
263 257
263 261
263 262
264 265
264 261
264 262
265 288
265 289
265 290
265 261
265 262
265 264
265 266
265 267
265 268
265 269
265 286
265 287
266 262
266 265
266 267
266 268
266 269
266 270
266 271
266 496
266 497
266 498
267 265
267 266
267 262
268 265
268 266
268 269
269 289
269 290
269 291
269 292
269 293
269 265
269 266
269 268
269 270
269 271
269 272
269 273
270 266
270 269
270 271
270 272
270 273
270 274
270 275
270 495
270 496
270 497
271 266
271 269
271 270
272 273
272 269
272 270
273 292
273 293
273 294
273 295
273 296
273 269
273 270
273 272
273 274
273 275
273 276
273 277
274 256
274 270
274 495
274 496
274 273
274 275
274 276
274 277
274 278
274 501
275 273
275 274
275 270
276 273
276 274
276 277
277 256
277 259
277 295
277 296
277 297
277 273
277 274
277 276
277 278
277 279
277 280
277 281
278 256
278 274
278 277
279 256
279 259
279 277
280 281
280 259
280 277
281 259
281 295
281 297
281 301
281 302
281 303
281 304
281 305
281 277
281 280
281 282
281 283
282 283
282 281
282 259
283 259
283 261
283 304
283 305
283 306
283 307
283 308
283 281
283 282
283 284
283 285
283 286
284 283
284 259
284 261
285 283
285 261
285 286
286 288
286 289
286 261
286 265
286 307
286 308
286 309
286 310
286 311
286 283
286 285
286 287
287 265
287 261
287 286
288 265
288 286
288 289
289 288
289 290
289 291
289 292
289 265
289 269
289 310
289 311
289 312
289 313
289 314
289 286
290 265
290 269
290 289
291 289
291 292
291 269
292 289
292 291
292 293
292 294
292 295
292 298
292 299
292 269
292 273
292 313
292 314
292 315
293 273
293 292
293 269
294 273
294 292
294 295
295 292
295 294
295 296
295 297
295 298
295 299
295 300
295 301
295 302
295 273
295 277
295 281
296 273
296 277
296 295
297 281
297 277
297 295
298 299
298 292
298 295
299 481
299 482
299 483
299 292
299 295
299 298
299 300
299 301
299 313
299 315
300 299
300 301
300 295
301 481
301 482
301 295
301 487
301 299
301 300
301 302
301 303
301 304
301 281
302 281
302 301
302 295
303 304
303 281
303 301
304 481
304 486
304 487
304 301
304 303
304 305
304 306
304 307
304 281
304 283
305 304
305 281
305 283
306 304
306 307
306 283
307 481
307 485
307 486
307 304
307 306
307 308
307 309
307 310
307 283
307 286
308 307
308 283
308 286
309 310
309 307
309 286
310 289
310 481
310 484
310 485
310 307
310 309
310 311
310 312
310 313
310 286
311 310
311 289
311 286
312 289
312 310
312 313
313 289
313 481
313 483
313 292
313 484
313 299
313 310
313 312
313 314
313 315
314 289
314 292
314 313
315 313
315 299
315 292
316 353
316 355
316 356
316 357
316 334
316 337
316 338
316 339
316 340
316 317
316 318
316 319
317 320
317 321
317 322
317 323
317 357
317 340
317 341
317 342
317 343
317 316
317 318
317 319
318 316
318 317
318 319
319 320
319 321
319 509
319 510
319 337
319 339
319 316
319 317
319 318
319 511
320 321
320 317
320 319
321 320
321 509
321 322
321 323
321 324
321 325
321 515
321 317
321 510
321 319
322 321
322 323
322 324
322 325
322 326
322 327
322 341
322 343
322 344
322 345
322 346
322 317
323 321
323 322
323 317
324 321
324 322
324 325
325 321
325 322
325 514
325 324
325 515
325 326
325 327
325 328
325 329
325 509
326 322
326 325
326 327
326 328
326 329
326 330
326 331
326 344
326 346
326 347
326 348
326 349
327 322
327 325
327 326
328 329
328 325
328 326
329 513
329 514
329 325
329 326
329 328
329 330
329 331
329 332
329 333
329 509
330 352
330 326
330 329
330 331
330 332
330 333
330 334
330 335
330 347
330 349
330 350
330 351
331 329
331 330
331 326
332 329
332 330
332 333
333 512
333 513
333 329
333 330
333 332
333 334
333 335
333 336
333 337
333 509
334 352
334 353
334 354
334 355
334 330
334 333
334 335
334 336
334 337
334 338
334 316
334 350
335 330
335 333
335 334
336 337
336 333
336 334
337 512
337 511
337 333
337 334
337 336
337 338
337 339
337 316
337 509
337 319
338 337
338 316
338 334
339 337
339 316
339 319
340 353
340 356
340 357
340 358
340 359
340 381
340 341
340 342
340 380
340 316
340 317
340 382
341 322
341 358
341 368
341 371
341 340
341 372
341 342
341 343
341 344
341 345
341 317
341 382
342 317
342 340
342 341
343 322
343 341
343 317
344 322
344 326
344 366
344 368
344 372
344 341
344 373
344 374
344 345
344 346
344 347
344 348
345 344
345 322
345 341
346 344
346 322
346 326
347 376
347 326
347 330
347 365
347 366
347 374
347 375
347 344
347 348
347 349
347 350
347 351
348 344
348 347
348 326
349 330
349 347
349 326
350 352
350 353
350 354
350 330
350 362
350 365
350 334
350 376
350 377
350 378
350 347
350 351
351 330
351 347
351 350
352 334
352 330
352 350
353 354
353 355
353 356
353 359
353 362
353 334
353 340
353 380
353 378
353 379
353 316
353 350
354 353
354 350
354 334
355 353
355 316
355 334
356 353
356 340
356 316
357 316
357 317
357 340
358 359
358 360
358 361
358 368
358 370
358 371
358 340
358 341
358 381
358 382
359 353
359 358
359 360
359 361
359 362
359 363
359 340
359 379
359 380
359 381
360 361
360 358
360 359
361 358
361 359
361 360
361 362
361 363
361 364
361 365
361 366
361 367
361 368
361 369
361 370
362 353
362 359
362 361
362 363
362 364
362 365
362 377
362 378
362 379
362 350
363 361
363 362
363 359
364 361
364 362
364 365
365 361
365 362
365 364
365 366
365 367
365 375
365 376
365 377
365 347
365 350
366 361
366 365
366 367
366 368
366 369
366 373
366 374
366 375
366 344
366 347
367 361
367 365
367 366
368 358
368 361
368 366
368 369
368 370
368 371
368 372
368 341
368 373
368 344
369 368
369 361
369 366
370 368
370 361
370 358
371 368
371 341
371 358
372 368
372 344
372 341
373 368
373 344
373 366
374 344
374 347
374 366
375 347
375 365
375 366
376 347
376 365
376 350
377 362
377 365
377 350
378 353
378 362
378 350
379 353
379 362
379 359
380 353
380 340
380 359
381 340
381 358
381 359
382 340
382 341
382 358
383 384
383 385
383 386
383 488
383 490
383 491
383 405
383 408
383 409
383 410
384 385
384 386
384 387
384 388
384 389
384 390
384 488
384 491
384 492
384 383
385 384
385 386
385 383
386 384
386 385
386 387
386 388
386 459
386 461
386 462
386 463
386 464
386 408
386 410
386 383
387 384
387 386
387 388
388 384
388 386
388 387
388 389
388 390
388 391
388 392
388 459
388 460
388 461
389 384
389 388
389 452
389 390
389 391
389 392
389 393
389 394
389 454
389 488
389 492
389 493
390 384
390 388
390 389
391 392
391 388
391 389
392 388
392 389
392 391
392 455
392 393
392 394
392 395
392 396
392 458
392 459
392 460
392 468
393 452
393 389
393 453
393 454
393 392
393 394
393 395
393 396
393 397
393 398
394 392
394 393
394 389
395 392
395 393
395 396
396 455
396 392
396 393
396 457
396 395
396 458
396 397
396 398
396 399
396 400
397 449
397 450
397 451
397 452
397 453
397 393
397 396
397 398
397 399
397 400
397 401
397 402
398 393
398 396
398 397
399 400
399 396
399 397
400 455
400 456
400 457
400 396
400 397
400 399
400 401
400 402
400 403
400 404
401 448
401 449
401 450
401 397
401 400
401 402
401 403
401 404
401 405
401 406
402 400
402 401
402 397
403 400
403 401
403 404
404 455
404 456
404 462
404 400
404 401
404 465
404 403
404 466
404 405
404 406
404 407
404 408
405 448
405 449
405 488
405 489
405 490
405 401
405 404
405 406
405 407
405 408
405 409
405 383
406 401
406 404
406 405
407 408
407 404
407 405
408 386
408 462
408 464
408 465
408 404
408 405
408 407
408 409
408 410
408 383
409 408
409 405
409 383
410 408
410 386
410 383
411 446
411 422
411 423
411 424
411 425
411 447
411 412
411 413
411 414
411 445
412 416
412 417
412 418
412 419
412 420
412 421
412 422
412 423
412 411
412 413
412 414
412 415
413 411
413 412
413 414
414 416
414 424
414 425
414 426
414 427
414 428
414 429
414 476
414 411
414 412
414 413
414 415
415 416
415 412
415 414
416 417
416 418
416 478
416 428
416 432
416 476
416 412
416 477
416 414
416 415
417 416
417 480
417 418
417 419
417 420
417 432
417 436
417 412
417 478
417 479
418 416
418 417
418 412
419 417
419 420
419 412
420 480
420 417
420 419
420 421
420 422
420 436
420 439
420 440
420 441
420 442
420 443
420 412
421 412
421 420
421 422
422 444
422 420
422 421
422 423
422 443
422 442
422 411
422 412
422 445
422 446
423 411
423 412
423 422
424 425
424 411
424 414
425 424
425 426
425 427
425 469
425 470
425 471
425 411
425 445
425 414
425 447
426 425
426 427
426 414
427 503
427 425
427 426
427 428
427 429
427 430
427 431
427 469
427 470
427 502
427 504
427 414
428 416
428 427
428 429
428 430
428 431
428 432
428 433
428 476
428 477
428 414
429 427
429 428
429 414
430 427
430 428
430 431
431 427
431 428
431 430
431 432
431 433
431 434
431 435
431 502
431 503
431 508
432 416
432 417
432 428
432 431
432 433
432 434
432 435
432 436
432 437
432 477
432 478
432 479
433 432
433 428
433 431
434 432
434 435
434 431
435 431
435 432
435 434
435 436
435 437
435 438
435 439
435 502
435 507
435 508
436 480
436 417
436 420
436 432
436 435
436 437
436 438
436 439
436 440
436 479
437 432
437 435
437 436
438 435
438 436
438 439
439 420
439 472
439 506
439 435
439 436
439 507
439 438
439 502
439 440
439 441
439 442
439 475
440 420
440 436
440 439
441 442
441 420
441 439
442 420
442 422
442 475
442 439
442 472
442 441
442 474
442 443
442 444
442 445
443 442
443 420
443 422
444 442
444 445
444 422
445 422
445 425
445 474
445 469
445 471
445 472
445 473
445 442
445 411
445 444
445 446
445 447
446 411
446 445
446 422
447 425
447 411
447 445
448 401
448 449
448 405
449 448
449 450
449 451
449 452
449 488
449 489
449 397
449 494
449 401
449 405
450 401
450 449
450 397
451 449
451 452
451 397
452 449
452 451
452 453
452 454
452 389
452 488
452 393
452 397
452 493
452 494
453 393
453 452
453 397
454 393
454 452
454 389
455 456
455 457
455 392
455 458
455 396
455 459
455 462
455 400
455 466
455 467
455 404
455 468
456 400
456 404
456 455
457 400
457 396
457 455
458 392
458 396
458 455
459 386
459 388
459 455
459 392
459 460
459 461
459 462
459 463
459 467
459 468
460 392
460 459
460 388
461 386
461 459
461 388
462 386
462 455
462 459
462 463
462 464
462 465
462 466
462 467
462 404
462 408
463 386
463 459
463 462
464 408
464 386
464 462
465 408
465 404
465 462
466 404
466 462
466 455
467 459
467 462
467 455
468 392
468 459
468 455
469 504
469 425
469 427
469 505
469 470
469 471
469 472
469 473
469 502
469 445
470 425
470 427
470 469
471 425
471 469
471 445
472 505
472 474
472 506
472 469
472 502
472 439
472 473
472 442
472 475
472 445
473 472
473 469
473 445
474 472
474 442
474 445
475 472
475 442
475 439
476 416
476 428
476 414
477 416
477 428
477 432
478 416
478 417
478 432
479 432
479 417
479 436
480 417
480 436
480 420
481 482
481 483
481 484
481 485
481 486
481 487
481 299
481 301
481 304
481 307
481 310
481 313
482 481
482 299
482 301
483 481
483 299
483 313
484 481
484 310
484 313
485 481
485 307
485 310
486 304
486 481
486 307
487 304
487 481
487 301
488 384
488 449
488 452
488 389
488 489
488 490
488 491
488 492
488 493
488 494
488 405
488 383
489 488
489 449
489 405
490 488
490 405
490 383
491 488
491 384
491 383
492 384
492 488
492 389
493 488
493 452
493 389
494 488
494 449
494 452
495 496
495 274
495 270
496 256
496 257
496 262
496 266
496 270
496 495
496 497
496 274
496 498
496 499
496 500
496 501
497 496
497 266
497 270
498 496
498 266
498 262
499 496
499 257
499 262
500 256
500 257
500 496
501 496
501 256
501 274
502 439
502 472
502 427
502 431
502 435
502 469
502 503
502 504
502 505
502 506
502 507
502 508
503 427
503 502
503 431
504 427
504 469
504 502
505 472
505 469
505 502
506 472
506 502
506 439
507 435
507 502
507 439
508 435
508 502
508 431
509 512
509 321
509 513
509 514
509 515
509 319
509 325
509 329
509 333
509 337
509 510
509 511
510 321
510 509
510 319
511 337
511 509
511 319
512 337
512 333
512 509
513 329
513 509
513 333
514 329
514 325
514 509
515 321
515 325
515 509
516 517
516 518
516 519
516 533
516 534
517 516
517 518
517 519
517 520
517 521
517 522
517 523
517 533
517 534
517 535
517 536
517 537
518 516
518 517
518 519
519 516
519 517
519 518
519 520
519 521
519 528
519 530
519 531
519 532
520 521
520 517
520 519
521 517
521 519
521 520
521 522
521 523
521 524
521 525
521 526
521 527
521 528
521 529
521 530
522 517
522 583
522 521
522 523
522 524
522 525
522 535
522 537
522 538
522 539
523 521
523 522
523 517
524 521
524 522
524 525
525 583
525 584
525 521
525 522
525 524
525 526
525 527
525 538
526 584
526 521
526 525
526 527
526 528
526 529
526 535
526 538
526 540
526 541
527 521
527 525
527 526
528 519
528 521
528 526
528 529
528 530
528 531
528 532
528 533
528 535
528 541
528 542
528 543
529 528
529 521
529 526
530 528
530 521
530 519
531 519
531 528
531 532
531 533
531 543
532 528
532 531
532 519
533 516
533 517
533 528
533 531
533 534
533 535
533 536
533 542
533 543
534 517
534 516
534 533
535 517
535 522
535 526
535 528
535 533
535 536
535 537
535 538
535 539
535 540
535 541
535 542
536 517
536 533
536 535
537 522
537 517
537 535
538 583
538 584
538 522
538 525
538 526
538 535
538 539
538 540
539 538
539 522
539 535
540 538
540 526
540 535
541 528
541 526
541 535
542 528
542 533
542 535
543 528
543 531
543 533
544 545
544 546
544 547
544 561
544 562
545 544
545 546
545 547
545 548
545 549
545 557
545 558
545 559
545 560
546 544
546 545
546 547
547 544
547 545
547 546
547 548
547 549
547 550
547 551
547 561
547 562
547 563
547 564
547 565
548 545
548 547
548 549
548 550
548 551
548 552
548 553
548 554
548 555
548 556
548 557
548 558
549 545
549 547
549 548
550 547
550 548
550 551
551 547
551 548
551 581
551 550
551 552
551 553
551 564
551 565
551 566
551 567
552 548
552 581
552 582
552 551
552 553
552 554
552 555
552 567
553 552
553 548
553 551
554 552
554 555
554 548
555 548
555 582
555 552
555 554
555 556
555 557
555 564
555 567
555 568
555 569
556 555
556 548
556 557
557 545
557 548
557 555
557 556
557 558
557 559
557 560
557 562
557 564
557 569
557 570
557 571
558 545
558 548
558 557
559 560
559 545
559 557
560 545
560 557
560 559
560 562
560 571
561 544
561 562
561 547
562 544
562 547
562 557
562 560
562 561
562 563
562 564
562 570
562 571
563 562
563 547
563 564
564 547
564 551
564 555
564 557
564 562
564 563
564 565
564 566
564 567
564 568
564 569
564 570
565 547
565 564
565 551
566 564
566 567
566 551
567 581
567 582
567 551
567 552
567 555
567 564
567 566
567 568
568 555
568 564
568 567
569 555
569 564
569 557
570 562
570 564
570 557
571 560
571 562
571 557
572 576
572 578
572 579
572 585
572 586
572 573
572 574
572 575
573 576
573 577
573 578
573 579
573 580
573 572
573 574
573 575
574 572
574 573
574 575
575 576
575 577
575 585
575 572
575 573
575 574
576 577
576 578
576 580
576 585
576 586
576 572
576 573
576 575
577 576
577 573
577 575
578 576
578 579
578 580
578 586
578 572
578 573
579 578
579 572
579 573
580 576
580 578
580 573
581 552
581 567
581 551
582 552
582 555
582 567
583 522
583 538
583 525
584 538
584 525
584 526
585 576
585 572
585 575
586 576
586 578
586 572
587 739
587 682
587 588
587 589
587 590
587 692
587 694
587 758
588 611
588 678
588 679
588 680
588 681
588 682
588 587
588 683
588 589
588 590
588 591
588 592
588 758
588 599
588 603
588 607
589 587
589 588
589 590
590 739
590 740
590 587
590 588
590 589
590 591
590 592
590 593
590 594
590 692
591 677
591 678
591 588
591 590
591 592
591 593
591 594
591 595
591 596
591 599
592 588
592 590
592 591
593 594
593 590
593 591
594 690
594 692
594 702
594 709
594 710
594 712
594 590
594 591
594 593
594 595
594 596
594 597
594 598
594 730
594 733
594 736
594 737
594 738
594 740
594 744
594 745
594 752
594 757
595 677
595 591
595 594
595 596
595 597
595 598
595 599
595 600
596 594
596 595
596 591
597 594
597 595
597 598
598 776
598 777
598 779
598 655
598 658
598 668
598 671
598 672
598 673
598 802
598 805
598 806
598 807
598 823
598 594
598 595
598 724
598 597
598 853
598 599
598 728
598 600
598 601
598 602
598 729
598 730
598 854
598 736
598 631
598 633
599 677
599 678
599 679
599 588
599 591
599 595
599 598
599 600
599 601
599 602
599 603
599 604
600 776
600 777
600 595
600 598
600 599
601 602
601 598
601 599
602 631
602 632
602 633
602 628
602 598
602 599
602 630
602 601
602 603
602 604
602 605
602 606
603 608
603 679
603 680
603 588
603 599
603 602
603 604
603 605
603 606
603 607
604 602
604 603
604 599
605 602
605 603
605 606
606 608
606 609
606 610
606 625
606 627
606 628
606 629
606 630
606 602
606 603
606 605
606 607
607 608
607 609
607 610
607 611
607 612
607 680
607 681
607 588
607 603
607 606
608 603
608 606
608 607
609 610
609 606
609 607
610 609
610 611
610 612
610 613
610 614
610 742
610 621
610 622
610 624
610 625
610 626
610 627
610 606
610 607
611 610
611 612
611 613
611 614
611 615
611 616
611 681
611 682
611 683
611 588
611 684
611 607
612 610
612 611
612 607
613 610
613 611
613 614
614 610
614 611
614 613
614 741
614 615
614 616
614 617
614 618
614 742
614 621
615 611
615 614
615 616
615 617
615 618
615 682
615 684
615 685
615 686
615 687
616 611
616 614
616 615
617 618
617 614
617 615
618 741
618 614
618 615
618 617
618 619
618 620
618 621
618 685
618 687
618 688
619 618
619 620
619 621
619 622
619 623
619 685
619 688
619 689
619 690
619 666
619 698
619 699
619 700
619 701
620 618
620 619
620 621
621 610
621 741
621 614
621 742
621 618
621 619
621 620
621 622
621 623
621 624
622 610
622 619
622 621
622 623
622 624
622 625
622 626
622 695
622 696
622 697
622 698
622 699
623 619
623 621
623 622
624 610
624 621
624 622
625 645
625 647
625 780
625 781
625 782
625 783
625 784
625 785
625 695
625 696
625 838
625 716
625 717
625 718
625 606
625 610
625 622
625 626
625 627
625 628
625 629
626 625
626 610
626 622
627 625
627 610
627 606
628 647
628 784
628 675
628 676
628 834
628 836
628 837
628 838
628 844
628 718
628 719
628 602
628 606
628 631
628 625
628 629
628 630
628 759
628 632
629 625
629 628
629 606
630 602
630 628
630 606
631 673
631 674
631 675
631 676
631 777
631 779
631 843
631 844
631 655
631 628
631 598
631 759
631 632
631 633
631 602
632 602
632 628
632 631
633 602
633 598
633 631
634 655
634 656
634 657
634 658
634 659
634 635
634 636
634 637
635 652
635 653
635 654
635 655
635 656
635 634
635 636
635 637
635 638
635 639
636 634
636 635
636 637
637 640
637 641
637 658
637 659
637 660
637 661
637 662
637 663
637 754
637 634
637 635
637 636
637 638
637 639
638 640
638 641
638 642
638 643
638 649
638 650
638 651
638 652
638 653
638 635
638 637
638 639
639 635
639 637
639 638
640 641
640 637
640 638
641 640
641 642
641 643
641 644
641 645
641 714
641 748
641 749
641 753
641 754
641 662
641 665
641 637
641 638
642 641
642 643
642 644
642 645
642 646
642 647
642 648
642 649
642 650
642 638
643 641
643 642
643 638
644 641
644 642
644 645
645 641
645 642
645 644
645 646
645 647
645 713
645 714
645 715
645 716
645 717
645 625
645 753
645 696
645 698
646 642
646 645
646 647
647 642
647 675
647 645
647 646
647 648
647 649
647 652
647 717
647 718
647 719
647 720
647 625
647 721
647 628
648 649
648 642
648 647
649 642
649 647
649 648
649 650
649 651
649 652
649 721
649 638
650 649
650 642
650 638
651 649
651 652
651 638
652 675
652 647
652 649
652 651
652 653
652 654
652 655
652 720
652 721
652 755
652 635
652 638
653 635
653 652
653 638
654 635
654 652
654 655
655 672
655 673
655 674
655 675
655 652
655 654
655 656
655 657
655 658
655 755
655 598
655 631
655 634
655 635
656 634
656 635
656 655
657 634
657 658
657 655
658 672
658 655
658 657
658 659
658 660
658 661
658 598
658 634
658 668
658 637
658 670
658 671
659 634
659 637
659 658
660 658
660 637
660 661
661 669
661 658
661 660
661 662
661 663
661 664
661 665
661 666
661 667
661 668
661 637
661 670
662 641
662 748
662 754
662 661
662 663
662 664
662 665
662 637
663 637
663 662
663 661
664 665
664 661
664 662
665 641
665 714
665 748
665 749
665 750
665 751
665 661
665 662
665 664
665 698
665 666
665 667
666 661
666 665
666 667
666 668
666 669
666 805
666 813
666 690
666 819
666 825
666 698
666 826
666 700
666 701
666 702
666 827
666 828
666 845
666 846
666 724
666 726
666 727
666 619
666 751
666 756
667 665
667 666
667 661
668 805
668 807
668 845
668 658
668 724
668 661
668 598
668 727
668 728
668 666
668 669
668 670
668 671
669 666
669 668
669 661
670 658
670 668
670 661
671 658
671 668
671 598
672 658
672 598
672 655
673 655
673 598
673 631
674 675
674 631
674 655
675 674
675 676
675 647
675 652
675 655
675 719
675 720
675 755
675 628
675 631
676 675
676 628
676 631
677 595
677 599
677 591
678 588
678 599
678 591
679 603
679 588
679 599
680 603
680 588
680 607
681 611
681 588
681 607
682 611
682 615
682 683
682 684
682 588
682 685
682 686
682 587
682 692
682 693
682 694
682 758
683 682
683 611
683 588
684 682
684 611
684 615
685 615
685 682
685 618
685 619
685 686
685 687
685 688
685 689
685 690
685 691
685 692
685 693
686 682
686 685
686 615
687 618
687 685
687 615
688 618
688 619
688 685
689 690
689 619
689 685
690 619
690 685
690 752
690 689
690 594
690 691
690 692
690 756
690 757
690 666
690 701
690 702
691 690
691 692
691 685
692 739
692 740
692 682
692 587
692 685
692 590
692 752
692 690
692 691
692 594
692 693
692 694
693 682
693 692
693 685
694 682
694 587
694 692
695 696
695 625
695 622
696 645
696 715
696 716
696 780
696 622
696 781
696 625
696 695
696 697
696 698
696 830
697 696
697 698
697 622
698 645
698 781
698 665
698 666
698 696
698 697
698 827
698 828
698 699
698 700
698 829
698 830
698 713
698 714
698 715
698 619
698 622
698 750
698 751
699 698
699 619
699 622
700 698
700 619
700 666
701 690
701 619
701 666
702 704
702 705
702 743
702 744
702 745
702 722
702 723
702 724
702 725
702 726
702 594
702 756
702 690
702 666
702 757
702 703
703 704
703 705
703 706
703 707
703 743
703 744
703 746
703 702
704 705
704 702
704 703
705 704
705 706
705 707
705 708
705 709
705 722
705 723
705 735
705 702
705 703
706 705
706 707
706 708
706 709
706 710
706 711
706 744
706 746
706 747
706 703
707 705
707 706
707 703
708 705
708 706
708 709
709 705
709 706
709 738
709 708
709 710
709 711
709 712
709 594
709 722
709 733
709 734
709 735
710 706
710 709
710 711
710 712
710 744
710 747
710 594
711 706
711 709
711 710
712 594
712 709
712 710
713 714
713 698
713 645
714 641
714 645
714 713
714 749
714 750
714 753
714 665
714 698
715 696
715 698
715 645
716 696
716 625
716 645
717 625
717 645
717 647
718 625
718 628
718 647
719 675
719 628
719 647
720 675
720 652
720 647
721 649
721 652
721 647
722 705
722 709
722 734
722 723
722 724
722 725
722 730
722 731
722 732
722 733
722 702
722 735
723 705
723 722
723 702
724 722
724 729
724 725
724 726
724 727
724 728
724 598
724 666
724 730
724 668
724 731
724 702
725 722
725 724
725 702
726 666
726 724
726 702
727 668
727 666
727 724
728 724
728 668
728 598
729 730
729 724
729 598
730 736
730 737
730 722
730 594
730 724
730 598
730 729
730 731
730 732
730 733
731 730
731 722
731 724
732 722
732 730
732 733
733 737
733 738
733 709
733 722
733 594
733 730
733 732
733 734
734 733
734 722
734 709
735 705
735 722
735 709
736 730
736 594
736 598
737 730
737 594
737 733
738 709
738 594
738 733
739 587
739 692
739 590
740 594
740 692
740 590
741 618
741 621
741 614
742 610
742 621
742 614
743 744
743 702
743 703
744 706
744 710
744 743
744 745
744 746
744 747
744 594
744 702
744 703
745 744
745 594
745 702
746 744
746 706
746 703
747 744
747 706
747 710
748 665
748 641
748 662
749 641
749 714
749 665
750 698
750 665
750 714
751 665
751 698
751 666
752 690
752 594
752 692
753 641
753 714
753 645
754 641
754 637
754 662
755 675
755 652
755 655
756 690
756 666
756 702
757 690
757 594
757 702
758 682
758 587
758 588
759 832
759 833
759 834
759 835
759 836
759 777
759 842
759 843
759 844
759 628
759 631
759 760
759 761
759 762
759 861
759 831
760 769
760 773
760 839
760 840
760 841
760 777
760 842
760 759
760 761
760 762
760 763
760 764
760 765
760 766
761 760
761 762
761 759
762 859
762 860
762 776
762 810
762 874
762 813
762 814
762 815
762 816
762 759
762 760
762 761
762 763
762 764
762 861
762 831
763 760
763 762
763 764
764 768
764 772
764 776
764 877
764 816
764 817
764 760
764 762
764 763
764 765
764 766
764 767
765 768
765 769
765 770
765 839
765 760
765 764
765 766
765 767
766 760
766 764
766 765
767 768
767 764
767 765
768 769
768 770
768 771
768 772
768 877
768 764
768 765
768 767
769 768
769 770
769 771
769 772
769 773
769 774
769 839
769 840
769 760
769 765
770 768
770 769
770 765
771 768
771 769
771 772
772 768
772 769
772 771
772 773
772 774
772 775
772 776
772 877
772 817
772 764
773 769
773 772
773 774
773 775
773 776
773 777
773 778
773 840
773 841
773 760
774 769
774 772
774 773
775 776
775 772
775 773
776 772
776 773
776 775
776 777
776 778
776 813
776 815
776 816
776 817
776 598
776 823
776 600
776 854
776 762
776 764
776 862
777 773
777 776
777 841
777 778
777 779
777 759
777 842
777 843
777 760
777 598
777 631
777 600
778 776
778 777
778 773
779 777
779 598
779 631
780 696
780 625
780 781
781 864
781 865
781 809
781 780
781 782
781 783
781 625
781 696
781 698
781 827
781 829
781 830
782 625
782 781
782 783
783 865
783 866
783 809
783 781
783 782
783 784
783 625
783 785
783 786
783 787
784 834
784 837
784 838
784 783
784 625
784 786
784 787
784 785
784 788
784 789
784 628
784 858
785 784
785 625
785 783
786 784
786 787
786 783
787 866
787 867
787 809
787 783
787 784
787 786
787 788
787 789
787 790
787 791
788 834
788 784
788 787
788 789
788 790
788 791
788 792
788 793
788 858
788 857
789 784
789 787
789 788
790 787
790 788
790 791
791 867
791 808
791 809
791 787
791 788
791 790
791 792
791 793
791 794
791 795
792 834
792 871
792 872
792 810
792 788
792 791
792 857
792 793
792 794
792 795
793 792
793 788
793 791
794 792
794 795
794 791
795 871
795 808
795 809
795 810
795 811
795 791
795 792
795 794
796 850
796 851
796 821
796 823
796 856
796 797
796 798
796 799
797 800
797 801
797 802
797 803
797 851
797 852
797 823
797 796
797 798
797 799
798 796
798 797
798 799
799 800
799 801
799 848
799 849
799 818
799 819
799 821
799 855
799 856
799 796
799 797
799 798
800 801
800 797
800 799
801 800
801 802
801 803
801 804
801 805
801 847
801 848
801 819
801 797
801 799
802 801
802 803
802 804
802 805
802 806
802 852
802 853
802 598
802 823
802 797
803 801
803 802
803 797
804 801
804 802
804 805
805 801
805 802
805 804
805 806
805 807
805 845
805 846
805 847
805 819
805 598
805 666
805 668
806 802
806 805
806 598
807 668
807 805
807 598
808 809
808 795
808 791
809 864
809 827
809 865
809 866
809 867
809 808
809 810
809 811
809 812
809 813
809 781
809 783
809 787
809 791
809 795
809 863
810 834
810 859
810 868
810 870
810 871
810 872
810 809
810 873
810 811
810 812
810 813
810 814
810 874
810 792
810 762
810 795
811 809
811 810
811 795
812 809
812 810
812 813
813 776
813 809
813 810
813 812
813 814
813 815
813 819
813 666
813 823
813 824
813 825
813 762
813 827
813 826
813 862
813 863
814 810
814 762
814 813
815 776
815 762
815 813
816 776
816 762
816 764
817 776
817 764
817 772
818 849
818 819
818 820
818 821
818 855
818 799
819 801
819 805
819 813
819 846
819 847
819 848
819 849
819 818
819 820
819 821
819 822
819 823
819 824
819 825
819 666
819 799
820 818
820 819
820 821
821 855
821 818
821 819
821 820
821 850
821 822
821 823
821 856
821 796
821 799
822 819
822 821
822 823
823 802
823 776
823 813
823 850
823 819
823 851
823 821
823 822
823 852
823 824
823 853
823 598
823 854
823 796
823 797
823 862
824 819
824 813
824 823
825 666
825 819
825 813
826 666
826 827
826 813
827 864
827 828
827 809
827 813
827 781
827 666
827 698
827 826
827 829
827 863
828 698
828 666
828 827
829 698
829 827
829 781
830 696
830 698
830 781
831 832
831 833
831 875
831 759
831 762
831 859
831 860
831 861
832 833
832 834
832 835
832 868
832 869
832 875
832 876
832 759
832 859
832 831
833 832
833 759
833 831
834 832
834 835
834 836
834 837
834 868
834 869
834 870
834 872
834 810
834 784
834 628
834 788
834 759
834 792
834 857
834 858
835 832
835 834
835 759
836 834
836 628
836 759
837 784
837 834
837 628
838 784
838 625
838 628
839 760
839 769
839 765
840 760
840 769
840 773
841 760
841 777
841 773
842 760
842 777
842 759
843 777
843 631
843 759
844 628
844 631
844 759
845 666
845 668
845 805
846 666
846 819
846 805
847 801
847 819
847 805
848 801
848 819
848 799
849 818
849 819
849 799
850 796
850 821
850 823
851 796
851 797
851 823
852 802
852 797
852 823
853 802
853 598
853 823
854 776
854 598
854 823
855 818
855 821
855 799
856 796
856 821
856 799
857 792
857 834
857 788
858 784
858 834
858 788
859 832
859 868
859 873
859 810
859 874
859 875
859 876
859 762
859 860
859 831
860 762
860 859
860 831
861 762
861 759
861 831
862 776
862 813
862 823
863 809
863 827
863 813
864 809
864 827
864 781
865 809
865 781
865 783
866 809
866 787
866 783
867 809
867 787
867 791
868 832
868 834
868 869
868 870
868 873
868 810
868 876
868 859
869 832
869 834
869 868
870 810
870 868
870 834
871 792
871 810
871 795
872 792
872 834
872 810
873 810
873 859
873 868
874 762
874 859
874 810
875 832
875 859
875 831
876 832
876 859
876 868
877 768
877 772
877 764
878 1003
878 1004
878 1005
878 1006
878 879
878 880
878 881
878 1045
878 1046
878 989
879 1004
879 878
879 1006
879 880
879 881
879 882
879 883
879 884
879 885
879 1007
880 881
880 878
880 879
881 902
881 904
881 905
881 906
881 878
881 879
881 880
881 882
881 883
881 1046
881 1047
881 989
882 881
882 883
882 879
883 899
883 901
883 902
883 903
883 904
883 879
883 881
883 882
883 884
883 885
883 886
883 887
884 1004
884 879
884 1007
884 1008
884 883
884 885
884 886
884 887
884 888
884 889
885 883
885 884
885 879
886 883
886 884
886 887
887 896
887 898
887 899
887 900
887 901
887 883
887 884
887 886
887 888
887 889
887 890
887 891
888 1019
888 1035
888 1004
888 1036
888 1008
888 1009
888 1010
888 884
888 887
888 889
888 890
888 891
888 892
888 893
889 888
889 884
889 887
890 888
890 891
890 887
891 896
891 897
891 898
891 887
891 888
891 890
891 892
891 893
891 894
891 895
892 930
892 1019
892 1036
892 1010
892 984
892 982
892 983
892 888
892 1017
892 1018
892 891
892 893
892 894
892 895
893 888
893 891
893 892
894 896
894 897
894 912
894 1050
894 927
894 928
894 929
894 930
894 931
894 1099
894 1100
894 1102
894 1103
894 1104
894 982
894 1123
894 891
894 892
894 895
895 891
895 892
895 894
896 897
896 898
896 899
896 900
896 1069
896 1070
896 912
896 1104
896 1105
896 926
896 887
896 1050
896 891
896 894
896 927
897 896
897 891
897 894
898 896
898 891
898 887
899 896
899 1152
899 900
899 901
899 902
899 903
899 912
899 913
899 915
899 916
899 917
899 918
899 919
899 926
899 1066
899 1069
899 1070
899 1088
899 994
899 997
899 998
899 999
899 1127
899 883
899 887
899 1144
899 1145
899 1146
899 1022
899 1151
900 896
900 899
900 887
901 883
901 899
901 887
902 994
902 899
902 996
902 997
902 903
902 904
902 905
902 906
902 1127
902 1128
902 881
902 883
902 1144
903 883
903 899
903 902
904 881
904 883
904 902
905 902
905 906
905 1034
905 1047
905 1048
905 938
905 1077
905 950
905 951
905 952
905 1081
905 953
905 958
905 1090
905 1110
905 1111
905 1112
905 989
905 994
905 995
905 996
905 1127
905 1128
905 1129
905 881
906 905
906 902
906 881
907 933
907 969
907 908
907 909
907 942
907 910
907 944
907 945
907 946
907 947
907 978
907 979
907 980
907 981
908 1026
908 1027
908 1028
908 907
908 909
908 910
908 911
908 912
908 913
908 914
908 979
908 981
909 907
909 908
909 910
910 929
910 933
910 907
910 908
910 909
910 911
910 912
910 947
910 948
910 949
911 912
911 908
911 910
912 896
912 928
912 929
912 899
912 908
912 910
912 911
912 913
912 914
912 915
912 894
912 949
912 926
912 927
913 1026
913 899
913 1027
913 1032
913 908
913 912
913 914
913 915
913 916
913 917
914 912
914 913
914 908
915 912
915 913
915 899
916 899
916 1027
916 1031
916 1032
916 913
916 917
916 918
916 919
916 920
916 921
917 899
917 1066
917 1069
917 913
917 916
918 899
918 916
918 919
919 899
919 1033
919 1037
919 1039
919 916
919 1044
919 918
919 920
919 921
919 922
919 923
919 950
919 958
919 964
919 967
919 968
919 998
919 1001
919 1020
919 1021
919 1022
920 1027
920 1030
920 1031
920 916
920 919
920 921
920 922
920 923
920 924
920 925
921 920
921 916
921 919
922 920
922 923
922 919
923 969
923 970
923 971
923 972
923 973
923 1044
923 950
923 919
923 920
923 922
923 924
923 925
924 1027
924 1029
924 1030
924 969
924 970
924 1002
924 979
924 920
924 923
924 925
925 920
925 923
925 924
926 896
926 899
926 912
927 896
927 912
927 894
928 912
928 929
928 894
929 928
929 930
929 931
929 932
929 933
929 910
929 912
929 948
929 949
929 894
930 1157
930 1158
930 929
930 931
930 932
930 933
930 934
930 935
930 1082
930 956
930 957
930 1099
930 982
930 983
930 984
930 985
930 1120
930 1122
930 1123
930 892
930 894
931 929
931 930
931 894
932 929
932 930
932 933
933 929
933 930
933 932
933 934
933 935
933 936
933 937
933 907
933 910
933 944
933 946
933 947
933 948
933 1042
934 930
934 933
934 935
934 936
934 937
934 938
934 939
934 953
934 954
934 955
934 956
934 957
935 930
935 933
935 934
936 937
936 933
936 934
937 933
937 934
937 936
937 938
937 939
937 940
937 941
937 944
937 1042
937 1043
938 934
938 937
938 905
938 939
938 940
938 941
938 971
938 974
938 975
938 950
938 951
938 952
938 953
938 954
939 937
939 938
939 934
940 937
940 938
940 941
941 937
941 938
941 971
941 940
941 942
941 943
941 944
941 975
941 976
941 1043
942 969
942 907
942 971
942 941
942 943
942 944
942 945
942 976
942 977
942 978
943 944
943 941
943 942
944 933
944 937
944 907
944 941
944 942
944 943
944 945
944 946
944 1042
944 1043
945 944
945 907
945 942
946 944
946 907
946 933
947 907
947 933
947 910
948 929
948 933
948 910
949 912
949 929
949 910
950 905
950 938
950 971
950 1033
950 973
950 974
950 1034
950 919
950 1044
950 951
950 923
950 958
951 905
951 938
951 950
952 905
952 938
952 953
953 1082
953 934
953 905
953 938
953 1084
953 1085
953 1110
953 952
953 1048
953 954
953 955
953 956
953 989
953 990
953 1081
954 953
954 938
954 934
955 953
955 956
955 934
956 930
956 1082
956 934
956 987
956 1158
956 988
956 989
956 1085
956 983
956 953
956 986
956 955
956 985
956 957
956 990
957 930
957 956
957 934
958 960
958 961
958 992
958 993
958 994
958 995
958 905
958 1033
958 1034
958 1037
958 1038
958 1039
958 950
958 919
958 959
958 991
959 960
959 961
959 962
959 963
959 964
959 965
959 992
959 1024
959 1001
959 1023
959 958
959 991
960 961
960 958
960 959
961 960
961 962
961 963
961 967
961 1037
961 1038
961 1040
961 1041
961 958
961 959
962 961
962 963
962 959
963 961
963 962
963 964
963 965
963 966
963 967
963 1041
963 959
964 963
964 965
964 966
964 967
964 968
964 1001
964 919
964 1023
964 1020
964 959
965 963
965 964
965 959
966 963
966 964
966 967
967 961
967 963
967 964
967 966
967 968
967 1037
967 1040
967 1041
967 919
968 967
968 964
968 919
969 970
969 971
969 972
969 907
969 942
969 1002
969 977
969 978
969 979
969 980
969 923
969 924
970 969
970 923
970 924
971 969
971 938
971 972
971 973
971 974
971 975
971 941
971 976
971 942
971 977
971 950
971 923
972 969
972 971
972 923
973 923
973 950
973 971
974 938
974 971
974 950
975 938
975 971
975 941
976 971
976 941
976 942
977 969
977 971
977 942
978 969
978 907
978 942
979 1027
979 1028
979 1029
979 969
979 1002
979 907
979 908
979 980
979 981
979 924
980 969
980 979
980 907
981 907
981 908
981 979
982 930
982 892
982 894
983 930
983 892
983 1010
983 984
983 985
983 986
983 987
983 956
983 1017
983 1016
984 930
984 892
984 983
985 930
985 956
985 983
986 956
986 1010
986 1015
986 1013
986 983
986 1016
986 1049
986 987
986 988
986 989
987 986
987 956
987 983
988 986
988 956
988 989
989 905
989 988
989 1003
989 878
989 881
989 1047
989 1013
989 1014
989 1015
989 1045
989 953
989 986
989 1046
989 956
989 990
989 1048
990 953
990 956
990 989
991 992
991 958
991 959
992 1024
992 993
992 994
992 1025
992 1001
992 991
992 958
992 959
993 992
993 994
993 958
994 992
994 993
994 1025
994 995
994 996
994 899
994 902
994 997
994 998
994 905
994 999
994 1000
994 1001
994 958
995 905
995 994
995 958
996 905
996 994
996 902
997 994
997 899
997 902
998 994
998 899
998 999
998 1000
998 1001
998 919
998 1021
998 1022
999 994
999 899
999 998
1000 1001
1000 994
1000 998
1001 992
1001 1024
1001 994
1001 1025
1001 964
1001 998
1001 1000
1001 919
1001 1023
1001 1020
1001 1021
1001 959
1002 969
1002 979
1002 924
1003 1004
1003 1005
1003 878
1003 1010
1003 1011
1003 1012
1003 1013
1003 1014
1003 1045
1003 989
1004 1003
1004 1005
1004 878
1004 879
1004 1006
1004 1007
1004 1008
1004 1009
1004 884
1004 1010
1004 1011
1004 888
1005 1003
1005 1004
1005 878
1006 1004
1006 878
1006 879
1007 884
1007 1004
1007 879
1008 888
1008 884
1008 1004
1009 888
1009 1010
1009 1004
1010 1018
1010 1003
1010 1004
1010 1035
1010 1009
1010 1011
1010 1012
1010 1013
1010 983
1010 888
1010 1016
1010 986
1010 1019
1010 892
1010 1017
1010 1049
1011 1010
1011 1003
1011 1004
1012 1010
1012 1003
1012 1013
1013 1003
1013 1010
1013 1012
1013 1014
1013 1015
1013 1049
1013 986
1013 989
1014 1013
1014 1003
1014 989
1015 989
1015 986
1015 1013
1016 986
1016 1010
1016 983
1017 1010
1017 892
1017 983
1018 1010
1018 1019
1018 892
1019 1035
1019 1036
1019 1010
1019 888
1019 1018
1019 892
1020 1001
1020 964
1020 919
1021 1001
1021 998
1021 919
1022 899
1022 998
1022 919
1023 1001
1023 964
1023 959
1024 992
1024 1001
1024 959
1025 992
1025 1001
1025 994
1026 913
1026 1027
1026 908
1027 1026
1027 1028
1027 1029
1027 1030
1027 1031
1027 1032
1027 908
1027 913
1027 979
1027 916
1027 920
1027 924
1028 1027
1028 979
1028 908
1029 1027
1029 924
1029 979
1030 920
1030 1027
1030 924
1031 920
1031 1027
1031 916
1032 913
1032 1027
1032 916
1033 958
1033 950
1033 919
1034 905
1034 958
1034 950
1035 888
1035 1010
1035 1019
1036 888
1036 1019
1036 892
1037 961
1037 967
1037 1038
1037 1039
1037 1040
1037 919
1037 958
1038 961
1038 1037
1038 958
1039 1037
1039 958
1039 919
1040 961
1040 1037
1040 967
1041 961
1041 963
1041 967
1042 944
1042 937
1042 933
1043 944
1043 937
1043 941
1044 923
1044 950
1044 919
1045 1003
1045 989
1045 878
1046 881
1046 989
1046 878
1047 881
1047 905
1047 989
1048 905
1048 953
1048 989
1049 986
1049 1010
1049 1013
1050 896
1050 1065
1050 1162
1050 1163
1050 1100
1050 1069
1050 1164
1050 1103
1050 1104
1050 1105
1050 1106
1050 1107
1050 1135
1050 1071
1050 1051
1050 1052
1050 1053
1050 894
1051 1066
1051 1164
1051 1071
1051 1072
1051 1073
1051 1074
1051 1075
1051 1076
1051 1077
1051 1087
1051 1086
1051 1050
1051 1052
1051 1053
1051 1054
1051 1055
1052 1050
1052 1051
1052 1053
1053 1056
1053 1057
1053 1065
1053 1107
1053 1108
1053 1050
1053 1051
1053 1052
1053 1054
1053 1055
1054 1056
1054 1057
1054 1058
1054 1059
1054 1062
1054 1066
1054 1167
1054 1168
1054 1051
1054 1053
1054 1086
1054 1055
1055 1051
1055 1053
1055 1054
1056 1057
1056 1053
1056 1054
1057 1056
1057 1058
1057 1059
1057 1060
1057 1061
1057 1065
1057 1108
1057 1109
1057 1053
1057 1054
1058 1057
1058 1059
1058 1060
1058 1061
1058 1062
1058 1063
1058 1167
1058 1054
1059 1057
1059 1058
1059 1054
1060 1057
1060 1058
1060 1061
1061 1057
1061 1058
1061 1060
1061 1062
1061 1063
1061 1064
1061 1065
1061 1109
1062 1058
1062 1061
1062 1063
1062 1064
1062 1065
1062 1066
1062 1067
1062 1167
1062 1168
1062 1054
1063 1058
1063 1061
1063 1062
1064 1065
1064 1061
1064 1062
1065 1057
1065 1061
1065 1062
1065 1064
1065 1066
1065 1067
1065 1068
1065 1069
1065 1106
1065 1107
1065 1108
1065 1109
1065 1050
1065 1053
1066 1088
1066 1089
1066 1152
1066 899
1066 1062
1066 1065
1066 1067
1066 1068
1066 1069
1066 1168
1066 917
1066 1077
1066 1054
1066 1051
1066 1086
1066 1087
1067 1065
1067 1066
1067 1062
1068 1065
1068 1066
1068 1069
1069 896
1069 899
1069 1065
1069 1066
1069 1068
1069 1070
1069 1105
1069 1106
1069 917
1069 1050
1070 896
1070 899
1070 1069
1071 1163
1071 1164
1071 1135
1071 1072
1071 1073
1071 1136
1071 1050
1071 1051
1072 1159
1072 1071
1072 1135
1072 1073
1072 1074
1072 1075
1072 1136
1072 1137
1072 1138
1072 1051
1073 1072
1073 1051
1073 1071
1074 1153
1074 1156
1074 1159
1074 1160
1074 1100
1074 1072
1074 1137
1074 1075
1074 1076
1074 1077
1074 1078
1074 1079
1074 1114
1074 1051
1075 1072
1075 1074
1075 1051
1076 1074
1076 1051
1076 1077
1077 1088
1077 1089
1077 1090
1077 1091
1077 905
1077 1066
1077 1112
1077 1074
1077 1076
1077 1078
1077 1079
1077 1080
1077 1081
1077 1111
1077 1051
1077 1087
1078 1120
1078 1153
1078 1154
1078 1124
1078 1125
1078 1126
1078 1114
1078 1115
1078 1074
1078 1077
1078 1079
1078 1080
1078 1081
1078 1082
1078 1083
1078 1118
1079 1074
1079 1077
1079 1078
1080 1081
1080 1077
1080 1078
1081 905
1081 1077
1081 1078
1081 1110
1081 1080
1081 953
1081 1082
1081 1083
1081 1084
1081 1111
1082 1120
1082 930
1082 1157
1082 1126
1082 1158
1082 956
1082 1078
1082 953
1082 1083
1082 1084
1082 1085
1082 1081
1083 1081
1083 1082
1083 1078
1084 1081
1084 1082
1084 953
1085 953
1085 1082
1085 956
1086 1066
1086 1051
1086 1054
1087 1066
1087 1051
1087 1077
1088 1152
1088 1089
1088 1090
1088 1091
1088 1092
1088 1093
1088 899
1088 1066
1088 1139
1088 1077
1088 1141
1088 1145
1088 1148
1088 1149
1088 1150
1088 1151
1089 1088
1089 1066
1089 1077
1090 1088
1090 1091
1090 1092
1090 1093
1090 1094
1090 1095
1090 1127
1090 905
1090 1129
1090 1130
1090 1131
1090 1132
1090 1133
1090 1134
1090 1077
1090 1112
1091 1088
1091 1090
1091 1077
1092 1088
1092 1090
1092 1093
1093 1088
1093 1090
1093 1092
1093 1094
1093 1095
1093 1165
1093 1139
1093 1148
1094 1090
1094 1093
1094 1095
1094 1133
1094 1134
1094 1165
1094 1166
1094 1139
1095 1090
1095 1093
1095 1094
1096 1120
1096 1121
1096 1097
1096 1098
1096 1099
1096 1113
1096 1114
1096 1115
1096 1116
1096 1117
1096 1118
1096 1119
1097 1155
1097 1096
1097 1098
1097 1099
1097 1100
1097 1101
1097 1113
1097 1114
1098 1096
1098 1097
1098 1099
1099 1120
1099 1121
1099 1122
1099 930
1099 1123
1099 1096
1099 1097
1099 1098
1099 1100
1099 1101
1099 1102
1099 894
1100 1155
1100 1156
1100 1114
1100 1160
1100 1097
1100 1161
1100 1099
1100 1162
1100 1101
1100 1102
1100 1103
1100 1135
1100 1137
1100 1074
1100 1050
1100 894
1101 1097
1101 1099
1101 1100
1102 1099
1102 1100
1102 894
1103 1050
1103 1100
1103 894
1104 896
1104 1050
1104 894
1105 896
1105 1050
1105 1069
1106 1065
1106 1050
1106 1069
1107 1065
1107 1050
1107 1053
1108 1065
1108 1053
1108 1057
1109 1057
1109 1061
1109 1065
1110 953
1110 905
1110 1081
1111 1081
1111 905
1111 1077
1112 905
1112 1090
1112 1077
1113 1096
1113 1097
1113 1114
1114 1153
1114 1154
1114 1155
1114 1156
1114 1096
1114 1097
1114 1100
1114 1074
1114 1078
1114 1113
1114 1115
1114 1116
1115 1154
1115 1124
1115 1096
1115 1078
1115 1114
1115 1116
1115 1117
1115 1118
1116 1096
1116 1114
1116 1115
1117 1096
1117 1115
1117 1118
1118 1120
1118 1124
1118 1125
1118 1096
1118 1078
1118 1115
1118 1117
1118 1119
1119 1096
1119 1120
1119 1118
1120 1121
1120 1122
1120 930
1120 1125
1120 1126
1120 1157
1120 1096
1120 1099
1120 1078
1120 1082
1120 1118
1120 1119
1121 1096
1121 1099
1121 1120
1122 1120
1122 930
1122 1099
1123 930
1123 1099
1123 894
1124 1078
1124 1115
1124 1118
1125 1120
1125 1078
1125 1118
1126 1120
1126 1082
1126 1078
1127 1090
1127 899
1127 902
1127 1128
1127 905
1127 1129
1127 1130
1127 1131
1127 1141
1127 1143
1127 1144
1127 1145
1127 1146
1127 1147
1128 905
1128 902
1128 1127
1129 905
1129 1090
1129 1127
1130 1090
1130 1127
1130 1131
1130 1132
1130 1133
1130 1141
1130 1142
1130 1143
1131 1130
1131 1090
1131 1127
1132 1090
1132 1133
1132 1130
1133 1090
1133 1094
1133 1130
1133 1132
1133 1134
1133 1166
1133 1139
1133 1140
1133 1141
1133 1142
1134 1090
1134 1133
1134 1094
1135 1161
1135 1162
1135 1163
1135 1100
1135 1071
1135 1136
1135 1137
1135 1072
1135 1138
1135 1050
1136 1072
1136 1135
1136 1071
1137 1159
1137 1160
1137 1161
1137 1100
1137 1135
1137 1072
1137 1138
1137 1074
1138 1072
1138 1137
1138 1135
1139 1088
1139 1093
1139 1094
1139 1133
1139 1165
1139 1166
1139 1140
1139 1141
1139 1148
1139 1149
1140 1141
1140 1139
1140 1133
1141 1088
1141 1127
1141 1130
1141 1133
1141 1139
1141 1140
1141 1142
1141 1143
1141 1145
1141 1147
1141 1149
1141 1150
1142 1130
1142 1141
1142 1133
1143 1130
1143 1141
1143 1127
1144 899
1144 902
1144 1127
1145 1088
1145 899
1145 1127
1145 1141
1145 1146
1145 1147
1145 1150
1145 1151
1146 1145
1146 899
1146 1127
1147 1145
1147 1141
1147 1127
1148 1088
1148 1139
1148 1093
1149 1088
1149 1139
1149 1141
1150 1088
1150 1145
1150 1141
1151 1088
1151 1145
1151 899
1152 1088
1152 1066
1152 899
1153 1074
1153 1114
1153 1078
1154 1114
1154 1115
1154 1078
1155 1097
1155 1114
1155 1100
1156 1114
1156 1074
1156 1100
1157 1120
1157 930
1157 1082
1158 930
1158 1082
1158 956
1159 1072
1159 1137
1159 1074
1160 1137
1160 1074
1160 1100
1161 1137
1161 1100
1161 1135
1162 1050
1162 1100
1162 1135
1163 1050
1163 1071
1163 1135
1164 1050
1164 1051
1164 1071
1165 1139
1165 1093
1165 1094
1166 1139
1166 1133
1166 1094
1167 1062
1167 1058
1167 1054
1168 1066
1168 1062
1168 1054
1169 1443
1169 1444
1169 1170
1169 1171
1169 1172
1169 1205
1169 1207
1169 1208
1169 1209
1169 1439
1170 1378
1170 1169
1170 1171
1170 1172
1170 1173
1170 1174
1170 1208
1170 1209
1170 1210
1170 1211
1170 1212
1170 1213
1171 1169
1171 1170
1171 1172
1172 1169
1172 1170
1172 1171
1172 1202
1172 1173
1172 1174
1172 1175
1172 1176
1172 1204
1172 1205
1172 1206
1172 1207
1173 1217
1173 1378
1173 1379
1173 1380
1173 1221
1173 1381
1173 1382
1173 1383
1173 1450
1173 1170
1173 1172
1173 1174
1173 1175
1173 1176
1173 1177
1173 1178
1173 1213
1173 1374
1174 1170
1174 1172
1174 1173
1175 1176
1175 1172
1175 1173
1176 1199
1176 1201
1176 1202
1176 1203
1176 1172
1176 1173
1176 1204
1176 1175
1176 1177
1176 1178
1176 1179
1176 1180
1177 1383
1177 1450
1177 1451
1177 1173
1177 1176
1177 1178
1177 1179
1177 1180
1177 1181
1177 1182
1178 1176
1178 1177
1178 1173
1179 1176
1179 1177
1179 1180
1180 1184
1180 1196
1180 1198
1180 1199
1180 1200
1180 1201
1180 1176
1180 1177
1180 1179
1180 1181
1180 1182
1180 1183
1181 1184
1181 1185
1181 1186
1181 1383
1181 1385
1181 1386
1181 1387
1181 1451
1181 1237
1181 1177
1181 1371
1181 1180
1181 1182
1181 1183
1182 1177
1182 1180
1182 1181
1183 1184
1183 1180
1183 1181
1184 1185
1184 1186
1184 1187
1184 1188
1184 1193
1184 1195
1184 1196
1184 1197
1184 1198
1184 1180
1184 1181
1184 1183
1185 1184
1185 1186
1185 1187
1185 1188
1185 1189
1185 1190
1185 1245
1185 1387
1185 1237
1185 1238
1185 1240
1185 1241
1185 1242
1185 1243
1185 1244
1185 1181
1186 1184
1186 1185
1186 1181
1187 1184
1187 1185
1187 1188
1188 1184
1188 1185
1188 1187
1188 1189
1188 1190
1188 1191
1188 1192
1188 1193
1188 1194
1188 1195
1189 1408
1189 1185
1189 1409
1189 1188
1189 1190
1189 1191
1189 1192
1189 1362
1189 1366
1189 1399
1189 1370
1189 1244
1189 1245
1189 1407
1190 1185
1190 1188
1190 1189
1191 1440
1191 1409
1191 1188
1191 1189
1191 1192
1191 1193
1191 1194
1191 1449
1191 1370
1191 1439
1192 1188
1192 1189
1192 1191
1193 1184
1193 1188
1193 1191
1193 1448
1193 1449
1193 1194
1193 1195
1193 1196
1193 1197
1193 1439
1194 1193
1194 1188
1194 1191
1195 1184
1195 1193
1195 1188
1196 1184
1196 1447
1196 1448
1196 1193
1196 1197
1196 1198
1196 1199
1196 1200
1196 1180
1196 1439
1197 1184
1197 1193
1197 1196
1198 1184
1198 1180
1198 1196
1199 1446
1199 1447
1199 1196
1199 1200
1199 1201
1199 1202
1199 1203
1199 1176
1199 1180
1199 1439
1200 1180
1200 1196
1200 1199
1201 1176
1201 1180
1201 1199
1202 1445
1202 1446
1202 1199
1202 1203
1202 1172
1202 1204
1202 1205
1202 1206
1202 1176
1202 1439
1203 1176
1203 1202
1203 1199
1204 1176
1204 1202
1204 1172
1205 1444
1205 1445
1205 1169
1205 1202
1205 1172
1205 1206
1205 1207
1205 1439
1206 1202
1206 1172
1206 1205
1207 1169
1207 1172
1207 1205
1208 1442
1208 1443
1208 1412
1208 1169
1208 1170
1208 1367
1208 1209
1208 1210
1208 1211
1208 1439
1209 1208
1209 1169
1209 1170
1210 1410
1210 1411
1210 1412
1210 1170
1210 1363
1210 1367
1210 1208
1210 1211
1210 1212
1210 1213
1210 1214
1210 1215
1211 1208
1211 1210
1211 1170
1212 1210
1212 1170
1212 1213
1213 1216
1213 1217
1213 1378
1213 1379
1213 1170
1213 1173
1213 1210
1213 1212
1213 1214
1213 1215
1214 1216
1214 1217
1214 1218
1214 1219
1214 1410
1214 1359
1214 1360
1214 1361
1214 1362
1214 1363
1214 1364
1214 1210
1214 1213
1214 1215
1215 1210
1215 1213
1215 1214
1216 1217
1216 1213
1216 1214
1217 1216
1217 1218
1217 1219
1217 1220
1217 1221
1217 1379
1217 1380
1217 1173
1217 1213
1217 1214
1218 1217
1218 1219
1218 1220
1218 1221
1218 1222
1218 1223
1218 1356
1218 1357
1218 1358
1218 1359
1218 1360
1218 1214
1219 1217
1219 1218
1219 1214
1220 1217
1220 1218
1220 1221
1221 1217
1221 1218
1221 1377
1221 1220
1221 1380
1221 1222
1221 1223
1221 1224
1221 1225
1221 1381
1221 1173
1221 1374
1222 1218
1222 1221
1222 1223
1222 1224
1222 1225
1222 1226
1222 1227
1222 1356
1222 1357
1222 1428
1222 1462
1222 1463
1223 1218
1223 1221
1223 1222
1224 1225
1224 1221
1224 1222
1225 1376
1225 1377
1225 1221
1225 1222
1225 1224
1225 1226
1225 1227
1225 1228
1225 1229
1225 1374
1226 1222
1226 1225
1226 1227
1226 1228
1226 1229
1226 1230
1226 1231
1226 1427
1226 1428
1226 1462
1227 1225
1227 1226
1227 1222
1228 1225
1228 1226
1228 1229
1229 1376
1229 1225
1229 1226
1229 1228
1229 1230
1229 1231
1229 1232
1229 1233
1229 1371
1229 1373
1229 1374
1229 1375
1230 1226
1230 1229
1230 1231
1230 1232
1230 1233
1230 1234
1230 1235
1230 1427
1230 1428
1230 1429
1231 1226
1231 1229
1231 1230
1232 1233
1232 1229
1232 1230
1233 1229
1233 1230
1233 1232
1233 1234
1233 1235
1233 1236
1233 1237
1233 1371
1233 1372
1233 1373
1234 1431
1234 1230
1234 1233
1234 1235
1234 1236
1234 1237
1234 1238
1234 1239
1234 1429
1234 1428
1234 1430
1234 1460
1235 1233
1235 1234
1235 1230
1236 1233
1236 1234
1236 1237
1237 1185
1237 1386
1237 1387
1237 1233
1237 1234
1237 1236
1237 1238
1237 1239
1237 1240
1237 1371
1237 1372
1237 1181
1238 1185
1238 1402
1238 1234
1238 1458
1238 1459
1238 1237
1238 1430
1238 1239
1238 1240
1238 1241
1238 1242
1238 1460
1239 1234
1239 1237
1239 1238
1240 1185
1240 1237
1240 1238
1241 1185
1241 1402
1241 1359
1241 1362
1241 1403
1241 1458
1241 1238
1241 1400
1241 1401
1241 1242
1241 1243
1241 1244
1242 1241
1242 1185
1242 1238
1243 1185
1243 1244
1243 1241
1244 1185
1244 1189
1244 1362
1244 1399
1244 1400
1244 1241
1244 1243
1244 1245
1245 1185
1245 1244
1245 1189
1246 1248
1246 1249
1246 1423
1246 1424
1246 1425
1246 1332
1246 1333
1246 1334
1246 1335
1246 1247
1247 1248
1247 1249
1247 1250
1247 1251
1247 1252
1247 1253
1247 1333
1247 1335
1247 1336
1247 1337
1247 1338
1247 1246
1248 1249
1248 1246
1248 1247
1249 1248
1249 1250
1249 1251
1249 1284
1249 1285
1249 1286
1249 1287
1249 1423
1249 1425
1249 1426
1249 1246
1249 1247
1250 1249
1250 1251
1250 1247
1251 1249
1251 1250
1251 1252
1251 1253
1251 1254
1251 1255
1251 1287
1251 1286
1251 1288
1251 1289
1251 1290
1251 1247
1252 1251
1252 1253
1252 1254
1252 1255
1252 1256
1252 1257
1252 1336
1252 1338
1252 1339
1252 1340
1252 1341
1252 1247
1253 1251
1253 1252
1253 1247
1254 1251
1254 1252
1254 1255
1255 1251
1255 1252
1255 1254
1255 1256
1255 1257
1255 1258
1255 1259
1255 1290
1255 1289
1255 1291
1255 1292
1255 1293
1256 1344
1256 1252
1256 1255
1256 1257
1256 1258
1256 1259
1256 1260
1256 1261
1256 1339
1256 1341
1256 1342
1256 1343
1257 1256
1257 1252
1257 1255
1258 1256
1258 1259
1258 1255
1259 1255
1259 1256
1259 1258
1259 1260
1259 1261
1259 1262
1259 1263
1259 1293
1259 1292
1259 1294
1259 1295
1259 1296
1260 1344
1260 1415
1260 1256
1260 1259
1260 1419
1260 1261
1260 1262
1260 1263
1260 1264
1260 1265
1260 1420
1260 1342
1261 1256
1261 1259
1261 1260
1262 1259
1262 1260
1262 1263
1263 1259
1263 1260
1263 1262
1263 1295
1263 1264
1263 1265
1263 1266
1263 1267
1263 1296
1263 1297
1264 1415
1264 1418
1264 1419
1264 1260
1264 1263
1264 1265
1264 1266
1264 1267
1264 1268
1264 1269
1265 1264
1265 1260
1265 1263
1266 1264
1266 1267
1266 1263
1267 1315
1267 1316
1267 1317
1267 1263
1267 1264
1267 1297
1267 1266
1267 1295
1267 1268
1267 1269
1267 1270
1267 1271
1268 1415
1268 1417
1268 1418
1268 1264
1268 1267
1268 1269
1268 1270
1268 1271
1268 1272
1268 1273
1269 1264
1269 1267
1269 1268
1270 1267
1270 1268
1270 1271
1271 1315
1271 1317
1271 1318
1271 1267
1271 1268
1271 1270
1271 1272
1271 1273
1271 1274
1271 1275
1272 1413
1272 1415
1272 1416
1272 1417
1272 1455
1272 1268
1272 1271
1272 1273
1272 1274
1272 1275
1272 1276
1272 1277
1273 1272
1273 1268
1273 1271
1274 1272
1274 1275
1274 1271
1275 1315
1275 1318
1275 1319
1275 1320
1275 1321
1275 1271
1275 1272
1275 1274
1275 1276
1275 1277
1275 1278
1275 1279
1276 1280
1276 1281
1276 1348
1276 1413
1276 1455
1276 1456
1276 1457
1276 1272
1276 1275
1276 1277
1276 1278
1276 1279
1277 1272
1277 1275
1277 1276
1278 1275
1278 1276
1278 1279
1279 1280
1279 1281
1279 1282
1279 1283
1279 1320
1279 1321
1279 1322
1279 1323
1279 1324
1279 1331
1279 1301
1279 1275
1279 1276
1279 1278
1280 1281
1280 1282
1280 1283
1280 1348
1280 1349
1280 1350
1280 1351
1280 1457
1280 1336
1280 1339
1280 1276
1280 1279
1281 1280
1281 1276
1281 1279
1282 1280
1282 1283
1282 1279
1283 1280
1283 1282
1283 1351
1283 1352
1283 1353
1283 1323
1283 1329
1283 1330
1283 1331
1283 1333
1283 1336
1283 1279
1284 1249
1284 1285
1284 1286
1284 1390
1284 1423
1284 1426
1284 1395
1284 1397
1284 1398
1284 1433
1285 1249
1285 1284
1285 1286
1286 1249
1286 1251
1286 1284
1286 1285
1286 1287
1286 1288
1286 1289
1286 1292
1286 1388
1286 1389
1286 1390
1286 1398
1287 1249
1287 1251
1287 1286
1288 1289
1288 1251
1288 1286
1289 1251
1289 1286
1289 1255
1289 1288
1289 1290
1289 1291
1289 1292
1289 1388
1290 1289
1290 1251
1290 1255
1291 1289
1291 1292
1291 1255
1292 1312
1292 1313
1292 1286
1292 1255
1292 1289
1292 1291
1292 1259
1292 1293
1292 1294
1292 1295
1292 1388
1292 1389
1292 1390
1292 1391
1292 1306
1292 1309
1292 1310
1292 1311
1293 1259
1293 1292
1293 1255
1294 1259
1294 1292
1294 1295
1295 1312
1295 1313
1295 1314
1295 1315
1295 1316
1295 1259
1295 1292
1295 1294
1295 1263
1295 1296
1295 1297
1295 1267
1296 1259
1296 1295
1296 1263
1297 1263
1297 1267
1297 1295
1298 1323
1298 1325
1298 1326
1298 1327
1298 1423
1298 1299
1298 1300
1298 1301
1298 1437
1298 1438
1299 1423
1299 1298
1299 1300
1299 1301
1299 1302
1299 1303
1299 1436
1299 1437
1300 1298
1300 1299
1300 1301
1301 1320
1301 1322
1301 1323
1301 1324
1301 1325
1301 1452
1301 1298
1301 1299
1301 1300
1301 1302
1301 1303
1301 1304
1301 1305
1301 1279
1302 1423
1302 1393
1302 1394
1302 1299
1302 1435
1302 1301
1302 1303
1302 1304
1302 1305
1302 1306
1302 1307
1302 1436
1303 1299
1303 1301
1303 1302
1304 1305
1304 1301
1304 1302
1305 1312
1305 1320
1305 1452
1305 1453
1305 1466
1305 1301
1305 1302
1305 1304
1305 1306
1305 1307
1305 1308
1305 1309
1306 1292
1306 1390
1306 1391
1306 1392
1306 1393
1306 1394
1306 1302
1306 1305
1306 1307
1306 1308
1306 1309
1306 1310
1307 1305
1307 1306
1307 1302
1308 1305
1308 1306
1308 1309
1309 1312
1309 1292
1309 1466
1309 1305
1309 1306
1309 1308
1309 1310
1309 1311
1310 1306
1310 1292
1310 1309
1311 1312
1311 1292
1311 1309
1312 1313
1312 1314
1312 1315
1312 1320
1312 1292
1312 1453
1312 1454
1312 1295
1312 1305
1312 1466
1312 1309
1312 1311
1313 1312
1313 1292
1313 1295
1314 1312
1314 1315
1314 1295
1315 1312
1315 1314
1315 1316
1315 1317
1315 1318
1315 1319
1315 1320
1315 1454
1315 1295
1315 1267
1315 1271
1315 1275
1316 1315
1316 1267
1316 1295
1317 1271
1317 1315
1317 1267
1318 1315
1318 1275
1318 1271
1319 1320
1319 1315
1319 1275
1320 1312
1320 1315
1320 1319
1320 1321
1320 1322
1320 1452
1320 1453
1320 1454
1320 1301
1320 1305
1320 1275
1320 1279
1321 1320
1321 1275
1321 1279
1322 1320
1322 1301
1322 1279
1323 1283
1323 1324
1323 1325
1323 1326
1323 1327
1323 1328
1323 1329
1323 1298
1323 1330
1323 1331
1323 1301
1323 1279
1324 1323
1324 1301
1324 1279
1325 1298
1325 1323
1325 1301
1326 1323
1326 1355
1326 1422
1326 1327
1326 1328
1326 1329
1326 1298
1326 1423
1326 1332
1326 1438
1327 1298
1327 1323
1327 1326
1328 1329
1328 1323
1328 1326
1329 1283
1329 1353
1329 1354
1329 1323
1329 1355
1329 1326
1329 1328
1329 1330
1329 1332
1329 1333
1330 1283
1330 1329
1330 1323
1331 1283
1331 1323
1331 1279
1332 1354
1332 1355
1332 1326
1332 1422
1332 1423
1332 1329
1332 1424
1332 1333
1332 1334
1332 1246
1333 1283
1333 1352
1333 1353
1333 1354
1333 1329
1333 1332
1333 1334
1333 1335
1333 1336
1333 1337
1333 1246
1333 1247
1334 1332
1334 1333
1334 1246
1335 1333
1335 1246
1335 1247
1336 1280
1336 1283
1336 1252
1336 1350
1336 1351
1336 1352
1336 1333
1336 1337
1336 1338
1336 1339
1336 1340
1336 1247
1337 1336
1337 1333
1337 1247
1338 1336
1338 1252
1338 1247
1339 1280
1339 1345
1339 1346
1339 1347
1339 1252
1339 1348
1339 1349
1339 1350
1339 1256
1339 1336
1339 1340
1339 1341
1339 1342
1339 1343
1340 1336
1340 1339
1340 1252
1341 1256
1341 1339
1341 1252
1342 1344
1342 1345
1342 1346
1342 1415
1342 1256
1342 1260
1342 1420
1342 1421
1342 1339
1342 1343
1343 1256
1343 1339
1343 1342
1344 1256
1344 1260
1344 1342
1345 1346
1345 1347
1345 1348
1345 1413
1345 1414
1345 1415
1345 1421
1345 1465
1345 1339
1345 1342
1346 1345
1346 1339
1346 1342
1347 1345
1347 1339
1347 1348
1348 1280
1348 1345
1348 1347
1348 1349
1348 1413
1348 1456
1348 1457
1348 1465
1348 1339
1348 1276
1349 1280
1349 1339
1349 1348
1350 1336
1350 1280
1350 1339
1351 1280
1351 1336
1351 1283
1352 1336
1352 1283
1352 1333
1353 1329
1353 1283
1353 1333
1354 1329
1354 1332
1354 1333
1355 1329
1355 1332
1355 1326
1356 1218
1356 1357
1356 1222
1357 1218
1357 1222
1357 1356
1357 1358
1357 1359
1357 1428
1357 1463
1357 1464
1357 1405
1357 1406
1358 1218
1358 1357
1358 1359
1359 1218
1359 1406
1359 1401
1359 1357
1359 1358
1359 1360
1359 1361
1359 1362
1359 1241
1359 1402
1359 1403
1359 1404
1359 1405
1359 1214
1360 1218
1360 1214
1360 1359
1361 1362
1361 1214
1361 1359
1362 1189
1362 1401
1362 1359
1362 1361
1362 1363
1362 1364
1362 1365
1362 1366
1362 1399
1362 1400
1362 1241
1362 1244
1362 1214
1362 1407
1363 1410
1363 1411
1363 1362
1363 1364
1363 1365
1363 1366
1363 1367
1363 1368
1363 1210
1363 1214
1364 1362
1364 1363
1364 1214
1365 1362
1365 1363
1365 1366
1366 1408
1366 1189
1366 1362
1366 1363
1366 1365
1366 1367
1366 1368
1366 1369
1366 1370
1366 1407
1367 1441
1367 1442
1367 1411
1367 1412
1367 1210
1367 1363
1367 1366
1367 1368
1367 1369
1367 1370
1367 1208
1367 1439
1368 1363
1368 1366
1368 1367
1369 1370
1369 1366
1369 1367
1370 1408
1370 1409
1370 1440
1370 1441
1370 1189
1370 1191
1370 1366
1370 1367
1370 1369
1370 1439
1371 1383
1371 1384
1371 1385
1371 1386
1371 1229
1371 1233
1371 1237
1371 1181
1371 1372
1371 1373
1371 1374
1371 1375
1372 1233
1372 1371
1372 1237
1373 1233
1373 1371
1373 1229
1374 1376
1374 1377
1374 1221
1374 1381
1374 1382
1374 1383
1374 1225
1374 1384
1374 1229
1374 1173
1374 1371
1374 1375
1375 1371
1375 1229
1375 1374
1376 1225
1376 1229
1376 1374
1377 1225
1377 1221
1377 1374
1378 1170
1378 1213
1378 1173
1379 1217
1379 1173
1379 1213
1380 1217
1380 1221
1380 1173
1381 1173
1381 1221
1381 1374
1382 1173
1382 1374
1382 1383
1383 1382
1383 1384
1383 1385
1383 1450
1383 1451
1383 1173
1383 1177
1383 1371
1383 1181
1383 1374
1384 1371
1384 1374
1384 1383
1385 1371
1385 1181
1385 1383
1386 1371
1386 1237
1386 1181
1387 1237
1387 1185
1387 1181
1388 1289
1388 1292
1388 1286
1389 1390
1389 1292
1389 1286
1390 1284
1390 1286
1390 1292
1390 1389
1390 1391
1390 1392
1390 1393
1390 1395
1390 1396
1390 1397
1390 1398
1390 1306
1391 1306
1391 1292
1391 1390
1392 1393
1392 1306
1392 1390
1393 1390
1393 1434
1393 1392
1393 1423
1393 1394
1393 1395
1393 1396
1393 1302
1393 1306
1393 1435
1394 1393
1394 1306
1394 1302
1395 1284
1395 1390
1395 1423
1395 1393
1395 1396
1395 1397
1395 1433
1395 1434
1396 1393
1396 1395
1396 1390
1397 1395
1397 1284
1397 1390
1398 1284
1398 1390
1398 1286
1399 1362
1399 1244
1399 1189
1400 1241
1400 1362
1400 1244
1401 1241
1401 1362
1401 1359
1402 1359
1402 1458
1402 1459
1402 1461
1402 1238
1402 1430
1402 1241
1402 1403
1402 1404
1402 1405
1403 1241
1403 1402
1403 1359
1404 1402
1404 1405
1404 1359
1405 1464
1405 1357
1405 1359
1405 1428
1405 1461
1405 1430
1405 1432
1405 1402
1405 1404
1405 1406
1406 1357
1406 1405
1406 1359
1407 1362
1407 1189
1407 1366
1408 1370
1408 1189
1408 1366
1409 1370
1409 1189
1409 1191
1410 1210
1410 1363
1410 1214
1411 1210
1411 1363
1411 1367
1412 1208
1412 1210
1412 1367
1413 1345
1413 1348
1413 1414
1413 1415
1413 1416
1413 1455
1413 1456
1413 1272
1413 1465
1413 1276
1414 1345
1414 1413
1414 1415
1415 1345
1415 1413
1415 1414
1415 1416
1415 1417
1415 1418
1415 1419
1415 1260
1415 1420
1415 1421
1415 1264
1415 1268
1415 1272
1415 1342
1416 1272
1416 1413
1416 1415
1417 1272
1417 1268
1417 1415
1418 1264
1418 1268
1418 1415
1419 1264
1419 1260
1419 1415
1420 1260
1420 1342
1420 1415
1421 1345
1421 1342
1421 1415
1422 1332
1422 1326
1422 1423
1423 1284
1423 1422
1423 1424
1423 1425
1423 1426
1423 1299
1423 1298
1423 1302
1423 1433
1423 1434
1423 1435
1423 1436
1423 1437
1423 1438
1423 1326
1423 1332
1423 1246
1423 1249
1423 1393
1423 1395
1424 1332
1424 1246
1424 1423
1425 1249
1425 1246
1425 1423
1426 1249
1426 1284
1426 1423
1427 1226
1427 1428
1427 1230
1428 1463
1428 1222
1428 1464
1428 1226
1428 1357
1428 1230
1428 1234
1428 1427
1428 1429
1428 1430
1428 1431
1428 1432
1428 1462
1428 1405
1429 1234
1429 1428
1429 1230
1430 1234
1430 1459
1430 1428
1430 1460
1430 1238
1430 1431
1430 1432
1430 1461
1430 1402
1430 1405
1431 1234
1431 1428
1431 1430
1432 1428
1432 1405
1432 1430
1433 1395
1433 1284
1433 1423
1434 1393
1434 1395
1434 1423
1435 1393
1435 1302
1435 1423
1436 1299
1436 1302
1436 1423
1437 1298
1437 1299
1437 1423
1438 1298
1438 1326
1438 1423
1439 1169
1439 1440
1439 1441
1439 1442
1439 1443
1439 1444
1439 1445
1439 1446
1439 1191
1439 1447
1439 1193
1439 1448
1439 1449
1439 1196
1439 1199
1439 1202
1439 1205
1439 1208
1439 1367
1439 1370
1440 1191
1440 1370
1440 1439
1441 1439
1441 1370
1441 1367
1442 1208
1442 1439
1442 1367
1443 1208
1443 1169
1443 1439
1444 1169
1444 1205
1444 1439
1445 1202
1445 1205
1445 1439
1446 1199
1446 1202
1446 1439
1447 1439
1447 1196
1447 1199
1448 1193
1448 1196
1448 1439
1449 1193
1449 1191
1449 1439
1450 1177
1450 1173
1450 1383
1451 1177
1451 1181
1451 1383
1452 1320
1452 1305
1452 1301
1453 1312
1453 1305
1453 1320
1454 1320
1454 1312
1454 1315
1455 1272
1455 1276
1455 1413
1456 1348
1456 1413
1456 1276
1457 1280
1457 1276
1457 1348
1458 1241
1458 1402
1458 1238
1459 1402
1459 1430
1459 1238
1460 1234
1460 1430
1460 1238
1461 1402
1461 1405
1461 1430
1462 1226
1462 1428
1462 1222
1463 1428
1463 1357
1463 1222
1464 1405
1464 1428
1464 1357
1465 1345
1465 1348
1465 1413
1466 1312
1466 1305
1466 1309
1467 1534
1467 1546
1467 1547
1467 1548
1467 1486
1467 1487
1467 1489
1467 1490
1467 1468
1467 1469
1467 1470
1467 1535
1468 1472
1468 1511
1468 1640
1468 1641
1468 1487
1468 1490
1468 1650
1468 1492
1468 1651
1468 1495
1468 1467
1468 1469
1468 1470
1468 1471
1469 1467
1469 1468
1469 1470
1470 1472
1470 1473
1470 1474
1470 1544
1470 1545
1470 1546
1470 1530
1470 1467
1470 1468
1470 1469
1470 1534
1470 1471
1471 1472
1471 1473
1471 1474
1471 1475
1471 1476
1471 1511
1471 1649
1471 1650
1471 1468
1471 1470
1472 1468
1472 1470
1472 1471
1473 1474
1473 1470
1473 1471
1474 1473
1474 1475
1474 1476
1474 1477
1474 1478
1474 1542
1474 1543
1474 1544
1474 1526
1474 1530
1474 1470
1474 1471
1475 1474
1475 1507
1475 1476
1475 1477
1475 1478
1475 1479
1475 1480
1475 1511
1475 1647
1475 1648
1475 1649
1475 1471
1476 1474
1476 1475
1476 1471
1477 1474
1477 1475
1477 1478
1478 1474
1478 1475
1478 1540
1478 1477
1478 1541
1478 1479
1478 1480
1478 1481
1478 1482
1478 1542
1478 1522
1478 1526
1479 1475
1479 1507
1479 1478
1479 1480
1479 1481
1479 1482
1479 1483
1479 1484
1479 1645
1479 1646
1479 1647
1479 1503
1480 1475
1480 1478
1480 1479
1481 1482
1481 1478
1481 1479
1482 1538
1482 1539
1482 1540
1482 1478
1482 1479
1482 1481
1482 1483
1482 1484
1482 1485
1482 1486
1482 1518
1482 1522
1483 1479
1483 1482
1483 1643
1483 1484
1483 1485
1483 1486
1483 1487
1483 1488
1483 1644
1483 1645
1483 1499
1483 1503
1484 1482
1484 1483
1484 1479
1485 1482
1485 1483
1485 1486
1486 1537
1486 1538
1486 1482
1486 1483
1486 1548
1486 1485
1486 1518
1486 1487
1486 1488
1486 1489
1486 1467
1486 1535
1487 1641
1487 1642
1487 1483
1487 1643
1487 1486
1487 1488
1487 1489
1487 1490
1487 1499
1487 1495
1487 1467
1487 1468
1488 1483
1488 1486
1488 1487
1489 1467
1489 1486
1489 1487
1490 1467
1490 1468
1490 1487
1491 1591
1491 1510
1491 1511
1491 1513
1491 1514
1491 1586
1491 1492
1491 1493
1491 1494
1491 1588
1491 1589
1491 1590
1491 1652
1491 1567
1492 1511
1492 1640
1492 1514
1492 1491
1492 1651
1492 1493
1492 1494
1492 1495
1492 1496
1492 1468
1493 1491
1493 1492
1493 1494
1494 1583
1494 1585
1494 1586
1494 1491
1494 1492
1494 1493
1494 1587
1494 1495
1494 1496
1494 1497
1494 1498
1494 1588
1495 1468
1495 1640
1495 1641
1495 1642
1495 1487
1495 1492
1495 1494
1495 1496
1495 1497
1495 1498
1495 1499
1495 1500
1496 1492
1496 1494
1496 1495
1497 1498
1497 1494
1497 1495
1498 1580
1498 1582
1498 1583
1498 1584
1498 1585
1498 1494
1498 1495
1498 1497
1498 1499
1498 1500
1498 1501
1498 1502
1499 1504
1499 1642
1499 1483
1499 1643
1499 1644
1499 1487
1499 1495
1499 1498
1499 1500
1499 1501
1499 1502
1499 1503
1500 1498
1500 1499
1500 1495
1501 1498
1501 1499
1501 1502
1502 1504
1502 1505
1502 1506
1502 1576
1502 1577
1502 1579
1502 1580
1502 1581
1502 1582
1502 1811
1502 1498
1502 1499
1502 1501
1502 1503
1503 1504
1503 1505
1503 1506
1503 1507
1503 1508
1503 1479
1503 1483
1503 1644
1503 1645
1503 1646
1503 1499
1503 1502
1504 1499
1504 1502
1504 1503
1505 1506
1505 1502
1505 1503
1506 1505
1506 1507
1506 1508
1506 1509
1506 1510
1506 1576
1506 1811
1506 1654
1506 1787
1506 1788
1506 1502
1506 1503
1507 1506
1507 1475
1507 1508
1507 1509
1507 1510
1507 1511
1507 1512
1507 1479
1507 1646
1507 1647
1507 1648
1507 1503
1508 1506
1508 1507
1508 1503
1509 1506
1509 1507
1509 1510
1510 1506
1510 1507
1510 1509
1510 1511
1510 1512
1510 1513
1510 1491
1510 1652
1510 1653
1510 1654
1510 1591
1510 1787
1511 1507
1511 1475
1511 1510
1511 1512
1511 1513
1511 1514
1511 1648
1511 1649
1511 1650
1511 1491
1511 1492
1511 1651
1511 1468
1511 1471
1512 1507
1512 1510
1512 1511
1513 1491
1513 1510
1513 1511
1514 1491
1514 1492
1514 1511
1515 1802
1515 1803
1515 1516
1515 1517
1515 1518
1515 1804
1515 1805
1515 1810
1515 1531
1515 1535
1516 1515
1516 1804
1516 1517
1516 1518
1516 1519
1516 1520
1516 1805
1516 1806
1517 1515
1517 1516
1517 1518
1518 1537
1518 1538
1518 1539
1518 1482
1518 1515
1518 1516
1518 1517
1518 1486
1518 1519
1518 1520
1518 1521
1518 1522
1518 1803
1518 1535
1519 1516
1519 1804
1519 1518
1519 1806
1519 1520
1519 1521
1519 1522
1519 1523
1519 1524
1519 1807
1520 1516
1520 1518
1520 1519
1521 1522
1521 1518
1521 1519
1522 1539
1522 1540
1522 1541
1522 1478
1522 1482
1522 1518
1522 1519
1522 1521
1522 1523
1522 1524
1522 1525
1522 1526
1523 1804
1523 1519
1523 1807
1523 1808
1523 1522
1523 1524
1523 1525
1523 1526
1523 1527
1523 1528
1524 1522
1524 1523
1524 1519
1525 1522
1525 1523
1525 1526
1526 1474
1526 1541
1526 1478
1526 1542
1526 1543
1526 1522
1526 1523
1526 1525
1526 1527
1526 1528
1526 1529
1526 1530
1527 1804
1527 1808
1527 1809
1527 1523
1527 1526
1527 1528
1527 1529
1527 1530
1527 1531
1527 1532
1528 1523
1528 1526
1528 1527
1529 1530
1529 1526
1529 1527
1530 1474
1530 1470
1530 1543
1530 1544
1530 1545
1530 1526
1530 1527
1530 1529
1530 1531
1530 1532
1530 1533
1530 1534
1531 1536
1531 1802
1531 1515
1531 1804
1531 1809
1531 1810
1531 1527
1531 1530
1531 1532
1531 1533
1531 1534
1531 1535
1532 1530
1532 1531
1532 1527
1533 1530
1533 1531
1533 1534
1534 1536
1534 1545
1534 1546
1534 1547
1534 1467
1534 1530
1534 1531
1534 1533
1534 1470
1534 1535
1535 1536
1535 1537
1535 1802
1535 1547
1535 1548
1535 1515
1535 1518
1535 1486
1535 1803
1535 1467
1535 1531
1535 1534
1536 1531
1536 1534
1536 1535
1537 1486
1537 1518
1537 1535
1538 1518
1538 1482
1538 1486
1539 1482
1539 1522
1539 1518
1540 1482
1540 1522
1540 1478
1541 1522
1541 1478
1541 1526
1542 1526
1542 1474
1542 1478
1543 1474
1543 1530
1543 1526
1544 1474
1544 1530
1544 1470
1545 1530
1545 1470
1545 1534
1546 1534
1546 1467
1546 1470
1547 1467
1547 1534
1547 1535
1548 1467
1548 1486
1548 1535
1549 1792
1549 1793
1549 1570
1549 1571
1549 1572
1549 1550
1549 1551
1549 1552
1549 1586
1549 1567
1550 1793
1550 1794
1550 1795
1550 1549
1550 1551
1550 1552
1550 1553
1550 1554
1550 1555
1550 1556
1550 1586
1550 1660
1551 1552
1551 1549
1551 1550
1552 1760
1552 1570
1552 1572
1552 1549
1552 1550
1552 1551
1552 1553
1552 1554
1552 1783
1552 1784
1552 1785
1552 1756
1553 1552
1553 1554
1553 1550
1554 1799
1554 1704
1554 1550
1554 1552
1554 1553
1554 1555
1554 1556
1554 1557
1554 1558
1554 1785
1554 1786
1554 1756
1555 1795
1555 1661
1555 1550
1555 1554
1555 1556
1555 1557
1555 1558
1555 1559
1555 1560
1555 1657
1555 1658
1555 1659
1555 1660
1555 1629
1556 1554
1556 1555
1556 1550
1557 1554
1557 1555
1557 1558
1558 1799
1558 1704
1558 1707
1558 1708
1558 1709
1558 1554
1558 1555
1558 1557
1558 1559
1558 1560
1558 1561
1558 1562
1559 1655
1559 1656
1559 1593
1559 1657
1559 1555
1559 1558
1559 1591
1559 1560
1559 1561
1559 1562
1559 1563
1559 1564
1559 1654
1559 1658
1560 1555
1560 1558
1560 1559
1561 1562
1561 1558
1561 1559
1562 1729
1562 1707
1562 1709
1562 1710
1562 1711
1562 1558
1562 1559
1562 1561
1562 1563
1562 1564
1562 1565
1562 1566
1563 1568
1563 1591
1563 1559
1563 1592
1563 1593
1563 1562
1563 1564
1563 1565
1563 1566
1563 1567
1564 1562
1564 1563
1564 1559
1565 1562
1565 1563
1565 1566
1566 1568
1566 1569
1566 1570
1566 1728
1566 1729
1566 1710
1566 1781
1566 1562
1566 1563
1566 1565
1566 1726
1566 1567
1567 1568
1567 1569
1567 1570
1567 1571
1567 1792
1567 1549
1567 1586
1567 1491
1567 1589
1567 1590
1567 1591
1567 1592
1567 1563
1567 1566
1568 1563
1568 1566
1568 1567
1569 1570
1569 1566
1569 1567
1570 1760
1570 1569
1570 1571
1570 1572
1570 1726
1570 1549
1570 1552
1570 1781
1570 1782
1570 1783
1570 1566
1570 1567
1571 1570
1571 1549
1571 1567
1572 1552
1572 1570
1572 1549
1573 1632
1573 1633
1573 1634
1573 1635
1573 1574
1573 1575
1573 1576
1573 1790
1573 1657
1573 1629
1573 1630
1573 1791
1574 1633
1574 1635
1574 1636
1574 1573
1574 1637
1574 1575
1574 1576
1574 1577
1574 1578
1574 1618
1575 1576
1575 1573
1575 1574
1576 1506
1576 1573
1576 1574
1576 1575
1576 1577
1576 1578
1576 1579
1576 1790
1576 1811
1576 1654
1576 1657
1576 1788
1576 1789
1576 1502
1577 1665
1577 1637
1577 1574
1577 1638
1577 1576
1577 1639
1577 1578
1577 1579
1577 1580
1577 1581
1577 1618
1577 1619
1577 1623
1577 1502
1578 1576
1578 1577
1578 1574
1579 1576
1579 1577
1579 1502
1580 1664
1580 1665
1580 1796
1580 1577
1580 1581
1580 1582
1580 1583
1580 1584
1580 1623
1580 1625
1580 1498
1580 1660
1580 1502
1580 1663
1581 1577
1581 1580
1581 1502
1582 1498
1582 1580
1582 1502
1583 1796
1583 1797
1583 1580
1583 1584
1583 1585
1583 1586
1583 1587
1583 1494
1583 1498
1583 1660
1584 1498
1584 1580
1584 1583
1585 1498
1585 1494
1585 1583
1586 1792
1586 1793
1586 1794
1586 1797
1586 1549
1586 1550
1586 1583
1586 1491
1586 1587
1586 1588
1586 1494
1586 1589
1586 1660
1586 1567
1587 1586
1587 1494
1587 1583
1588 1586
1588 1491
1588 1494
1589 1586
1589 1491
1589 1567
1590 1491
1590 1591
1590 1567
1591 1510
1591 1655
1591 1491
1591 1652
1591 1653
1591 1590
1591 1559
1591 1592
1591 1593
1591 1654
1591 1563
1591 1567
1592 1563
1592 1591
1592 1567
1593 1563
1593 1559
1593 1591
1594 1611
1594 1777
1594 1779
1594 1780
1594 1595
1594 1596
1594 1597
1595 1600
1595 1601
1595 1607
1595 1608
1595 1609
1595 1610
1595 1611
1595 1612
1595 1780
1595 1594
1595 1596
1595 1597
1595 1598
1595 1599
1596 1594
1596 1595
1596 1597
1597 1594
1597 1595
1597 1596
1597 1598
1597 1599
1598 1595
1598 1597
1598 1599
1599 1600
1599 1601
1599 1602
1599 1603
1599 1595
1599 1597
1599 1598
1600 1601
1600 1602
1600 1603
1600 1604
1600 1605
1600 1606
1600 1607
1600 1608
1600 1595
1600 1599
1601 1600
1601 1595
1601 1599
1602 1600
1602 1603
1602 1599
1603 1600
1603 1602
1603 1604
1603 1605
1603 1772
1603 1773
1603 1774
1603 1751
1603 1599
1604 1600
1604 1603
1604 1605
1605 1600
1605 1603
1605 1604
1605 1731
1605 1606
1605 1607
1605 1735
1605 1736
1605 1737
1605 1772
1605 1751
1605 1754
1606 1600
1606 1605
1606 1607
1607 1600
1607 1731
1607 1605
1607 1606
1607 1734
1607 1608
1607 1609
1607 1610
1607 1735
1607 1595
1608 1600
1608 1595
1608 1607
1609 1610
1609 1595
1609 1607
1610 1731
1610 1733
1610 1734
1610 1607
1610 1609
1610 1611
1610 1612
1610 1613
1610 1614
1610 1595
1611 1798
1611 1610
1611 1612
1611 1613
1611 1614
1611 1615
1611 1616
1611 1777
1611 1778
1611 1779
1611 1748
1611 1780
1611 1594
1611 1595
1612 1611
1612 1595
1612 1610
1613 1610
1613 1611
1613 1614
1614 1633
1614 1730
1614 1731
1614 1732
1614 1733
1614 1610
1614 1611
1614 1613
1614 1615
1614 1616
1614 1617
1614 1618
1615 1798
1615 1611
1615 1614
1615 1616
1615 1617
1615 1618
1615 1619
1615 1620
1615 1747
1615 1745
1615 1748
1615 1749
1616 1611
1616 1614
1616 1615
1617 1618
1617 1614
1617 1615
1618 1633
1618 1730
1618 1636
1618 1637
1618 1574
1618 1638
1618 1577
1618 1614
1618 1615
1618 1617
1618 1619
1618 1620
1619 1638
1619 1639
1619 1577
1619 1615
1619 1745
1619 1618
1619 1746
1619 1620
1619 1621
1619 1622
1619 1623
1619 1747
1620 1618
1620 1619
1620 1615
1621 1742
1621 1743
1621 1744
1621 1745
1621 1746
1621 1619
1621 1622
1621 1623
1621 1624
1621 1625
1621 1626
1621 1627
1622 1619
1622 1621
1622 1623
1623 1664
1623 1665
1623 1639
1623 1577
1623 1580
1623 1619
1623 1621
1623 1622
1623 1624
1623 1625
1624 1625
1624 1621
1624 1623
1625 1660
1625 1664
1625 1580
1625 1621
1625 1623
1625 1624
1625 1626
1625 1627
1625 1628
1625 1629
1625 1662
1625 1663
1626 1737
1626 1740
1626 1741
1626 1742
1626 1743
1626 1621
1626 1625
1626 1627
1626 1628
1626 1629
1626 1630
1626 1631
1627 1625
1627 1626
1627 1621
1628 1625
1628 1626
1628 1629
1629 1632
1629 1660
1629 1573
1629 1662
1629 1657
1629 1555
1629 1791
1629 1625
1629 1626
1629 1659
1629 1628
1629 1661
1629 1630
1629 1631
1630 1632
1630 1633
1630 1634
1630 1573
1630 1737
1630 1739
1630 1740
1630 1626
1630 1629
1630 1631
1631 1626
1631 1629
1631 1630
1632 1573
1632 1629
1632 1630
1633 1634
1633 1635
1633 1636
1633 1573
1633 1574
1633 1730
1633 1731
1633 1732
1633 1738
1633 1737
1633 1739
1633 1614
1633 1618
1633 1630
1634 1633
1634 1573
1634 1630
1635 1633
1635 1573
1635 1574
1636 1633
1636 1618
1636 1574
1637 1577
1637 1618
1637 1574
1638 1577
1638 1618
1638 1619
1639 1577
1639 1619
1639 1623
1640 1468
1640 1492
1640 1495
1641 1495
1641 1468
1641 1487
1642 1487
1642 1499
1642 1495
1643 1483
1643 1499
1643 1487
1644 1499
1644 1483
1644 1503
1645 1503
1645 1483
1645 1479
1646 1479
1646 1507
1646 1503
1647 1475
1647 1507
1647 1479
1648 1507
1648 1475
1648 1511
1649 1511
1649 1475
1649 1471
1650 1471
1650 1468
1650 1511
1651 1492
1651 1468
1651 1511
1652 1491
1652 1510
1652 1591
1653 1654
1653 1510
1653 1591
1654 1506
1654 1559
1654 1591
1654 1510
1654 1576
1654 1653
1654 1655
1654 1656
1654 1657
1654 1787
1654 1788
1654 1789
1655 1559
1655 1654
1655 1591
1656 1657
1656 1654
1656 1559
1657 1573
1657 1576
1657 1789
1657 1555
1657 1654
1657 1559
1657 1656
1657 1658
1657 1659
1657 1629
1657 1790
1657 1791
1658 1657
1658 1555
1658 1559
1659 1657
1659 1555
1659 1629
1660 1794
1660 1795
1660 1796
1660 1661
1660 1797
1660 1580
1660 1550
1660 1583
1660 1586
1660 1555
1660 1625
1660 1629
1660 1662
1660 1663
1661 1555
1661 1660
1661 1629
1662 1625
1662 1660
1662 1629
1663 1625
1663 1660
1663 1580
1664 1625
1664 1580
1664 1623
1665 1577
1665 1580
1665 1623
1666 1667
1666 1668
1666 1669
1666 1672
1666 1676
1666 1679
1666 1680
1666 1681
1666 1694
1666 1695
1667 1666
1667 1668
1667 1669
1667 1670
1667 1671
1667 1672
1667 1673
1667 1694
1668 1666
1668 1667
1668 1669
1669 1666
1669 1667
1669 1668
1669 1670
1669 1671
1669 1679
1669 1681
1669 1684
1669 1686
1669 1687
1669 1688
1669 1689
1670 1667
1670 1669
1670 1671
1671 1667
1671 1669
1671 1670
1671 1672
1671 1673
1671 1674
1671 1675
1671 1682
1671 1687
1671 1689
1671 1690
1671 1691
1671 1692
1671 1693
1672 1666
1672 1667
1672 1671
1672 1673
1672 1674
1672 1675
1672 1676
1672 1677
1672 1694
1672 1695
1673 1672
1673 1667
1673 1671
1674 1672
1674 1675
1674 1671
1675 1671
1675 1672
1675 1674
1675 1676
1675 1677
1675 1678
1675 1679
1675 1682
1675 1683
1675 1684
1675 1685
1675 1693
1676 1666
1676 1672
1676 1675
1676 1677
1676 1678
1676 1679
1676 1680
1676 1695
1677 1672
1677 1675
1677 1676
1678 1675
1678 1676
1678 1679
1679 1666
1679 1669
1679 1675
1679 1676
1679 1678
1679 1680
1679 1681
1679 1684
1679 1685
1679 1686
1680 1666
1680 1676
1680 1679
1681 1666
1681 1669
1681 1679
1682 1671
1682 1675
1682 1683
1682 1684
1682 1690
1682 1692
1682 1693
1683 1682
1683 1675
1683 1684
1684 1669
1684 1675
1684 1679
1684 1682
1684 1683
1684 1685
1684 1686
1684 1687
1684 1688
1685 1675
1685 1684
1685 1679
1686 1684
1686 1669
1686 1679
1687 1669
1687 1671
1687 1684
1687 1688
1687 1689
1687 1690
1687 1691
1688 1684
1688 1669
1688 1687
1689 1687
1689 1669
1689 1671
1690 1671
1690 1682
1690 1687
1690 1691
1690 1692
1691 1687
1691 1690
1691 1671
1692 1690
1692 1682
1692 1671
1693 1682
1693 1675
1693 1671
1694 1672
1694 1666
1694 1667
1695 1672
1695 1666
1695 1676
1696 1697
1696 1698
1696 1699
1696 1801
1696 1719
1697 1696
1697 1698
1697 1699
1697 1700
1697 1701
1697 1769
1697 1771
1698 1696
1698 1697
1698 1699
1699 1696
1699 1697
1699 1698
1699 1700
1699 1701
1699 1702
1699 1703
1699 1801
1699 1713
1699 1715
1699 1716
1699 1717
1699 1718
1699 1719
1700 1697
1700 1699
1700 1701
1700 1702
1700 1703
1700 1704
1700 1705
1700 1770
1700 1769
1700 1771
1700 1755
1700 1756
1700 1757
1700 1758
1701 1697
1701 1699
1701 1700
1702 1699
1702 1700
1702 1703
1703 1699
1703 1700
1703 1702
1703 1704
1703 1705
1703 1706
1703 1707
1703 1710
1703 1712
1703 1713
1703 1714
1703 1715
1704 1700
1704 1703
1704 1799
1704 1705
1704 1706
1704 1707
1704 1708
1704 1554
1704 1558
1704 1786
1704 1755
1704 1756
1705 1704
1705 1700
1705 1703
1706 1704
1706 1707
1706 1703
1707 1703
1707 1704
1707 1706
1707 1708
1707 1709
1707 1710
1707 1711
1707 1712
1707 1558
1707 1562
1708 1704
1708 1707
1708 1558
1709 1562
1709 1707
1709 1558
1710 1728
1710 1729
1710 1703
1710 1566
1710 1707
1710 1711
1710 1712
1710 1713
1710 1714
1710 1562
1710 1726
1710 1727
1711 1562
1711 1707
1711 1710
1712 1707
1712 1710
1712 1703
1713 1699
1713 1703
1713 1710
1713 1714
1713 1715
1713 1716
1713 1717
1713 1723
1713 1724
1713 1725
1713 1726
1713 1727
1714 1713
1714 1710
1714 1703
1715 1713
1715 1699
1715 1703
1716 1699
1716 1713
1716 1717
1716 1718
1716 1719
1716 1720
1716 1721
1716 1722
1716 1723
1716 1724
1717 1713
1717 1699
1717 1716
1718 1699
1718 1716
1718 1719
1719 1696
1719 1699
1719 1801
1719 1716
1719 1718
1719 1720
1719 1721
1720 1721
1720 1716
1720 1719
1721 1761
1721 1764
1721 1765
1721 1766
1721 1716
1721 1719
1721 1720
1721 1722
1721 1723
1722 1721
1722 1723
1722 1716
1723 1760
1723 1761
1723 1763
1723 1764
1723 1800
1723 1713
1723 1716
1723 1721
1723 1722
1723 1724
1723 1725
1723 1726
1724 1713
1724 1723
1724 1716
1725 1713
1725 1723
1725 1726
1726 1728
1726 1760
1726 1570
1726 1800
1726 1710
1726 1713
1726 1781
1726 1782
1726 1723
1726 1725
1726 1566
1726 1727
1727 1713
1727 1726
1727 1710
1728 1710
1728 1726
1728 1566
1729 1562
1729 1710
1729 1566
1730 1633
1730 1618
1730 1614
1731 1633
1731 1732
1731 1733
1731 1734
1731 1607
1731 1735
1731 1605
1731 1610
1731 1736
1731 1737
1731 1738
1731 1614
1732 1633
1732 1731
1732 1614
1733 1610
1733 1731
1733 1614
1734 1610
1734 1731
1734 1607
1735 1731
1735 1605
1735 1607
1736 1737
1736 1731
1736 1605
1737 1633
1737 1731
1737 1605
1737 1736
1737 1738
1737 1739
1737 1740
1737 1741
1737 1742
1737 1751
1737 1753
1737 1626
1737 1630
1737 1754
1738 1633
1738 1731
1738 1737
1739 1737
1739 1630
1739 1633
1740 1737
1740 1626
1740 1630
1741 1737
1741 1626
1741 1742
1742 1737
1742 1741
1742 1743
1742 1744
1742 1745
1742 1748
1742 1621
1742 1750
1742 1751
1742 1752
1742 1753
1742 1626
1743 1626
1743 1621
1743 1742
1744 1745
1744 1621
1744 1742
1745 1742
1745 1615
1745 1744
1745 1746
1745 1619
1745 1747
1745 1621
1745 1748
1745 1749
1745 1750
1746 1745
1746 1619
1746 1621
1747 1745
1747 1619
1747 1615
1748 1798
1748 1611
1748 1742
1748 1615
1748 1775
1748 1745
1748 1774
1748 1776
1748 1777
1748 1749
1748 1750
1748 1751
1748 1752
1748 1778
1749 1745
1749 1748
1749 1615
1750 1745
1750 1748
1750 1742
1751 1603
1751 1605
1751 1737
1751 1772
1751 1773
1751 1742
1751 1774
1751 1775
1751 1748
1751 1752
1751 1753
1751 1754
1752 1748
1752 1742
1752 1751
1753 1737
1753 1742
1753 1751
1754 1737
1754 1605
1754 1751
1755 1704
1755 1756
1755 1700
1756 1760
1756 1700
1756 1704
1756 1552
1756 1554
1756 1784
1756 1785
1756 1786
1756 1755
1756 1757
1756 1758
1756 1759
1757 1760
1757 1761
1757 1762
1757 1700
1757 1766
1757 1767
1757 1768
1757 1769
1757 1770
1757 1756
1757 1758
1757 1759
1758 1756
1758 1700
1758 1757
1759 1760
1759 1756
1759 1757
1760 1761
1760 1762
1760 1763
1760 1570
1760 1800
1760 1552
1760 1782
1760 1783
1760 1784
1760 1723
1760 1756
1760 1757
1760 1726
1760 1759
1761 1760
1761 1762
1761 1763
1761 1764
1761 1765
1761 1766
1761 1767
1761 1721
1761 1723
1761 1757
1762 1760
1762 1761
1762 1757
1763 1760
1763 1761
1763 1723
1764 1761
1764 1723
1764 1721
1765 1721
1765 1761
1765 1766
1766 1761
1766 1765
1766 1767
1766 1768
1766 1769
1766 1721
1766 1757
1767 1761
1767 1757
1767 1766
1768 1769
1768 1757
1768 1766
1769 1697
1769 1700
1769 1766
1769 1768
1769 1770
1769 1771
1769 1757
1770 1769
1770 1700
1770 1757
1771 1769
1771 1697
1771 1700
1772 1603
1772 1605
1772 1751
1773 1603
1773 1774
1773 1751
1774 1603
1774 1773
1774 1775
1774 1776
1774 1777
1774 1748
1774 1751
1775 1748
1775 1774
1775 1751
1776 1777
1776 1748
1776 1774
1777 1611
1777 1774
1777 1776
1777 1778
1777 1779
1777 1748
1777 1594
1778 1777
1778 1611
1778 1748
1779 1777
1779 1594
1779 1611
1780 1595
1780 1594
1780 1611
1781 1570
1781 1726
1781 1566
1782 1760
1782 1570
1782 1726
1783 1552
1783 1570
1783 1760
1784 1760
1784 1552
1784 1756
1785 1552
1785 1554
1785 1756
1786 1704
1786 1554
1786 1756
1787 1654
1787 1506
1787 1510
1788 1576
1788 1506
1788 1654
1789 1576
1789 1657
1789 1654
1790 1576
1790 1657
1790 1573
1791 1657
1791 1573
1791 1629
1792 1586
1792 1549
1792 1567
1793 1586
1793 1549
1793 1550
1794 1586
1794 1660
1794 1550
1795 1555
1795 1660
1795 1550
1796 1660
1796 1580
1796 1583
1797 1586
1797 1660
1797 1583
1798 1611
1798 1748
1798 1615
1799 1704
1799 1554
1799 1558
1800 1760
1800 1723
1800 1726
1801 1696
1801 1699
1801 1719
1802 1535
1802 1531
1802 1515
1803 1515
1803 1518
1803 1535
1804 1515
1804 1516
1804 1805
1804 1806
1804 1519
1804 1807
1804 1808
1804 1809
1804 1523
1804 1810
1804 1527
1804 1531
1805 1515
1805 1804
1805 1516
1806 1516
1806 1804
1806 1519
1807 1523
1807 1804
1807 1519
1808 1523
1808 1804
1808 1527
1809 1531
1809 1804
1809 1527
1810 1515
1810 1804
1810 1531
1811 1576
1811 1506
1811 1502
