0 1
0 2
1 0
1 2
1 4
1 286
2 0
2 1
2 284
3 287
3 307
3 794
3 7
3 802
3 324
3 793
3 63
3 5
3 12
4 1
4 285
4 286
4 802
5 3
5 7
5 12
5 63
5 286
5 307
5 793
5 794
5 802
6 284
7 794
7 5
7 287
7 286
7 10
7 324
7 63
7 3
7 12
7 307
8 804
9 795
9 796
9 800
9 803
10 7
10 285
10 286
10 794
10 802
11 287
11 71
11 802
11 307
11 72
11 326
11 63
11 794
11 324
11 798
12 3
12 63
12 5
12 307
12 62
12 793
12 7
12 794
12 802
12 287
13 801
13 72
13 71
13 341
13 821
13 334
13 824
13 565
13 288
13 826
14 15
14 19
14 21
14 22
14 289
14 290
14 804
14 823
14 827
15 14
15 285
15 289
16 17
16 18
17 16
17 18
17 19
18 16
18 17
18 19
18 289
19 14
19 17
19 18
19 289
19 290
20 74
20 77
20 809
20 82
20 825
20 821
20 80
20 822
20 75
20 814
21 14
21 22
21 290
21 827
22 14
22 21
22 290
22 827
23 825
23 815
23 73
23 813
23 20
23 74
23 821
23 822
23 82
23 809
24 27
24 113
24 114
24 124
24 125
24 159
24 172
24 175
25 26
25 29
25 30
25 31
26 171
26 363
26 109
26 172
26 33
26 32
26 112
26 25
26 110
26 31
27 24
27 28
27 128
28 27
28 36
28 37
29 25
29 37
30 25
30 31
30 35
31 25
31 26
31 30
31 32
32 26
32 31
32 33
32 106
32 110
32 112
33 109
33 367
33 106
33 26
33 176
33 416
33 363
33 371
33 370
33 415
34 118
35 30
35 38
35 44
36 28
36 37
36 42
37 28
37 29
37 36
37 39
38 35
38 119
39 37
42 36
43 140
44 35
44 118
44 119
45 48
45 50
45 297
45 538
47 293
47 297
48 45
48 50
48 302
48 538
48 921
49 298
49 300
49 1007
50 45
50 48
50 349
50 538
50 960
51 532
52 303
53 56
53 57
53 65
53 304
54 403
54 542
55 56
55 62
55 543
55 793
56 62
56 307
56 59
56 55
56 777
56 778
56 793
56 58
56 63
56 53
57 53
57 58
57 64
58 56
58 57
58 59
58 60
58 61
58 62
58 776
58 777
58 778
59 778
59 58
59 63
59 307
59 771
59 56
59 62
59 793
59 776
59 61
60 792
60 777
60 59
60 58
60 56
60 61
60 771
60 778
60 774
60 62
61 775
61 68
61 777
61 774
61 59
61 66
61 776
61 60
61 792
61 704
62 63
62 55
62 794
62 793
62 12
62 776
62 778
62 59
62 777
62 797
63 802
63 11
63 3
63 793
63 59
63 287
63 307
63 797
63 62
63 794
64 57
64 121
64 401
64 447
64 452
64 453
65 453
65 306
65 446
65 240
65 452
65 444
65 53
65 304
65 447
65 445
66 61
66 67
67 66
67 69
67 374
67 377
68 60
68 61
68 70
68 701
68 703
68 704
68 775
68 776
68 792
69 67
69 102
69 103
69 104
69 377
69 397
70 68
70 100
70 102
71 824
71 11
71 799
71 13
71 288
71 341
71 798
71 72
71 801
71 324
72 287
72 799
72 288
72 824
72 324
72 71
72 334
72 801
72 341
72 326
73 81
73 828
73 20
73 77
73 23
73 80
73 822
73 821
73 825
73 74
74 814
74 20
74 815
74 81
74 77
74 825
74 822
74 824
74 75
74 813
75 81
75 815
75 814
75 74
75 20
75 828
75 823
75 73
75 825
75 821
76 77
76 631
77 822
77 80
77 815
77 75
77 20
77 821
77 74
77 81
77 814
77 73
78 77
78 79
79 78
79 80
79 84
79 85
80 809
80 79
80 81
80 808
80 814
80 707
80 73
80 83
80 77
80 20
81 707
81 83
81 822
81 808
81 23
81 814
81 813
81 825
81 73
81 77
82 813
82 80
82 707
82 817
82 809
82 814
82 73
82 810
82 83
82 808
83 80
83 81
83 82
83 87
83 707
83 808
83 809
83 810
83 814
84 79
84 162
84 342
84 491
84 513
84 516
84 517
84 518
84 519
84 520
85 79
85 86
85 89
86 85
86 88
87 82
87 83
87 89
87 705
87 706
87 707
87 806
87 808
87 809
88 86
88 89
88 90
88 91
88 464
88 487
88 488
89 85
89 87
89 88
89 90
89 95
89 705
90 88
90 89
90 91
90 92
90 94
91 88
91 90
91 92
91 93
91 154
91 160
91 485
91 487
91 488
92 90
92 91
92 93
92 94
92 154
92 155
92 156
93 91
93 92
93 133
93 154
93 160
93 485
93 488
94 90
94 92
94 96
94 97
94 155
95 89
95 101
95 700
95 705
96 94
96 97
96 98
96 100
96 101
97 94
97 96
97 98
97 99
97 107
97 126
97 155
97 156
98 96
98 97
98 99
98 100
98 101
98 103
99 97
99 98
99 102
99 103
99 106
99 107
99 108
99 109
100 70
100 96
100 98
100 101
100 700
100 701
101 95
101 96
101 98
101 100
101 700
101 701
101 702
101 705
102 69
102 70
102 99
102 103
102 104
102 397
103 69
103 98
103 99
103 102
103 104
103 106
104 69
104 102
104 103
104 105
104 106
104 123
104 377
104 397
104 398
105 104
105 117
105 123
105 392
105 397
105 398
106 32
106 33
106 99
106 103
106 104
106 108
106 109
107 125
107 155
107 407
107 97
107 126
107 156
107 116
107 111
107 361
107 108
108 106
108 359
108 116
108 171
108 126
108 115
108 107
108 111
108 177
108 112
109 372
109 26
109 363
109 417
109 116
109 115
109 371
109 359
109 177
109 126
110 366
110 369
110 32
110 368
110 108
110 372
110 26
110 371
110 416
110 114
111 166
111 169
111 238
111 364
111 356
111 362
111 418
111 168
111 109
111 107
112 417
112 415
112 108
112 372
112 371
112 368
112 364
112 110
112 176
112 370
113 114
113 112
113 111
113 360
113 175
113 124
113 365
113 115
113 177
113 358
114 115
114 175
114 125
114 24
114 363
114 238
114 358
114 159
114 365
114 172
115 124
115 178
115 364
115 365
115 361
115 111
115 359
115 358
115 418
115 170
116 168
116 238
116 113
116 169
116 172
116 359
116 360
116 109
116 407
116 175
117 105
117 123
117 392
117 393
118 34
118 44
119 38
119 44
120 122
121 64
121 399
121 401
121 447
121 452
121 453
122 120
122 305
123 104
123 105
123 117
123 392
123 397
123 398
124 409
124 357
124 158
124 169
124 166
124 408
124 126
124 359
124 238
124 114
125 237
125 238
125 357
125 359
125 361
125 356
125 166
125 443
125 159
125 111
126 440
126 238
126 362
126 155
126 175
126 361
126 125
126 116
126 124
126 358
127 124
127 128
127 131
127 159
128 27
128 127
128 129
128 131
129 128
129 136
130 131
130 142
131 127
131 128
131 130
131 132
132 131
132 133
132 158
133 93
133 158
133 443
133 173
133 412
133 174
133 175
133 237
133 154
133 156
134 152
134 153
134 160
135 137
135 142
136 129
136 138
137 135
138 136
140 43
142 130
142 135
142 151
143 346
144 147
144 148
144 150
145 146
145 148
145 348
145 1033
146 145
147 144
147 148
147 150
147 1031
148 144
148 145
148 147
148 1032
148 1033
149 354
149 1022
150 144
150 147
150 529
150 943
151 142
151 152
151 161
152 134
152 151
153 134
153 160
153 484
153 485
154 91
154 92
154 93
154 133
154 155
154 156
154 157
154 158
154 160
155 92
155 94
155 97
155 107
155 126
155 154
155 156
155 157
156 414
156 237
156 126
156 157
156 443
156 407
156 107
156 440
156 155
156 154
157 408
157 405
157 361
157 158
157 133
157 238
157 159
157 407
157 154
157 174
158 443
158 410
158 237
158 411
158 407
158 133
158 156
158 413
158 173
158 157
159 237
159 413
159 114
159 238
159 443
159 175
159 409
159 405
159 361
159 441
160 91
160 93
160 134
160 153
160 154
160 485
160 488
161 151
162 84
162 489
162 491
162 516
162 518
162 520
164 459
165 238
165 116
165 356
165 166
165 168
165 357
165 360
165 167
165 362
165 125
166 356
166 360
166 358
166 169
166 167
166 407
166 361
166 170
166 111
166 362
167 418
167 125
167 111
167 407
167 165
167 360
167 356
167 166
167 116
167 359
168 238
168 360
168 170
168 356
168 357
168 178
168 359
168 165
168 115
168 362
169 407
169 361
169 111
169 360
169 114
169 357
169 125
169 113
169 175
169 364
170 364
170 116
170 115
170 125
170 407
170 356
170 360
170 167
170 358
170 362
171 371
171 33
171 364
171 176
171 366
171 108
171 113
171 367
171 363
171 26
172 110
172 415
172 116
172 416
172 177
172 178
172 114
172 109
172 417
172 360
173 159
173 237
173 175
173 407
173 411
173 442
173 410
173 158
173 441
173 157
174 158
174 159
174 412
174 441
174 406
174 440
174 173
174 408
174 133
174 442
175 237
175 408
175 124
175 159
175 133
175 113
175 411
175 24
175 406
175 125
176 112
176 110
176 368
176 108
176 171
176 33
176 113
176 371
176 109
176 366
177 113
177 415
177 369
177 172
177 417
177 364
177 108
177 109
177 371
177 416
178 356
178 360
178 365
178 169
178 359
178 358
178 116
178 126
178 111
178 115
179 180
179 181
179 182
179 195
179 198
180 179
180 187
180 195
181 179
181 183
181 426
182 179
182 183
182 184
182 185
182 198
182 200
182 201
183 181
183 182
183 184
183 185
183 427
184 182
184 183
184 185
184 200
184 201
184 210
184 212
185 182
185 183
185 184
185 427
185 429
186 188
186 189
186 190
186 420
187 180
187 419
188 186
188 190
188 196
189 186
189 193
189 421
189 422
190 186
190 188
190 196
190 204
191 192
191 193
191 194
191 206
191 207
192 191
192 193
192 194
192 211
192 213
193 189
193 191
193 192
193 421
193 422
194 191
194 192
194 206
194 207
194 211
194 213
194 214
195 179
195 180
195 197
195 198
195 199
196 188
196 190
196 203
196 204
197 195
197 198
197 199
197 203
197 205
198 179
198 182
198 195
198 197
198 199
198 200
199 195
199 197
199 198
199 200
199 201
199 202
199 203
199 205
199 208
199 209
200 182
200 184
200 198
200 199
200 201
200 202
201 182
201 184
201 199
201 200
201 202
201 209
201 210
202 199
202 200
202 201
202 205
202 208
202 209
203 196
203 197
203 199
203 204
203 205
203 206
204 190
204 196
204 203
204 205
204 206
205 197
205 199
205 202
205 203
205 204
205 208
206 191
206 194
206 203
206 204
206 207
206 208
207 191
207 194
207 206
207 208
207 211
207 214
208 199
208 202
208 205
208 206
208 207
208 214
209 199
209 201
209 202
209 210
210 184
210 201
210 209
210 212
210 437
211 192
211 194
211 207
211 213
211 214
212 184
212 210
212 437
213 192
213 194
213 211
213 214
213 436
214 194
214 207
214 208
214 211
214 213
215 218
215 234
215 786
215 812
215 236
215 235
215 217
215 225
215 230
215 227
216 790
216 791
216 231
216 812
216 221
216 232
216 217
216 788
216 783
216 228
217 222
217 232
217 812
217 231
217 787
217 783
217 236
217 220
217 218
217 224
218 773
218 219
218 216
218 785
218 236
218 820
218 783
218 221
218 227
218 816
219 773
219 790
219 786
219 215
219 220
219 226
219 228
219 787
219 231
219 788
220 223
220 774
220 226
220 229
220 770
220 790
220 225
220 789
220 224
220 779
221 236
221 218
221 780
221 787
221 230
221 225
221 781
221 788
221 229
221 223
222 781
222 225
222 227
222 228
222 217
222 220
222 229
222 786
222 219
222 703
223 783
223 812
223 791
223 236
223 227
223 231
223 219
223 225
223 222
223 789
224 221
224 228
224 233
224 789
224 226
224 234
224 787
224 783
224 220
224 216
225 788
225 227
225 215
225 781
225 231
225 228
225 783
225 230
225 790
225 224
226 221
226 805
226 224
226 215
226 820
226 233
226 223
226 218
226 781
226 790
227 233
227 222
227 782
227 229
227 232
227 221
227 230
227 787
227 235
227 231
228 790
228 234
228 219
228 236
228 226
228 235
228 773
228 227
228 786
228 221
229 236
229 816
229 231
229 787
229 790
229 791
229 820
229 234
229 227
229 217
230 216
230 228
230 219
230 231
230 812
230 234
230 218
230 224
230 226
230 235
231 217
231 216
231 229
231 225
231 226
231 228
231 790
231 234
231 220
231 215
232 811
232 790
232 215
232 218
232 227
232 812
232 816
232 230
232 820
232 807
233 791
233 232
233 218
233 234
233 224
233 223
233 227
233 816
233 228
233 235
234 806
234 236
234 790
234 807
234 215
234 817
234 805
234 235
234 791
234 217
235 819
235 221
235 784
235 826
235 217
235 785
235 233
235 232
235 231
235 781
236 223
236 816
236 812
236 224
236 789
236 791
236 790
236 230
236 229
236 217
237 410
237 440
237 158
237 159
237 174
237 157
237 413
237 173
237 414
237 443
238 365
238 359
238 157
238 169
238 237
238 361
238 356
238 414
238 362
238 405
239 304
239 306
239 445
239 446
239 447
239 242
239 451
239 453
239 240
239 448
240 444
240 241
240 239
240 446
240 242
240 304
240 306
240 450
240 445
240 451
241 240
241 239
241 448
241 452
241 445
241 451
241 450
241 242
241 65
241 306
242 444
242 446
242 447
242 449
242 240
242 450
242 452
242 453
242 241
242 445
243 629
243 632
244 245
244 263
245 244
245 248
245 250
245 498
245 501
246 247
246 260
247 246
247 492
248 245
248 249
248 250
248 251
248 265
248 266
249 248
249 250
249 501
249 502
249 503
250 245
250 248
250 249
250 501
250 503
251 248
251 265
251 266
251 274
251 276
252 253
252 493
253 252
253 254
253 261
254 253
254 255
254 256
254 269
255 254
255 256
255 257
255 495
256 254
256 255
256 257
256 259
256 271
257 255
257 256
257 259
257 494
257 496
258 259
258 271
258 272
258 275
258 277
258 279
259 256
259 257
259 258
259 277
259 494
259 496
260 246
260 262
260 263
261 253
261 262
261 268
261 269
262 260
262 261
262 263
262 264
262 265
262 268
262 270
263 244
263 260
263 262
263 264
263 265
264 262
264 263
264 265
264 267
265 248
265 251
265 262
265 263
265 264
265 266
265 267
266 248
266 251
266 265
266 267
266 274
266 276
266 278
267 264
267 265
267 266
267 273
267 274
267 276
267 279
268 261
268 262
268 269
268 270
269 254
269 261
269 268
269 270
269 271
270 262
270 268
270 269
270 271
270 272
270 273
270 279
271 256
271 258
271 269
271 270
271 272
271 273
271 279
272 258
272 270
272 271
272 273
272 275
272 279
273 267
273 270
273 271
273 272
273 279
274 251
274 266
274 267
274 276
274 278
275 258
275 272
275 277
275 279
276 251
276 266
276 267
276 274
276 278
277 258
277 259
277 275
277 508
278 266
278 274
278 276
278 510
279 258
279 267
279 270
279 271
279 272
279 273
279 275
280 281
280 355
280 516
280 515
280 511
280 520
280 518
280 283
280 282
280 517
281 520
281 512
281 283
281 514
281 511
281 518
281 280
281 516
281 513
281 355
282 515
282 281
282 511
282 343
282 518
282 280
282 516
282 512
282 517
282 513
283 343
283 282
283 512
283 517
283 514
283 513
283 511
283 342
283 281
283 280
284 2
284 6
285 4
285 10
285 15
285 286
285 802
286 1
286 4
286 5
286 7
286 10
286 285
286 794
286 802
287 794
287 3
287 72
287 63
287 802
287 7
287 12
287 11
287 798
287 326
288 13
288 71
288 72
288 334
288 341
288 821
288 824
288 825
288 826
289 14
289 15
289 18
289 19
289 290
289 804
290 14
290 19
290 21
290 22
290 289
290 827
292 297
292 348
293 47
295 296
295 301
295 920
296 295
297 45
297 47
297 292
297 538
297 1029
298 49
298 300
299 332
299 349
300 49
300 298
300 920
300 1006
300 1007
301 295
301 920
302 48
302 921
303 52
304 444
304 448
304 53
304 242
304 241
304 446
304 240
304 447
304 453
304 445
305 122
305 540
305 541
305 588
305 612
306 239
306 240
306 449
306 444
306 241
306 304
306 542
306 445
306 450
306 242
307 7
307 802
307 3
307 794
307 63
307 797
307 326
307 793
307 59
307 324
308 312
308 313
309 313
309 314
311 313
311 318
311 325
311 916
312 308
313 308
313 309
313 311
314 309
314 319
315 319
315 321
317 552
318 311
318 321
318 325
319 314
319 315
320 323
320 330
320 914
321 315
321 318
322 332
322 915
323 320
323 330
324 287
324 307
324 11
324 794
324 798
324 71
324 12
324 326
324 7
324 63
325 311
325 318
325 916
325 917
326 802
326 307
326 71
326 287
326 794
326 63
326 801
326 324
326 798
326 72
328 329
328 333
328 336
329 328
329 333
329 336
329 340
329 939
330 320
330 323
330 935
331 332
332 299
332 322
332 331
333 328
333 329
333 335
333 336
333 340
333 939
334 821
334 565
334 824
334 825
334 341
334 826
334 288
334 13
334 801
334 72
335 333
335 337
336 328
336 329
336 333
336 340
337 335
337 941
339 571
339 623
340 329
340 333
340 336
340 939
341 13
341 71
341 72
341 288
341 334
341 821
341 824
341 825
341 826
342 511
342 515
342 512
342 514
342 519
342 84
342 491
342 343
342 513
342 517
343 342
343 632
343 281
343 515
343 511
343 283
343 513
343 514
343 512
343 355
344 536
346 143
347 568
348 145
348 292
348 1030
349 50
349 299
349 961
350 352
352 350
352 353
353 352
353 569
353 942
353 1021
354 149
354 942
354 1020
354 1022
355 518
355 512
355 519
355 343
355 514
355 283
355 280
355 511
355 515
355 517
356 111
356 113
356 361
356 364
356 175
356 357
356 359
356 238
356 166
356 362
357 356
357 115
357 238
357 364
357 407
357 172
357 418
357 169
357 167
357 168
358 178
358 366
358 124
358 169
358 356
358 365
358 115
358 364
358 168
358 167
359 166
359 167
359 126
359 357
359 169
359 365
359 124
359 407
359 113
359 116
360 362
360 111
360 170
360 238
360 407
360 356
360 418
360 169
360 359
360 178
361 360
361 115
361 359
361 116
361 357
361 107
361 159
361 178
361 238
361 362
362 361
362 440
362 115
362 124
362 169
362 111
362 175
362 168
362 166
362 116
363 111
363 178
363 367
363 110
363 415
363 177
363 371
363 109
363 369
363 416
364 172
364 359
364 367
364 416
364 356
364 171
364 166
364 417
364 360
364 115
365 238
365 356
365 111
365 407
365 172
365 366
365 178
365 418
365 109
365 170
366 367
366 172
366 364
366 177
366 372
366 176
366 368
366 416
366 178
366 369
367 176
367 418
367 172
367 372
367 112
367 416
367 369
367 363
367 368
367 33
368 171
368 176
368 369
368 364
368 367
368 33
368 415
368 177
368 371
368 363
369 33
369 368
369 109
369 418
369 171
369 417
369 363
369 372
369 172
369 415
370 172
370 369
370 367
370 113
370 418
370 363
370 417
370 33
370 110
370 372
371 176
371 363
371 109
371 172
371 368
371 418
371 416
371 366
371 370
371 369
372 366
372 364
372 112
372 109
372 369
372 416
372 33
372 367
372 417
372 370
373 374
373 375
373 378
373 379
373 380
373 381
373 382
373 383
373 384
373 385
374 67
374 373
374 375
374 377
374 379
375 387
375 383
375 373
375 390
375 395
375 385
375 400
375 389
375 374
375 376
376 375
376 377
376 387
376 390
376 395
376 396
376 397
376 398
377 67
377 69
377 104
377 374
377 376
377 396
377 397
378 373
378 379
378 380
378 381
378 383
378 393
378 399
379 373
379 374
379 378
379 380
379 393
379 399
380 373
380 378
380 379
380 381
380 382
380 383
380 385
380 391
380 393
381 373
381 378
381 380
381 382
381 383
381 384
381 385
381 388
381 391
381 393
382 373
382 388
382 380
382 385
382 391
382 383
382 375
382 381
382 386
382 389
383 391
383 382
383 375
383 378
383 400
383 381
383 385
383 384
383 388
383 386
384 382
384 373
384 391
384 394
384 383
384 400
384 381
384 389
384 375
384 386
385 388
385 380
385 373
385 386
385 382
385 389
385 375
385 391
385 400
385 383
386 389
386 382
386 394
386 390
386 400
386 387
386 384
386 388
386 383
386 375
387 376
387 390
387 389
387 395
387 394
387 388
387 400
387 375
387 386
387 396
388 386
388 385
388 400
388 384
388 381
388 395
388 382
388 383
388 387
388 391
389 400
389 382
389 383
389 390
389 386
389 385
389 387
389 384
389 394
389 375
390 396
390 387
390 394
390 400
390 391
390 388
390 395
390 386
390 389
390 375
391 387
391 384
391 381
391 398
391 385
391 383
391 390
391 388
391 380
391 394
392 105
392 117
392 123
392 391
392 393
392 398
393 117
393 378
393 379
393 380
393 381
393 392
393 399
394 387
394 389
394 391
394 395
394 383
394 396
394 400
394 384
394 390
394 388
395 375
395 376
395 387
395 388
395 389
395 390
395 391
395 394
395 396
395 398
396 376
396 377
396 387
396 390
396 394
396 395
396 397
396 398
397 69
397 102
397 104
397 105
397 123
397 376
397 377
397 396
397 398
398 104
398 105
398 123
398 376
398 391
398 392
398 394
398 395
398 396
398 397
399 121
399 378
399 379
399 393
399 401
400 387
400 394
400 382
400 385
400 388
400 386
400 389
400 390
400 384
400 375
401 64
401 121
401 399
401 444
401 446
401 447
401 448
401 451
401 452
401 453
402 435
402 456
402 457
402 458
402 573
402 577
402 609
402 611
403 54
403 544
404 434
404 541
404 542
404 612
404 613
405 238
405 412
405 159
405 237
405 406
405 173
405 443
405 157
405 175
405 441
406 443
406 409
406 414
406 174
406 405
406 412
406 361
406 237
406 442
406 173
407 406
407 166
407 359
407 178
407 126
407 168
407 361
407 170
407 365
407 356
408 440
408 405
408 173
408 174
408 361
408 159
408 411
408 407
408 441
408 409
409 442
409 412
409 174
409 411
409 410
409 440
409 159
409 237
409 124
409 175
410 158
410 406
410 413
410 237
410 443
410 442
410 411
410 173
410 440
410 405
411 173
411 174
411 410
411 405
411 414
411 440
411 442
411 413
411 441
411 406
412 410
412 442
412 409
412 237
412 443
412 158
412 440
412 406
412 124
412 157
413 408
413 410
413 175
413 174
413 159
413 173
413 412
413 411
413 405
413 442
414 440
414 133
414 158
414 157
414 441
414 410
414 361
414 409
414 173
414 175
415 112
415 367
415 366
415 363
415 417
415 369
415 416
415 33
415 418
415 370
416 112
416 372
416 366
416 172
416 177
416 369
416 171
416 415
416 418
416 110
417 418
417 364
417 33
417 372
417 415
417 109
417 176
417 369
417 367
417 110
418 116
418 166
418 177
418 365
418 165
418 109
418 115
418 416
418 417
418 170
419 187
419 424
420 186
420 422
420 596
421 189
421 193
421 422
421 431
422 189
422 193
422 420
422 421
422 432
423 431
423 433
423 436
423 438
424 419
424 579
425 426
425 578
425 580
425 582
426 181
426 425
426 578
427 183
427 185
427 429
427 430
428 429
428 430
428 580
428 581
429 185
429 427
429 428
429 430
429 437
429 439
429 581
430 427
430 428
430 429
430 439
430 581
431 421
431 423
431 432
431 433
431 599
431 601
432 422
432 431
432 599
432 600
432 603
433 423
433 431
433 438
433 599
433 601
433 617
434 404
434 435
434 541
434 607
434 609
434 612
434 613
435 402
435 434
435 458
435 577
435 607
435 608
435 609
435 611
435 613
436 213
436 423
436 438
437 210
437 212
437 429
437 439
438 423
438 433
438 436
438 617
439 429
439 430
439 437
439 581
439 689
440 441
440 174
440 405
440 443
440 414
440 412
440 409
440 237
440 126
440 157
441 413
441 175
441 410
441 443
441 412
441 411
441 238
441 442
441 173
441 406
442 412
442 406
442 159
442 158
442 440
442 441
442 409
442 413
442 411
442 175
443 414
443 158
443 237
443 238
443 405
443 442
443 156
443 159
443 411
443 133
444 241
444 453
444 452
444 65
444 306
444 450
444 304
444 446
444 445
444 449
445 65
445 449
445 306
445 451
445 448
445 450
445 241
445 239
445 447
445 304
446 451
446 452
446 450
446 453
446 242
446 239
446 240
446 65
446 445
446 448
447 446
447 121
447 445
447 444
447 304
447 451
447 450
447 452
447 64
447 242
448 446
448 450
448 452
448 401
448 447
448 65
448 241
448 304
448 240
448 445
449 241
449 240
449 445
449 239
449 452
449 242
449 444
449 448
449 451
449 450
450 444
450 449
450 448
450 452
450 306
450 451
450 241
450 239
450 242
450 447
451 453
451 450
451 242
451 65
451 447
451 445
451 241
451 401
451 304
451 444
452 446
452 239
452 304
452 65
452 240
452 121
452 451
452 242
452 453
452 241
453 64
453 444
453 241
453 242
453 65
453 451
453 445
453 401
453 239
453 447
454 455
454 572
454 595
454 618
454 619
455 454
455 535
455 539
455 572
455 594
455 595
455 619
456 402
456 457
456 458
456 572
456 573
456 577
456 611
456 620
457 402
457 456
457 458
457 572
457 573
457 577
457 611
457 620
458 402
458 435
458 456
458 457
458 573
458 577
458 609
458 610
458 611
459 164
459 633
459 634
459 655
459 674
461 637
462 637
463 465
463 467
463 474
463 475
463 476
463 478
463 479
463 482
463 486
463 490
464 88
464 487
465 463
465 466
465 468
465 469
465 470
465 471
465 473
465 474
465 481
466 465
466 468
466 469
466 481
466 489
467 463
467 475
467 476
467 478
467 479
467 482
467 483
467 486
467 487
467 490
468 465
468 466
468 469
468 470
468 471
468 472
468 473
468 474
468 480
468 481
469 465
469 466
469 468
469 470
469 471
469 481
469 489
470 484
470 480
470 473
470 469
470 465
470 472
470 481
470 471
470 474
470 468
471 473
471 472
471 475
471 480
471 465
471 470
471 476
471 474
471 490
471 469
472 470
472 473
472 475
472 480
472 474
472 477
472 483
472 478
472 471
472 482
473 476
473 472
473 470
473 465
473 468
473 471
473 478
473 480
473 475
473 482
474 472
474 490
474 468
474 470
474 476
474 478
474 465
474 471
474 473
474 480
475 478
475 482
475 476
475 477
475 474
475 472
475 480
475 490
475 479
475 463
476 467
476 474
476 486
476 483
476 473
476 490
476 480
476 475
476 482
476 477
477 472
477 483
477 482
477 479
477 490
477 471
477 475
477 476
477 478
477 473
478 479
478 480
478 473
478 482
478 474
478 463
478 467
478 475
478 486
478 476
479 478
479 475
479 476
479 486
479 483
479 463
479 477
479 490
479 467
479 482
480 471
480 472
480 479
480 475
480 483
480 482
480 468
480 490
480 484
480 473
481 465
481 466
481 468
481 469
481 470
481 484
481 489
482 473
482 478
482 483
482 479
482 470
482 467
482 463
482 490
482 472
482 480
483 485
483 480
483 479
483 486
483 488
483 467
483 482
483 477
483 478
483 476
484 153
484 470
484 480
484 481
485 91
485 93
485 153
485 160
485 483
485 486
485 487
485 488
486 467
486 482
486 480
486 478
486 488
486 487
486 485
486 463
486 479
486 483
487 88
487 91
487 464
487 467
487 485
487 486
487 488
488 88
488 91
488 93
488 160
488 483
488 485
488 486
488 487
489 162
489 466
489 469
489 481
489 491
490 474
490 471
490 482
490 478
490 472
490 476
490 479
490 463
490 477
490 473
491 84
491 162
491 342
491 489
491 516
491 518
491 519
491 520
492 247
492 497
493 252
493 504
493 662
494 257
494 259
494 496
494 505
494 506
494 665
495 255
495 504
495 505
495 506
495 664
496 257
496 259
496 494
496 505
496 508
497 492
497 647
498 245
498 500
498 501
499 500
499 501
499 502
499 503
499 648
499 649
500 498
500 499
500 501
500 646
500 651
501 245
501 249
501 250
501 498
501 499
501 500
501 503
502 249
502 499
502 503
502 648
502 649
502 679
503 249
503 250
503 499
503 501
503 502
503 649
503 679
504 493
504 495
504 506
504 662
504 667
505 494
505 495
505 496
505 506
505 507
505 664
505 665
505 666
505 669
506 494
506 495
506 504
506 505
506 664
507 505
507 509
507 665
507 666
508 277
508 496
508 509
509 507
509 508
509 666
509 698
510 278
510 679
511 515
511 514
511 513
511 518
511 343
511 283
511 282
511 281
511 355
511 342
512 283
512 511
512 355
512 520
512 518
512 515
512 342
512 280
512 514
512 513
513 84
513 280
513 511
513 282
513 342
513 517
513 518
513 514
513 355
513 512
514 342
514 517
514 518
514 520
514 355
514 519
514 512
514 343
514 515
514 281
515 514
515 281
515 342
515 513
515 519
515 518
515 282
515 512
515 355
515 280
516 518
516 520
516 281
516 512
516 514
516 84
516 519
516 282
516 280
516 162
517 342
517 343
517 512
517 519
517 280
517 511
517 283
517 282
517 518
517 355
518 280
518 520
518 515
518 513
518 162
518 516
518 514
518 282
518 519
518 342
519 518
519 355
519 281
519 491
519 520
519 514
519 282
519 517
519 511
519 515
520 519
520 84
520 281
520 518
520 491
520 512
520 514
520 516
520 280
520 282
521 524
521 525
521 638
521 642
521 644
521 661
521 681
522 523
522 526
522 527
522 528
522 625
522 636
522 644
522 682
523 522
523 526
523 527
523 528
523 622
523 625
523 636
523 644
524 521
524 525
524 638
524 642
524 644
524 661
524 681
525 521
525 524
525 638
525 640
525 642
525 643
525 657
525 659
525 660
525 661
526 683
526 625
526 528
526 527
526 522
526 523
526 676
526 694
526 636
526 677
527 522
527 523
527 526
527 528
527 625
527 626
527 636
527 676
527 677
528 522
528 523
528 526
528 527
528 622
528 625
528 636
528 644
529 150
529 943
529 1016
530 531
531 530
532 51
533 534
534 533
535 455
535 539
535 594
536 344
536 568
537 539
537 589
537 590
537 593
537 594
537 614
537 615
538 45
538 48
538 50
538 297
538 1028
539 455
539 535
539 537
539 590
539 594
539 595
539 619
540 305
540 584
540 587
540 588
540 589
540 593
540 614
540 615
540 616
541 305
541 404
541 434
541 542
541 604
541 612
541 613
542 54
542 306
542 404
542 541
542 612
543 55
544 403
545 684
546 550
547 549
547 919
549 547
549 574
549 919
550 546
551 562
552 317
553 561
554 555
554 556
555 554
555 564
556 554
556 558
556 559
558 556
558 560
558 793
558 795
558 796
558 798
559 556
559 560
560 558
560 559
560 565
560 801
561 553
561 562
562 551
562 561
563 564
563 565
564 555
564 563
565 13
565 334
565 560
565 563
565 799
565 801
565 821
565 824
565 826
566 571
566 941
568 347
568 536
569 353
569 570
569 1021
570 569
570 1021
571 339
571 566
571 941
572 454
572 455
572 456
572 457
572 575
572 619
572 620
573 402
573 456
573 457
573 458
573 577
573 611
573 620
574 549
574 575
574 576
574 1008
575 572
575 574
576 574
576 1008
577 402
577 435
577 456
577 457
577 458
577 573
577 611
577 620
577 684
578 425
578 426
578 579
578 580
578 582
578 583
579 424
579 578
579 582
579 598
580 425
580 428
580 578
580 581
580 582
580 583
581 428
581 429
581 430
581 439
581 580
581 685
581 688
582 425
582 578
582 579
582 580
582 583
582 585
582 592
583 578
583 580
583 582
583 585
583 592
583 685
584 540
584 585
584 586
584 587
584 588
584 598
585 582
585 583
585 584
585 586
585 587
585 592
585 598
586 584
586 585
586 587
586 598
587 540
587 584
587 585
587 586
587 588
587 589
587 590
587 593
587 614
587 615
588 305
588 540
588 584
588 587
588 589
588 593
588 614
588 615
588 616
589 537
589 540
589 587
589 588
589 590
589 593
589 614
589 615
589 616
590 537
590 539
590 587
590 589
590 593
590 594
590 595
590 614
590 615
591 592
591 595
591 618
591 619
591 685
592 582
592 583
592 585
592 591
592 685
593 537
593 540
593 587
593 588
593 589
593 590
593 595
593 614
593 615
594 455
594 535
594 537
594 539
594 590
594 595
594 619
595 454
595 455
595 539
595 590
595 591
595 593
595 594
595 615
595 618
595 619
596 420
596 597
597 596
597 600
597 605
597 686
598 579
598 584
598 585
598 586
599 431
599 432
599 433
599 601
599 602
599 687
600 432
600 597
600 603
600 606
600 686
601 431
601 433
601 599
601 602
601 687
602 599
602 601
602 603
602 606
602 608
602 609
602 687
603 432
603 600
603 602
603 605
603 606
603 686
604 541
604 605
604 607
604 612
605 597
605 603
605 604
605 606
605 607
605 686
606 600
606 602
606 603
606 605
606 607
606 608
606 609
606 686
607 434
607 435
607 604
607 605
607 606
607 608
607 609
607 613
608 435
608 602
608 606
608 607
608 609
608 610
608 611
609 402
609 434
609 435
609 458
609 602
609 606
609 607
609 608
609 611
609 613
610 458
610 608
610 611
610 620
610 621
610 687
611 458
611 456
611 577
611 621
611 402
611 457
611 608
611 435
611 609
611 610
612 305
612 404
612 434
612 541
612 542
612 604
612 613
613 404
613 434
613 435
613 541
613 607
613 609
613 612
614 537
614 540
614 587
614 588
614 589
614 590
614 593
614 615
614 616
615 537
615 540
615 587
615 588
615 589
615 590
615 593
615 595
615 614
616 540
616 588
616 589
616 614
617 433
617 438
617 687
617 690
618 454
618 591
618 595
618 619
618 688
619 454
619 455
619 539
619 572
619 591
619 594
619 595
619 618
620 456
620 457
620 572
620 573
620 577
620 610
620 621
621 610
621 611
621 620
621 690
622 523
622 528
622 625
623 339
624 628
625 522
625 523
625 526
625 527
625 528
625 622
625 636
625 644
626 526
626 527
626 636
626 673
626 675
626 676
626 677
626 678
627 691
628 624
629 243
630 632
630 633
630 670
630 673
630 674
630 675
630 678
631 76
632 243
632 343
632 630
633 459
633 630
633 670
633 674
634 459
634 635
634 641
634 652
634 654
634 655
634 656
635 634
635 641
635 655
635 656
636 522
636 523
636 526
636 527
636 528
636 625
636 626
636 676
636 677
637 461
637 462
638 521
638 524
638 525
638 642
639 645
640 525
640 641
640 642
640 643
640 656
640 657
640 659
641 634
641 635
641 640
641 652
641 655
641 656
641 659
642 521
642 524
642 525
642 638
642 640
642 643
642 657
642 659
642 660
642 661
643 525
643 640
643 642
643 656
643 657
643 659
643 661
644 521
644 522
644 523
644 524
644 528
644 625
644 681
645 639
646 500
646 647
646 648
646 650
646 651
647 497
647 646
647 663
648 499
648 502
648 646
648 649
648 650
648 651
648 693
649 499
649 502
649 503
649 648
649 679
649 693
649 696
649 697
650 646
650 648
650 651
650 653
650 658
650 693
651 500
651 646
651 648
651 650
651 653
651 658
652 634
652 641
652 654
652 655
652 656
652 692
653 650
653 651
653 654
653 658
653 692
654 634
654 652
654 653
654 655
654 656
654 657
654 658
654 692
655 459
655 634
655 635
655 641
655 652
655 654
655 656
656 634
656 635
656 640
656 641
656 643
656 652
656 654
656 655
656 657
656 659
657 525
657 640
657 642
657 643
657 654
657 656
657 658
657 659
657 660
657 661
658 650
658 651
658 653
658 654
658 657
658 660
658 661
659 525
659 640
659 641
659 642
659 643
659 656
659 657
659 660
659 661
660 525
660 642
660 657
660 658
660 659
660 661
660 680
660 681
660 693
661 521
661 524
661 525
661 642
661 643
661 657
661 658
661 659
661 660
662 493
662 504
662 667
663 647
664 495
664 505
664 506
664 667
664 668
664 669
664 671
665 494
665 505
665 507
665 666
665 669
666 505
666 507
666 509
666 665
666 695
667 504
667 662
667 664
667 668
667 672
668 664
668 667
668 669
668 671
668 672
668 673
668 694
669 505
669 664
669 665
669 668
669 694
669 695
670 630
670 633
670 672
670 673
670 674
671 664
671 668
671 672
671 673
671 675
671 676
671 678
671 694
672 667
672 668
672 670
672 671
672 673
673 670
673 671
673 676
673 626
673 678
673 675
673 677
673 630
673 694
673 668
674 459
674 630
674 633
674 670
675 626
675 630
675 671
675 673
675 676
675 677
675 678
676 678
676 677
676 626
676 675
676 526
676 683
676 671
676 527
676 694
676 636
677 526
677 527
677 626
677 636
677 673
677 675
677 676
677 678
678 626
678 630
678 671
678 673
678 675
678 676
678 677
679 502
679 503
679 510
679 649
679 696
679 697
680 660
680 681
680 693
680 696
680 697
681 521
681 524
681 644
681 660
681 680
682 522
682 683
682 695
682 698
682 699
683 526
683 676
683 682
683 694
683 695
684 545
684 577
685 581
685 583
685 591
685 592
686 597
686 600
686 603
686 605
686 606
687 599
687 601
687 602
687 610
687 617
687 690
688 581
688 618
688 689
689 439
689 688
690 617
690 621
690 687
691 627
692 652
692 653
692 654
693 648
693 649
693 650
693 660
693 680
693 696
693 697
694 526
694 668
694 669
694 671
694 673
694 676
694 683
695 666
695 669
695 682
695 683
695 699
696 649
696 679
696 680
696 693
696 697
697 649
697 679
697 680
697 693
697 696
698 509
698 682
698 699
699 682
699 695
699 698
700 95
700 100
700 101
700 701
700 702
700 703
700 705
700 789
701 68
701 100
701 101
701 700
701 702
701 703
701 704
702 101
702 700
702 701
702 703
702 704
702 705
702 706
702 788
702 789
702 806
703 68
703 775
703 222
703 219
703 701
703 792
703 788
703 702
703 704
703 787
704 774
704 68
704 703
704 61
704 701
704 776
704 792
704 702
704 775
704 789
705 87
705 89
705 95
705 101
705 700
705 702
705 706
705 707
705 808
706 806
706 808
706 807
706 805
706 705
706 789
706 702
706 811
706 87
706 810
707 83
707 809
707 705
707 808
707 81
707 87
707 810
707 706
707 80
707 814
708 710
708 712
708 739
708 902
709 711
709 712
710 708
710 712
710 739
710 902
711 709
711 712
711 903
712 708
712 709
712 710
712 711
712 739
713 714
713 715
713 738
713 905
714 713
714 715
714 716
714 738
714 905
715 713
715 714
715 716
715 906
716 714
716 715
716 738
716 906
717 876
717 741
717 740
717 874
717 875
717 753
717 976
717 878
717 980
717 877
718 863
718 866
718 978
718 720
718 744
718 861
718 743
718 999
718 860
718 865
719 718
719 720
719 737
719 743
719 744
719 860
719 864
719 869
719 978
719 989
720 718
720 719
720 737
720 743
720 744
720 860
720 864
720 869
720 978
720 989
721 722
721 723
721 724
721 725
721 754
722 721
722 723
722 725
722 754
722 922
723 721
723 722
723 724
723 725
723 754
723 922
724 721
724 723
724 725
724 923
725 721
725 722
725 723
725 724
725 754
726 728
726 729
726 756
726 924
727 729
727 730
727 731
728 726
728 756
728 924
729 726
729 727
729 730
729 756
730 727
730 729
730 928
731 727
731 755
731 759
731 760
731 881
731 884
731 930
731 931
731 985
732 733
732 734
732 735
732 736
732 950
732 953
732 963
732 966
733 732
733 734
733 735
733 736
733 946
733 947
733 950
733 953
733 966
734 732
734 733
734 735
734 736
734 946
734 950
734 951
734 953
735 732
735 733
735 734
735 736
735 950
735 951
735 952
735 953
735 954
736 732
736 733
736 734
736 735
736 952
736 953
736 962
736 963
736 964
736 966
737 719
737 720
737 743
737 744
737 975
738 713
738 714
738 716
739 708
739 710
739 712
740 717
740 741
740 745
740 874
740 876
740 976
740 977
740 992
741 717
741 740
741 907
741 977
742 842
742 840
742 744
742 865
742 992
742 832
742 975
742 867
742 830
742 869
743 863
743 744
743 860
743 837
743 838
743 861
743 862
743 867
743 989
743 835
744 867
744 742
744 865
744 837
744 748
744 979
744 743
744 719
744 737
744 860
745 879
745 835
745 872
745 837
745 842
745 752
745 740
745 742
745 877
745 977
746 840
746 836
746 868
746 991
746 843
746 992
746 839
746 830
746 976
746 742
747 990
747 838
747 752
747 843
747 992
747 862
747 835
747 746
747 832
747 840
748 836
748 843
748 869
748 865
748 841
748 866
748 749
748 837
748 750
748 743
749 839
749 864
749 975
749 742
749 867
749 865
749 862
749 860
749 838
749 981
750 830
750 865
750 840
750 866
750 836
750 833
750 832
750 861
750 843
750 844
751 746
751 876
751 840
751 980
751 834
751 991
751 870
751 992
751 750
751 877
752 835
752 838
752 877
752 840
752 745
752 831
752 748
752 977
752 833
752 830
753 875
753 870
753 717
753 976
753 872
753 877
753 991
753 980
753 745
753 992
754 721
754 722
754 723
754 725
755 845
755 731
755 931
755 993
755 882
755 994
755 852
755 884
755 982
755 760
756 726
756 728
756 729
757 769
757 894
757 896
757 890
757 763
757 926
757 983
757 892
757 895
757 901
758 845
758 847
758 851
758 887
758 882
758 857
758 889
758 762
758 994
758 855
759 886
759 888
759 982
759 887
759 993
759 884
759 755
759 758
759 853
759 985
760 845
760 850
760 852
760 755
760 931
760 881
760 880
760 758
760 889
760 993
761 846
761 883
761 767
761 856
761 893
761 850
761 762
761 994
761 892
761 889
762 766
762 892
762 763
762 993
762 898
762 899
762 986
762 853
762 847
762 850
763 891
763 855
763 766
763 848
763 900
763 852
763 899
763 987
763 767
763 859
764 882
764 854
764 848
764 766
764 898
764 883
764 994
764 850
764 889
764 885
765 851
765 881
765 858
765 857
765 850
765 880
765 985
765 887
765 848
765 882
766 851
766 854
766 850
766 887
766 768
766 885
766 988
766 761
766 765
766 762
767 859
767 857
767 764
767 849
767 891
767 1013
767 848
767 895
767 768
767 858
768 764
768 983
768 852
768 901
768 898
768 763
768 897
768 855
768 988
768 851
769 891
769 757
769 848
769 900
769 846
769 983
769 898
769 763
769 926
769 901
770 781
770 792
770 776
770 829
770 774
770 775
770 779
770 771
770 220
770 773
771 60
771 829
771 778
771 774
771 770
771 777
771 797
771 776
771 792
771 772
772 220
772 771
772 786
772 774
772 829
772 777
772 778
772 773
772 779
772 775
773 785
773 775
773 228
773 780
773 219
773 229
773 788
773 783
773 227
773 222
774 772
774 771
774 61
774 703
774 786
774 220
774 778
774 775
774 60
774 829
775 786
775 776
775 774
775 773
775 792
775 68
775 220
775 61
775 703
775 788
776 774
776 62
776 58
776 704
776 61
776 59
776 68
776 777
776 60
776 770
777 778
777 793
777 58
777 797
777 62
777 829
777 60
777 59
777 774
777 772
778 771
778 62
778 60
778 797
778 307
778 777
778 829
778 776
778 793
778 772
779 786
779 829
779 773
779 220
779 798
779 771
779 770
779 780
779 772
779 793
780 798
780 782
780 773
780 797
780 786
780 235
780 799
780 227
780 829
780 781
781 772
781 226
781 785
781 225
781 235
781 788
781 786
781 217
781 231
781 219
782 820
782 799
782 785
782 819
782 226
782 784
782 780
782 229
782 218
782 826
783 232
783 227
783 780
783 230
783 225
783 790
783 229
783 224
783 782
783 222
784 235
784 780
784 782
784 799
784 801
784 818
784 819
784 820
784 826
785 786
785 234
785 233
785 216
785 232
785 781
785 229
785 816
785 783
785 219
786 781
786 774
786 772
786 787
786 220
786 231
786 221
786 223
786 790
786 788
787 220
787 789
787 227
787 703
787 225
787 230
787 229
787 223
787 773
787 790
788 773
788 704
788 221
788 216
788 702
788 790
788 225
788 217
788 781
788 220
789 706
789 703
789 230
789 786
789 236
789 219
789 806
789 704
789 222
789 216
790 223
790 789
790 222
790 224
790 234
790 791
790 785
790 230
790 236
790 783
791 225
791 223
791 218
791 217
791 773
791 224
791 788
791 785
791 235
791 233
792 68
792 775
792 703
792 61
792 771
792 704
792 776
792 770
792 777
792 60
793 829
793 287
793 56
793 794
793 307
793 558
793 795
793 59
793 62
793 63
794 3
794 326
794 793
794 5
794 12
794 286
794 10
794 11
794 7
794 287
795 9
795 558
795 793
795 796
795 798
795 800
795 803
796 9
796 558
796 793
796 795
796 798
796 800
796 803
797 779
797 829
797 777
797 778
797 780
797 63
797 771
797 62
797 772
797 793
798 71
798 801
798 779
798 324
798 796
798 829
798 287
798 797
798 793
798 780
799 71
799 72
799 565
799 780
799 782
799 784
799 798
799 801
799 826
800 9
800 795
800 796
800 803
801 824
801 71
801 798
801 334
801 13
801 326
801 799
801 11
801 784
801 565
802 3
802 285
802 5
802 10
802 326
802 324
802 11
802 287
802 4
802 12
803 9
803 795
803 796
803 800
804 8
804 14
804 289
805 816
805 234
805 230
805 229
805 820
805 217
805 706
805 218
805 810
805 233
806 812
806 790
806 224
806 816
806 706
806 789
806 233
806 702
806 232
806 234
807 817
807 812
807 234
807 805
807 232
807 811
807 706
807 806
807 233
807 810
808 707
808 810
808 80
808 83
808 82
808 87
808 705
808 814
808 809
808 706
809 23
809 817
809 707
809 810
809 81
809 82
809 20
809 814
809 80
809 813
810 816
810 812
810 82
810 806
810 817
810 707
810 813
810 828
810 233
810 706
811 812
811 805
811 231
811 806
811 813
811 706
811 810
811 820
811 817
811 232
812 820
812 228
812 806
812 215
812 807
812 783
812 230
812 810
812 217
812 224
813 825
813 815
813 82
813 828
813 814
813 818
813 819
813 81
813 75
813 810
814 809
814 822
814 821
814 73
814 81
814 828
814 20
814 77
814 23
814 83
815 77
815 828
815 73
815 814
815 817
815 825
815 74
815 75
815 824
815 822
816 783
816 805
816 235
816 820
816 224
816 785
816 226
816 218
816 806
816 810
817 820
817 819
817 828
817 816
817 809
817 811
817 807
817 82
817 818
817 812
818 784
818 813
818 815
818 817
818 819
818 821
818 824
818 825
818 826
818 828
819 828
819 784
819 817
819 813
819 824
819 782
819 826
819 825
819 818
819 820
820 232
820 826
820 229
820 819
820 812
820 218
820 231
820 234
820 783
820 816
821 73
821 828
821 75
821 20
821 822
821 813
821 825
821 341
821 823
821 818
822 825
822 813
822 74
822 81
822 823
822 73
822 828
822 75
822 77
822 23
823 14
823 74
823 75
823 821
823 822
823 825
824 822
824 13
824 71
824 74
824 75
824 828
824 341
824 818
824 72
824 826
825 77
825 74
825 20
825 826
825 341
825 813
825 822
825 288
825 815
825 334
826 13
826 817
826 801
826 825
826 341
826 288
826 819
826 818
826 821
826 828
827 14
827 21
827 22
827 290
828 814
828 822
828 810
828 818
828 817
828 824
828 813
828 74
828 826
828 821
829 779
829 772
829 798
829 793
829 774
829 778
829 797
829 777
829 780
829 770
830 844
830 871
830 745
830 839
830 991
830 876
830 746
830 842
830 841
830 836
831 873
831 879
831 835
831 838
831 842
831 748
831 977
831 751
831 876
831 992
832 876
832 879
832 835
832 840
832 981
832 839
832 752
832 742
832 833
832 838
833 842
833 837
833 991
833 751
833 752
833 876
833 871
833 831
833 870
833 981
834 836
834 747
834 840
834 839
834 975
834 842
834 868
834 832
834 976
834 752
835 839
835 977
835 863
835 830
835 866
835 842
835 752
835 743
835 745
835 831
836 875
836 837
836 842
836 746
836 747
836 976
836 832
836 835
836 872
836 748
837 746
837 992
837 748
837 868
837 865
837 864
837 863
837 745
837 844
837 975
838 843
838 837
838 868
838 832
838 835
838 743
838 830
838 842
838 752
838 979
839 745
839 752
839 838
839 870
839 841
839 990
839 871
839 747
839 834
839 749
840 866
840 867
840 830
840 979
840 836
840 873
840 862
840 863
840 831
840 871
841 990
841 835
841 867
841 871
841 839
841 842
841 844
841 749
841 830
841 863
842 747
842 990
842 868
842 745
842 981
842 752
842 751
842 862
842 841
842 749
843 979
843 834
843 840
843 748
843 870
843 980
843 832
843 836
843 878
843 842
844 980
844 977
844 742
844 878
844 840
844 831
844 750
844 833
844 837
844 842
845 982
845 993
845 762
845 851
845 855
845 901
845 765
845 759
845 887
845 854
846 896
846 900
846 768
846 855
846 891
846 847
846 892
846 993
846 893
846 761
847 882
847 892
847 886
847 899
847 761
847 762
847 856
847 900
847 849
847 888
848 855
848 859
848 899
848 845
848 897
848 891
848 853
848 895
848 890
848 761
849 857
849 988
849 900
849 853
849 769
849 850
849 901
849 892
849 846
849 897
850 847
850 993
850 845
850 848
850 885
850 846
850 882
850 855
850 755
850 884
851 899
851 763
851 983
851 850
851 858
851 854
851 856
851 855
851 846
851 894
852 755
852 759
852 894
852 854
852 760
852 855
852 892
852 887
852 884
852 766
853 856
853 767
853 855
853 882
853 988
853 765
853 859
853 880
853 886
853 764
854 986
854 883
854 850
854 889
854 846
854 855
854 857
854 880
854 762
854 758
855 986
855 857
855 892
855 888
855 880
855 900
855 849
855 761
855 901
855 885
856 859
856 763
856 993
856 855
856 758
856 851
856 847
856 893
856 880
856 848
857 988
857 884
857 856
857 764
857 887
857 898
857 889
857 846
857 762
857 850
858 901
858 763
858 857
858 891
858 848
858 849
858 880
858 762
858 894
858 855
859 761
859 850
859 845
859 894
859 769
859 763
859 895
859 768
859 854
859 765
860 868
860 978
860 989
860 861
860 869
860 865
860 975
860 863
860 866
860 862
861 748
861 864
861 749
861 978
861 747
861 866
861 860
861 842
861 989
861 744
862 865
862 744
862 868
862 835
862 742
862 838
862 975
862 841
862 837
862 747
863 864
863 747
863 869
863 749
863 990
863 718
863 744
863 866
863 750
863 860
864 744
864 975
864 862
864 989
864 978
864 835
864 719
864 863
864 743
864 867
865 863
865 990
865 839
865 861
865 975
865 860
865 718
865 742
865 749
865 841
866 839
866 990
866 862
866 749
866 868
866 835
866 837
866 867
866 863
866 865
867 718
867 744
867 975
867 743
867 750
867 866
867 863
867 989
867 842
867 978
868 834
868 864
868 978
868 860
868 861
868 748
868 867
868 747
868 744
868 835
869 975
869 864
869 743
869 978
869 720
869 742
869 748
869 860
869 863
869 861
870 871
870 841
870 844
870 745
870 876
870 831
870 832
870 834
870 836
870 980
871 746
871 874
871 751
871 745
871 873
871 991
871 981
871 878
871 840
871 879
872 870
872 877
872 834
872 844
872 875
872 833
872 840
872 878
872 876
872 836
873 875
873 841
873 992
873 844
873 745
873 830
873 870
873 747
873 976
873 832
874 752
874 876
874 844
874 745
874 870
874 873
874 832
874 831
874 872
874 879
875 751
875 874
875 981
875 876
875 1003
875 907
875 717
875 843
875 879
875 877
876 870
876 874
876 977
876 875
876 751
876 831
876 872
876 879
876 833
876 746
877 751
877 843
877 717
877 976
877 753
877 981
877 836
877 875
877 879
877 992
878 874
878 751
878 836
878 871
878 877
878 976
878 907
878 752
878 980
878 879
879 843
879 872
879 831
879 977
879 844
879 833
879 751
879 875
879 871
879 976
880 850
880 856
880 882
880 885
880 759
880 853
880 854
880 766
880 930
880 852
881 850
881 852
881 930
881 883
881 884
881 985
881 764
881 887
881 731
881 759
882 886
882 854
882 887
882 986
882 883
882 853
882 845
882 846
882 764
882 982
883 888
883 885
883 847
883 762
883 884
883 882
883 755
883 855
883 765
883 886
884 764
884 760
884 857
884 985
884 889
884 880
884 853
884 994
884 852
884 931
885 762
885 930
885 758
885 847
885 759
885 982
885 884
885 766
885 764
885 994
886 765
886 759
886 880
886 993
886 982
886 884
886 854
886 853
886 889
886 758
887 852
887 853
887 982
887 993
887 881
887 880
887 762
887 847
887 884
887 886
888 986
888 886
888 758
888 847
888 993
888 885
888 855
888 762
888 856
888 884
889 885
889 931
889 760
889 764
889 762
889 887
889 880
889 855
889 758
889 853
890 926
890 892
890 848
890 761
890 846
890 767
890 895
890 988
890 893
890 984
891 896
891 763
891 899
891 854
891 890
891 894
891 892
891 856
891 900
891 847
892 988
892 984
892 987
892 845
892 897
892 849
892 983
892 900
892 768
892 762
893 900
893 767
893 769
893 856
893 847
893 858
893 988
893 898
893 897
893 859
894 854
894 893
894 900
894 856
894 987
894 890
894 891
894 983
894 846
894 757
895 767
895 851
895 898
895 763
895 984
895 983
895 926
895 897
895 761
895 849
896 898
896 846
896 897
896 761
896 757
896 895
896 901
896 767
896 851
896 892
897 899
897 925
897 988
897 851
897 767
897 901
897 768
897 892
897 898
897 890
898 987
898 855
898 853
898 895
898 988
898 854
898 894
898 896
898 851
898 846
899 892
899 766
899 896
899 890
899 845
899 847
899 849
899 901
899 987
899 891
900 850
900 769
900 894
900 764
900 851
900 893
900 854
900 849
900 896
900 895
901 892
901 898
901 757
901 984
901 988
901 858
901 897
901 847
901 855
901 767
902 708
902 710
902 904
903 711
904 902
905 713
905 714
905 908
906 715
906 716
906 909
907 717
907 741
907 753
907 875
907 877
907 878
907 980
907 998
908 905
909 906
910 912
910 916
911 913
911 918
911 995
911 1003
912 910
912 1002
913 911
913 917
914 320
914 1001
915 322
916 311
916 325
916 910
916 917
917 325
917 913
917 916
918 911
918 995
918 1004
919 547
919 549
919 1008
920 295
920 300
920 301
920 1007
921 48
921 302
922 722
922 723
922 1011
923 724
923 1011
924 726
924 728
924 929
925 769
925 890
925 895
925 896
925 897
925 926
925 927
925 983
925 987
925 1012
926 757
926 769
926 890
926 895
926 896
926 925
926 927
926 983
926 984
927 925
927 926
927 1012
928 730
928 944
929 924
930 883
930 931
930 731
930 881
930 884
930 994
930 760
930 1015
930 993
930 880
931 889
931 888
931 881
931 982
931 883
931 731
931 930
931 994
931 882
931 760
932 936
932 939
932 1014
933 934
933 937
933 940
933 1013
934 933
934 940
935 330
935 1015
935 1017
936 932
936 1014
937 933
937 938
937 1012
938 937
938 1018
939 329
939 333
939 340
939 932
940 933
940 934
941 337
941 566
941 571
942 353
942 354
942 1021
942 1022
943 150
943 529
943 1016
944 928
945 947
945 967
945 974
946 733
946 734
946 947
946 948
946 949
946 950
946 953
947 733
947 945
947 946
947 948
947 953
947 966
947 967
948 946
948 947
949 946
949 950
949 951
949 954
950 732
950 733
950 734
950 735
950 946
950 949
950 951
950 953
950 954
951 734
951 735
951 949
951 950
951 952
951 954
952 735
952 736
952 951
952 955
952 962
952 965
953 732
953 733
953 734
953 735
953 736
953 946
953 947
953 950
953 963
953 966
954 735
954 949
954 950
954 951
954 958
955 952
955 959
955 965
955 969
956 1023
957 1024
958 954
959 955
959 970
959 1027
960 50
960 1023
961 349
961 1025
961 1031
962 736
962 952
962 963
962 964
962 965
962 966
963 732
963 736
963 953
963 962
963 964
963 965
963 966
964 736
964 962
964 963
964 965
964 966
964 968
965 952
965 955
965 962
965 963
965 964
965 969
966 732
966 733
966 736
966 947
966 953
966 962
966 963
966 964
966 967
967 945
967 947
967 966
967 974
968 964
969 955
969 965
969 970
970 959
970 969
972 974
973 1025
974 945
974 967
974 972
975 868
975 743
975 744
975 742
975 862
975 835
975 864
975 837
975 978
975 990
976 870
976 875
976 872
976 991
976 745
976 876
976 877
976 832
976 878
976 752
977 876
977 830
977 746
977 835
977 874
977 871
977 831
977 833
977 879
977 844
978 742
978 748
978 860
978 975
978 989
978 837
978 866
978 720
978 865
978 743
979 838
979 744
979 864
979 842
979 750
979 868
979 860
979 981
979 989
979 862
980 877
980 976
980 870
980 878
980 907
980 844
980 992
980 981
980 879
980 872
981 839
981 832
981 878
981 833
981 831
981 979
981 873
981 840
981 842
981 871
982 845
982 846
982 761
982 931
982 881
982 880
982 889
982 755
982 760
982 887
983 897
983 895
983 987
983 894
983 984
983 849
983 899
983 896
983 859
983 890
984 894
984 846
984 892
984 761
984 897
984 763
984 895
984 769
984 849
984 900
985 994
985 884
985 986
985 880
985 760
985 853
985 982
985 993
985 765
985 881
986 885
986 856
986 765
986 855
986 884
986 880
986 883
986 993
986 886
986 758
987 988
987 984
987 896
987 858
987 897
987 895
987 900
987 893
987 890
987 859
988 853
988 898
988 897
988 858
988 899
988 892
988 764
988 894
988 768
988 855
989 975
989 748
989 744
989 837
989 863
989 719
989 860
989 743
989 861
989 978
990 867
990 744
990 839
990 834
990 978
990 840
990 975
990 864
990 979
990 748
991 752
991 746
991 753
991 873
991 977
991 874
991 841
991 992
991 872
991 879
992 831
992 753
992 752
992 876
992 842
992 875
992 878
992 980
992 836
992 830
993 852
993 759
993 882
993 985
993 762
993 761
993 883
993 886
993 930
993 855
994 931
994 986
994 758
994 850
994 760
994 887
994 759
994 888
994 880
994 883
995 911
995 918
995 1004
998 907
999 718
999 1001
1001 914
1001 999
1002 749
1002 750
1002 912
1002 979
1003 751
1003 875
1003 877
1003 878
1003 911
1003 980
1003 981
1004 918
1004 995
1006 300
1006 1007
1007 49
1007 300
1007 920
1007 1006
1008 574
1008 576
1008 919
1010 1020
1011 922
1011 923
1012 925
1012 927
1012 937
1013 766
1013 767
1013 858
1013 898
1013 933
1013 988
1014 765
1014 932
1014 936
1014 986
1015 930
1015 935
1015 986
1015 1017
1016 529
1016 943
1017 935
1017 1015
1018 938
1020 354
1020 1010
1020 1022
1021 353
1021 569
1021 570
1021 942
1022 149
1022 354
1022 942
1022 1020
1023 956
1023 960
1024 957
1024 1028
1025 961
1025 973
1026 1027
1027 959
1027 1026
1028 538
1028 1024
1028 1029
1029 297
1029 1028
1029 1030
1030 348
1030 1029
1031 147
1031 961
1031 1036
1032 148
1032 1033
1033 145
1033 148
1033 1032
1033 1034
1034 1033
1035 1036
1036 1031
1036 1035
