0 6
0 57
0 54
0 56
0 530
0 4
0 58
0 3
0 7
0 2
1 3
1 56
1 0
1 530
1 5
1 527
1 4
1 58
1 452
1 529
2 4
2 54
2 5
2 528
2 527
2 8
2 57
2 529
2 55
2 1
3 54
3 6
3 2
3 1
3 7
3 5
3 0
3 58
3 56
3 454
4 529
4 54
4 58
4 1
4 7
4 0
4 55
4 56
4 57
4 2
5 2
5 3
5 55
5 57
5 1
5 530
5 459
5 6
5 54
5 4
6 8
6 54
6 7
6 5
6 56
6 3
6 0
6 57
6 530
6 55
7 5
7 0
7 530
7 8
7 6
7 3
7 54
7 4
7 58
7 55
8 4
8 57
8 2
8 56
8 55
8 0
8 6
8 531
8 458
8 457
10 49
10 795
11 13
11 738
11 750
11 751
11 772
12 796
13 11
13 22
13 746
13 747
13 750
13 751
14 394
14 18
14 50
14 393
14 391
14 251
14 404
14 403
14 256
14 250
15 403
15 14
15 391
15 164
15 254
15 18
15 17
15 394
15 20
15 16
16 14
16 15
16 18
16 50
16 51
16 164
16 254
16 255
16 393
16 403
17 15
17 18
17 19
17 20
17 63
17 164
17 173
17 179
17 971
17 1044
18 14
18 15
18 16
18 17
18 50
18 51
18 162
18 163
18 164
19 17
19 15
19 158
19 275
19 59
19 164
19 395
19 270
19 403
19 179
20 391
20 394
20 59
20 404
20 250
20 158
20 15
20 14
20 393
20 19
21 53
21 59
21 428
21 254
21 427
21 160
21 432
21 20
21 392
21 62
22 13
23 750
23 772
24 219
24 46
24 33
24 28
24 194
24 34
24 41
24 474
24 36
24 31
25 191
25 195
25 317
25 565
25 474
25 219
25 26
25 32
25 561
25 33
26 188
26 565
26 187
26 29
26 475
26 37
26 33
26 28
26 560
26 190
27 688
27 29
27 475
27 187
27 38
27 37
27 35
27 46
27 33
27 194
28 41
28 26
28 210
28 25
28 211
28 40
28 193
28 475
28 36
28 188
29 694
29 45
29 41
29 692
29 227
29 31
29 46
29 219
29 26
29 695
30 28
30 46
30 27
30 33
30 692
30 695
30 688
30 36
30 26
30 31
31 36
31 30
31 688
31 37
31 28
31 692
31 35
31 24
31 691
31 27
32 198
32 24
32 26
32 563
32 566
32 475
32 189
32 188
32 565
32 190
33 190
33 563
33 198
33 26
33 197
33 691
33 474
33 565
33 32
33 194
34 196
34 35
34 560
34 33
34 564
34 475
34 561
34 194
34 563
34 188
35 689
35 155
35 197
35 34
35 33
35 201
35 26
35 195
35 196
35 284
36 219
36 41
36 40
36 27
36 688
36 229
36 689
36 227
36 692
36 37
37 220
37 30
37 46
37 210
37 229
37 216
37 31
37 692
37 29
37 221
38 210
38 190
38 37
38 475
38 187
38 188
38 26
38 27
38 216
38 220
39 221
39 41
39 558
39 42
39 402
39 399
39 228
39 694
39 211
39 571
40 44
40 225
40 400
40 36
40 230
40 213
40 41
40 401
40 397
40 39
41 36
41 37
41 45
41 229
41 24
41 40
41 39
41 29
41 221
41 215
42 229
42 559
42 309
42 228
42 227
42 221
42 224
42 39
42 558
42 44
43 224
43 477
43 558
43 44
43 212
43 309
43 569
43 222
43 571
43 226
44 1034
44 213
44 41
44 334
44 40
44 43
44 224
44 227
44 569
44 220
45 46
45 688
45 227
45 694
45 228
45 42
45 40
45 220
45 221
45 230
46 41
46 28
46 36
46 692
46 228
46 689
46 27
46 37
46 227
46 29
47 800
47 1023
47 1027
47 1028
49 10
49 795
50 51
50 392
50 250
50 254
50 391
50 404
50 14
50 16
50 53
50 160
51 14
51 16
51 18
51 50
51 243
51 245
51 254
51 255
51 393
51 403
52 53
52 64
52 65
52 243
52 245
52 286
52 287
52 960
53 395
53 391
53 65
53 404
53 392
53 403
53 393
53 243
53 50
53 432
54 4
54 459
54 0
54 526
54 3
54 5
54 1
54 7
54 2
54 56
55 3
55 530
55 532
55 0
55 5
55 6
55 7
55 57
55 1
55 459
56 0
56 1
56 2
56 58
56 55
56 7
56 3
56 8
56 6
56 529
57 58
57 530
57 54
57 7
57 6
57 2
57 529
57 55
57 8
57 5
58 55
58 7
58 56
58 2
58 5
58 6
58 3
58 458
58 57
58 457
59 62
59 404
59 270
59 61
59 392
59 20
59 64
59 60
59 158
59 391
60 20
60 59
60 61
60 62
60 64
60 66
60 392
61 59
61 60
61 62
61 63
61 66
61 270
62 391
62 59
62 20
62 60
62 395
62 61
62 393
62 394
62 53
62 64
63 17
63 19
63 59
63 61
63 179
63 270
63 272
63 275
64 160
64 393
64 52
64 66
64 286
64 60
64 53
64 62
64 59
64 392
65 52
65 53
65 64
65 66
65 243
65 244
65 286
65 287
65 288
65 1036
66 60
66 61
66 62
66 64
66 65
66 285
66 286
67 261
67 262
67 263
67 290
67 783
67 784
67 785
67 787
67 788
67 920
68 786
68 293
68 916
68 781
68 918
68 779
68 260
68 780
68 71
68 782
69 70
69 260
69 779
69 781
69 68
69 782
69 780
69 786
69 924
69 71
70 69
70 71
70 258
70 297
70 302
70 779
70 782
71 68
71 69
71 70
71 258
71 779
71 781
71 782
72 74
72 98
72 78
72 102
72 99
72 95
72 93
72 100
72 90
72 91
73 76
73 78
73 84
73 88
73 89
73 319
73 320
73 322
73 323
73 324
74 90
74 84
74 99
74 75
74 102
74 76
74 87
74 72
74 93
74 91
75 81
75 100
75 92
75 90
75 91
75 96
75 77
75 78
75 94
75 101
76 93
76 94
76 92
76 78
76 80
76 73
76 90
76 75
76 101
76 74
77 326
77 82
77 101
77 81
77 78
77 95
77 93
77 94
77 75
77 96
78 94
78 80
78 101
78 93
78 77
78 74
78 72
78 73
78 90
78 75
79 86
79 93
79 80
79 83
79 96
79 98
79 326
79 100
79 75
79 82
80 77
80 326
80 81
80 327
80 82
80 321
80 76
80 78
80 79
80 85
81 326
81 85
81 75
81 98
81 100
81 80
81 87
81 82
81 95
81 77
82 326
82 83
82 80
82 77
82 79
82 328
82 85
82 321
82 325
82 327
83 87
83 102
83 98
83 97
83 95
83 79
83 85
83 99
83 77
83 84
84 98
84 89
84 81
84 323
84 90
84 83
84 99
84 87
84 91
84 322
85 326
85 81
85 88
85 96
85 82
85 87
85 324
85 323
85 328
85 325
86 90
86 79
86 95
86 91
86 81
86 96
86 102
86 101
86 84
86 326
87 90
87 88
87 101
87 86
87 83
87 84
87 85
87 100
87 74
87 102
88 84
88 324
88 323
88 322
88 74
88 85
88 89
88 90
88 92
88 86
89 320
89 326
89 88
89 86
89 74
89 73
89 322
89 85
89 324
89 90
90 100
90 92
90 76
90 93
90 102
90 87
90 86
90 98
90 101
90 78
91 102
91 100
91 76
91 92
91 101
91 87
91 88
91 97
91 75
91 84
92 90
92 99
92 101
92 100
92 75
92 74
92 88
92 97
92 86
92 98
93 90
93 94
93 99
93 74
93 72
93 91
93 81
93 97
93 92
93 75
94 99
94 102
94 78
94 93
94 75
94 101
94 72
94 92
94 91
94 97
95 98
95 96
95 83
95 97
95 79
95 94
95 72
95 81
95 93
95 75
96 81
96 83
96 82
96 326
96 99
96 85
96 100
96 80
96 93
96 101
97 93
97 87
97 79
97 83
97 91
97 96
97 99
97 94
97 101
97 86
98 74
98 83
98 99
98 81
98 72
98 84
98 91
98 97
98 94
98 90
99 93
99 95
99 101
99 92
99 84
99 86
99 100
99 98
99 74
99 94
100 77
100 95
100 81
100 72
100 102
100 97
100 101
100 99
100 90
100 74
101 78
101 93
101 96
101 76
101 87
101 94
101 86
101 74
101 98
101 72
102 91
102 72
102 74
102 100
102 98
102 94
102 96
102 87
102 95
102 97
103 107
103 132
103 124
103 131
103 104
103 118
103 117
103 121
103 128
103 122
104 119
104 123
104 117
104 132
104 103
104 114
104 121
104 116
104 122
104 115
105 104
105 337
105 330
105 122
105 118
105 329
105 106
105 336
105 123
105 115
106 107
106 104
106 124
106 103
106 120
106 105
106 109
106 131
106 123
106 111
107 119
107 329
107 106
107 336
107 105
107 330
107 109
107 338
107 103
107 123
108 126
108 132
108 333
108 115
108 114
108 116
108 111
108 128
108 122
108 127
109 331
109 111
109 572
109 108
109 107
109 123
109 110
109 570
109 338
109 332
110 338
110 114
110 113
110 126
110 111
110 570
110 333
110 332
110 108
110 331
111 113
111 122
111 120
111 127
111 109
111 125
111 131
111 130
111 110
111 126
112 333
112 121
112 126
112 125
112 113
112 128
112 104
112 127
112 129
112 114
113 333
113 123
113 111
113 130
113 338
113 114
113 127
113 122
113 126
113 116
114 116
114 113
114 337
114 104
114 119
114 117
114 128
114 110
114 112
114 335
115 119
115 334
115 128
115 335
115 116
115 117
115 103
115 112
115 105
115 132
116 131
116 128
116 118
116 127
116 113
116 130
116 119
116 114
116 121
116 104
117 127
117 120
117 116
117 112
117 106
117 115
117 132
117 129
117 105
117 118
118 117
118 115
118 337
118 104
118 128
118 103
118 116
118 114
118 112
118 333
119 329
119 128
119 105
119 114
119 103
119 116
119 336
119 335
119 104
119 117
120 122
120 127
120 125
120 129
120 104
120 117
120 128
120 123
120 111
120 106
121 130
121 104
121 117
121 129
121 118
121 103
121 122
121 116
121 128
121 123
122 111
122 131
122 132
122 121
122 108
122 113
122 126
122 125
122 338
122 103
123 127
123 131
123 111
123 120
123 122
123 125
123 103
123 130
123 108
123 121
124 120
124 125
124 106
124 108
124 111
124 132
124 131
124 121
124 109
124 122
125 113
125 129
125 128
125 120
125 131
125 108
125 122
125 121
125 132
125 126
126 109
126 111
126 131
126 127
126 110
126 125
126 130
126 108
126 129
126 123
127 125
127 128
127 124
127 117
127 120
127 112
127 126
127 111
127 122
127 132
128 125
128 116
128 132
128 120
128 117
128 104
128 118
128 121
128 115
128 113
129 119
129 132
129 112
129 131
129 115
129 113
129 127
129 118
129 117
129 126
130 131
130 104
130 125
130 126
130 124
130 113
130 106
130 117
130 108
130 132
131 132
131 112
131 120
131 127
131 130
131 128
131 108
131 106
131 116
131 113
132 117
132 115
132 128
132 124
132 130
132 333
132 111
132 126
132 129
132 131
133 143
133 139
133 134
133 346
133 142
133 345
133 137
133 141
133 135
133 362
134 143
134 342
134 136
134 346
134 345
134 135
134 344
134 343
134 341
134 144
135 141
135 359
135 138
135 144
135 136
135 339
135 140
135 139
135 133
135 134
136 139
136 346
136 345
136 135
136 134
136 142
136 133
136 141
136 143
136 137
137 140
137 339
137 359
137 135
137 136
137 342
137 133
137 143
137 139
137 134
138 144
138 344
138 339
138 139
138 140
138 359
138 135
138 134
138 137
138 143
139 143
139 133
139 142
139 362
139 144
139 137
139 138
139 140
139 135
139 141
140 138
140 139
140 137
140 360
140 359
140 339
140 143
140 344
140 342
140 141
141 136
141 135
141 140
141 139
141 142
141 346
141 137
141 143
141 359
141 362
142 363
142 347
142 364
142 346
142 136
142 348
142 141
142 601
142 345
142 362
143 139
143 144
143 138
143 344
143 133
143 135
143 141
143 140
143 137
143 359
144 137
144 140
144 135
144 344
144 339
144 143
144 138
144 139
144 342
144 134
145 152
145 388
145 149
145 153
145 146
145 377
145 148
145 151
145 154
145 147
146 145
146 387
146 376
146 148
146 152
146 149
146 154
146 147
146 375
146 377
147 152
147 376
147 642
147 388
147 643
147 145
147 377
147 387
147 146
147 389
148 149
148 154
148 153
148 382
148 146
148 390
148 145
148 380
148 373
148 150
149 146
149 148
149 375
149 382
149 151
149 150
149 154
149 153
149 145
149 390
150 148
150 149
150 151
150 153
150 154
150 373
150 375
150 380
150 382
150 390
151 149
151 373
151 375
151 153
151 150
151 380
151 148
151 390
151 154
151 145
152 149
152 148
152 153
152 147
152 387
152 145
152 377
152 146
152 376
152 390
153 390
153 146
153 383
153 373
153 145
153 150
153 388
153 149
153 152
153 148
154 148
154 388
154 151
154 153
154 375
154 145
154 390
154 152
154 382
154 146
155 684
155 284
155 199
155 196
155 1090
155 564
155 198
155 195
155 683
155 1048
156 1049
156 1100
156 685
156 1047
156 157
156 201
156 1128
156 281
156 684
156 543
157 283
157 1048
157 155
157 282
157 284
157 156
157 536
157 691
157 281
157 1047
158 160
158 21
158 15
158 20
158 254
158 391
158 250
158 404
158 424
158 14
159 512
159 513
159 428
159 423
159 433
159 422
159 429
159 436
159 430
159 511
160 432
160 394
160 62
160 158
160 159
160 64
160 21
160 425
160 395
160 254
162 18
162 163
162 164
162 172
162 242
162 1045
163 18
163 162
163 172
163 242
163 487
164 15
164 16
164 17
164 18
164 19
164 162
164 171
164 173
164 971
164 1044
165 170
165 794
165 975
165 979
166 868
166 168
166 744
166 1002
166 740
166 834
166 979
166 739
166 743
166 976
167 743
167 867
167 748
167 868
167 977
167 824
167 770
167 769
167 860
167 790
168 1087
168 978
168 166
168 872
168 176
168 1006
168 977
168 181
168 938
168 177
169 834
169 868
169 865
169 739
169 167
169 977
169 183
169 872
169 867
169 940
170 975
170 936
170 1087
170 1011
170 1006
170 1083
170 979
170 1007
170 937
170 1045
171 175
171 164
171 1083
171 972
171 465
171 174
171 971
171 1045
171 1044
171 973
172 162
172 163
172 175
172 1045
173 174
173 971
173 972
173 17
173 1043
173 179
173 164
173 171
173 1132
173 465
174 465
174 937
174 1083
174 173
174 175
174 973
174 1044
174 1045
174 171
174 1085
175 170
175 171
175 172
175 174
175 971
175 972
175 973
175 1045
175 1083
175 1085
176 1084
176 1092
176 938
176 1001
176 177
176 462
176 170
176 1004
176 939
176 1010
177 1094
177 938
177 1112
177 974
177 1093
177 940
177 976
177 460
177 661
177 1004
178 730
178 978
178 183
178 461
178 1115
178 1095
178 1120
178 169
178 940
178 1096
179 17
179 63
179 1043
179 971
179 19
179 1131
179 972
179 1132
179 275
179 465
180 1086
180 716
180 718
180 1085
180 1132
180 1131
180 664
180 174
180 463
180 717
181 1087
181 661
181 940
181 1113
181 1092
181 1112
181 1118
181 1093
181 1004
181 939
182 719
182 936
182 462
182 1006
182 1141
182 1007
182 1093
182 1114
182 728
182 1084
183 662
183 169
183 1095
183 178
183 461
183 1120
183 1113
183 1115
183 1008
183 1091
184 1088
184 467
184 1013
184 1117
184 941
184 1016
184 1122
184 1015
184 1014
184 793
185 982
186 769
186 770
186 771
186 789
186 813
186 816
186 889
186 892
186 1012
186 1015
187 197
187 189
187 564
187 27
187 203
187 38
187 193
187 561
187 202
187 313
188 193
188 564
188 189
188 38
188 194
188 561
188 28
188 191
188 473
188 475
189 317
189 190
189 33
189 26
189 32
189 798
189 25
189 313
189 561
189 799
190 473
190 191
190 32
190 203
190 193
190 315
190 469
190 195
190 471
190 26
191 204
191 1017
191 474
191 188
191 473
191 789
191 470
191 560
191 475
191 797
192 473
192 1027
192 205
192 38
192 187
192 317
192 28
192 210
192 475
192 874
193 219
193 191
193 211
193 206
193 205
193 188
193 216
193 217
193 190
193 38
194 473
194 201
194 199
194 187
194 475
194 563
194 34
194 189
194 27
194 33
195 317
195 190
195 198
195 26
195 473
195 474
195 33
195 567
195 32
195 194
196 1046
196 26
196 33
196 469
196 197
196 325
196 199
196 35
196 472
196 318
197 32
197 683
197 34
197 200
197 325
197 33
197 471
197 194
197 195
197 199
198 203
198 684
198 318
198 1090
198 564
198 314
198 316
198 155
198 469
198 472
199 316
199 196
199 313
199 1046
199 317
199 203
199 194
199 470
199 325
199 683
200 317
200 471
200 560
200 470
200 1016
200 1046
200 196
200 199
200 469
200 799
201 469
201 35
201 33
201 1048
201 472
201 562
201 32
201 684
201 318
201 314
202 1019
202 469
202 789
202 191
202 473
202 1016
202 317
202 797
202 471
202 192
203 318
203 317
203 798
203 1016
203 789
203 314
203 683
203 191
203 792
203 189
204 1018
204 203
204 474
204 1017
204 1027
204 187
204 193
204 191
204 206
204 1019
205 1027
205 874
205 206
205 1028
205 204
205 1019
205 798
205 811
205 800
205 192
206 210
206 1023
206 1027
206 192
206 800
206 216
206 1028
206 890
206 204
206 1020
207 775
207 776
207 777
207 778
207 803
207 839
207 891
207 893
207 985
207 1020
208 206
208 805
208 397
208 220
208 221
208 217
208 401
208 1020
208 477
208 212
209 222
209 213
209 811
209 804
209 214
209 1021
209 212
209 216
209 805
209 217
210 206
210 208
210 212
210 874
210 28
210 213
210 193
210 221
210 190
210 218
211 40
211 210
211 39
211 193
211 24
211 215
211 218
211 213
211 227
211 192
212 804
212 213
212 215
212 1034
212 1024
212 217
212 227
212 571
212 569
212 401
213 209
213 812
213 222
213 44
213 40
213 569
213 571
213 223
213 399
213 570
214 218
214 1022
214 223
214 212
214 396
214 216
214 224
214 569
214 215
214 401
215 208
215 216
215 209
215 219
215 397
215 226
215 222
215 41
215 571
215 812
216 397
216 214
216 206
216 400
216 402
216 396
216 41
216 401
216 38
216 40
217 213
217 477
217 398
217 215
217 212
217 402
217 42
217 224
217 208
217 219
218 477
218 400
218 222
218 213
218 215
218 401
218 41
218 811
218 192
218 209
219 399
219 208
219 228
219 44
219 40
219 41
219 218
219 213
219 227
219 25
220 400
220 230
220 215
220 229
220 227
220 397
220 45
220 399
220 402
220 44
221 216
221 225
221 477
221 211
221 45
221 400
221 224
221 217
221 214
221 210
222 571
222 213
222 477
222 811
222 221
222 396
222 217
222 568
222 228
222 569
223 226
223 209
223 217
223 222
223 214
223 212
223 400
223 43
223 215
223 225
224 812
224 225
224 216
224 220
224 397
224 228
224 402
224 227
224 229
224 208
225 217
225 559
225 229
225 214
225 480
225 400
225 227
225 231
225 220
225 396
226 231
226 43
226 229
226 212
226 214
226 398
226 401
226 222
226 399
226 812
227 222
227 219
227 212
227 397
227 224
227 220
227 230
227 402
227 214
227 42
228 223
228 224
228 569
228 43
228 221
228 402
228 227
228 44
228 226
228 222
229 228
229 43
229 694
229 39
229 213
229 225
229 400
229 220
229 398
229 227
230 400
230 569
230 39
230 226
230 558
230 44
230 571
230 480
230 399
230 229
231 365
231 558
231 1123
231 223
231 482
231 1082
231 44
231 1034
231 571
231 559
232 490
232 1103
232 485
232 234
232 831
232 990
232 988
232 962
232 807
232 806
233 483
233 607
233 967
233 711
233 807
233 1104
233 235
233 966
233 1102
233 1078
234 708
234 1109
234 709
234 1108
234 604
234 806
234 807
234 1076
234 1071
234 490
235 853
235 857
235 830
235 967
235 831
235 876
235 840
235 808
235 832
235 233
236 1102
236 961
236 989
236 954
236 807
236 806
236 965
236 988
236 854
236 757
237 802
237 877
238 236
238 735
238 742
238 757
238 858
238 961
238 962
238 987
238 989
239 963
239 486
239 988
239 248
239 954
239 953
239 957
239 952
239 1070
239 989
240 242
240 487
240 757
240 801
240 1035
241 796
242 162
242 163
242 240
242 487
242 1035
243 244
243 247
243 246
243 53
243 1036
243 245
243 51
243 52
243 960
243 50
244 246
244 65
244 1060
244 1058
244 489
244 288
244 1057
244 1066
244 956
244 1037
245 51
245 52
245 243
245 246
245 247
245 487
245 956
245 960
246 244
246 956
246 959
246 1036
246 243
246 960
246 245
246 247
246 1067
246 488
247 960
247 959
247 244
247 246
247 958
247 487
247 1036
247 248
247 956
247 1035
248 239
248 247
248 249
248 487
248 951
248 955
248 956
248 957
248 958
248 1035
249 1068
249 1071
249 1074
249 958
249 996
249 1070
249 1133
249 1035
249 486
249 488
250 251
250 403
250 395
250 160
250 391
250 404
250 15
250 254
250 509
250 252
251 430
251 252
251 404
251 14
251 256
251 250
251 393
251 403
251 255
251 253
252 393
252 431
252 511
252 430
252 253
252 251
252 255
252 509
252 429
252 510
253 431
253 255
253 254
253 256
253 430
253 511
253 393
253 512
253 252
253 250
254 392
254 404
254 256
254 53
254 509
254 50
254 393
254 391
254 14
254 15
255 21
255 254
255 256
255 20
255 15
255 509
255 404
255 251
255 16
255 395
256 14
256 250
256 254
256 252
256 393
256 391
256 430
256 53
256 255
256 510
257 258
257 259
257 283
257 302
257 307
257 308
257 533
257 690
258 69
258 71
258 924
258 779
258 259
258 267
258 782
258 70
258 257
258 260
259 257
259 258
259 302
259 306
259 307
259 308
259 690
260 266
260 786
260 779
260 258
260 68
260 926
260 781
260 924
260 925
260 69
261 67
261 263
261 268
261 783
261 784
261 787
261 788
261 927
261 928
262 67
262 263
262 264
262 289
262 783
262 784
263 67
263 261
263 262
263 264
263 269
263 783
263 784
263 787
263 788
264 262
264 263
264 265
264 285
264 289
265 264
265 271
265 285
266 907
266 925
266 924
266 933
266 268
266 927
266 926
266 260
266 786
266 928
267 258
267 533
267 535
268 925
268 788
268 928
268 930
268 909
268 261
268 266
268 273
268 929
268 927
269 263
269 268
269 273
269 277
269 927
269 928
269 929
270 19
270 59
270 61
270 63
270 272
270 275
271 265
271 272
271 534
272 63
272 270
272 271
272 275
272 534
272 537
272 1041
272 1042
272 1130
272 1131
273 929
273 910
273 927
273 930
273 269
273 928
273 268
273 932
273 277
273 909
274 932
274 929
274 934
274 266
274 1050
274 933
274 930
274 926
274 273
274 907
275 19
275 63
275 173
275 179
275 270
275 272
275 1042
275 1043
275 1044
275 1131
276 931
276 277
276 905
276 280
276 278
276 910
276 1041
276 909
276 540
276 537
277 276
277 268
277 930
277 910
277 909
277 273
277 931
277 269
277 927
277 1040
278 904
278 931
278 276
278 1040
278 910
278 687
278 930
278 279
278 906
278 371
279 905
279 723
279 274
279 908
279 934
279 1051
279 911
279 932
279 280
279 542
280 687
280 722
280 931
280 626
280 909
280 279
280 904
280 910
280 905
280 276
281 536
281 1047
281 282
281 157
281 538
281 1048
281 1090
281 1049
281 1062
281 1127
282 283
282 538
282 536
282 157
282 1049
282 684
282 533
282 281
282 284
282 156
283 157
283 257
283 282
283 284
283 308
283 533
283 690
283 691
284 35
284 155
284 157
284 201
284 282
284 283
284 308
284 689
284 690
284 691
285 66
285 264
285 265
285 289
285 545
286 52
286 64
286 65
286 66
286 287
286 288
286 545
287 52
287 244
287 1060
287 544
287 1037
287 288
287 1057
287 1066
287 1036
287 286
288 1036
288 65
288 1060
288 1037
288 546
288 547
288 545
288 1066
288 287
288 544
289 262
289 264
289 285
289 290
289 292
289 785
289 920
290 67
290 289
290 291
290 780
290 783
290 784
290 785
290 919
290 920
290 921
291 290
291 292
291 294
291 295
291 785
291 917
291 919
291 920
291 921
291 923
292 289
292 291
292 295
292 919
292 921
293 68
293 296
293 780
293 781
293 915
293 916
293 918
293 1053
294 880
294 298
294 881
294 923
294 894
294 919
294 915
294 295
294 879
294 917
295 880
295 921
295 299
295 898
295 923
295 879
295 895
295 546
295 291
295 917
296 297
296 916
296 300
296 897
296 918
296 293
296 1039
296 922
296 915
296 301
297 70
297 296
297 301
297 303
298 351
298 898
298 923
298 881
298 294
298 879
298 896
298 704
298 554
298 917
299 295
299 895
299 879
299 1055
299 294
299 701
299 881
299 923
299 917
299 546
300 1053
300 922
300 915
300 1052
300 900
300 552
300 296
300 1039
300 350
300 897
301 1030
301 1029
301 548
301 1053
301 1054
301 305
301 1039
301 557
301 310
301 296
302 70
302 257
302 259
302 304
302 306
302 307
302 308
302 693
303 297
303 304
303 305
303 312
303 557
304 302
304 303
304 305
304 306
304 309
304 312
304 557
304 693
305 301
305 310
305 309
305 304
305 558
305 557
305 303
305 311
305 312
305 1031
306 259
306 302
306 304
306 307
306 308
306 312
306 688
306 693
306 695
307 257
307 259
307 302
307 306
307 308
307 688
307 690
307 693
307 695
308 257
308 259
308 283
308 284
308 302
308 306
308 307
308 689
308 690
308 695
309 694
309 1123
309 305
309 1032
309 43
309 304
309 230
309 1031
309 559
309 310
310 556
310 559
310 1032
310 558
310 1030
310 902
310 481
310 309
310 311
310 1031
311 555
311 1126
311 231
311 1123
311 309
311 556
311 365
311 1124
311 548
311 310
312 45
312 230
312 303
312 304
312 305
312 306
312 309
312 558
312 693
312 694
313 560
313 565
313 196
313 683
313 187
313 562
313 470
313 197
313 317
313 473
314 324
314 562
314 197
314 201
314 560
314 683
314 316
314 471
314 564
314 199
315 473
315 474
315 564
315 190
315 469
315 563
315 1017
315 565
315 314
315 200
316 187
316 561
316 474
316 320
316 321
316 473
316 317
316 203
316 191
316 318
317 560
317 316
317 194
317 198
317 199
317 471
317 191
317 200
317 202
317 798
318 561
318 473
318 313
318 198
318 316
318 683
318 197
318 196
318 563
318 319
319 560
319 320
319 313
319 565
319 322
319 562
319 323
319 561
319 315
319 327
320 88
320 321
320 324
320 89
320 322
320 318
320 323
320 328
320 319
320 316
321 327
321 328
321 318
321 325
321 561
321 82
321 322
321 316
321 80
321 567
322 73
322 562
322 323
322 319
322 316
322 563
322 88
322 84
322 89
322 321
323 314
323 563
323 567
323 84
323 562
323 85
323 325
323 316
323 320
323 564
324 327
324 84
324 316
324 323
324 325
324 567
324 73
324 563
324 318
324 320
325 327
325 195
325 564
325 85
325 328
325 324
325 321
325 561
325 563
325 318
326 82
326 81
326 79
326 77
326 85
326 86
326 80
326 328
326 327
326 89
327 80
327 82
327 85
327 319
327 321
327 324
327 325
327 326
327 328
327 567
328 316
328 319
328 78
328 85
328 80
328 560
328 326
328 565
328 561
328 325
329 330
329 331
329 334
329 569
329 335
329 570
329 396
329 336
329 105
329 107
330 110
330 336
330 396
330 332
330 331
330 569
330 105
330 568
330 338
330 337
331 570
331 329
331 572
331 336
331 109
331 332
331 338
331 402
331 330
331 333
332 402
332 401
332 338
332 331
332 572
332 570
332 333
332 397
332 335
332 110
333 334
333 114
333 115
333 118
333 112
333 110
333 338
333 108
333 126
333 331
334 115
334 572
334 118
334 336
334 329
334 398
334 44
334 399
334 337
334 332
335 332
335 572
335 119
335 329
335 398
335 118
335 114
335 115
335 333
335 336
336 569
336 571
336 337
336 570
336 335
336 396
336 119
336 331
336 330
336 334
337 335
337 572
337 114
337 568
337 336
337 115
337 119
337 329
337 118
337 105
338 122
338 110
338 111
338 105
338 572
338 570
338 109
338 113
338 333
338 331
339 135
339 344
339 138
339 342
339 341
339 140
339 340
339 134
339 361
339 144
340 134
340 339
340 341
340 342
340 343
340 359
340 361
341 134
341 339
341 340
341 342
341 343
341 359
341 361
342 361
342 140
342 340
342 344
342 134
342 138
342 144
342 137
342 359
342 135
343 134
343 340
343 341
343 345
343 347
343 361
343 586
344 143
344 140
344 135
344 134
344 139
344 342
344 339
344 144
344 137
344 359
345 133
345 134
345 136
345 139
345 142
345 343
345 346
345 347
345 362
346 133
346 134
346 136
346 139
346 141
346 142
346 345
346 362
347 142
347 343
347 345
347 348
347 362
347 364
347 587
347 601
348 142
348 347
348 362
348 363
348 364
348 601
348 621
349 1054
349 1052
349 705
349 350
349 553
349 703
349 552
349 574
349 576
349 901
350 1052
350 899
350 552
350 705
350 706
350 703
350 553
350 574
350 349
350 900
351 298
351 550
351 551
351 554
351 573
351 704
351 894
351 896
352 705
352 714
352 1125
352 902
352 353
352 1082
352 481
352 555
352 556
352 885
353 705
353 358
353 1124
353 706
353 903
353 591
353 707
353 1125
353 899
353 352
354 352
354 358
354 365
354 902
354 706
354 555
354 356
354 355
354 885
354 481
355 354
355 970
355 1029
355 365
355 1082
355 310
355 1124
355 311
355 1032
355 548
356 352
356 1126
356 357
356 1125
356 714
356 591
356 903
356 712
356 885
356 706
357 903
357 358
357 1105
357 482
357 479
357 356
357 969
357 1079
357 1081
357 968
358 968
358 353
358 969
358 885
358 712
358 714
358 357
358 713
358 903
358 624
359 340
359 141
359 144
359 140
359 361
359 342
359 339
359 135
359 341
359 138
360 140
360 361
360 363
360 618
361 339
361 340
361 341
361 342
361 343
361 359
361 360
362 346
362 348
362 136
362 347
362 141
362 363
362 133
362 364
362 345
362 142
363 142
363 348
363 360
363 362
363 364
363 601
363 619
364 142
364 347
364 348
364 362
364 363
364 589
364 594
364 601
364 621
365 481
365 555
365 354
365 1126
365 559
365 1032
365 903
365 231
365 352
365 311
366 629
366 542
366 370
366 724
366 908
366 367
366 911
366 725
366 723
366 1061
367 911
367 715
367 912
367 279
367 723
367 1061
367 724
367 629
367 542
367 370
368 914
368 467
368 733
368 543
368 913
368 1099
368 685
368 726
368 372
368 886
369 543
369 913
369 725
369 886
369 1100
369 379
369 378
369 685
369 1128
369 1097
370 1061
370 724
370 629
370 634
370 715
370 366
370 725
370 723
370 367
370 912
371 280
371 687
371 904
371 715
371 905
371 540
371 1065
371 626
371 633
371 722
372 369
372 1097
372 378
372 663
372 733
372 724
372 914
372 1129
372 368
372 682
373 381
373 390
373 150
373 151
373 384
373 382
373 385
373 149
373 380
373 148
374 373
374 375
374 380
374 381
374 384
374 385
374 643
375 373
375 381
375 151
375 380
375 145
375 154
375 148
375 382
375 150
375 376
376 145
376 146
376 147
376 152
376 375
376 377
376 387
376 388
376 643
377 145
377 146
377 147
377 152
377 376
377 387
377 388
377 389
377 642
377 643
378 379
378 731
378 682
378 686
378 913
378 1100
378 1097
378 372
378 685
378 733
379 467
379 886
379 378
379 372
379 369
379 726
379 733
379 368
379 1099
379 681
380 375
380 148
380 151
380 150
380 384
380 390
380 374
380 373
380 149
380 385
381 373
381 374
381 375
381 380
381 382
381 384
381 385
382 154
382 373
382 383
382 381
382 375
382 153
382 151
382 384
382 150
382 385
383 153
383 382
383 384
383 388
383 389
384 373
384 374
384 380
384 381
384 382
384 383
384 385
384 647
384 655
384 673
385 373
385 374
385 380
385 381
385 382
385 384
385 647
385 655
385 673
386 389
386 640
386 642
386 643
386 654
386 677
387 152
387 642
387 389
387 147
387 377
387 376
387 643
387 654
387 388
387 146
388 389
388 152
388 147
388 146
388 153
388 154
388 145
388 377
388 387
388 376
389 147
389 377
389 383
389 386
389 387
389 388
389 642
389 654
390 382
390 154
390 375
390 150
390 151
390 148
390 380
390 373
390 149
390 153
391 432
391 403
391 15
391 64
391 426
391 21
391 62
391 395
391 428
391 20
392 391
392 50
392 159
392 394
392 21
392 62
392 393
392 14
392 254
392 428
393 252
393 20
393 51
393 53
393 160
393 425
393 16
393 21
393 256
393 14
394 426
394 158
394 250
394 14
394 428
394 15
394 395
394 391
394 53
394 255
395 391
395 254
395 432
395 255
395 392
395 425
395 158
395 427
395 53
395 15
396 568
396 397
396 209
396 336
396 330
396 329
396 477
396 400
396 398
396 44
397 225
397 210
397 477
397 211
397 213
397 209
397 212
397 569
397 224
397 330
398 480
398 229
398 43
398 402
398 217
398 228
398 397
398 571
398 226
398 214
399 396
399 571
399 214
399 220
399 40
399 397
399 223
399 217
399 224
399 335
400 221
400 41
400 227
400 223
400 401
400 218
400 402
400 39
400 226
400 568
401 225
401 402
401 397
401 215
401 214
401 227
401 42
401 228
401 399
401 44
402 222
402 221
402 229
402 215
402 214
402 331
402 568
402 220
402 332
402 227
403 256
403 50
403 14
403 51
403 254
403 251
403 391
403 15
403 53
403 393
404 393
404 160
404 64
404 14
404 395
404 62
404 21
404 15
404 256
404 394
405 421
405 445
405 446
405 494
405 495
405 518
406 449
406 496
406 498
406 503
407 437
407 438
407 445
407 446
407 495
408 420
408 514
408 519
409 520
410 411
410 412
410 419
410 499
410 521
410 522
410 524
411 410
411 499
411 522
412 410
412 414
412 416
412 457
412 517
412 522
412 524
412 525
413 500
413 501
413 504
413 505
413 528
414 412
414 415
414 416
414 517
414 522
414 524
414 525
415 414
415 416
415 417
415 418
415 419
415 515
415 516
415 521
415 523
415 525
416 531
416 459
416 532
416 517
416 412
416 523
416 516
416 414
416 417
416 524
417 415
417 416
417 418
417 419
417 515
417 516
417 521
417 523
417 525
418 420
418 419
418 415
418 421
418 521
418 523
418 514
418 417
418 516
418 518
419 415
419 515
419 518
419 410
419 421
419 514
419 516
419 418
419 523
419 417
420 418
420 521
420 431
420 419
420 519
420 421
420 518
420 514
420 408
420 511
421 495
421 494
421 446
421 515
421 514
421 521
421 405
421 419
421 518
421 418
422 423
422 431
422 424
422 510
422 436
422 425
422 513
422 428
422 511
422 159
423 424
423 428
423 511
423 513
423 431
423 425
423 436
423 510
423 512
423 429
424 426
424 393
424 431
424 432
424 53
424 391
424 159
424 427
424 428
424 404
425 158
425 511
425 393
425 433
425 434
425 395
425 426
425 422
425 394
425 432
426 435
426 391
426 158
426 404
426 427
426 428
426 21
426 433
426 434
426 432
427 158
427 434
427 432
427 435
427 53
427 433
427 21
427 160
427 428
427 395
428 430
428 158
428 160
428 395
428 436
428 424
428 422
428 159
428 512
428 432
429 430
429 428
429 506
429 511
429 252
429 422
429 253
429 420
429 431
429 512
430 256
430 509
430 250
430 506
430 429
430 510
430 428
430 251
430 422
430 512
431 253
431 422
431 511
431 429
431 425
431 159
431 512
431 424
431 420
431 428
432 435
432 160
432 158
432 394
432 427
432 53
432 21
432 395
432 426
432 425
433 425
433 426
433 502
433 508
433 432
433 424
433 435
433 434
433 427
433 507
434 508
434 427
434 159
434 424
434 507
434 433
434 432
434 502
434 425
434 426
435 507
435 159
435 434
435 433
435 502
435 424
435 508
435 432
435 426
435 425
436 159
436 422
436 423
436 428
436 513
437 438
437 445
437 446
437 447
437 508
437 502
437 495
437 440
437 497
437 496
438 407
438 440
438 508
438 507
438 439
438 437
438 502
438 446
438 497
438 495
439 437
439 438
439 440
439 441
439 442
439 445
439 447
439 448
439 503
440 437
440 438
440 439
440 441
440 442
440 445
440 447
440 448
440 503
441 439
441 440
441 442
441 443
441 444
441 447
441 448
441 503
441 504
441 505
442 439
442 440
442 441
442 443
442 444
442 447
442 448
442 503
442 504
442 505
443 505
443 441
443 452
443 504
443 444
443 453
443 442
443 500
443 450
443 454
444 454
444 453
444 441
444 443
444 504
444 442
444 500
444 451
444 450
444 452
445 438
445 446
445 440
445 437
445 439
445 508
445 494
445 495
445 407
445 502
446 405
446 407
446 421
446 437
446 438
446 445
446 494
446 495
446 518
447 437
447 438
447 439
447 440
447 441
447 442
447 445
447 496
447 503
448 439
448 440
448 441
448 442
448 450
448 451
448 504
449 406
449 498
449 504
450 443
450 444
450 448
450 451
450 452
450 453
450 454
450 505
450 529
451 443
451 444
451 448
451 450
451 452
451 453
451 454
451 505
452 443
452 2
452 1
452 456
452 529
452 450
452 444
452 455
452 528
452 453
453 443
453 527
453 454
453 455
453 452
453 451
453 529
453 2
453 450
453 505
454 443
454 450
454 505
454 452
454 444
454 456
454 451
454 1
454 3
454 2
455 1
455 2
455 452
455 453
455 454
455 456
455 457
455 527
456 1
456 2
456 452
456 453
456 454
456 455
456 457
456 527
457 58
457 8
457 412
457 459
457 527
457 530
457 532
457 524
457 456
457 458
458 8
458 58
458 457
458 459
458 526
458 530
458 531
458 532
459 457
459 54
459 8
459 530
459 55
459 458
459 526
459 525
459 416
459 5
460 1092
460 1118
460 1093
460 1095
460 661
460 727
460 1120
460 1113
460 730
460 1094
461 178
461 183
461 1091
461 1096
461 1115
461 1116
461 1117
461 1121
462 1134
462 1092
462 728
462 1093
462 1114
462 1084
462 463
462 1140
462 659
462 1086
463 628
463 182
463 1084
463 1092
463 464
463 659
463 664
463 1118
463 718
463 1139
464 1085
464 659
464 541
464 174
464 973
464 1132
464 1130
464 628
464 627
464 716
465 1132
465 1085
465 174
465 1086
465 1042
465 1044
465 173
465 180
465 541
465 628
466 686
466 472
466 941
466 793
466 683
466 1046
466 1117
466 983
466 1116
466 1088
467 1129
467 1100
467 682
467 1046
467 1090
467 984
467 1122
467 379
467 663
467 1088
468 1097
468 472
468 1090
468 1099
468 1128
468 467
468 1046
468 685
468 378
468 684
469 200
469 1016
469 470
469 789
469 315
469 799
469 1046
469 1088
469 196
469 793
470 1017
470 798
470 469
470 560
470 202
470 793
470 473
470 315
470 1046
470 199
471 314
471 198
471 189
471 191
471 1016
471 203
471 196
471 190
471 469
471 318
472 201
472 1088
472 316
472 314
472 466
472 473
472 155
472 683
472 313
472 560
473 313
473 192
473 189
473 471
473 194
473 202
473 25
473 1046
473 563
473 188
474 563
474 560
474 196
474 203
474 189
474 473
474 25
474 192
474 28
474 204
475 202
475 193
475 192
475 188
475 197
475 34
475 566
475 473
475 38
475 560
476 478
476 804
476 1025
476 1026
476 812
476 1033
476 809
476 985
476 1072
476 839
477 571
477 218
477 215
477 226
477 810
477 208
477 231
477 213
477 569
477 43
478 1024
478 1081
478 985
478 804
478 810
478 1105
478 840
478 812
478 482
478 839
479 1072
479 969
479 1034
479 481
479 1079
479 1081
479 1080
479 810
479 357
479 480
480 215
480 559
480 223
480 810
480 228
480 222
480 43
480 1123
480 229
480 213
481 903
481 1034
481 1031
481 310
481 354
481 1080
481 43
481 352
481 1081
481 559
482 1080
482 357
482 713
482 810
482 1123
482 479
482 1105
482 478
482 231
482 1081
483 1077
483 625
483 607
483 711
483 484
483 1078
483 1104
483 968
483 1079
483 233
484 1077
484 1078
484 1079
484 710
484 1104
484 483
484 1109
484 967
484 1111
484 1105
485 1076
485 232
485 807
485 234
485 709
485 1103
485 710
485 1107
485 606
485 604
486 1069
486 1138
486 1074
486 1107
486 488
486 1136
486 1135
486 490
486 996
486 954
487 163
487 240
487 242
487 245
487 247
487 248
487 956
487 1035
488 605
488 491
488 957
488 1068
488 1070
488 249
488 1067
488 603
488 952
488 699
489 698
489 1058
489 697
489 702
489 544
489 605
489 602
489 603
489 1038
489 699
490 1074
490 492
490 952
490 1133
490 486
490 708
490 1070
490 709
490 232
490 1103
491 1056
491 1057
491 493
491 1137
491 488
491 605
491 549
491 698
491 600
491 603
492 700
492 1138
492 490
492 1135
492 1137
492 1071
492 1136
492 1070
492 1068
492 491
493 605
493 700
493 702
493 697
493 608
493 1066
493 1059
493 699
493 544
493 1067
494 405
494 421
494 445
494 446
494 495
494 518
495 405
495 407
495 421
495 437
495 438
495 445
495 446
495 494
495 518
496 406
496 437
496 438
496 447
496 497
496 502
496 503
497 437
497 438
497 496
497 502
497 503
498 406
498 449
498 504
499 410
499 411
499 522
500 413
500 443
500 444
500 454
500 501
500 504
500 505
500 528
500 529
501 413
501 500
501 504
501 505
501 528
502 433
502 434
502 435
502 437
502 438
502 445
502 496
502 497
502 507
502 508
503 406
503 439
503 440
503 441
503 442
503 447
503 496
503 497
504 448
504 441
504 413
504 443
504 449
504 444
504 501
504 442
504 500
504 505
505 413
505 443
505 453
505 441
505 451
505 450
505 444
505 501
505 454
505 504
506 429
506 430
506 431
506 510
506 511
506 512
507 433
507 434
507 435
507 437
507 438
507 445
507 502
507 508
508 433
508 434
508 435
508 437
508 438
508 445
508 502
508 507
509 250
509 429
509 403
509 252
509 253
509 430
509 512
509 431
509 254
509 511
510 256
510 428
510 159
510 252
510 253
510 250
510 512
510 430
510 423
510 513
511 422
511 509
511 428
511 159
511 512
511 425
511 253
511 424
511 514
511 430
512 159
512 510
512 509
512 422
512 253
512 431
512 430
512 428
512 429
512 423
513 436
513 159
513 428
513 510
513 511
513 424
513 429
513 422
513 512
513 430
514 511
514 431
514 521
514 408
514 418
514 515
514 518
514 419
514 420
514 421
515 420
515 516
515 521
515 523
515 421
515 514
515 415
515 419
515 418
515 518
516 415
516 416
516 417
516 418
516 419
516 515
516 517
516 521
516 523
516 525
517 412
517 414
517 416
517 459
517 516
517 523
517 524
517 525
517 531
517 532
518 420
518 521
518 419
518 494
518 421
518 446
518 495
518 418
518 514
518 515
519 408
519 420
519 514
520 409
521 514
521 415
521 418
521 515
521 421
521 419
521 410
521 417
521 523
521 420
522 410
522 411
522 412
522 414
522 499
522 524
523 415
523 416
523 417
523 418
523 419
523 515
523 516
523 517
523 521
523 525
524 410
524 412
524 414
524 416
524 457
524 517
524 522
524 525
525 416
525 412
525 415
525 516
525 417
525 524
525 532
525 459
525 523
525 517
526 5
526 8
526 54
526 55
526 58
526 458
526 459
526 530
526 531
526 532
527 1
527 2
527 452
527 453
527 454
527 455
527 456
527 457
528 1
528 2
528 413
528 452
528 453
528 454
528 500
528 501
528 529
529 500
529 56
529 2
529 57
529 453
529 450
529 4
529 454
529 1
529 528
530 58
530 56
530 55
530 526
530 4
530 7
530 2
530 57
530 532
530 1
531 8
531 58
531 416
531 458
531 459
531 517
531 526
531 530
531 532
532 530
532 54
532 457
532 416
532 5
532 8
532 531
532 525
532 459
532 526
533 257
533 258
533 267
533 282
533 283
533 536
534 271
534 272
534 537
534 1041
534 1130
535 538
535 907
535 1050
535 536
535 267
535 934
535 1049
535 933
535 1051
535 274
536 1062
536 282
536 1050
536 157
536 1049
536 543
536 533
536 538
536 535
536 1047
537 272
537 276
537 534
537 539
537 541
537 1041
537 1042
537 1064
537 1130
537 1131
538 1061
538 1047
538 281
538 535
538 685
538 1049
538 1048
538 282
538 543
538 1062
539 627
539 1130
539 1064
539 628
539 537
539 1042
539 1063
539 1041
539 180
539 1132
540 276
540 721
540 931
540 1040
540 720
540 687
540 904
540 1130
540 541
540 906
541 1042
541 1065
541 539
541 716
541 1041
541 464
541 540
541 1064
541 1130
541 1131
542 366
542 911
542 912
542 629
542 367
542 907
542 908
542 1050
542 1061
542 723
543 1047
543 368
543 1090
543 281
543 1062
543 684
543 156
543 914
543 538
543 1049
544 1058
544 549
544 288
544 287
544 1038
544 493
544 1066
544 697
544 491
544 1060
545 285
545 286
545 288
545 546
546 288
546 295
546 299
546 545
546 547
546 880
546 1038
547 288
547 544
547 546
547 1037
547 1038
547 1055
547 1056
547 1057
547 1059
547 1060
548 902
548 311
548 1125
548 1032
548 1054
548 310
548 1031
548 1029
548 1039
548 1124
549 701
549 544
549 1037
549 697
549 702
549 698
549 1058
549 1059
549 491
549 1067
550 554
550 1056
550 298
550 299
550 704
550 879
550 551
550 895
550 880
550 351
551 879
551 898
551 298
551 894
551 895
551 550
551 573
551 896
551 554
551 1055
552 1054
552 1052
552 350
552 349
552 705
552 1039
552 900
552 553
552 897
552 899
553 552
553 705
553 350
553 349
553 900
553 1054
553 574
553 899
553 703
553 1052
554 298
554 351
554 550
554 551
554 573
554 696
554 704
554 894
554 896
555 902
555 1031
555 1125
555 1030
555 903
555 1126
555 481
555 901
555 365
555 311
556 365
556 310
556 1123
556 1031
556 1082
556 555
556 355
556 903
556 1126
556 902
557 301
557 303
557 304
557 305
557 310
557 548
557 555
557 1029
557 1030
557 1032
558 39
558 481
558 43
558 230
558 305
558 44
558 1123
558 228
558 1032
558 226
559 311
559 309
559 231
559 480
559 226
559 223
559 310
559 225
559 365
559 42
560 195
560 316
560 34
560 187
560 191
560 563
560 26
560 314
560 470
560 474
561 318
561 194
561 191
561 565
561 474
561 314
561 203
561 566
561 562
561 567
562 199
562 194
562 316
562 565
562 34
562 314
562 563
562 197
562 564
562 315
563 199
563 203
563 317
563 323
563 322
563 561
563 187
563 560
563 475
563 564
564 196
564 188
564 566
564 199
564 201
564 187
564 475
564 328
564 198
564 567
565 473
565 474
565 189
565 319
565 190
565 32
565 316
565 187
565 195
565 564
566 317
566 563
566 319
566 560
566 190
566 565
566 26
566 197
566 25
566 189
567 560
567 325
567 319
567 195
567 563
567 194
567 475
567 321
567 323
567 85
568 477
568 217
568 337
568 208
568 214
568 397
568 221
568 226
568 229
568 329
569 208
569 398
569 221
569 336
569 1034
569 400
569 480
569 329
569 42
569 571
570 402
570 572
570 109
570 568
570 400
570 332
570 330
570 401
570 397
570 110
571 213
571 221
571 477
571 215
571 569
571 396
571 224
571 228
571 231
571 42
572 332
572 114
572 331
572 109
572 570
572 337
572 330
572 333
572 335
572 110
573 351
573 551
573 554
573 575
573 704
573 894
573 896
574 349
574 350
574 553
574 576
574 703
574 705
574 899
574 900
575 573
575 577
576 349
576 574
576 578
576 705
577 575
578 576
579 353
579 356
579 580
579 591
579 592
579 623
579 624
579 707
579 714
579 885
580 579
580 590
580 592
580 593
580 622
580 623
581 582
581 596
581 597
581 610
581 615
582 581
582 597
582 598
582 599
582 600
582 608
582 609
583 584
583 585
583 595
583 596
583 615
583 617
584 583
584 585
584 595
585 583
585 584
585 586
585 595
585 596
585 615
585 617
586 343
586 585
586 587
586 595
587 347
587 586
587 588
588 587
588 590
588 593
589 364
589 590
589 593
589 594
589 621
590 580
590 588
590 589
590 592
590 593
590 594
590 622
591 353
591 592
591 885
591 358
591 579
591 356
591 707
591 706
591 903
591 624
592 579
592 580
592 590
592 591
592 622
592 623
593 580
593 588
593 589
593 590
593 594
593 621
593 622
594 364
594 589
594 590
594 593
594 621
595 583
595 584
595 585
595 586
595 596
595 615
595 617
596 581
596 583
596 585
596 595
596 610
596 615
596 617
597 581
597 582
597 609
597 610
598 582
598 599
598 600
598 602
598 603
598 605
598 608
598 609
598 697
598 698
599 549
599 608
599 698
599 493
599 609
599 697
599 702
599 602
599 600
599 699
600 702
600 598
600 699
600 697
600 599
600 609
600 605
600 698
600 549
600 602
601 142
601 347
601 348
601 362
601 363
601 364
601 621
602 598
602 1067
602 493
602 1060
602 697
602 544
602 600
602 489
602 1057
602 603
603 698
603 491
603 600
603 599
603 699
603 1056
603 1058
603 602
603 1059
603 1037
604 234
604 485
604 606
604 611
604 708
604 709
604 710
604 1076
605 492
605 1058
605 602
605 698
605 608
605 491
605 1133
605 489
605 697
605 493
606 1077
606 1075
606 1108
606 490
606 234
606 485
606 709
606 611
606 604
606 1076
607 968
607 484
607 712
607 483
607 711
607 625
607 1078
607 1104
607 1077
607 1109
608 1058
608 1133
608 609
608 602
608 493
608 599
608 698
608 1067
608 600
608 491
609 582
609 597
609 598
609 599
609 600
609 605
609 608
609 610
610 581
610 596
610 597
610 609
610 615
611 604
611 606
611 612
611 709
612 611
613 614
613 625
614 613
614 620
615 581
615 583
615 585
615 595
615 596
615 610
615 617
616 618
617 583
617 585
617 595
617 596
617 615
617 618
618 360
618 616
618 617
618 619
619 363
619 618
619 620
620 614
620 619
620 622
621 348
621 364
621 589
621 593
621 594
621 601
622 580
622 590
622 592
622 593
622 620
622 623
623 579
623 580
623 592
623 622
624 353
624 356
624 358
624 579
624 591
624 707
624 714
624 885
625 483
625 607
625 613
625 711
625 712
625 968
625 1106
626 280
626 371
626 633
626 687
626 722
626 905
627 1130
627 1101
627 630
627 180
627 631
627 628
627 1064
627 464
627 719
627 716
628 664
628 631
628 659
628 627
628 180
628 717
628 541
628 630
628 718
628 539
629 366
629 724
629 715
629 723
629 1061
629 367
629 370
629 908
629 542
629 279
630 659
630 631
630 628
630 627
630 720
630 632
630 665
630 716
630 717
630 658
631 716
631 659
631 627
631 632
631 665
631 630
631 628
631 664
631 720
631 658
632 630
632 631
632 649
632 657
632 658
632 664
632 665
633 371
633 626
633 644
633 687
634 366
634 370
634 635
634 636
634 723
634 724
635 372
635 634
635 637
635 650
635 651
635 681
635 725
635 726
635 733
636 634
637 635
637 638
637 651
637 652
637 678
637 680
638 637
638 639
638 651
638 652
638 653
638 678
638 680
639 638
639 641
639 652
640 386
640 641
640 642
640 653
640 654
640 677
641 639
641 640
641 653
641 677
642 147
642 377
642 386
642 387
642 389
642 640
642 643
642 654
643 147
643 374
643 376
643 377
643 386
643 387
643 642
643 654
644 633
644 645
645 644
645 646
646 645
647 384
647 385
647 648
647 655
647 656
647 673
648 647
648 655
648 656
648 672
648 673
649 632
649 656
649 657
649 665
649 679
650 372
650 379
650 635
650 651
650 680
650 681
650 682
650 726
650 733
650 886
651 635
651 637
651 638
651 650
651 652
651 678
651 680
651 681
652 637
652 638
652 639
652 651
652 653
652 677
652 678
652 680
653 638
653 640
653 641
653 652
653 677
653 678
654 147
654 386
654 387
654 389
654 640
654 642
654 643
654 677
655 384
655 385
655 647
655 648
655 656
655 673
656 647
656 648
656 649
656 655
656 657
656 672
656 673
656 679
657 632
657 649
657 656
657 665
657 679
658 630
658 631
658 632
658 664
658 665
658 718
658 719
659 1141
659 717
659 1101
659 1134
659 180
659 1132
659 628
659 664
659 627
659 1140
660 460
660 661
660 666
660 727
660 730
660 1094
660 1119
661 181
661 1093
661 727
661 728
661 1092
661 1119
661 462
661 177
661 1095
661 730
662 1122
662 715
662 1095
662 183
662 1116
662 1096
662 732
662 668
662 1120
662 1117
663 1116
663 682
663 372
663 984
663 1122
663 1088
663 733
663 1100
663 466
663 886
664 631
664 630
664 1086
664 628
664 180
664 717
664 1101
664 658
664 1085
664 632
665 630
665 631
665 632
665 649
665 657
665 658
665 664
665 679
666 660
666 669
667 662
667 668
667 715
667 729
667 732
667 1095
667 1096
667 1120
668 662
668 667
668 670
668 729
669 666
669 671
669 672
670 668
671 669
671 672
671 674
672 648
672 656
672 669
672 671
672 679
673 384
673 385
673 647
673 648
673 655
673 656
674 671
675 676
675 677
676 675
676 677
676 678
677 386
677 640
677 641
677 652
677 653
677 654
677 675
677 676
677 678
678 637
678 638
678 651
678 652
678 653
678 676
678 677
678 680
679 649
679 656
679 657
679 665
679 672
680 637
680 638
680 650
680 651
680 652
680 678
680 681
681 372
681 379
681 635
681 650
681 651
681 680
681 733
681 886
682 663
682 726
682 1117
682 1129
682 1116
682 1100
682 731
682 379
682 1097
682 732
683 466
683 563
683 197
683 469
683 203
683 472
683 201
683 318
683 684
683 200
684 156
684 683
684 686
684 1048
684 201
684 198
684 543
684 157
684 1090
684 468
685 368
685 914
685 468
685 536
685 1062
685 684
685 1048
685 1090
685 1047
685 686
686 1090
686 1046
686 378
686 368
686 1097
686 663
686 1128
686 731
686 1129
686 1088
687 280
687 1065
687 905
687 904
687 371
687 721
687 633
687 278
687 626
687 722
688 45
688 27
688 690
688 306
688 694
688 689
688 46
688 31
688 695
688 692
689 692
689 27
689 691
689 690
689 308
689 35
689 30
689 36
689 46
689 29
690 307
690 692
690 693
690 31
690 308
690 283
690 259
690 695
690 688
690 691
691 32
691 31
691 196
691 201
691 197
691 284
691 27
691 30
691 35
691 157
692 29
692 30
692 45
692 695
692 46
692 688
692 27
692 690
692 37
692 36
693 690
693 692
693 688
693 45
693 695
693 302
693 312
693 694
693 304
693 307
694 36
694 230
694 46
694 29
694 39
694 228
694 229
694 309
694 45
694 688
695 29
695 307
695 308
695 689
695 693
695 46
695 690
695 30
695 36
695 688
696 554
696 703
696 710
696 1109
697 491
697 544
697 1056
697 1058
697 1067
697 608
697 600
697 1057
697 699
697 549
698 1068
698 489
698 493
698 605
698 602
698 544
698 608
698 1057
698 1058
698 1060
699 603
699 489
699 1133
699 599
699 1067
699 1060
699 1068
699 697
699 1057
699 549
700 1075
700 1107
700 1133
700 492
700 1070
700 1135
700 1138
700 605
700 1136
700 1074
701 702
701 549
701 1055
701 299
701 1056
701 551
701 895
701 1059
701 550
701 880
702 701
702 605
702 602
702 544
702 697
702 600
702 599
702 549
702 493
702 1059
703 899
703 553
703 696
703 350
703 1052
703 574
703 705
703 900
703 349
703 552
704 298
704 351
704 550
704 551
704 554
704 573
704 894
704 896
705 553
705 706
705 901
705 574
705 352
705 899
705 552
705 703
705 707
705 900
706 901
706 899
706 902
706 707
706 591
706 353
706 1125
706 350
706 903
706 885
707 713
707 1124
707 714
707 903
707 354
707 901
707 352
707 902
707 885
707 353
708 492
708 1136
708 604
708 1070
708 1107
708 490
708 1075
708 1138
708 1137
708 1071
709 490
709 1074
709 1107
709 708
709 606
709 604
709 1076
709 1108
709 710
709 1103
710 606
710 1104
710 1076
710 483
710 604
710 234
710 711
710 696
710 607
710 233
711 484
711 710
711 1077
711 968
711 625
711 1104
711 607
711 1078
711 233
711 1109
712 357
712 356
712 358
712 1111
712 483
712 885
712 968
712 969
712 1105
712 1079
713 1105
713 712
713 1080
713 970
713 358
713 707
713 1082
713 479
713 714
713 357
714 1126
714 902
714 1124
714 356
714 579
714 624
714 901
714 885
714 903
714 1125
715 1120
715 371
715 367
715 687
715 370
715 1095
715 629
715 667
715 662
715 729
716 465
716 1063
716 1086
716 628
716 1064
716 539
716 463
716 664
716 630
716 1132
717 541
717 1130
717 1132
717 720
717 659
717 1086
717 630
717 628
717 464
717 627
718 664
718 464
718 659
718 630
718 627
718 631
718 1063
718 463
718 628
718 1131
719 463
719 664
719 1093
719 1141
719 659
719 1134
719 627
719 658
719 1114
719 182
720 541
720 719
720 717
720 716
720 1101
720 630
720 1065
720 539
720 631
720 1064
721 276
721 371
721 540
721 541
721 687
721 720
721 906
721 1040
721 1064
721 1065
722 278
722 280
722 371
722 626
722 687
722 904
722 905
722 906
723 279
723 634
723 629
723 1051
723 542
723 724
723 908
723 725
723 367
723 912
724 914
724 726
724 629
724 372
724 725
724 723
724 1129
724 1127
724 370
724 367
725 1062
725 1127
725 372
725 635
725 370
725 914
725 378
725 913
725 726
725 369
726 912
726 635
726 1128
726 733
726 372
726 378
726 682
726 725
726 724
726 1100
727 460
727 1119
727 1092
727 1093
727 1118
727 181
727 177
727 730
727 462
727 1094
728 719
728 1134
728 1114
728 1140
728 1092
728 182
728 727
728 1087
728 661
728 176
729 1096
729 662
729 668
729 183
729 1116
729 730
729 667
729 715
729 732
729 1095
730 661
730 178
730 1112
730 660
730 1120
730 662
730 1091
730 1119
730 978
730 727
731 466
731 663
731 682
731 733
731 983
731 1117
731 686
731 1097
731 378
731 984
732 663
732 379
732 731
732 662
732 1098
732 886
732 1122
732 682
732 1097
732 1117
733 681
733 725
733 663
733 1128
733 731
733 650
733 914
733 372
733 378
733 1127
734 736
734 738
734 740
735 961
735 741
735 755
735 987
735 757
735 859
735 752
735 858
735 756
735 870
736 734
736 758
736 761
736 763
736 764
736 765
737 858
737 857
737 853
737 741
737 961
737 870
737 859
737 752
737 854
737 751
738 11
738 734
738 740
738 751
739 882
739 747
739 167
739 826
739 740
739 981
739 979
739 748
739 864
739 866
740 739
740 166
740 734
740 760
740 868
740 738
740 743
740 745
740 834
740 979
741 832
741 755
741 751
741 859
741 742
741 737
741 987
741 876
741 961
741 858
742 238
742 236
742 989
742 735
742 857
742 853
742 752
742 737
742 854
742 859
743 745
743 825
743 746
743 872
743 167
743 882
743 871
743 866
743 740
743 860
744 761
744 1002
744 865
744 740
744 1003
744 1001
744 745
744 762
744 868
744 979
745 743
745 868
745 760
745 834
745 1002
745 740
745 739
745 979
745 744
745 166
746 833
746 750
746 749
746 739
746 743
746 889
746 770
746 13
746 748
746 882
747 750
747 746
747 13
747 167
747 748
747 771
747 743
747 739
747 833
747 769
748 750
748 749
748 746
748 769
748 739
748 773
748 167
748 833
748 771
748 882
749 167
749 882
749 743
749 748
749 770
749 769
749 833
749 747
749 824
749 773
750 749
750 769
750 771
750 770
750 23
750 748
750 746
750 892
750 773
750 774
751 11
751 13
751 737
751 738
751 741
751 750
751 752
751 753
751 755
751 772
752 830
752 876
752 737
752 777
752 870
752 755
752 753
752 742
752 741
752 754
753 754
753 751
753 750
753 752
753 737
753 755
753 741
753 776
753 772
753 778
754 776
754 830
754 893
754 876
754 772
754 778
754 753
754 752
754 775
754 755
755 754
755 752
755 870
755 778
755 777
755 737
755 751
755 876
755 741
755 742
756 768
756 763
756 987
756 758
756 759
756 1069
756 757
756 989
756 961
756 990
757 987
757 988
757 858
757 759
757 961
757 989
757 756
757 240
757 236
757 238
758 736
758 756
758 757
758 759
758 763
758 764
758 767
758 768
758 991
759 756
759 757
759 758
759 763
759 767
759 768
759 991
759 1069
760 740
760 744
760 745
760 761
760 762
760 766
760 887
760 979
760 1001
760 1002
761 736
761 744
761 760
761 762
761 764
761 766
761 887
761 888
761 1001
761 1002
762 744
762 760
762 761
762 766
762 887
762 888
762 1001
762 1002
763 736
763 756
763 758
763 759
763 764
763 765
763 767
763 768
764 736
764 758
764 761
764 763
764 765
764 766
765 736
765 763
765 764
765 766
765 767
766 760
766 761
766 762
766 764
766 765
766 887
766 888
766 1001
767 758
767 759
767 763
767 765
767 768
767 997
768 756
768 758
768 759
768 763
768 767
768 991
769 882
769 892
769 889
769 750
769 816
769 773
769 746
769 747
769 771
769 749
770 769
770 813
770 750
770 824
770 892
770 747
770 186
770 816
770 773
770 889
771 1018
771 746
771 892
771 789
771 1012
771 748
771 769
771 770
771 749
771 774
772 893
772 751
772 774
772 773
772 890
772 23
772 777
772 775
772 776
772 750
773 750
773 890
773 889
773 1019
773 772
773 770
773 771
773 769
773 892
773 748
774 1027
774 773
774 772
774 1018
774 890
774 750
774 771
774 1028
774 889
774 775
775 839
775 772
775 891
775 893
775 777
775 1020
775 803
775 890
775 774
775 753
776 778
776 893
776 1020
776 839
776 849
776 774
776 985
776 803
776 772
776 890
777 876
777 830
777 754
777 849
777 752
777 775
777 778
777 753
777 772
777 839
778 876
778 753
778 776
778 752
778 755
778 803
778 775
778 839
778 777
778 985
779 71
779 780
779 68
779 781
779 258
779 924
779 69
779 782
779 70
779 260
780 781
780 785
780 69
780 782
780 779
780 290
780 68
780 260
780 924
780 786
781 779
781 916
781 71
781 918
781 68
781 780
781 924
781 293
781 782
781 786
782 780
782 924
782 68
782 779
782 258
782 71
782 69
782 781
782 786
782 70
783 67
783 261
783 262
783 263
783 290
783 784
783 785
783 787
783 788
783 920
784 67
784 261
784 262
784 263
784 290
784 783
784 785
784 787
784 788
784 920
785 67
785 289
785 290
785 291
785 780
785 783
785 784
785 919
785 920
785 921
786 924
786 69
786 926
786 266
786 925
786 68
786 782
786 779
786 258
786 780
787 67
787 261
787 263
787 268
787 783
787 784
787 788
787 927
787 928
788 67
788 261
788 263
788 268
788 783
788 784
788 787
788 927
788 928
789 1016
789 470
789 799
789 892
789 469
789 889
789 202
789 186
789 798
789 771
790 1008
790 940
790 872
790 882
790 1115
790 1091
790 178
790 183
790 866
790 981
791 884
792 789
792 1014
792 469
792 470
792 1018
792 313
792 473
792 1012
792 191
792 1089
793 1012
793 789
793 1089
793 817
793 1014
793 466
793 1098
793 813
793 470
793 1016
794 165
794 170
794 975
794 979
795 10
795 49
796 12
796 241
797 191
797 202
797 204
797 798
797 799
797 1017
797 1018
797 1019
798 191
798 874
798 202
798 797
798 789
798 892
798 189
798 204
798 193
798 203
799 317
799 1015
799 798
799 1017
799 315
799 1019
799 1014
799 473
799 471
799 469
800 47
800 205
800 206
800 811
800 874
800 1020
800 1023
800 1027
800 1028
801 240
801 757
801 961
802 237
802 877
803 1020
803 1028
803 207
803 1023
803 891
803 777
803 775
803 890
803 778
803 776
804 1033
804 805
804 811
804 1072
804 1021
804 1024
804 208
804 1022
804 812
804 1025
805 217
805 193
805 804
805 211
805 205
805 218
805 209
805 216
805 208
805 214
806 1071
806 964
806 962
806 1103
806 988
806 232
806 989
806 967
806 831
806 236
807 954
807 987
807 236
807 859
807 967
807 858
807 1104
807 831
807 964
807 1102
808 235
808 1026
808 876
808 1073
808 840
808 233
808 830
808 986
808 870
808 966
809 810
809 830
809 1105
809 1072
809 1081
809 1025
809 839
809 1021
809 985
809 1033
810 804
810 1025
810 478
810 477
810 476
810 1026
810 1022
810 1072
810 209
810 482
811 874
811 214
811 477
811 212
811 812
811 1021
811 1023
811 210
811 1020
811 208
812 1072
812 224
812 810
812 1022
812 1025
812 476
812 209
812 478
812 226
812 223
813 1015
813 941
813 184
813 793
813 816
813 769
813 815
813 770
813 862
813 1013
814 825
814 862
814 818
814 871
814 820
814 823
814 864
814 827
814 821
814 828
815 825
815 1012
815 822
815 813
815 828
815 823
815 861
815 814
815 863
815 826
816 769
816 1089
816 862
816 815
816 818
816 1008
816 941
816 770
816 1014
816 1013
817 813
817 178
817 1091
817 1015
817 1012
817 790
817 1014
817 184
817 941
817 1013
818 828
818 863
818 829
818 814
818 813
818 823
818 821
818 822
818 820
818 873
819 823
819 827
819 871
819 821
819 820
819 828
819 815
819 829
819 826
819 862
820 819
820 827
820 814
820 873
820 823
820 829
820 821
820 822
820 861
820 862
821 862
821 829
821 827
821 823
821 828
821 863
821 820
821 873
821 815
821 814
822 873
822 818
822 862
822 820
822 823
822 828
822 814
822 819
822 815
822 861
823 863
823 825
823 829
823 873
823 815
823 828
823 864
823 820
823 814
823 862
824 167
824 748
824 749
824 769
824 770
824 817
824 833
824 1013
825 826
825 739
825 872
825 814
825 828
825 860
825 871
825 833
825 861
825 823
826 833
826 862
826 867
826 860
826 868
826 828
826 866
826 818
826 823
826 834
827 871
827 861
827 873
827 828
827 815
827 825
827 867
827 864
827 868
827 829
828 813
828 820
828 862
828 815
828 826
828 827
828 861
828 821
828 816
828 819
829 827
829 862
829 822
829 823
829 818
829 863
829 873
829 814
829 819
829 828
830 986
830 752
830 966
830 985
830 778
830 1026
830 754
830 753
830 235
830 893
831 807
831 966
831 859
831 962
831 987
831 869
831 986
831 990
831 858
831 232
832 853
832 857
832 235
832 989
832 966
832 742
832 852
832 854
832 846
832 858
833 826
833 871
833 1005
833 865
833 769
833 864
833 790
833 1008
833 867
833 981
834 745
834 827
834 1004
834 865
834 740
834 871
834 867
834 868
834 860
834 872
835 776
835 777
835 778
835 839
835 840
835 849
835 893
835 985
835 1021
836 851
836 844
836 985
836 847
836 875
836 839
836 846
836 838
836 855
836 848
837 847
837 869
837 843
837 856
837 875
837 851
837 842
837 845
837 846
837 841
838 850
838 846
838 855
838 842
838 875
838 985
838 851
838 847
838 845
838 841
839 841
839 840
839 850
839 985
839 856
839 778
839 207
839 1022
839 875
839 1033
840 1033
840 830
840 835
840 841
840 839
840 1072
840 809
840 776
840 478
840 476
841 838
841 875
841 844
841 851
841 840
841 847
841 848
841 985
841 836
841 837
842 836
842 840
842 844
842 985
842 875
842 855
842 851
842 848
842 845
842 838
843 838
843 839
843 836
843 845
843 841
843 985
843 837
843 875
843 842
843 850
844 875
844 850
844 839
844 842
844 837
844 841
844 836
844 845
844 838
844 856
845 851
845 852
845 844
845 856
845 848
845 859
845 847
845 836
845 875
845 853
846 869
846 854
846 845
846 838
846 857
846 859
846 831
846 853
846 837
846 858
847 851
847 869
847 852
847 854
847 832
847 846
847 842
847 837
847 859
847 848
848 839
848 875
848 847
848 844
848 838
848 836
848 841
848 855
848 851
848 840
849 776
849 777
849 778
849 835
849 839
849 840
849 893
849 985
849 1021
850 985
850 845
850 837
850 856
850 836
850 843
850 848
850 839
850 841
850 844
851 855
851 869
851 832
851 854
851 848
851 841
851 838
851 845
851 852
851 870
852 846
852 847
852 853
852 832
852 870
852 857
852 859
852 851
852 987
852 831
853 966
853 851
853 737
853 742
853 847
853 832
853 852
853 858
853 857
853 987
854 987
854 962
854 235
854 741
854 853
854 870
854 831
854 847
854 857
854 989
855 856
855 836
855 844
855 839
855 837
855 848
855 875
855 847
855 841
855 838
856 985
856 836
856 839
856 837
856 848
856 850
856 838
856 841
856 855
856 845
857 964
857 832
857 859
857 847
857 870
857 831
857 966
857 737
857 852
857 742
858 735
858 857
858 869
858 852
858 853
858 967
858 737
858 964
858 987
858 870
859 989
859 854
859 962
859 857
859 847
859 961
859 852
859 964
859 741
859 737
860 861
860 826
860 739
860 743
860 871
860 169
860 827
860 167
860 745
860 834
861 815
861 867
861 828
861 822
861 862
861 829
861 863
861 826
861 825
861 864
862 815
862 825
862 861
862 827
862 829
862 813
862 820
862 873
862 818
862 828
863 829
863 823
863 819
863 862
863 821
863 815
863 827
863 820
863 822
863 818
864 860
864 1005
864 866
864 882
864 833
864 861
864 814
864 868
864 867
864 823
865 1002
865 976
865 979
865 177
865 872
865 866
865 834
865 974
865 977
865 864
866 826
866 169
866 833
866 834
866 940
866 1003
866 867
866 743
866 977
866 739
867 825
867 743
867 882
867 167
867 745
867 977
867 860
867 865
867 1003
867 826
868 169
868 867
868 939
868 166
868 825
868 740
868 861
868 739
868 872
868 977
869 845
869 832
869 854
869 858
869 847
869 987
869 846
869 853
869 857
869 852
870 987
870 735
870 964
870 858
870 741
870 737
870 752
870 851
870 857
870 845
871 739
871 814
871 867
871 826
871 834
871 864
871 860
871 833
871 825
871 866
872 865
872 833
872 825
872 868
872 882
872 867
872 864
872 1003
872 1005
872 939
873 828
873 827
873 861
873 862
873 863
873 829
873 823
873 821
873 818
873 820
874 1028
874 204
874 811
874 205
874 206
874 1027
874 1018
874 890
874 1020
874 798
875 855
875 850
875 841
875 845
875 836
875 848
875 838
875 985
875 842
875 837
876 235
876 808
876 966
876 741
876 777
876 753
876 752
876 755
876 737
876 964
877 237
877 802
879 295
879 294
879 1055
879 881
879 894
879 896
879 299
879 551
879 923
879 917
880 895
880 294
880 299
880 701
880 923
880 879
880 295
880 1055
880 898
880 881
881 551
881 298
881 894
881 294
881 550
881 879
881 299
881 917
881 895
881 880
882 977
882 872
882 868
882 871
882 860
882 866
882 739
882 169
882 834
882 167
884 791
885 707
885 706
885 714
885 1080
885 1126
885 352
885 624
885 1125
885 1082
885 713
886 731
886 682
886 650
886 379
886 1128
886 732
886 467
886 914
886 733
886 726
887 760
887 761
887 762
887 766
887 888
887 1001
887 1002
888 761
888 762
888 766
888 887
888 943
888 999
888 1001
889 771
889 892
889 1019
889 186
889 789
889 798
889 774
889 773
889 747
889 1027
890 776
890 1023
890 874
890 891
890 1027
890 803
890 773
890 772
890 775
890 774
891 985
891 772
891 1020
891 776
891 1023
891 775
891 1028
891 1021
891 893
891 774
892 1028
892 1019
892 186
892 750
892 1012
892 774
892 769
892 748
892 749
892 789
893 891
893 830
893 803
893 1022
893 835
893 1020
893 754
893 207
893 753
893 772
894 895
894 917
894 896
894 573
894 294
894 551
894 554
894 923
894 898
894 351
895 299
895 701
895 550
895 898
895 879
895 1059
895 298
895 881
895 551
895 894
896 573
896 704
896 898
896 701
896 550
896 881
896 298
896 895
896 894
896 351
897 296
897 300
897 552
897 900
897 915
897 922
897 1039
897 1052
897 1053
898 923
898 299
898 895
898 294
898 894
898 881
898 298
898 917
898 879
898 550
899 350
899 706
899 705
899 574
899 353
899 1054
899 553
899 902
899 1124
899 703
900 350
900 574
900 897
900 300
900 1052
900 552
900 703
900 553
900 349
900 1053
901 556
901 885
901 310
901 1124
901 970
901 902
901 714
901 1126
901 1054
901 352
902 548
902 899
902 707
902 353
902 354
902 970
902 1125
902 1124
902 310
902 1030
903 1080
903 713
903 353
903 885
903 706
903 355
903 902
903 707
903 1082
903 358
904 909
904 931
904 276
904 722
904 1040
904 540
904 905
904 910
904 371
904 278
905 930
905 626
905 278
905 909
905 280
905 687
905 279
905 722
905 931
905 910
906 904
906 278
906 540
906 722
906 909
906 276
906 905
906 931
906 1065
906 930
907 535
907 934
907 274
907 925
907 908
907 1050
907 926
907 266
907 1051
907 932
908 629
908 723
908 912
908 1061
908 279
908 1050
908 367
908 370
908 911
908 366
909 927
909 932
909 268
909 906
909 931
909 929
909 933
909 274
909 930
909 904
910 906
910 278
910 905
910 277
910 540
910 909
910 280
910 1040
910 904
910 276
911 724
911 723
911 1061
911 367
911 912
911 934
911 542
911 366
911 629
911 1051
912 911
912 913
912 370
912 908
912 372
912 367
912 723
912 726
912 724
912 725
913 1129
913 1128
913 725
913 733
913 726
913 1099
913 378
913 685
913 724
913 543
914 1047
914 372
914 369
914 1129
914 726
914 1099
914 886
914 1127
914 913
914 1100
915 1053
915 1039
915 293
915 923
915 294
915 897
915 922
915 918
915 296
915 916
916 68
916 293
916 296
916 780
916 781
916 915
916 918
916 1053
917 923
917 291
917 880
917 879
917 294
917 881
917 921
917 919
917 898
917 894
918 68
918 293
918 296
918 780
918 781
918 915
918 916
918 1053
919 290
919 291
919 292
919 294
919 295
919 785
919 917
919 920
919 921
919 923
920 67
920 289
920 290
920 291
920 780
920 783
920 784
920 785
920 919
920 921
921 290
921 291
921 292
921 294
921 295
921 785
921 917
921 919
921 920
921 923
922 294
922 296
922 300
922 897
922 915
922 923
922 1039
922 1052
922 1053
923 291
923 922
923 879
923 881
923 921
923 880
923 894
923 298
923 299
923 898
924 260
924 782
924 780
924 925
924 69
924 926
924 258
924 779
924 781
924 68
925 928
925 932
925 268
925 933
925 274
925 927
925 260
925 924
925 786
925 907
926 907
926 925
926 933
926 260
926 274
926 927
926 924
926 266
926 268
926 928
927 261
927 266
927 929
927 788
927 787
927 925
927 928
927 926
927 273
927 930
928 788
928 269
928 909
928 930
928 268
928 266
928 929
928 277
928 273
928 925
929 927
929 268
929 1040
929 910
929 932
929 273
929 277
929 933
929 274
929 269
930 929
930 273
930 932
930 280
930 278
930 268
930 1040
930 928
930 274
930 910
931 1065
931 930
931 906
931 1040
931 929
931 280
931 273
931 277
931 904
931 540
932 274
932 933
932 909
932 926
932 929
932 930
932 279
932 266
932 907
932 934
933 909
933 907
933 1050
933 279
933 930
933 273
933 266
933 1051
933 925
933 929
934 908
934 932
934 535
934 542
934 911
934 933
934 1051
934 274
934 279
934 723
935 943
935 980
936 1084
936 974
936 938
936 937
936 1114
936 1139
936 176
936 1087
936 1007
936 1006
937 1087
937 1010
937 1134
937 975
937 1007
937 946
937 1084
937 947
937 1083
937 182
938 176
938 1112
938 1011
938 974
938 865
938 1007
938 1087
938 177
938 939
938 1003
939 868
939 1112
939 978
939 976
939 1006
939 865
939 176
939 938
939 168
939 177
940 939
940 872
940 866
940 834
940 168
940 1113
940 976
940 860
940 868
940 938
941 816
941 1014
941 793
941 1012
941 466
941 1008
941 467
941 184
941 1122
941 983
942 944
942 998
943 888
943 935
943 944
943 945
943 998
943 999
943 1000
944 942
944 943
944 949
944 997
944 998
945 943
945 946
945 947
945 999
945 1000
945 1009
945 1010
946 937
946 945
946 947
946 1000
946 1009
946 1010
946 1011
947 946
947 1011
947 936
947 1009
947 945
947 937
947 1000
947 1087
947 1007
947 1010
949 944
949 950
949 994
949 997
950 949
950 951
950 955
950 994
950 995
950 996
951 993
951 995
951 955
951 952
951 248
951 950
951 957
951 249
951 996
951 994
952 996
952 1069
952 249
952 990
952 488
952 954
952 955
952 951
952 490
952 1136
953 955
953 991
953 486
953 995
953 992
953 1071
953 996
953 952
953 239
953 249
954 989
954 1102
954 952
954 1103
954 1075
954 807
954 965
954 1070
954 992
954 236
955 953
955 957
955 952
955 951
955 996
955 995
955 249
955 248
955 994
955 992
956 247
956 243
956 960
956 244
956 245
956 1035
956 1036
956 246
956 248
956 487
957 951
957 239
957 1070
957 996
957 486
957 995
957 1068
957 488
957 993
957 955
958 248
958 959
958 960
958 488
958 1133
958 956
958 491
958 249
958 1068
958 247
959 958
959 247
959 1066
959 960
959 246
959 489
959 1037
959 491
959 488
959 1036
960 245
960 243
960 958
960 956
960 246
960 1036
960 959
960 1066
960 52
960 247
961 988
961 756
961 801
961 238
961 962
961 236
961 741
961 742
961 987
961 735
962 1102
962 954
962 238
962 831
962 990
962 236
962 858
962 961
962 964
962 859
963 239
963 952
963 992
964 235
964 876
964 857
964 233
964 807
964 966
964 853
964 967
964 832
964 987
965 1071
965 962
965 807
965 989
965 988
965 806
965 858
965 236
965 954
965 987
966 870
966 808
966 233
966 832
966 857
966 964
966 830
966 831
966 967
966 840
967 710
967 236
967 1103
967 964
967 962
967 1102
967 1077
967 966
967 1104
967 987
968 1104
968 483
968 607
968 1079
968 358
968 625
968 357
968 1111
968 484
968 1078
969 1111
969 482
969 1079
969 479
969 1081
969 357
969 358
969 1106
969 968
969 713
970 714
970 1081
970 885
970 555
970 355
970 482
970 903
970 354
970 481
970 1125
971 17
971 171
971 175
971 1044
971 164
971 1045
971 179
971 173
971 174
971 1132
972 1063
972 464
972 973
972 180
972 179
972 173
972 1131
972 1086
972 1083
972 1085
973 175
973 464
973 463
973 173
973 1132
973 171
973 718
973 1044
973 971
973 1134
974 1004
974 1113
974 168
974 865
974 1007
974 1093
974 939
974 1003
974 181
974 978
975 1001
975 938
975 165
975 1087
975 794
975 947
975 1006
975 176
975 1011
975 1007
976 1005
976 1004
976 979
976 866
976 834
976 181
976 868
976 176
976 1087
976 1002
977 865
977 169
977 1005
977 871
977 976
977 882
977 168
977 981
977 167
977 833
978 181
978 169
978 790
978 938
978 940
978 178
978 868
978 939
978 1120
978 866
979 745
979 865
979 976
979 1002
979 868
979 939
979 744
979 168
979 739
979 740
980 935
981 167
981 169
981 739
981 743
981 790
981 833
981 882
981 977
981 1008
982 185
983 466
983 1089
983 731
983 1116
983 984
983 1117
983 1098
983 1097
983 732
983 682
984 1098
984 941
984 682
984 731
984 1097
984 1116
984 1096
984 1088
984 467
984 1117
985 850
985 478
985 836
985 777
985 1021
985 1022
985 1033
985 875
985 893
985 1072
986 235
986 876
986 1104
986 966
986 808
986 233
986 1073
986 1026
986 809
986 870
987 869
987 236
987 807
987 852
987 742
987 806
987 757
987 962
987 854
987 735
988 987
988 858
988 832
988 991
988 990
988 954
988 989
988 757
988 807
988 961
989 954
989 757
989 831
989 857
989 232
989 854
989 987
989 964
989 742
989 961
990 236
990 1069
990 965
990 987
990 952
990 806
990 954
990 962
990 1071
990 988
991 239
991 1069
991 990
991 768
991 759
991 758
991 993
991 953
991 992
991 756
992 993
992 1135
992 990
992 1071
992 996
992 486
992 239
992 963
992 952
992 1070
993 953
993 1070
993 1071
993 995
993 992
993 991
993 955
993 996
993 952
993 951
994 949
994 950
994 951
994 955
994 995
994 996
995 950
995 951
995 953
995 955
995 957
995 993
995 994
995 996
996 486
996 955
996 994
996 951
996 957
996 249
996 952
996 953
996 993
996 992
997 767
997 944
997 949
997 998
998 942
998 943
998 944
998 997
998 999
999 888
999 943
999 945
999 998
999 1000
1000 943
1000 945
1000 946
1000 947
1000 999
1000 1009
1000 1010
1001 1006
1001 888
1001 176
1001 762
1001 975
1001 1087
1001 1010
1001 1007
1001 760
1001 761
1002 1003
1002 976
1002 1001
1002 1005
1002 1004
1002 865
1002 760
1002 887
1002 740
1002 762
1003 974
1003 938
1003 1006
1003 976
1003 168
1003 979
1003 978
1003 939
1003 1005
1003 977
1004 168
1004 865
1004 866
1004 1005
1004 1087
1004 872
1004 974
1004 978
1004 834
1004 940
1005 882
1005 1113
1005 868
1005 977
1005 940
1005 871
1005 834
1005 1003
1005 978
1005 739
1006 936
1006 1003
1006 939
1006 937
1006 938
1006 1139
1006 177
1006 974
1006 976
1006 1004
1007 1087
1007 936
1007 182
1007 947
1007 1001
1007 937
1007 176
1007 1006
1007 938
1007 974
1008 816
1008 178
1008 1091
1008 813
1008 1013
1008 941
1008 882
1008 977
1008 981
1008 817
1009 937
1009 945
1009 946
1009 947
1009 1000
1009 1010
1009 1011
1010 1007
1010 1087
1010 947
1010 1011
1010 936
1010 937
1010 946
1010 1001
1010 1009
1010 945
1011 1010
1011 1009
1011 1134
1011 938
1011 1006
1011 946
1011 937
1011 1007
1011 170
1011 1084
1012 792
1012 771
1012 815
1012 941
1012 817
1012 184
1012 1016
1012 889
1012 186
1012 816
1013 1016
1013 1098
1013 983
1013 824
1013 816
1013 466
1013 790
1013 1014
1013 984
1013 813
1014 799
1014 1015
1014 184
1014 941
1014 817
1014 1012
1014 789
1014 1089
1014 469
1014 1013
1015 470
1015 1012
1015 799
1015 1014
1015 1016
1015 1013
1015 202
1015 817
1015 186
1015 203
1016 1012
1016 789
1016 184
1016 1013
1016 200
1016 315
1016 792
1016 1089
1016 1014
1016 793
1017 1018
1017 469
1017 789
1017 1012
1017 189
1017 192
1017 313
1017 1014
1017 473
1017 203
1018 205
1018 191
1018 798
1018 874
1018 1017
1018 204
1018 892
1018 797
1018 1027
1018 771
1019 889
1019 1028
1019 1018
1019 192
1019 797
1019 798
1019 799
1019 206
1019 1017
1019 202
1020 1027
1020 775
1020 1023
1020 776
1020 891
1020 209
1020 893
1020 1021
1020 208
1020 1028
1021 849
1021 891
1021 209
1021 1033
1021 893
1021 777
1021 1072
1021 1024
1021 776
1021 809
1022 1028
1022 839
1022 208
1022 477
1022 1024
1022 893
1022 1020
1022 209
1022 891
1022 1023
1023 47
1023 811
1023 1020
1023 803
1023 891
1023 775
1023 800
1023 805
1023 1022
1023 1027
1024 212
1024 893
1024 1022
1024 1020
1024 804
1024 1034
1024 209
1024 839
1024 1021
1024 1025
1025 1033
1025 479
1025 985
1025 1022
1025 1081
1025 809
1025 209
1025 812
1025 810
1025 1026
1026 985
1026 1025
1026 830
1026 1033
1026 840
1026 1079
1026 1021
1026 810
1026 839
1026 986
1027 889
1027 892
1027 47
1027 874
1027 193
1027 1018
1027 1028
1027 798
1027 1019
1027 890
1028 193
1028 1027
1028 1020
1028 1019
1028 192
1028 890
1028 210
1028 1022
1028 47
1028 892
1029 1054
1029 301
1029 296
1029 1030
1029 548
1029 1052
1029 1039
1029 557
1029 1053
1029 355
1030 1032
1030 902
1030 548
1030 301
1030 1031
1030 1124
1030 311
1030 556
1030 310
1030 557
1031 548
1031 365
1031 558
1031 1032
1031 1126
1031 355
1031 1124
1031 1125
1031 555
1031 1030
1032 1126
1032 1123
1032 1030
1032 311
1032 365
1032 310
1032 1031
1032 548
1032 902
1032 556
1033 804
1033 1072
1033 985
1033 812
1033 476
1033 478
1033 809
1033 1025
1033 840
1033 810
1034 1123
1034 43
1034 812
1034 44
1034 480
1034 482
1034 479
1034 481
1034 226
1034 568
1035 240
1035 242
1035 247
1035 248
1035 249
1035 487
1035 956
1035 957
1036 288
1036 247
1036 1060
1036 1058
1036 956
1036 544
1036 1066
1036 960
1036 244
1036 243
1037 244
1037 288
1037 547
1037 698
1037 493
1037 1057
1037 1058
1037 1036
1037 1060
1037 1038
1038 1059
1038 549
1038 489
1038 1060
1038 1057
1038 1037
1038 547
1038 288
1038 1056
1038 544
1039 900
1039 1029
1039 922
1039 296
1039 915
1039 300
1039 301
1039 1052
1039 552
1039 548
1040 909
1040 931
1040 905
1040 273
1040 540
1040 910
1040 277
1040 721
1040 906
1040 278
1041 272
1041 276
1041 534
1041 537
1041 539
1041 541
1041 1042
1041 1064
1041 1130
1041 1131
1042 464
1042 179
1042 465
1042 1044
1042 275
1042 173
1042 1131
1042 1063
1042 1041
1042 541
1043 465
1043 539
1043 1042
1043 1063
1043 173
1043 275
1043 179
1043 1131
1043 1132
1043 1044
1044 973
1044 171
1044 1132
1044 971
1044 1042
1044 174
1044 179
1044 275
1044 465
1044 1043
1045 162
1045 170
1045 171
1045 172
1045 174
1045 175
1045 971
1045 1083
1046 472
1046 467
1046 686
1046 196
1046 199
1046 1100
1046 198
1046 470
1046 471
1046 468
1047 1127
1047 543
1047 157
1047 1128
1047 538
1047 914
1047 1090
1047 1049
1047 1100
1047 1099
1048 157
1048 1100
1048 685
1048 468
1048 281
1048 156
1048 201
1048 1049
1048 155
1048 1090
1049 282
1049 914
1049 156
1049 1128
1049 536
1049 543
1049 535
1049 685
1049 1062
1049 1048
1050 1062
1050 908
1050 1049
1050 535
1050 536
1050 538
1050 274
1050 933
1050 907
1050 1051
1051 911
1051 535
1051 934
1051 933
1051 279
1051 932
1051 908
1051 274
1051 1061
1051 723
1052 1029
1052 1054
1052 552
1052 300
1052 900
1052 703
1052 922
1052 1053
1052 350
1052 1039
1053 918
1053 1039
1053 300
1053 1029
1053 296
1053 915
1053 897
1053 900
1053 916
1053 1054
1054 706
1054 1124
1054 1053
1054 548
1054 553
1054 902
1054 300
1054 1029
1054 899
1054 349
1055 895
1055 880
1055 299
1055 1056
1055 1038
1055 550
1055 879
1055 547
1055 896
1055 701
1056 1057
1056 550
1056 1055
1056 547
1056 544
1056 698
1056 699
1056 1038
1056 602
1056 1060
1057 699
1057 1036
1057 547
1057 702
1057 697
1057 1056
1057 1038
1057 1059
1057 549
1057 1066
1058 1066
1058 959
1058 1037
1058 493
1058 1067
1058 488
1058 549
1058 605
1058 1068
1058 244
1059 547
1059 1038
1059 702
1059 1055
1059 544
1059 698
1059 489
1059 603
1059 550
1059 602
1060 1056
1060 699
1060 547
1060 1036
1060 1037
1060 1066
1060 1057
1060 1059
1060 959
1060 698
1061 911
1061 367
1061 913
1061 725
1061 279
1061 914
1061 912
1061 1049
1061 629
1061 723
1062 536
1062 685
1062 543
1062 1099
1062 1127
1062 368
1062 726
1062 281
1062 1047
1062 1050
1063 465
1063 1086
1063 628
1063 1131
1063 539
1063 716
1063 627
1063 464
1063 1132
1063 718
1064 717
1064 1041
1064 1131
1064 1065
1064 628
1064 721
1064 540
1064 716
1064 537
1064 541
1065 906
1065 910
1065 276
1065 687
1065 1040
1065 721
1065 1064
1065 720
1065 371
1065 904
1066 549
1066 960
1066 1067
1066 287
1066 958
1066 288
1066 246
1066 493
1066 489
1066 1057
1067 1057
1067 697
1067 699
1067 488
1067 493
1067 698
1067 246
1067 549
1067 1066
1067 1060
1068 698
1068 700
1068 699
1068 1138
1068 959
1068 605
1068 1133
1068 1067
1068 493
1068 603
1069 239
1069 1070
1069 991
1069 952
1069 990
1069 486
1069 989
1069 988
1069 954
1069 759
1070 249
1070 700
1070 957
1070 708
1070 1136
1070 1075
1070 490
1070 1069
1070 953
1070 492
1071 993
1071 1070
1071 952
1071 486
1071 232
1071 1075
1071 1069
1071 490
1071 1136
1071 234
1072 1025
1072 985
1072 1033
1072 839
1072 479
1072 1105
1072 1026
1072 809
1072 1081
1072 1021
1073 1102
1073 484
1073 1077
1073 711
1073 607
1073 808
1073 1078
1073 233
1073 1104
1073 807
1074 700
1074 708
1074 249
1074 952
1074 1137
1074 491
1074 1075
1074 486
1074 1138
1074 1136
1075 486
1075 1107
1075 1137
1075 1108
1075 1133
1075 492
1075 1135
1075 234
1075 1070
1075 1071
1076 807
1076 1107
1076 604
1076 234
1076 1103
1076 710
1076 1109
1076 485
1076 709
1076 1108
1077 606
1077 710
1077 1108
1077 1110
1077 234
1077 711
1077 1073
1077 1104
1077 967
1077 1076
1078 967
1078 483
1078 1105
1078 1079
1078 233
1078 710
1078 484
1078 1073
1078 607
1078 968
1079 483
1079 1105
1079 1106
1079 484
1079 1111
1079 712
1079 482
1079 810
1079 1026
1079 1078
1080 556
1080 352
1080 714
1080 1082
1080 354
1080 365
1080 481
1080 903
1080 1081
1080 1106
1081 354
1081 1123
1081 231
1081 482
1081 1034
1081 810
1081 1082
1081 365
1081 478
1081 1079
1082 352
1082 1080
1082 231
1082 1126
1082 354
1082 970
1082 482
1082 555
1082 1031
1082 481
1083 170
1083 1139
1083 937
1083 175
1083 1045
1083 1084
1083 972
1083 1134
1083 973
1083 1086
1084 1134
1084 659
1084 1092
1084 1140
1084 728
1084 176
1084 719
1084 937
1084 463
1084 936
1085 465
1085 1086
1085 171
1085 1063
1085 464
1085 1101
1085 718
1085 664
1085 973
1085 972
1086 463
1086 1139
1086 628
1086 1063
1086 716
1086 1134
1086 1085
1086 718
1086 973
1086 1083
1087 1140
1087 1084
1087 168
1087 176
1087 1006
1087 170
1087 974
1087 938
1087 728
1087 177
1088 1122
1088 1097
1088 663
1088 472
1088 683
1088 467
1088 1100
1088 468
1088 184
1088 941
1089 1015
1089 792
1089 466
1089 184
1089 1116
1089 1098
1089 1016
1089 817
1089 1013
1089 941
1090 198
1090 686
1090 1046
1090 683
1090 1128
1090 543
1090 1048
1090 467
1090 155
1090 684
1091 461
1091 1008
1091 817
1091 730
1091 1121
1091 790
1091 178
1091 1098
1091 1115
1091 940
1092 460
1092 661
1092 1139
1092 462
1092 1087
1092 181
1092 463
1092 182
1092 1093
1092 1084
1093 182
1093 1087
1093 727
1093 1140
1093 462
1093 1092
1093 181
1093 1084
1093 719
1093 661
1094 660
1094 727
1094 1119
1094 1120
1094 1113
1094 460
1094 661
1094 728
1094 1093
1094 181
1095 1094
1095 181
1095 661
1095 183
1095 1112
1095 729
1095 460
1095 662
1095 667
1095 730
1096 1116
1096 729
1096 1098
1096 984
1096 183
1096 1121
1096 662
1096 1122
1096 461
1096 1095
1097 1128
1097 732
1097 1122
1097 1100
1097 663
1097 1098
1097 686
1097 372
1097 984
1097 379
1098 1116
1098 1122
1098 184
1098 1117
1098 1088
1098 732
1098 467
1098 1096
1098 663
1098 817
1099 1127
1099 543
1099 886
1099 1100
1099 369
1099 733
1099 379
1099 368
1099 1062
1099 682
1100 1128
1100 1047
1100 379
1100 156
1100 1097
1100 683
1100 369
1100 1129
1100 886
1100 1127
1101 1130
1101 1063
1101 718
1101 716
1101 541
1101 463
1101 1131
1101 972
1101 627
1101 464
1102 1104
1102 1073
1102 234
1102 967
1102 965
1102 485
1102 807
1102 831
1102 806
1102 236
1103 709
1103 1107
1103 1071
1103 485
1103 967
1103 1108
1103 1102
1103 831
1103 807
1103 954
1104 966
1104 484
1104 1102
1104 968
1104 483
1104 1079
1104 233
1104 1073
1104 1077
1104 1105
1105 482
1105 712
1105 1079
1105 1026
1105 809
1105 1081
1105 1078
1105 479
1105 1104
1105 478
1106 1105
1106 482
1106 1111
1106 713
1106 625
1106 1079
1106 479
1106 1081
1106 1080
1106 358
1107 1133
1107 1135
1107 1070
1107 1108
1107 1103
1107 234
1107 606
1107 1138
1107 1075
1107 1074
1108 485
1108 710
1108 709
1108 1107
1108 490
1108 1076
1108 1103
1108 232
1108 1102
1108 1109
1109 967
1109 1076
1109 1108
1109 484
1109 1104
1109 483
1109 1102
1109 485
1109 1110
1109 607
1110 1077
1110 1109
1111 357
1111 484
1111 712
1111 968
1111 969
1111 1078
1111 1079
1111 1104
1111 1105
1111 1106
1112 1004
1112 1093
1112 940
1112 938
1112 1006
1112 181
1112 939
1112 1120
1112 1094
1112 974
1113 978
1113 1005
1113 977
1113 1115
1113 730
1113 1091
1113 178
1113 177
1113 460
1113 183
1114 1087
1114 728
1114 1139
1114 177
1114 182
1114 1140
1114 1134
1114 936
1114 1084
1114 1118
1115 1091
1115 1098
1115 1008
1115 730
1115 790
1115 1122
1115 1113
1115 1117
1115 1120
1115 183
1116 662
1116 1098
1116 461
1116 682
1116 1115
1116 729
1116 983
1116 1089
1116 466
1116 1097
1117 732
1117 467
1117 466
1117 1089
1117 1097
1117 941
1117 663
1117 1115
1117 461
1117 1098
1118 727
1118 1093
1118 661
1118 1084
1118 1119
1118 728
1118 1114
1118 463
1118 1140
1118 1141
1119 1094
1119 660
1119 1093
1119 730
1119 1092
1119 1118
1119 181
1119 1120
1119 727
1119 177
1120 715
1120 729
1120 1119
1120 1091
1120 730
1120 1096
1120 978
1120 1095
1120 1112
1120 1113
1121 178
1121 183
1121 461
1121 1091
1121 1096
1121 1115
1121 1116
1121 1117
1122 662
1122 983
1122 731
1122 379
1122 663
1122 732
1122 1097
1122 466
1122 1116
1122 1117
1123 558
1123 481
1123 479
1123 226
1123 43
1123 480
1123 223
1123 559
1123 355
1123 311
1124 311
1124 310
1124 354
1124 707
1124 901
1124 1031
1124 1032
1124 706
1124 548
1124 1054
1125 885
1125 353
1125 707
1125 311
1125 352
1125 901
1125 356
1125 1031
1125 548
1125 903
1126 885
1126 481
1126 310
1126 970
1126 355
1126 352
1126 354
1126 713
1126 1080
1126 365
1127 368
1127 1099
1127 369
1127 733
1127 379
1127 1047
1127 725
1127 1100
1127 914
1127 726
1128 281
1128 1097
1128 685
1128 1129
1128 913
1128 543
1128 886
1128 1100
1128 368
1128 1127
1129 467
1129 686
1129 1099
1129 733
1129 913
1129 543
1129 1062
1129 912
1129 726
1129 372
1130 539
1130 628
1130 534
1130 716
1130 1131
1130 1042
1130 541
1130 720
1130 272
1130 717
1131 1064
1131 272
1131 275
1131 464
1131 718
1131 465
1131 179
1131 541
1131 1041
1131 717
1132 971
1132 973
1132 464
1132 1042
1132 628
1132 179
1132 1131
1132 718
1132 1043
1132 1101
1133 1136
1133 1068
1133 992
1133 486
1133 953
1133 1074
1133 491
1133 492
1133 952
1133 1107
1134 1093
1134 1084
1134 1118
1134 659
1134 973
1134 1086
1134 1083
1134 938
1134 719
1134 462
1135 700
1135 1068
1135 1137
1135 486
1135 1133
1135 1070
1135 708
1135 492
1135 1107
1135 1071
1136 1135
1136 1138
1136 952
1136 1070
1136 1071
1136 1068
1136 492
1136 1074
1136 486
1136 708
1137 1138
1137 952
1137 1068
1137 1135
1137 1071
1137 1133
1137 1107
1137 1075
1137 700
1137 492
1138 1075
1138 1133
1138 1070
1138 1137
1138 1107
1138 608
1138 486
1138 1136
1138 1068
1138 700
1139 1114
1139 1083
1139 1092
1139 1087
1139 728
1139 1086
1139 463
1139 176
1139 937
1139 1118
1140 1087
1140 176
1140 1134
1140 462
1140 463
1140 182
1140 1084
1140 1093
1140 1092
1140 728
1141 1087
1141 659
1141 1093
1141 463
1141 1084
1141 1114
1141 182
1141 719
1141 176
1141 728
