0.000000 0.807928 0.131509 0.000000 -0.458213 0.888842
0.000000 0.807928 0.121674 0.000000 -1.000000 0.000000
0.020067 0.798309 0.129640 -0.103508 -0.709760 0.696798
0.020067 0.862853 0.133709 0.137975 -0.062203 0.988481
0.000000 0.862853 0.134953 0.000000 -0.062581 0.998040
0.020067 0.798309 0.117169 -0.279080 -0.960252 0.005458
0.044955 0.862853 0.126235 0.389654 -0.062211 0.918858
0.043848 0.793506 0.122392 0.203657 -0.842350 0.498969
0.064661 0.801576 0.110545 0.646464 -0.643801 0.409395
0.042354 0.793606 0.109912 0.163305 -0.985404 -0.048061
0.060457 0.801929 0.094301 0.336813 -0.936353 -0.098994
0.072335 0.807395 0.095595 0.907746 0.197553 0.370094
0.067498 0.862853 0.114161 0.822316 -0.054429 0.566423
0.072607 0.863186 0.097219 0.899145 0.273254 0.341864
0.085011 0.863349 0.055073 0.967712 -0.038870 0.249044
0.087675 0.824829 0.031434 0.513914 0.788789 0.337201
0.075349 0.818760 0.031434 -0.432004 0.891315 0.137587
-0.020067 0.862853 0.133709 -0.137975 -0.062203 0.988481
-0.020067 0.798309 0.129640 0.103508 -0.709760 0.696798
-0.020067 0.798309 0.117169 0.279080 -0.960252 0.005458
-0.044955 0.862853 0.126235 -0.389654 -0.062211 0.918858
-0.043848 0.793506 0.122392 -0.203657 -0.842350 0.498969
-0.064661 0.801576 0.110545 -0.646464 -0.643801 0.409395
-0.042354 0.793606 0.109912 -0.163305 -0.985404 -0.048061
-0.060457 0.801929 0.094301 -0.336813 -0.936353 -0.098994
-0.072335 0.807395 0.095595 -0.907746 0.197553 0.370094
-0.067498 0.862853 0.114161 -0.822316 -0.054429 0.566423
-0.072607 0.863186 0.097219 -0.893658 0.270857 0.357788
-0.075349 0.818760 0.031434 0.432004 0.891315 0.137587
-0.085011 0.863349 0.055073 -0.967712 -0.038870 0.249044
-0.087675 0.824829 0.031434 -0.513914 0.788789 0.337201
0.360640 0.706853 0.037168 0.076912 0.996229 -0.040147
0.360587 0.703155 0.060516 0.087163 0.569055 0.817667
0.369985 0.704896 0.037168 0.193070 0.981131 0.010311
0.363820 0.700117 0.005354 0.090000 0.627182 -0.773656
0.355563 0.700787 0.005395 -0.041027 0.494246 -0.868353
0.329946 0.702401 0.010794 -0.159124 0.650412 -0.742727
0.330936 0.707519 0.037317 0.023752 0.998800 0.042831
0.369635 0.701455 0.060160 0.132425 0.533421 0.835419
0.348436 0.702883 0.060693 0.095631 0.704791 0.702940
0.330164 0.702526 0.060989 -0.001740 0.764685 0.644402
0.314831 0.708247 0.037163 0.019487 0.998814 -0.044610
0.314840 0.703223 0.016314 -0.285173 0.513291 -0.809450
0.305371 0.703084 0.019880 -0.062731 0.612123 -0.788271
0.314735 0.702929 0.058720 -0.056647 0.722647 0.688892
0.305371 0.709186 0.037250 0.067727 0.996786 -0.042786
0.329661 0.683707 0.069178 -0.241174 0.325246 0.914358
0.317016 0.675780 0.064786 -0.476866 -0.313916 0.821009
0.305371 0.702708 0.060146 -0.033867 0.630278 0.775631
0.305371 0.681731 0.059974 -0.295687 -0.496220 0.816294
0.315104 0.669756 0.048071 -0.391519 -0.920170 0.001015
0.328577 0.669802 0.071283 -0.523059 -0.543034 0.656904
0.329062 0.663601 0.055503 -0.335993 -0.941735 0.015631
0.340701 0.690489 0.065173 0.224604 0.478064 0.849122
0.339160 0.661750 0.060552 -0.037345 -0.977591 -0.207174
0.340110 0.665332 0.076686 -0.410624 -0.348281 0.842668
0.345462 0.682091 0.073899 0.381538 0.608241 0.696040
0.362676 0.670477 0.077531 0.381412 0.714233 0.586852
0.354763 0.657831 0.080321 -0.416883 -0.627818 0.657308
0.371176 0.650324 0.077798 0.155141 -0.728433 0.667320
0.376848 0.660614 0.075700 0.982905 0.183775 -0.011134
0.367824 0.650308 0.069362 0.455585 -0.730715 -0.508427
0.373151 0.660872 0.067153 0.548690 -0.113521 -0.828283
0.385111 0.696353 0.005238 0.210407 0.611120 -0.763061
0.388505 0.697791 0.059365 0.296861 0.690710 0.659388
0.390253 0.700959 0.037168 0.354518 0.934246 -0.038761
0.360926 0.682732 0.005658 0.020659 -0.557802 -0.829717
0.348156 0.685782 0.061639 0.530785 0.060868 0.845318
0.363741 0.682284 0.061329 0.020128 -0.691422 0.722171
0.358005 0.682054 0.061329 0.093928 -0.779995 0.618696
0.349721 0.675678 0.057891 0.889409 -0.018551 -0.456735
0.350123 0.678435 0.056178 0.553157 -0.831542 -0.050552
0.305371 0.681922 0.018617 -0.181476 -0.516463 -0.836859
0.315403 0.680109 0.015035 -0.331116 -0.538253 -0.775013
0.330341 0.678690 0.009375 -0.066452 -0.840732 -0.537359
0.351762 0.680894 0.006138 0.086491 -0.779838 -0.619978
0.362222 0.682309 0.037168 0.044175 -0.999014 -0.004334
0.334581 0.676895 0.038828 0.368215 -0.825988 -0.426803
0.314194 0.675070 0.032060 -0.068243 -0.945597 -0.318103
0.305371 0.675918 0.032375 -0.067293 -0.963263 -0.259991
0.334996 0.668532 0.045143 0.345867 -0.750298 -0.563409
0.305371 0.674556 0.045589 -0.151139 -0.980154 0.128274
0.384767 0.681869 0.037168 -0.111546 -0.993746 0.005214
0.384655 0.681869 0.060589 -0.005104 -0.519244 0.854611
0.389328 0.681036 0.060227 -0.085135 -0.686639 0.721997
0.389413 0.681036 0.037168 -0.332594 -0.942837 0.020971
0.386123 0.681036 0.005503 -0.096767 -0.707884 -0.699669
0.381808 0.681869 0.005135 -0.046955 -0.707385 -0.705267
0.397506 0.677807 0.058764 -0.189582 -0.792530 0.579616
0.396344 0.677807 0.037168 -0.421281 -0.906281 0.034303
0.408876 0.671983 0.037168 0.178516 -0.982245 0.057671
0.407697 0.671795 0.020993 0.023621 -0.996148 -0.084442
0.393277 0.677807 0.006760 -0.280579 -0.853127 -0.439830
0.404148 0.674105 0.008853 0.333839 -0.625404 -0.705281
0.414743 0.677949 0.019793 0.923358 -0.258216 -0.284137
0.417130 0.677048 0.037168 0.977775 -0.208012 0.026198
0.413965 0.679713 0.055478 0.756178 -0.186780 0.627143
0.406625 0.674105 0.055323 0.194340 -0.853020 0.484343
0.402484 0.689348 0.007823 0.489570 0.432273 -0.757272
0.409667 0.678899 0.009777 0.686337 -0.093963 -0.721188
0.407643 0.691249 0.037168 0.676106 0.736116 0.031829
0.405018 0.688000 0.057916 0.419915 0.367017 0.830042
-0.330341 0.678690 0.009375 0.021182 -0.844552 -0.535055
-0.351762 0.680894 0.006138 -0.086491 -0.779838 -0.619978
-0.329946 0.702401 0.010794 0.107220 0.653090 -0.749652
-0.355563 0.700787 0.005395 0.041027 0.494246 -0.868353
-0.360640 0.706853 0.037168 -0.076912 0.996229 -0.040147
-0.363820 0.700117 0.005354 -0.090000 0.627182 -0.773656
-0.369985 0.704896 0.037168 -0.193070 0.981131 0.010311
-0.330936 0.707519 0.037317 -0.023752 0.998800 0.042831
-0.360587 0.703155 0.060516 -0.087163 0.569055 0.817667
-0.369635 0.701455 0.060160 -0.132425 0.533421 0.835419
-0.348436 0.702883 0.060693 -0.095631 0.704791 0.702940
-0.330164 0.702526 0.060989 0.001740 0.764685 0.644402
-0.314831 0.708247 0.037163 -0.036537 0.998987 -0.026278
-0.314920 0.703493 0.014058 0.144862 0.515299 -0.844679
-0.305283 0.702852 0.014941 -0.135060 0.690091 -0.711009
-0.314735 0.702929 0.058720 0.040772 0.721940 0.690753
-0.305296 0.709387 0.038126 -0.220379 0.973889 0.054533
-0.329661 0.683707 0.069178 0.241174 0.325247 0.914358
-0.317016 0.675780 0.064786 0.464342 -0.316298 0.827250
-0.305283 0.702852 0.060319 -0.133149 0.555979 0.820463
-0.305208 0.681453 0.060366 0.144554 -0.558145 0.817055
-0.340701 0.690489 0.065173 -0.224604 0.478064 0.849122
-0.363741 0.682284 0.061329 -0.020128 -0.691422 0.722171
-0.358005 0.682054 0.061329 -0.093928 -0.779995 0.618696
-0.360926 0.682732 0.005658 -0.020659 -0.557802 -0.829717
-0.315497 0.679801 0.012749 0.229145 -0.570453 -0.788718
-0.305289 0.681592 0.015135 -0.002221 -0.420384 -0.907344
-0.350123 0.678435 0.056178 -0.553157 -0.831542 -0.050552
-0.362222 0.682309 0.037168 -0.044175 -0.999014 -0.004334
-0.348156 0.685782 0.061639 -0.530785 0.060868 0.845318
-0.345462 0.682091 0.073899 -0.381538 0.608241 0.696040
-0.349721 0.675678 0.057891 -0.889409 -0.018551 -0.456735
-0.305289 0.675703 0.032295 -0.048740 -0.968429 -0.244478
-0.314194 0.675070 0.032060 0.045888 -0.951391 -0.304549
-0.305270 0.674270 0.045704 0.046171 -0.991074 0.125066
-0.315104 0.669756 0.048071 0.376949 -0.926234 0.000607
-0.334996 0.668532 0.045143 -0.345867 -0.750297 -0.563409
-0.334581 0.676895 0.038828 -0.368215 -0.825988 -0.426803
-0.339160 0.661750 0.060552 0.037345 -0.977591 -0.207174
-0.329062 0.663601 0.055503 0.335993 -0.941735 0.015631
-0.328577 0.669802 0.071283 0.523059 -0.543034 0.656904
-0.340110 0.665332 0.076686 0.410624 -0.348281 0.842668
-0.362676 0.670477 0.077531 -0.381412 0.714233 0.586852
-0.354763 0.657831 0.080321 0.416883 -0.627818 0.657308
-0.233967 0.735109 0.038130 -0.176011 0.984388 0.000006
-0.193900 0.736964 0.038130 0.033631 0.999434 0.000016
-0.232688 0.713430 0.009545 -0.064247 0.599683 -0.797655
-0.270237 0.709030 0.014017 -0.171364 0.630203 -0.757284
-0.232688 0.713430 0.066715 -0.064250 0.599644 0.797684
-0.270237 0.709030 0.062241 -0.178331 0.629407 0.756337
-0.245153 0.691610 0.001084 -0.160710 0.059157 -0.985227
-0.270237 0.692670 0.006853 -0.183792 0.047705 -0.981807
-0.270237 0.724961 0.038130 -0.298217 0.954497 0.001719
-0.220069 0.692120 -0.001029 0.105357 0.147216 -0.983477
-0.203950 0.701687 0.003852 0.696461 -0.565092 -0.442281
-0.245153 0.691610 0.075173 -0.160685 0.059149 0.985232
-0.220069 0.692120 0.077286 0.105337 0.147199 0.983482
-0.220068 0.670443 0.071388 -0.025303 -0.625007 0.780209
-0.198635 0.672276 0.068631 0.312404 -0.688119 0.654902
-0.198598 0.692469 0.072545 0.341255 0.190101 0.920547
-0.181676 0.676628 0.060569 0.375803 -0.493586 0.784312
-0.181646 0.703185 0.060775 0.171477 0.555230 0.813828
-0.220068 0.659534 0.038130 -0.014784 -0.999891 0.000007
-0.270237 0.675386 0.064292 -0.180909 -0.721699 0.668149
-0.270237 0.665379 0.038130 -0.179802 -0.983482 -0.020830
-0.270237 0.675386 0.011967 -0.186182 -0.732808 -0.654468
-0.220068 0.670443 0.004870 -0.025295 -0.625038 -0.780184
-0.270237 0.692670 0.069406 -0.198018 0.049749 0.978935
-0.197574 0.661183 0.038130 0.351225 -0.935467 -0.039275
-0.186758 0.668731 0.038130 0.306469 -0.943539 0.125738
-0.172959 0.677699 0.060206 0.044597 -0.660305 0.749672
-0.181676 0.676628 0.015690 0.382990 -0.645632 -0.660665
-0.172959 0.669786 0.038130 0.041996 -0.992273 -0.116751
-0.172959 0.677699 0.016053 0.066361 -0.456456 -0.887268
-0.198635 0.672276 0.007628 0.264640 -0.642172 -0.719431
-0.198598 0.692469 0.003713 0.341290 0.190084 -0.920537
-0.181646 0.703185 0.015484 0.171468 0.555235 -0.813826
-0.172959 0.703508 0.015997 0.027051 0.535702 -0.843974
-0.172959 0.703508 0.060261 0.006023 0.542065 0.840315
-0.203950 0.701687 0.072407 0.696459 -0.565111 0.442260
-0.195866 0.714047 0.066246 0.593385 -0.799492 0.093309
-0.167639 0.721077 0.055645 0.142380 0.748766 0.647362
-0.162019 0.732919 0.038130 0.371318 -0.928506 -0.000012
-0.167639 0.721077 0.020613 0.142394 0.748784 -0.647338
-0.195866 0.714047 0.010012 0.593352 -0.799516 -0.093317
-0.095508 0.705142 0.014864 -0.073956 0.310623 -0.947652
-0.141373 0.676852 0.017694 -0.005754 -0.582335 -0.812929
-0.141773 0.705042 0.016831 -0.031777 0.688040 -0.724976
-0.096552 0.717045 0.037361 -0.054367 0.982546 -0.177899
-0.141520 0.715019 0.037914 -0.039986 0.995366 0.087449
-0.095505 0.706116 0.059388 -0.039340 0.615460 0.787186
-0.074171 0.718876 0.037019 -0.091139 0.995611 -0.021264
-0.073334 0.705196 0.012730 -0.107502 0.508154 -0.854531
-0.074406 0.676714 0.013357 -0.097694 -0.593756 -0.798693
-0.141267 0.705210 0.060190 -0.019534 0.652703 0.757362
-0.093774 0.677051 0.016181 -0.062023 -0.692156 -0.719078
-0.075390 0.668423 0.037855 -0.027332 -0.999620 0.003516
-0.094164 0.668565 0.038201 -0.009100 -0.999186 0.039298
-0.141120 0.669340 0.037861 -0.017083 -0.998071 0.059692
-0.140867 0.677050 0.060621 -0.009195 -0.484522 0.874731
-0.093439 0.676625 0.060931 -0.042595 -0.428388 0.902590
-0.074321 0.706692 0.061005 -0.075373 0.539107 0.838858
-0.063281 0.719945 0.037209 -0.124962 0.976310 0.176643
-0.060274 0.706514 0.012199 -0.206801 0.582432 -0.786134
-0.060277 0.677758 0.010719 -0.368287 -0.209865 -0.905716
-0.062680 0.668098 0.038668 -0.685410 -0.717272 -0.125436
-0.172959 0.713462 0.038130 -0.017128 0.999844 -0.004380
-0.061421 0.706960 0.061526 -0.253478 0.478563 0.840670
-0.074477 0.677246 0.062470 -0.058897 -0.550035 0.833063
-0.061860 0.677502 0.064169 -0.784837 -0.285785 0.549871
-0.407643 0.691249 0.037168 -0.676106 0.736116 0.031829
-0.390253 0.700959 0.037168 -0.354518 0.934246 -0.038761
-0.402484 0.689348 0.007823 -0.489570 0.432273 -0.757272
-0.414743 0.677949 0.019793 -0.923358 -0.258216 -0.284137
-0.409667 0.678899 0.009777 -0.686337 -0.093963 -0.721188
-0.404148 0.674105 0.008853 -0.333839 -0.625404 -0.705281
-0.393277 0.677807 0.006760 0.280579 -0.853127 -0.439830
-0.417130 0.677048 0.037168 -0.977775 -0.208012 0.026198
-0.413965 0.679713 0.055478 -0.756178 -0.186780 0.627143
-0.405018 0.688000 0.057916 -0.419915 0.367017 0.830042
-0.388505 0.697791 0.059365 -0.296861 0.690710 0.659388
-0.384655 0.681869 0.060589 0.005104 -0.519244 0.854611
-0.389328 0.681036 0.060227 0.085135 -0.686639 0.721997
-0.397506 0.677807 0.058764 0.189582 -0.792530 0.579616
-0.406625 0.674105 0.055323 -0.194340 -0.853020 0.484343
-0.386123 0.681036 0.005503 0.096767 -0.707884 -0.699669
-0.385111 0.696353 0.005238 -0.210407 0.611120 -0.763061
-0.381808 0.681869 0.005135 0.046955 -0.707385 -0.705267
-0.384767 0.681869 0.037168 0.111546 -0.993746 0.005214
-0.389413 0.681036 0.037168 0.332594 -0.942837 0.020971
-0.396344 0.677807 0.037168 0.421281 -0.906281 0.034303
-0.408876 0.671983 0.037168 -0.178516 -0.982245 0.057671
-0.407697 0.671795 0.020993 -0.023621 -0.996148 -0.084442
-0.182158 0.713858 0.038130 0.046289 0.998928 0.000011
-0.202611 0.716016 0.038130 0.023008 0.999735 0.000013
-0.200605 0.704243 0.012675 0.093538 0.770805 -0.630166
-0.224350 0.702475 0.009353 0.694876 0.531564 0.484341
-0.228632 0.712831 0.038130 0.509734 -0.860332 -0.000010
-0.200605 0.704243 0.063583 0.093522 0.770792 0.630186
-0.224350 0.702475 0.066905 0.694968 0.531510 -0.484269
-0.023533 0.722023 0.015488 -0.262310 0.635999 -0.725740
-0.026630 0.706961 0.005720 -0.170577 0.323865 -0.930599
-0.053666 0.722534 0.035218 -0.237965 0.678071 -0.695408
-0.018495 0.732415 0.026488 -0.703632 0.180744 -0.687192
-0.000000 0.733138 0.014561 0.000279 0.402984 -0.915207
0.000000 0.707344 0.001028 -0.000000 0.410489 -0.911865
0.000000 0.723537 0.010287 -0.000000 0.452123 -0.891956
0.000000 0.676995 -0.003420 -0.000000 0.063627 -0.997974
-0.027722 0.676782 0.000959 -0.207710 0.021157 -0.977962
0.000000 0.644439 0.000408 -0.000000 -0.153214 -0.988193
-0.055544 0.647600 0.009374 -0.780156 -0.126714 -0.612618
-0.061157 0.646067 0.043276 -0.997215 -0.069830 -0.026193
-0.059197 0.644242 0.068095 -0.964258 -0.056881 0.258789
-0.048514 0.648797 0.091416 -0.573210 0.071698 0.816266
-0.049157 0.676774 0.083127 -0.385990 0.354435 0.851697
-0.052454 0.704989 0.065398 -0.041570 0.653115 0.756117
-0.024534 0.730600 0.040482 -0.861568 -0.201769 0.465822
-0.017932 0.707438 0.065444 -0.152870 0.551155 0.820280
0.366452 0.667157 0.064676 0.411578 0.578358 -0.704347
0.361742 0.668218 0.065177 0.227172 0.317404 -0.920678
0.355208 0.656537 0.067831 -0.261045 -0.788685 -0.556624
0.358495 0.653524 0.067657 -0.298279 -0.660271 -0.689254
-0.371176 0.650324 0.077798 -0.155141 -0.728433 0.667320
-0.376848 0.660614 0.075700 -0.982905 0.183775 -0.011134
-0.367824 0.650308 0.069362 -0.455585 -0.730715 -0.508427
-0.373151 0.660872 0.067153 -0.548690 -0.113521 -0.828283
-0.366452 0.667157 0.064676 -0.411578 0.578358 -0.704347
-0.361742 0.668218 0.065177 -0.227172 0.317404 -0.920678
-0.358495 0.653524 0.067657 0.298279 -0.660271 -0.689254
-0.355208 0.656537 0.067831 0.261045 -0.788685 -0.556624
0.270186 0.680477 0.018793 0.077079 -0.337513 -0.938160
0.270194 0.704271 0.018948 0.089793 0.738811 -0.667903
0.270295 0.711823 0.038144 0.078462 0.995650 0.050249
0.270237 0.704206 0.058621 0.045501 0.558207 0.828453
0.270179 0.679978 0.058029 0.054729 -0.563330 0.824417
0.270179 0.671749 0.036594 0.095429 -0.990871 -0.095227
0.000000 0.678189 0.084514 -0.000000 0.507448 0.861682
0.000000 0.552543 0.012966 -0.000000 0.168771 -0.985655
0.000000 0.583547 0.011974 0.000000 -0.101950 -0.994790
0.051569 0.552543 0.020645 0.674412 0.090142 -0.732832
0.052322 0.583547 0.019582 0.674272 -0.088210 -0.733196
0.052640 0.615100 0.014043 0.608566 -0.147809 -0.779615
0.000000 0.615100 0.006772 0.000000 -0.187388 -0.982286
0.055544 0.647600 0.009374 0.780156 -0.126714 -0.612618
0.029973 0.500823 0.003847 0.243268 0.240944 -0.939557
0.000000 0.500382 -0.002239 0.000000 0.251687 -0.967809
0.057086 0.501084 0.016131 0.672498 0.226648 -0.704541
0.069751 0.500229 0.050079 0.975543 0.218624 0.022775
0.060491 0.583547 0.054031 0.999677 0.023916 0.008567
0.062618 0.552543 0.054299 0.994708 0.101156 0.017960
0.059742 0.615100 0.051837 0.996626 -0.048265 0.066389
0.061157 0.646067 0.043276 0.997215 -0.069830 -0.026193
0.059197 0.644242 0.068095 0.964258 -0.056881 0.258789
0.048257 0.583547 0.088376 0.640819 -0.012994 0.767582
0.047892 0.615100 0.091126 0.632827 -0.068571 0.771251
0.000000 0.583547 0.095527 0.000000 -0.068059 0.997681
0.000000 0.615100 0.098090 0.000000 -0.027281 0.999628
0.061860 0.677502 0.064169 0.784837 -0.285785 0.549871
0.062680 0.668098 0.038668 0.685409 -0.717272 -0.125436
0.060277 0.677758 0.010719 0.368286 -0.209865 -0.905716
0.048514 0.648797 0.091416 0.573210 0.071698 0.816266
0.049157 0.676774 0.083127 0.385990 0.354435 0.851697
0.061421 0.706960 0.061526 0.253478 0.478562 0.840670
0.052454 0.704989 0.065398 0.122687 0.712981 0.690367
0.000000 0.650110 0.097726 -0.000000 0.243443 0.969915
0.017932 0.707438 0.065444 0.152870 0.551155 0.820280
0.063281 0.719945 0.037209 0.124962 0.976310 0.176643
0.024534 0.730600 0.040482 0.705906 0.548323 0.448373
0.053666 0.722534 0.035218 0.315240 0.944019 -0.097216
0.018425 0.732415 0.026488 0.660891 0.521830 -0.539366
0.016063 0.721652 0.054543 0.588619 0.174128 0.789435
-0.000000 0.719305 0.062829 0.000000 0.240542 0.970639
0.000000 0.707734 0.065413 0.000000 0.386479 0.922298
0.050590 0.552543 0.087026 0.692253 0.036000 0.720756
0.000000 0.552543 0.094347 0.000000 -0.024295 0.999705
0.000000 0.497891 0.094226 0.000000 -0.006366 0.999980
0.055591 0.498990 0.084169 0.532977 0.074167 0.842873
-0.047892 0.615100 0.091126 -0.632827 -0.068571 0.771251
-0.048257 0.583547 0.088376 -0.640819 -0.012994 0.767582
-0.016063 0.721652 0.054543 -0.588619 0.174128 0.789435
-0.050590 0.552543 0.087026 -0.692253 0.036000 0.720756
-0.055591 0.498990 0.084169 -0.532977 0.074167 0.842873
0.027722 0.676782 0.000959 0.207710 0.021157 -0.977962
0.026630 0.706961 0.005720 0.170577 0.323865 -0.930599
0.023533 0.722023 0.015488 0.262300 0.636357 -0.725430
0.060274 0.706514 0.012199 0.206801 0.582432 -0.786134
-0.052640 0.615100 0.014043 -0.608566 -0.147809 -0.779615
-0.052322 0.583547 0.019582 -0.674272 -0.088210 -0.733196
-0.051569 0.552543 0.020645 -0.674412 0.090142 -0.732832
-0.029973 0.500823 0.003847 -0.243268 0.240944 -0.939557
-0.057086 0.501084 0.016131 -0.672498 0.226648 -0.704541
-0.069751 0.500229 0.050079 -0.975543 0.218624 0.022775
-0.060491 0.583547 0.054031 -0.999677 0.023916 0.008567
-0.062618 0.552543 0.054299 -0.994708 0.101156 0.017960
-0.059742 0.615100 0.051837 -0.996626 -0.048265 0.066389
0.141373 0.676852 0.017694 0.035628 -0.653553 -0.756042
0.141773 0.705042 0.016831 0.052078 0.591282 -0.804782
0.173725 0.677838 0.019283 0.004095 -0.486063 -0.873914
0.095508 0.705142 0.014864 0.073956 0.310623 -0.947652
0.096552 0.717045 0.037361 0.054367 0.982546 -0.177899
0.141520 0.715019 0.037914 0.040022 0.995363 0.087469
0.095505 0.706116 0.059388 0.039340 0.615460 0.787186
0.074171 0.718876 0.037019 0.091139 0.995611 -0.021264
0.073334 0.705196 0.012730 0.107502 0.508154 -0.854531
0.074406 0.676714 0.013357 0.097694 -0.593756 -0.798693
0.141267 0.705210 0.060190 0.019240 0.651978 0.757994
0.093774 0.677051 0.016181 0.062023 -0.692156 -0.719078
0.075390 0.668423 0.037855 0.027332 -0.999620 0.003516
0.094164 0.668565 0.038201 0.009100 -0.999186 0.039298
0.141120 0.669340 0.037861 0.017203 -0.998037 0.060214
0.140867 0.677050 0.060621 0.009340 -0.484519 0.874731
0.093439 0.676625 0.060931 0.042595 -0.428388 0.902590
0.074321 0.706692 0.061005 0.075373 0.539107 0.838858
0.172947 0.713462 0.038307 0.017061 0.996945 -0.076226
0.172192 0.703508 0.060261 -0.021656 0.465062 0.885013
0.186735 0.713858 0.038810 -0.083783 0.993420 0.078086
0.200227 0.705683 0.061290 -0.080452 0.540281 0.837630
0.200264 0.675558 0.060932 -0.082526 -0.647414 0.757657
0.172215 0.677699 0.060206 -0.025225 -0.749865 0.661110
0.186758 0.668731 0.038057 -0.099822 -0.994515 -0.031225
0.202137 0.666436 0.037816 -0.113228 -0.986962 -0.114390
0.172970 0.669786 0.038286 -0.014843 -0.995209 -0.096639
0.202611 0.716016 0.038578 -0.100218 0.994934 0.007945
0.187015 0.704488 0.018639 -0.110260 0.527503 -0.842368
0.203180 0.707058 0.015330 -0.126613 0.553804 -0.822964
0.173702 0.703823 0.018264 0.028245 0.515444 -0.856458
0.202893 0.676362 0.016470 -0.145819 -0.549108 -0.822932
0.187020 0.677034 0.019158 -0.114648 -0.647230 -0.753624
0.228632 0.716419 0.038766 0.051988 0.997612 -0.045479
0.227591 0.707756 0.014007 0.054127 0.449507 -0.891635
0.227711 0.706883 0.062705 0.029809 0.545331 0.837691
0.222344 0.674051 0.062064 0.036372 -0.576448 0.816324
0.219903 0.665080 0.037779 -0.015244 -0.999501 -0.027669
0.222102 0.674880 0.014686 0.017147 -0.554857 -0.831769
0.036093 0.464482 -0.005650 0.343503 0.183133 -0.921123
0.084192 0.435521 0.012966 0.572023 0.331148 -0.750421
0.033438 0.430998 -0.006648 0.153391 -0.139132 -0.978322
0.067747 0.467532 0.014299 0.759870 0.329454 -0.560408
0.000000 0.462939 -0.010816 0.000000 0.119159 -0.992875
0.081263 0.467068 0.048095 0.874669 0.484664 0.007464
0.098434 0.444625 0.047780 0.818969 0.573818 -0.004717
0.049600 0.414690 -0.000796 0.093013 0.100999 -0.990529
0.096838 0.415008 0.009050 0.576613 0.401221 -0.711716
0.068830 0.374722 -0.016953 0.047257 0.058856 -0.997147
0.115366 0.420310 0.048007 0.922915 0.384532 0.019067
0.106898 0.375669 0.006043 0.757361 -0.179932 -0.627717
0.127932 0.375403 0.048074 0.978256 -0.207399 -0.001080
0.020528 0.405801 0.000365 -0.203484 -0.613123 -0.763331
0.000000 0.407073 0.000809 0.000000 -0.660401 -0.750913
0.000000 0.406898 0.044239 -0.000000 -0.998383 0.056841
0.000413 0.406898 0.043726 -0.679860 -0.730656 -0.062701
0.000000 0.412121 0.089261 0.000000 -0.725628 0.688088
0.019058 0.393902 0.002117 -0.630785 0.028913 -0.775419
-0.000441 0.390999 0.045150 0.000000 0.451127 -0.892460
0.015389 0.410870 0.089436 -0.370788 -0.150120 0.916504
0.020649 0.433675 0.093283 0.048109 -0.115080 0.992191
0.013469 0.390486 0.088597 -0.684466 0.005834 0.729021
0.000000 0.430156 -0.009487 0.000000 -0.227998 -0.973661
0.000000 0.432741 0.093084 -0.000000 -0.123308 0.992368
0.000000 0.461611 0.094932 0.000000 0.028252 0.999601
0.100990 0.341326 0.048538 0.784169 -0.620539 0.003108
0.090089 0.343801 0.010817 0.677696 -0.559013 -0.477737
0.020028 0.360942 0.001554 -0.701950 -0.098546 -0.705376
0.075838 0.316101 0.048315 0.868784 -0.489081 0.077545
0.063413 0.310652 0.015658 0.671655 -0.387547 -0.631417
0.068134 0.268411 0.046680 0.997640 -0.062065 0.029381
0.057993 0.272142 0.018933 0.561321 -0.059272 -0.825473
0.045697 0.317550 0.007540 0.067438 -0.295842 -0.952854
0.060089 0.346242 -0.008295 0.117339 -0.394521 -0.911364
0.049354 0.437016 0.089593 0.134523 0.069705 0.988456
0.066780 0.464818 0.082343 0.591804 0.250240 0.766256
0.083428 0.440356 0.081178 0.544709 0.377916 0.748646
0.095223 0.416674 0.084110 0.551116 0.324952 0.768555
0.108294 0.372987 0.086393 0.684695 -0.129994 0.717143
0.056410 0.412825 0.093199 0.086414 0.186398 0.978667
0.060168 0.381639 0.099074 0.036487 0.101513 0.994165
0.054761 0.347353 0.101035 0.035865 -0.157478 0.986871
0.090784 0.344943 0.083361 0.608160 -0.548043 0.574274
0.063768 0.314991 0.078828 0.728762 -0.407910 0.550014
0.057900 0.279678 0.076332 0.861730 -0.250878 0.441002
0.049354 0.322395 0.093377 0.189622 -0.316966 0.929288
0.023123 0.277626 0.079178 -0.694277 -0.201046 0.691057
0.016095 0.330188 0.084921 -0.679647 -0.128373 0.722219
0.000589 0.328556 0.046494 -0.000000 -0.750199 -0.661213
0.012204 0.265865 0.045676 -0.998773 -0.049469 0.002188
0.027826 0.272771 0.015981 -0.412992 -0.033871 -0.910105
0.022667 0.327981 0.008274 -0.507663 -0.233780 -0.829232
-0.000885 0.359777 0.045823 -0.998843 -0.027275 0.039607
-0.036093 0.464482 -0.005650 -0.343503 0.183133 -0.921123
-0.033438 0.430998 -0.006648 -0.153391 -0.139132 -0.978322
-0.084192 0.435521 0.012966 -0.572023 0.331148 -0.750421
-0.067747 0.467532 0.014299 -0.759870 0.329454 -0.560408
-0.081263 0.467068 0.048095 -0.874669 0.484664 0.007464
-0.098434 0.444625 0.047780 -0.818969 0.573818 -0.004717
-0.049600 0.414690 -0.000796 -0.093013 0.100999 -0.990529
-0.096838 0.415008 0.009050 -0.576613 0.401221 -0.711716
-0.068830 0.374722 -0.016953 -0.047257 0.058856 -0.997147
-0.115366 0.420310 0.048007 -0.922915 0.384532 0.019067
-0.106898 0.375669 0.006043 -0.757361 -0.179932 -0.627717
-0.127932 0.375403 0.048074 -0.978256 -0.207399 -0.001080
-0.020528 0.405801 0.000365 0.203484 -0.613123 -0.763331
-0.000413 0.406898 0.043726 0.679860 -0.730656 -0.062701
-0.019058 0.393902 0.002117 0.630785 0.028913 -0.775419
-0.015389 0.410870 0.089436 0.370788 -0.150120 0.916504
-0.020649 0.433675 0.093283 -0.048109 -0.115080 0.992191
-0.013469 0.390486 0.088597 0.684466 0.005834 0.729021
-0.060168 0.381639 0.099074 -0.036487 0.101513 0.994165
-0.100990 0.341326 0.048538 -0.784169 -0.620539 0.003108
-0.090089 0.343801 0.010817 -0.677696 -0.559013 -0.477737
-0.054761 0.347353 0.101035 -0.035865 -0.157478 0.986871
0.000885 0.359777 0.045823 0.998843 -0.027275 0.039607
-0.075838 0.316101 0.048315 -0.893190 -0.449357 0.017036
-0.063413 0.310652 0.015658 -0.597740 -0.432570 -0.674974
-0.057993 0.272142 0.018933 -0.650203 -0.071878 -0.756353
-0.067612 0.259419 0.045346 -0.999396 -0.003191 0.034607
-0.060089 0.346242 -0.008295 -0.117339 -0.394521 -0.911364
-0.049354 0.437016 0.089593 -0.134523 0.069705 0.988456
-0.066780 0.464818 0.082343 -0.591804 0.250240 0.766256
-0.083428 0.440356 0.081178 -0.544709 0.377916 0.748646
-0.095223 0.416674 0.084110 -0.551116 0.324952 0.768555
-0.108294 0.372987 0.086393 -0.684695 -0.129994 0.717143
-0.090784 0.344943 0.083361 -0.608160 -0.548043 0.574274
-0.063768 0.314991 0.078828 -0.728762 -0.407910 0.550014
-0.057900 0.279678 0.076332 -0.861528 -0.248976 0.442471
-0.049354 0.322395 0.093377 -0.189622 -0.316966 0.929288
-0.056410 0.412825 0.093199 -0.086414 0.186398 0.978667
-0.023123 0.277626 0.079178 0.694277 -0.201046 0.691057
-0.016095 0.330188 0.084921 0.679647 -0.128373 0.722219
-0.012204 0.265865 0.045676 0.998773 -0.049469 0.002188
-0.027826 0.272771 0.015981 0.412992 -0.033871 -0.910105
-0.022667 0.327981 0.008274 0.507663 -0.233780 -0.829232
-0.045697 0.317550 0.007540 -0.067438 -0.295842 -0.952854
-0.020028 0.360942 0.001554 0.701950 -0.098546 -0.705376
-0.029529 0.156318 0.007853 0.412427 -0.115491 -0.903640
-0.008330 0.197115 0.034669 0.997277 -0.050792 -0.053471
-0.016132 0.151452 0.033197 0.995072 -0.099095 -0.003310
-0.024536 0.209289 0.001077 0.387445 0.096083 -0.916872
-0.063622 0.208316 0.002904 -0.574993 0.055734 -0.816258
-0.059294 0.156818 0.009348 -0.616627 -0.118819 -0.778237
-0.031451 0.092708 0.011924 0.579736 0.098847 -0.808787
-0.020408 0.092708 0.034325 0.987938 0.154467 -0.010900
-0.031848 0.092708 0.058495 0.497135 0.294865 0.816034
-0.029098 0.168436 0.060500 0.459287 -0.111710 0.881236
-0.054378 0.092708 0.055755 -0.578154 0.170470 0.797921
-0.057881 0.169743 0.058582 -0.501127 -0.118981 0.857156
-0.025214 0.231529 0.070955 0.498021 -0.197316 0.844418
-0.054234 0.234298 0.069160 -0.534987 -0.193661 0.822365
-0.024232 0.256507 0.080421 0.414854 -0.206462 0.886154
-0.055165 0.257933 0.077767 -0.747326 -0.226902 0.624516
-0.057783 0.255726 0.015588 -0.426292 0.220167 -0.877383
-0.027769 0.255726 0.012769 0.600859 0.190054 -0.776433
-0.078184 0.191419 0.034497 -0.995838 -0.046450 0.078415
-0.071643 0.153375 0.032412 -0.991484 -0.130172 0.003916
-0.053734 0.092708 0.011927 -0.595211 0.091402 -0.798354
-0.063558 0.092708 0.032970 -0.989138 0.146740 0.008600
0.000000 0.512531 -0.007959 -0.000000 0.577042 -0.816714
0.032793 0.512531 -0.003919 0.332674 -0.121918 -0.935128
0.021084 0.486204 -0.009932 0.543950 -0.170851 -0.821540
0.034005 0.486204 -0.007159 0.270000 -0.663749 -0.697523
0.068419 0.486204 0.012882 0.493940 -0.693089 -0.525025
0.067040 0.512531 0.014945 0.836507 0.071256 -0.543304
0.080407 0.486204 0.048630 0.827165 -0.556032 -0.081397
0.079825 0.512531 0.049599 0.793737 0.594637 0.128019
0.064977 0.486204 0.085406 0.556511 -0.721211 0.412493
0.063623 0.512531 0.086010 0.433004 0.730473 0.528126
0.032070 0.486199 0.101700 0.524520 -0.551021 0.649041
0.032070 0.512531 0.101700 0.445657 0.569265 0.690889
0.000000 0.474856 -0.015894 0.000000 -0.282645 -0.959225
0.021084 0.486176 -0.000060 0.283253 -0.959044 -0.001606
0.017921 0.474856 -0.003248 0.781612 -0.623766 -0.000309
0.017921 0.474856 -0.013120 0.442302 -0.811171 -0.382583
0.000000 0.474856 -0.006022 0.000000 -1.000000 0.000000
-0.021084 0.486204 -0.009932 -0.543950 -0.170850 -0.821540
-0.032793 0.512531 -0.003919 -0.332674 -0.121918 -0.935128
-0.034005 0.486204 -0.007159 -0.270000 -0.663749 -0.697523
-0.068419 0.486204 0.012882 -0.493939 -0.693091 -0.525023
-0.067040 0.512531 0.014945 -0.836507 0.071256 -0.543304
-0.080407 0.486204 0.048630 -0.827164 -0.556034 -0.081398
-0.079825 0.512531 0.049599 -0.793737 0.594637 0.128019
-0.064977 0.486204 0.085406 -0.556510 -0.721212 0.412493
-0.063623 0.512531 0.086010 -0.595423 0.343612 0.726224
-0.017921 0.474856 -0.013120 -0.442302 -0.811171 -0.382583
-0.017921 0.474856 -0.003248 -0.781612 -0.623766 -0.000309
-0.021084 0.486176 -0.000060 -0.283253 -0.959044 -0.001603
0.000000 0.512531 0.002511 0.000000 0.000000 0.000000
-0.056235 0.512531 0.049378 0.000000 -1.000000 0.000000
0.055539 0.512531 0.049378 0.000000 1.000000 0.000000
0.057503 0.486199 0.049378 0.000298 -1.000000 0.000040
-0.056801 0.486199 0.049378 -0.000294 -1.000000 0.000042
-0.032070 0.486199 0.101700 -0.524520 -0.551021 0.649041
-0.032070 0.512531 0.101700 -0.445657 0.569265 0.690889
0.032288 0.512531 0.090251 0.255100 0.966903 0.004857
-0.032925 0.486199 0.090417 -0.246994 -0.968836 0.018748
0.032925 0.486199 0.090417 0.246995 -0.968835 0.018749
-0.032288 0.512531 0.090251 -0.712699 0.701338 0.013570
0.008330 0.197115 0.034669 -0.997277 -0.050792 -0.053470
0.029098 0.168436 0.060500 -0.459287 -0.111710 0.881236
0.025214 0.231529 0.070955 -0.498021 -0.197316 0.844418
0.057881 0.169743 0.058582 0.501127 -0.118981 0.857156
0.054378 0.092708 0.055755 0.578154 0.170470 0.797921
0.031848 0.092708 0.058495 -0.497135 0.294865 0.816034
0.016132 0.151452 0.033197 -0.995073 -0.099092 -0.003304
0.020408 0.092708 0.034325 -0.987938 0.154466 -0.010881
0.031450 0.092708 0.011924 -0.579744 0.098850 -0.808781
0.029529 0.156318 0.007853 -0.412427 -0.115489 -0.903640
0.024536 0.209289 0.001077 -0.387445 0.096083 -0.916872
0.054234 0.234298 0.069160 0.532681 -0.197406 0.822971
0.024232 0.256507 0.080421 -0.414854 -0.206462 0.886154
0.055165 0.257933 0.077767 0.750076 -0.225384 0.621762
0.078184 0.191419 0.034497 0.999867 -0.013692 0.008806
0.071643 0.153375 0.032412 0.991484 -0.130172 0.003916
0.027769 0.255726 0.012769 -0.600859 0.190054 -0.776433
0.053734 0.092708 0.011927 0.595211 0.091402 -0.798354
0.059294 0.156818 0.009348 0.616627 -0.118819 -0.778237
0.063622 0.208316 0.002904 0.461413 0.019064 -0.886981
0.057783 0.255726 0.015588 0.521413 0.220833 -0.824234
0.063558 0.092708 0.032970 0.989138 0.146740 0.008600
0.024819 0.071220 0.070170 -0.749223 0.450786 0.485240
0.024894 0.057916 0.085924 -0.485366 0.716568 0.500950
0.061404 0.071454 0.070686 0.570498 0.580993 0.580499
0.062281 0.057989 0.086164 0.466375 0.770110 0.435229
0.015090 0.052524 0.033560 -0.991353 0.131217 -0.000889
0.072594 0.052525 0.033560 0.971341 0.211673 -0.108121
0.077848 0.022193 0.049716 0.990064 0.133741 -0.043438
0.011011 0.022171 0.049644 -0.994386 0.101668 -0.029313
0.024970 0.049828 0.103528 -0.482203 0.855497 0.188694
0.006939 0.022853 0.122240 -0.943812 0.260656 0.203166
0.023598 0.044933 0.130308 -0.545718 0.726148 0.418212
0.007311 0.000000 0.121560 -0.665783 -0.742589 0.072771
0.018185 0.000000 0.142145 -0.575812 -0.656056 0.487884
0.017934 0.023836 0.148474 -0.620520 0.133980 0.772661
0.044090 0.000000 0.150514 -0.005787 -0.469463 0.882933
0.044090 0.026265 0.157269 -0.003732 0.422938 0.906151
0.014747 0.000000 0.046818 -0.414655 -0.908602 -0.050028
0.044090 0.050057 0.135165 0.000354 0.927096 0.374825
0.063159 0.049740 0.103492 0.549361 0.825010 0.132513
0.064583 0.044933 0.130308 0.541433 0.730130 0.416846
0.070176 0.023836 0.148818 0.613763 0.137280 0.777463
0.069902 0.000000 0.142604 0.477901 -0.775802 0.411997
0.081668 0.022866 0.121588 0.940733 0.269205 0.206277
0.081467 0.000000 0.121169 0.672172 -0.736211 0.078600
0.074973 0.000000 0.046818 0.660028 -0.745047 -0.096273
-0.061404 0.071454 0.070686 -0.570499 0.580997 0.580494
-0.024894 0.057916 0.085924 0.485366 0.716568 0.500950
-0.024819 0.071220 0.070170 0.749223 0.450786 0.485240
-0.062282 0.057989 0.086164 -0.466382 0.770107 0.435228
-0.077848 0.022193 0.049716 -0.990064 0.133737 -0.043439
-0.072594 0.052525 0.033560 -0.971341 0.211673 -0.108121
-0.015090 0.052524 0.033560 0.991354 0.131213 -0.000906
-0.011011 0.022171 0.049644 0.994386 0.101669 -0.029318
-0.024970 0.049828 0.103528 0.482203 0.855497 0.188694
-0.006939 0.022853 0.122240 0.943812 0.260656 0.203166
-0.023598 0.044933 0.130308 0.545718 0.726148 0.418212
-0.007311 0.000000 0.121560 0.665783 -0.742589 0.072771
-0.018185 0.000000 0.142145 0.575812 -0.656056 0.487884
-0.017934 0.023836 0.148474 0.620520 0.133980 0.772661
-0.044090 0.000000 0.150514 0.005787 -0.469463 0.882933
-0.044090 0.026265 0.157269 0.003732 0.422938 0.906151
-0.014747 0.000000 0.046818 0.414655 -0.908602 -0.050028
-0.044090 0.050057 0.135165 -0.000354 0.927096 0.374825
-0.064583 0.044933 0.130308 -0.541433 0.730130 0.416846
-0.070176 0.023836 0.148818 -0.613763 0.137280 0.777463
-0.069902 0.000000 0.142604 -0.477901 -0.775802 0.411997
-0.081668 0.022866 0.121588 -0.940733 0.269205 0.206277
-0.081467 0.000000 0.121169 -0.672172 -0.736211 0.078600
-0.074973 0.000000 0.046818 -0.660028 -0.745047 -0.096273
-0.063159 0.049740 0.103492 -0.549367 0.825006 0.132520
0.000000 0.468346 0.101700 0.054754 -0.696427 0.715536
0.000000 0.530463 0.101700 -0.054741 0.696432 0.715532
-0.019062 0.472842 0.101700 -0.238106 -0.535602 0.810207
0.000000 0.468346 0.090417 -0.078379 -0.996924 0.000000
-0.019062 0.472842 0.090417 -0.565416 -0.824607 0.018115
0.019062 0.472842 0.090417 0.485569 -0.874092 0.013645
0.019062 0.472842 0.101700 0.265580 -0.469128 0.842251
0.019062 0.525968 0.101700 0.282550 0.634000 0.719867
0.019062 0.525968 0.090417 0.573819 0.818969 0.004689
0.000000 0.530463 0.090417 0.078361 0.996925 0.000000
-0.019062 0.525968 0.090417 -0.492135 0.870512 0.003533
-0.019062 0.525968 0.101700 -0.341995 0.602047 0.721511
0.067991 0.251541 0.081052 0.680100 -0.140960 0.719440
0.042007 0.232016 0.092620 0.000005 -0.384855 0.922977
0.066892 0.229363 0.069740 0.751966 -0.361201 0.551435
0.042007 0.213793 0.083592 0.000006 -0.322249 0.946655
0.076380 0.234286 0.062032 0.606636 -0.573818 -0.550205
0.081626 0.257168 0.061147 0.977139 -0.210257 0.031500
0.075792 0.263704 0.072188 0.825911 0.410563 0.386406
0.065268 0.286519 0.080977 0.672426 0.703044 0.231457
0.017122 0.229363 0.069740 -0.873107 -0.079234 0.481047
0.016022 0.251541 0.081052 -0.680090 -0.140969 0.719448
0.007633 0.234286 0.062032 -0.934085 -0.344832 0.092602
0.002387 0.257168 0.061147 -0.781755 -0.589221 -0.204151
0.008221 0.263704 0.072188 -0.572511 -0.167630 0.802578
0.018745 0.286519 0.080977 -0.627711 0.514501 0.584182
0.026181 0.189094 0.064607 -0.628144 -0.657471 0.416133
0.057832 0.189094 0.064607 0.723028 -0.680714 -0.117729
0.042007 0.192602 0.078427 0.000011 -0.604337 0.796729
0.042007 0.255056 0.098063 0.000009 -0.080181 0.996780
0.042007 0.281528 0.096062 0.000009 0.279626 0.960109
0.042007 0.293464 0.086337 0.000007 0.938032 0.346548
-0.067991 0.251541 0.081052 -0.680100 -0.140960 0.719440
-0.066892 0.229363 0.069740 -0.789522 -0.606588 0.093311
-0.042007 0.232016 0.092620 -0.000005 -0.384855 0.922977
-0.042007 0.213793 0.083592 -0.000006 -0.322249 0.946655
-0.076380 0.234286 0.062032 -0.531985 -0.783130 -0.322024
-0.081626 0.257168 0.061147 -0.781755 -0.589221 -0.204151
-0.075792 0.263704 0.072188 -0.618454 -0.582343 0.527628
-0.065268 0.286519 0.080977 -0.627720 0.514498 0.584174
-0.057832 0.189094 0.064607 -0.628155 -0.657472 0.416116
-0.042007 0.192602 0.078427 -0.000011 -0.604337 0.796729
-0.017122 0.229363 0.069740 0.641341 -0.742643 0.192777
-0.016022 0.251541 0.081052 0.680090 -0.140969 0.719448
-0.026181 0.189094 0.064607 0.723024 -0.680720 -0.117716
-0.007633 0.234286 0.062032 0.606624 -0.573836 -0.550200
-0.002387 0.257168 0.061147 0.580734 -0.723572 0.373085
-0.008221 0.263704 0.072188 0.614041 -0.378989 0.692330
-0.018745 0.286519 0.080977 0.523133 0.310604 0.793635
-0.042007 0.255056 0.098063 -0.000009 -0.080181 0.996780
-0.042007 0.281528 0.096062 -0.000009 0.279626 0.960109
-0.042007 0.293464 0.086337 -0.000007 0.938032 0.346548
0.074477 0.677246 0.062470 0.058897 -0.550035 0.833063
0.044499 0.000000 -0.003573 0.021939 -0.250207 -0.967944
0.018681 0.041345 0.007517 -0.794727 0.094707 -0.599533
0.044070 0.044074 -0.002508 0.016655 0.146852 -0.989018
0.020444 0.000000 0.006669 -0.682481 -0.633692 -0.364218
0.068837 0.041344 0.008493 0.770058 0.100020 -0.630085
0.066849 0.000000 0.007240 0.573317 -0.754107 -0.320361
-0.044499 0.000000 -0.003573 -0.021936 -0.250205 -0.967944
-0.044070 0.044074 -0.002508 -0.016649 0.146853 -0.989018
-0.018682 0.041345 0.007517 0.794719 0.094709 -0.599543
-0.020444 0.000000 0.006669 0.682484 -0.633686 -0.364223
-0.068837 0.041344 0.008493 -0.770058 0.100020 -0.630085
-0.066849 0.000000 0.007240 -0.573317 -0.754107 -0.320361
-0.071422 0.597912 0.002612 -0.236378 -0.028609 0.971240
0.071422 0.597912 0.002612 0.396854 -0.048031 0.916624
-0.031211 0.711444 0.002612 -0.422572 0.394167 0.816128
0.031211 0.711444 0.002612 0.402203 0.605179 0.687016
0.032835 0.535186 0.002612 0.224781 -0.255398 0.940343
-0.032835 0.535186 0.002612 -0.223901 -0.373411 0.900240
0.082183 0.597912 -0.005019 0.878444 -0.081387 0.470864
0.037469 0.719731 -0.005019 0.399345 0.833477 0.381890
-0.037469 0.719731 -0.005019 -0.389972 0.733091 0.557224
-0.082183 0.597912 -0.005019 -0.878444 -0.081387 0.470864
0.038256 0.523885 -0.005019 0.336379 -0.720771 0.606085
-0.038256 0.523885 -0.005019 -0.342898 -0.845140 0.410072
0.039596 0.755511 0.084978 -0.008853 -0.994465 -0.104696
0.061509 0.761021 0.074295 0.409842 -0.820781 -0.397931
0.054297 0.754627 0.091049 0.389870 -0.889210 0.239391
0.033370 0.764480 0.106164 -0.183786 -0.789996 0.584918
0.048455 0.762565 0.065599 0.238748 -0.829076 -0.505601
0.061611 0.779513 0.056479 0.495308 -0.432959 -0.753138
0.071500 0.777034 0.064443 0.905935 -0.320290 -0.276940
0.066285 0.802554 0.062849 0.455225 -0.378704 -0.805825
0.076464 0.797083 0.071787 0.524474 -0.844433 0.108903
0.056962 0.814398 0.085115 -0.504189 -0.863573 -0.005901
0.071433 0.805988 0.093658 0.402095 -0.896824 0.184461
0.051416 0.763778 0.109922 0.574924 -0.482270 0.660968
0.034742 0.776870 0.112015 -0.126918 -0.173455 0.976629
0.055118 0.786158 0.114289 0.358632 -0.030161 0.932992
0.037488 0.790333 0.111341 -0.096452 0.304821 0.947513
0.062231 0.802110 0.107905 0.212998 -0.109272 0.970923
0.047345 0.809612 0.103022 -0.447123 -0.892322 0.061988
-0.054297 0.754627 0.091049 -0.389870 -0.889210 0.239391
-0.061509 0.761021 0.074295 -0.217958 -0.720597 0.658205
-0.039596 0.755511 0.084978 0.008853 -0.994465 -0.104696
-0.033370 0.764480 0.106164 0.183786 -0.789996 0.584918
-0.048455 0.762565 0.065599 0.506964 -0.550487 0.663288
-0.061611 0.779513 0.056479 0.495308 0.432959 0.753138
-0.071500 0.777034 0.064443 -0.305642 -0.191779 0.932633
-0.066285 0.802554 0.062849 0.702867 -0.358006 0.614663
-0.076464 0.797083 0.071787 0.017893 -0.802624 0.596217
-0.056962 0.814398 0.085115 0.504189 -0.863573 -0.005901
-0.071433 0.805988 0.093658 -0.402095 -0.896824 0.184461
-0.051416 0.763778 0.109922 -0.574924 -0.482270 0.660968
-0.034742 0.776870 0.112015 0.126918 -0.173455 0.976629
-0.055118 0.786158 0.114289 -0.358632 -0.030161 0.932992
-0.037488 0.790333 0.111341 0.096452 0.304821 0.947513
-0.062231 0.802110 0.107905 -0.212998 -0.109272 0.970923
-0.047345 0.809612 0.103022 0.447123 -0.892322 0.061988
-0.000000 0.746189 0.068596 0.000000 -0.914202 0.405259
0.016094 0.751394 0.059081 0.711689 -0.678186 0.183199
0.025317 0.760753 0.044034 0.851244 -0.410080 -0.327442
0.019024 0.769091 0.031654 0.432734 -0.548894 -0.715163
-0.000000 0.775179 0.019692 -0.000000 -0.481660 -0.876358
-0.016094 0.751394 0.059081 -0.711689 -0.678186 0.183199
-0.025317 0.760753 0.044034 -0.851816 -0.409830 -0.326266
-0.019024 0.769091 0.031654 -0.255525 -0.561271 -0.787199
-0.037469 0.719731 -0.048900 -0.518546 0.812194 -0.267303
0.037469 0.719731 -0.048900 0.540236 0.630819 -0.556968
-0.082183 0.597912 -0.080567 -0.540614 -0.053026 -0.839598
0.082183 0.597912 -0.080567 0.534524 -0.279896 -0.797460
-0.038256 0.523885 -0.036224 -0.441244 -0.782028 -0.440155
0.038256 0.523885 -0.036224 0.427505 -0.878507 -0.213225
0.000000 0.993729 -0.036676 0.000000 0.975311 -0.220836
0.000000 1.000000 0.034853 -0.000000 0.977062 0.212955
0.052522 0.988803 0.032942 0.375466 0.919300 0.117950
0.047129 0.963851 0.100868 0.335255 0.750892 0.569004
0.000000 0.973075 0.106284 0.000000 0.830026 0.557725
0.061288 0.975947 -0.034775 0.005497 0.989616 -0.143631
0.047422 0.961483 -0.092412 -0.006676 0.938963 -0.343954
0.000000 0.973192 -0.094505 -0.000000 0.876799 -0.480857
0.035973 0.940459 -0.131132 0.433737 0.654563 -0.619209
0.000000 0.944874 -0.135592 -0.000000 0.778254 -0.627950
0.019117 0.909668 -0.170334 0.472239 0.523774 -0.708979
0.000000 0.913847 -0.171777 -0.000000 0.694196 -0.719786
0.000000 0.881852 -0.197281 -0.000000 -0.362970 -0.931801
0.066597 0.954907 0.094084 0.166746 0.854032 0.492773
0.051371 0.921480 0.126880 0.500447 0.367917 0.783702
0.071911 0.977666 0.030165 0.051129 0.990360 0.128734
0.000000 0.945642 0.131753 0.000000 0.579127 0.815238
0.000000 0.920670 0.146120 0.000000 0.609520 0.792771
0.047615 0.911875 0.133778 0.615282 0.468598 0.633912
-0.035973 0.940459 -0.131132 -0.433737 0.654563 -0.619209
-0.047422 0.961483 -0.092412 0.006676 0.938963 -0.343954
-0.019117 0.909668 -0.170334 -0.472239 0.523774 -0.708979
-0.047129 0.963851 0.100868 -0.335255 0.750892 0.569004
-0.052522 0.988803 0.032942 -0.375466 0.919300 0.117950
-0.061288 0.975947 -0.034775 -0.005497 0.989616 -0.143631
-0.051371 0.921480 0.126880 -0.500447 0.367917 0.783702
-0.066597 0.954907 0.094084 -0.166746 0.854032 0.492773
-0.047615 0.911875 0.133778 -0.615282 0.468598 0.633912
-0.071911 0.977666 0.030165 -0.051129 0.990360 0.128734
0.097638 0.940385 -0.032045 0.845358 0.459147 -0.273044
0.107900 0.902627 -0.033296 0.950383 -0.118852 -0.287484
0.069607 0.928152 -0.098038 0.800037 0.336018 -0.497024
0.075408 0.893578 -0.105949 0.843444 -0.228043 -0.486415
0.107735 0.939318 0.024134 0.902861 0.429785 0.011245
0.118988 0.906187 0.032605 0.987053 -0.148708 0.060105
0.093566 0.880511 -0.023132 0.821183 -0.531956 -0.206594
0.104097 0.876819 0.035129 0.921443 -0.388472 0.005671
0.068111 0.872261 -0.078345 0.725672 -0.615064 -0.308377
0.080586 0.855667 -0.015541 0.877783 -0.283283 -0.386326
0.042474 0.867016 -0.115367 0.524578 -0.759723 -0.384237
0.047702 0.835879 -0.050873 0.550211 -0.460085 -0.696843
0.000000 0.861449 -0.135612 -0.000000 -0.919646 -0.392748
0.040171 0.887787 -0.154472 0.771363 -0.166030 -0.614355
0.060535 0.953081 -0.091463 0.846894 0.302509 -0.437331
0.078415 0.965642 -0.033018 0.929820 0.285648 -0.232036
0.101262 0.885842 0.075879 0.842782 -0.290913 0.452867
0.098627 0.924168 0.080169 0.840070 0.288742 0.459250
0.088482 0.964599 0.028414 0.910336 0.411551 0.043744
0.081139 0.945294 0.089627 0.904006 0.073059 0.421231
0.067610 0.896336 0.112844 0.804948 0.116152 0.581865
0.042713 0.918079 -0.139724 0.734525 0.320548 -0.598099
0.000000 0.829991 -0.064815 0.000000 -0.620119 -0.784508
-0.047702 0.835879 -0.050873 -0.550211 -0.460085 -0.696843
-0.042474 0.867016 -0.115367 -0.524578 -0.759723 -0.384237
-0.040171 0.887787 -0.154472 -0.771363 -0.166030 -0.614355
-0.068111 0.872261 -0.078345 -0.725672 -0.615064 -0.308377
-0.075408 0.893578 -0.105949 -0.843444 -0.228043 -0.486415
-0.107900 0.902627 -0.033296 -0.950383 -0.118852 -0.287484
-0.069607 0.928152 -0.098038 -0.800037 0.336018 -0.497024
-0.097638 0.940385 -0.032045 -0.845358 0.459147 -0.273044
-0.107735 0.939318 0.024134 -0.902861 0.429785 0.011245
-0.118988 0.906187 0.032605 -0.987053 -0.148708 0.060105
-0.093566 0.880511 -0.023132 -0.821183 -0.531956 -0.206594
-0.104097 0.876819 0.035129 -0.921443 -0.388472 0.005671
-0.080586 0.855667 -0.015541 -0.877783 -0.283283 -0.386326
-0.060535 0.953081 -0.091463 -0.846894 0.302509 -0.437331
-0.078415 0.965642 -0.033018 -0.929820 0.285648 -0.232036
-0.101262 0.885842 0.075879 -0.842782 -0.290913 0.452867
-0.098627 0.924168 0.080169 -0.840070 0.288742 0.459251
-0.088482 0.964599 0.028414 -0.910336 0.411551 0.043744
-0.081139 0.945294 0.089627 -0.904006 0.073059 0.421231
-0.067610 0.896336 0.112844 -0.804948 0.116152 0.581865
-0.042713 0.918079 -0.139724 -0.734525 0.320548 -0.598099
0.058627 0.817280 -0.012451 0.586234 -0.421806 -0.691671
0.065036 0.788310 0.039595 0.756602 -0.584887 -0.292337
0.038281 0.780042 0.010409 0.291426 -0.779864 -0.553970
0.081620 0.821449 0.026603 0.936452 -0.327031 -0.126916
0.092346 0.874405 0.019385 0.969561 -0.200259 -0.140884
0.000000 0.817260 -0.026826 0.006271 -0.512862 -0.858448
0.000000 0.871936 -0.038932 0.004560 -0.229647 -0.973263
0.068991 0.872212 -0.024614 0.580660 -0.278912 -0.764881
0.000000 0.787030 0.000728 -0.000000 -0.807050 -0.590483
0.078259 0.837961 0.065894 0.966638 -0.132317 0.219323
0.080653 0.873181 0.068313 0.956144 -0.066989 0.285135
0.074243 0.804276 0.058566 0.954407 -0.289004 0.074722
0.063515 0.781492 0.049975 0.802865 -0.570440 -0.173224
0.044740 0.769665 0.042323 0.408224 -0.817256 -0.406750
-0.064017 0.817280 -0.012451 -0.524419 -0.340306 -0.780498
-0.068991 0.872212 -0.024614 -0.590195 -0.225095 -0.775243
-0.038281 0.780042 0.010409 0.073416 -0.669763 -0.738937
-0.092346 0.874405 0.019385 -0.981932 -0.143045 -0.123887
-0.085369 0.821449 0.026603 -0.993064 -0.115687 -0.021010
-0.078259 0.837961 0.065894 -0.961691 -0.122380 0.245302
-0.080653 0.873181 0.068313 -0.956144 -0.066989 0.285135
-0.076313 0.575573 0.100319 -0.661942 0.130807 -0.738053
-0.049677 0.589985 0.102109 0.061334 0.340136 -0.938374
-0.052207 0.571772 0.098027 -0.132308 -0.160285 -0.978163
-0.064073 0.562731 0.113384 -0.632950 -0.772337 0.053565
-0.061913 0.589830 0.110261 -0.877564 0.479312 0.011916
-0.072739 0.562227 0.116370 -0.242738 -0.964387 0.105056
-0.068174 0.579599 0.120384 -0.269838 0.773224 0.573858
-0.086697 0.576352 0.133871 -0.449643 0.095247 0.888116
-0.037437 0.569330 0.099133 -0.090459 -0.034180 -0.995313
-0.037494 0.558807 0.104267 0.481033 -0.752523 -0.449797
-0.025583 0.562619 0.099508 0.312122 -0.819695 -0.480291
-0.014703 0.577194 0.091083 0.476748 0.395769 -0.784907
-0.031416 0.580109 0.104262 0.413220 0.767433 -0.490199
-0.037457 0.589832 0.110290 0.918788 0.394599 -0.010927
-0.055302 0.556134 0.099353 -0.351489 0.197476 -0.915128
-0.063623 0.553244 0.110202 -0.980734 0.002013 0.195337
-0.068428 0.538691 0.097039 -0.638215 -0.605306 -0.475695
-0.046018 0.548452 0.100092 0.564762 -0.529484 -0.633002
-0.026896 0.570004 0.122920 0.736777 -0.007141 0.676098
-0.049712 0.589979 0.120030 -0.011052 0.374776 0.927049
-0.049996 0.568565 0.125565 0.053546 -0.396417 0.916508
-0.065226 0.569265 0.124252 0.095123 -0.317735 0.943396
-0.051498 0.548119 0.116679 0.043627 -0.677439 0.734284
0.099813 0.780017 0.036295 0.991184 0.109243 0.074963
0.082954 0.789474 -0.017536 0.802720 0.131405 -0.581698
0.072570 0.774238 0.098201 0.936144 -0.096892 0.338004
0.095410 0.724604 -0.027599 0.191826 -0.914806 -0.355432
0.122343 0.716348 0.031066 0.320330 -0.935369 -0.149909
0.074996 0.699048 0.099717 -0.071598 -0.630915 0.772541
0.059060 0.729990 -0.060227 0.601038 0.241462 -0.761872
0.050455 0.795331 -0.047904 0.425280 0.123839 -0.896549
0.000000 0.731662 -0.074685 0.000000 0.215156 -0.976580
0.000000 0.797257 -0.059037 -0.000000 0.001199 -0.999999
-0.050455 0.795331 -0.047904 -0.425280 0.123839 -0.896549
-0.059060 0.729990 -0.060227 -0.594833 0.244074 -0.765899
-0.082954 0.789474 -0.017536 -0.802720 0.131405 -0.581698
-0.095410 0.724604 -0.027599 -0.201740 -0.937389 -0.283907
-0.099813 0.780017 0.036295 -0.991184 0.109243 0.074963
-0.072570 0.774238 0.098201 -0.944236 -0.092011 0.316151
-0.074996 0.699048 0.099717 0.082053 -0.648900 0.756437
-0.122343 0.716348 0.031066 -0.309428 -0.938813 -0.151275
-0.049904 0.696039 0.113784 -0.002384 0.540690 0.841218
-0.020577 0.703608 0.087549 0.846199 0.466823 -0.256948
-0.049404 0.704125 0.100901 0.001034 0.496446 0.868067
-0.019611 0.692565 0.093756 0.918049 -0.376044 0.125604
-0.077835 0.703644 0.087521 -0.835524 0.480506 -0.266483
-0.079436 0.692578 0.093736 -0.943127 -0.312442 0.113540
-0.049906 0.671469 0.114957 0.002156 0.326303 0.945263
-0.070348 0.678959 0.099776 -0.998881 -0.031163 0.035581
-0.030764 0.679004 0.099736 0.995085 -0.092435 0.035518
-0.019429 0.669510 0.103731 0.883574 0.450064 -0.129383
-0.049817 0.657234 0.124675 0.007782 0.240634 0.970585
-0.019752 0.659173 0.106941 0.875702 -0.481975 0.029084
-0.079885 0.669115 0.103853 -0.902973 0.417257 -0.102643
-0.079508 0.659037 0.107953 -0.898878 -0.436577 0.037669
-0.049906 0.638268 0.120006 0.007869 -0.004550 0.999959
-0.070348 0.648082 0.108479 -0.982203 -0.186831 0.019298
-0.030764 0.648137 0.108453 0.971391 -0.232583 0.048001
-0.019429 0.636500 0.108767 0.898406 0.439141 -0.004622
-0.049749 0.623110 0.126161 0.003749 -0.021791 0.999756
-0.020421 0.625434 0.108529 0.853133 -0.521613 -0.009153
-0.079885 0.636154 0.109256 -0.922351 0.386335 0.003654
-0.078522 0.625021 0.109126 -0.849219 -0.528031 -0.003321
-0.049692 0.607734 0.119594 0.001653 -0.248986 0.968506
-0.061913 0.607728 0.109952 -0.912283 -0.409013 -0.021159
-0.037457 0.607729 0.109967 0.912292 -0.409334 -0.012986
-0.029134 0.710552 0.083955 0.984974 -0.089994 0.147399
-0.020781 0.719606 0.077963 0.917083 -0.342919 0.203384
-0.069673 0.710548 0.083908 -0.993640 -0.005113 0.112487
-0.076540 0.719610 0.077803 -0.943100 -0.288411 0.165473
-0.049099 0.722476 0.099646 -0.003260 0.569213 0.822184
-0.021140 0.730086 0.069092 0.905222 0.340424 -0.254330
-0.075958 0.730276 0.068861 -0.916836 0.313334 -0.247455
-0.048381 0.734163 0.083516 -0.000691 0.536665 0.843795
-0.030863 0.738676 0.061517 0.955611 -0.250016 0.155884
-0.068573 0.738677 0.061519 -0.942741 -0.314633 0.110663
-0.049404 0.692863 0.077390 0.000745 -0.508990 -0.860772
-0.049922 0.677857 0.081157 -0.002496 -0.461164 -0.887311
-0.049906 0.667790 0.090792 -0.001215 -0.382389 -0.924001
-0.050187 0.652643 0.091119 -0.014315 -0.250350 -0.968050
-0.049906 0.640598 0.096052 -0.011489 -0.114203 -0.993391
-0.050036 0.625764 0.092274 -0.012805 -0.083785 -0.996401
-0.049679 0.607445 0.101475 -0.003243 -0.293577 -0.955930
-0.048212 0.707230 0.063953 0.007367 -0.537018 -0.843539
-0.048371 0.723647 0.058913 0.053927 -0.629949 -0.774762
-0.075765 0.746873 0.036353 -0.710962 -0.562530 -0.422011
-0.078617 0.762302 0.058578 -0.950346 -0.107934 0.291876
-0.048845 0.758728 0.074837 0.399471 0.502893 0.766499
-0.029118 0.754185 0.067496 0.751010 -0.081441 0.655250
-0.074243 0.804276 0.058566 -0.970988 -0.210870 0.112766
-0.021660 0.747245 0.045715 0.820598 -0.536502 -0.196938
0.000000 0.889324 0.176155 0.000000 0.598988 0.800758
0.045031 0.885713 0.162558 0.486139 0.558690 0.671963
0.041171 0.857469 0.182996 0.516768 -0.244086 0.820593
0.000000 0.856279 0.197281 0.000000 0.027053 0.999634
0.071333 0.860938 0.144202 0.915699 0.105626 0.387736
-0.041171 0.857469 0.182996 -0.453169 -0.566751 0.688064
-0.045031 0.885713 0.162558 -0.486139 0.558690 0.671963
-0.071333 0.860938 0.144202 -0.757902 0.550737 0.349677
0.088443 0.981286 0.032047 0.754016 0.645366 0.122322
0.081154 0.955618 0.097577 0.604622 0.503498 0.617190
0.075894 0.980662 -0.037643 0.507724 0.827599 -0.239365
0.056660 0.964951 -0.094508 0.182311 0.875994 -0.446538
-0.081154 0.955618 0.097577 -0.604622 0.503498 0.617190
-0.088443 0.981286 0.032047 -0.754016 0.645366 0.122322
-0.075894 0.980662 -0.037643 -0.507724 0.827599 -0.239365
-0.056660 0.964951 -0.094508 -0.182311 0.875994 -0.446538
0.086960 0.807379 0.003466 0.281965 -0.549298 -0.786618
0.114168 0.838828 -0.001518 0.487161 0.001821 -0.873310
0.114113 0.813932 0.009175 0.754187 -0.510608 -0.412894
0.082174 0.838953 -0.009592 0.244704 0.005077 -0.969585
0.085472 0.870491 0.003473 0.286899 0.677070 -0.677691
0.114231 0.863723 0.009177 0.894376 0.318898 -0.313682
0.114264 0.874034 0.034995 0.661349 0.750077 0.000925
0.084953 0.883545 0.035011 0.308644 0.951174 0.002483
0.084899 0.870484 0.066552 0.280242 0.675035 0.682490
0.114248 0.863722 0.060812 0.893830 0.319994 0.314122
0.114193 0.838826 0.071506 0.475834 -0.000950 0.879535
0.079441 0.838822 0.079609 0.227075 -0.000302 0.973877
0.085148 0.807361 0.066546 0.265478 -0.549155 0.792433
0.114131 0.813931 0.060812 0.749717 -0.513205 0.417787
0.097282 0.794286 0.035002 0.408953 -0.912551 0.002726
0.114098 0.803619 0.034993 0.947415 -0.320007 -0.000336
-0.114113 0.813932 0.009175 -0.754187 -0.510608 -0.412894
-0.114168 0.838828 -0.001518 -0.487161 0.001821 -0.873310
-0.086960 0.807379 0.003466 -0.281965 -0.549298 -0.786618
-0.082174 0.838953 -0.009592 -0.244704 0.005077 -0.969585
-0.085472 0.870491 0.003473 -0.286899 0.677070 -0.677691
-0.114231 0.863723 0.009177 -0.894376 0.318898 -0.313682
-0.114264 0.874034 0.034995 -0.661349 0.750077 0.000925
-0.084953 0.883545 0.035011 -0.308644 0.951174 0.002483
-0.084899 0.870484 0.066552 -0.280242 0.675035 0.682490
-0.114248 0.863722 0.060812 -0.893830 0.319994 0.314122
-0.114193 0.838826 0.071506 -0.475834 -0.000950 0.879535
-0.079441 0.838822 0.079609 -0.227075 -0.000302 0.973877
-0.085148 0.807361 0.066546 -0.265479 -0.549155 0.792433
-0.114131 0.813931 0.060812 -0.749717 -0.513205 0.417787
-0.097282 0.794286 0.035002 -0.408953 -0.912551 0.002726
-0.114098 0.803619 0.034993 -0.947415 -0.320007 -0.000336
0.000000 0.863210 -0.043114 0.036711 0.572582 0.819025
0.054421 0.865538 -0.008206 -0.942330 -0.193034 0.273407
-0.056479 0.865538 -0.008206 0.942035 -0.184117 0.280483
0.080685 0.870062 0.041825 -0.411378 0.865623 0.285421
-0.082924 0.870062 0.041825 0.683458 0.626585 0.374535
0.092379 0.779108 0.036447 -0.969746 -0.241245 -0.037340
-0.094550 0.779108 0.036447 0.972090 -0.230727 -0.042491
0.032385 0.822989 0.116186 0.311537 -0.073322 0.947401
0.000000 0.804707 0.123158 0.000000 0.277635 0.960687
0.031107 0.802666 0.117041 0.344516 0.173334 0.922640
0.000000 0.824365 0.124518 -0.000000 -0.122212 0.992504
0.009780 0.794599 0.126726 0.381233 0.440916 0.812561
0.000000 0.797133 0.128890 0.000000 0.722429 0.691445
0.030184 0.792233 0.119421 0.406575 0.027145 0.913214
0.000000 0.854984 0.129959 -0.000000 -0.115169 0.993346
0.037243 0.858146 0.120930 0.346731 -0.064203 0.935765
0.054253 0.796562 0.106767 0.644534 -0.014025 0.764447
0.058757 0.821556 0.103945 0.615772 -0.120279 0.778690
0.051749 0.786802 0.109591 0.611694 -0.016797 0.790916
0.066641 0.807263 0.091564 0.891686 -0.130139 0.433543
0.063983 0.781246 0.089551 0.897505 -0.271204 0.347754
0.048649 0.774173 0.109312 0.562863 -0.291411 0.773476
0.054181 0.762797 0.090006 0.750890 -0.618716 0.230985
0.041609 0.763914 0.108095 0.502247 -0.564401 0.655133
0.041155 0.753597 0.092818 0.557212 -0.777934 0.290401
0.045794 0.756126 0.069788 0.525833 -0.832367 -0.175113
0.029931 0.746941 0.095109 0.479871 -0.848353 0.223653
0.033166 0.757359 0.107505 0.475846 -0.605729 0.637701
0.027670 0.753592 0.108571 0.426273 -0.506953 0.749193
0.064395 0.855012 0.106808 0.692340 -0.052673 0.719646
0.069819 0.833279 0.093579 0.893134 -0.104760 0.437422
0.070587 0.872593 0.095454 0.914631 -0.038449 0.402458
0.066450 0.873004 0.104240 0.728302 0.014600 0.685101
0.020665 0.746146 0.075971 0.259289 -0.925086 -0.277462
0.000000 0.741795 0.077878 -0.000000 -0.935373 -0.353662
0.000000 0.734737 0.102377 0.000000 -0.994947 0.100399
0.018642 0.742409 0.098265 0.402106 -0.905391 0.136303
0.016490 0.747235 0.110821 0.429680 -0.653603 0.623040
0.000000 0.739810 0.113867 0.000000 -0.631570 0.775319
0.038780 0.873551 0.119401 0.405137 0.060539 0.912250
0.000000 0.873820 0.129989 0.000000 0.034982 0.999388
-0.020665 0.746146 0.075971 -0.259289 -0.925086 -0.277462
-0.018642 0.742409 0.098265 -0.402106 -0.905391 0.136303
-0.016490 0.747235 0.110821 -0.429680 -0.653603 0.623040
-0.029931 0.746941 0.095109 -0.479871 -0.848353 0.223653
-0.027670 0.753592 0.108571 -0.426273 -0.506953 0.749193
-0.044740 0.769665 0.042323 -0.371805 -0.822509 -0.430395
-0.045794 0.756126 0.069788 -0.525833 -0.832367 -0.175113
-0.063515 0.781492 0.049975 -0.810202 -0.571237 -0.131378
-0.054181 0.762797 0.090006 -0.750890 -0.618716 0.230985
-0.041155 0.753597 0.092818 -0.557212 -0.777934 0.290401
-0.041609 0.763914 0.108095 -0.502247 -0.564401 0.655133
-0.048649 0.774173 0.109312 -0.562863 -0.291411 0.773476
-0.063983 0.781246 0.089551 -0.897505 -0.271204 0.347754
-0.051749 0.786802 0.109591 -0.611694 -0.016797 0.790916
-0.054253 0.796562 0.106767 -0.644533 -0.014025 0.764448
-0.033166 0.757359 0.107505 -0.475846 -0.605729 0.637701
-0.066641 0.807263 0.091564 -0.891686 -0.130139 0.433544
-0.069819 0.833279 0.093579 -0.893134 -0.104760 0.437422
-0.058757 0.821556 0.103945 -0.615772 -0.120279 0.778690
-0.037243 0.858146 0.120930 -0.346730 -0.064203 0.935765
-0.032385 0.822989 0.116186 -0.311537 -0.073322 0.947401
-0.031107 0.802666 0.117041 -0.344516 0.173334 0.922640
-0.009780 0.794599 0.126726 -0.381233 0.440915 0.812561
-0.030184 0.792233 0.119421 -0.406575 0.027145 0.913214
-0.064395 0.855012 0.106808 -0.692340 -0.052673 0.719646
-0.070587 0.872593 0.095454 -0.914631 -0.038449 0.402458
-0.066450 0.873004 0.104240 -0.728302 0.014600 0.685101
-0.038780 0.873551 0.119401 -0.405137 0.060539 0.912250
0.066429 0.846015 0.105289 -0.133884 -0.353466 0.925817
0.071313 0.824823 0.094734 0.830624 -0.196639 0.520958
0.072830 0.850061 0.095795 0.923783 -0.061071 0.378015
0.066364 0.827944 0.097999 -0.998408 -0.020875 0.052400
0.080389 0.845645 0.065753 0.262776 -0.035669 -0.964197
0.061742 0.809937 0.099836 0.542895 -0.236660 0.805765
0.073713 0.819987 0.075470 0.085134 -0.760308 -0.643959
0.069316 0.813263 0.090736 0.000842 -0.923876 -0.382691
0.082501 0.873337 0.064760 0.366754 -0.613753 -0.699142
0.069463 0.872681 0.105715 0.788957 -0.056354 0.611859
0.054201 0.872415 0.113009 -0.622166 -0.471036 0.625328
-0.091335 0.833222 0.112172 -0.636030 0.010056 0.771599
-0.108829 0.824838 0.084224 -0.503854 0.848772 -0.160364
-0.112043 0.819932 0.094287 -0.522492 -0.479292 0.705182
-0.129155 0.811294 0.068293 -0.751683 0.022913 -0.659126
-0.117850 0.811498 0.076334 0.132785 -0.991024 0.015491
-0.095441 0.817291 0.092543 0.350976 -0.935904 0.029985
-0.079210 0.826222 0.106733 -0.343022 -0.552001 0.760020
-0.047275 0.849060 0.128329 -0.577965 -0.008253 0.816020
-0.070969 0.854767 0.128501 -0.665838 0.043813 0.744808
-0.090226 0.840799 0.097795 -0.528816 0.787821 -0.315740
-0.022702 0.874386 0.146237 -0.468878 -0.090848 0.878579
-0.060980 0.876346 0.136634 -0.823649 0.172223 0.540316
-0.073272 0.860363 0.109067 -0.810906 0.287666 0.509588
-0.066095 0.877283 0.113749 -0.780740 0.532667 0.326665
-0.053995 0.855581 0.105623 -0.650337 0.454485 0.608692
-0.075948 0.833630 0.091830 0.363830 -0.111375 -0.924783
-0.100062 0.820445 0.077969 0.378905 -0.022470 -0.925163
-0.033240 0.876457 0.119372 -0.687983 0.720976 -0.082907
-0.013212 0.784752 0.127709 -0.414230 -0.252838 0.874349
-0.020228 0.772798 0.119898 -0.302508 -0.368856 0.878882
0.000000 0.780293 0.128082 0.000000 -0.529157 0.848524
0.000000 0.785222 0.133072 0.000000 -0.644413 0.764678
0.013212 0.784752 0.127709 0.414230 -0.252838 0.874349
0.000000 0.767639 0.122787 0.000000 -0.400920 0.916113
0.020228 0.772798 0.119898 0.302508 -0.368856 0.878882
0.000000 0.758125 0.118438 -0.000000 -0.327571 0.944827
0.026333 0.781523 0.119636 0.419664 -0.196942 0.886056
-0.026333 0.781523 0.119636 -0.419664 -0.196942 0.886056
0.000000 0.791323 0.137315 0.000000 0.255078 0.966920
