0 1
0 2
0 3
0 4
0 5
0 7
0 8
0 9
0 11
0 25
0 26
0 27
1 0
1 2
1 3
1 4
1 6
1 7
1 8
1 9
1 10
1 12
1 13
1 14
1 15
1 16
1 17
1 18
1 19
1 20
1 21
1 22
2 0
2 1
2 3
3 0
3 1
3 2
3 4
3 5
3 6
4 0
4 1
4 3
4 5
4 6
4 9
4 10
4 11
5 0
5 3
5 4
6 1
6 3
6 4
7 0
7 1
7 8
7 12
7 13
7 23
7 24
7 25
7 27
7 28
8 0
8 1
8 7
9 0
9 1
9 4
9 10
9 11
9 14
9 15
9 25
9 26
9 31
9 32
9 57
9 58
9 59
9 60
9 61
9 62
9 64
9 65
9 66
10 9
10 4
10 1
11 0
11 9
11 4
12 1
12 37
12 38
12 7
12 13
12 45
12 46
12 16
12 17
12 47
12 23
12 24
13 1
13 12
13 7
14 640
14 1
14 9
14 15
14 18
14 19
14 662
14 665
14 667
14 29
14 30
14 31
14 32
14 33
14 34
14 77
14 604
14 636
14 639
15 1
15 14
15 9
16 1
16 35
16 36
16 37
16 38
16 39
16 40
16 41
16 42
16 12
16 17
16 19
16 21
16 22
17 16
17 1
17 12
18 1
18 19
18 14
19 96
19 1
19 97
19 100
19 37
19 39
19 40
19 41
19 14
19 79
19 16
19 18
19 51
19 20
19 21
19 52
19 29
19 30
20 1
20 19
20 21
21 1
21 35
21 36
21 40
21 79
21 16
21 80
21 19
21 20
21 22
22 16
22 1
22 21
23 24
23 12
23 7
24 7
24 43
24 12
24 44
24 45
24 46
24 48
24 49
24 50
24 23
24 25
24 28
25 0
25 7
25 9
25 59
25 43
25 44
25 60
25 83
25 84
25 85
25 24
25 26
25 27
25 28
26 0
26 25
26 9
27 0
27 25
27 7
28 24
28 25
28 7
29 675
29 14
29 51
29 19
29 52
29 53
29 54
29 55
29 151
29 56
29 147
29 667
29 662
29 30
29 671
30 19
30 29
30 14
31 32
31 33
31 34
31 67
31 68
31 69
31 9
31 14
31 57
31 58
31 61
31 63
32 9
32 14
32 31
33 641
33 14
33 658
33 659
33 31
33 34
33 1320
33 61
33 67
33 69
33 70
33 72
33 73
33 74
33 75
33 330
33 77
33 78
33 329
33 601
33 604
33 876
33 631
33 634
33 891
33 892
33 637
33 638
34 33
34 14
34 31
35 16
35 36
35 21
36 35
36 40
36 42
36 16
36 80
36 21
37 96
37 97
37 98
37 38
37 39
37 12
37 46
37 47
37 16
37 19
37 89
37 90
38 16
38 12
38 37
39 16
39 19
39 37
40 36
40 41
40 42
40 79
40 16
40 80
40 19
40 21
41 40
41 16
41 19
42 16
42 40
42 36
43 44
43 49
43 50
43 81
43 82
43 83
43 85
43 86
43 24
43 25
43 87
43 88
44 24
44 25
44 43
45 24
45 12
45 46
46 37
46 12
46 45
46 47
46 48
46 49
46 24
46 89
46 90
46 91
46 92
46 93
46 94
46 95
47 12
47 37
47 46
48 24
48 49
48 46
49 43
49 120
49 46
49 48
49 81
49 50
49 82
49 24
49 121
49 122
49 91
49 92
50 24
50 49
50 43
51 97
51 99
51 100
51 19
51 52
51 53
51 54
51 29
52 19
52 51
52 29
53 97
53 99
53 101
53 102
53 103
53 51
53 54
53 55
53 56
53 29
54 29
54 51
54 53
55 133
55 102
55 103
55 104
55 135
55 108
55 145
55 146
55 147
55 53
55 150
55 151
55 56
55 29
56 53
56 29
56 55
57 9
57 58
57 31
58 9
58 63
58 57
58 61
58 62
58 31
59 25
59 60
59 9
60 64
60 65
60 9
60 112
60 113
60 83
60 84
60 115
60 25
60 59
61 65
61 66
61 67
61 68
61 33
61 70
61 71
61 72
61 9
61 76
61 77
61 78
61 58
61 63
61 62
61 31
62 9
62 58
62 61
63 58
63 61
63 31
64 65
64 9
64 60
65 64
65 66
65 9
65 76
65 77
65 112
65 115
65 116
65 60
65 61
66 65
66 61
66 9
67 33
67 129
67 131
67 68
67 69
67 70
67 71
67 132
67 73
67 75
67 109
67 111
67 61
67 31
68 67
68 61
68 31
69 33
69 67
69 31
70 33
70 129
70 67
70 130
70 131
70 71
70 72
70 73
70 74
70 109
70 110
70 61
71 67
71 61
71 70
72 33
72 61
72 70
73 33
73 67
73 70
73 74
73 75
73 109
73 110
73 111
74 73
74 70
74 33
75 73
75 33
75 67
76 65
76 77
76 61
77 640
77 65
77 33
77 641
77 328
77 329
77 330
77 76
77 78
77 14
77 112
77 116
77 117
77 118
77 317
77 604
77 61
77 318
78 33
78 77
78 61
79 40
79 19
79 21
80 40
80 36
80 21
81 49
81 82
81 43
82 292
82 43
82 267
82 271
82 81
82 49
82 274
82 277
82 86
82 87
82 120
82 121
82 284
82 285
83 43
83 112
83 113
83 114
83 84
83 85
83 87
83 88
83 25
83 60
84 25
84 83
84 60
85 43
85 83
85 25
86 82
86 43
86 87
87 292
87 298
87 43
87 299
87 300
87 301
87 302
87 112
87 82
87 83
87 114
87 86
87 119
87 88
87 118
87 284
88 83
88 43
88 87
89 90
89 37
89 46
90 97
90 98
90 37
90 104
90 105
90 107
90 46
90 89
90 93
90 95
91 128
91 126
91 46
91 49
91 121
91 122
91 92
91 93
91 94
91 127
92 49
92 91
92 46
93 128
93 126
93 104
93 107
93 123
93 46
93 90
93 91
93 124
93 125
93 94
93 95
94 91
94 93
94 46
95 90
95 93
95 46
96 97
96 19
96 37
97 96
97 98
97 99
97 100
97 37
97 101
97 102
97 104
97 105
97 106
97 19
97 51
97 53
97 90
98 97
98 90
98 37
99 97
99 51
99 53
100 19
100 97
100 51
101 97
101 53
101 102
102 97
102 101
102 103
102 104
102 106
102 108
102 53
102 55
103 53
103 102
103 55
104 97
104 133
104 102
104 134
104 135
104 105
104 106
104 107
104 108
104 55
104 90
104 123
104 124
104 93
105 104
105 97
105 90
106 104
106 97
106 102
107 104
107 90
107 93
108 104
108 102
108 55
109 129
109 130
109 67
109 132
109 70
109 73
109 110
109 111
110 73
110 109
110 70
111 73
111 67
111 109
112 65
112 77
112 113
112 114
112 83
112 115
112 116
112 117
112 87
112 118
112 119
112 60
113 112
113 83
113 60
114 112
114 83
114 87
115 112
115 65
115 60
116 112
116 65
116 77
117 112
117 77
117 118
118 77
118 302
118 301
118 112
118 119
118 117
118 87
118 314
118 315
118 316
118 317
118 318
119 112
119 118
119 87
120 49
120 82
120 121
121 280
121 136
121 137
121 267
121 49
121 82
121 277
121 120
121 122
121 91
121 126
121 127
122 49
122 91
122 121
123 104
123 124
123 93
124 133
124 134
124 104
124 138
124 139
124 140
124 141
124 142
124 143
124 144
124 93
124 123
124 125
124 126
125 124
125 93
125 126
126 128
126 153
126 136
126 137
126 140
126 141
126 93
126 152
126 121
126 154
126 91
126 124
126 125
126 127
127 121
127 91
127 126
128 91
128 93
128 126
129 130
129 67
129 131
129 132
129 70
129 109
130 129
130 109
130 70
131 129
131 67
131 70
132 129
132 67
132 109
133 160
133 161
133 134
133 135
133 104
133 138
133 139
133 145
133 146
133 156
133 55
133 124
133 157
133 159
134 104
134 124
134 133
135 104
135 133
135 55
136 121
136 137
136 126
137 288
137 280
137 289
137 281
137 295
137 136
137 267
137 152
137 121
137 154
137 283
137 126
138 139
138 124
138 133
139 160
139 164
139 133
139 165
139 167
139 168
139 169
139 138
139 142
139 144
139 145
139 147
139 148
139 149
139 124
139 157
139 158
139 159
140 141
140 142
140 143
140 152
140 153
140 155
140 124
140 126
141 124
141 140
141 126
142 162
142 163
142 139
142 140
142 143
142 144
142 147
142 947
142 149
142 949
142 152
142 922
142 155
142 124
143 140
143 124
143 142
144 139
144 124
144 142
145 133
145 139
145 146
145 147
145 148
145 150
145 55
145 156
145 157
145 158
146 145
146 133
146 55
147 139
147 142
147 671
147 145
147 148
147 149
147 150
147 55
147 151
147 948
147 922
147 949
147 950
147 29
147 927
148 145
148 139
148 147
149 147
149 139
149 142
150 145
150 147
150 55
151 147
151 29
151 55
152 289
152 162
152 163
152 295
152 137
152 140
152 142
152 306
152 307
152 308
152 309
152 310
152 153
152 154
152 155
152 126
153 152
153 140
153 126
154 152
154 137
154 126
155 152
155 140
155 142
156 145
156 133
156 157
157 161
157 164
157 133
157 165
157 166
157 139
157 145
157 156
157 158
157 159
158 145
158 139
158 157
159 160
159 161
159 164
159 133
159 166
159 167
159 169
159 170
159 139
159 171
159 172
159 173
159 174
159 157
160 139
160 133
160 159
161 157
161 133
161 159
162 321
162 322
162 163
162 935
162 142
162 334
162 335
162 336
162 337
162 947
162 308
162 310
162 152
162 922
163 152
163 162
163 142
164 165
164 166
164 167
164 168
164 170
164 139
164 171
164 175
164 176
164 182
164 183
164 184
164 157
164 159
165 139
165 164
165 157
166 164
166 157
166 159
167 164
167 168
167 169
167 139
167 173
167 174
167 178
167 179
167 181
167 182
167 184
167 159
168 139
168 164
168 167
169 159
169 139
169 167
170 171
170 164
170 159
171 164
171 170
171 172
171 173
171 175
171 176
171 177
171 159
172 171
172 173
172 159
173 167
173 171
173 172
173 174
173 176
173 177
173 178
173 179
173 180
173 159
174 167
174 173
174 159
175 176
175 171
175 164
176 164
176 171
176 173
176 175
176 177
176 178
176 180
176 182
176 183
176 185
176 186
176 188
177 176
177 171
177 173
178 167
178 173
178 176
178 179
178 180
178 181
178 182
178 185
178 186
178 187
179 178
179 173
179 167
180 176
180 178
180 173
181 178
181 182
181 167
182 164
182 167
182 176
182 178
182 181
182 183
182 184
182 186
182 187
182 188
183 176
183 164
183 182
184 164
184 182
184 167
185 176
185 186
185 178
186 176
186 178
186 182
186 185
186 187
186 188
187 178
187 186
187 182
188 176
188 186
188 182
189 192
189 226
189 195
189 196
189 227
189 228
189 210
189 211
189 216
189 217
189 190
189 191
190 189
190 191
190 192
190 193
190 194
190 195
190 196
190 197
190 198
190 199
190 200
190 201
190 202
190 203
190 204
190 205
190 206
190 207
190 208
190 209
191 192
191 189
191 190
192 193
192 194
192 210
192 211
192 212
192 189
192 190
192 191
193 192
193 194
193 190
194 192
194 193
194 197
194 198
194 229
194 230
194 231
194 211
194 212
194 220
194 221
194 190
195 196
195 199
195 200
195 213
195 214
195 215
195 216
195 217
195 189
195 190
196 195
196 189
196 190
197 194
197 198
197 190
198 194
198 197
198 201
198 202
198 222
198 218
198 219
198 220
198 221
198 190
199 195
199 550
199 551
199 200
199 553
199 203
199 204
199 213
199 214
199 190
200 195
200 190
200 199
201 202
201 190
201 198
202 198
202 550
202 201
202 556
202 205
202 206
202 557
202 218
202 219
202 190
203 224
203 550
203 199
203 551
203 552
203 204
203 207
203 208
203 190
203 223
204 203
204 190
204 199
205 202
205 206
205 190
206 224
206 225
206 550
206 202
206 554
206 556
206 205
206 207
206 209
206 190
207 224
207 225
207 203
207 206
207 208
207 209
207 190
207 223
208 203
208 190
208 207
209 190
209 206
209 207
210 192
210 211
210 189
211 192
211 194
211 227
211 228
211 229
211 231
211 232
211 233
211 234
211 210
211 212
211 189
212 192
212 194
212 211
213 195
213 214
213 199
214 195
214 550
214 199
214 553
214 235
214 236
214 555
214 242
214 244
214 213
214 215
214 216
215 216
215 195
215 214
216 226
216 195
216 227
216 235
216 236
216 241
216 214
216 215
216 217
216 189
217 216
217 195
217 189
218 198
218 550
218 202
218 235
218 557
218 238
218 558
218 242
218 243
218 219
218 221
218 222
219 202
219 218
219 198
220 194
220 221
220 198
221 194
221 229
221 198
221 230
221 235
221 238
221 240
221 218
221 220
221 222
222 218
222 221
222 198
223 224
223 203
223 207
224 225
224 550
224 552
224 554
224 203
224 206
224 207
224 223
225 224
225 206
225 207
226 216
226 227
226 189
227 226
227 228
227 232
227 233
227 235
227 239
227 241
227 211
227 216
227 189
228 211
228 189
228 227
229 194
229 230
229 231
229 232
229 234
229 235
229 237
229 240
229 211
229 221
230 221
230 194
230 229
231 194
231 211
231 229
232 227
232 229
232 233
232 234
232 235
232 237
232 239
232 211
233 232
233 211
233 227
234 232
234 211
234 229
235 227
235 229
235 232
235 236
235 237
235 238
235 239
235 240
235 241
235 242
235 243
235 244
235 214
235 216
235 218
235 221
236 216
236 235
236 214
237 232
237 235
237 229
238 218
238 235
238 221
239 232
239 235
239 227
240 229
240 235
240 221
241 216
241 227
241 235
242 550
242 235
242 555
242 558
242 243
242 244
242 214
242 218
243 218
243 242
243 235
244 242
244 235
244 214
245 1291
245 246
245 247
245 248
245 251
245 252
246 256
246 257
246 258
246 259
246 260
246 261
246 262
246 263
246 264
246 265
246 245
246 247
246 248
246 249
246 250
246 251
246 252
246 253
246 254
246 255
247 248
247 245
247 246
248 1290
248 1291
248 245
248 246
248 247
248 249
248 250
248 251
249 248
249 250
249 246
250 259
250 1286
250 1287
250 1289
250 1290
250 246
250 248
250 249
250 251
250 253
250 254
250 255
251 256
251 1289
251 1290
251 1291
251 245
251 246
251 248
251 250
251 252
251 255
252 251
252 245
252 246
253 250
253 246
253 254
254 257
254 258
254 259
254 1285
254 262
254 1286
254 1288
254 246
254 250
254 253
255 256
255 259
255 260
255 1287
255 1289
255 246
255 250
255 251
256 251
256 246
256 255
257 258
257 254
257 246
258 257
258 261
258 262
258 1288
258 246
258 254
259 260
259 1284
259 262
259 263
259 264
259 1285
259 1286
259 1287
259 246
259 250
259 254
259 255
260 259
260 246
260 255
261 258
261 246
261 262
262 258
262 259
262 1284
262 261
262 1285
262 263
262 1288
262 265
262 246
262 254
263 259
263 1284
263 262
263 264
263 265
263 246
264 259
264 246
264 263
265 263
265 262
265 246
266 866
266 1160
266 1161
266 267
266 268
266 269
266 272
266 273
267 137
267 266
267 268
267 269
267 270
267 271
267 272
267 273
267 274
267 275
267 276
267 277
267 278
267 279
267 280
267 281
267 282
267 283
267 82
267 121
268 266
268 267
268 269
269 866
269 1159
269 1160
269 266
269 267
269 268
269 270
269 271
270 267
270 269
270 271
271 866
271 1158
271 1159
271 267
271 299
271 269
271 270
271 1166
271 303
271 82
271 274
271 1170
271 1171
271 863
271 284
271 285
271 286
271 287
272 866
272 1161
272 266
272 267
272 1162
272 273
272 275
272 276
273 272
273 266
273 267
274 82
274 267
274 271
275 866
275 1162
275 267
275 1163
275 272
275 276
275 278
275 279
276 267
276 272
276 275
277 121
277 82
277 267
278 866
278 267
278 1163
278 1164
278 275
278 279
278 281
278 282
279 275
279 267
279 278
280 121
280 137
280 267
281 288
281 289
281 290
281 291
281 866
281 1175
281 137
281 267
281 1164
281 1165
281 1168
281 882
281 306
281 278
281 1174
281 312
281 282
281 283
282 281
282 267
282 278
283 137
283 267
283 281
284 292
284 293
284 294
284 298
284 299
284 271
284 304
284 303
284 82
284 305
284 87
284 285
284 286
284 287
285 82
285 284
285 271
286 293
286 294
286 271
286 303
286 1171
286 1178
286 284
286 287
287 284
287 286
287 271
288 137
288 281
288 289
289 288
289 290
289 291
289 312
289 295
289 296
289 137
289 297
289 313
289 306
289 307
289 311
289 152
289 281
290 289
290 291
290 281
291 289
291 290
291 296
291 297
291 1175
291 312
291 281
291 1180
292 82
292 284
292 87
293 294
293 303
293 304
293 1178
293 284
293 286
294 284
294 293
294 286
295 152
295 137
295 289
296 289
296 291
296 297
297 289
297 291
297 296
297 311
297 312
297 1180
298 299
298 284
298 87
299 320
299 869
299 298
299 300
299 301
299 1166
299 303
299 271
299 305
299 1167
299 1170
299 1172
299 1179
299 863
299 87
299 315
299 284
299 319
300 299
300 301
300 87
301 320
301 299
301 300
301 331
301 302
301 332
301 333
301 118
301 87
301 314
301 315
301 319
302 301
302 118
302 87
303 293
303 299
303 271
303 304
303 305
303 1170
303 1171
303 1178
303 284
303 286
304 284
304 293
304 303
305 299
305 284
305 303
306 289
306 312
306 323
306 324
306 322
306 281
306 1168
306 1169
306 882
306 307
306 308
306 309
306 1174
306 1181
306 152
306 313
306 1176
306 889
307 152
307 289
307 306
308 321
308 162
308 322
308 323
308 324
308 325
308 326
308 327
308 306
308 309
308 310
308 152
309 152
309 306
309 308
310 152
310 162
310 308
311 312
311 289
311 297
312 289
312 291
312 281
312 297
312 306
312 1174
312 311
312 1175
312 313
312 1180
313 312
313 289
313 306
314 315
314 301
314 118
315 869
315 331
315 332
315 301
315 299
315 1172
315 1173
315 118
315 314
315 1179
315 316
315 317
315 1182
315 319
316 315
316 317
316 118
317 864
317 869
317 328
317 329
317 873
317 876
317 77
317 878
317 884
317 1173
317 118
317 315
317 316
317 318
318 77
318 317
318 118
319 320
319 331
319 299
319 333
319 301
319 315
319 1179
319 1182
320 299
320 301
320 319
321 162
321 308
321 322
322 321
322 162
322 1177
322 323
322 325
322 326
322 334
322 335
322 306
322 308
322 1176
322 889
322 1181
322 1183
323 322
323 324
323 326
323 327
323 306
323 308
323 1181
323 1183
324 306
324 323
324 308
325 322
325 308
325 326
326 322
326 323
326 325
326 327
326 308
326 1183
327 323
327 308
327 326
328 329
328 77
328 317
329 33
329 328
329 330
329 876
329 77
329 884
329 892
329 317
330 329
330 77
330 33
331 332
331 333
331 301
331 315
331 1182
331 319
332 315
332 331
332 301
333 331
333 301
333 319
334 162
334 322
334 335
335 162
335 322
335 900
335 1177
335 905
335 907
335 334
335 879
335 336
335 337
335 338
335 339
335 912
335 889
336 337
336 162
336 335
337 162
337 674
337 935
337 648
337 335
337 336
337 338
337 339
337 340
337 341
337 916
337 918
337 921
337 666
337 922
337 671
338 337
338 339
338 335
339 905
339 335
339 912
339 337
339 338
339 913
339 340
339 341
340 337
340 339
340 341
341 646
341 648
341 905
341 650
341 651
341 652
341 913
341 914
341 915
341 916
341 917
341 918
341 919
341 666
341 923
341 924
341 671
341 931
341 932
341 933
341 934
341 1321
341 337
341 339
341 340
341 619
341 623
341 626
342 361
342 362
342 369
342 370
342 371
342 343
342 344
342 345
342 348
342 349
343 352
343 353
343 354
343 355
343 356
343 357
343 358
343 359
343 360
343 342
343 344
343 345
343 346
343 347
343 348
343 349
343 350
343 351
344 345
344 342
344 343
345 361
345 362
345 363
345 364
345 365
345 366
345 367
345 342
345 343
345 344
345 346
345 347
346 345
346 347
346 343
347 382
347 383
347 363
347 364
347 373
347 374
347 343
347 345
347 346
347 381
347 350
347 351
348 352
348 353
348 368
348 369
348 371
348 342
348 343
348 349
349 348
349 342
349 343
350 347
350 351
350 343
351 354
351 355
351 362
351 365
351 372
351 373
351 374
351 343
351 376
351 347
351 350
351 375
352 384
352 353
352 385
352 386
352 356
352 357
352 368
352 369
352 343
352 380
352 379
352 348
353 352
353 348
353 343
354 355
354 343
354 351
355 354
355 387
355 388
355 358
355 359
355 362
355 369
355 372
355 343
355 351
356 352
356 385
356 1316
356 357
356 1317
356 359
356 360
356 343
356 377
356 378
356 379
356 380
357 352
357 356
357 343
358 355
358 359
358 343
359 385
359 355
359 356
359 388
359 358
359 389
359 360
359 390
359 369
359 343
359 377
359 378
360 356
360 343
360 359
361 345
361 362
361 342
362 355
362 387
362 361
362 365
362 367
362 369
362 370
362 372
362 342
362 376
362 345
362 351
363 768
363 577
363 742
363 775
363 779
363 364
363 365
363 366
363 784
363 787
363 345
363 347
363 381
363 383
364 345
364 347
364 363
365 768
365 740
365 742
365 744
365 362
365 363
365 366
365 367
365 374
365 375
365 376
365 345
365 698
365 351
366 345
366 363
366 365
367 345
367 362
367 365
368 352
368 369
368 348
369 352
369 384
369 385
369 355
369 387
369 388
369 389
369 359
369 362
369 368
369 370
369 371
369 342
369 348
370 369
370 362
370 342
371 369
371 348
371 342
372 362
372 355
372 351
373 347
373 374
373 351
374 740
374 701
374 682
374 365
374 719
374 373
374 375
374 568
374 698
374 347
374 700
374 381
374 382
374 351
375 365
375 374
375 351
376 362
376 365
376 351
377 378
377 356
377 359
378 385
378 356
378 1316
378 390
378 359
378 377
379 352
379 385
379 386
379 356
379 1317
379 380
380 352
380 379
380 356
381 577
381 363
381 719
381 787
381 788
381 374
381 568
381 347
381 382
381 383
382 347
382 381
382 374
383 347
383 363
383 381
384 352
384 369
384 385
385 384
385 352
385 386
385 356
385 389
385 390
385 359
385 1316
385 1317
385 369
385 378
385 379
386 352
386 385
386 379
387 369
387 362
387 355
388 369
388 355
388 359
389 369
389 385
389 359
390 385
390 378
390 359
391 418
391 419
391 392
391 393
391 394
391 397
391 398
391 430
391 431
391 432
391 410
391 411
392 391
392 393
392 394
392 395
392 396
392 397
392 398
392 399
392 400
392 401
392 402
392 403
392 404
392 405
392 406
392 407
392 408
392 409
393 392
393 394
393 391
394 391
394 392
394 393
394 395
394 396
394 410
394 411
394 412
394 413
394 414
395 392
395 394
395 396
396 392
396 394
396 395
396 399
396 400
396 413
396 414
396 415
397 416
397 417
397 418
397 419
397 420
397 421
397 422
397 391
397 392
397 398
397 401
397 402
398 392
398 397
398 391
399 392
399 396
399 400
400 392
400 425
400 426
400 396
400 399
400 433
400 434
400 403
400 404
400 435
400 413
400 415
401 416
401 417
401 392
401 427
401 397
401 431
401 402
401 436
401 405
401 406
401 437
401 411
402 392
402 401
402 397
403 400
403 404
403 392
404 1318
404 423
404 392
404 424
404 425
404 426
404 1319
404 400
404 433
404 403
404 407
404 409
405 392
405 427
405 428
405 429
405 401
405 406
405 407
405 408
405 411
405 413
406 392
406 401
406 405
407 423
407 392
407 424
407 428
407 433
407 404
407 405
407 438
407 439
407 408
407 409
407 413
408 392
408 405
408 407
409 392
409 404
409 407
410 394
410 411
410 391
411 391
411 394
411 427
411 429
411 431
411 432
411 401
411 405
411 437
411 410
411 412
411 413
412 394
412 411
412 413
413 394
413 396
413 428
413 429
413 400
413 433
413 435
413 405
413 438
413 407
413 411
413 412
413 414
413 415
414 394
414 396
414 413
415 400
415 396
415 413
416 401
416 417
416 397
417 416
417 420
417 676
417 422
417 745
417 397
417 718
417 431
417 401
417 562
417 436
417 693
417 695
417 696
418 769
418 577
418 419
418 420
418 421
418 391
418 775
418 778
418 397
418 430
418 431
418 783
418 785
418 729
419 418
419 397
419 391
420 417
420 418
420 577
420 421
420 422
420 397
420 718
420 785
420 562
420 786
421 418
421 420
421 397
422 417
422 420
422 397
423 407
423 1318
423 424
423 433
423 404
423 439
424 407
424 404
424 423
425 400
425 426
425 404
426 1319
426 425
426 400
426 433
426 434
426 404
427 401
427 411
427 405
428 405
428 413
428 407
429 411
429 413
429 405
430 431
430 418
430 391
431 417
431 418
431 769
431 391
431 745
431 746
431 430
431 432
431 401
431 436
431 437
431 693
431 729
431 411
432 431
432 411
432 391
433 439
433 1318
433 423
433 1319
433 426
433 400
433 434
433 435
433 404
433 438
433 407
433 413
434 400
434 433
434 426
435 400
435 433
435 413
436 401
436 417
436 431
437 401
437 411
437 431
438 433
438 413
438 407
439 407
439 433
439 423
440 459
440 460
440 464
440 441
440 442
440 443
440 446
440 447
441 448
441 449
441 450
441 451
441 452
441 453
441 454
441 455
441 456
441 457
441 458
441 440
441 442
441 443
441 444
441 445
441 446
441 447
442 440
442 441
442 443
443 459
443 460
443 461
443 440
443 441
443 442
443 444
443 445
444 441
444 443
444 445
445 448
445 449
445 459
445 461
445 462
445 441
445 443
445 444
446 440
446 441
446 447
447 450
447 451
447 459
447 464
447 466
447 440
447 441
447 446
448 441
448 449
448 445
449 448
449 452
449 453
449 459
449 462
449 463
449 441
449 445
450 451
450 454
450 455
450 459
450 465
450 466
450 441
450 447
451 441
451 450
451 447
452 449
452 441
452 453
453 449
453 483
453 452
453 484
453 485
453 456
453 457
453 459
453 473
453 463
453 467
453 468
453 472
453 441
453 476
453 477
454 450
454 455
454 457
454 458
454 459
454 465
454 469
454 470
454 472
454 441
454 474
454 475
455 441
455 450
455 454
456 441
456 457
456 453
457 453
457 454
457 456
457 458
457 467
457 468
457 469
457 470
457 471
457 441
458 457
458 441
458 454
459 449
459 450
459 453
459 454
459 472
459 460
459 461
459 462
459 463
459 464
459 465
459 466
459 440
459 473
459 474
459 443
459 445
459 447
460 440
460 459
460 443
461 459
461 443
461 445
462 449
462 459
462 445
463 449
463 459
463 453
464 440
464 459
464 447
465 450
465 459
465 454
466 450
466 459
466 447
467 457
467 468
467 453
468 480
468 481
468 482
468 453
468 457
468 467
468 469
468 471
468 476
468 477
468 478
468 479
469 483
469 454
469 486
469 487
469 457
469 468
469 470
469 471
469 472
469 475
469 478
469 479
470 457
470 469
470 454
471 457
471 468
471 469
472 483
472 484
472 453
472 454
472 486
472 459
472 469
472 473
472 474
472 475
473 472
473 459
473 453
474 472
474 459
474 454
475 472
475 469
475 454
476 477
476 468
476 453
477 480
477 482
477 483
477 453
477 485
477 488
477 489
477 490
477 491
477 493
477 494
477 468
477 476
478 480
478 481
478 483
478 487
478 490
478 492
478 468
478 469
478 479
479 468
479 469
479 478
480 481
480 482
480 488
480 489
480 468
480 477
480 478
481 480
481 468
481 478
482 480
482 468
482 477
483 484
483 485
483 453
483 486
483 487
483 490
483 491
483 492
483 469
483 472
483 477
483 478
484 472
484 483
484 453
485 477
485 483
485 453
486 472
486 483
486 469
487 483
487 469
487 478
488 480
488 489
488 477
489 480
489 488
489 477
490 483
490 491
490 492
490 493
490 494
490 477
490 478
491 490
491 483
491 477
492 490
492 483
492 478
493 490
493 477
493 494
494 493
494 490
494 477
495 514
495 515
495 519
495 496
495 497
495 498
495 499
495 500
496 512
496 513
496 495
496 497
496 498
496 499
496 500
496 501
496 502
496 503
496 504
496 505
496 506
496 507
496 508
496 509
496 510
496 511
497 496
497 498
497 495
498 514
498 515
498 516
498 495
498 496
498 497
498 501
498 502
499 514
499 519
499 520
499 495
499 496
499 500
499 503
499 504
500 496
500 499
500 495
501 514
501 516
501 517
501 496
501 498
501 502
501 505
501 506
502 496
502 498
502 501
503 514
503 520
503 521
503 496
503 499
503 504
503 507
503 508
504 496
504 499
504 503
505 514
505 517
505 518
505 496
505 501
505 506
505 509
505 510
506 496
506 505
506 501
507 496
507 508
507 503
508 512
508 514
508 521
508 524
508 526
508 527
508 496
508 528
508 529
508 503
508 507
508 511
509 512
509 513
509 514
509 518
509 542
509 522
509 523
509 527
509 496
509 530
509 533
509 534
509 505
509 538
509 541
509 510
510 496
510 505
510 509
511 496
511 512
511 508
512 513
512 522
512 523
512 524
512 525
512 526
512 496
512 508
512 509
512 511
513 512
513 496
513 509
514 515
514 516
514 517
514 518
514 519
514 520
514 521
514 495
514 527
514 528
514 498
514 499
514 530
514 501
514 503
514 505
514 508
514 509
515 514
515 498
515 495
516 514
516 498
516 501
517 505
517 514
517 501
518 505
518 514
518 509
519 514
519 499
519 495
520 514
520 499
520 503
521 514
521 508
521 503
522 512
522 523
522 524
522 525
522 531
522 532
522 533
522 534
522 535
522 536
522 537
522 509
523 512
523 522
523 509
524 512
524 522
524 525
524 526
524 527
524 529
524 531
524 532
524 538
524 539
524 508
524 540
525 512
525 522
525 524
526 512
526 508
526 524
527 514
527 524
527 528
527 529
527 530
527 538
527 539
527 508
527 509
527 542
528 514
528 508
528 527
529 508
529 524
529 527
530 514
530 509
530 527
531 522
531 524
531 532
532 545
532 546
532 522
532 524
532 531
532 535
532 536
532 538
532 540
533 544
533 541
533 547
533 546
533 548
533 549
533 522
533 534
533 536
533 537
533 538
533 509
533 543
534 509
534 522
534 533
535 536
535 522
535 532
536 544
536 522
536 532
536 533
536 535
536 537
536 543
537 536
537 522
537 533
538 545
538 541
538 546
538 547
538 524
538 527
538 532
538 533
538 539
538 540
538 509
538 542
539 538
539 524
539 527
540 538
540 524
540 532
541 533
541 538
541 509
542 538
542 509
542 527
543 536
543 544
543 533
544 536
544 533
544 543
545 538
545 532
545 546
546 545
546 547
546 548
546 549
546 532
546 533
546 538
547 538
547 546
547 533
548 546
548 549
548 533
549 546
549 548
549 533
550 224
550 199
550 552
550 551
550 553
550 203
550 554
550 555
550 206
550 202
550 556
550 557
550 242
550 558
550 214
550 218
551 203
551 550
551 199
552 224
552 203
552 550
553 550
553 214
553 199
554 550
554 224
554 206
555 242
555 214
555 550
556 202
556 206
556 550
557 202
557 218
557 550
558 218
558 242
558 550
559 576
559 577
559 585
559 586
559 560
559 561
559 562
559 593
559 594
559 565
559 566
559 595
560 559
560 561
560 562
560 563
560 564
560 565
560 566
560 567
560 568
560 569
560 570
560 571
560 572
560 573
560 574
560 575
561 560
561 562
561 559
562 576
562 577
562 417
562 580
562 581
562 676
562 420
562 718
562 559
562 560
562 561
562 786
562 563
562 564
562 692
562 695
563 560
563 562
563 564
564 579
564 580
564 581
564 560
564 562
564 563
564 567
564 568
565 582
565 583
565 585
565 586
565 587
565 588
565 589
565 590
565 559
565 560
565 591
565 566
565 569
565 570
566 560
566 565
566 559
567 560
567 568
567 564
568 577
568 578
568 579
568 580
568 700
568 682
568 719
568 560
568 381
568 564
568 788
568 374
568 567
568 571
568 572
568 699
569 582
569 583
569 584
569 560
569 565
569 570
569 573
569 574
570 560
570 569
570 565
571 568
571 560
571 572
572 577
572 578
572 560
572 592
572 593
572 596
572 597
572 598
572 568
572 571
572 573
572 575
573 583
573 584
573 606
573 616
573 617
573 618
573 607
573 560
573 596
573 597
573 569
573 572
573 574
573 575
574 560
574 569
574 573
575 560
575 572
575 573
576 577
576 562
576 559
577 775
577 783
577 784
577 785
577 786
577 787
577 788
577 418
577 420
577 559
577 562
577 568
577 572
577 576
577 578
577 592
577 593
577 595
577 363
577 381
578 568
578 577
578 572
579 568
579 564
579 580
580 579
580 676
580 581
580 677
580 678
580 681
580 682
580 562
580 564
580 692
580 568
580 699
581 562
581 580
581 564
582 569
582 565
582 583
583 608
583 609
583 611
583 612
583 613
583 582
583 614
583 584
583 615
583 587
583 588
583 565
583 569
583 573
583 606
583 607
584 569
584 573
584 583
585 901
585 631
585 904
585 586
585 590
585 591
585 559
585 593
585 594
585 633
585 628
585 565
585 629
585 630
585 634
585 601
585 602
585 886
586 585
586 565
586 559
587 588
587 565
587 583
588 608
588 609
588 610
588 583
588 587
588 589
588 590
588 565
588 599
588 600
589 588
589 565
589 590
590 585
590 588
590 589
590 591
590 565
590 599
590 600
590 601
590 602
590 603
590 604
590 605
591 585
591 565
591 590
592 593
592 577
592 572
593 577
593 898
593 902
593 903
593 904
593 585
593 559
593 592
593 911
593 594
593 595
593 596
593 598
593 886
593 572
593 893
594 585
594 593
594 559
595 593
595 577
595 559
596 898
596 616
596 618
596 619
596 620
596 621
596 622
596 623
596 624
596 593
596 626
596 627
596 910
596 597
596 598
596 911
596 572
596 573
597 596
597 573
597 572
598 593
598 572
598 596
599 600
599 588
599 590
600 608
600 636
600 610
600 642
600 644
600 635
600 588
600 590
600 661
600 662
600 599
600 664
600 603
600 604
601 33
601 637
601 585
601 590
601 628
601 629
601 631
601 632
601 602
601 604
601 605
601 638
602 585
602 601
602 590
603 600
603 604
603 590
604 640
604 33
604 641
604 637
604 635
604 77
604 590
604 14
604 600
604 601
604 603
604 636
604 605
604 639
605 601
605 604
605 590
606 573
606 607
606 583
607 611
607 612
607 583
607 616
607 617
607 653
607 654
607 657
607 573
607 606
608 609
608 610
608 643
608 642
608 644
608 614
608 583
608 615
608 588
608 600
609 608
609 588
609 583
610 608
610 600
610 588
611 612
611 583
611 607
612 642
612 611
612 613
612 614
612 583
612 645
612 654
612 656
612 657
612 607
613 612
613 614
613 583
614 608
614 642
614 643
614 612
614 613
614 645
614 615
614 583
615 608
615 614
615 583
616 648
616 617
616 618
616 619
616 620
616 649
616 653
616 654
616 655
616 596
616 573
616 607
617 616
617 573
617 607
618 616
618 596
618 573
619 616
619 648
619 649
619 650
619 620
619 621
619 622
619 623
619 651
619 625
619 596
619 341
620 616
620 619
620 596
621 619
621 622
621 623
621 624
621 625
621 596
622 619
622 596
622 621
623 646
623 647
623 619
623 651
623 621
623 652
623 624
623 625
623 626
623 627
623 596
623 341
624 596
624 621
624 623
625 619
625 621
625 623
626 896
626 898
626 646
626 647
626 905
626 1321
626 908
626 909
626 910
626 623
626 914
626 627
626 596
626 341
627 626
627 596
627 623
628 585
628 601
628 629
629 585
629 628
629 630
629 631
629 632
629 601
630 585
630 629
630 631
631 33
631 585
631 633
631 658
631 659
631 660
631 629
631 630
631 632
631 601
631 634
631 638
632 601
632 629
632 631
633 585
633 634
633 631
634 33
634 901
634 1320
634 585
634 875
634 876
634 887
634 659
634 660
634 886
634 631
634 888
634 633
634 891
635 600
635 636
635 604
636 14
636 661
636 662
636 600
636 665
636 635
636 604
636 639
637 601
637 33
637 604
638 601
638 33
638 631
639 636
639 14
639 604
640 604
640 77
640 14
641 33
641 604
641 77
642 608
642 643
642 644
642 645
642 614
642 612
642 664
642 654
642 656
642 662
642 663
642 600
643 608
643 642
643 614
644 608
644 642
644 600
645 642
645 612
645 614
646 647
646 1321
646 652
646 623
646 626
646 341
647 626
647 646
647 623
648 672
648 674
648 616
648 649
648 650
648 619
648 654
648 655
648 337
648 341
648 666
648 668
648 670
648 671
649 648
649 619
649 616
650 648
650 619
650 341
651 619
651 341
651 623
652 341
652 646
652 623
653 616
653 654
653 607
654 642
654 612
654 616
654 648
654 653
654 655
654 656
654 657
654 662
654 663
654 668
654 669
654 670
654 607
655 648
655 616
655 654
656 642
656 612
656 654
657 612
657 654
657 607
658 33
658 659
658 631
659 33
659 1320
659 658
659 660
659 631
659 634
660 634
660 659
660 631
661 600
661 636
661 662
662 668
662 642
662 673
662 675
662 669
662 664
662 654
662 14
662 661
662 663
662 600
662 665
662 667
662 636
662 29
662 671
663 642
663 662
663 654
664 600
664 642
664 662
665 636
665 662
665 14
666 648
666 337
666 341
667 29
667 662
667 14
668 672
668 673
668 648
668 654
668 662
668 669
668 670
668 671
669 662
669 668
669 654
670 648
670 668
670 654
671 672
671 673
671 674
671 675
671 934
671 648
671 924
671 936
671 937
671 337
671 951
671 147
671 341
671 662
671 950
671 668
671 29
671 927
672 648
672 668
672 671
673 668
673 662
673 671
674 648
674 337
674 671
675 29
675 662
675 671
676 417
676 580
676 677
676 678
676 679
676 680
676 562
676 692
676 693
676 694
676 695
676 696
677 676
677 580
677 678
677 679
677 680
677 681
677 682
677 683
677 684
677 685
677 686
677 687
677 688
677 689
677 690
677 691
678 676
678 677
678 580
679 680
679 676
679 677
680 704
680 705
680 706
680 676
680 677
680 679
680 683
680 684
680 693
680 694
681 682
681 580
681 677
682 580
682 677
682 681
682 685
682 686
682 374
682 568
682 697
682 698
682 699
682 700
682 701
683 680
683 684
683 677
684 704
684 705
684 707
684 708
684 677
684 709
684 680
684 683
684 687
684 688
684 702
684 703
685 677
685 710
685 711
685 712
685 682
685 686
685 689
685 690
685 697
685 698
686 682
686 685
686 677
687 688
687 684
687 677
688 677
688 713
688 714
688 684
688 687
688 689
688 722
688 691
688 723
688 724
688 702
688 703
689 677
689 710
689 712
689 713
689 714
689 715
689 716
689 685
689 717
689 688
689 690
689 691
690 689
690 677
690 685
691 688
691 689
691 677
692 676
692 580
692 562
693 417
693 706
693 705
693 676
693 680
693 745
693 746
693 728
693 431
693 694
693 696
693 729
694 680
694 676
694 693
695 417
695 562
695 676
696 417
696 676
696 693
697 698
697 682
697 685
698 740
698 710
698 711
698 743
698 742
698 682
698 744
698 685
698 365
698 374
698 697
698 701
699 568
699 682
699 580
700 568
700 682
700 374
701 682
701 698
701 374
702 707
702 708
702 684
702 688
702 720
702 721
702 722
702 723
702 725
702 726
702 727
702 703
703 688
703 684
703 702
704 680
704 705
704 684
705 704
705 706
705 707
705 709
705 680
705 684
705 693
705 728
705 729
705 730
705 731
705 732
706 680
706 705
706 693
707 705
707 708
707 709
707 747
707 684
707 748
707 749
707 720
707 721
707 731
707 732
707 702
708 707
708 684
708 702
709 705
709 707
709 684
710 741
710 742
710 711
710 712
710 743
710 715
710 716
710 685
710 689
710 698
710 733
710 734
711 698
711 685
711 710
712 689
712 685
712 710
713 688
713 689
713 714
714 736
714 713
714 715
714 717
714 688
714 689
714 722
714 754
714 724
714 755
714 756
714 735
715 736
715 737
715 738
715 739
715 710
715 714
715 716
715 717
715 689
715 733
715 734
715 735
716 689
716 715
716 710
717 689
717 714
717 715
718 417
718 562
718 420
719 568
719 381
719 374
720 721
720 707
720 702
721 707
721 747
721 748
721 750
721 751
721 720
721 725
721 726
721 1150
721 1149
721 702
721 1151
722 714
722 688
722 753
722 752
722 723
722 724
722 756
722 726
722 727
722 754
722 757
722 702
723 688
723 722
723 702
724 688
724 714
724 722
725 721
725 726
725 702
726 1152
726 752
726 721
726 722
726 753
726 725
726 727
726 1150
726 1149
726 702
727 722
727 702
727 726
728 705
728 729
728 693
729 705
729 769
729 418
729 770
729 771
729 775
729 777
729 746
729 778
729 431
729 693
729 728
729 730
729 731
730 729
730 731
730 705
731 705
731 770
731 707
731 771
731 773
731 748
731 749
731 758
731 760
731 729
731 730
731 732
732 705
732 731
732 707
733 738
733 739
733 770
733 741
733 710
733 742
733 772
733 774
733 715
733 758
733 759
733 734
734 715
734 733
734 710
735 736
735 714
735 715
736 737
736 738
736 1156
736 1157
736 714
736 715
736 754
736 755
736 761
736 762
736 1149
736 735
737 736
737 738
737 715
738 736
738 737
738 739
738 715
738 758
738 759
738 761
738 762
738 763
738 764
738 733
738 766
739 738
739 715
739 733
740 698
740 365
740 374
741 733
741 710
741 742
742 768
742 770
742 772
742 741
742 710
742 743
742 744
742 776
742 775
742 363
742 779
742 365
742 698
742 733
743 698
743 710
743 742
744 698
744 365
744 742
745 417
745 693
745 431
746 729
746 693
746 431
747 721
747 707
747 748
748 707
748 747
748 749
748 750
748 751
748 721
748 767
748 758
748 760
748 731
748 765
748 763
749 731
749 748
749 707
750 721
750 748
750 751
751 1153
751 748
751 780
751 750
751 781
751 721
751 1151
751 763
751 1149
751 767
752 1152
752 1154
752 753
752 722
752 754
752 757
752 726
752 1149
753 752
753 722
753 726
754 736
754 1154
754 1156
754 714
754 752
754 722
754 755
754 756
754 757
754 1149
755 736
755 714
755 754
756 714
756 722
756 754
757 752
757 722
757 754
758 738
758 770
758 773
758 774
758 765
758 748
758 759
758 760
758 731
758 764
758 733
758 763
759 738
759 733
759 758
760 731
760 748
760 758
761 736
761 738
761 762
762 736
762 738
762 1155
762 1157
762 780
762 782
762 761
762 763
762 1149
762 766
763 738
763 748
763 780
763 781
763 751
763 782
763 758
763 762
763 764
763 765
763 766
763 767
764 738
764 763
764 758
765 763
765 748
765 758
766 762
766 738
766 763
767 763
767 748
767 751
768 363
768 365
768 742
769 729
769 418
769 431
770 771
770 772
770 773
770 742
770 774
770 775
770 776
770 777
770 758
770 729
770 731
770 733
771 729
771 770
771 731
772 770
772 733
772 742
773 770
773 731
773 758
774 770
774 733
774 758
775 577
775 770
775 418
775 742
775 776
775 777
775 778
775 779
775 363
775 783
775 784
775 729
776 770
776 742
776 775
777 729
777 770
777 775
778 729
778 418
778 775
779 363
779 742
779 775
780 1153
780 1155
780 781
780 782
780 751
780 762
780 763
780 1149
781 763
781 780
781 751
782 762
782 763
782 780
783 577
783 418
783 775
784 577
784 363
784 775
785 577
785 418
785 420
786 577
786 562
786 420
787 577
787 363
787 381
788 568
788 577
788 381
789 806
789 808
789 812
789 813
789 818
789 820
789 821
789 790
789 791
789 792
789 795
789 796
790 800
790 801
790 802
790 803
790 804
790 805
790 789
790 791
790 792
790 793
790 794
790 795
790 796
790 797
790 798
790 799
791 792
791 789
791 790
792 806
792 807
792 808
792 789
792 790
792 791
792 793
792 794
793 792
793 794
793 790
794 806
794 807
794 817
794 818
794 790
794 822
794 792
794 793
794 797
794 798
795 800
795 809
795 810
795 811
795 812
795 813
795 789
795 790
795 796
795 799
796 795
796 789
796 790
797 794
797 790
797 798
798 801
798 802
798 812
798 814
798 815
798 816
798 817
798 818
798 819
798 790
798 794
798 797
799 800
799 804
799 805
799 809
799 810
799 790
799 824
799 825
799 795
799 829
799 830
799 831
800 795
800 790
800 799
801 802
801 798
801 790
802 801
802 803
802 804
802 835
802 836
802 837
802 838
802 839
802 814
802 815
802 790
802 823
802 824
802 798
803 802
803 804
803 790
804 802
804 803
804 805
804 790
804 823
804 824
804 825
804 799
805 804
805 790
805 799
806 807
806 808
806 818
806 789
806 821
806 822
806 792
806 794
807 792
807 794
807 806
808 792
808 789
808 806
809 810
809 795
809 799
810 832
810 827
810 833
810 834
810 809
810 811
810 812
810 826
810 795
810 829
810 830
810 799
811 810
811 795
811 812
812 827
812 810
812 811
812 813
812 814
812 816
812 818
812 819
812 820
812 789
812 826
812 795
812 828
812 798
813 795
813 812
813 789
814 802
814 837
814 839
814 842
814 843
814 812
814 844
814 815
814 816
814 826
814 828
814 798
815 802
815 814
815 798
816 814
816 812
816 798
817 794
817 818
817 798
818 806
818 812
818 817
818 819
818 820
818 789
818 821
818 822
818 794
818 798
819 818
819 812
819 798
820 818
820 812
820 789
821 818
821 789
821 806
822 794
822 818
822 806
823 824
823 802
823 804
824 802
824 835
824 804
824 836
824 848
824 849
824 850
824 831
824 823
824 825
824 830
824 799
825 824
825 804
825 799
826 832
826 833
826 810
826 842
826 812
826 844
826 814
826 846
826 827
826 828
827 826
827 810
827 812
828 826
828 812
828 814
829 810
829 830
829 799
830 832
830 834
830 840
830 841
830 810
830 848
830 849
830 856
830 799
830 855
830 824
830 857
830 829
830 831
831 824
831 830
831 799
832 833
832 834
832 840
832 841
832 810
832 842
832 846
832 847
832 826
832 830
833 832
833 810
833 826
834 832
834 810
834 830
835 802
835 836
835 837
835 838
835 848
835 850
835 851
835 852
835 853
835 824
836 824
836 802
836 835
837 802
837 835
837 838
837 839
837 841
837 842
837 843
837 845
837 814
837 851
837 852
837 854
838 802
838 835
838 837
839 802
839 837
839 814
840 832
840 841
840 830
841 832
841 837
841 840
841 842
841 845
841 847
841 862
841 851
841 854
841 855
841 856
841 858
841 861
841 830
842 832
842 837
842 841
842 843
842 844
842 845
842 814
842 846
842 847
842 826
843 842
843 837
843 814
844 842
844 826
844 814
845 841
845 842
845 837
846 832
846 842
846 826
847 832
847 841
847 842
848 835
848 849
848 850
848 851
848 853
848 855
848 824
848 857
848 858
848 859
848 860
848 830
849 848
849 824
849 830
850 824
850 848
850 835
851 835
851 837
851 841
851 848
851 852
851 853
851 854
851 858
851 859
851 862
852 835
852 851
852 837
853 848
853 835
853 851
854 841
854 851
854 837
855 841
855 848
855 856
855 857
855 858
855 860
855 861
855 830
856 841
856 830
856 855
857 848
857 830
857 855
858 841
858 848
858 851
858 855
858 859
858 860
858 861
858 862
859 848
859 858
859 851
860 848
860 858
860 855
861 841
861 858
861 855
862 841
862 858
862 851
863 864
863 865
863 866
863 869
863 870
863 1158
863 299
863 1166
863 271
863 1167
864 865
864 866
864 867
864 868
864 869
864 870
864 871
864 872
864 873
864 874
864 875
864 876
864 877
864 878
864 317
864 863
865 864
865 866
865 863
866 1158
866 1159
866 1160
866 1161
866 266
866 1162
866 1163
866 269
866 1164
866 271
866 272
866 1165
866 275
866 278
866 281
866 863
866 864
866 865
866 867
866 868
866 879
866 880
866 882
866 883
867 864
867 866
867 868
868 864
868 866
868 867
868 871
868 872
868 879
868 880
868 881
869 864
869 870
869 873
869 299
869 1167
869 1172
869 1173
869 315
869 317
869 863
870 864
870 869
870 863
871 864
871 868
871 872
872 864
872 896
872 897
872 898
872 868
872 899
872 871
872 874
872 875
872 879
872 881
872 885
872 886
872 893
872 894
872 895
873 864
873 869
873 317
874 872
874 875
874 864
875 864
875 872
875 874
875 876
875 877
875 885
875 886
875 887
875 888
875 634
876 864
876 33
876 329
876 875
876 877
876 878
876 884
876 887
876 634
876 891
876 892
876 317
877 864
877 875
877 876
878 864
878 876
878 317
879 896
879 866
879 868
879 900
879 872
879 905
879 906
879 907
879 335
879 880
879 881
879 882
879 883
879 889
879 890
879 895
880 866
880 868
880 879
881 872
881 868
881 879
882 866
882 281
882 1165
882 879
882 1168
882 1169
882 306
882 883
882 889
882 890
883 882
883 866
883 879
884 329
884 876
884 317
885 872
885 875
885 886
886 901
886 903
886 872
886 585
886 904
886 875
886 593
886 885
886 888
886 634
886 893
886 894
887 634
887 875
887 876
888 634
888 875
888 886
889 322
889 900
889 335
889 879
889 1169
889 882
889 306
889 1176
889 1177
889 890
890 889
890 882
890 879
891 33
891 634
891 876
892 329
892 876
892 33
893 898
893 899
893 902
893 903
893 872
893 593
893 886
893 894
894 872
894 893
894 886
895 872
895 896
895 879
896 897
896 898
896 872
896 905
896 906
896 908
896 909
896 879
896 626
896 895
897 896
897 898
897 872
898 896
898 897
898 899
898 902
898 872
898 908
898 910
898 911
898 593
898 626
898 596
898 893
899 872
899 898
899 893
900 889
900 879
900 335
901 585
901 634
901 886
902 593
902 898
902 893
903 593
903 893
903 886
904 585
904 593
904 886
905 896
905 906
905 907
905 909
905 335
905 879
905 912
905 626
905 339
905 913
905 341
905 914
906 896
906 905
906 879
907 905
907 879
907 335
908 896
908 626
908 898
909 896
909 905
909 626
910 626
910 596
910 898
911 593
911 898
911 596
912 905
912 339
912 335
913 905
913 339
913 341
914 905
914 626
914 341
915 931
915 933
915 940
915 941
915 942
915 943
915 944
915 916
915 341
915 917
915 919
915 920
916 928
916 929
916 930
916 919
916 337
916 915
916 341
916 917
916 918
916 920
916 921
916 922
916 924
916 925
916 926
916 927
917 915
917 916
917 341
918 337
918 916
918 341
919 931
919 932
919 940
919 941
919 943
919 945
919 946
919 915
919 916
919 341
919 920
919 923
919 924
919 925
920 915
920 916
920 919
921 337
921 922
921 916
922 162
922 935
922 142
922 337
922 947
922 916
922 147
922 948
922 949
922 921
922 926
922 927
923 924
923 341
923 919
924 928
924 929
924 934
924 936
924 937
924 938
924 916
924 341
924 919
924 923
924 925
924 671
925 916
925 924
925 919
926 922
926 916
926 927
927 928
927 930
927 937
927 939
927 147
927 916
927 948
927 950
927 951
927 922
927 926
927 671
928 929
928 930
928 937
928 938
928 939
928 916
928 924
928 927
929 928
929 924
929 916
930 928
930 916
930 927
931 932
931 933
931 943
931 944
931 945
931 915
931 341
931 919
932 931
932 341
932 919
933 931
933 915
933 341
934 924
934 341
934 671
935 337
935 162
935 922
936 937
936 924
936 671
937 928
937 936
937 938
937 939
937 951
937 927
937 924
937 671
938 928
938 937
938 924
939 928
939 937
939 927
940 915
940 941
940 919
941 940
941 942
941 943
941 946
941 915
941 919
942 915
942 941
942 943
943 931
943 941
943 942
943 944
943 945
943 946
943 915
943 919
944 915
944 931
944 943
945 943
945 931
945 919
946 919
946 941
946 943
947 162
947 142
947 922
948 922
948 147
948 927
949 922
949 147
949 142
950 927
950 147
950 671
951 671
951 937
951 927
952 969
952 970
952 971
952 953
952 954
952 955
952 958
952 959
953 960
953 961
953 962
953 963
953 964
953 965
953 966
953 967
953 968
953 952
953 954
953 955
953 956
953 957
953 958
953 959
954 952
954 953
954 955
955 969
955 970
955 972
955 973
955 974
955 978
955 979
955 952
955 953
955 954
955 956
955 957
956 953
956 955
956 957
957 960
957 961
957 972
957 973
957 985
957 983
957 984
957 953
957 955
957 956
958 962
958 963
958 970
958 971
958 974
958 975
958 976
958 952
958 953
958 959
959 952
959 953
959 958
960 953
960 961
960 957
961 960
961 964
961 965
961 980
961 982
961 983
961 984
961 953
961 986
961 987
961 988
961 957
962 963
962 966
962 967
962 972
962 974
962 975
962 977
962 990
962 953
962 989
962 958
962 991
963 953
963 962
963 958
964 961
964 953
964 965
965 961
965 964
965 966
965 968
965 980
965 981
965 982
965 953
966 962
966 965
966 967
966 968
966 1005
966 1006
966 1008
966 1009
966 1010
966 980
966 981
966 953
966 989
966 990
967 953
967 962
967 966
968 953
968 965
968 966
969 952
969 970
969 955
970 969
970 971
970 974
970 976
970 979
970 952
970 955
970 958
971 952
971 970
971 958
972 962
972 1001
972 1002
972 1004
972 973
972 974
972 977
972 978
972 984
972 985
972 955
972 957
972 990
972 991
973 955
973 972
973 957
974 962
974 970
974 972
974 975
974 976
974 977
974 978
974 979
974 955
974 958
975 962
975 974
975 958
976 970
976 958
976 974
977 962
977 972
977 974
978 955
978 972
978 974
979 970
979 955
979 974
980 961
980 994
980 995
980 965
980 966
980 1005
980 1006
980 1007
980 981
980 982
980 986
980 987
981 980
981 965
981 966
982 961
982 980
982 965
983 984
983 961
983 957
984 992
984 961
984 993
984 1001
984 1002
984 1003
984 972
984 983
984 985
984 986
984 988
984 957
985 984
985 972
985 957
986 992
986 961
986 993
986 994
986 995
986 996
986 997
986 998
986 999
986 1000
986 980
986 984
986 987
986 988
987 961
987 986
987 980
988 984
988 961
988 986
989 962
989 990
989 966
990 962
990 966
990 1001
990 972
990 1004
990 1008
990 1009
990 1014
990 1016
990 1017
990 989
990 991
991 962
991 972
991 990
992 984
992 993
992 986
993 992
993 996
993 997
993 1001
993 1003
993 1014
993 1015
993 984
993 986
993 1019
994 1025
994 995
994 999
994 1000
994 1006
994 1007
994 1011
994 980
994 1012
994 986
994 1020
994 1022
995 986
995 994
995 980
996 993
996 986
996 997
997 1024
997 993
997 1018
997 996
997 998
997 999
997 1008
997 1011
997 1013
997 1014
997 1015
997 986
997 1020
997 1023
998 986
998 997
998 999
999 994
999 997
999 998
999 1000
999 1011
999 1012
999 1013
999 986
1000 986
1000 994
1000 999
1001 993
1001 1002
1001 1003
1001 972
1001 1004
1001 1014
1001 984
1001 1017
1001 1019
1001 990
1002 984
1002 1001
1002 972
1003 984
1003 1001
1003 993
1004 1001
1004 972
1004 990
1005 980
1005 966
1005 1006
1006 1025
1006 994
1006 966
1006 1005
1006 1007
1006 1008
1006 1010
1006 980
1006 1020
1006 1021
1007 994
1007 980
1007 1006
1008 997
1008 966
1008 1006
1008 1009
1008 1010
1008 1014
1008 1016
1008 1018
1008 1020
1008 1021
1008 990
1008 1023
1009 1008
1009 990
1009 966
1010 1008
1010 966
1010 1006
1011 1024
1011 994
1011 997
1011 999
1011 1012
1011 1013
1011 1020
1011 1022
1012 994
1012 1011
1012 999
1013 1011
1013 997
1013 999
1014 993
1014 997
1014 1001
1014 1008
1014 1015
1014 1016
1014 1017
1014 1018
1014 1019
1014 990
1015 993
1015 997
1015 1014
1016 1008
1016 990
1016 1014
1017 1001
1017 990
1017 1014
1018 1008
1018 997
1018 1014
1019 1001
1019 993
1019 1014
1020 1024
1020 1025
1020 994
1020 997
1020 1006
1020 1008
1020 1011
1020 1021
1020 1022
1020 1023
1021 1008
1021 1020
1021 1006
1022 994
1022 1011
1022 1020
1023 1008
1023 1020
1023 997
1024 1011
1024 1020
1024 997
1025 994
1025 1020
1025 1006
1026 1027
1026 1028
1026 1029
1026 1060
1026 1059
1026 1032
1026 1033
1026 1062
1026 1043
1026 1044
1026 1045
1026 1046
1026 1053
1026 1054
1027 1026
1027 1028
1027 1029
1027 1030
1027 1031
1027 1032
1027 1033
1027 1034
1027 1035
1027 1036
1027 1037
1027 1038
1027 1039
1027 1040
1027 1041
1027 1042
1028 1026
1028 1027
1028 1029
1029 1026
1029 1027
1029 1028
1029 1058
1029 1030
1029 1031
1029 1043
1029 1044
1029 1307
1029 1308
1030 1027
1030 1029
1030 1031
1031 1058
1031 1027
1031 1029
1031 1030
1031 1034
1031 1035
1031 1071
1031 1304
1031 1305
1031 1307
1032 1026
1032 1027
1032 1033
1032 1036
1032 1037
1032 1292
1032 1293
1032 1072
1032 1069
1032 1294
1032 1295
1032 1045
1032 1046
1032 1085
1033 1032
1033 1026
1033 1027
1034 1035
1034 1027
1034 1031
1035 1027
1035 1305
1035 1031
1035 1034
1035 1306
1035 1066
1035 1038
1035 1039
1035 1071
1035 1047
1035 1048
1035 1049
1035 1050
1035 1309
1036 1027
1036 1032
1036 1037
1036 1069
1036 1295
1036 1041
1036 1042
1036 1297
1036 1051
1036 1052
1037 1032
1037 1027
1037 1036
1038 1089
1038 1027
1038 1098
1038 1035
1038 1103
1038 1039
1039 1027
1039 1063
1039 1064
1039 1065
1039 1035
1039 1038
1039 1040
1039 1041
1039 1047
1039 1048
1040 1041
1040 1027
1040 1039
1041 1027
1041 1063
1041 1064
1041 1083
1041 1036
1041 1068
1041 1069
1041 1039
1041 1040
1041 1042
1041 1075
1041 1076
1041 1078
1041 1079
1041 1051
1041 1052
1042 1041
1042 1027
1042 1036
1043 1026
1043 1044
1043 1029
1044 1056
1044 1057
1044 1026
1044 1058
1044 1029
1044 1043
1044 1308
1044 1053
1044 1054
1044 1055
1045 1026
1045 1059
1045 1060
1045 1032
1045 1292
1045 1072
1045 1296
1045 1046
1046 1032
1046 1026
1046 1045
1047 1063
1047 1065
1047 1066
1047 1035
1047 1067
1047 1039
1047 1074
1047 1075
1047 1077
1047 1048
1047 1049
1047 1050
1048 1035
1048 1039
1048 1047
1049 1066
1049 1067
1049 1035
1049 1047
1049 1050
1049 1309
1050 1049
1050 1035
1050 1047
1051 1041
1051 1036
1051 1052
1052 1036
1052 1069
1052 1068
1052 1041
1052 1297
1052 1051
1053 1026
1053 1044
1053 1054
1054 1056
1054 1026
1054 1059
1054 1061
1054 1062
1054 1044
1054 1053
1054 1055
1055 1056
1055 1044
1055 1054
1056 1057
1056 1058
1056 1059
1056 1061
1056 1070
1056 1071
1056 1072
1056 1073
1056 1044
1056 1078
1056 1086
1056 1081
1056 1084
1056 1085
1056 1054
1056 1055
1057 1056
1057 1058
1057 1044
1058 1056
1058 1057
1058 1029
1058 1031
1058 1070
1058 1071
1058 1044
1058 1304
1058 1307
1058 1308
1059 1056
1059 1026
1059 1060
1059 1061
1059 1062
1059 1072
1059 1073
1059 1296
1059 1045
1059 1054
1060 1026
1060 1059
1060 1045
1061 1056
1061 1059
1061 1054
1062 1026
1062 1059
1062 1054
1063 1064
1063 1065
1063 1039
1063 1041
1063 1074
1063 1075
1063 1076
1063 1047
1064 1041
1064 1039
1064 1063
1065 1039
1065 1063
1065 1047
1066 1067
1066 1306
1066 1035
1066 1071
1066 1075
1066 1077
1066 1078
1066 1047
1066 1080
1066 1049
1066 1082
1066 1309
1067 1049
1067 1066
1067 1047
1068 1041
1068 1052
1068 1069
1069 1032
1069 1068
1069 1036
1069 1294
1069 1295
1069 1041
1069 1297
1069 1078
1069 1083
1069 1052
1069 1085
1069 1087
1070 1056
1070 1058
1070 1071
1071 1056
1071 1058
1071 1305
1071 1031
1071 1066
1071 1035
1071 1306
1071 1070
1071 1078
1071 1304
1071 1081
1071 1082
1072 1056
1072 1059
1072 1032
1072 1292
1072 1293
1072 1296
1072 1073
1072 1045
1072 1085
1072 1086
1073 1072
1073 1056
1073 1059
1074 1075
1074 1063
1074 1047
1075 1063
1075 1066
1075 1041
1075 1074
1075 1076
1075 1077
1075 1078
1075 1047
1075 1079
1075 1080
1076 1041
1076 1075
1076 1063
1077 1066
1077 1075
1077 1047
1078 1056
1078 1066
1078 1069
1078 1071
1078 1041
1078 1075
1078 1079
1078 1080
1078 1081
1078 1082
1078 1083
1078 1084
1078 1085
1078 1087
1079 1041
1079 1075
1079 1078
1080 1066
1080 1075
1080 1078
1081 1056
1081 1078
1081 1071
1082 1066
1082 1078
1082 1071
1083 1041
1083 1069
1083 1078
1084 1056
1084 1085
1084 1078
1085 1056
1085 1032
1085 1069
1085 1293
1085 1294
1085 1072
1085 1078
1085 1084
1085 1086
1085 1087
1086 1072
1086 1056
1086 1085
1087 1085
1087 1069
1087 1078
1088 1089
1088 1090
1088 1091
1088 1122
1088 1313
1088 1094
1088 1095
1088 1314
1088 1104
1088 1105
1089 1088
1089 1090
1089 1091
1089 1092
1089 1093
1089 1094
1089 1095
1089 1096
1089 1097
1089 1098
1089 1099
1089 1100
1089 1101
1089 1102
1089 1103
1089 1038
1090 1088
1090 1089
1090 1091
1091 1088
1091 1089
1091 1090
1091 1092
1091 1093
1091 1104
1091 1105
1091 1106
1091 1107
1091 1108
1091 1109
1091 1110
1091 1111
1091 1112
1092 1089
1092 1091
1092 1093
1093 1089
1093 1091
1093 1092
1093 1125
1093 1096
1093 1097
1093 1106
1093 1107
1093 1298
1093 1299
1093 1300
1093 1301
1093 1144
1093 1145
1094 1088
1094 1089
1094 1122
1094 1313
1094 1095
1094 1098
1094 1099
1094 1139
1094 1310
1094 1311
1095 1088
1095 1089
1095 1094
1096 1097
1096 1089
1096 1093
1097 1089
1097 1093
1097 1125
1097 1096
1097 1100
1097 1101
1097 1301
1097 1303
1097 1113
1097 1114
1098 1312
1098 1089
1098 1315
1098 1094
1098 1099
1098 1038
1098 1103
1098 1136
1098 1139
1098 1115
1098 1116
1098 1117
1098 1118
1098 1311
1099 1089
1099 1098
1099 1094
1100 1089
1100 1097
1100 1101
1101 1089
1101 1124
1101 1125
1101 1126
1101 1127
1101 1097
1101 1129
1101 1130
1101 1100
1101 1131
1101 1102
1101 1103
1101 1133
1101 1134
1101 1113
1101 1114
1102 1089
1102 1101
1102 1103
1103 1089
1103 1126
1103 1127
1103 1128
1103 1098
1103 1101
1103 1102
1103 1038
1103 1115
1103 1116
1104 1088
1104 1105
1104 1091
1105 1088
1105 1120
1105 1122
1105 1091
1105 1123
1105 1314
1105 1104
1105 1108
1105 1109
1105 1119
1106 1091
1106 1093
1106 1298
1106 1107
1106 1302
1106 1111
1106 1112
1106 1144
1107 1106
1107 1091
1107 1093
1108 1105
1108 1091
1108 1109
1109 1120
1109 1121
1109 1091
1109 1105
1109 1108
1109 1110
1109 1111
1109 1119
1110 1091
1110 1109
1110 1111
1111 1121
1111 1091
1111 1106
1111 1109
1111 1110
1111 1143
1111 1112
1111 1302
1111 1144
1111 1119
1112 1106
1112 1091
1112 1111
1113 1124
1113 1125
1113 1097
1113 1101
1113 1303
1113 1114
1114 1097
1114 1113
1114 1101
1115 1098
1115 1116
1115 1103
1116 1126
1116 1128
1116 1098
1116 1131
1116 1132
1116 1103
1116 1135
1116 1136
1116 1138
1116 1115
1116 1117
1116 1118
1117 1098
1117 1116
1117 1118
1118 1315
1118 1098
1118 1135
1118 1136
1118 1116
1118 1117
1119 1120
1119 1121
1119 1122
1119 1123
1119 1145
1119 1130
1119 1105
1119 1139
1119 1109
1119 1141
1119 1111
1119 1142
1119 1143
1119 1146
1119 1147
1119 1144
1120 1105
1120 1109
1120 1119
1121 1109
1121 1111
1121 1119
1122 1088
1122 1313
1122 1314
1122 1123
1122 1094
1122 1105
1122 1139
1122 1142
1122 1310
1122 1119
1123 1105
1123 1122
1123 1119
1124 1113
1124 1125
1124 1101
1125 1145
1125 1124
1125 1093
1125 1129
1125 1130
1125 1097
1125 1101
1125 1300
1125 1301
1125 1303
1125 1113
1125 1148
1126 1127
1126 1128
1126 1131
1126 1132
1126 1101
1126 1133
1126 1103
1126 1116
1127 1101
1127 1126
1127 1103
1128 1116
1128 1126
1128 1103
1129 1130
1129 1101
1129 1125
1130 1125
1130 1129
1130 1131
1130 1101
1130 1134
1130 1136
1130 1137
1130 1139
1130 1140
1130 1141
1130 1145
1130 1147
1130 1148
1130 1119
1131 1126
1131 1130
1131 1132
1131 1133
1131 1101
1131 1134
1131 1136
1131 1137
1131 1138
1131 1116
1132 1131
1132 1116
1132 1126
1133 1131
1133 1101
1133 1126
1134 1130
1134 1131
1134 1101
1135 1136
1135 1116
1135 1118
1136 1312
1136 1315
1136 1130
1136 1131
1136 1098
1136 1135
1136 1137
1136 1138
1136 1139
1136 1140
1136 1116
1136 1118
1137 1136
1137 1130
1137 1131
1138 1136
1138 1131
1138 1116
1139 1312
1139 1122
1139 1311
1139 1094
1139 1130
1139 1098
1139 1136
1139 1140
1139 1141
1139 1142
1139 1310
1139 1119
1140 1136
1140 1130
1140 1139
1141 1130
1141 1139
1141 1119
1142 1122
1142 1139
1142 1119
1143 1144
1143 1111
1143 1119
1144 1093
1144 1298
1144 1106
1144 1299
1144 1111
1144 1143
1144 1302
1144 1145
1144 1146
1144 1119
1145 1125
1145 1093
1145 1130
1145 1299
1145 1300
1145 1144
1145 1146
1145 1147
1145 1148
1145 1119
1146 1144
1146 1145
1146 1119
1147 1145
1147 1130
1147 1119
1148 1145
1148 1130
1148 1125
1149 1152
1149 1153
1149 1154
1149 1155
1149 736
1149 1156
1149 1157
1149 780
1149 751
1149 752
1149 721
1149 754
1149 726
1149 762
1149 1150
1149 1151
1150 721
1150 1149
1150 726
1151 721
1151 1149
1151 751
1152 752
1152 1149
1152 726
1153 780
1153 1149
1153 751
1154 752
1154 754
1154 1149
1155 762
1155 780
1155 1149
1156 736
1156 754
1156 1149
1157 736
1157 762
1157 1149
1158 866
1158 271
1158 863
1159 866
1159 269
1159 271
1160 866
1160 266
1160 269
1161 272
1161 266
1161 866
1162 272
1162 866
1162 275
1163 866
1163 275
1163 278
1164 281
1164 866
1164 278
1165 281
1165 866
1165 882
1166 299
1166 271
1166 863
1167 299
1167 869
1167 863
1168 281
1168 882
1168 306
1169 889
1169 306
1169 882
1170 299
1170 303
1170 271
1171 271
1171 286
1171 303
1172 299
1172 315
1172 869
1173 317
1173 315
1173 869
1174 312
1174 281
1174 306
1175 312
1175 281
1175 291
1176 889
1176 306
1176 322
1177 889
1177 322
1177 335
1178 293
1178 286
1178 303
1179 299
1179 315
1179 319
1180 312
1180 297
1180 291
1181 306
1181 323
1181 322
1182 331
1182 315
1182 319
1183 322
1183 323
1183 326
1184 1185
1184 1186
1184 1187
1184 1188
1184 1189
1184 1191
1184 1192
1184 1194
1184 1195
1184 1196
1184 1197
1184 1198
1185 1184
1185 1186
1185 1187
1185 1188
1185 1190
1185 1191
1185 1192
1185 1193
1185 1194
1185 1196
1185 1199
1185 1200
1186 1184
1186 1185
1186 1187
1187 1184
1187 1185
1187 1186
1187 1188
1187 1189
1187 1190
1188 1184
1188 1185
1188 1187
1188 1189
1188 1190
1188 1193
1188 1194
1188 1195
1189 1184
1189 1187
1189 1188
1190 1185
1190 1187
1190 1188
1191 1184
1191 1185
1191 1192
1191 1196
1191 1198
1191 1200
1192 1184
1192 1185
1192 1191
1193 1185
1193 1194
1193 1188
1194 1184
1194 1185
1194 1188
1194 1193
1194 1195
1194 1196
1194 1197
1194 1199
1195 1184
1195 1194
1195 1188
1196 1184
1196 1185
1196 1191
1196 1194
1196 1197
1196 1198
1196 1199
1196 1200
1197 1184
1197 1194
1197 1196
1198 1184
1198 1196
1198 1191
1199 1185
1199 1194
1199 1196
1200 1185
1200 1196
1200 1191
1201 1280
1201 1281
1201 1282
1201 1283
1201 1202
1201 1203
1201 1204
1201 1206
1201 1207
1201 1208
1201 1210
1201 1211
1202 1201
1202 1203
1202 1204
1202 1205
1202 1206
1202 1207
1202 1208
1202 1209
1202 1210
1202 1211
1202 1212
1202 1213
1203 1201
1203 1202
1203 1204
1204 1280
1204 1201
1204 1202
1204 1203
1204 1205
1204 1206
1205 1202
1205 1204
1205 1206
1206 1280
1206 1281
1206 1201
1206 1202
1206 1204
1206 1205
1206 1209
1206 1210
1207 1283
1207 1201
1207 1202
1207 1208
1207 1211
1207 1212
1208 1201
1208 1202
1208 1207
1209 1210
1209 1202
1209 1206
1210 1281
1210 1282
1210 1201
1210 1202
1210 1206
1210 1209
1210 1211
1210 1213
1211 1282
1211 1283
1211 1201
1211 1202
1211 1207
1211 1210
1211 1212
1211 1213
1212 1202
1212 1211
1212 1207
1213 1202
1213 1210
1213 1211
1214 1216
1214 1217
1214 1220
1214 1221
1214 1227
1214 1228
1214 1243
1214 1246
1214 1215
1215 1216
1215 1217
1215 1218
1215 1219
1215 1220
1215 1221
1215 1222
1215 1223
1215 1224
1215 1225
1215 1226
1215 1214
1216 1217
1216 1214
1216 1215
1217 1216
1217 1218
1217 1219
1217 1246
1217 1236
1217 1243
1217 1244
1217 1245
1217 1214
1217 1215
1218 1217
1218 1219
1218 1215
1219 1217
1219 1218
1219 1222
1219 1223
1219 1236
1219 1241
1219 1245
1219 1215
1220 1221
1220 1224
1220 1225
1220 1227
1220 1228
1220 1229
1220 1230
1220 1231
1220 1214
1220 1215
1221 1220
1221 1214
1221 1215
1222 1223
1222 1219
1222 1215
1223 1219
1223 1222
1223 1224
1223 1226
1223 1232
1223 1234
1223 1235
1223 1236
1223 1241
1223 1215
1224 1220
1224 1223
1224 1225
1224 1226
1224 1229
1224 1231
1224 1232
1224 1233
1224 1234
1224 1215
1225 1224
1225 1220
1225 1215
1226 1224
1226 1215
1226 1223
1227 1228
1227 1220
1227 1214
1228 1220
1228 1227
1228 1229
1228 1230
1228 1237
1228 1240
1228 1214
1229 1220
1229 1224
1229 1228
1229 1230
1229 1231
1229 1232
1229 1233
1229 1237
1229 1238
1229 1240
1230 1228
1230 1220
1230 1229
1231 1224
1231 1220
1231 1229
1232 1223
1232 1224
1232 1229
1232 1233
1232 1234
1232 1235
1232 1236
1232 1237
1232 1238
1232 1239
1233 1232
1233 1229
1233 1224
1234 1224
1234 1232
1234 1223
1235 1232
1235 1236
1235 1223
1236 1217
1236 1219
1236 1223
1236 1232
1236 1235
1236 1237
1236 1239
1236 1241
1236 1242
1236 1243
1236 1244
1236 1245
1237 1228
1237 1229
1237 1232
1237 1236
1237 1238
1237 1239
1237 1240
1237 1242
1237 1243
1238 1232
1238 1229
1238 1237
1239 1232
1239 1236
1239 1237
1240 1229
1240 1228
1240 1237
1241 1219
1241 1236
1241 1223
1242 1243
1242 1236
1242 1237
1243 1217
1243 1236
1243 1237
1243 1242
1243 1244
1243 1246
1243 1214
1244 1217
1244 1243
1244 1236
1245 1217
1245 1219
1245 1236
1246 1217
1246 1243
1246 1214
1247 1248
1247 1249
1247 1250
1247 1253
1247 1254
1247 1271
1247 1275
1247 1277
1247 1278
1247 1279
1248 1249
1248 1250
1248 1251
1248 1252
1248 1253
1248 1254
1248 1255
1248 1256
1248 1257
1248 1258
1248 1259
1248 1247
1249 1248
1249 1250
1249 1247
1250 1248
1250 1249
1250 1251
1250 1252
1250 1279
1250 1260
1250 1261
1250 1275
1250 1247
1251 1248
1251 1250
1251 1252
1252 1248
1252 1250
1252 1251
1252 1255
1252 1256
1252 1260
1252 1261
1252 1262
1252 1263
1252 1264
1253 1248
1253 1254
1253 1247
1254 1248
1254 1253
1254 1257
1254 1258
1254 1271
1254 1274
1254 1277
1254 1247
1255 1248
1255 1256
1255 1252
1256 1248
1256 1252
1256 1255
1256 1257
1256 1259
1256 1263
1256 1264
1256 1265
1256 1266
1256 1273
1257 1248
1257 1254
1257 1256
1257 1258
1257 1259
1257 1266
1257 1271
1257 1272
1257 1273
1257 1274
1258 1248
1258 1257
1258 1254
1259 1256
1259 1257
1259 1248
1260 1250
1260 1252
1260 1261
1260 1262
1260 1263
1260 1268
1260 1269
1261 1250
1261 1260
1261 1252
1262 1260
1262 1252
1262 1263
1263 1252
1263 1256
1263 1260
1263 1262
1263 1264
1263 1265
1263 1266
1263 1267
1263 1268
1263 1269
1264 1256
1264 1252
1264 1263
1265 1256
1265 1266
1265 1263
1266 1256
1266 1257
1266 1263
1266 1265
1266 1267
1266 1268
1266 1270
1266 1271
1266 1272
1266 1273
1267 1266
1267 1268
1267 1263
1268 1260
1268 1263
1268 1266
1268 1267
1268 1269
1268 1270
1268 1271
1268 1275
1268 1276
1269 1260
1269 1268
1269 1263
1270 1266
1270 1268
1270 1271
1271 1254
1271 1257
1271 1266
1271 1268
1271 1270
1271 1272
1271 1274
1271 1275
1271 1276
1271 1277
1271 1278
1271 1247
1272 1257
1272 1266
1272 1271
1273 1256
1273 1257
1273 1266
1274 1257
1274 1254
1274 1271
1275 1250
1275 1279
1275 1268
1275 1271
1275 1276
1275 1278
1275 1247
1276 1275
1276 1268
1276 1271
1277 1247
1277 1254
1277 1271
1278 1247
1278 1275
1278 1271
1279 1250
1279 1275
1279 1247
1280 1201
1280 1204
1280 1206
1281 1201
1281 1210
1281 1206
1282 1201
1282 1210
1282 1211
1283 1201
1283 1211
1283 1207
1284 259
1284 262
1284 263
1285 259
1285 262
1285 254
1286 250
1286 259
1286 254
1287 250
1287 259
1287 255
1288 258
1288 262
1288 254
1289 250
1289 251
1289 255
1290 248
1290 250
1290 251
1291 248
1291 251
1291 245
1292 1032
1292 1072
1292 1045
1293 1072
1293 1032
1293 1085
1294 1032
1294 1085
1294 1069
1295 1032
1295 1036
1295 1069
1296 1072
1296 1059
1296 1045
1297 1052
1297 1036
1297 1069
1298 1144
1298 1106
1298 1093
1299 1144
1299 1145
1299 1093
1300 1145
1300 1125
1300 1093
1301 1097
1301 1093
1301 1125
1302 1144
1302 1106
1302 1111
1303 1113
1303 1097
1303 1125
1304 1058
1304 1071
1304 1031
1305 1035
1305 1031
1305 1071
1306 1066
1306 1035
1306 1071
1307 1058
1307 1029
1307 1031
1308 1058
1308 1044
1308 1029
1309 1049
1309 1066
1309 1035
1310 1122
1310 1139
1310 1094
1311 1098
1311 1139
1311 1094
1312 1136
1312 1098
1312 1139
1313 1088
1313 1122
1313 1094
1314 1088
1314 1105
1314 1122
1315 1136
1315 1098
1315 1118
1316 385
1316 378
1316 356
1317 385
1317 379
1317 356
1318 433
1318 404
1318 423
1319 433
1319 426
1319 404
1320 33
1320 634
1320 659
1321 626
1321 341
1321 646
1322 1323
1322 1324
1322 1325
1322 1329
1322 1330
1322 1331
1322 1334
1322 1335
1323 1322
1323 1324
1323 1325
1323 1326
1323 1327
1323 1328
1323 1329
1323 1330
1324 1322
1324 1323
1324 1325
1325 1322
1325 1323
1325 1324
1325 1326
1325 1327
1325 1331
1325 1335
1325 1336
1325 1337
1325 1338
1325 1339
1325 1340
1326 1323
1326 1325
1326 1327
1327 1323
1327 1325
1327 1326
1327 1328
1327 1329
1327 1339
1327 1340
1327 1341
1328 1329
1328 1323
1328 1327
1329 1322
1329 1323
1329 1327
1329 1328
1329 1330
1329 1331
1329 1332
1329 1333
1329 1334
1329 1339
1329 1341
1329 1342
1330 1329
1330 1322
1330 1323
1331 1322
1331 1325
1331 1329
1331 1332
1331 1333
1331 1334
1331 1335
1331 1336
1331 1337
1332 1329
1332 1331
1332 1333
1332 1339
1332 1342
1333 1329
1333 1331
1333 1332
1334 1329
1334 1322
1334 1331
1335 1322
1335 1331
1335 1325
1336 1337
1336 1331
1336 1325
1337 1325
1337 1331
1337 1336
1337 1338
1337 1339
1338 1337
1338 1339
1338 1325
1339 1325
1339 1327
1339 1329
1339 1332
1339 1337
1339 1338
1339 1340
1339 1341
1339 1342
1340 1339
1340 1325
1340 1327
1341 1329
1341 1339
1341 1327
1342 1329
1342 1339
1342 1332
1343 1344
1343 1345
1343 1346
1343 1347
1343 1348
1343 1354
1343 1356
1343 1357
1343 1358
1344 1345
1344 1346
1344 1354
1344 1358
1344 1343
1345 1344
1345 1346
1345 1343
1346 1344
1346 1345
1346 1347
1346 1348
1346 1349
1346 1350
1346 1351
1346 1352
1346 1343
1347 1346
1347 1348
1347 1343
1348 1346
1348 1347
1348 1349
1348 1350
1348 1343
1349 1346
1349 1348
1349 1350
1350 1346
1350 1348
1350 1349
1350 1351
1350 1352
1350 1353
1350 1354
1350 1355
1350 1356
1351 1352
1351 1346
1351 1350
1352 1346
1352 1350
1352 1351
1352 1353
1352 1354
1353 1352
1353 1354
1353 1350
1354 1344
1354 1350
1354 1352
1354 1353
1354 1355
1354 1356
1354 1357
1354 1358
1354 1343
1355 1354
1355 1356
1355 1350
1356 1350
1356 1354
1356 1355
1356 1357
1356 1343
1357 1354
1357 1356
1357 1343
1358 1344
1358 1354
1358 1343
1359 1418
1359 1433
1359 1360
1359 1361
1359 1362
1359 1363
1359 1364
1359 1365
1359 1366
1359 1367
1359 1368
1359 1426
1359 1427
1359 1428
1360 1359
1360 1361
1360 1362
1360 1428
1360 1433
1361 1360
1361 1362
1361 1359
1362 1383
1362 1389
1362 1390
1362 1359
1362 1360
1362 1361
1362 1391
1362 1363
1362 1364
1363 1362
1363 1364
1363 1359
1364 1379
1364 1383
1364 1359
1364 1391
1364 1392
1364 1362
1364 1363
1364 1393
1364 1365
1364 1366
1365 1364
1365 1366
1365 1359
1366 1379
1366 1359
1366 1393
1366 1394
1366 1364
1366 1365
1366 1367
1366 1368
1366 1369
1366 1370
1367 1368
1367 1366
1367 1359
1368 1411
1368 1412
1368 1413
1368 1417
1368 1418
1368 1359
1368 1426
1368 1403
1368 1366
1368 1367
1368 1369
1368 1370
1368 1371
1368 1372
1369 1368
1369 1370
1369 1366
1370 1377
1370 1379
1370 1394
1370 1395
1370 1396
1370 1366
1370 1368
1370 1369
1370 1371
1370 1372
1370 1373
1370 1374
1371 1368
1371 1370
1371 1372
1372 1411
1372 1402
1372 1403
1372 1368
1372 1370
1372 1371
1372 1373
1372 1374
1373 1370
1373 1372
1373 1374
1374 1376
1374 1377
1374 1440
1374 1441
1374 1402
1374 1396
1374 1397
1374 1398
1374 1399
1374 1400
1374 1401
1374 1370
1374 1403
1374 1372
1374 1373
1374 1375
1375 1376
1375 1377
1375 1378
1375 1379
1375 1380
1375 1381
1375 1406
1375 1397
1375 1398
1375 1404
1375 1405
1375 1374
1376 1377
1376 1374
1376 1375
1377 1376
1377 1378
1377 1379
1377 1395
1377 1396
1377 1370
1377 1374
1377 1375
1378 1377
1378 1379
1378 1375
1379 1377
1379 1378
1379 1380
1379 1381
1379 1382
1379 1383
1379 1392
1379 1393
1379 1394
1379 1395
1379 1364
1379 1366
1379 1370
1379 1375
1380 1379
1380 1381
1380 1375
1381 1379
1381 1380
1381 1382
1381 1383
1381 1384
1381 1385
1381 1414
1381 1405
1381 1406
1381 1375
1382 1379
1382 1381
1382 1383
1383 1379
1383 1381
1383 1382
1383 1384
1383 1385
1383 1386
1383 1387
1383 1388
1383 1389
1383 1390
1383 1391
1383 1392
1383 1362
1383 1364
1384 1385
1384 1381
1384 1383
1385 1381
1385 1414
1385 1383
1385 1384
1385 1386
1385 1387
1385 1419
1385 1420
1385 1421
1385 1405
1386 1385
1386 1387
1386 1383
1387 1383
1387 1385
1387 1386
1387 1388
1387 1389
1387 1421
1387 1420
1387 1429
1387 1430
1388 1387
1388 1389
1388 1383
1389 1383
1389 1387
1389 1388
1389 1390
1389 1362
1390 1362
1390 1389
1390 1383
1391 1362
1391 1364
1391 1383
1392 1379
1392 1364
1392 1383
1393 1379
1393 1364
1393 1366
1394 1370
1394 1379
1394 1366
1395 1377
1395 1370
1395 1379
1396 1377
1396 1370
1396 1374
1397 1440
1397 1439
1397 1398
1397 1401
1397 1404
1397 1405
1397 1374
1397 1375
1398 1397
1398 1374
1398 1375
1399 1408
1399 1441
1399 1442
1399 1400
1399 1401
1399 1403
1399 1374
1399 1407
1400 1401
1400 1374
1400 1399
1401 1408
1401 1409
1401 1410
1401 1438
1401 1440
1401 1439
1401 1397
1401 1399
1401 1400
1401 1405
1401 1374
1401 1407
1402 1403
1402 1372
1402 1374
1403 1408
1403 1441
1403 1442
1403 1411
1403 1412
1403 1413
1403 1443
1403 1399
1403 1368
1403 1402
1403 1372
1403 1374
1404 1405
1404 1397
1404 1375
1405 1410
1405 1438
1405 1381
1405 1414
1405 1439
1405 1385
1405 1419
1405 1420
1405 1397
1405 1401
1405 1404
1405 1437
1405 1406
1405 1375
1406 1381
1406 1405
1406 1375
1407 1408
1407 1401
1407 1399
1408 1409
1408 1410
1408 1442
1408 1443
1408 1413
1408 1444
1408 1415
1408 1416
1408 1422
1408 1423
1408 1399
1408 1401
1408 1403
1408 1407
1409 1408
1409 1401
1409 1410
1410 1408
1410 1409
1410 1415
1410 1416
1410 1420
1410 1405
1410 1401
1410 1436
1410 1437
1410 1438
1411 1368
1411 1403
1411 1372
1412 1368
1412 1403
1412 1413
1413 1408
1413 1443
1413 1412
1413 1444
1413 1445
1413 1417
1413 1418
1413 1423
1413 1368
1413 1403
1414 1385
1414 1381
1414 1405
1415 1408
1415 1410
1415 1416
1416 1408
1416 1410
1416 1415
1416 1420
1416 1422
1416 1423
1416 1424
1416 1425
1416 1435
1416 1436
1417 1368
1417 1418
1417 1413
1418 1413
1418 1445
1418 1446
1418 1417
1418 1359
1418 1423
1418 1426
1418 1427
1418 1428
1418 1368
1419 1385
1419 1420
1419 1405
1420 1410
1420 1416
1420 1385
1420 1419
1420 1387
1420 1421
1420 1425
1420 1429
1420 1430
1420 1434
1420 1435
1420 1436
1420 1405
1420 1437
1421 1385
1421 1387
1421 1420
1422 1408
1422 1416
1422 1423
1423 1408
1423 1444
1423 1413
1423 1445
1423 1446
1423 1416
1423 1447
1423 1418
1423 1422
1423 1424
1423 1425
1423 1428
1423 1431
1423 1432
1424 1416
1424 1425
1424 1423
1425 1416
1425 1420
1425 1423
1425 1424
1425 1430
1425 1431
1425 1432
1425 1434
1425 1435
1426 1368
1426 1418
1426 1359
1427 1418
1427 1428
1427 1359
1428 1446
1428 1447
1428 1418
1428 1359
1428 1360
1428 1423
1428 1427
1428 1431
1428 1433
1429 1387
1429 1420
1429 1430
1430 1387
1430 1420
1430 1425
1430 1429
1430 1434
1431 1447
1431 1423
1431 1425
1431 1428
1431 1432
1432 1423
1432 1425
1432 1431
1433 1360
1433 1428
1433 1359
1434 1425
1434 1420
1434 1430
1435 1416
1435 1425
1435 1420
1436 1416
1436 1410
1436 1420
1437 1410
1437 1420
1437 1405
1438 1401
1438 1410
1438 1405
1439 1401
1439 1397
1439 1405
1440 1401
1440 1397
1440 1374
1441 1403
1441 1374
1441 1399
1442 1408
1442 1403
1442 1399
1443 1408
1443 1403
1443 1413
1444 1408
1444 1413
1444 1423
1445 1418
1445 1413
1445 1423
1446 1418
1446 1428
1446 1423
1447 1423
1447 1428
1447 1431
1448 1829
1448 1830
1448 1449
1448 1450
1448 1451
1448 1452
1448 1453
1448 1454
1448 1455
1448 1459
1449 1830
1449 1448
1449 1450
1449 1451
1449 1459
1449 1460
1449 1462
1449 1463
1450 1448
1450 1449
1450 1451
1451 1828
1451 1448
1451 1449
1451 1450
1451 1452
1451 1453
1451 1460
1451 1463
1452 1448
1452 1451
1452 1453
1453 1827
1453 1828
1453 1448
1453 1451
1453 1452
1453 1454
1453 1455
1453 1456
1453 1457
1453 1460
1454 1448
1454 1453
1454 1455
1455 1829
1455 1448
1455 1453
1455 1454
1455 1456
1455 1457
1455 1458
1455 1459
1456 1457
1456 1453
1456 1455
1457 1827
1457 1453
1457 1455
1457 1456
1457 1458
1457 1459
1457 1460
1457 1461
1458 1457
1458 1459
1458 1455
1459 1829
1459 1830
1459 1448
1459 1449
1459 1455
1459 1457
1459 1458
1459 1460
1459 1461
1459 1462
1460 1827
1460 1828
1460 1449
1460 1451
1460 1453
1460 1457
1460 1459
1460 1461
1460 1462
1460 1463
1461 1457
1461 1459
1461 1460
1462 1449
1462 1459
1462 1460
1463 1449
1463 1451
1463 1460
1464 1537
1464 1538
1464 1475
1464 1539
1464 1477
1464 1478
1464 1479
1464 1565
1464 1550
1464 1551
1464 1523
1464 1465
1464 1466
1464 1467
1464 1468
1464 1469
1464 1566
1464 1567
1465 1475
1465 1479
1465 1481
1465 1464
1465 1466
1465 1467
1466 1464
1466 1465
1466 1467
1467 1472
1467 1473
1467 1475
1467 1480
1467 1481
1467 1464
1467 1465
1467 1466
1467 1468
1467 1469
1467 1470
1467 1471
1468 1464
1468 1467
1468 1469
1469 1536
1469 1537
1469 1542
1469 1496
1469 1503
1469 1549
1469 1523
1469 1464
1469 1467
1469 1468
1469 1470
1469 1471
1470 1467
1470 1469
1470 1471
1471 1549
1471 1556
1471 1557
1471 1558
1471 1559
1471 1560
1471 1561
1471 1562
1471 1563
1471 1564
1471 1467
1471 1469
1471 1470
1471 1472
1471 1473
1471 1474
1471 1475
1471 1476
1471 1477
1471 1503
1472 1473
1472 1467
1472 1471
1473 1472
1473 1474
1473 1475
1473 1480
1473 1467
1473 1471
1474 1473
1474 1475
1474 1471
1475 1473
1475 1474
1475 1476
1475 1477
1475 1478
1475 1479
1475 1480
1475 1481
1475 1464
1475 1465
1475 1467
1475 1471
1476 1475
1476 1477
1476 1471
1477 1475
1477 1476
1477 1478
1477 1580
1477 1581
1477 1582
1477 1464
1477 1563
1477 1564
1477 1565
1477 1566
1477 1471
1478 1464
1478 1475
1478 1477
1479 1464
1479 1465
1479 1475
1480 1473
1480 1475
1480 1467
1481 1465
1481 1475
1481 1467
1482 1504
1482 1505
1482 1506
1482 1507
1482 1527
1482 1514
1482 1483
1482 1484
1482 1485
1482 1486
1482 1487
1482 1493
1482 1526
1482 1495
1482 1528
1482 1529
1483 1482
1483 1484
1483 1485
1483 1525
1483 1526
1483 1495
1484 1482
1484 1483
1484 1485
1485 1482
1485 1483
1485 1484
1485 1486
1485 1487
1485 1488
1485 1489
1485 1524
1485 1525
1485 1495
1486 1482
1486 1485
1486 1487
1487 1504
1487 1507
1487 1508
1487 1509
1487 1482
1487 1485
1487 1486
1487 1488
1487 1489
1487 1490
1487 1491
1488 1489
1488 1485
1488 1487
1489 1485
1489 1487
1489 1488
1489 1490
1489 1491
1489 1492
1489 1493
1489 1494
1489 1495
1489 1524
1490 1489
1490 1491
1490 1487
1491 1487
1491 1489
1491 1490
1491 1492
1491 1493
1491 1496
1491 1497
1491 1498
1491 1499
1492 1489
1492 1491
1492 1493
1493 1527
1493 1528
1493 1482
1493 1514
1493 1517
1493 1489
1493 1491
1493 1492
1493 1494
1493 1495
1493 1496
1493 1497
1493 1530
1493 1531
1494 1489
1494 1493
1494 1495
1495 1527
1495 1482
1495 1483
1495 1485
1495 1489
1495 1524
1495 1493
1495 1494
1495 1525
1495 1526
1496 1536
1496 1534
1496 1542
1496 1517
1496 1469
1496 1491
1496 1523
1496 1493
1496 1531
1496 1497
1496 1498
1496 1499
1496 1500
1496 1501
1496 1502
1496 1503
1497 1496
1497 1491
1497 1493
1498 1491
1498 1496
1498 1499
1498 1500
1498 1501
1499 1496
1499 1498
1499 1491
1500 1496
1500 1498
1500 1501
1501 1707
1501 1712
1501 1496
1501 1498
1501 1500
1501 1502
1501 1503
1502 1496
1502 1501
1502 1503
1503 1501
1503 1572
1503 1573
1503 1542
1503 1574
1503 1575
1503 1707
1503 1549
1503 1711
1503 1712
1503 1556
1503 1557
1503 1496
1503 1469
1503 1502
1503 1471
1504 1505
1504 1506
1504 1507
1504 1508
1504 1509
1504 1510
1504 1511
1504 1512
1504 1482
1504 1487
1504 1533
1504 1535
1505 1504
1505 1506
1505 1512
1505 1482
1505 1514
1505 1529
1505 1532
1505 1533
1506 1504
1506 1505
1506 1482
1507 1504
1507 1482
1507 1487
1508 1504
1508 1509
1508 1487
1509 1504
1509 1508
1509 1510
1509 1511
1509 1514
1509 1515
1509 1516
1509 1517
1509 1518
1509 1487
1509 1519
1510 1504
1510 1509
1510 1511
1511 1504
1511 1509
1511 1510
1511 1512
1511 1513
1511 1514
1511 1515
1511 1535
1512 1504
1512 1505
1512 1511
1512 1513
1512 1514
1512 1532
1512 1533
1512 1535
1513 1512
1513 1514
1513 1511
1514 1505
1514 1509
1514 1511
1514 1512
1514 1513
1514 1482
1514 1515
1514 1516
1514 1517
1514 1493
1514 1528
1514 1529
1514 1530
1514 1532
1515 1514
1515 1509
1515 1511
1516 1517
1516 1514
1516 1509
1517 1509
1517 1514
1517 1516
1517 1518
1517 1519
1517 1520
1517 1521
1517 1522
1517 1523
1517 1493
1517 1496
1517 1530
1517 1531
1517 1534
1518 1509
1518 1517
1518 1519
1519 1509
1519 1517
1519 1518
1519 1520
1519 1521
1520 1521
1520 1517
1520 1519
1521 1824
1521 1541
1521 1546
1521 1548
1521 1517
1521 1519
1521 1520
1521 1522
1521 1523
1521 1811
1521 1821
1521 1822
1521 1823
1522 1521
1522 1523
1522 1517
1523 1536
1523 1537
1523 1538
1523 1539
1523 1540
1523 1541
1523 1464
1523 1821
1523 1517
1523 1521
1523 1522
1523 1496
1523 1469
1523 1534
1524 1489
1524 1485
1524 1495
1525 1483
1525 1485
1525 1495
1526 1482
1526 1483
1526 1495
1527 1482
1527 1493
1527 1495
1528 1482
1528 1514
1528 1493
1529 1482
1529 1514
1529 1505
1530 1493
1530 1514
1530 1517
1531 1496
1531 1517
1531 1493
1532 1512
1532 1505
1532 1514
1533 1512
1533 1505
1533 1504
1534 1496
1534 1523
1534 1517
1535 1512
1535 1504
1535 1511
1536 1496
1536 1523
1536 1469
1537 1464
1537 1523
1537 1469
1538 1464
1538 1539
1538 1523
1539 1538
1539 1826
1539 1540
1539 1541
1539 1543
1539 1544
1539 1550
1539 1551
1539 1552
1539 1553
1539 1554
1539 1523
1539 1555
1539 1812
1539 1811
1539 1464
1540 1539
1540 1541
1540 1523
1541 1539
1541 1540
1541 1543
1541 1544
1541 1545
1541 1546
1541 1547
1541 1548
1541 1521
1541 1523
1541 1821
1541 1822
1542 1496
1542 1469
1542 1503
1543 1544
1543 1539
1543 1541
1544 1825
1544 1826
1544 1539
1544 1541
1544 1543
1544 1545
1544 1546
1544 1811
1545 1544
1545 1546
1545 1541
1546 1824
1546 1825
1546 1541
1546 1544
1546 1545
1546 1547
1546 1548
1546 1521
1546 1811
1546 1823
1547 1546
1547 1548
1547 1541
1548 1541
1548 1546
1548 1547
1548 1521
1548 1822
1548 1823
1549 1471
1549 1469
1549 1503
1550 1464
1550 1539
1550 1551
1551 1539
1551 1592
1551 1758
1551 1550
1551 1552
1551 1553
1551 1759
1551 1589
1551 1590
1551 1591
1551 1464
1551 1813
1551 1566
1551 1567
1552 1553
1552 1539
1552 1551
1553 1568
1553 1569
1553 1539
1553 1551
1553 1552
1553 1809
1553 1554
1553 1555
1553 1813
1553 1814
1553 1815
1553 1593
1553 1594
1553 1759
1554 1555
1554 1553
1554 1539
1555 1568
1555 1569
1555 1570
1555 1539
1555 1571
1555 1805
1555 1806
1555 1807
1555 1553
1555 1554
1555 1810
1555 1811
1555 1812
1555 1598
1556 1471
1556 1557
1556 1503
1557 1572
1557 1573
1557 1700
1557 1701
1557 1702
1557 1471
1557 1703
1557 1704
1557 1705
1557 1556
1557 1558
1557 1559
1557 1689
1557 1503
1558 1559
1558 1557
1558 1471
1559 1700
1559 1576
1559 1577
1559 1578
1559 1579
1559 1689
1559 1557
1559 1558
1559 1560
1559 1561
1559 1690
1559 1471
1560 1471
1560 1561
1560 1559
1561 1728
1561 1576
1561 1577
1561 1583
1561 1584
1561 1727
1561 1744
1561 1559
1561 1560
1561 1562
1561 1563
1561 1724
1561 1726
1561 1471
1562 1561
1562 1563
1562 1471
1563 1756
1563 1477
1563 1799
1563 1580
1563 1582
1563 1583
1563 1584
1563 1585
1563 1586
1563 1587
1563 1588
1563 1751
1563 1752
1563 1561
1563 1562
1563 1564
1563 1757
1563 1471
1564 1563
1564 1477
1564 1471
1565 1464
1565 1477
1565 1566
1566 1477
1566 1783
1566 1580
1566 1581
1566 1551
1566 1784
1566 1779
1566 1589
1566 1590
1566 1782
1566 1464
1566 1785
1566 1786
1566 1787
1566 1565
1566 1567
1567 1464
1567 1566
1567 1551
1568 1553
1568 1555
1568 1569
1569 1568
1569 1819
1569 1570
1569 1571
1569 1820
1569 1800
1569 1801
1569 1802
1569 1553
1569 1618
1569 1555
1569 1617
1569 1619
1569 1624
1569 1593
1569 1594
1569 1595
1569 1596
1570 1569
1570 1555
1570 1571
1571 1569
1571 1570
1571 1807
1571 1555
1571 1595
1571 1596
1571 1597
1571 1598
1572 1600
1572 1601
1572 1602
1572 1573
1572 1574
1572 1575
1572 1704
1572 1705
1572 1706
1572 1599
1572 1557
1572 1503
1573 1572
1573 1557
1573 1503
1574 1600
1574 1572
1574 1575
1574 1503
1574 1707
1574 1710
1574 1711
1574 1599
1575 1572
1575 1574
1575 1503
1576 1603
1576 1604
1576 1605
1576 1606
1576 1577
1576 1578
1576 1579
1576 1559
1576 1720
1576 1561
1576 1723
1576 1724
1576 1725
1576 1726
1577 1576
1577 1561
1577 1559
1578 1692
1578 1603
1578 1604
1578 1576
1578 1579
1578 1691
1578 1689
1578 1690
1578 1559
1578 1625
1578 1626
1578 1627
1578 1628
1578 1693
1579 1576
1579 1578
1579 1559
1580 1477
1580 1607
1580 1608
1580 1581
1580 1582
1580 1790
1580 1585
1580 1586
1580 1786
1580 1563
1580 1788
1580 1789
1580 1566
1580 1787
1581 1580
1581 1477
1581 1566
1582 1563
1582 1580
1582 1477
1583 1584
1583 1561
1583 1563
1584 1728
1584 1635
1584 1636
1584 1736
1584 1659
1584 1611
1584 1612
1584 1739
1584 1740
1584 1583
1584 1741
1584 1743
1584 1744
1584 1587
1584 1588
1584 1561
1584 1563
1584 1660
1585 1793
1585 1796
1585 1797
1585 1798
1585 1607
1585 1608
1585 1609
1585 1610
1585 1672
1585 1580
1585 1799
1585 1586
1585 1563
1585 1757
1586 1585
1586 1563
1586 1580
1587 1584
1587 1563
1587 1588
1588 1611
1588 1612
1588 1584
1588 1587
1588 1748
1588 1747
1588 1750
1588 1751
1588 1752
1588 1563
1589 1590
1589 1566
1589 1551
1590 1641
1590 1642
1590 1613
1590 1614
1590 1551
1590 1779
1590 1589
1590 1781
1590 1591
1590 1592
1590 1782
1590 1566
1591 1592
1591 1590
1591 1551
1592 1760
1592 1761
1592 1762
1592 1766
1592 1613
1592 1614
1592 1551
1592 1615
1592 1616
1592 1646
1592 1590
1592 1591
1592 1758
1592 1759
1593 1569
1593 1815
1593 1617
1593 1553
1593 1618
1593 1619
1593 1620
1593 1621
1593 1622
1593 1809
1593 1816
1593 1594
1594 1593
1594 1553
1594 1569
1595 1569
1595 1571
1595 1596
1596 1569
1596 1571
1596 1800
1596 1623
1596 1624
1596 1595
1596 1597
1596 1598
1597 1571
1597 1596
1597 1598
1598 1571
1598 1802
1598 1803
1598 1804
1598 1805
1598 1806
1598 1807
1598 1555
1598 1623
1598 1624
1598 1596
1598 1597
1599 1600
1599 1572
1599 1574
1600 1601
1600 1602
1600 1572
1600 1574
1600 1707
1600 1709
1600 1710
1600 1599
1601 1600
1601 1602
1601 1572
1602 1600
1602 1601
1602 1572
1602 1704
1602 1706
1602 1707
1602 1708
1602 1709
1603 1576
1603 1578
1603 1604
1604 1697
1604 1603
1604 1699
1604 1605
1604 1606
1604 1576
1604 1578
1604 1718
1604 1625
1604 1626
1604 1629
1604 1630
1605 1576
1605 1604
1605 1606
1606 1632
1606 1604
1606 1605
1606 1576
1606 1720
1606 1656
1606 1721
1606 1722
1606 1723
1606 1629
1606 1630
1606 1631
1607 1633
1607 1634
1607 1795
1607 1608
1607 1609
1607 1610
1607 1580
1607 1585
1607 1658
1607 1789
1607 1790
1607 1791
1608 1585
1608 1580
1608 1607
1609 1633
1609 1634
1609 1798
1609 1607
1609 1671
1609 1672
1609 1610
1609 1585
1609 1657
1609 1658
1610 1609
1610 1607
1610 1585
1611 1584
1611 1588
1611 1612
1612 1664
1612 1635
1612 1636
1612 1637
1612 1638
1612 1639
1612 1640
1612 1611
1612 1584
1612 1745
1612 1746
1612 1747
1612 1588
1612 1748
1613 1592
1613 1614
1613 1590
1614 1665
1614 1666
1614 1765
1614 1670
1614 1767
1614 1768
1614 1641
1614 1642
1614 1643
1614 1644
1614 1613
1614 1773
1614 1615
1614 1616
1614 1590
1614 1592
1615 1592
1615 1616
1615 1614
1616 1766
1616 1643
1616 1644
1616 1645
1616 1614
1616 1615
1616 1646
1616 1592
1617 1569
1617 1618
1617 1619
1617 1620
1617 1593
1617 1820
1618 1617
1618 1569
1618 1593
1619 1569
1619 1802
1619 1617
1619 1620
1619 1621
1619 1622
1619 1593
1619 1818
1619 1819
1619 1820
1620 1617
1620 1593
1620 1619
1621 1802
1621 1809
1621 1619
1621 1622
1621 1817
1621 1816
1621 1593
1621 1818
1622 1593
1622 1619
1622 1621
1623 1624
1623 1596
1623 1598
1624 1569
1624 1800
1624 1801
1624 1802
1624 1803
1624 1623
1624 1596
1624 1598
1625 1697
1625 1698
1625 1699
1625 1604
1625 1578
1625 1647
1625 1648
1625 1649
1625 1650
1625 1626
1625 1627
1625 1628
1626 1625
1626 1578
1626 1604
1627 1692
1627 1578
1627 1647
1627 1648
1627 1625
1627 1628
1627 1693
1627 1694
1628 1625
1628 1578
1628 1627
1629 1630
1629 1604
1629 1606
1630 1632
1630 1697
1630 1604
1630 1606
1630 1713
1630 1714
1630 1651
1630 1652
1630 1715
1630 1654
1630 1717
1630 1718
1630 1629
1630 1631
1631 1632
1631 1606
1631 1630
1632 1606
1632 1651
1632 1652
1632 1653
1632 1654
1632 1655
1632 1656
1632 1722
1632 1630
1632 1631
1633 1609
1633 1634
1633 1607
1634 1633
1634 1795
1634 1607
1634 1609
1634 1657
1634 1658
1635 1584
1635 1636
1635 1612
1636 1729
1636 1730
1636 1635
1636 1731
1636 1637
1636 1638
1636 1732
1636 1673
1636 1674
1636 1612
1636 1584
1636 1755
1636 1754
1636 1659
1636 1660
1636 1662
1637 1636
1637 1638
1637 1612
1638 1636
1638 1637
1638 1639
1638 1640
1638 1612
1638 1755
1638 1661
1638 1662
1639 1640
1639 1612
1639 1638
1640 1664
1640 1638
1640 1639
1640 1612
1640 1745
1640 1661
1640 1662
1640 1663
1641 1665
1641 1666
1641 1667
1641 1668
1641 1642
1641 1614
1641 1776
1641 1777
1641 1778
1641 1779
1641 1780
1641 1781
1641 1590
1641 1686
1642 1641
1642 1590
1642 1614
1643 1616
1643 1644
1643 1614
1644 1669
1644 1670
1644 1768
1644 1643
1644 1645
1644 1646
1644 1614
1644 1616
1645 1616
1645 1644
1645 1646
1646 1761
1646 1762
1646 1763
1646 1669
1646 1670
1646 1766
1646 1644
1646 1645
1646 1616
1646 1592
1647 1648
1647 1625
1647 1627
1648 1647
1648 1649
1648 1650
1648 1625
1648 1627
1648 1692
1648 1694
1648 1695
1649 1648
1649 1625
1649 1650
1650 1696
1650 1697
1650 1698
1650 1648
1650 1649
1650 1625
1650 1692
1650 1695
1651 1632
1651 1652
1651 1630
1652 1632
1652 1713
1652 1651
1652 1653
1652 1654
1652 1630
1653 1632
1653 1652
1653 1654
1654 1632
1654 1713
1654 1714
1654 1715
1654 1652
1654 1653
1654 1716
1654 1655
1654 1656
1654 1630
1655 1632
1655 1656
1655 1654
1656 1632
1656 1606
1656 1719
1656 1715
1656 1716
1656 1654
1656 1655
1656 1720
1656 1721
1656 1722
1657 1609
1657 1634
1657 1658
1658 1792
1658 1634
1658 1795
1658 1671
1658 1672
1658 1609
1658 1607
1658 1657
1658 1789
1658 1791
1659 1636
1659 1736
1659 1673
1659 1674
1659 1738
1659 1739
1659 1677
1659 1678
1659 1742
1659 1584
1659 1688
1659 1660
1660 1584
1660 1659
1660 1636
1661 1640
1661 1662
1661 1638
1662 1664
1662 1729
1662 1636
1662 1638
1662 1640
1662 1747
1662 1749
1662 1753
1662 1754
1662 1755
1662 1661
1662 1663
1663 1640
1663 1664
1663 1662
1664 1640
1664 1612
1664 1745
1664 1746
1664 1747
1664 1749
1664 1662
1664 1663
1665 1666
1665 1667
1665 1668
1665 1765
1665 1641
1665 1769
1665 1675
1665 1676
1665 1770
1665 1614
1665 1771
1665 1772
1665 1773
1665 1682
1666 1665
1666 1614
1666 1641
1667 1665
1667 1668
1667 1641
1667 1675
1667 1676
1667 1681
1667 1682
1667 1780
1667 1685
1667 1686
1668 1641
1668 1665
1668 1667
1669 1670
1669 1644
1669 1646
1670 1761
1670 1763
1670 1764
1670 1669
1670 1765
1670 1767
1670 1768
1670 1644
1670 1646
1670 1614
1671 1672
1671 1609
1671 1658
1672 1792
1672 1793
1672 1794
1672 1796
1672 1798
1672 1671
1672 1609
1672 1585
1672 1658
1672 1789
1673 1674
1673 1659
1673 1636
1674 1731
1674 1636
1674 1732
1674 1733
1674 1673
1674 1737
1674 1677
1674 1678
1674 1679
1674 1680
1674 1684
1674 1659
1675 1665
1675 1667
1675 1676
1676 1665
1676 1667
1676 1769
1676 1675
1676 1681
1676 1682
1677 1674
1677 1659
1677 1678
1678 1674
1678 1677
1678 1742
1678 1679
1678 1680
1678 1683
1678 1684
1678 1687
1678 1688
1678 1659
1679 1680
1679 1674
1679 1678
1680 1737
1680 1674
1680 1678
1680 1679
1680 1683
1680 1684
1681 1682
1681 1667
1681 1676
1682 1665
1682 1667
1682 1769
1682 1770
1682 1771
1682 1676
1682 1774
1682 1681
1682 1685
1682 1686
1683 1680
1683 1684
1683 1678
1684 1731
1684 1733
1684 1734
1684 1737
1684 1674
1684 1678
1684 1680
1684 1683
1684 1687
1684 1688
1685 1682
1685 1667
1685 1686
1686 1667
1686 1641
1686 1771
1686 1774
1686 1775
1686 1776
1686 1777
1686 1682
1686 1780
1686 1685
1687 1688
1687 1684
1687 1678
1688 1731
1688 1734
1688 1735
1688 1736
1688 1738
1688 1678
1688 1742
1688 1684
1688 1687
1688 1659
1689 1700
1689 1701
1689 1702
1689 1578
1689 1557
1689 1559
1689 1690
1689 1691
1689 1692
1690 1689
1690 1578
1690 1559
1691 1689
1691 1578
1691 1692
1692 1696
1692 1697
1692 1578
1692 1648
1692 1650
1692 1689
1692 1627
1692 1691
1692 1693
1692 1694
1692 1695
1693 1578
1693 1627
1693 1692
1694 1648
1694 1627
1694 1692
1695 1648
1695 1650
1695 1692
1696 1697
1696 1650
1696 1692
1697 1696
1697 1698
1697 1699
1697 1604
1697 1650
1697 1715
1697 1717
1697 1718
1697 1625
1697 1692
1697 1630
1698 1625
1698 1697
1698 1650
1699 1625
1699 1697
1699 1604
1700 1689
1700 1557
1700 1559
1701 1689
1701 1557
1701 1702
1702 1701
1702 1703
1702 1704
1702 1557
1702 1689
1703 1704
1703 1557
1703 1702
1704 1602
1704 1572
1704 1702
1704 1703
1704 1705
1704 1706
1704 1707
1704 1708
1704 1557
1705 1704
1705 1572
1705 1557
1706 1704
1706 1602
1706 1572
1707 1600
1707 1602
1707 1574
1707 1704
1707 1708
1707 1709
1707 1710
1707 1711
1707 1712
1707 1501
1707 1503
1708 1704
1708 1602
1708 1707
1709 1600
1709 1602
1709 1707
1710 1600
1710 1707
1710 1574
1711 1707
1711 1574
1711 1503
1712 1707
1712 1501
1712 1503
1713 1654
1713 1652
1713 1630
1714 1654
1714 1715
1714 1630
1715 1697
1715 1720
1715 1714
1715 1716
1715 1717
1715 1654
1715 1719
1715 1656
1715 1630
1716 1656
1716 1715
1716 1654
1717 1697
1717 1715
1717 1630
1718 1697
1718 1604
1718 1630
1719 1656
1719 1715
1719 1720
1720 1606
1720 1576
1720 1715
1720 1719
1720 1656
1720 1721
1720 1723
1720 1724
1720 1725
1721 1720
1721 1656
1721 1606
1722 1656
1722 1632
1722 1606
1723 1576
1723 1606
1723 1720
1724 1728
1724 1576
1724 1720
1724 1561
1724 1725
1724 1726
1724 1727
1725 1720
1725 1576
1725 1724
1726 1576
1726 1561
1726 1724
1727 1728
1727 1561
1727 1724
1728 1741
1728 1743
1728 1584
1728 1744
1728 1561
1728 1724
1728 1727
1729 1730
1729 1731
1729 1636
1729 1747
1729 1753
1729 1754
1729 1662
1730 1729
1730 1731
1730 1636
1731 1729
1731 1730
1731 1732
1731 1636
1731 1733
1731 1734
1731 1735
1731 1736
1731 1674
1731 1684
1731 1688
1732 1674
1732 1731
1732 1636
1733 1674
1733 1731
1733 1684
1734 1688
1734 1731
1734 1684
1735 1688
1735 1731
1735 1736
1736 1731
1736 1735
1736 1738
1736 1739
1736 1740
1736 1741
1736 1584
1736 1688
1736 1659
1737 1680
1737 1674
1737 1684
1738 1688
1738 1659
1738 1736
1739 1736
1739 1584
1739 1659
1740 1584
1740 1741
1740 1736
1741 1728
1741 1736
1741 1740
1741 1743
1741 1584
1742 1688
1742 1659
1742 1678
1743 1584
1743 1741
1743 1728
1744 1584
1744 1561
1744 1728
1745 1664
1745 1640
1745 1612
1746 1664
1746 1747
1746 1612
1747 1664
1747 1729
1747 1751
1747 1612
1747 1746
1747 1748
1747 1588
1747 1749
1747 1750
1747 1753
1747 1662
1748 1747
1748 1612
1748 1588
1749 1664
1749 1747
1749 1662
1750 1747
1750 1588
1750 1751
1751 1747
1751 1588
1751 1750
1751 1752
1751 1563
1751 1756
1751 1757
1752 1563
1752 1588
1752 1751
1753 1729
1753 1747
1753 1662
1754 1729
1754 1636
1754 1662
1755 1662
1755 1636
1755 1638
1756 1563
1756 1757
1756 1751
1757 1793
1757 1797
1757 1799
1757 1585
1757 1751
1757 1563
1757 1756
1758 1592
1758 1759
1758 1551
1759 1760
1759 1761
1759 1551
1759 1553
1759 1809
1759 1813
1759 1814
1759 1592
1759 1758
1760 1592
1760 1761
1760 1759
1761 1760
1761 1762
1761 1763
1761 1764
1761 1765
1761 1670
1761 1646
1761 1592
1761 1759
1762 1592
1762 1761
1762 1646
1763 1761
1763 1670
1763 1646
1764 1761
1764 1765
1764 1670
1765 1761
1765 1665
1765 1764
1765 1670
1765 1767
1765 1771
1765 1772
1765 1773
1765 1614
1766 1616
1766 1592
1766 1646
1767 1614
1767 1765
1767 1670
1768 1614
1768 1644
1768 1670
1769 1665
1769 1682
1769 1676
1770 1665
1770 1682
1770 1771
1771 1665
1771 1765
1771 1770
1771 1772
1771 1774
1771 1775
1771 1776
1771 1682
1771 1686
1772 1665
1772 1771
1772 1765
1773 1665
1773 1765
1773 1614
1774 1682
1774 1771
1774 1686
1775 1776
1775 1771
1775 1686
1776 1641
1776 1771
1776 1775
1776 1777
1776 1778
1776 1779
1776 1686
1777 1776
1777 1641
1777 1686
1778 1776
1778 1641
1778 1779
1779 1641
1779 1783
1779 1776
1779 1778
1779 1781
1779 1590
1779 1782
1779 1784
1779 1566
1780 1641
1780 1667
1780 1686
1781 1641
1781 1779
1781 1590
1782 1779
1782 1590
1782 1566
1783 1784
1783 1779
1783 1566
1784 1779
1784 1783
1784 1785
1784 1786
1784 1566
1785 1784
1785 1786
1785 1566
1786 1580
1786 1784
1786 1785
1786 1787
1786 1788
1786 1789
1786 1566
1787 1786
1787 1580
1787 1566
1788 1786
1788 1580
1788 1789
1789 1792
1789 1793
1789 1794
1789 1607
1789 1672
1789 1580
1789 1658
1789 1786
1789 1788
1789 1790
1789 1791
1790 1580
1790 1789
1790 1607
1791 1658
1791 1789
1791 1607
1792 1672
1792 1658
1792 1789
1793 1794
1793 1796
1793 1797
1793 1672
1793 1757
1793 1585
1793 1789
1794 1672
1794 1793
1794 1789
1795 1634
1795 1658
1795 1607
1796 1672
1796 1793
1796 1585
1797 1585
1797 1757
1797 1793
1798 1672
1798 1609
1798 1585
1799 1585
1799 1563
1799 1757
1800 1624
1800 1569
1800 1596
1801 1624
1801 1569
1801 1802
1802 1569
1802 1801
1802 1803
1802 1804
1802 1805
1802 1808
1802 1809
1802 1619
1802 1621
1802 1624
1802 1817
1802 1818
1802 1819
1802 1598
1803 1624
1803 1802
1803 1598
1804 1802
1804 1805
1804 1598
1805 1802
1805 1804
1805 1806
1805 1808
1805 1809
1805 1810
1805 1555
1805 1811
1805 1598
1806 1555
1806 1805
1806 1598
1807 1571
1807 1555
1807 1598
1808 1809
1808 1802
1808 1805
1809 1802
1809 1805
1809 1808
1809 1553
1809 1621
1809 1814
1809 1815
1809 1816
1809 1593
1809 1817
1809 1759
1810 1811
1810 1555
1810 1805
1811 1824
1811 1825
1811 1826
1811 1539
1811 1544
1811 1546
1811 1805
1811 1521
1811 1810
1811 1555
1811 1812
1812 1555
1812 1539
1812 1811
1813 1553
1813 1551
1813 1759
1814 1553
1814 1809
1814 1759
1815 1809
1815 1553
1815 1593
1816 1809
1816 1621
1816 1593
1817 1809
1817 1802
1817 1621
1818 1802
1818 1619
1818 1621
1819 1569
1819 1802
1819 1619
1820 1617
1820 1569
1820 1619
1821 1521
1821 1523
1821 1541
1822 1521
1822 1548
1822 1541
1823 1521
1823 1546
1823 1548
1824 1521
1824 1546
1824 1811
1825 1544
1825 1546
1825 1811
1826 1544
1826 1539
1826 1811
1827 1457
1827 1460
1827 1453
1828 1451
1828 1460
1828 1453
1829 1448
1829 1459
1829 1455
1830 1448
1830 1449
1830 1459
