-0.002894 0.352364 0.007362
-0.002894 0.479371 0.007362
-0.089472 0.296188 0.009345
0.083688 0.296188 0.005581
-0.002893 0.606377 0.007434
-0.087583 0.133705 0.008060
0.081744 0.133705 0.004379
0.075928 0.505485 0.009149
-0.081564 0.505485 0.012573
-0.002892 0.643014 0.007463
-0.086409 0.025711 0.003363
0.080368 0.025711 -0.000263
0.139416 0.505485 0.007769
-0.145052 0.505486 0.013953
-0.000542 0.632272 0.108228
0.018597 0.880112 -0.025375
0.044074 0.783270 0.136583
-0.037011 0.783270 0.138346
0.041836 0.728161 0.123313
-0.040695 0.728161 0.125107
-0.107203 0.003561 0.072604
0.104152 0.003561 0.068009
0.309356 0.507577 0.002051
-0.315081 0.507517 0.015564
0.042245 0.637692 0.142058
-0.000176 0.637692 0.142980
-0.041983 0.637692 0.143889
0.402570 0.508643 0.004470
-0.408103 0.508713 0.021997
0.432603 0.498160 0.004955
0.460646 0.509400 -0.000371
0.415080 0.503653 0.019648
-0.466334 0.509365 0.019664
-0.419938 0.504178 0.037845
