0.000000 0.559172 0.115426
-0.000000 0.635690 0.115206
0.044734 0.528565 0.118149
-0.044734 0.528565 0.118149
-0.000000 0.712209 0.115206
0.044734 0.316668 0.118149
0.044734 0.476767 0.118149
-0.044734 0.316668 0.118149
-0.044734 0.476767 0.118149
-0.000000 0.829929 0.099314
0.011772 0.806385 0.094605
-0.011772 0.806385 0.094605
-0.000000 0.719718 0.040946
0.044734 0.079931 0.118149
-0.044734 0.079931 0.118149
-0.000000 0.887810 0.099646
0.084550 0.791053 0.094605
-0.084550 0.791053 0.094605
0.000000 0.483278 -0.069308
0.044734 0.016481 0.177598
-0.044734 0.016481 0.177598
0.152239 0.673812 0.094605
0.100089 0.764138 0.094605
-0.152239 0.673812 0.094605
-0.100089 0.764138 0.094605
0.214042 0.566766 0.094605
-0.214042 0.566766 0.094605
0.230133 0.518967 0.094605
-0.230133 0.518967 0.094605
