0 1
0 2
0 4
0 5
0 7
0 51
1 0
1 2
1 3
1 4
1 9
1 10
2 0
2 1
2 3
2 39
2 51
2 55
3 1
3 2
3 38
3 39
3 40
3 10
3 11
4 0
4 1
4 5
4 6
4 7
4 8
4 9
5 0
5 4
5 6
5 7
5 51
5 23
5 31
6 8
6 4
6 5
6 23
7 0
7 4
7 5
8 4
8 6
8 9
8 20
8 21
8 22
8 23
9 1
9 4
9 8
9 10
9 12
9 19
9 20
10 1
10 3
10 9
10 11
10 12
11 3
11 40
11 41
11 10
11 12
11 13
11 17
12 9
12 10
12 11
12 13
12 14
12 19
13 11
13 12
13 14
13 15
13 16
13 17
14 12
14 77
14 13
14 15
14 78
14 19
15 16
15 78
15 13
15 14
16 13
16 78
16 15
16 79
16 17
16 18
17 41
17 42
17 11
17 13
17 16
17 18
18 72
18 42
18 43
18 79
18 16
18 17
19 66
19 9
19 12
19 77
19 14
19 20
20 65
20 66
20 8
20 9
20 19
20 21
20 25
20 95
21 8
21 20
21 22
21 24
21 25
21 26
22 8
22 21
22 23
22 24
22 29
22 30
23 5
23 6
23 8
23 22
23 30
23 31
24 21
24 22
24 26
24 27
24 28
24 29
25 26
25 20
25 21
25 95
26 96
26 21
26 24
26 25
26 27
26 95
27 96
27 97
27 170
27 139
27 149
27 24
27 26
27 28
28 138
28 139
28 24
28 27
28 29
29 138
29 140
29 22
29 24
29 28
29 30
30 32
30 140
30 22
30 23
30 29
30 31
31 32
31 33
31 34
31 5
31 51
31 23
31 30
32 128
32 33
32 140
32 30
32 31
33 32
33 128
33 34
33 35
33 137
33 127
33 126
33 31
34 33
34 35
34 36
34 38
34 40
34 51
34 31
35 33
35 34
35 36
35 37
35 137
35 143
35 48
36 34
36 35
36 37
36 40
36 50
37 35
37 36
37 48
37 49
37 50
38 34
38 3
38 39
38 40
38 51
38 55
39 2
39 3
39 38
39 55
40 34
40 3
40 36
40 38
40 41
40 11
40 50
40 52
41 40
41 42
41 11
41 17
41 52
42 41
42 43
42 44
42 17
42 18
42 52
43 72
43 73
43 42
43 44
43 45
43 18
43 82
43 53
44 42
44 43
44 45
44 46
44 49
44 50
44 52
45 43
45 44
45 46
45 47
45 53
46 44
46 45
46 47
46 48
46 49
47 45
47 46
47 141
47 48
47 142
47 53
47 54
48 35
48 37
48 142
48 46
48 47
48 49
48 143
49 37
49 44
49 46
49 48
49 50
50 36
50 37
50 40
50 44
50 49
50 52
51 0
51 34
51 2
51 5
51 38
51 55
51 31
52 40
52 41
52 42
52 44
52 50
53 43
53 45
53 47
53 82
53 83
53 54
54 163
54 141
54 47
54 146
54 83
54 53
55 2
55 51
55 38
55 39
56 66
56 67
56 57
56 58
56 59
56 61
57 99
57 88
57 81
57 56
57 58
57 59
58 67
58 68
58 69
58 80
58 81
58 56
58 57
59 56
59 57
59 88
59 60
59 61
59 63
60 64
60 88
60 89
60 59
60 61
60 62
60 63
61 65
61 66
61 56
61 59
61 60
61 62
61 63
62 64
62 65
62 60
62 61
63 59
63 60
63 61
64 65
64 94
64 89
64 60
64 93
64 62
65 64
65 66
65 20
65 94
65 61
65 62
65 95
66 65
66 67
66 77
66 19
66 20
66 56
66 61
67 66
67 68
67 77
67 56
67 58
68 67
68 69
68 70
68 77
68 78
68 79
68 58
69 68
69 70
69 71
69 74
69 80
69 86
69 87
69 58
70 68
70 69
70 71
70 72
70 79
71 69
71 70
71 72
71 73
71 74
72 70
72 71
72 73
72 43
72 79
72 18
73 71
73 72
73 74
73 75
73 76
73 43
73 82
74 69
74 71
74 73
74 75
74 85
74 86
75 73
75 74
75 76
75 84
75 85
76 73
76 75
76 82
76 83
76 84
77 66
77 67
77 68
77 78
77 14
77 19
78 68
78 77
78 14
78 15
78 79
78 16
79 68
79 70
79 72
79 78
79 16
79 18
80 99
80 69
80 81
80 87
80 88
80 58
81 80
81 57
81 58
81 99
82 73
82 43
82 76
82 83
82 53
83 163
83 165
83 76
83 82
83 84
83 53
83 54
84 165
84 166
84 75
84 76
84 83
84 85
84 90
85 74
85 75
85 84
85 86
85 90
86 69
86 74
86 85
86 87
86 90
87 69
87 80
87 86
87 88
87 89
87 90
87 91
88 99
88 80
88 87
88 89
88 59
88 60
88 57
89 64
89 92
89 87
89 88
89 91
89 60
89 93
90 166
90 84
90 85
90 86
90 87
90 91
91 153
91 166
91 167
91 87
91 89
91 90
91 155
91 92
91 157
92 153
92 387
92 168
92 89
92 378
92 91
92 444
92 93
92 446
92 445
93 64
93 98
93 168
93 89
93 92
93 94
94 64
94 65
94 98
94 96
94 93
94 95
95 96
95 65
95 20
95 25
95 26
95 94
96 97
96 98
96 26
96 27
96 94
96 95
97 96
97 98
97 169
97 170
97 27
98 96
98 97
98 168
98 169
98 93
98 94
99 81
99 57
99 88
99 80
100 105
100 106
100 101
100 102
101 100
101 132
101 102
101 103
101 104
101 105
101 133
102 131
102 100
102 101
102 132
102 106
102 107
103 101
103 104
103 105
103 109
103 111
104 133
104 101
104 103
104 134
104 109
104 110
105 100
105 101
105 103
105 106
105 111
105 112
106 100
106 102
106 105
106 107
106 108
106 112
106 113
107 130
107 131
107 102
107 106
107 108
108 129
108 130
108 106
108 107
108 113
108 114
108 115
109 135
109 104
109 103
109 136
109 110
109 111
110 104
110 109
110 134
110 135
111 103
111 136
111 105
111 109
111 112
111 144
111 147
111 123
112 105
112 106
112 111
112 113
112 147
113 106
113 108
113 112
113 114
113 147
113 148
114 108
114 113
114 115
114 116
114 148
115 128
115 129
115 108
115 114
115 116
115 117
116 114
116 115
116 147
116 117
116 118
116 148
116 121
116 122
116 123
116 124
117 128
117 115
117 116
117 118
117 119
117 127
118 116
118 117
118 119
118 120
118 121
119 117
119 118
119 120
119 126
119 127
120 118
120 119
120 121
120 125
120 126
121 116
121 118
121 120
121 124
121 125
122 141
122 144
122 145
122 116
122 123
122 124
123 111
123 144
123 147
123 116
123 122
124 141
124 116
124 121
124 122
124 125
125 137
125 141
125 142
125 120
125 121
125 124
125 126
126 33
126 137
126 119
126 120
126 125
126 127
127 128
127 33
127 117
127 119
127 126
128 32
128 129
128 33
128 140
128 115
128 117
128 127
129 128
129 130
129 138
129 108
129 140
129 115
130 129
130 131
130 138
130 107
130 108
130 139
130 149
131 130
131 132
131 102
131 107
131 149
131 150
132 131
132 101
132 102
132 133
132 150
133 132
133 101
133 134
133 104
133 150
133 151
133 152
134 133
134 135
134 104
134 110
134 152
135 160
135 161
135 162
135 164
135 134
135 136
135 109
135 110
135 152
135 154
136 162
136 135
136 109
136 111
136 144
137 33
137 35
137 142
137 143
137 125
137 126
138 129
138 130
138 139
138 140
138 28
138 29
139 130
139 138
139 149
139 27
139 28
140 128
140 129
140 32
140 138
140 29
140 30
141 142
141 47
141 145
141 146
141 54
141 122
141 124
141 125
142 137
142 141
142 47
142 143
142 48
142 125
143 48
143 137
143 35
143 142
144 162
144 136
144 111
144 145
144 122
144 123
145 162
145 163
145 141
145 144
145 146
145 122
146 145
146 163
146 141
146 54
147 111
147 112
147 113
147 148
147 116
147 123
148 113
148 114
148 147
148 116
149 130
149 131
149 170
149 139
149 150
149 27
150 131
150 132
150 133
150 169
150 170
150 149
150 151
151 133
151 168
151 169
151 150
151 152
151 153
152 133
152 134
152 135
152 151
152 153
152 154
153 168
153 155
153 151
153 152
153 154
153 91
153 92
154 164
154 135
154 152
154 153
154 155
154 156
155 153
155 154
155 91
155 156
155 157
156 164
156 154
156 155
156 157
156 158
157 167
157 91
157 155
157 156
157 158
157 159
158 160
158 164
158 156
158 157
158 159
159 160
159 161
159 163
159 165
159 167
159 157
159 158
160 161
160 164
160 135
160 158
160 159
161 160
161 162
161 163
161 135
161 159
162 161
162 163
162 135
162 136
162 144
162 145
163 161
163 162
163 165
163 145
163 146
163 83
163 54
163 159
164 160
164 135
164 154
164 156
164 158
165 163
165 166
165 167
165 83
165 84
165 159
166 165
166 167
166 84
166 90
166 91
167 165
167 166
167 91
167 157
167 159
168 98
168 169
168 151
168 153
168 92
168 93
169 97
169 98
169 168
169 170
169 150
169 151
170 97
170 169
170 149
170 150
170 27
171 172
171 173
171 174
171 175
171 176
171 177
172 171
172 173
172 174
173 171
173 172
174 171
174 172
175 176
175 177
175 171
176 171
176 175
177 171
177 175
178 179
178 180
178 181
179 178
179 180
179 181
179 182
180 178
180 179
181 178
181 179
181 182
181 183
182 292
182 305
182 179
182 309
182 181
182 183
182 310
183 298
183 299
183 305
183 181
183 182
183 309
184 194
184 195
184 199
184 185
184 186
185 199
185 184
185 186
185 189
185 190
186 195
186 184
186 185
186 187
186 188
186 189
187 198
187 200
187 186
187 188
187 189
188 195
188 196
188 200
188 186
188 187
189 198
189 185
189 186
189 187
189 190
189 191
190 192
190 199
190 185
190 189
190 191
191 192
191 193
191 197
191 198
191 189
191 190
192 193
192 194
192 199
192 190
192 191
193 192
193 194
193 195
193 197
193 191
194 192
194 193
194 195
194 199
194 184
195 193
195 194
195 196
195 197
195 184
195 186
195 188
196 200
196 195
196 188
196 197
197 193
197 195
197 196
197 198
197 200
197 191
198 197
198 200
198 187
198 189
198 191
199 192
199 194
199 184
199 185
199 190
200 196
200 197
200 198
200 187
200 188
201 210
201 202
201 203
201 209
202 201
202 203
202 204
202 205
203 201
203 202
203 204
203 210
204 202
204 203
204 205
204 206
205 202
205 204
205 206
205 207
206 208
206 204
206 205
206 207
207 208
207 209
207 205
207 206
208 209
208 210
208 206
208 207
209 208
209 201
209 210
209 207
210 208
210 209
210 203
210 201
211 241
211 242
211 243
211 212
211 213
211 214
211 215
211 216
211 217
211 245
211 246
212 211
212 213
212 246
213 235
213 269
213 238
213 239
213 240
213 241
213 211
213 212
213 246
213 216
213 217
214 216
214 211
214 215
215 250
215 270
215 272
215 273
215 211
215 244
215 243
215 214
215 216
215 218
215 219
216 235
216 236
216 272
216 211
216 213
216 214
216 215
216 217
217 216
217 211
217 213
218 227
218 228
218 236
218 237
218 271
218 273
218 274
218 215
218 219
219 225
219 226
219 227
219 259
219 229
219 263
219 234
219 250
219 215
219 218
220 224
220 262
220 221
220 222
220 223
221 231
221 268
221 220
221 222
221 223
222 260
222 261
222 262
222 267
222 268
222 247
222 220
222 221
223 224
223 225
223 226
223 231
223 220
223 221
224 225
224 262
224 231
224 232
224 263
224 220
224 223
225 224
225 226
225 232
225 233
225 234
225 219
225 223
226 225
226 227
226 229
226 230
226 231
226 219
226 223
227 226
227 228
227 229
227 218
227 219
228 227
228 229
228 265
228 236
228 237
228 238
228 269
228 218
229 226
229 227
229 228
229 230
229 263
229 264
229 265
229 234
229 219
230 226
230 229
230 231
230 232
230 233
230 234
231 224
231 226
231 230
231 263
231 232
231 264
231 268
231 221
231 223
232 224
232 225
232 230
232 231
232 233
233 232
233 225
233 234
233 230
234 225
234 229
234 230
234 233
234 219
235 216
235 269
235 236
235 213
236 228
236 235
236 237
236 269
236 270
236 271
236 272
236 216
236 218
237 218
237 228
237 236
238 256
238 228
238 265
238 269
238 239
238 240
238 213
238 254
238 255
239 269
239 213
239 238
240 256
240 257
240 258
240 238
240 241
240 213
241 258
241 240
241 211
241 245
241 213
241 246
242 257
242 258
242 243
242 244
242 245
242 211
243 242
243 211
243 244
243 215
244 256
244 257
244 242
244 243
244 215
244 250
244 251
244 252
244 254
245 258
245 241
245 242
245 211
246 241
246 211
246 212
246 213
247 261
247 266
247 267
247 248
247 249
247 222
248 266
248 247
248 249
248 254
248 255
249 260
249 261
249 247
249 248
249 252
249 253
249 254
250 259
250 219
250 244
250 215
250 251
250 253
251 253
251 250
251 244
251 252
252 244
252 249
252 251
252 253
252 254
253 259
253 260
253 249
253 250
253 251
253 252
254 256
254 238
254 244
254 248
254 249
254 252
254 255
255 265
255 266
255 238
255 248
255 254
256 257
256 238
256 240
256 244
256 254
257 256
257 258
257 240
257 242
257 244
258 257
258 240
258 241
258 242
258 245
259 260
259 262
259 263
259 250
259 219
259 253
260 259
260 261
260 262
260 249
260 253
260 222
261 249
261 260
261 222
261 247
262 224
262 259
262 260
262 263
262 220
262 222
263 224
263 259
263 229
263 262
263 231
263 264
263 219
264 229
264 231
264 263
264 265
264 266
264 268
265 228
265 229
265 264
265 266
265 238
265 255
266 264
266 265
266 267
266 268
266 247
266 248
266 255
267 266
267 268
267 222
267 247
268 231
268 264
268 266
268 267
268 221
268 222
269 228
269 235
269 236
269 238
269 239
269 213
270 236
270 271
270 272
270 273
270 274
270 215
271 218
271 274
271 236
271 270
272 216
272 236
272 270
272 215
273 218
273 274
273 270
273 215
274 273
274 218
274 270
274 271
275 281
275 276
275 277
275 279
276 288
276 289
276 275
276 277
276 278
276 279
276 280
276 286
276 287
277 275
277 276
277 278
277 281
277 282
278 289
278 276
278 277
278 282
278 283
278 284
279 280
279 281
279 275
279 276
280 276
280 279
280 281
280 282
280 283
280 284
280 285
280 286
281 275
281 277
281 279
281 280
281 282
282 277
282 278
282 280
282 281
282 283
283 280
283 282
283 284
283 278
284 288
284 289
284 278
284 280
284 283
284 285
285 288
285 280
285 284
285 286
285 287
286 280
286 276
286 285
286 287
287 288
287 276
287 285
287 286
288 289
288 276
288 284
288 285
288 287
289 288
289 284
289 276
289 278
290 291
290 292
290 293
290 294
290 300
290 301
291 290
291 292
291 293
291 296
291 297
291 299
291 307
291 308
292 290
292 291
292 295
292 301
292 307
292 309
292 182
292 310
293 290
293 291
293 294
293 297
293 300
294 290
294 300
294 293
295 292
295 296
295 297
295 298
295 301
295 309
296 291
296 295
296 297
296 298
296 299
297 291
297 293
297 295
297 296
297 300
297 301
298 295
298 296
298 299
298 309
298 183
299 291
299 296
299 298
299 305
299 308
299 183
300 290
300 293
300 294
300 297
300 301
301 290
301 292
301 295
301 297
301 300
302 303
302 304
302 305
302 306
302 307
302 308
303 302
303 304
303 305
303 306
303 310
304 306
304 302
304 303
305 299
305 302
305 303
305 308
305 310
305 183
305 182
306 302
306 303
306 304
306 307
306 310
307 291
307 292
307 302
307 306
307 308
307 310
308 291
308 299
308 302
308 305
308 307
309 292
309 295
309 298
309 182
309 183
310 292
310 303
310 305
310 306
310 307
310 182
311 312
311 313
311 314
312 313
312 314
312 311
313 312
313 311
314 312
314 311
315 316
315 317
315 318
316 315
316 317
316 318
317 315
317 316
318 315
318 316
319 320
319 321
320 321
320 325
320 327
320 340
320 344
320 319
321 320
321 322
321 323
321 327
321 341
321 319
322 321
322 323
322 324
322 341
322 342
323 321
323 322
323 324
324 322
324 323
324 389
324 363
324 404
324 342
324 343
325 320
325 326
325 327
325 328
325 340
326 325
326 358
326 327
326 328
326 329
326 347
326 348
327 320
327 321
327 325
327 326
327 358
327 341
328 325
328 326
328 329
328 330
328 339
328 340
329 326
329 328
329 330
329 331
329 347
329 349
330 328
330 329
330 331
330 332
330 338
330 339
331 329
331 330
331 332
331 333
331 349
332 330
332 331
332 333
332 334
332 338
333 331
333 332
333 334
333 335
334 332
334 333
334 335
334 336
334 337
334 338
335 336
335 333
335 334
336 337
336 334
336 335
337 336
337 338
337 334
338 330
338 332
338 334
338 337
338 339
339 328
339 330
339 338
339 340
339 346
340 320
340 325
340 328
340 339
340 344
340 345
340 346
341 321
341 322
341 358
341 327
341 359
341 342
342 322
342 324
342 359
342 341
342 343
343 324
343 359
343 360
343 361
343 363
343 342
344 320
344 345
344 340
345 344
345 346
345 340
346 345
346 339
346 340
347 421
347 326
347 424
347 329
347 436
347 438
347 348
347 349
348 356
348 357
348 358
348 326
348 421
348 347
349 329
349 331
349 347
350 352
350 353
350 361
350 362
350 364
350 365
350 351
351 352
351 353
351 354
351 366
351 367
351 350
352 366
352 365
352 350
352 351
353 354
353 355
353 356
353 360
353 362
353 350
353 351
354 353
354 355
354 451
354 422
354 423
354 367
354 368
354 351
355 353
355 354
355 356
355 357
355 422
355 420
356 353
356 355
356 357
356 358
356 359
356 360
356 348
357 355
357 420
357 356
357 421
357 348
358 356
358 326
358 327
358 359
358 341
358 348
359 356
359 358
359 360
359 341
359 342
359 343
360 353
360 356
360 359
360 361
360 362
360 343
361 360
361 362
361 363
361 364
361 343
361 350
362 360
362 361
362 350
362 353
363 324
363 388
363 389
363 361
363 364
363 343
364 388
364 390
364 361
364 363
364 365
364 350
365 352
365 390
365 391
365 392
365 364
365 366
365 350
366 352
366 392
366 365
366 397
366 367
366 398
366 351
367 354
367 396
367 397
367 366
367 368
367 369
367 351
368 354
368 451
368 452
368 367
368 369
368 370
368 439
369 384
369 396
369 367
369 368
369 370
369 371
370 368
370 369
370 371
370 372
370 439
370 440
371 384
371 369
371 370
371 372
371 373
371 383
372 370
372 371
372 373
372 374
372 440
373 393
373 371
373 372
373 374
373 375
373 382
373 383
374 386
374 440
374 372
374 373
374 375
374 376
374 441
375 373
375 374
375 376
375 377
375 381
375 382
376 386
376 387
376 374
376 375
376 377
376 378
377 375
377 376
377 378
377 379
377 380
377 381
378 387
378 376
378 377
378 379
378 92
379 377
379 378
379 380
380 377
380 379
380 381
381 377
381 380
381 382
381 375
382 393
382 373
382 375
382 412
382 381
383 384
383 385
383 393
383 394
383 371
383 373
384 385
384 395
384 396
384 369
384 371
384 383
385 384
385 394
385 395
385 383
386 387
386 374
386 376
386 441
386 442
386 443
387 386
387 444
387 376
387 378
387 443
387 92
388 389
388 390
388 363
388 364
388 401
388 402
389 388
389 324
389 363
389 402
389 403
389 404
390 388
390 391
390 364
390 365
390 400
390 401
391 390
391 392
391 365
391 399
391 400
392 391
392 365
392 398
392 399
392 366
393 394
393 373
393 411
393 412
393 382
393 383
394 385
394 393
394 395
394 405
394 406
394 411
394 383
395 384
395 385
395 394
395 396
395 398
395 399
395 405
396 384
396 395
396 397
396 398
396 367
396 369
397 398
397 396
397 366
397 367
398 392
398 395
398 396
398 397
398 366
398 399
399 391
399 392
399 395
399 398
399 400
399 405
399 407
399 413
400 390
400 391
400 399
400 401
400 407
400 408
401 388
401 390
401 400
401 402
401 403
401 408
402 401
402 403
402 388
402 389
403 389
403 401
403 402
403 404
403 408
403 409
404 403
404 324
404 389
405 394
405 395
405 399
405 406
405 413
406 394
406 405
407 399
407 400
407 408
407 410
407 413
407 414
408 400
408 401
408 403
408 407
408 409
408 410
409 408
409 410
409 403
410 408
410 409
410 407
411 393
411 394
411 412
412 393
412 411
412 382
413 399
413 405
413 414
413 407
414 413
414 407
415 416
415 417
415 418
415 425
415 426
416 417
416 418
416 419
416 420
416 422
416 415
417 416
417 420
417 421
417 424
417 425
417 415
418 416
418 450
418 419
418 426
418 427
418 458
418 461
418 415
419 416
419 450
419 418
419 451
419 422
419 423
420 416
420 417
420 355
420 421
420 422
420 357
421 417
421 420
421 357
421 424
421 347
421 348
422 416
422 354
422 419
422 420
422 355
422 423
423 354
423 419
423 422
423 451
424 417
424 421
424 425
424 436
424 347
425 417
425 424
425 426
425 434
425 436
425 415
426 418
426 425
426 427
426 428
426 431
426 434
426 415
427 418
427 426
427 458
427 460
427 428
427 429
428 426
428 427
428 429
428 430
428 431
429 460
429 427
429 428
429 430
430 459
430 460
430 428
430 429
430 431
430 432
430 467
431 426
431 428
431 430
431 432
431 433
431 434
432 433
432 430
432 431
433 432
433 434
433 435
433 431
434 425
434 426
434 431
434 433
434 435
434 436
435 433
435 434
435 436
435 437
436 424
436 425
436 434
436 435
436 437
436 438
436 347
437 435
437 436
437 438
438 347
438 436
438 437
439 452
439 453
439 368
439 370
439 440
440 453
440 370
440 372
440 374
440 439
440 441
441 386
441 453
441 454
441 455
441 463
441 374
441 440
441 442
442 441
442 386
442 443
443 449
443 386
443 387
443 442
443 444
444 449
444 387
444 443
444 92
444 445
445 448
445 449
445 92
445 444
445 446
445 447
446 92
446 445
446 447
447 448
447 445
447 446
448 449
448 445
448 447
449 448
449 443
449 444
449 445
450 418
450 419
450 452
450 451
450 461
450 462
451 450
451 419
451 452
451 354
451 423
451 368
452 450
452 451
452 453
452 462
452 368
452 439
453 452
453 454
453 462
453 439
453 440
453 441
454 453
454 455
454 456
454 462
454 441
455 454
455 456
455 457
455 463
455 464
455 465
455 441
456 454
456 455
456 457
456 458
456 461
456 462
457 455
457 456
457 458
457 459
457 465
457 466
458 418
458 456
458 457
458 459
458 460
458 427
458 461
459 457
459 458
459 460
459 430
459 466
459 467
460 458
460 427
460 459
460 429
460 430
461 418
461 450
461 456
461 458
461 462
462 450
462 452
462 453
462 454
462 456
462 461
463 464
463 441
463 455
464 465
464 463
464 455
465 464
465 457
465 466
465 455
466 457
466 459
466 465
466 467
467 466
467 459
467 430
468 483
468 492
468 469
468 470
468 471
468 472
468 474
469 492
469 468
469 470
469 508
469 509
470 521
470 523
470 468
470 469
470 474
470 475
470 508
471 483
471 484
471 485
471 468
471 472
471 473
472 505
472 506
472 468
472 471
472 473
472 474
473 485
473 493
473 494
473 471
473 472
473 505
473 507
474 468
474 470
474 472
474 506
474 475
474 476
475 523
475 524
475 470
475 474
475 476
475 477
476 481
476 506
476 474
476 475
476 477
476 478
476 479
477 475
477 476
477 524
477 478
478 480
478 524
478 476
478 477
478 479
479 480
479 481
479 482
479 523
479 524
479 476
479 478
480 524
480 478
480 479
481 513
481 482
481 504
481 505
481 506
481 476
481 479
482 481
482 513
482 520
482 521
482 523
482 495
482 497
482 479
483 484
483 490
483 491
483 492
483 468
483 471
484 483
484 485
484 486
484 489
484 490
484 471
485 484
485 486
485 494
485 471
485 473
486 484
486 485
486 487
486 488
486 489
486 494
486 510
487 486
487 488
487 489
487 526
487 527
488 486
488 487
488 522
488 527
488 531
488 510
488 511
489 484
489 486
489 487
489 490
489 525
489 526
490 483
490 484
490 489
490 491
490 525
490 529
491 483
491 522
491 490
491 492
491 529
491 530
491 511
492 483
492 491
492 468
492 469
492 509
492 511
493 494
493 495
493 473
493 507
493 508
494 485
494 486
494 493
494 473
494 508
494 509
494 510
495 482
495 521
495 493
495 496
495 497
495 498
495 507
495 508
496 512
496 513
496 514
496 518
496 495
496 497
496 498
496 499
497 482
497 518
497 519
497 520
497 495
497 496
498 495
498 496
498 499
498 500
498 503
498 504
498 505
498 507
499 512
499 496
499 498
499 500
499 501
500 498
500 499
500 501
500 502
500 503
501 512
501 499
501 500
501 502
501 503
502 500
502 501
502 503
503 512
503 513
503 498
503 500
503 501
503 502
503 504
504 481
504 513
504 498
504 503
504 505
505 481
505 472
505 498
505 504
505 473
505 506
505 507
506 481
506 472
506 505
506 474
506 476
507 505
507 493
507 495
507 498
507 473
508 521
508 493
508 494
508 495
508 469
508 470
508 509
509 492
509 494
509 469
509 508
509 510
509 511
510 486
510 488
510 494
510 509
510 511
511 488
511 522
511 491
511 492
511 509
511 510
512 513
512 496
512 499
512 501
512 503
513 512
513 481
513 514
513 482
513 517
513 519
513 520
513 496
513 503
513 504
514 513
514 515
514 516
514 517
514 518
514 496
515 514
515 516
515 517
515 519
516 514
516 515
516 518
516 519
517 513
517 514
517 515
517 519
518 514
518 516
518 519
518 496
518 497
519 513
519 515
519 516
519 517
519 518
519 520
519 497
520 497
520 482
520 513
520 519
521 482
521 523
521 495
521 470
521 508
522 488
522 491
522 530
522 531
522 511
523 482
523 521
523 524
523 470
523 475
523 479
524 480
524 523
524 475
524 477
524 478
524 479
525 489
525 490
525 526
525 528
525 529
526 487
526 489
526 525
526 527
526 528
527 487
527 488
527 526
527 528
527 531
528 525
528 526
528 527
528 529
528 530
528 531
529 490
529 491
529 525
529 528
529 530
530 522
530 491
530 528
530 529
530 531
531 488
531 522
531 527
531 528
531 530
532 551
532 533
532 534
532 572
532 573
533 550
533 551
533 532
533 534
533 536
533 538
533 539
534 585
534 587
534 532
534 533
534 539
534 540
534 572
535 557
535 558
535 569
535 536
535 537
535 538
535 571
536 548
536 550
536 533
536 535
536 537
536 538
537 548
537 549
537 558
537 535
537 536
538 533
538 535
538 536
538 569
538 570
538 539
539 570
539 533
539 534
539 538
539 540
539 541
540 587
540 588
540 534
540 539
540 541
540 542
541 544
541 546
541 570
541 539
541 540
541 542
541 543
542 588
542 540
542 541
542 543
543 544
543 545
543 588
543 541
543 542
544 545
544 546
544 547
544 587
544 588
544 541
544 543
545 544
545 588
545 543
546 544
546 577
546 547
546 568
546 569
546 570
546 541
547 544
547 577
547 546
547 584
547 585
547 587
547 560
547 561
548 549
548 550
548 553
548 554
548 536
548 537
549 548
549 554
549 555
549 556
549 558
549 537
549 574
550 548
550 551
550 552
550 553
550 533
550 536
551 550
551 552
551 532
551 533
551 573
551 575
552 550
552 551
552 553
552 586
552 592
552 593
552 575
553 548
553 550
553 552
553 554
553 593
553 594
554 548
554 549
554 553
554 555
554 594
554 595
555 549
555 554
555 556
555 591
555 595
556 549
556 586
556 555
556 590
556 591
556 574
556 575
557 558
557 560
557 535
557 571
557 572
558 549
558 557
558 535
558 537
558 572
558 573
558 574
559 576
559 577
559 579
559 580
559 560
559 561
559 562
559 563
560 547
560 585
560 557
560 559
560 561
560 562
560 571
560 572
561 547
561 580
561 583
561 584
561 559
561 560
562 559
562 560
562 563
562 564
562 567
562 568
562 569
562 571
563 576
563 559
563 562
563 564
563 565
564 562
564 563
564 565
564 566
564 567
565 576
565 563
565 564
565 566
565 567
566 564
566 565
566 567
567 576
567 577
567 562
567 564
567 565
567 566
567 568
568 577
568 546
568 562
568 567
568 569
569 546
569 562
569 570
569 535
569 568
569 538
569 571
570 546
570 569
570 538
570 539
570 541
571 557
571 560
571 562
571 535
571 569
572 585
572 557
572 558
572 560
572 532
572 534
572 573
573 551
573 558
573 532
573 572
573 574
573 575
574 549
574 556
574 558
574 573
574 575
575 551
575 552
575 586
575 556
575 573
575 574
576 577
576 559
576 563
576 565
576 567
577 576
577 546
577 579
577 547
577 582
577 583
577 584
577 559
577 567
577 568
578 579
578 580
578 581
578 583
579 577
579 578
579 580
579 581
579 582
579 559
580 578
580 579
580 583
580 559
580 561
581 578
581 579
581 582
581 583
582 577
582 579
582 581
582 583
583 577
583 578
583 580
583 581
583 582
583 584
583 561
584 577
584 561
584 547
584 583
585 547
585 587
585 560
585 534
585 572
586 552
586 556
586 590
586 592
586 575
587 544
587 547
587 585
587 588
587 534
587 540
588 544
588 545
588 587
588 540
588 542
588 543
589 590
589 591
589 592
589 593
589 594
589 595
590 586
590 556
590 589
590 591
590 592
591 555
591 556
591 589
591 590
591 595
592 552
592 586
592 589
592 590
592 593
593 552
593 553
593 589
593 592
593 594
594 553
594 554
594 589
594 593
594 595
595 554
595 555
595 589
595 591
595 594
596 608
596 597
596 598
596 599
596 600
596 607
597 596
597 598
598 608
598 609
598 610
598 596
598 597
599 596
599 600
599 601
599 602
599 606
599 607
600 596
600 599
601 602
601 599
602 599
602 601
602 603
602 604
602 605
602 606
603 612
603 602
603 604
604 602
604 603
604 612
604 605
605 612
605 613
605 655
605 662
605 602
605 604
605 606
606 640
606 641
606 669
606 655
606 639
606 662
606 599
606 602
606 605
606 670
606 607
607 608
607 641
607 643
607 596
607 599
607 669
607 606
608 609
608 611
608 643
608 648
608 596
608 598
608 667
608 668
608 669
608 607
609 608
609 610
609 611
609 598
610 609
610 611
610 598
611 608
611 609
611 610
611 666
611 667
611 668
612 613
612 614
612 623
612 603
612 604
612 605
613 612
613 614
613 615
613 701
613 655
613 656
613 657
613 658
613 662
613 605
613 702
614 612
614 613
614 615
614 616
614 623
614 624
615 613
615 614
615 616
615 617
615 658
615 659
615 701
616 614
616 615
616 617
616 618
616 622
616 624
617 615
617 616
617 618
617 619
617 650
617 621
617 659
617 660
617 668
617 701
618 616
618 617
618 619
618 620
618 622
619 617
619 618
619 620
619 621
620 618
620 619
620 621
621 617
621 650
621 619
621 620
621 666
621 668
622 616
622 618
623 612
623 614
624 616
624 614
625 706
625 707
625 689
625 626
625 627
625 691
625 661
626 650
626 625
626 627
626 661
626 664
626 666
627 664
627 625
627 626
628 680
628 629
628 630
628 631
629 652
629 655
629 628
629 630
629 631
629 633
629 638
629 639
630 678
630 647
630 680
630 628
630 629
630 635
630 637
630 638
631 680
631 652
631 653
631 628
631 629
632 633
632 634
632 635
632 636
633 640
633 629
633 632
633 634
633 635
633 638
633 639
634 640
634 641
634 642
634 632
634 633
634 636
635 630
635 632
635 633
635 636
635 637
635 638
636 642
636 644
636 645
636 632
636 634
636 635
636 637
637 645
637 646
637 647
637 630
637 635
637 636
638 633
638 635
638 629
638 630
639 640
639 655
639 629
639 633
639 606
640 641
640 633
640 634
640 606
640 639
641 640
641 642
641 643
641 634
641 606
641 607
642 641
642 643
642 644
642 634
642 636
643 608
643 641
643 642
643 644
643 645
643 648
643 607
644 642
644 643
644 636
644 645
645 643
645 644
645 646
645 648
645 649
645 636
645 637
646 676
646 645
646 647
646 649
646 637
647 676
647 678
647 646
647 630
647 637
648 608
648 643
648 645
648 649
648 667
649 676
649 645
649 646
649 648
649 665
649 667
650 1382
650 1383
650 617
650 1388
650 621
650 1389
650 626
650 660
650 661
650 666
651 705
651 652
651 653
651 654
651 687
652 651
652 653
652 654
652 655
652 629
652 631
653 705
653 680
653 651
653 652
653 685
653 631
654 651
654 652
654 687
654 656
654 655
654 688
654 697
654 698
655 613
655 652
655 654
655 656
655 629
655 605
655 606
655 639
656 613
656 654
656 655
656 657
656 697
657 613
657 656
657 658
657 696
657 697
658 613
658 615
658 657
658 659
658 695
658 696
659 615
659 617
659 658
659 692
659 660
659 693
659 695
660 617
660 650
660 659
660 692
660 661
661 650
661 625
661 626
661 691
661 692
661 660
662 672
662 613
662 606
662 702
662 703
662 605
662 670
662 671
663 664
663 665
663 676
664 626
664 627
664 663
664 665
664 666
665 676
665 649
665 663
665 664
665 666
665 667
666 611
666 650
666 621
666 626
666 664
666 665
666 667
666 668
667 608
667 611
667 648
667 649
667 1389
667 1391
667 665
667 666
667 1403
667 1406
668 608
668 704
668 674
668 611
668 675
668 701
668 617
668 621
668 666
668 669
669 608
669 674
669 606
669 671
669 668
669 670
669 607
670 662
670 669
670 606
670 671
671 672
671 673
671 674
671 662
671 669
671 670
672 673
672 703
672 662
672 671
673 672
673 704
673 674
673 675
673 671
673 703
674 673
674 675
674 668
674 669
674 671
675 704
675 673
675 674
675 668
676 677
676 678
676 647
676 646
676 649
676 663
676 665
677 676
677 678
677 681
677 682
677 1393
677 1394
677 1395
677 1405
678 676
678 677
678 679
678 680
678 681
678 647
678 630
679 678
679 680
679 681
679 684
679 685
680 678
680 679
680 653
680 685
680 628
680 630
680 631
681 677
681 678
681 679
681 682
681 683
681 684
682 681
682 683
682 677
683 681
683 682
683 684
684 679
684 681
684 683
684 685
684 686
685 705
685 708
685 679
685 680
685 712
685 684
685 653
685 686
686 712
686 684
686 685
687 688
687 705
687 651
687 654
688 705
688 706
688 654
688 687
688 689
688 690
688 698
688 699
689 706
689 688
689 625
689 690
689 691
690 688
690 689
690 691
690 692
690 694
690 699
691 689
691 690
691 625
691 692
691 661
692 690
692 659
692 691
692 660
692 661
692 693
692 694
693 659
693 692
693 694
693 695
694 690
694 692
694 693
694 695
694 696
694 699
694 700
695 658
695 659
695 693
695 694
695 696
696 657
696 658
696 694
696 695
696 697
696 700
697 654
697 656
697 657
697 696
697 698
697 699
697 700
698 688
698 697
698 699
698 654
699 688
699 690
699 694
699 697
699 698
699 700
700 696
700 697
700 699
700 694
701 704
701 613
701 615
701 617
701 668
701 702
701 703
702 613
702 701
702 662
702 703
703 672
703 673
703 704
703 662
703 701
703 702
704 673
704 675
704 668
704 701
704 703
705 706
705 708
705 651
705 653
705 685
705 687
705 688
706 705
706 707
706 708
706 709
706 688
706 689
706 625
707 706
707 709
707 710
707 1384
707 1385
707 1386
707 625
707 1400
708 705
708 706
708 709
708 712
708 685
709 706
709 707
709 708
709 710
709 711
709 712
710 707
710 709
710 711
711 712
711 709
711 710
712 708
712 709
712 711
712 685
712 686
713 714
713 715
713 716
713 723
713 724
714 713
714 715
714 716
714 717
714 718
715 713
715 714
715 723
716 713
716 714
716 717
717 714
717 716
717 718
717 719
718 720
718 714
718 717
718 719
719 717
719 718
719 720
719 721
719 722
720 721
720 718
720 719
721 720
721 722
721 723
721 719
722 721
722 723
722 724
722 719
723 713
723 715
723 721
723 722
723 724
724 713
724 722
724 723
725 728
725 726
725 727
726 725
726 727
727 725
727 726
727 728
727 729
727 730
728 738
728 740
728 725
728 727
728 729
729 738
729 727
729 728
729 730
729 731
730 729
730 731
730 732
730 727
731 738
731 729
731 730
731 732
731 733
731 734
731 735
732 730
732 731
732 733
733 731
733 732
733 734
734 736
734 741
734 731
734 733
734 735
735 736
735 737
735 738
735 731
735 734
736 737
736 741
736 734
736 735
737 736
737 738
737 739
737 735
738 737
738 739
738 740
738 728
738 729
738 731
738 735
739 737
739 738
739 740
740 728
740 738
740 739
741 736
741 734
742 744
742 743
743 742
743 744
743 751
743 753
743 754
744 754
744 755
744 742
744 743
745 746
745 747
745 748
746 745
746 747
746 748
746 749
746 750
747 745
747 746
748 745
748 746
748 749
748 756
748 758
749 746
749 748
749 750
749 751
749 756
750 752
750 746
750 749
750 751
751 743
751 749
751 750
751 752
751 753
751 754
751 756
752 753
752 750
752 751
753 752
753 743
753 751
754 743
754 744
754 751
754 755
754 756
755 744
755 754
755 756
755 757
756 748
756 749
756 751
756 754
756 755
756 757
756 758
757 755
757 756
757 758
758 748
758 756
758 757
759 783
759 785
759 787
759 760
759 761
760 781
760 783
760 788
760 759
760 761
761 760
761 759
762 769
762 774
762 777
762 763
762 764
762 765
763 762
763 764
763 765
763 766
764 777
764 762
764 763
765 768
765 769
765 762
765 763
765 766
765 767
766 763
766 765
766 767
767 768
767 765
767 766
768 769
768 770
768 771
768 765
768 767
769 768
769 770
769 772
769 774
769 762
769 765
770 768
770 769
770 771
770 772
770 773
771 768
771 770
772 769
772 770
772 773
772 774
772 775
773 770
773 772
774 769
774 772
774 775
774 776
774 777
774 762
775 776
775 772
775 774
776 777
776 774
776 775
777 776
777 762
777 764
777 774
778 779
778 780
778 781
778 788
778 789
779 778
779 780
779 781
779 782
780 778
780 779
781 778
781 779
781 782
781 783
781 788
781 760
782 784
782 779
782 781
782 783
783 781
783 782
783 784
783 785
783 759
783 760
784 785
784 786
784 782
784 783
785 783
785 784
785 786
785 787
785 759
786 784
786 785
787 785
787 759
788 760
788 778
788 789
788 781
789 778
789 788
790 791
790 792
790 793
790 794
790 796
790 797
791 792
791 793
791 790
792 790
792 791
792 793
792 795
792 796
792 799
793 1572
793 1573
793 1550
793 1551
793 790
793 791
793 792
793 794
793 795
794 809
794 810
794 790
794 793
794 795
794 797
794 798
795 810
795 811
795 792
795 793
795 794
795 799
796 800
796 806
796 807
796 790
796 792
796 797
796 798
796 799
797 794
797 796
797 790
797 798
798 807
798 808
798 809
798 794
798 796
798 797
799 800
799 811
799 792
799 795
799 796
800 805
800 806
800 811
800 812
800 796
800 799
801 802
801 803
801 804
801 813
801 814
801 815
802 801
802 803
802 804
802 805
802 812
802 814
803 801
803 802
803 814
804 801
804 802
804 805
804 806
804 807
804 815
804 824
805 800
805 802
805 804
805 806
805 812
806 800
806 804
806 805
806 807
806 796
807 804
807 806
807 808
807 824
807 796
807 798
808 807
808 809
808 816
808 818
808 824
808 825
808 826
808 798
809 808
809 810
809 813
809 816
809 794
809 798
810 809
810 811
810 812
810 813
810 794
810 795
811 800
811 810
811 812
811 795
811 799
812 800
812 802
812 805
812 810
812 811
812 813
812 814
813 801
813 809
813 810
813 812
813 814
813 815
813 816
814 801
814 802
814 803
814 812
814 813
815 801
815 804
815 813
815 816
815 817
815 822
815 823
815 824
816 808
816 809
816 813
816 815
816 817
816 818
817 815
817 816
817 818
817 819
817 820
817 821
817 822
818 808
818 816
818 817
818 819
818 826
818 829
819 817
819 818
819 820
819 821
819 829
820 817
820 819
820 821
821 817
821 819
821 820
821 822
821 823
821 827
821 828
821 829
821 830
821 831
822 817
822 815
822 821
822 823
823 815
823 821
823 822
823 824
823 825
823 830
823 831
824 804
824 807
824 808
824 815
824 823
824 825
825 808
825 823
825 824
825 826
825 827
825 830
826 808
826 818
826 825
826 827
826 828
826 829
827 821
827 825
827 826
827 828
827 830
828 821
828 826
828 827
828 829
829 818
829 819
829 821
829 826
829 828
830 821
830 823
830 825
830 827
830 831
831 821
831 830
831 823
832 833
832 834
832 835
832 837
832 838
832 839
833 832
833 834
833 835
834 832
834 833
834 835
834 836
834 837
834 1609
834 1611
834 1850
834 1851
835 832
835 833
835 834
835 836
835 838
835 841
836 834
836 835
836 837
836 841
836 848
836 849
837 832
837 834
837 836
837 839
837 840
837 848
837 850
838 832
838 835
838 839
838 840
838 841
838 842
838 852
838 853
839 832
839 840
839 837
839 838
840 837
840 838
840 839
840 850
840 851
840 852
841 835
841 836
841 838
841 842
841 849
842 838
842 841
842 847
842 849
842 853
842 854
843 844
843 845
843 846
843 855
843 856
843 857
844 843
844 845
844 846
844 847
844 856
845 856
845 843
845 844
846 843
846 844
846 847
846 848
846 850
846 857
846 858
847 842
847 844
847 846
847 848
847 849
847 854
847 856
848 836
848 837
848 846
848 847
848 849
848 850
849 836
849 841
849 842
849 847
849 848
850 837
850 840
850 846
850 848
850 851
850 858
851 866
851 867
851 868
851 840
851 850
851 852
851 858
851 860
852 866
852 838
852 840
852 851
852 853
852 855
853 838
853 842
853 852
853 854
853 855
854 842
854 847
854 853
854 855
854 856
855 866
855 843
855 852
855 853
855 854
855 856
855 857
856 843
856 844
856 845
856 847
856 854
856 855
857 864
857 865
857 866
857 843
857 846
857 855
857 858
857 859
858 846
858 850
858 851
858 857
858 859
858 860
859 864
859 857
859 858
859 860
859 861
859 862
859 863
860 868
860 871
860 851
860 858
860 859
860 861
861 871
861 859
861 860
861 862
861 863
862 859
862 861
862 863
863 864
863 865
863 869
863 870
863 871
863 872
863 873
863 859
863 861
863 862
864 857
864 865
864 859
864 863
865 864
865 866
865 867
865 872
865 873
865 857
865 863
866 865
866 867
866 851
866 852
866 855
866 857
867 865
867 866
867 868
867 869
867 872
867 851
868 867
868 869
868 870
868 871
868 851
868 860
869 867
869 868
869 870
869 872
869 863
870 868
870 869
870 863
870 871
871 868
871 870
871 860
871 861
871 863
872 865
872 867
872 869
872 873
872 863
873 872
873 865
873 863
874 875
874 876
874 877
875 874
875 876
875 877
876 874
876 875
877 874
877 875
878 880
878 881
878 879
879 880
879 881
879 882
879 878
880 878
880 879
881 878
881 879
881 882
881 883
881 884
882 881
882 883
882 879
883 881
883 882
883 884
883 885
884 881
884 883
884 885
884 886
884 887
885 883
885 884
885 886
886 888
886 884
886 885
886 887
887 888
887 884
887 886
888 886
888 887
889 890
889 891
889 892
890 889
890 891
890 892
891 889
891 890
891 893
891 894
891 895
892 889
892 890
893 891
893 894
893 895
894 891
894 893
895 891
895 893
896 897
896 898
896 899
896 900
897 896
897 898
897 899
898 896
898 897
899 896
899 897
899 900
899 901
899 902
900 896
900 899
900 901
901 899
901 900
901 902
901 903
902 899
902 901
902 903
902 904
902 905
903 904
903 901
903 902
904 905
904 906
904 902
904 903
905 904
905 906
905 902
906 904
906 905
907 908
907 909
907 910
908 907
908 909
908 910
908 911
909 907
909 908
909 913
909 915
909 916
910 907
910 908
910 911
910 912
910 913
911 912
911 908
911 910
912 913
912 914
912 910
912 911
913 909
913 910
913 912
913 914
913 915
914 912
914 913
914 915
915 913
915 914
915 916
915 909
916 915
916 909
917 920
917 918
917 919
918 920
918 917
918 919
919 917
919 918
920 917
920 918
921 922
921 923
921 924
922 921
922 923
922 924
922 925
923 921
923 922
924 921
924 922
924 925
924 926
924 927
925 922
925 924
925 926
926 928
926 924
926 925
926 927
927 928
927 929
927 930
927 924
927 926
928 929
928 926
928 927
929 928
929 930
929 931
929 927
930 929
930 931
930 927
931 929
931 930
932 933
932 934
932 935
933 932
933 934
933 935
934 932
934 933
935 932
935 933
935 936
935 937
935 938
936 937
936 938
936 935
937 936
937 935
938 936
938 935
939 940
939 941
939 942
939 943
940 939
940 941
940 942
941 939
941 940
942 939
942 940
942 943
942 944
942 945
943 944
943 939
943 942
944 945
944 946
944 942
944 943
945 942
945 944
945 946
945 947
945 948
946 944
946 945
946 947
947 945
947 946
947 948
947 949
948 945
948 947
948 949
949 947
949 948
950 951
950 952
950 953
950 958
950 959
951 952
951 953
951 954
951 950
952 950
952 951
953 950
953 951
953 954
953 955
953 956
954 953
954 955
954 951
955 953
955 954
955 956
955 957
956 953
956 955
956 957
956 958
956 959
957 955
957 956
957 958
958 956
958 957
958 950
958 959
959 956
959 950
959 958
960 961
960 962
960 973
961 960
961 962
961 967
961 973
961 978
962 960
962 961
962 963
962 964
962 967
963 962
963 964
964 962
964 963
964 965
964 966
964 967
964 968
965 964
965 966
966 964
966 965
966 968
966 969
966 970
967 968
967 961
967 962
967 964
968 964
968 966
968 967
968 969
968 971
969 966
969 968
969 970
969 971
969 972
970 969
970 966
971 968
971 969
971 972
971 979
971 980
971 982
972 969
972 971
973 960
973 961
973 974
973 975
973 978
974 973
974 975
975 973
975 974
975 976
975 977
975 978
975 979
976 977
976 975
977 975
977 976
977 979
977 980
977 981
978 961
978 979
978 973
978 975
979 971
979 975
979 977
979 978
979 980
980 971
980 977
980 979
980 981
980 982
981 977
981 980
982 971
982 980
983 1043
983 984
983 985
983 989
983 990
984 1036
984 983
984 985
984 1019
984 1020
985 1019
985 1034
985 1035
985 1036
985 1043
985 983
985 984
985 1018
985 987
985 989
986 992
986 1002
986 1011
986 987
986 988
986 989
987 1018
987 985
987 986
987 988
987 989
988 1018
988 1002
988 1004
988 1017
988 986
988 987
989 992
989 983
989 985
989 986
989 987
989 990
989 991
990 1043
990 1044
990 983
990 989
990 991
991 992
991 993
991 989
991 990
992 993
992 994
992 996
992 1011
992 986
992 989
992 991
993 992
993 994
993 995
993 1012
993 991
994 992
994 993
994 995
994 996
995 993
995 994
995 996
995 997
995 1012
995 1017
995 1018
996 992
996 994
996 995
996 997
996 998
996 1011
997 995
997 996
997 998
997 999
997 1010
997 1016
997 1017
998 996
998 997
998 999
998 1000
998 1011
999 997
999 998
999 1000
999 1001
999 1008
999 1009
999 1010
1000 998
1000 999
1000 1001
1000 1002
1000 1011
1001 999
1001 1000
1001 1002
1001 1003
1001 1005
1001 1008
1002 1000
1002 1001
1002 1003
1002 1004
1002 1011
1002 986
1002 988
1003 1001
1003 1002
1003 1004
1003 1005
1004 1002
1004 1003
1004 1005
1004 1006
1004 1016
1004 1017
1004 988
1005 1001
1005 1003
1005 1004
1005 1006
1005 1007
1005 1008
1006 1004
1006 1005
1006 1007
1006 1014
1006 1016
1007 1005
1007 1006
1007 1008
1007 1009
1007 1013
1007 1014
1007 1015
1008 999
1008 1001
1008 1005
1008 1007
1008 1009
1009 999
1009 1007
1009 1008
1009 1010
1009 1015
1010 997
1010 999
1010 1009
1010 1013
1010 1015
1010 1016
1011 992
1011 996
1011 998
1011 1000
1011 1002
1011 986
1012 993
1012 995
1012 1018
1012 1019
1012 1021
1013 1007
1013 1010
1013 1014
1013 1015
1013 1016
1014 1016
1014 1013
1014 1006
1014 1007
1015 1009
1015 1010
1015 1013
1015 1007
1016 997
1016 1004
1016 1006
1016 1010
1016 1013
1016 1014
1016 1017
1017 995
1017 997
1017 1004
1017 1016
1017 1018
1017 988
1018 995
1018 1019
1018 985
1018 1012
1018 1017
1018 987
1018 988
1019 1012
1019 984
1019 985
1019 1018
1019 1020
1019 1021
1020 984
1020 1019
1020 1036
1020 1021
1021 1036
1021 1012
1021 1019
1021 1020
1021 1022
1022 1024
1022 1034
1022 1036
1022 1021
1022 1023
1023 1024
1023 1029
1023 1031
1023 1034
1023 1046
1023 1047
1023 1022
1024 1044
1024 1045
1024 1046
1024 1022
1024 1023
1025 1026
1025 1027
1025 1028
1025 1029
1025 1042
1025 1048
1025 1049
1026 1025
1026 1027
1026 1028
1026 1059
1026 1053
1026 1054
1027 1025
1027 1026
1027 1038
1027 1039
1027 1040
1027 1041
1027 1042
1027 1053
1028 1025
1028 1026
1028 1059
1028 1060
1028 1029
1028 1030
1029 1025
1029 1028
1029 1030
1029 1031
1029 1047
1029 1048
1029 1023
1030 1028
1030 1029
1030 1060
1030 1031
1030 1032
1030 1061
1030 1037
1031 1029
1031 1030
1031 1032
1031 1033
1031 1034
1031 1023
1032 1030
1032 1031
1032 1033
1032 1037
1032 1040
1032 1041
1032 1050
1033 1056
1033 1031
1033 1032
1033 1034
1033 1035
1033 1050
1034 1031
1034 1033
1034 1035
1034 1036
1034 985
1034 1022
1034 1023
1035 1056
1035 1033
1035 1034
1035 1043
1035 985
1036 1034
1036 984
1036 985
1036 1020
1036 1021
1036 1022
1037 1061
1037 1030
1037 1032
1037 1038
1037 1040
1037 1051
1038 1027
1038 1037
1038 1039
1038 1040
1038 1051
1038 1052
1039 1027
1039 1052
1039 1053
1039 1038
1040 1027
1040 1032
1040 1037
1040 1038
1040 1041
1041 1027
1041 1032
1041 1040
1041 1042
1041 1050
1042 1025
1042 1027
1042 1041
1042 1049
1042 1050
1043 1056
1043 1035
1043 1044
1043 1045
1043 983
1043 985
1043 990
1044 1024
1044 1043
1044 1045
1044 990
1045 1024
1045 1056
1045 1043
1045 1044
1045 1046
1045 1047
1045 1055
1046 1024
1046 1047
1046 1045
1046 1023
1047 1029
1047 1045
1047 1046
1047 1048
1047 1055
1047 1023
1048 1025
1048 1029
1048 1047
1048 1049
1048 1055
1049 1025
1049 1042
1049 1048
1049 1050
1049 1055
1050 1056
1050 1032
1050 1033
1050 1041
1050 1042
1050 1049
1050 1055
1051 1057
1051 1061
1051 1037
1051 1038
1051 1052
1052 1057
1052 1058
1052 1038
1052 1039
1052 1051
1052 1053
1052 1054
1053 1026
1053 1027
1053 1039
1053 1052
1053 1054
1054 1026
1054 1059
1054 1058
1054 1052
1054 1053
1055 1056
1055 1045
1055 1047
1055 1048
1055 1049
1055 1050
1056 1033
1056 1035
1056 1043
1056 1045
1056 1050
1056 1055
1057 1058
1057 1060
1057 1061
1057 1051
1057 1052
1058 1057
1058 1059
1058 1060
1058 1052
1058 1054
1059 1058
1059 1026
1059 1060
1059 1028
1059 1054
1060 1057
1060 1058
1060 1059
1060 1028
1060 1061
1060 1030
1061 1057
1061 1060
1061 1030
1061 1037
1061 1051
1062 1063
1062 1064
1062 1072
1062 1076
1062 1083
1063 1064
1063 1076
1063 1062
1064 1062
1064 1063
1064 1065
1064 1066
1064 1072
1065 1064
1065 1066
1066 1064
1066 1065
1066 1067
1066 1068
1066 1071
1066 1072
1067 1066
1067 1068
1068 1066
1068 1067
1068 1069
1068 1070
1068 1071
1069 1068
1069 1070
1069 1071
1069 1073
1069 1074
1070 1068
1070 1069
1071 1066
1071 1068
1071 1069
1071 1072
1071 1073
1072 1064
1072 1066
1072 1062
1072 1071
1073 1069
1073 1071
1073 1074
1073 1080
1073 1082
1073 1084
1074 1073
1074 1069
1075 1076
1075 1077
1076 1062
1076 1063
1076 1075
1076 1077
1076 1083
1077 1075
1077 1076
1077 1078
1077 1079
1077 1082
1077 1083
1078 1077
1078 1079
1079 1077
1079 1078
1079 1080
1079 1081
1079 1082
1080 1073
1080 1079
1080 1081
1080 1082
1080 1084
1081 1080
1081 1079
1082 1073
1082 1077
1082 1079
1082 1080
1082 1083
1083 1082
1083 1076
1083 1077
1083 1062
1084 1080
1084 1073
1085 1088
1085 1089
1085 1106
1085 1108
1085 1086
1085 1087
1086 1106
1086 1107
1086 1085
1086 1087
1087 1088
1087 1090
1087 1091
1087 1085
1087 1086
1088 1089
1088 1090
1088 1096
1088 1097
1088 1085
1088 1087
1089 1088
1089 1097
1089 1098
1089 1108
1089 1109
1089 1085
1090 1088
1090 1091
1090 1092
1090 1095
1090 1096
1090 1087
1091 1090
1091 1092
1091 1087
1092 1090
1092 1091
1092 1093
1092 1094
1092 1095
1093 1121
1093 1092
1093 1094
1093 1095
1093 1100
1093 1105
1094 1121
1094 1122
1094 1092
1094 1093
1095 1090
1095 1092
1095 1093
1095 1096
1095 1100
1096 1088
1096 1090
1096 1095
1096 1097
1096 1100
1097 1088
1097 1089
1097 1096
1097 1098
1097 1099
1097 1100
1098 1089
1098 1097
1098 1099
1098 1109
1098 1110
1099 1097
1099 1098
1099 1100
1099 1101
1099 1110
1099 1111
1099 1112
1100 1093
1100 1095
1100 1096
1100 1097
1100 1099
1100 1101
1100 1102
1100 1105
1101 1127
1101 1099
1101 1100
1101 1102
1101 1103
1101 1112
1102 1100
1102 1101
1102 1103
1102 1104
1102 1105
1103 1127
1103 1101
1103 1102
1103 1104
1103 1106
1103 1118
1103 1119
1104 1120
1104 1102
1104 1103
1104 1105
1104 1107
1104 1119
1105 1120
1105 1121
1105 1093
1105 1100
1105 1102
1105 1104
1106 1103
1106 1107
1106 1108
1106 1117
1106 1086
1106 1085
1106 1118
1106 1119
1107 1120
1107 1104
1107 1106
1107 1086
1107 1119
1108 1089
1108 1125
1108 1106
1108 1117
1108 1109
1108 1085
1109 1089
1109 1124
1109 1125
1109 1098
1109 1108
1109 1110
1110 1123
1110 1124
1110 1098
1110 1099
1110 1109
1110 1111
1111 1123
1111 1099
1111 1110
1111 1112
1111 1113
1112 1127
1112 1099
1112 1101
1112 1111
1112 1113
1112 1114
1113 1123
1113 1135
1113 1137
1113 1138
1113 1111
1113 1112
1113 1114
1113 1115
1114 1127
1114 1112
1114 1113
1114 1115
1114 1116
1114 1117
1114 1118
1115 1133
1115 1135
1115 1113
1115 1114
1115 1116
1116 1126
1116 1133
1116 1140
1116 1114
1116 1115
1116 1117
1117 1125
1117 1126
1117 1106
1117 1108
1117 1114
1117 1116
1117 1118
1118 1127
1118 1103
1118 1106
1118 1114
1118 1117
1119 1104
1119 1106
1119 1107
1119 1103
1120 1121
1120 1122
1120 1104
1120 1105
1120 1107
1121 1120
1121 1122
1121 1093
1121 1094
1121 1105
1122 1120
1122 1121
1122 1094
1123 1124
1123 1138
1123 1139
1123 1110
1123 1111
1123 1113
1124 1123
1124 1125
1124 1126
1124 1139
1124 1140
1124 1109
1124 1110
1125 1124
1125 1126
1125 1108
1125 1109
1125 1117
1126 1124
1126 1125
1126 1140
1126 1116
1126 1117
1127 1101
1127 1103
1127 1112
1127 1114
1127 1118
1128 1129
1128 1130
1128 1131
1128 1132
1129 1128
1129 1130
1129 1131
1129 1138
1129 1139
1130 1128
1130 1129
1130 1136
1130 1137
1130 1138
1131 1128
1131 1129
1131 1132
1131 1133
1131 1139
1131 1140
1132 1128
1132 1131
1132 1133
1132 1134
1133 1131
1133 1132
1133 1134
1133 1135
1133 1140
1133 1115
1133 1116
1134 1136
1134 1132
1134 1133
1134 1135
1135 1133
1135 1134
1135 1136
1135 1137
1135 1113
1135 1115
1136 1137
1136 1130
1136 1134
1136 1135
1137 1130
1137 1135
1137 1136
1137 1138
1137 1113
1138 1123
1138 1129
1138 1130
1138 1137
1138 1139
1138 1113
1139 1123
1139 1124
1139 1129
1139 1131
1139 1138
1139 1140
1140 1124
1140 1126
1140 1131
1140 1133
1140 1139
1140 1116
1141 1166
1141 1167
1141 1142
1141 1143
1141 1144
1142 1144
1142 1141
1142 1143
1143 1174
1143 1141
1143 1142
1143 1167
1144 1165
1144 1166
1144 1141
1144 1142
1144 1147
1145 1161
1145 1162
1145 1163
1145 1164
1145 1146
1145 1147
1145 1148
1145 1149
1146 1145
1146 1147
1146 1148
1146 1182
1147 1164
1147 1165
1147 1144
1147 1145
1147 1146
1148 1178
1148 1145
1148 1146
1148 1182
1148 1149
1148 1150
1149 1161
1149 1171
1149 1145
1149 1148
1149 1150
1149 1151
1150 1152
1150 1178
1150 1179
1150 1148
1150 1149
1150 1151
1151 1152
1151 1153
1151 1171
1151 1172
1151 1149
1151 1150
1152 1153
1152 1154
1152 1179
1152 1150
1152 1151
1153 1152
1153 1154
1153 1155
1153 1172
1153 1173
1153 1151
1154 1152
1154 1153
1154 1155
1154 1156
1154 1168
1154 1179
1154 1180
1155 1153
1155 1154
1155 1156
1155 1157
1155 1173
1156 1154
1156 1155
1156 1157
1156 1158
1156 1168
1156 1169
1157 1185
1157 1155
1157 1156
1157 1188
1157 1158
1157 1159
1157 1190
1157 1173
1158 1156
1158 1157
1158 1159
1158 1160
1158 1161
1158 1162
1158 1169
1159 1184
1159 1185
1159 1157
1159 1158
1159 1160
1160 1184
1160 1158
1160 1159
1160 1161
1160 1194
1160 1170
1161 1158
1161 1160
1161 1162
1161 1170
1161 1171
1161 1145
1161 1149
1162 1158
1162 1161
1162 1163
1162 1169
1162 1145
1163 1162
1163 1164
1163 1165
1163 1168
1163 1169
1163 1145
1163 1181
1164 1145
1164 1163
1164 1165
1164 1147
1165 1163
1165 1164
1165 1166
1165 1144
1165 1147
1165 1181
1166 1165
1166 1167
1166 1141
1166 1144
1166 1180
1166 1181
1167 1166
1167 1141
1167 1174
1167 1175
1167 1143
1167 1180
1168 1154
1168 1156
1168 1163
1168 1169
1168 1180
1168 1181
1169 1156
1169 1158
1169 1162
1169 1163
1169 1168
1170 1160
1170 1161
1170 1194
1170 1171
1170 1172
1171 1161
1171 1170
1171 1172
1171 1149
1171 1151
1172 1153
1172 1192
1172 1194
1172 1170
1172 1171
1172 1173
1172 1151
1173 1153
1173 1155
1173 1157
1173 1190
1173 1192
1173 1172
1174 1167
1174 1143
1174 1175
1174 1176
1174 1183
1175 1167
1175 1174
1175 1176
1175 1177
1175 1180
1176 1174
1176 1175
1176 1177
1176 1178
1176 1182
1176 1183
1177 1175
1177 1176
1177 1178
1177 1179
1177 1180
1178 1182
1178 1176
1178 1177
1178 1179
1178 1148
1178 1150
1179 1152
1179 1154
1179 1177
1179 1178
1179 1180
1179 1150
1180 1154
1180 1166
1180 1167
1180 1168
1180 1175
1180 1177
1180 1179
1180 1181
1181 1163
1181 1165
1181 1166
1181 1168
1181 1180
1182 1146
1182 1176
1182 1178
1182 1148
1182 1183
1183 1176
1183 1174
1183 1182
1184 1185
1184 1186
1184 1159
1184 1160
1184 1193
1184 1194
1184 1196
1185 1184
1185 1186
1185 1187
1185 1188
1185 1157
1185 1159
1186 1184
1186 1185
1186 1187
1186 1196
1187 1185
1187 1186
1187 1188
1187 1189
1188 1185
1188 1187
1188 1157
1188 1189
1188 1190
1189 1187
1189 1188
1189 1190
1189 1191
1189 1195
1190 1188
1190 1189
1190 1157
1190 1191
1190 1192
1190 1173
1191 1189
1191 1190
1191 1192
1191 1193
1191 1195
1192 1190
1192 1191
1192 1193
1192 1194
1192 1172
1192 1173
1193 1184
1193 1191
1193 1192
1193 1194
1193 1195
1193 1196
1194 1184
1194 1192
1194 1193
1194 1160
1194 1170
1194 1172
1195 1193
1195 1196
1195 1189
1195 1191
1196 1184
1196 1193
1196 1186
1196 1195
1197 1200
1197 1198
1197 1199
1198 1200
1198 1197
1198 1199
1199 1197
1199 1198
1200 1197
1200 1198
1201 1202
1201 1203
1201 1204
1202 1201
1202 1203
1202 1204
1202 1205
1203 1201
1203 1202
1204 1201
1204 1202
1204 1205
1204 1206
1205 1202
1205 1204
1205 1206
1205 1207
1205 1208
1206 1204
1206 1205
1206 1207
1207 1208
1207 1205
1207 1206
1208 1205
1208 1207
1209 1210
1209 1211
1209 1212
1209 1213
1210 1209
1210 1211
1210 1212
1211 1209
1211 1210
1212 1209
1212 1210
1212 1213
1212 1214
1212 1215
1213 1209
1213 1212
1213 1214
1214 1216
1214 1212
1214 1213
1214 1215
1215 1216
1215 1217
1215 1218
1215 1212
1215 1214
1216 1217
1216 1214
1216 1215
1217 1216
1217 1218
1217 1219
1217 1215
1218 1217
1218 1219
1218 1237
1218 1239
1218 1240
1218 1215
1219 1217
1219 1218
1220 1221
1220 1222
1220 1223
1221 1224
1221 1220
1221 1222
1221 1223
1222 1220
1222 1221
1223 1220
1223 1221
1223 1224
1223 1225
1223 1226
1224 1225
1224 1221
1224 1223
1225 1224
1225 1226
1225 1227
1225 1223
1226 1223
1226 1225
1226 1227
1226 1228
1226 1229
1227 1225
1227 1226
1227 1228
1228 1226
1228 1227
1228 1229
1228 1230
1229 1226
1229 1228
1229 1230
1230 1228
1230 1229
1231 1232
1231 1233
1231 1234
1232 1233
1232 1234
1232 1235
1232 1231
1233 1232
1233 1231
1234 1231
1234 1232
1234 1235
1234 1236
1234 1237
1235 1232
1235 1234
1235 1236
1236 1234
1236 1235
1236 1237
1236 1238
1237 1218
1237 1234
1237 1236
1237 1238
1237 1239
1238 1236
1238 1237
1238 1239
1239 1240
1239 1218
1239 1237
1239 1238
1240 1218
1240 1239
1241 1242
1241 1243
1241 1261
1241 1262
1242 1262
1242 1263
1242 1241
1242 1243
1242 1244
1242 1245
1243 1259
1243 1261
1243 1241
1243 1242
1243 1244
1243 1247
1244 1248
1244 1242
1244 1243
1244 1245
1244 1246
1244 1247
1245 1242
1245 1244
1245 1246
1245 1263
1246 1248
1246 1263
1246 1264
1246 1265
1246 1244
1246 1245
1247 1248
1247 1249
1247 1259
1247 1243
1247 1244
1248 1249
1248 1250
1248 1264
1248 1270
1248 1244
1248 1246
1248 1247
1249 1248
1249 1250
1249 1251
1249 1257
1249 1259
1249 1247
1250 1248
1250 1249
1250 1251
1250 1252
1250 1270
1251 1249
1251 1250
1251 1252
1251 1253
1251 1255
1251 1257
1252 1250
1252 1251
1252 1253
1252 1254
1252 1268
1252 1269
1252 1270
1253 1251
1253 1252
1253 1254
1253 1255
1254 1252
1254 1253
1254 1255
1254 1256
1254 1268
1255 1251
1255 1253
1255 1254
1255 1256
1255 1257
1256 1254
1256 1255
1256 1257
1256 1258
1256 1267
1256 1268
1257 1249
1257 1251
1257 1255
1257 1256
1257 1258
1257 1259
1258 1256
1258 1257
1258 1259
1258 1260
1258 1266
1258 1267
1259 1249
1259 1257
1259 1258
1259 1260
1259 1261
1259 1243
1259 1247
1260 1258
1260 1259
1260 1261
1260 1262
1260 1265
1260 1266
1261 1259
1261 1260
1261 1262
1261 1241
1261 1243
1262 1260
1262 1261
1262 1263
1262 1265
1262 1241
1262 1242
1263 1262
1263 1265
1263 1242
1263 1245
1263 1246
1264 1248
1264 1265
1264 1266
1264 1270
1264 1246
1265 1260
1265 1262
1265 1263
1265 1264
1265 1266
1265 1246
1266 1258
1266 1260
1266 1264
1266 1265
1266 1267
1266 1268
1266 1270
1267 1256
1267 1258
1267 1266
1267 1268
1268 1252
1268 1254
1268 1256
1268 1266
1268 1267
1268 1269
1268 1270
1269 1270
1269 1252
1269 1268
1270 1248
1270 1250
1270 1252
1270 1264
1270 1266
1270 1268
1270 1269
1271 1272
1271 1273
1271 1284
1272 1283
1272 1284
1272 1285
1272 1316
1272 1297
1272 1298
1272 1271
1272 1273
1273 1280
1273 1281
1273 1282
1273 1283
1273 1271
1273 1272
1273 1276
1274 1292
1274 1307
1274 1305
1274 1306
1274 1275
1274 1276
1275 1274
1275 1307
1275 1276
1275 1277
1276 1280
1276 1284
1276 1288
1276 1289
1276 1290
1276 1291
1276 1292
1276 1273
1276 1274
1276 1275
1276 1277
1276 1278
1276 1279
1277 1275
1277 1307
1277 1276
1277 1309
1277 1278
1277 1310
1278 1276
1278 1277
1278 1308
1278 1309
1278 1279
1279 1280
1279 1312
1279 1313
1279 1308
1279 1276
1279 1278
1280 1313
1280 1281
1280 1314
1280 1315
1280 1273
1280 1276
1280 1279
1281 1280
1281 1273
1281 1282
1281 1315
1282 1281
1282 1283
1282 1316
1282 1315
1282 1273
1283 1272
1283 1273
1283 1282
1283 1316
1284 1285
1284 1286
1284 1287
1284 1288
1284 1271
1284 1272
1284 1276
1285 1272
1285 1297
1285 1284
1285 1286
1286 1284
1286 1285
1286 1287
1286 1293
1286 1297
1287 1288
1287 1284
1287 1293
1287 1286
1288 1284
1288 1287
1288 1289
1288 1293
1288 1295
1288 1299
1288 1276
1289 1288
1289 1290
1289 1299
1289 1300
1289 1301
1289 1276
1290 1289
1290 1291
1290 1301
1290 1303
1290 1276
1291 1290
1291 1292
1291 1303
1291 1304
1291 1305
1291 1276
1292 1305
1292 1274
1292 1291
1292 1276
1293 1286
1293 1287
1293 1288
1293 1295
1293 1297
1294 1296
1294 1297
1294 1298
1294 1295
1295 1288
1295 1293
1295 1294
1295 1296
1295 1297
1295 1299
1296 1299
1296 1302
1296 1294
1296 1295
1297 1285
1297 1286
1297 1293
1297 1294
1297 1295
1297 1298
1297 1272
1298 1316
1298 1317
1298 1294
1298 1297
1298 1272
1299 1288
1299 1289
1299 1295
1299 1296
1299 1300
1299 1302
1300 1289
1300 1299
1300 1301
1300 1302
1301 1289
1301 1290
1301 1300
1301 1302
1301 1303
1302 1296
1302 1299
1302 1300
1302 1301
1302 1303
1302 1304
1303 1290
1303 1291
1303 1301
1303 1302
1303 1304
1304 1291
1304 1302
1304 1303
1304 1305
1304 1306
1305 1274
1305 1291
1305 1292
1305 1304
1305 1306
1306 1304
1306 1305
1306 1274
1306 1307
1306 1310
1307 1274
1307 1306
1307 1275
1307 1277
1307 1310
1308 1312
1308 1279
1308 1309
1308 1278
1308 1311
1309 1310
1309 1308
1309 1277
1309 1278
1309 1311
1310 1277
1310 1306
1310 1307
1310 1309
1310 1311
1311 1312
1311 1313
1311 1318
1311 1308
1311 1309
1311 1310
1312 1313
1312 1279
1312 1308
1312 1311
1313 1312
1313 1280
1313 1314
1313 1311
1313 1318
1313 1279
1314 1280
1314 1313
1314 1315
1314 1316
1314 1317
1314 1318
1315 1280
1315 1281
1315 1314
1315 1282
1315 1316
1316 1282
1316 1283
1316 1314
1316 1315
1316 1317
1316 1298
1316 1272
1317 1318
1317 1298
1317 1316
1317 1314
1318 1313
1318 1314
1318 1317
1318 1311
1319 1320
1319 1321
1319 1322
1320 1321
1320 1322
1320 1319
1321 1320
1321 1319
1322 1320
1322 1319
1323 1324
1323 1325
1323 1326
1324 1323
1324 1325
1324 1326
1324 1327
1325 1323
1325 1324
1326 1328
1326 1323
1326 1324
1326 1327
1327 1328
1327 1329
1327 1324
1327 1326
1328 1326
1328 1327
1328 1329
1328 1330
1328 1331
1329 1328
1329 1330
1329 1327
1330 1328
1330 1329
1330 1331
1330 1332
1331 1328
1331 1330
1331 1332
1331 1333
1332 1330
1332 1331
1332 1333
1332 1334
1333 1331
1333 1332
1333 1334
1334 1332
1334 1333
1335 1336
1335 1337
1335 1338
1336 1337
1336 1338
1336 1335
1337 1336
1337 1335
1338 1336
1338 1335
1339 1340
1339 1341
1339 1342
1340 1339
1340 1341
1340 1342
1341 1339
1341 1340
1342 1339
1342 1340
1343 1344
1343 1345
1343 1346
1344 1345
1344 1346
1344 1347
1344 1348
1344 1343
1345 1344
1345 1343
1346 1344
1346 1347
1346 1343
1347 1344
1347 1346
1347 1348
1347 1349
1348 1344
1348 1347
1348 1349
1348 1350
1349 1347
1349 1348
1349 1350
1350 1348
1350 1349
1351 1352
1351 1353
1351 1354
1351 1355
1352 1353
1352 1354
1352 1351
1353 1352
1353 1351
1354 1351
1354 1352
1354 1355
1354 1356
1354 1357
1355 1354
1355 1356
1355 1351
1356 1354
1356 1355
1356 1357
1356 1358
1357 1354
1357 1356
1357 1358
1357 1359
1357 1360
1358 1356
1358 1357
1358 1359
1359 1360
1359 1361
1359 1357
1359 1358
1360 1357
1360 1359
1360 1361
1360 1368
1360 1370
1360 1371
1361 1360
1361 1359
1362 1363
1362 1364
1362 1365
1363 1362
1363 1364
1363 1365
1363 1366
1364 1362
1364 1363
1365 1362
1365 1363
1365 1366
1365 1367
1365 1368
1366 1363
1366 1365
1366 1367
1367 1368
1367 1369
1367 1365
1367 1366
1368 1360
1368 1365
1368 1367
1368 1369
1368 1370
1369 1368
1369 1370
1369 1367
1370 1368
1370 1369
1370 1371
1370 1360
1371 1360
1371 1370
1372 1376
1372 1373
1372 1374
1372 1375
1373 1372
1373 1374
1373 1375
1374 1378
1374 1380
1374 1381
1374 1372
1374 1373
1375 1376
1375 1377
1375 1378
1375 1372
1375 1373
1376 1377
1376 1372
1376 1375
1377 1376
1377 1378
1377 1379
1377 1375
1378 1377
1378 1379
1378 1380
1378 1374
1378 1375
1379 1377
1379 1378
1379 1380
1380 1378
1380 1379
1380 1381
1380 1374
1381 1380
1381 1374
1382 650
1382 1383
1383 1382
1383 1386
1383 650
1383 1387
1383 1388
1384 1385
1384 1386
1384 707
1384 1387
1385 1384
1385 1401
1385 707
1385 1400
1386 707
1386 1383
1386 1384
1386 1387
1386 1388
1386 1399
1386 1400
1387 1384
1387 1386
1387 1383
1388 1383
1388 1386
1388 650
1388 1389
1388 1390
1388 1399
1389 650
1389 1388
1389 1390
1389 1391
1389 667
1390 1388
1390 1389
1390 1391
1390 1392
1390 1398
1390 1399
1391 1389
1391 1390
1391 1392
1391 1393
1391 1403
1391 667
1392 1390
1392 1391
1392 1393
1392 1394
1392 1397
1392 1398
1393 677
1393 1391
1393 1392
1393 1394
1393 1403
1393 1404
1393 1405
1394 677
1394 1392
1394 1393
1394 1395
1394 1396
1394 1397
1395 1394
1395 1405
1395 1396
1395 677
1396 1394
1396 1395
1396 1397
1397 1392
1397 1394
1397 1396
1397 1398
1398 1390
1398 1392
1398 1397
1398 1399
1398 1402
1399 1386
1399 1388
1399 1390
1399 1398
1399 1400
1399 1402
1400 707
1400 1385
1400 1386
1400 1399
1400 1401
1400 1402
1401 1400
1401 1385
1401 1402
1402 1400
1402 1401
1402 1398
1402 1399
1403 1391
1403 1393
1403 667
1403 1404
1403 1406
1404 1393
1404 1403
1404 1405
1405 1393
1405 1395
1405 1404
1405 677
1406 1403
1406 667
1407 1408
1407 1409
1407 1410
1408 1409
1408 1410
1408 1407
1409 1408
1409 1407
1410 1408
1410 1407
1411 1412
1411 1413
1411 1414
1412 1411
1412 1413
1412 1414
1412 1415
1413 1411
1413 1412
1414 1416
1414 1411
1414 1412
1414 1415
1415 1412
1415 1414
1415 1416
1415 1417
1415 1418
1416 1417
1416 1414
1416 1415
1417 1416
1417 1418
1417 1415
1418 1417
1418 1415
1419 1420
1419 1421
1419 1422
1419 1423
1420 1419
1420 1421
1420 1422
1420 1430
1420 1431
1420 1432
1421 1419
1421 1420
1422 1419
1422 1420
1422 1423
1422 1424
1422 1425
1423 1424
1423 1419
1423 1422
1424 1425
1424 1426
1424 1422
1424 1423
1425 1422
1425 1424
1425 1426
1425 1427
1425 1428
1426 1424
1426 1425
1426 1427
1427 1425
1427 1426
1427 1428
1427 1429
1428 1446
1428 1448
1428 1449
1428 1425
1428 1427
1428 1429
1429 1427
1429 1428
1430 1432
1430 1433
1430 1420
1430 1431
1431 1420
1431 1430
1432 1420
1432 1430
1432 1433
1432 1434
1432 1435
1433 1432
1433 1434
1433 1430
1434 1432
1434 1433
1434 1435
1434 1436
1435 1432
1435 1434
1435 1436
1435 1437
1435 1438
1436 1434
1436 1435
1436 1437
1437 1435
1437 1436
1437 1438
1437 1439
1438 1435
1438 1437
1438 1439
1439 1437
1439 1438
1440 1441
1440 1442
1440 1443
1441 1440
1441 1442
1441 1443
1441 1444
1442 1440
1442 1441
1443 1440
1443 1441
1443 1444
1443 1445
1443 1446
1444 1441
1444 1443
1444 1445
1445 1443
1445 1444
1445 1446
1445 1447
1446 1443
1446 1445
1446 1447
1446 1448
1446 1428
1447 1448
1447 1445
1447 1446
1448 1449
1448 1428
1448 1446
1448 1447
1449 1448
1449 1428
1450 1547
1450 1451
1450 1452
1450 1466
1450 1467
1451 1450
1451 1452
1451 1453
1451 1494
1451 1467
1451 1468
1451 1469
1452 1511
1452 1513
1452 1450
1452 1451
1452 1547
1452 1453
1452 1529
1453 1451
1453 1452
1453 1492
1453 1493
1453 1494
1454 1472
1454 1473
1454 1474
1454 1455
1454 1456
1454 1457
1454 1458
1455 1544
1455 1547
1455 1454
1455 1456
1455 1457
1456 1474
1456 1476
1456 1544
1456 1454
1456 1455
1457 1547
1457 1454
1457 1455
1457 1458
1457 1459
1458 1472
1458 1454
1458 1457
1458 1459
1458 1460
1458 1461
1458 1471
1459 1457
1459 1458
1459 1547
1459 1460
1460 1547
1460 1458
1460 1459
1460 1461
1460 1462
1461 1458
1461 1460
1461 1462
1461 1463
1461 1471
1462 1547
1462 1460
1462 1461
1462 1463
1462 1464
1463 1461
1463 1462
1463 1464
1463 1465
1463 1470
1463 1471
1464 1547
1464 1462
1464 1463
1464 1465
1464 1466
1465 1463
1465 1464
1465 1466
1465 1467
1465 1468
1465 1469
1465 1470
1466 1450
1466 1547
1466 1464
1466 1465
1466 1467
1467 1450
1467 1451
1467 1465
1467 1466
1467 1468
1468 1465
1468 1451
1468 1467
1468 1469
1469 1475
1469 1451
1469 1492
1469 1494
1469 1465
1469 1468
1469 1470
1469 1471
1470 1465
1470 1471
1470 1469
1470 1463
1471 1472
1471 1475
1471 1488
1471 1458
1471 1461
1471 1463
1471 1469
1471 1470
1472 1473
1472 1454
1472 1488
1472 1458
1472 1471
1473 1472
1473 1474
1473 1485
1473 1486
1473 1454
1473 1487
1473 1488
1474 1473
1474 1476
1474 1477
1474 1454
1474 1486
1474 1456
1475 1488
1475 1490
1475 1492
1475 1469
1475 1471
1476 1474
1476 1477
1476 1543
1476 1544
1476 1456
1476 1501
1476 1503
1477 1474
1477 1476
1477 1501
1477 1486
1478 1480
1478 1481
1478 1495
1478 1479
1479 1507
1479 1508
1479 1478
1479 1480
1479 1481
1479 1482
1480 1508
1480 1509
1480 1478
1480 1479
1481 1478
1481 1479
1481 1482
1481 1483
1481 1495
1481 1496
1481 1497
1481 1498
1482 1506
1482 1507
1482 1479
1482 1481
1482 1483
1482 1484
1483 1481
1483 1482
1483 1484
1483 1485
1483 1498
1484 1505
1484 1506
1484 1482
1484 1483
1484 1485
1484 1486
1484 1500
1485 1473
1485 1483
1485 1484
1485 1486
1485 1487
1485 1498
1486 1473
1486 1474
1486 1477
1486 1484
1486 1485
1486 1500
1486 1501
1487 1473
1487 1485
1487 1488
1487 1489
1487 1498
1488 1472
1488 1473
1488 1475
1488 1487
1488 1489
1488 1490
1488 1471
1489 1487
1489 1488
1489 1490
1489 1491
1489 1497
1489 1498
1490 1475
1490 1488
1490 1489
1490 1491
1490 1492
1491 1489
1491 1490
1491 1492
1491 1493
1491 1497
1491 1499
1492 1475
1492 1453
1492 1490
1492 1491
1492 1493
1492 1494
1492 1469
1493 1491
1493 1492
1493 1453
1493 1499
1494 1451
1494 1492
1494 1453
1494 1469
1495 1496
1495 1481
1495 1478
1496 1481
1496 1499
1496 1497
1496 1495
1497 1481
1497 1489
1497 1491
1497 1496
1497 1498
1497 1499
1498 1481
1498 1483
1498 1485
1498 1487
1498 1489
1498 1497
1499 1496
1499 1497
1499 1491
1499 1493
1500 1504
1500 1505
1500 1484
1500 1486
1500 1501
1500 1502
1501 1476
1501 1477
1501 1486
1501 1500
1501 1502
1501 1503
1502 1504
1502 1500
1502 1501
1502 1503
1503 1504
1503 1476
1503 1541
1503 1542
1503 1543
1503 1522
1503 1501
1503 1502
1504 1505
1504 1518
1504 1522
1504 1500
1504 1502
1504 1503
1505 1504
1505 1506
1505 1484
1505 1518
1505 1520
1505 1521
1505 1500
1506 1505
1506 1507
1506 1482
1506 1484
1506 1519
1506 1520
1507 1506
1507 1508
1507 1510
1507 1479
1507 1482
1507 1516
1507 1517
1507 1519
1508 1507
1508 1509
1508 1510
1508 1479
1508 1480
1509 1480
1509 1508
1509 1510
1509 1511
1510 1507
1510 1508
1510 1509
1510 1511
1510 1512
1510 1514
1510 1515
1510 1516
1511 1509
1511 1510
1511 1512
1511 1513
1511 1452
1512 1513
1512 1514
1512 1510
1512 1511
1513 1511
1513 1512
1513 1514
1513 1452
1513 1529
1513 1530
1513 1532
1514 1510
1514 1512
1514 1513
1514 1515
1514 1524
1514 1525
1514 1532
1514 1533
1515 1510
1515 1514
1515 1516
1515 1517
1515 1524
1516 1515
1516 1517
1516 1510
1516 1507
1517 1507
1517 1515
1517 1516
1517 1519
1517 1520
1517 1523
1517 1524
1518 1504
1518 1505
1518 1522
1518 1521
1519 1520
1519 1506
1519 1507
1519 1517
1520 1505
1520 1506
1520 1517
1520 1519
1520 1521
1520 1523
1520 1527
1521 1505
1521 1518
1521 1520
1521 1522
1521 1527
1521 1528
1522 1504
1522 1540
1522 1541
1522 1518
1522 1521
1522 1528
1522 1503
1523 1517
1523 1520
1523 1524
1523 1526
1523 1527
1524 1514
1524 1515
1524 1517
1524 1523
1524 1525
1524 1526
1524 1534
1524 1535
1525 1514
1525 1524
1525 1533
1525 1534
1526 1536
1526 1537
1526 1538
1526 1523
1526 1524
1526 1527
1526 1535
1527 1538
1527 1539
1527 1520
1527 1521
1527 1523
1527 1526
1527 1528
1528 1539
1528 1540
1528 1521
1528 1522
1528 1527
1529 1513
1529 1547
1529 1452
1529 1530
1529 1531
1530 1513
1530 1529
1530 1531
1530 1532
1530 1533
1531 1545
1531 1547
1531 1529
1531 1530
1531 1533
1532 1513
1532 1530
1532 1514
1532 1533
1533 1545
1533 1514
1533 1525
1533 1530
1533 1531
1533 1532
1533 1534
1534 1545
1534 1546
1534 1524
1534 1525
1534 1533
1534 1535
1535 1536
1535 1546
1535 1524
1535 1526
1535 1534
1536 1537
1536 1546
1536 1547
1536 1526
1536 1535
1537 1536
1537 1538
1537 1547
1537 1526
1538 1537
1538 1539
1538 1547
1538 1526
1538 1527
1539 1538
1539 1540
1539 1547
1539 1527
1539 1528
1540 1539
1540 1541
1540 1547
1540 1522
1540 1528
1541 1540
1541 1542
1541 1547
1541 1522
1541 1503
1542 1547
1542 1543
1542 1541
1542 1503
1543 1476
1543 1542
1543 1544
1543 1547
1543 1503
1544 1476
1544 1543
1544 1547
1544 1455
1544 1456
1545 1546
1545 1547
1545 1531
1545 1533
1545 1534
1546 1536
1546 1545
1546 1547
1546 1534
1546 1535
1547 1536
1547 1537
1547 1538
1547 1539
1547 1540
1547 1541
1547 1542
1547 1543
1547 1544
1547 1545
1547 1546
1547 1450
1547 1452
1547 1455
1547 1457
1547 1459
1547 1460
1547 1462
1547 1464
1547 1466
1547 1529
1547 1531
1548 1575
1548 1549
1548 1550
1548 1551
1548 1552
1548 1558
1549 1574
1549 1548
1549 1550
1549 1575
1550 1573
1550 1574
1550 1548
1550 1549
1550 1551
1550 793
1551 1572
1551 1548
1551 1550
1551 1552
1551 1553
1551 1556
1551 1557
1551 793
1552 1548
1552 1551
1552 1553
1552 1554
1552 1558
1552 1559
1552 1560
1553 1551
1553 1552
1553 1554
1553 1555
1553 1556
1554 1552
1554 1553
1554 1555
1554 1560
1554 1561
1555 1996
1555 1553
1555 1554
1555 1556
1555 1561
1555 1562
1555 1563
1556 1996
1556 1997
1556 1551
1556 1553
1556 1555
1556 1557
1557 1556
1557 1997
1557 1572
1557 1551
1558 1575
1558 1548
1558 1999
1558 1552
1558 2000
1558 1559
1559 1552
1559 2000
1559 1558
1559 1560
1559 1564
1560 1568
1560 1552
1560 1554
1560 1559
1560 1561
1560 1564
1560 1567
1561 1568
1561 1554
1561 1555
1561 1560
1561 1562
1561 1567
1562 1555
1562 1561
1562 1563
1562 1565
1562 1567
1563 1996
1563 1555
1563 1562
1563 2011
1563 1565
1563 1566
1564 1569
1564 2000
1564 2001
1564 1559
1564 1560
1564 1567
1565 1570
1565 1571
1565 1562
1565 1563
1565 1566
1565 1567
1566 1571
1566 1995
1566 1563
1566 2011
1566 1565
1567 1568
1567 1569
1567 1570
1567 1560
1567 1561
1567 1562
1567 1564
1567 1565
1568 1560
1568 1561
1568 1567
1569 1570
1569 1571
1569 2001
1569 2002
1569 1564
1569 1567
1570 1569
1570 1571
1570 1565
1570 1567
1571 1569
1571 1570
1571 1995
1571 2002
1571 2003
1571 1565
1571 1566
1572 1573
1572 1997
1572 1998
1572 1551
1572 1557
1572 793
1573 1572
1573 1574
1573 1998
1573 1550
1573 793
1574 1573
1574 1575
1574 1549
1574 1998
1574 1550
1574 1999
1575 1574
1575 1548
1575 1549
1575 1999
1575 1558
1576 1577
1576 1578
1576 1579
1576 1580
1576 1581
1577 1576
1577 1578
1577 1579
1577 1588
1577 1589
1578 2054
1578 2055
1578 1576
1578 1577
1578 1872
1578 1873
1578 2065
1578 1589
1578 1590
1578 1591
1579 1576
1579 1577
1579 1580
1580 1576
1580 1579
1580 1581
1580 1582
1581 1576
1581 1580
1581 1582
1581 1583
1582 1584
1582 1580
1582 1581
1582 1583
1583 1584
1583 1585
1583 1581
1583 1582
1584 1585
1584 1586
1584 1582
1584 1583
1585 1584
1585 1586
1585 1587
1585 1583
1586 1584
1586 1585
1586 1587
1586 1588
1587 1585
1587 1586
1587 1588
1587 1589
1588 1577
1588 1586
1588 1587
1588 1589
1589 1577
1589 1578
1589 1587
1589 1588
1590 1592
1590 1578
1590 1591
1591 1592
1591 1593
1591 1578
1591 1590
1592 1593
1592 1594
1592 1590
1592 1591
1593 1592
1593 1594
1593 1595
1593 1591
1594 1592
1594 1593
1594 1595
1594 1596
1594 1597
1595 1593
1595 1594
1595 1596
1596 1594
1596 1595
1596 1597
1596 1598
1597 1594
1597 1596
1597 1598
1597 1599
1598 1596
1598 1597
1598 1599
1599 1597
1599 1598
1600 1601
1600 1602
1600 1860
1600 1605
1600 1630
1601 1600
1601 1602
1601 1860
1601 1861
1601 1620
1601 1621
1601 1622
1602 1600
1602 1601
1602 1632
1602 1622
1602 1623
1602 1630
1603 1604
1603 1605
1603 1606
1603 1607
1603 1628
1603 1629
1603 1630
1604 1856
1604 1857
1604 1858
1604 1603
1604 1605
1604 1606
1604 1852
1605 1600
1605 1858
1605 1603
1605 1604
1605 1860
1605 1630
1606 1603
1606 1604
1606 1607
1606 1608
1606 1850
1606 1852
1607 1603
1607 1606
1607 1608
1607 1609
1607 1610
1607 1629
1608 1609
1608 1850
1608 1606
1608 1607
1609 834
1609 1607
1609 1608
1609 1610
1609 1611
1609 1850
1610 1607
1610 1609
1610 1611
1610 1612
1610 1613
1610 1629
1611 834
1611 1609
1611 1610
1611 1612
1611 1851
1612 1610
1612 1611
1612 1613
1612 1614
1612 1851
1612 1854
1613 1610
1613 1612
1613 1614
1613 1615
1613 1616
1613 1629
1614 1612
1614 1613
1614 1615
1614 1853
1614 1854
1615 1613
1615 1614
1615 1616
1615 1617
1615 1853
1615 1855
1616 1613
1616 1615
1616 1617
1616 1618
1616 1619
1616 1626
1616 1628
1616 1629
1617 1862
1617 1615
1617 1616
1617 1618
1617 1855
1618 1859
1618 1862
1618 1616
1618 1617
1618 1619
1618 1620
1619 1616
1619 1618
1619 1620
1619 1621
1619 1626
1620 1601
1620 1859
1620 1861
1620 1618
1620 1619
1620 1621
1621 1601
1621 1619
1621 1620
1621 1622
1621 1624
1621 1625
1621 1626
1622 1601
1622 1602
1622 1621
1622 1623
1622 1624
1623 1632
1623 1602
1623 1803
1623 1808
1623 1809
1623 1622
1623 1624
1624 1808
1624 1621
1624 1622
1624 1623
1624 1625
1625 1807
1625 1808
1625 1621
1625 1624
1625 1626
1625 1627
1626 1616
1626 1619
1626 1621
1626 1625
1626 1627
1626 1628
1627 1804
1627 1807
1627 1625
1627 1626
1627 1628
1627 1631
1628 1603
1628 1616
1628 1626
1628 1627
1628 1629
1628 1630
1628 1631
1629 1603
1629 1607
1629 1610
1629 1613
1629 1616
1629 1628
1630 1600
1630 1632
1630 1602
1630 1603
1630 1605
1630 1628
1630 1631
1631 1632
1631 1804
1631 1805
1631 1627
1631 1628
1631 1630
1632 1602
1632 1803
1632 1805
1632 1623
1632 1630
1632 1631
1633 1634
1633 1635
1633 1641
1633 1642
1633 1643
1633 1644
1633 1645
1634 1633
1634 1635
1634 1644
1634 1643
1635 1633
1635 1634
1635 1644
1636 1989
1636 1637
1636 1638
1636 1639
1636 1993
1636 1994
1637 1636
1637 1638
1637 1639
1637 1640
1637 1993
1637 1992
1637 1994
1638 1994
1638 1636
1638 1637
1639 1636
1639 1637
1639 1989
1639 1640
1639 1641
1639 1649
1639 1651
1640 1637
1640 1639
1640 1992
1640 1641
1640 1642
1641 1633
1641 1639
1641 1640
1641 1642
1641 1643
1641 1646
1641 1651
1641 1652
1642 1633
1642 1640
1642 1641
1642 1992
1642 1771
1642 1645
1642 1647
1643 1633
1643 1634
1643 1641
1643 1644
1643 1645
1643 1646
1644 1633
1644 1634
1644 1635
1644 1643
1644 1645
1645 1633
1645 1642
1645 1643
1645 1644
1645 1646
1645 1647
1646 1641
1646 1643
1646 1645
1646 1647
1646 1652
1646 1653
1646 1753
1647 1770
1647 1771
1647 1642
1647 1645
1647 1646
1647 1753
1648 1986
1648 1987
1648 1991
1648 1649
1648 1650
1648 1651
1649 1989
1649 1990
1649 1639
1649 1648
1649 1650
1649 1651
1650 1648
1650 1649
1650 1990
1650 1991
1651 1986
1651 1639
1651 1641
1651 1648
1651 1649
1651 1652
1652 1986
1652 1988
1652 1641
1652 1646
1652 1775
1652 1651
1652 1653
1653 1646
1653 1775
1653 1777
1653 1652
1653 1753
1654 1656
1654 1657
1654 1661
1654 1655
1655 1654
1655 1656
1655 1657
1655 1658
1655 1659
1655 1660
1656 1660
1656 1654
1656 1655
1657 1658
1657 1661
1657 1654
1657 1655
1658 1655
1658 1657
1658 1659
1658 1660
1658 1661
1659 1658
1659 1660
1659 1655
1660 1655
1660 1656
1660 1658
1660 1659
1660 1661
1661 1657
1661 1658
1661 1660
1661 1654
1662 1664
1662 1831
1662 1675
1662 1676
1662 1712
1662 1663
1663 1664
1663 1665
1663 1666
1663 1667
1663 1675
1663 1677
1663 1662
1664 1667
1664 1831
1664 1674
1664 1838
1664 1663
1664 1839
1664 1662
1664 1727
1665 1666
1665 1667
1665 1671
1665 1672
1665 1663
1666 1665
1666 1668
1666 1669
1666 1671
1666 1677
1666 1678
1666 1663
1667 1664
1667 1665
1667 1672
1667 1673
1667 1674
1667 1663
1668 1666
1668 1669
1668 1670
1668 1671
1668 1683
1668 1684
1669 1666
1669 1668
1669 1670
1669 1678
1669 1679
1669 1680
1670 1668
1670 1669
1670 1680
1670 1681
1670 1682
1670 1683
1671 1665
1671 1666
1671 1668
1671 1672
1671 1684
1671 1685
1672 1665
1672 1667
1672 1671
1672 1673
1672 1685
1672 1686
1673 1667
1673 1672
1673 1674
1673 1686
1673 1687
1674 1664
1674 1728
1674 1667
1674 1673
1674 1687
1674 1688
1674 1727
1675 1799
1675 1676
1675 1677
1675 1678
1675 1662
1675 1663
1676 1798
1676 1799
1676 1675
1676 1710
1676 1712
1676 1662
1677 1666
1677 1675
1677 1678
1677 1663
1678 1760
1678 1666
1678 1669
1678 1799
1678 1675
1678 1677
1678 1679
1679 1760
1679 1761
1679 1762
1679 1669
1679 1678
1679 1680
1680 1762
1680 1763
1680 1794
1680 1669
1680 1670
1680 1800
1680 1679
1680 1681
1680 1691
1681 1670
1681 1703
1681 1704
1681 1680
1681 1682
1681 1689
1681 1690
1681 1691
1682 1702
1682 1670
1682 1703
1682 1681
1682 1683
1683 1668
1683 1701
1683 1670
1683 1702
1683 1682
1683 1684
1684 1699
1684 1700
1684 1668
1684 1701
1684 1671
1684 1683
1684 1685
1684 1723
1685 1671
1685 1672
1685 1684
1685 1686
1685 1722
1685 1723
1686 1672
1686 1673
1686 1685
1686 1687
1686 1722
1686 1724
1687 1729
1687 1730
1687 1673
1687 1674
1687 1686
1687 1688
1687 1724
1688 1728
1688 1729
1688 1674
1688 1687
1689 1704
1689 1705
1689 1706
1689 1707
1689 1681
1689 1690
1690 1707
1690 1708
1690 1709
1690 1681
1690 1689
1690 1691
1690 1692
1690 1693
1691 1794
1691 1795
1691 1796
1691 1680
1691 1681
1691 1690
1691 1692
1692 1690
1692 1691
1692 1796
1692 1693
1693 1796
1693 1797
1693 1709
1693 1710
1693 1690
1693 1692
1694 1696
1694 1697
1694 1698
1694 1699
1694 1722
1694 1695
1695 1696
1695 1697
1695 1985
1695 1984
1695 1739
1695 1694
1695 1983
1696 1694
1696 1739
1696 1722
1696 1725
1696 1726
1696 1695
1697 1985
1697 1698
1697 1949
1697 1694
1697 1695
1698 1697
1698 1699
1698 1700
1698 1713
1698 1949
1698 1694
1699 1698
1699 1700
1699 1684
1699 1722
1699 1723
1699 1694
1700 1698
1700 1699
1700 1701
1700 1713
1700 1714
1700 1684
1701 1700
1701 1702
1701 1714
1701 1683
1701 1684
1701 1715
1702 1701
1702 1703
1702 1682
1702 1715
1702 1683
1702 1716
1702 1717
1703 1702
1703 1704
1703 1681
1703 1682
1703 1717
1704 1703
1704 1705
1704 1681
1704 1717
1704 1719
1704 1689
1705 1735
1705 1704
1705 1736
1705 1706
1705 1721
1705 1747
1705 1719
1705 1689
1706 1689
1706 1705
1706 1707
1706 1747
1707 1706
1707 1708
1707 1746
1707 1747
1707 1689
1707 1690
1708 1834
1708 1707
1708 1709
1708 1744
1708 1746
1708 1690
1709 1834
1709 1835
1709 1708
1709 1710
1709 1711
1709 1690
1709 1693
1710 1797
1710 1798
1710 1676
1710 1709
1710 1711
1710 1712
1710 1693
1711 1833
1711 1835
1711 1709
1711 1710
1711 1712
1712 1831
1712 1833
1712 1676
1712 1710
1712 1711
1712 1662
1713 1698
1713 1700
1713 1714
1713 1948
1713 1949
1714 1700
1714 1701
1714 1713
1714 1715
1714 1944
1714 1946
1714 1948
1715 1701
1715 1702
1715 1714
1715 1716
1715 1941
1715 1942
1715 1944
1716 1702
1716 1715
1716 1941
1716 1718
1716 1717
1717 1702
1717 1703
1717 1704
1717 1716
1717 1718
1717 1719
1718 1955
1718 1961
1718 1962
1718 1716
1718 1717
1718 1941
1718 1719
1718 1720
1719 1704
1719 1705
1719 1717
1719 1718
1719 1720
1719 1721
1720 1736
1720 1737
1720 1962
1720 1718
1720 1719
1720 1721
1721 1720
1721 1705
1721 1736
1721 1719
1722 1696
1722 1699
1722 1685
1722 1686
1722 1723
1722 1724
1722 1725
1722 1694
1723 1722
1723 1699
1723 1684
1723 1685
1724 1730
1724 1731
1724 1686
1724 1687
1724 1722
1724 1725
1725 1696
1725 1731
1725 1732
1725 1722
1725 1724
1725 1726
1726 1696
1726 1732
1726 1733
1726 1734
1726 1738
1726 1739
1726 1725
1727 1664
1727 1728
1727 1674
1727 1740
1727 1741
1727 1838
1728 1729
1728 1674
1728 1740
1728 1688
1728 1913
1728 1727
1729 1728
1729 1730
1729 1896
1729 1750
1729 1687
1729 1688
1729 1913
1730 1729
1730 1731
1730 1749
1730 1750
1730 1687
1730 1724
1731 1730
1731 1732
1731 1748
1731 1749
1731 1724
1731 1725
1732 1731
1732 1733
1732 1748
1732 1725
1732 1726
1733 1732
1733 1734
1733 1735
1733 1748
1733 1726
1734 1733
1734 1735
1734 1736
1734 1737
1734 1738
1734 1726
1735 1733
1735 1734
1735 1736
1735 1705
1735 1747
1735 1748
1736 1734
1736 1735
1736 1705
1736 1737
1736 1720
1736 1721
1737 1734
1737 1736
1737 1738
1737 1962
1737 1720
1737 1979
1737 1980
1737 1981
1738 1734
1738 1737
1738 1739
1738 1981
1738 1726
1739 1696
1739 1738
1739 1695
1739 1982
1739 1981
1739 1726
1739 1983
1740 1728
1740 1741
1740 1742
1740 1913
1740 1914
1740 1727
1741 1740
1741 1837
1741 1742
1741 1743
1741 1838
1741 1727
1742 1740
1742 1741
1742 1743
1742 1744
1742 1745
1742 1914
1742 1915
1743 1836
1743 1837
1743 1741
1743 1742
1743 1744
1744 1834
1744 1708
1744 1836
1744 1742
1744 1743
1744 1745
1744 1746
1745 1924
1745 1742
1745 1744
1745 1746
1745 1752
1745 1915
1746 1707
1746 1708
1746 1744
1746 1745
1746 1747
1746 1748
1746 1751
1746 1752
1747 1735
1747 1705
1747 1706
1747 1707
1747 1746
1747 1748
1748 1731
1748 1732
1748 1733
1748 1735
1748 1746
1748 1747
1748 1749
1748 1751
1749 1920
1749 1921
1749 1730
1749 1731
1749 1922
1749 1925
1749 1748
1749 1750
1749 1751
1750 1729
1750 1730
1750 1925
1750 1895
1750 1896
1750 1749
1751 1920
1751 1924
1751 1746
1751 1748
1751 1749
1751 1752
1751 1919
1752 1745
1752 1746
1752 1924
1752 1751
1753 1768
1753 1769
1753 1770
1753 1646
1753 1647
1753 1777
1753 1653
1754 1793
1754 1778
1754 1755
1754 1756
1754 1757
1755 1801
1755 1754
1755 1756
1755 1757
1755 1758
1756 1793
1756 1794
1756 1795
1756 1801
1756 1754
1756 1755
1757 1778
1757 1782
1757 1754
1757 1755
1757 1758
1757 1759
1758 1760
1758 1801
1758 1802
1758 1755
1758 1757
1758 1759
1759 1760
1759 1761
1759 1780
1759 1782
1759 1757
1759 1758
1760 1761
1760 1799
1760 1802
1760 1678
1760 1679
1760 1758
1760 1759
1761 1760
1761 1762
1761 1764
1761 1679
1761 1780
1761 1759
1762 1761
1762 1763
1762 1764
1762 1679
1762 1680
1763 1762
1763 1764
1763 1765
1763 1800
1763 1680
1763 1791
1764 1761
1764 1762
1764 1763
1764 1765
1764 1766
1764 1767
1764 1779
1764 1780
1765 1763
1765 1764
1765 1766
1765 1791
1766 1764
1766 1765
1766 1767
1766 1768
1766 1788
1766 1789
1766 1791
1767 1764
1767 1766
1767 1768
1767 1769
1767 1779
1768 1766
1768 1767
1768 1769
1768 1777
1768 1753
1768 1788
1769 1767
1769 1768
1769 1770
1769 1779
1769 1753
1769 1786
1770 1769
1770 1771
1770 1772
1770 1647
1770 1753
1770 1786
1771 1992
1771 1770
1771 1642
1771 1772
1771 1773
1771 1647
1772 1770
1772 1771
1772 1773
1772 1774
1772 1785
1772 1786
1773 1988
1773 1989
1773 1992
1773 1771
1773 1772
1773 1774
1773 1775
1774 1772
1774 1773
1774 1775
1774 1776
1774 1785
1774 1787
1775 1988
1775 1773
1775 1774
1775 1776
1775 1777
1775 1652
1775 1653
1776 1774
1776 1775
1776 1777
1776 1787
1776 1788
1777 1768
1777 1775
1777 1776
1777 1653
1777 1753
1777 1788
1778 1792
1778 1793
1778 1782
1778 1783
1778 1754
1778 1757
1778 1790
1779 1764
1779 1767
1779 1769
1779 1780
1779 1781
1779 1785
1779 1786
1780 1761
1780 1764
1780 1779
1780 1781
1780 1782
1780 1759
1781 1779
1781 1780
1781 1782
1781 1783
1781 1784
1781 1785
1782 1778
1782 1780
1782 1781
1782 1783
1782 1757
1782 1759
1783 1778
1783 1781
1783 1782
1783 1784
1783 1790
1784 1781
1784 1783
1784 1785
1784 1787
1784 1789
1784 1790
1785 1772
1785 1774
1785 1779
1785 1781
1785 1784
1785 1786
1785 1787
1786 1769
1786 1770
1786 1772
1786 1779
1786 1785
1787 1774
1787 1776
1787 1784
1787 1785
1787 1788
1787 1789
1788 1766
1788 1768
1788 1776
1788 1777
1788 1787
1788 1789
1789 1766
1789 1784
1789 1787
1789 1788
1789 1790
1789 1791
1790 1792
1790 1778
1790 1783
1790 1784
1790 1789
1790 1791
1791 1792
1791 1793
1791 1763
1791 1765
1791 1766
1791 1800
1791 1789
1791 1790
1792 1793
1792 1778
1792 1790
1792 1791
1793 1792
1793 1794
1793 1800
1793 1778
1793 1754
1793 1756
1793 1791
1794 1793
1794 1795
1794 1800
1794 1680
1794 1691
1794 1756
1795 1794
1795 1796
1795 1797
1795 1801
1795 1691
1795 1756
1796 1795
1796 1797
1796 1691
1796 1692
1796 1693
1797 1795
1797 1796
1797 1798
1797 1801
1797 1802
1797 1710
1797 1693
1798 1797
1798 1799
1798 1802
1798 1676
1798 1710
1799 1760
1799 1798
1799 1802
1799 1675
1799 1676
1799 1678
1800 1793
1800 1794
1800 1763
1800 1680
1800 1791
1801 1795
1801 1797
1801 1802
1801 1755
1801 1756
1801 1758
1802 1760
1802 1797
1802 1798
1802 1799
1802 1801
1802 1758
1803 1632
1803 1805
1803 1806
1803 1809
1803 1810
1803 1811
1803 1623
1804 1828
1804 1805
1804 1806
1804 1807
1804 1627
1804 1631
1805 1632
1805 1803
1805 1804
1805 1806
1805 1631
1806 1827
1806 1828
1806 1803
1806 1804
1806 1805
1806 1811
1806 1823
1807 1825
1807 1828
1807 1829
1807 1804
1807 1808
1807 1625
1807 1627
1808 1825
1808 1807
1808 1809
1808 1623
1808 1624
1808 1625
1809 1825
1809 1803
1809 1808
1809 1810
1809 1623
1810 1825
1810 1803
1810 1809
1810 1811
1810 1812
1810 1813
1810 1814
1810 1817
1811 1803
1811 1806
1811 1810
1811 1812
1811 1823
1812 1810
1812 1811
1812 1813
1812 1822
1812 1823
1813 1824
1813 1810
1813 1812
1813 1814
1813 1815
1813 1822
1814 1810
1814 1813
1814 1815
1814 1816
1814 1817
1815 1824
1815 1934
1815 1937
1815 1938
1815 1813
1815 1814
1815 1816
1816 1960
1816 1938
1816 1814
1816 1815
1816 1817
1816 1818
1817 1825
1817 1810
1817 1814
1817 1816
1817 1818
1817 1819
1818 1959
1818 1960
1818 1816
1818 1817
1818 1819
1818 1820
1819 1825
1819 1827
1819 1830
1819 1817
1819 1818
1819 1820
1819 1821
1820 1826
1820 1958
1820 1959
1820 1818
1820 1819
1820 1821
1820 1822
1821 1827
1821 1819
1821 1820
1821 1822
1821 1823
1822 1824
1822 1826
1822 1812
1822 1813
1822 1820
1822 1821
1822 1823
1823 1827
1823 1806
1823 1811
1823 1812
1823 1821
1823 1822
1824 1826
1824 1957
1824 1934
1824 1936
1824 1813
1824 1815
1824 1822
1825 1829
1825 1830
1825 1807
1825 1808
1825 1809
1825 1810
1825 1817
1825 1819
1826 1824
1826 1957
1826 1958
1826 1820
1826 1822
1827 1828
1827 1829
1827 1830
1827 1806
1827 1819
1827 1821
1827 1823
1828 1827
1828 1829
1828 1804
1828 1806
1828 1807
1829 1825
1829 1827
1829 1828
1829 1830
1829 1807
1830 1825
1830 1819
1830 1829
1830 1827
1831 1664
1831 1832
1831 1833
1831 1839
1831 1712
1831 1840
1831 1662
1832 1831
1832 1833
1832 1840
1832 1841
1832 1842
1833 1831
1833 1832
1833 1835
1833 1711
1833 1712
1833 1842
1833 1843
1833 1844
1834 1835
1834 1708
1834 1709
1834 1836
1834 1744
1834 1844
1834 1845
1834 1846
1835 1833
1835 1834
1835 1709
1835 1711
1835 1844
1836 1834
1836 1837
1836 1743
1836 1744
1836 1846
1837 1836
1837 1741
1837 1838
1837 1743
1837 1846
1837 1847
1837 1848
1837 1849
1838 1664
1838 1837
1838 1741
1838 1839
1838 1840
1838 1849
1838 1727
1839 1664
1839 1840
1839 1838
1839 1831
1840 1831
1840 1832
1840 1838
1840 1839
1840 1841
1840 1849
1841 1832
1841 1840
1841 1842
1841 1848
1841 1849
1842 1832
1842 1841
1842 1843
1842 1833
1843 1833
1843 1842
1843 1844
1844 1833
1844 1834
1844 1835
1844 1843
1844 1845
1845 1834
1845 1844
1845 1846
1846 1834
1846 1836
1846 1837
1846 1845
1846 1847
1847 1848
1847 1837
1847 1846
1848 1849
1848 1841
1848 1837
1848 1847
1849 1837
1849 1838
1849 1840
1849 1841
1849 1848
1850 834
1850 1606
1850 1608
1850 1609
1850 1851
1850 1852
1850 1853
1850 1855
1851 834
1851 1611
1851 1612
1851 1850
1851 1853
1851 1854
1852 1856
1852 1604
1852 1606
1852 1850
1852 1855
1853 1614
1853 1615
1853 1850
1853 1851
1853 1854
1853 1855
1854 1851
1854 1612
1854 1853
1854 1614
1855 1856
1855 1862
1855 1615
1855 1617
1855 1850
1855 1852
1855 1853
1856 1857
1856 1604
1856 1862
1856 1852
1856 1855
1857 1856
1857 1858
1857 1859
1857 1604
1857 1862
1857 1863
1858 1857
1858 1859
1858 1604
1858 1605
1858 1860
1859 1857
1859 1858
1859 1860
1859 1861
1859 1862
1859 1863
1859 1618
1859 1620
1860 1600
1860 1601
1860 1858
1860 1859
1860 1605
1860 1861
1861 1601
1861 1859
1861 1860
1861 1620
1862 1856
1862 1857
1862 1859
1862 1863
1862 1617
1862 1618
1862 1855
1863 1857
1863 1859
1863 1862
1864 1865
1864 1866
1864 1867
1864 1868
1865 1864
1865 1866
1865 1867
1866 1864
1866 1865
1867 1864
1867 1865
1867 1868
1867 1869
1868 1864
1868 1867
1868 1869
1868 1870
1868 1871
1869 1867
1869 1868
1869 1870
1870 1872
1870 1868
1870 1869
1870 1871
1871 1872
1871 1873
1871 1868
1871 1870
1872 1873
1872 1578
1872 1870
1872 1871
1873 1872
1873 1578
1873 1871
1874 1895
1874 1896
1874 1897
1874 1875
1874 1876
1874 1877
1875 1900
1875 1874
1875 1876
1875 1877
1875 1878
1875 1879
1876 1897
1876 1898
1876 1899
1876 1900
1876 1874
1876 1875
1877 1894
1877 1895
1877 1874
1877 1875
1877 1878
1877 1880
1878 1875
1878 1877
1878 1879
1878 1880
1878 1881
1878 1883
1879 1900
1879 1875
1879 1878
1879 1883
1879 1885
1880 1892
1880 1893
1880 1894
1880 1877
1880 1878
1880 1881
1880 1882
1881 1889
1881 1890
1881 1878
1881 1880
1881 1882
1881 1883
1881 1884
1882 1890
1882 1891
1882 1892
1882 1880
1882 1881
1883 1878
1883 1879
1883 1881
1883 1884
1883 1885
1883 1886
1884 1888
1884 1889
1884 1881
1884 1883
1884 1886
1884 1887
1885 1900
1885 1907
1885 1908
1885 1879
1885 1883
1885 1886
1886 1906
1886 1907
1886 1883
1886 1884
1886 1885
1886 1887
1887 1888
1887 1904
1887 1905
1887 1906
1887 1884
1887 1886
1888 1889
1888 1903
1888 1904
1888 1884
1888 1887
1889 1888
1889 1890
1889 1902
1889 1903
1889 1881
1889 1884
1890 1889
1890 1891
1890 1901
1890 1902
1890 1881
1890 1882
1891 1890
1891 1892
1891 1926
1891 1901
1891 1882
1891 1917
1892 1891
1892 1893
1892 1905
1892 1880
1892 1882
1892 1917
1893 1892
1893 1894
1893 1905
1893 1906
1893 1880
1894 1922
1894 1923
1894 1893
1894 1925
1894 1895
1894 1906
1894 1877
1894 1880
1895 1925
1895 1894
1895 1896
1895 1874
1895 1877
1895 1750
1896 1729
1896 1895
1896 1897
1896 1874
1896 1750
1896 1912
1896 1913
1897 1896
1897 1898
1897 1874
1897 1876
1897 1911
1897 1912
1898 1897
1898 1899
1898 1876
1898 1910
1898 1911
1899 1898
1899 1900
1899 1876
1899 1909
1899 1910
1900 1899
1900 1875
1900 1876
1900 1908
1900 1909
1900 1879
1900 1885
1901 1890
1901 1891
1901 1926
1901 1902
1901 2068
1901 2043
1902 1889
1902 1890
1902 1901
1902 1903
1902 2068
1902 2069
1902 2070
1903 1888
1903 1889
1903 2053
1903 1902
1903 1904
1903 2070
1903 1916
1904 1888
1904 1903
1904 1905
1904 1916
1904 1917
1904 1887
1905 1892
1905 1893
1905 1904
1905 1906
1905 1917
1905 1887
1906 1923
1906 1893
1906 1894
1906 1905
1906 1907
1906 1886
1906 1887
1907 1921
1907 1922
1907 1923
1907 1906
1907 1908
1907 1909
1907 1885
1907 1886
1908 1909
1908 1907
1908 1900
1908 1885
1909 1920
1909 1921
1909 1899
1909 1900
1909 1907
1909 1908
1909 1910
1910 1920
1910 1898
1910 1899
1910 1909
1910 1911
1910 1919
1911 1897
1911 1898
1911 1910
1911 1912
1911 1915
1911 1919
1912 1896
1912 1897
1912 1911
1912 1913
1912 1914
1912 1915
1913 1728
1913 1729
1913 1896
1913 1740
1913 1912
1913 1914
1914 1740
1914 1742
1914 1912
1914 1913
1914 1915
1915 1924
1915 1742
1915 1745
1915 1911
1915 1912
1915 1914
1915 1919
1916 2053
1916 1903
1916 1904
1916 1917
1916 1918
1917 1891
1917 1892
1917 1926
1917 1904
1917 1905
1917 1916
1917 1918
1918 2053
1918 1926
1918 2039
1918 2040
1918 2042
1918 1916
1918 1917
1919 1920
1919 1924
1919 1911
1919 1910
1919 1751
1919 1915
1920 1921
1920 1751
1920 1749
1920 1909
1920 1910
1920 1919
1921 1920
1921 1922
1921 1907
1921 1749
1921 1909
1922 1921
1922 1923
1922 1925
1922 1894
1922 1907
1922 1749
1923 1922
1923 1907
1923 1894
1923 1906
1924 1745
1924 1751
1924 1752
1924 1915
1924 1919
1925 1922
1925 1894
1925 1895
1925 1749
1925 1750
1926 1891
1926 1901
1926 2039
1926 2043
1926 1917
1926 1918
1927 2016
1927 1928
1927 1929
1927 1930
1927 2026
1927 1977
1927 1978
1928 1953
1928 1954
1928 1927
1928 1929
1928 1930
1928 1951
1929 1953
1929 1927
1929 1928
1929 1935
1929 1978
1930 2016
1930 1954
1930 1927
1930 1928
1930 1974
1931 1963
1931 1932
1931 1933
1931 1934
1931 1935
1931 1966
1931 1964
1931 1978
1932 1937
1932 1931
1932 1933
1932 1934
1933 1955
1933 1961
1933 1962
1933 1931
1933 1932
1933 1963
1933 1937
1933 1939
1934 1824
1934 1931
1934 1932
1934 1935
1934 1936
1934 1937
1934 1815
1935 1952
1935 1953
1935 1956
1935 1929
1935 1931
1935 1934
1935 1936
1935 1978
1936 1824
1936 1956
1936 1957
1936 1934
1936 1935
1937 1932
1937 1933
1937 1934
1937 1938
1937 1939
1937 1815
1938 1960
1938 1937
1938 1939
1938 1940
1938 1815
1938 1816
1939 1955
1939 1933
1939 1937
1939 1938
1939 1940
1939 1941
1940 1959
1940 1960
1940 1938
1940 1939
1940 1941
1940 1942
1940 1943
1941 1955
1941 1939
1941 1940
1941 1716
1941 1942
1941 1718
1941 1715
1942 1715
1942 1940
1942 1941
1942 1943
1942 1944
1943 1958
1943 1959
1943 1940
1943 1942
1943 1944
1943 1945
1944 1714
1944 1715
1944 1942
1944 1943
1944 1945
1944 1946
1945 1958
1945 1943
1945 1944
1945 1946
1945 1947
1946 1714
1946 1944
1946 1945
1946 1947
1946 1948
1947 1952
1947 1956
1947 1957
1947 1958
1947 1945
1947 1946
1947 1948
1947 1949
1947 1950
1948 1713
1948 1714
1948 1946
1948 1947
1948 1949
1949 1985
1949 1698
1949 1697
1949 1713
1949 1947
1949 1948
1949 1950
1949 1951
1950 1952
1950 1947
1950 1949
1950 1951
1951 1952
1951 1953
1951 1954
1951 1984
1951 1985
1951 1928
1951 1973
1951 1949
1951 1950
1952 1953
1952 1956
1952 1935
1952 1947
1952 1950
1952 1951
1953 1952
1953 1928
1953 1929
1953 1935
1953 1951
1954 1928
1954 1930
1954 1971
1954 1972
1954 1973
1954 1974
1954 1951
1955 1961
1955 1933
1955 1939
1955 1941
1955 1718
1956 1952
1956 1957
1956 1935
1956 1936
1956 1947
1957 1824
1957 1826
1957 1956
1957 1958
1957 1936
1957 1947
1958 1826
1958 1957
1958 1959
1958 1943
1958 1945
1958 1947
1958 1820
1959 1958
1959 1960
1959 1940
1959 1943
1959 1818
1959 1820
1960 1959
1960 1938
1960 1940
1960 1816
1960 1818
1961 1962
1961 1955
1961 1933
1961 1718
1962 1961
1962 1737
1962 1963
1962 1964
1962 1933
1962 1718
1962 1720
1962 1979
1963 1962
1963 1931
1963 1964
1963 1933
1964 1962
1964 1963
1964 1931
1964 1965
1964 1966
1964 1967
1964 1979
1964 1980
1965 1964
1965 1966
1965 1967
1965 1968
1965 1977
1965 1978
1966 1978
1966 1931
1966 1964
1966 1965
1967 1964
1967 1965
1967 1968
1967 1969
1967 1980
1967 1981
1968 1965
1968 1967
1968 1969
1968 1970
1968 1976
1968 1977
1969 1967
1969 1968
1969 1970
1969 1971
1969 1972
1969 1981
1969 1982
1970 1968
1970 1969
1970 1971
1970 1975
1970 1976
1971 1954
1971 1969
1971 1970
1971 1972
1971 1974
1971 1975
1972 1954
1972 1969
1972 1971
1972 1973
1972 1982
1972 1983
1973 1984
1973 1954
1973 1972
1973 1951
1973 1983
1974 2016
1974 1954
1974 1930
1974 2031
1974 1971
1974 1975
1974 2015
1975 2031
1975 1970
1975 1971
1975 2035
1975 1974
1975 1976
1976 1968
1976 2032
1976 1970
1976 2035
1976 1975
1976 1977
1977 1927
1977 2026
1977 1965
1977 1968
1977 2032
1977 1976
1977 1978
1978 1927
1978 1929
1978 1931
1978 1965
1978 1966
1978 1935
1978 1977
1979 1737
1979 1962
1979 1964
1979 1980
1980 1737
1980 1964
1980 1967
1980 1979
1980 1981
1981 1737
1981 1738
1981 1739
1981 1967
1981 1969
1981 1980
1981 1982
1982 1739
1982 1969
1982 1972
1982 1981
1982 1983
1983 1984
1983 1739
1983 1972
1983 1973
1983 1982
1983 1695
1984 1985
1984 1695
1984 1973
1984 1983
1984 1951
1985 1984
1985 1697
1985 1951
1985 1949
1985 1695
1986 1987
1986 1988
1986 1989
1986 1990
1986 1648
1986 1651
1986 1652
1987 1648
1987 1986
1987 1990
1987 1991
1988 1986
1988 1989
1988 1773
1988 1775
1988 1652
1989 1986
1989 1988
1989 1636
1989 1990
1989 1639
1989 1992
1989 1993
1989 1773
1989 1649
1990 1986
1990 1987
1990 1989
1990 1991
1990 1649
1990 1650
1991 1648
1991 1650
1991 1987
1991 1990
1992 1989
1992 1637
1992 1640
1992 1993
1992 1642
1992 1771
1992 1773
1993 1636
1993 1637
1993 1989
1993 1992
1993 1994
1994 1993
1994 1636
1994 1637
1994 1638
1995 1571
1995 2003
1995 2004
1995 2011
1995 2013
1995 1566
1996 2011
1996 1997
1996 1555
1996 1556
1996 2009
1996 2010
1996 1563
1997 1572
1997 1996
1997 1998
1997 1556
1997 1557
1997 2010
1998 1572
1998 1573
1998 1574
1998 1997
1998 1999
1998 2010
1999 1574
1999 1575
1999 1998
1999 2000
1999 1558
1999 2010
2000 1999
2000 2001
2000 2007
2000 1558
2000 1559
2000 2009
2000 2010
2000 1564
2001 1569
2001 2000
2001 2002
2001 2007
2001 1564
2002 1569
2002 1571
2002 2001
2002 2003
2002 2005
2002 2006
2002 2007
2003 1571
2003 1995
2003 2002
2003 2004
2003 2005
2004 1995
2004 2028
2004 2029
2004 2030
2004 2003
2004 2005
2004 2013
2005 2030
2005 2002
2005 2003
2005 2004
2005 2006
2006 2021
2006 2030
2006 2002
2006 2005
2006 2007
2006 2008
2007 2000
2007 2001
2007 2002
2007 2006
2007 2008
2007 2009
2008 2021
2008 2022
2008 2006
2008 2007
2008 2009
2008 2012
2009 1996
2009 2000
2009 2007
2009 2008
2009 2010
2009 2011
2009 2012
2010 1996
2010 1997
2010 1998
2010 1999
2010 2000
2010 2009
2011 1995
2011 1996
2011 2009
2011 1563
2011 2012
2011 2013
2011 1566
2012 2022
2012 2023
2012 2008
2012 2009
2012 2011
2012 2013
2013 2023
2013 1995
2013 2028
2013 2004
2013 2011
2013 2012
2014 2016
2014 2017
2014 2018
2014 2025
2014 2027
2014 2015
2015 2016
2015 2017
2015 2031
2015 1974
2015 2014
2016 1927
2016 2025
2016 2026
2016 1930
2016 1974
2016 2014
2016 2015
2017 2018
2017 2019
2017 2020
2017 2031
2017 2034
2017 2014
2017 2015
2018 2017
2018 2019
2018 2022
2018 2023
2018 2027
2018 2028
2018 2014
2019 2017
2019 2018
2019 2020
2019 2021
2019 2022
2020 2017
2020 2019
2020 2021
2020 2033
2020 2034
2021 2019
2021 2020
2021 2022
2021 2030
2021 2033
2021 2006
2021 2008
2022 2018
2022 2019
2022 2021
2022 2023
2022 2008
2022 2012
2023 2018
2023 2022
2023 2028
2023 2012
2023 2013
2024 2025
2024 2026
2024 2027
2024 2028
2024 2029
2024 2032
2024 2033
2024 2035
2025 2016
2025 2024
2025 2026
2025 2027
2025 2014
2026 2016
2026 1927
2026 2024
2026 2025
2026 2032
2026 1977
2027 2018
2027 2024
2027 2025
2027 2028
2027 2014
2028 2018
2028 2023
2028 2024
2028 2027
2028 2029
2028 2004
2028 2013
2029 2024
2029 2028
2029 2030
2029 2033
2029 2004
2030 2021
2030 2029
2030 2033
2030 2004
2030 2005
2030 2006
2031 2017
2031 2033
2031 2034
2031 2035
2031 1974
2031 1975
2031 2015
2032 2024
2032 2026
2032 2035
2032 1976
2032 1977
2033 2020
2033 2021
2033 2024
2033 2029
2033 2030
2033 2031
2033 2034
2033 2035
2034 2033
2034 2020
2034 2017
2034 2031
2035 2024
2035 2031
2035 2032
2035 2033
2035 1975
2035 1976
2036 2040
2036 2041
2036 2037
2036 2038
2037 2036
2037 2038
2037 2039
2037 2040
2037 2041
2037 2042
2037 2043
2038 2041
2038 2036
2038 2037
2039 1926
2039 2037
2039 2040
2039 2041
2039 2043
2039 1918
2040 2036
2040 2037
2040 2039
2040 2041
2040 2042
2040 1918
2041 2036
2041 2037
2041 2038
2041 2039
2041 2040
2042 2052
2042 2053
2042 2037
2042 2040
2042 2043
2042 2044
2042 2045
2042 1918
2043 1926
2043 1901
2043 2068
2043 2037
2043 2039
2043 2042
2043 2044
2044 2068
2044 2042
2044 2043
2044 2045
2044 2046
2045 2049
2045 2052
2045 2069
2045 2042
2045 2044
2045 2046
2045 2047
2046 2048
2046 2068
2046 2074
2046 2075
2046 2044
2046 2045
2046 2047
2047 2048
2047 2069
2047 2074
2047 2075
2047 2045
2047 2046
2048 2075
2048 2046
2048 2047
2049 2050
2049 2051
2049 2052
2049 2069
2049 2073
2049 2045
2050 2049
2050 2051
2050 2052
2050 2067
2050 2071
2050 2072
2051 2049
2051 2050
2051 2067
2051 2073
2052 2049
2052 2050
2052 2053
2052 2071
2052 2042
2052 2045
2053 2052
2053 1903
2053 2070
2053 2071
2053 2042
2053 1916
2053 1918
2054 2056
2054 2057
2054 1578
2054 2055
2055 2054
2055 2056
2055 1578
2055 2065
2055 2066
2056 2057
2056 2058
2056 2054
2056 2055
2057 2056
2057 2058
2057 2059
2057 2054
2058 2056
2058 2057
2058 2059
2058 2060
2059 2057
2059 2058
2059 2060
2059 2061
2060 2058
2060 2059
2060 2061
2060 2062
2061 2059
2061 2060
2061 2062
2061 2063
2062 2064
2062 2060
2062 2061
2062 2063
2063 2064
2063 2065
2063 2061
2063 2062
2064 2065
2064 2066
2064 2062
2064 2063
2065 2055
2065 1578
2065 2063
2065 2064
2065 2066
2066 2064
2066 2065
2066 2055
2067 2072
2067 2073
2067 2050
2067 2051
2068 1901
2068 1902
2068 2069
2068 2074
2068 2043
2068 2044
2068 2046
2069 2049
2069 1902
2069 2068
2069 2070
2069 2071
2069 2073
2069 2074
2069 2045
2069 2047
2070 2053
2070 1902
2070 1903
2070 2069
2070 2071
2071 2050
2071 2052
2071 2053
2071 2069
2071 2070
2071 2072
2071 2073
2072 2073
2072 2050
2072 2067
2072 2071
2073 2049
2073 2051
2073 2067
2073 2069
2073 2071
2073 2072
2074 2068
2074 2069
2074 2075
2074 2046
2074 2047
2075 2048
2075 2074
2075 2046
2075 2047
