0.000000 0.193502 -0.011218
0.039312 0.162430 -0.031202
0.000000 0.175639 -0.087666
-0.039312 0.162430 -0.031202
0.000000 0.206071 0.034066
0.039312 0.100130 -0.045701
-0.039312 0.100130 -0.045701
-0.053605 0.209944 0.069058
0.000000 0.212398 0.095152
0.053605 0.209944 0.069058
0.031966 0.212961 0.061184
-0.031966 0.212961 0.061184
0.039312 0.052650 -0.046434
-0.039312 0.052650 -0.046434
-0.064692 0.188205 -0.035655
0.000000 0.212398 0.148212
0.064692 0.188205 -0.035655
0.178963 0.212961 0.098048
-0.178963 0.212961 0.098048
0.039312 0.035770 -0.030768
0.039312 0.035770 -0.067051
-0.039312 0.035770 -0.030768
-0.039312 0.035770 -0.067051
0.000000 0.194877 0.193182
0.000000 0.250244 0.161965
0.000000 0.252606 0.136482
0.281651 0.212961 0.156137
-0.281651 0.212961 0.156137
0.039312 0.035770 -0.008890
-0.039312 0.035770 -0.008890
