0.000000 0.203181 -0.023211
0.078847 0.141220 -0.023211
-0.078847 0.141220 -0.023211
0.000000 0.306504 -0.023211
0.000000 0.208908 -0.135584
0.078847 0.062064 -0.023211
-0.078847 0.062064 -0.023211
0.000000 0.451500 -0.023211
-0.102705 0.417664 -0.023211
0.102705 0.417664 -0.023211
0.000000 0.208908 -0.183911
0.078847 0.018568 -0.023211
-0.078847 0.018568 -0.023211
0.169162 0.880449 -0.065502
-0.169162 0.880449 -0.065502
-0.187905 0.417664 -0.023211
0.187905 0.417664 -0.023211
-0.273104 0.417664 -0.023211
0.273104 0.417664 -0.023211
