0 1
0 2
0 3
0 4
0 134
0 136
1 0
1 2
1 134
1 6
1 135
1 137
2 0
2 1
2 3
2 6
2 7
2 78
2 80
2 85
3 0
3 2
3 4
3 5
3 78
4 0
4 3
4 5
4 6
4 7
4 136
5 3
5 4
5 7
5 78
5 79
5 85
6 1
6 2
6 4
6 7
6 136
6 137
7 2
7 4
7 5
7 6
7 85
8 9
8 10
8 11
8 46
8 48
8 49
8 115
8 20
9 8
9 10
9 14
9 15
9 49
9 50
10 8
10 9
10 11
10 12
10 14
10 18
11 8
11 10
11 12
11 13
11 20
11 21
12 10
12 11
12 106
12 13
12 107
12 48
12 49
12 18
12 114
12 52
13 11
13 12
13 47
13 48
13 21
13 22
14 9
14 10
14 15
14 16
14 17
14 18
15 16
15 9
15 50
15 14
16 140
16 14
16 15
16 143
16 17
16 50
16 51
17 140
17 141
17 14
17 16
17 18
17 19
18 10
18 106
18 12
18 14
18 110
18 17
18 19
19 141
19 110
19 142
19 17
19 18
19 51
19 52
20 8
20 11
20 115
20 116
20 21
20 23
20 24
21 11
21 13
21 20
21 22
21 23
21 27
22 21
22 27
22 13
22 47
23 20
23 21
23 24
23 25
23 26
23 27
24 43
24 46
24 20
24 116
24 23
24 120
24 25
24 122
25 42
25 43
25 138
25 23
25 24
25 26
25 29
25 30
26 23
26 25
26 27
26 28
26 29
26 31
27 42
27 43
27 47
27 21
27 22
27 23
27 26
27 28
28 129
28 133
28 42
28 26
28 27
28 31
29 32
29 33
29 34
29 35
29 25
29 26
29 30
29 31
30 32
30 25
30 138
30 29
31 129
31 34
31 28
31 26
31 124
31 29
32 33
32 36
32 37
32 138
32 139
32 44
32 29
32 30
33 32
33 35
33 36
33 29
34 35
34 132
34 133
34 138
34 29
34 124
34 125
34 31
35 33
35 34
35 36
35 41
35 138
35 139
35 44
35 29
36 32
36 33
36 35
36 37
36 38
36 39
36 40
36 41
37 32
37 36
37 38
37 44
38 36
38 37
38 39
38 40
38 263
38 44
38 45
38 239
38 240
38 221
38 254
38 255
39 36
39 38
39 40
39 239
39 216
39 219
39 221
40 36
40 228
40 38
40 39
40 229
40 41
40 44
40 45
40 238
40 237
40 239
40 219
41 40
41 35
41 36
41 44
42 133
42 138
42 43
42 25
42 27
42 28
43 42
43 46
43 47
43 24
43 25
43 27
44 32
44 35
44 37
44 38
44 40
44 41
44 139
44 45
45 38
45 40
45 266
45 44
45 238
45 239
45 240
46 8
46 43
46 47
46 48
46 115
46 24
46 122
47 43
47 13
47 46
47 48
47 22
47 27
48 8
48 12
48 13
48 46
48 47
48 49
49 8
49 9
49 12
49 48
49 50
49 52
50 9
50 15
50 16
50 49
50 51
50 52
51 142
51 143
51 16
51 50
51 19
51 52
52 12
52 110
52 49
52 50
52 19
52 51
52 114
53 54
53 55
53 56
53 57
53 59
54 53
54 55
54 57
54 58
54 94
55 103
55 53
55 54
55 56
55 91
55 92
55 93
55 94
56 91
56 53
56 55
56 90
56 59
56 60
57 90
57 91
57 53
57 54
57 58
57 59
57 92
57 61
58 98
58 103
58 54
58 57
58 92
58 94
59 66
59 53
59 56
59 57
59 60
59 61
59 62
59 63
60 56
60 90
60 59
60 62
61 57
61 66
61 59
61 90
62 64
62 65
62 88
62 89
62 90
62 59
62 60
62 63
63 64
63 66
63 59
63 62
64 65
64 66
64 67
64 68
64 69
64 82
64 62
64 63
65 64
65 88
65 68
65 62
66 64
66 67
66 88
66 89
66 90
66 59
66 61
66 63
67 64
67 66
67 88
67 82
68 64
68 65
68 69
68 70
68 71
68 86
68 87
68 88
69 64
69 82
69 68
69 70
70 68
70 69
70 71
70 72
70 73
70 77
70 81
70 82
71 72
71 86
71 68
71 70
72 70
72 71
72 73
72 74
72 75
72 83
72 84
72 86
73 70
73 72
73 74
73 76
73 77
74 72
74 73
74 75
74 76
74 78
75 72
75 74
75 78
75 79
75 83
75 85
76 73
76 74
76 77
76 78
76 80
76 83
76 84
76 85
77 70
77 73
77 76
77 81
77 84
77 86
78 2
78 3
78 5
78 74
78 75
78 76
78 79
78 80
79 75
79 85
79 5
79 78
80 2
80 76
80 85
80 78
81 86
81 82
81 77
81 70
82 64
82 67
82 69
82 70
82 81
82 86
82 87
82 88
83 72
83 75
83 76
83 84
83 85
84 72
84 76
84 77
84 83
84 86
85 2
85 5
85 7
85 75
85 76
85 79
85 80
85 83
86 68
86 71
86 72
86 77
86 81
86 82
86 84
86 87
87 88
87 82
87 68
87 86
88 65
88 66
88 67
88 68
88 82
88 87
88 89
88 62
89 88
89 66
89 90
89 62
90 66
90 56
90 89
90 91
90 60
90 61
90 62
90 57
91 55
91 56
91 57
91 90
91 92
92 103
92 55
92 57
92 58
92 91
93 96
93 102
93 103
93 55
93 94
93 95
94 97
94 98
94 54
94 55
94 58
94 93
94 95
95 96
95 97
95 100
95 93
95 94
96 100
96 101
96 102
96 105
96 93
96 95
97 98
97 99
97 100
97 94
97 95
98 97
98 99
98 103
98 104
98 58
98 94
99 97
99 98
99 100
99 101
99 104
99 105
100 96
100 97
100 99
100 101
100 95
101 96
101 105
101 99
101 100
102 96
102 103
102 104
102 105
102 93
103 98
103 102
103 104
103 55
103 58
103 92
103 93
104 98
104 99
104 102
104 103
104 105
105 96
105 99
105 101
105 102
105 104
106 107
106 108
106 12
106 110
106 111
106 18
107 106
107 108
107 12
107 109
107 113
107 114
108 106
108 107
108 109
108 111
108 112
109 112
109 113
109 107
109 108
110 106
110 111
110 18
110 19
110 114
110 52
111 106
111 108
111 110
111 112
111 113
111 114
112 113
112 108
112 109
112 111
113 107
113 109
113 111
113 112
113 114
114 107
114 12
114 110
114 111
114 113
114 52
115 8
115 46
115 116
115 20
115 117
115 122
116 115
116 20
116 117
116 118
116 24
116 120
117 115
117 116
117 118
117 119
117 122
117 123
118 116
118 117
118 119
118 120
118 121
119 121
119 123
119 117
119 118
120 116
120 118
120 24
120 121
120 122
120 123
121 120
121 123
121 118
121 119
122 46
122 115
122 117
122 24
122 123
122 120
123 117
123 119
123 120
123 121
123 122
124 129
124 34
124 130
124 125
124 126
124 31
125 34
125 131
125 132
125 124
125 126
125 127
126 128
126 130
126 124
126 125
126 127
127 128
127 131
127 125
127 126
128 130
128 131
128 126
128 127
129 130
129 132
129 133
129 28
129 124
129 31
130 128
130 129
130 131
130 132
130 124
130 126
131 128
131 130
131 132
131 125
131 127
132 129
132 34
132 131
132 130
132 133
132 125
133 129
133 34
133 132
133 42
133 138
133 28
134 0
134 1
134 135
134 136
134 144
134 146
135 1
135 134
135 137
135 144
135 145
136 0
136 4
136 134
136 6
136 137
136 146
136 147
137 1
137 6
137 135
137 136
137 145
137 147
138 32
138 34
138 35
138 133
138 42
138 139
138 25
138 30
139 32
139 138
139 35
139 44
140 141
140 143
140 16
140 17
140 145
140 147
141 140
141 142
141 144
141 17
141 145
141 19
142 141
142 143
142 144
142 146
142 51
142 19
143 140
143 142
143 16
143 146
143 51
143 147
144 134
144 135
144 141
144 142
144 145
144 146
145 135
145 137
145 140
145 141
145 144
145 147
146 134
146 136
146 142
146 143
146 144
146 147
147 136
147 137
147 140
147 143
147 145
147 146
148 149
148 150
148 151
148 152
148 153
148 155
148 156
148 157
149 168
149 169
149 148
149 150
149 152
150 167
150 168
150 148
150 149
150 151
150 154
151 154
151 155
151 148
151 150
152 169
152 148
152 149
152 153
152 158
152 159
153 152
153 148
153 157
153 158
154 167
154 155
154 150
154 151
155 167
155 175
155 148
155 151
155 154
155 156
156 175
156 176
156 148
156 155
156 157
157 164
157 176
157 148
157 153
157 156
157 158
158 160
158 161
158 163
158 164
158 152
158 153
158 157
158 159
159 160
159 169
159 171
159 152
159 158
160 161
160 162
160 171
160 172
160 158
160 159
161 160
161 162
161 163
161 158
162 160
162 161
162 163
162 172
163 161
163 162
163 164
163 172
163 177
163 158
164 163
164 176
164 177
164 157
164 158
165 166
165 167
165 168
165 169
165 170
165 171
165 172
165 173
166 170
166 165
166 174
166 167
167 165
167 166
167 168
167 174
167 175
167 150
167 154
167 155
168 165
168 167
168 169
168 149
168 150
169 165
169 168
169 171
169 149
169 152
169 159
170 174
170 165
170 166
170 173
171 160
171 165
171 169
171 172
171 159
172 160
172 162
172 163
172 165
172 171
172 173
172 174
172 177
173 170
173 172
173 165
173 174
174 166
174 167
174 170
174 172
174 173
174 175
174 176
174 177
175 167
175 174
175 176
175 155
175 156
176 164
176 174
176 175
176 177
176 156
176 157
177 163
177 164
177 172
177 174
177 176
178 264
178 233
178 179
178 180
178 181
178 182
179 178
179 180
179 182
179 183
179 218
180 224
180 225
180 178
180 179
180 181
180 184
180 218
181 232
181 233
181 178
181 180
181 184
181 185
182 196
182 199
182 264
182 207
182 208
182 178
182 179
182 183
183 199
183 210
183 179
183 182
183 217
183 218
184 224
184 180
184 181
184 185
184 186
184 222
185 231
185 232
185 181
185 184
185 186
185 187
186 184
186 185
186 187
186 188
186 222
186 223
187 185
187 186
187 188
187 231
188 231
188 186
188 187
188 223
189 193
189 212
189 190
189 191
190 192
190 212
190 189
190 191
191 192
191 193
191 194
191 204
191 189
191 190
192 212
192 204
192 190
192 191
193 194
193 195
193 197
193 212
193 189
193 191
194 193
194 195
194 196
194 198
194 200
194 203
194 204
194 191
195 193
195 194
195 196
195 197
196 194
196 195
196 197
196 198
196 199
196 206
196 207
196 182
197 193
197 195
197 196
197 200
197 203
197 205
197 206
197 212
198 200
198 194
198 196
198 199
199 196
199 198
199 200
199 201
199 202
199 210
199 182
199 183
200 194
200 197
200 198
200 199
200 201
200 203
200 206
200 207
201 199
201 200
201 265
201 202
201 207
201 209
201 241
201 213
202 199
202 201
202 210
202 213
202 215
202 216
203 194
203 197
203 200
203 204
203 205
204 192
204 194
204 203
204 205
204 212
204 191
205 212
205 203
205 204
205 197
206 200
206 196
206 197
206 207
207 196
207 200
207 201
207 206
207 208
207 209
207 211
207 182
208 264
208 234
208 236
208 207
208 211
208 182
209 262
209 201
209 265
209 266
209 207
209 211
210 199
210 202
210 183
210 216
210 217
211 266
211 236
211 207
211 208
211 209
212 192
212 193
212 197
212 204
212 205
212 189
212 190
213 201
213 202
213 241
213 214
213 215
213 220
214 220
214 213
214 215
214 251
214 252
214 253
215 202
215 213
215 214
215 216
215 253
215 221
215 254
216 39
216 202
216 210
216 215
216 217
216 219
216 221
217 227
217 228
217 210
217 183
217 216
217 218
217 219
218 225
218 226
218 227
218 179
218 180
218 183
218 217
219 228
219 39
219 40
219 239
219 216
219 217
220 241
220 242
220 243
220 213
220 214
220 250
220 251
221 38
221 39
221 239
221 215
221 216
221 254
222 224
222 231
222 232
222 184
222 186
222 223
223 186
223 188
223 222
223 231
224 225
224 232
224 233
224 180
224 184
224 222
225 224
225 226
225 233
225 234
225 180
225 218
226 225
226 227
226 230
226 234
226 235
226 218
227 226
227 228
227 229
227 230
227 217
227 218
228 227
228 229
228 40
228 217
228 219
229 227
229 228
229 230
229 40
229 235
229 237
230 226
230 227
230 229
230 235
231 232
231 185
231 187
231 188
231 222
231 223
232 224
232 231
232 233
232 181
232 185
232 222
233 224
233 225
233 232
233 264
233 234
233 178
233 181
234 225
234 226
234 264
234 233
234 235
234 236
234 208
235 226
235 229
235 230
235 234
235 236
235 237
236 266
236 234
236 235
236 237
236 238
236 208
236 211
237 229
237 40
237 235
237 236
237 238
238 40
238 266
238 236
238 45
238 237
238 239
239 38
239 39
239 40
239 45
239 238
239 240
239 219
239 221
240 262
240 263
240 38
240 266
240 45
240 239
241 259
241 201
241 265
241 242
241 213
241 220
242 258
242 259
242 241
242 243
242 244
242 220
243 242
243 244
243 245
243 248
243 250
243 220
244 257
244 258
244 242
244 243
244 245
244 246
245 243
245 244
245 246
245 247
245 248
245 249
246 257
246 244
246 245
246 247
247 249
247 245
247 246
247 257
248 257
248 258
248 243
248 245
248 249
248 250
249 248
249 257
249 245
249 247
250 258
250 259
250 243
250 248
250 251
250 220
251 259
251 260
251 252
251 214
251 250
251 220
252 256
252 260
252 261
252 214
252 251
252 253
253 256
253 214
253 215
253 252
253 254
253 255
254 38
254 215
254 253
254 221
254 255
255 256
255 261
255 38
255 263
255 253
255 254
256 261
256 252
256 253
256 255
257 258
257 244
257 246
257 247
257 248
257 249
258 257
258 259
258 242
258 244
258 248
258 250
259 258
259 260
259 265
259 241
259 242
259 250
259 251
260 259
260 261
260 262
260 265
260 251
260 252
261 256
261 260
261 262
261 263
261 252
261 255
262 260
262 261
262 263
262 265
262 266
262 240
262 209
263 261
263 38
263 262
263 240
263 255
264 233
264 234
264 208
264 178
264 182
265 259
265 260
265 262
265 201
265 209
265 241
266 262
266 236
266 45
266 238
266 240
266 209
266 211
267 268
267 269
267 270
267 271
267 272
267 273
268 267
268 269
268 271
268 273
268 274
268 275
269 267
269 268
269 270
269 271
269 272
269 276
270 267
270 269
270 272
270 276
270 277
270 278
270 279
271 267
271 268
271 269
271 272
271 273
271 275
272 267
272 269
272 270
272 271
272 276
272 278
273 267
273 268
273 271
273 274
273 275
274 273
274 275
274 268
275 273
275 274
275 268
275 271
276 269
276 270
276 272
276 277
276 278
276 279
277 276
277 270
277 279
278 272
278 276
278 270
278 279
279 276
279 277
279 278
279 270
280 281
280 282
280 283
281 280
281 282
282 280
282 281
282 283
282 284
283 280
283 282
283 284
283 285
284 282
284 283
284 285
285 283
285 284
286 288
286 289
286 290
286 287
287 288
287 290
287 286
288 289
288 290
288 286
288 287
289 288
289 290
289 286
290 288
290 289
290 286
290 287
291 292
291 293
291 294
291 295
291 296
292 291
292 293
292 302
292 303
293 291
293 292
293 294
293 303
294 291
294 293
294 295
295 296
295 297
295 291
295 294
296 297
296 298
296 291
296 295
297 296
297 298
297 299
297 295
298 296
298 297
298 299
298 300
299 297
299 298
299 300
299 301
300 298
300 299
300 301
301 299
301 300
302 292
302 303
303 292
303 293
303 302
304 305
304 306
304 307
304 308
305 304
305 306
305 308
306 304
306 305
306 307
306 308
306 309
306 310
307 304
307 306
307 308
307 309
307 310
308 304
308 305
308 306
308 307
308 309
309 306
309 307
309 308
309 310
309 311
309 312
309 313
310 306
310 307
310 309
310 311
311 312
311 309
311 310
312 313
312 309
312 311
313 312
313 309
314 315
314 316
314 317
315 314
315 316
315 318
315 319
316 314
316 315
316 317
316 318
316 319
317 314
317 316
318 320
318 321
318 315
318 316
318 319
319 320
319 321
319 315
319 316
319 318
320 321
320 322
320 318
320 319
321 320
321 322
321 323
321 318
321 319
322 320
322 321
322 323
323 321
323 322
324 1732
324 325
324 326
324 327
324 1734
324 329
324 1781
325 1124
325 324
325 326
325 1125
325 329
325 330
325 335
326 324
326 1125
326 325
326 327
326 328
327 1732
327 324
327 326
327 328
327 1744
327 342
328 1125
328 326
328 327
328 1126
328 1129
328 340
328 341
328 342
329 324
329 325
329 330
329 331
329 1781
329 1592
330 325
330 329
330 331
330 332
330 335
331 329
331 330
331 332
331 336
331 337
331 1592
331 1629
331 1599
332 330
332 331
332 335
332 337
332 343
332 344
333 334
333 335
333 343
333 344
333 345
333 347
334 1122
334 1123
334 333
334 335
334 345
334 346
335 1122
335 1124
335 325
335 330
335 332
335 333
335 334
335 343
336 331
336 337
336 338
336 339
336 1782
336 1629
337 331
337 332
337 336
337 339
337 344
338 336
338 339
338 340
338 341
338 1750
338 1782
338 1752
339 1129
339 1130
339 336
339 337
339 338
339 341
339 344
340 328
340 1744
340 338
340 341
340 1750
340 342
341 328
341 1129
341 338
341 339
341 340
342 328
342 340
342 1744
342 327
343 344
343 332
343 333
343 335
344 1130
344 332
344 333
344 1133
344 337
344 339
344 343
344 347
345 333
345 334
345 943
345 944
345 1135
345 1139
345 346
345 347
346 1145
346 1123
346 334
346 1135
346 1136
346 345
347 1133
347 333
347 1134
347 1139
347 344
347 345
348 352
348 1191
348 1193
348 349
348 350
348 351
349 1193
349 1163
349 1166
349 1170
349 348
349 350
350 353
350 1163
350 1164
350 348
350 349
350 351
351 352
351 353
351 348
351 350
352 353
352 354
352 1191
352 1137
352 348
352 351
353 352
353 354
353 1192
353 1164
353 350
353 351
354 352
354 353
354 1192
354 1137
354 1138
354 1142
355 356
355 357
355 358
355 363
355 365
355 366
355 369
356 355
356 357
356 366
356 1241
356 1242
357 355
357 356
357 358
357 359
357 1255
357 1241
357 1243
358 355
358 357
358 359
358 361
358 362
358 363
359 357
359 358
359 1255
359 360
359 361
359 370
359 373
360 359
360 361
360 364
360 368
360 370
360 371
360 372
361 358
361 359
361 360
361 362
361 364
362 358
362 1254
362 361
362 363
362 364
362 1245
363 355
363 358
363 1254
363 362
363 369
363 1247
364 360
364 361
364 362
364 372
364 1245
364 1246
365 355
365 366
365 367
365 368
365 369
366 355
366 356
366 365
366 367
366 1242
366 1244
367 365
367 366
367 368
367 370
367 373
367 1244
368 360
368 365
368 367
368 369
368 370
368 371
369 355
369 363
369 365
369 368
369 371
369 1247
370 359
370 360
370 367
370 368
370 373
371 1248
371 360
371 368
371 369
371 372
371 1247
372 1248
372 1249
372 360
372 364
372 371
372 1246
373 1255
373 359
373 367
373 370
373 1244
373 1151
374 384
374 390
374 375
374 376
374 378
374 383
375 1250
375 374
375 376
375 1245
375 1246
375 383
376 1251
376 374
376 375
376 377
376 378
376 1246
377 387
377 388
377 1251
377 376
377 378
377 379
378 390
378 374
378 376
378 377
378 379
378 380
379 387
379 389
379 393
379 377
379 378
379 380
380 390
380 391
380 392
380 393
380 378
380 379
381 384
381 386
381 387
381 388
381 382
381 383
382 1250
382 1252
382 1253
382 388
382 381
382 383
383 384
383 1250
383 374
383 375
383 381
383 382
384 385
384 386
384 390
384 374
384 381
384 383
385 384
385 386
385 390
385 391
385 1270
386 384
386 385
386 387
386 389
386 1256
386 398
386 1270
386 381
387 386
387 388
387 389
387 377
387 379
387 381
388 387
388 1251
388 1253
388 377
388 381
388 382
389 386
389 387
389 393
389 396
389 398
389 379
390 384
390 385
390 391
390 374
390 378
390 380
391 385
391 390
391 392
391 1270
391 1274
391 380
392 391
392 393
392 1257
392 396
392 1274
392 380
393 389
393 392
393 396
393 379
393 380
394 395
394 396
394 397
394 398
394 399
395 394
395 1258
395 396
395 397
395 1259
396 389
396 392
396 393
396 394
396 395
396 1257
396 1258
396 398
397 394
397 395
397 1259
397 399
397 1264
397 1265
398 386
398 389
398 1256
398 394
398 396
398 399
399 1256
399 394
399 397
399 398
399 1265
399 1266
399 1267
400 401
400 402
400 408
400 413
400 415
401 400
401 402
401 413
401 414
402 1284
402 400
402 401
402 408
402 409
402 411
402 414
403 1291
403 404
403 405
403 406
403 407
404 403
404 405
404 407
405 1290
405 1291
405 1292
405 403
405 404
405 407
406 1291
406 1292
406 1294
406 403
406 407
407 1292
407 403
407 404
407 405
407 406
408 400
408 402
408 409
408 410
408 415
409 402
409 408
409 410
409 411
409 412
409 413
409 415
410 408
410 409
410 415
411 1284
411 1285
411 1287
411 402
411 409
411 412
412 1283
412 1285
412 409
412 411
412 413
412 414
413 400
413 401
413 409
413 412
413 414
413 415
414 1283
414 1284
414 401
414 402
414 412
414 413
415 400
415 408
415 409
415 410
415 413
416 417
416 418
416 419
416 421
416 422
416 423
416 457
417 416
417 418
417 1315
417 1314
417 457
418 416
418 417
418 1314
418 419
418 420
418 1312
419 416
419 418
419 420
419 421
419 430
420 1312
420 1313
420 418
420 419
420 430
420 431
421 416
421 419
421 422
421 427
421 430
421 432
421 435
422 416
422 421
422 423
422 424
422 427
422 428
423 416
423 422
423 424
423 425
423 426
423 457
423 438
424 422
424 423
424 425
424 428
424 429
425 423
425 424
425 426
425 429
425 434
425 436
425 437
426 423
426 425
426 433
426 434
426 438
427 421
427 1318
427 422
427 1321
427 428
427 435
428 1316
428 422
428 424
428 1321
428 427
428 429
429 1316
429 1317
429 424
429 425
429 428
429 437
430 419
430 420
430 421
430 431
430 432
430 433
431 1313
431 420
431 430
431 433
431 438
431 1182
432 421
432 430
432 433
432 434
432 435
433 426
433 430
433 431
433 432
433 434
433 438
434 425
434 426
434 432
434 433
434 435
434 436
435 421
435 1318
435 427
435 432
435 434
435 436
436 1318
436 1319
436 425
436 434
436 435
436 437
437 1317
437 1319
437 1320
437 425
437 429
437 436
438 423
438 457
438 426
438 431
438 433
438 1182
439 448
439 449
439 453
439 454
439 440
439 441
440 454
440 456
440 439
440 441
440 442
440 443
441 449
441 1316
441 1317
441 439
441 440
441 443
442 456
442 440
442 443
442 444
442 445
442 446
443 1317
443 1320
443 440
443 441
443 442
443 446
443 447
444 456
444 1325
444 1326
444 1327
444 442
444 445
445 455
445 1324
445 1325
445 442
445 444
445 446
446 452
446 455
446 442
446 443
446 445
446 447
447 451
447 452
447 1320
447 443
447 446
448 449
448 450
448 451
448 452
448 453
448 439
449 448
449 450
449 1316
449 1318
449 1321
449 439
449 441
450 448
450 449
450 451
450 1318
450 1319
451 448
451 450
451 452
451 1319
451 1320
451 447
452 448
452 451
452 453
452 455
452 446
452 447
453 448
453 452
453 454
453 455
453 1322
453 439
454 453
454 456
454 1322
454 1323
454 439
454 440
455 452
455 453
455 1322
455 1324
455 445
455 446
456 454
456 1323
456 1326
456 440
456 442
456 444
457 416
457 417
457 1315
457 423
457 438
457 1182
457 1183
458 459
458 460
458 461
458 463
458 1330
459 458
459 460
459 1330
459 1331
459 1335
460 458
460 459
460 461
460 464
460 1335
460 1336
461 458
461 460
461 462
461 463
461 464
462 1322
462 1324
462 461
462 463
462 1328
462 464
463 458
463 1324
463 1325
463 461
463 462
463 1327
463 1329
463 1330
464 460
464 461
464 462
464 1328
464 1336
464 1337
464 1338
465 466
465 467
465 468
465 469
465 1371
466 465
466 467
466 469
467 465
467 466
467 469
467 1366
467 1371
468 465
468 1364
468 1365
468 469
468 1368
468 1371
469 465
469 466
469 467
469 468
469 1365
469 1366
470 481
470 482
470 483
470 484
470 1361
470 471
470 472
471 1355
471 1356
471 1359
471 1360
471 1361
471 470
471 472
472 483
472 484
472 1360
472 470
472 471
473 474
473 475
473 476
473 477
473 478
473 479
474 1350
474 473
474 475
474 1374
474 479
475 480
475 1349
475 1334
475 473
475 474
475 476
475 1374
476 480
476 473
476 475
476 477
477 480
477 473
477 476
477 478
478 480
478 473
478 477
478 479
479 480
479 1350
479 473
479 474
479 478
480 1349
480 1350
480 475
480 476
480 477
480 478
480 479
481 482
481 483
481 1356
481 1359
481 1360
481 470
482 481
482 1354
482 1356
482 1357
482 1361
482 470
483 481
483 484
483 1360
483 470
483 472
484 472
484 483
484 470
485 486
485 487
485 488
485 489
485 490
485 491
485 492
485 493
485 499
485 500
486 489
486 498
486 485
486 487
487 488
487 498
487 485
487 486
488 516
488 485
488 487
488 490
488 491
488 509
488 510
489 490
489 498
489 485
489 486
490 485
490 488
490 489
490 491
490 493
491 485
491 488
491 490
491 492
491 493
491 494
491 495
491 496
492 485
492 491
492 493
492 494
492 496
492 499
492 500
492 501
492 503
493 485
493 490
493 491
493 492
493 496
494 491
494 492
494 495
494 496
494 497
495 496
495 497
495 491
495 494
496 491
496 492
496 493
496 494
496 495
496 497
497 496
497 494
497 495
498 489
498 486
498 487
499 485
499 492
499 500
499 501
499 502
499 503
500 499
500 492
500 485
500 503
501 492
501 499
501 502
501 503
501 504
501 505
501 506
502 499
502 501
502 503
502 504
502 506
503 492
503 499
503 500
503 501
503 502
503 506
504 501
504 502
504 505
504 506
504 507
505 501
505 504
505 506
505 507
505 508
506 501
506 502
506 503
506 504
506 505
506 507
506 508
507 504
507 505
507 506
507 508
508 505
508 506
508 507
509 512
509 516
509 517
509 488
509 510
509 511
510 488
510 516
510 509
510 511
511 512
511 513
511 516
511 517
511 509
511 510
512 513
512 514
512 517
512 509
512 511
513 512
513 514
513 515
513 517
513 518
513 511
514 512
514 513
514 515
514 517
514 518
515 513
515 514
515 518
516 517
516 488
516 509
516 510
516 511
517 512
517 513
517 514
517 516
517 518
517 509
517 511
518 513
518 514
518 515
518 517
519 520
519 521
519 522
519 523
519 524
519 525
519 526
519 527
519 533
519 534
520 544
520 550
520 519
520 521
520 524
520 525
520 543
521 520
521 522
521 532
521 519
522 521
522 523
522 532
522 519
523 522
523 524
523 532
523 519
524 519
524 520
524 523
524 525
524 527
525 519
525 520
525 524
525 526
525 527
525 528
525 529
525 530
526 519
526 525
526 527
526 528
526 530
526 533
526 534
526 535
526 537
527 519
527 524
527 525
527 526
527 530
528 525
528 526
528 529
528 530
528 531
529 528
529 530
529 531
529 525
530 525
530 526
530 527
530 528
530 529
530 531
531 528
531 529
531 530
532 521
532 522
532 523
533 519
533 526
533 534
533 535
533 536
533 537
534 537
534 533
534 526
534 519
535 526
535 533
535 536
535 537
535 538
535 539
535 540
536 533
536 535
536 537
536 538
536 540
537 526
537 533
537 534
537 535
537 536
537 540
538 535
538 536
538 539
538 540
538 541
539 535
539 538
539 540
539 541
539 542
540 535
540 536
540 537
540 538
540 539
540 541
540 542
541 538
541 539
541 540
541 542
542 539
542 540
542 541
543 520
543 545
543 544
543 550
544 545
544 546
544 550
544 551
544 520
544 543
545 544
545 546
545 547
545 550
545 551
545 543
546 544
546 545
546 547
546 548
546 551
547 545
547 546
547 548
547 549
547 551
547 552
548 546
548 547
548 549
548 551
548 552
549 552
549 547
549 548
550 544
550 545
550 551
550 520
550 543
551 544
551 545
551 546
551 547
551 548
551 550
551 552
552 547
552 548
552 549
552 551
553 554
553 555
553 586
553 556
553 558
553 559
554 1217
554 1219
554 1220
554 553
554 586
554 555
555 1220
555 553
555 554
555 556
555 557
556 553
556 555
556 557
556 558
556 560
556 561
556 562
557 1220
557 617
557 618
557 555
557 556
557 1200
557 561
558 553
558 556
558 559
558 560
558 564
558 567
559 584
559 553
559 586
559 585
559 558
559 567
560 556
560 558
560 562
560 564
560 565
561 617
561 556
561 557
561 622
561 562
562 556
562 622
562 560
562 561
562 628
562 565
563 564
563 565
563 566
563 567
563 569
563 570
564 558
564 560
564 563
564 565
564 567
565 560
565 562
565 563
565 564
565 628
565 568
565 569
566 578
566 579
566 563
566 567
566 570
566 571
567 579
567 582
567 585
567 558
567 559
567 563
567 564
567 566
568 576
568 626
568 627
568 628
568 565
568 569
568 572
569 563
569 565
569 568
569 570
569 572
570 563
570 566
570 569
570 571
570 572
570 574
570 575
571 578
571 1379
571 595
571 566
571 570
571 574
572 576
572 577
572 568
572 569
572 570
572 575
573 1120
573 574
573 575
573 603
573 604
573 606
573 607
574 1379
574 603
574 570
574 571
574 573
574 575
575 577
575 570
575 572
575 573
575 574
575 607
576 577
576 626
576 631
576 568
576 572
577 576
577 575
577 659
577 631
577 634
577 635
577 572
577 607
578 579
578 580
578 594
578 595
578 596
578 566
578 571
579 578
579 580
579 581
579 582
579 566
579 567
580 578
580 579
580 581
580 592
580 594
581 579
581 580
581 582
581 590
581 591
581 592
581 593
582 579
582 581
582 585
582 590
582 567
583 584
583 585
583 587
583 588
583 589
583 590
583 591
584 583
584 585
584 586
584 587
584 1227
584 559
585 582
585 583
585 584
585 590
585 559
585 567
586 1219
586 584
586 553
586 554
586 1227
586 559
587 583
587 584
587 1226
587 1227
587 589
588 646
588 647
588 583
588 589
588 591
589 646
589 583
589 649
589 1226
589 587
589 588
589 1202
590 581
590 582
590 583
590 585
590 591
591 581
591 647
591 583
591 588
591 590
591 593
592 643
592 580
592 581
592 645
592 593
592 594
592 599
593 581
593 645
593 647
593 591
593 592
594 578
594 580
594 592
594 596
594 599
594 600
595 578
595 1379
595 596
595 597
595 571
595 603
596 578
596 615
596 594
596 595
596 597
596 598
596 600
597 1120
597 595
597 596
597 598
597 601
597 602
597 603
598 1120
598 614
598 615
598 655
598 596
598 597
598 601
599 642
599 643
599 592
599 594
599 600
600 642
600 615
600 653
600 655
600 594
600 596
600 599
601 612
601 613
601 614
601 597
601 598
601 602
602 611
602 612
602 597
602 601
602 603
602 605
603 1120
603 1379
603 573
603 595
603 597
603 602
603 604
603 605
603 574
604 609
604 605
604 603
604 573
604 606
604 1119
605 611
605 1380
605 602
605 603
605 604
605 1119
606 608
606 609
606 610
606 604
606 573
606 607
607 608
607 1120
607 577
607 659
607 634
607 573
607 606
607 575
608 610
608 658
608 659
608 661
608 606
608 607
609 610
609 1383
609 1384
609 604
609 606
609 1119
610 608
610 609
610 1384
610 661
610 1398
610 606
611 1380
611 1381
611 612
611 1389
611 1390
611 602
611 605
612 611
612 613
612 1390
612 1391
612 601
612 602
613 612
613 614
613 1391
613 663
613 601
613 1405
614 613
614 615
614 598
614 663
614 662
614 601
615 614
615 655
615 596
615 598
615 662
615 600
616 617
616 618
616 619
616 620
616 621
616 1198
617 616
617 618
617 621
617 557
617 622
617 561
618 616
618 617
618 557
618 1198
618 1199
618 1200
619 616
619 650
619 651
619 620
619 1197
619 1198
620 616
620 648
620 650
620 619
620 621
620 625
621 616
621 617
621 620
621 622
621 624
621 625
622 617
622 621
622 624
622 561
622 562
622 627
622 628
623 624
623 625
623 626
623 627
623 629
623 630
623 631
624 621
624 622
624 623
624 625
624 627
625 644
625 648
625 620
625 621
625 623
625 624
625 630
625 638
626 576
626 623
626 627
626 631
626 568
627 622
627 623
627 624
627 626
627 628
627 568
628 622
628 562
628 627
628 565
628 568
629 623
629 630
629 631
629 632
629 637
630 623
630 625
630 629
630 636
630 637
630 638
631 576
631 577
631 623
631 626
631 629
631 632
631 635
632 640
632 641
632 629
632 631
632 633
632 635
632 637
633 640
633 1120
633 656
633 657
633 632
633 634
633 635
634 1120
634 577
634 657
634 658
634 659
634 633
634 635
634 607
635 577
635 631
635 632
635 633
635 634
636 642
636 652
636 630
636 637
636 638
637 641
637 652
637 629
637 630
637 632
637 636
638 642
638 643
638 644
638 645
638 625
638 630
638 636
639 640
639 641
639 1120
639 652
639 653
639 654
639 655
639 656
640 1120
640 641
640 656
640 632
640 633
640 639
641 640
641 652
641 632
641 637
641 639
642 643
642 652
642 653
642 599
642 600
642 636
642 638
643 642
643 645
643 592
643 599
643 638
644 645
644 647
644 648
644 625
644 638
645 643
645 644
645 647
645 592
645 593
645 638
646 647
646 648
646 649
646 650
646 588
646 589
647 644
647 645
647 646
647 648
647 588
647 591
647 593
648 644
648 646
648 647
648 650
648 620
648 625
649 646
649 650
649 651
649 589
649 1201
649 1202
650 646
650 648
650 649
650 651
650 620
650 619
651 649
651 650
651 619
651 1196
651 1197
651 1201
652 641
652 642
652 653
652 636
652 637
652 639
653 642
653 652
653 655
653 600
653 639
654 655
654 656
654 662
654 664
654 639
655 1120
655 615
655 653
655 654
655 662
655 598
655 600
655 639
656 640
656 654
656 657
656 1395
656 660
656 664
656 633
656 639
657 656
657 658
657 660
657 633
657 634
658 608
658 657
658 659
658 660
658 661
658 634
659 608
659 577
659 658
659 634
659 607
660 656
660 657
660 658
660 1395
660 1396
660 661
660 1397
661 608
661 610
661 658
661 660
661 1397
661 1398
662 614
662 615
662 654
662 655
662 663
662 664
663 613
663 614
663 662
663 664
663 1404
663 1405
664 654
664 656
664 1395
664 1396
664 662
664 663
664 1404
665 689
665 690
665 691
665 666
665 667
665 668
666 708
666 689
666 665
666 667
666 669
666 670
667 687
667 689
667 665
667 666
667 668
667 669
668 689
668 690
668 691
668 665
668 667
669 686
669 687
669 666
669 667
669 670
669 671
670 672
670 708
670 679
670 684
670 688
670 666
670 669
670 671
671 672
671 673
671 685
671 686
671 669
671 670
672 673
672 674
672 675
672 679
672 670
672 671
673 672
673 800
673 674
673 801
673 804
673 683
673 685
673 692
673 799
673 671
674 672
674 673
674 675
674 676
674 677
674 678
674 683
675 672
675 674
675 676
675 679
675 680
675 681
676 680
676 674
676 675
676 677
677 768
677 674
677 676
677 805
677 678
677 680
677 767
678 768
678 674
678 677
678 683
678 797
678 798
679 672
679 675
679 681
679 682
679 684
679 670
680 675
680 676
680 805
680 677
680 681
681 680
681 682
681 675
681 679
682 688
682 681
682 684
682 679
683 673
683 674
683 804
683 678
683 692
683 693
683 794
683 796
683 797
683 799
684 688
684 682
684 670
684 679
685 673
685 692
685 686
685 671
686 687
686 685
686 669
686 671
687 708
687 686
687 689
687 667
687 669
688 682
688 708
688 684
688 670
689 708
689 687
689 690
689 665
689 666
689 667
689 668
690 689
690 665
690 691
690 668
691 665
691 690
691 668
692 673
692 683
692 685
692 693
693 683
693 692
694 695
694 696
694 700
694 701
694 702
694 703
695 1410
695 917
695 694
695 696
695 697
695 698
695 700
696 697
696 694
696 695
697 696
697 698
697 699
697 695
698 807
698 809
698 810
698 811
698 916
698 917
698 695
698 697
698 699
698 1470
699 697
699 698
699 810
700 1410
700 1411
700 1424
700 694
700 695
700 702
701 704
701 705
701 707
701 694
701 702
701 703
702 707
702 1449
702 1450
702 1424
702 694
702 700
702 701
703 704
703 701
703 694
704 705
704 706
704 701
704 703
705 704
705 706
705 707
705 1449
705 822
705 823
705 824
705 922
705 827
705 701
706 704
706 705
706 823
707 705
707 1449
707 701
707 702
708 687
708 688
708 689
708 666
708 670
709 710
709 711
709 712
709 715
709 717
709 718
710 709
710 711
710 715
710 717
710 718
711 709
711 710
711 712
711 713
711 714
711 715
712 709
712 838
712 711
712 713
712 715
712 716
713 711
713 712
713 714
713 716
713 719
713 720
714 838
714 711
714 713
714 715
714 719
715 709
715 710
715 711
715 712
715 838
715 714
715 717
716 838
716 712
716 713
716 720
716 723
716 729
716 734
716 735
717 709
717 715
717 718
717 710
718 709
718 717
718 710
719 720
719 713
719 714
719 721
720 713
720 716
720 719
720 721
720 722
720 723
721 719
721 720
721 722
721 855
721 733
722 720
722 721
722 723
722 724
722 733
723 716
723 720
723 722
723 724
723 725
723 729
724 722
724 723
724 725
724 726
724 727
724 728
724 733
725 723
725 724
725 726
725 729
725 730
725 731
726 730
726 724
726 725
726 727
727 736
727 737
727 738
727 724
727 726
727 728
727 730
728 736
728 739
728 740
728 724
728 727
728 733
729 716
729 723
729 725
729 731
729 732
729 734
730 738
730 725
730 726
730 727
730 731
731 729
731 730
731 732
731 725
732 729
732 731
732 734
732 735
733 740
733 721
733 722
733 851
733 724
733 855
733 728
734 729
734 732
734 716
734 735
735 838
735 716
735 732
735 734
736 737
736 739
736 742
736 743
736 727
736 728
737 736
737 738
737 743
737 746
737 727
737 826
737 828
738 737
738 727
738 822
738 823
738 730
738 826
739 736
739 740
739 741
739 742
739 728
740 739
740 741
740 850
740 851
740 856
740 728
740 857
740 858
740 733
741 739
741 740
741 742
741 749
741 850
742 736
742 739
742 741
742 743
742 744
742 749
743 736
743 737
743 742
743 744
743 745
743 746
744 742
744 743
744 745
744 747
744 748
744 749
745 743
745 744
745 746
745 747
745 750
745 751
746 737
746 743
746 745
746 751
746 828
747 744
747 745
747 748
747 780
747 750
747 852
748 744
748 747
748 780
748 749
748 783
749 741
749 742
749 744
749 748
749 783
749 850
750 745
750 747
750 751
750 752
750 753
750 852
751 836
751 745
751 746
751 750
751 752
751 828
752 836
752 750
752 751
752 753
752 754
752 760
753 750
753 752
753 754
753 755
753 852
754 752
754 753
754 755
754 756
754 757
754 760
755 753
755 754
755 756
755 852
755 853
755 761
756 754
756 755
756 757
756 758
756 759
756 761
757 754
757 883
757 756
757 882
757 758
757 760
757 892
758 887
758 818
758 882
758 756
758 757
758 820
758 759
759 756
759 820
759 758
759 761
759 762
759 763
760 834
760 836
760 908
760 752
760 754
760 757
760 892
761 755
761 756
761 853
761 854
761 759
761 762
761 765
762 759
762 761
762 763
762 764
762 765
762 766
763 812
763 820
763 759
763 762
763 764
764 812
764 762
764 763
764 766
764 767
765 769
765 770
765 771
765 777
765 854
765 761
765 762
765 766
766 768
766 769
766 762
766 764
766 765
766 767
767 768
767 805
767 677
767 806
767 812
767 764
767 766
768 769
768 677
768 678
768 766
768 798
768 767
769 768
769 770
769 765
769 798
769 797
769 766
770 769
770 771
770 772
770 797
770 793
770 765
771 770
771 772
771 773
771 777
771 765
772 770
772 771
772 773
772 774
772 790
772 793
773 771
773 772
773 774
773 775
773 776
773 777
774 772
774 773
774 775
774 786
774 787
774 790
775 773
775 774
775 776
775 781
775 785
775 786
776 773
776 775
776 777
776 778
776 779
776 781
777 771
777 773
777 776
777 778
777 854
777 765
778 776
778 777
778 779
778 780
778 853
778 854
779 776
779 778
779 780
779 781
779 782
779 783
780 778
780 779
780 748
780 747
780 783
780 852
780 853
781 775
781 776
781 779
781 782
781 784
781 785
782 779
782 781
782 847
782 784
782 783
782 848
782 849
783 779
783 780
783 748
783 749
783 782
783 849
783 850
784 781
784 782
784 846
784 847
784 785
784 789
785 775
785 781
785 784
785 786
785 789
786 774
786 775
786 785
786 787
786 788
786 789
787 774
787 786
787 788
787 790
787 791
787 792
788 803
788 839
788 840
788 841
788 842
788 786
788 787
788 789
788 792
789 803
789 839
789 846
789 784
789 785
789 786
789 788
790 772
790 774
790 787
790 791
790 793
790 794
790 796
791 787
791 790
791 792
791 795
791 796
792 802
792 803
792 787
792 788
792 791
792 795
793 770
793 772
793 790
793 794
793 797
794 683
794 790
794 793
794 796
794 797
795 800
795 802
795 804
795 791
795 792
795 796
796 800
796 683
796 790
796 791
796 794
796 795
796 799
797 769
797 770
797 678
797 683
797 793
797 794
797 798
798 768
798 769
798 797
798 678
799 800
799 801
799 673
799 683
799 796
800 673
800 801
800 804
800 795
800 796
800 799
801 800
801 673
801 799
802 792
802 803
802 795
802 804
803 792
803 802
803 788
803 789
804 800
804 673
804 802
804 683
804 795
805 677
805 806
805 807
805 680
805 810
805 767
806 805
806 807
806 808
806 812
806 821
806 767
807 805
807 806
807 808
807 809
807 810
807 698
808 806
808 807
808 809
808 813
808 814
808 815
808 821
809 807
809 808
809 811
809 813
809 817
809 698
810 698
810 699
810 805
810 807
811 864
811 809
811 817
811 916
811 698
811 1467
811 1470
812 806
812 820
812 821
812 763
812 764
812 767
813 867
813 869
813 808
813 809
813 814
813 817
814 869
814 871
814 808
814 813
814 815
814 816
815 808
815 814
815 816
815 818
815 821
816 871
816 814
816 815
816 818
816 819
816 885
816 886
817 864
817 866
817 867
817 809
817 811
817 813
818 815
818 816
818 887
818 819
818 820
818 821
818 758
818 886
819 816
819 818
819 886
820 812
820 818
820 821
820 758
820 759
820 763
821 806
821 808
821 812
821 815
821 818
821 820
822 705
822 738
822 823
822 824
822 825
822 826
823 705
823 738
823 822
823 706
824 705
824 833
824 822
824 825
824 827
824 829
825 837
825 822
825 824
825 826
825 829
825 830
825 831
826 737
826 738
826 837
826 822
826 825
826 828
827 705
827 833
827 900
827 903
827 1449
827 824
827 921
827 922
828 737
828 836
828 837
828 746
828 751
828 826
829 896
829 833
829 899
829 824
829 825
829 830
830 832
830 897
830 896
830 825
830 829
830 831
831 832
831 834
831 837
831 825
831 830
832 897
832 834
832 835
832 905
832 906
832 830
832 831
833 899
833 900
833 901
833 824
833 827
833 829
834 832
834 835
834 836
834 837
834 905
834 908
834 760
834 831
835 832
835 905
835 834
836 834
836 837
836 751
836 752
836 760
836 828
837 834
837 836
837 825
837 826
837 828
837 831
838 712
838 714
838 715
838 716
838 735
839 840
839 788
839 789
839 846
840 1665
840 1540
840 1542
840 839
840 1543
840 841
840 1544
840 788
840 1661
840 1662
841 840
841 842
841 843
841 788
842 841
842 843
842 788
842 844
843 841
843 842
843 844
843 845
844 842
844 843
844 845
845 843
845 844
846 784
846 789
846 847
846 839
847 1709
847 846
847 782
847 784
847 848
847 1710
847 1651
847 1653
847 1658
847 1659
848 849
848 851
848 782
848 847
849 782
849 783
849 848
849 850
849 851
849 858
850 740
850 741
850 749
850 783
850 849
850 858
851 740
851 848
851 849
851 855
851 856
851 858
851 733
852 747
852 780
852 750
852 753
852 755
852 853
853 778
853 780
853 755
853 852
853 854
853 761
854 777
854 778
854 853
854 761
854 765
855 721
855 851
855 733
856 740
856 851
856 857
856 858
856 859
856 860
857 740
857 856
857 858
857 859
857 860
857 861
858 740
858 849
858 850
858 851
858 856
858 857
858 859
859 856
859 857
859 858
859 860
859 861
859 862
860 856
860 857
860 859
860 861
860 862
860 863
861 857
861 859
861 860
861 862
861 863
862 859
862 860
862 861
862 863
863 860
863 861
863 862
864 865
864 866
864 904
864 811
864 817
864 916
865 864
865 866
865 868
865 904
865 1428
865 1430
865 1438
866 864
866 865
866 867
866 868
866 817
867 866
867 868
867 869
867 870
867 813
867 817
868 865
868 866
868 867
868 870
868 1425
868 1427
868 1428
869 1431
869 867
869 870
869 871
869 872
869 813
869 814
869 918
869 919
869 920
870 1472
870 867
870 868
870 869
870 1425
870 1426
870 915
870 1431
870 1471
871 869
871 872
871 875
871 814
871 816
871 884
871 885
872 869
872 871
872 873
872 874
872 875
872 918
872 1431
873 872
873 1439
873 874
873 1431
873 894
873 895
874 872
874 873
874 875
874 876
874 877
874 889
874 893
874 894
875 871
875 872
875 874
875 876
875 881
875 884
876 874
876 875
876 877
876 878
876 880
876 881
877 874
877 876
877 878
877 879
877 888
877 889
878 876
878 877
878 879
878 880
878 882
878 887
879 877
879 878
879 882
879 883
879 888
879 892
880 876
880 878
880 881
880 886
880 887
881 875
881 876
881 880
881 884
881 885
881 886
882 878
882 879
882 883
882 757
882 758
882 887
883 882
883 892
883 757
883 879
884 881
884 875
884 885
884 871
885 871
885 816
885 881
885 884
885 886
886 816
886 881
886 880
886 819
886 818
886 885
886 887
887 878
887 880
887 882
887 818
887 886
887 758
888 908
888 877
888 879
888 889
888 890
888 892
889 874
889 877
889 888
889 890
889 891
889 893
890 905
890 908
890 888
890 889
890 891
891 905
891 906
891 907
891 889
891 890
891 893
892 908
892 879
892 760
892 883
892 757
892 888
893 897
893 874
893 907
893 889
893 891
893 894
894 896
894 897
894 873
894 874
894 893
894 895
895 896
895 898
895 873
895 913
895 1426
895 915
895 894
895 1439
896 897
896 898
896 899
896 894
896 829
896 830
896 895
897 896
897 832
897 906
897 907
897 894
897 893
897 830
898 896
898 899
898 901
898 1425
898 1426
898 1432
898 895
899 896
899 833
899 898
899 901
899 829
900 833
900 901
900 902
900 903
900 827
901 833
901 898
901 899
901 900
901 902
901 1432
902 900
902 901
902 903
902 1432
902 1433
902 1434
902 1435
903 900
903 902
903 1449
903 1435
903 827
904 864
904 865
904 916
904 1438
905 832
905 834
905 835
905 906
905 908
905 890
905 891
906 832
906 897
906 905
906 907
906 891
907 897
907 906
907 891
907 893
908 834
908 905
908 760
908 888
908 890
908 892
909 910
909 911
909 912
909 913
909 914
909 915
910 912
910 914
910 909
910 911
911 909
911 910
911 912
911 913
911 915
911 1439
912 909
912 910
912 911
912 913
912 914
913 909
913 911
913 912
913 915
913 895
913 1439
914 912
914 909
914 910
915 1472
915 1473
915 870
915 1439
915 1471
915 909
915 911
915 913
915 1426
915 1431
915 895
916 864
916 1440
916 1410
916 1470
916 904
916 811
916 1466
916 917
916 698
916 1467
916 1438
917 695
917 698
917 916
917 1410
918 872
918 920
918 869
918 1431
919 869
919 1446
919 1447
919 1448
919 1431
919 920
920 869
920 1446
920 1447
920 919
920 918
920 1431
921 1449
921 1456
921 1457
921 1463
921 922
921 827
922 705
922 1449
922 1457
922 1463
922 921
922 827
923 928
923 924
923 925
923 926
923 927
924 923
924 925
925 923
925 924
925 926
926 923
926 925
926 927
927 928
927 929
927 923
927 926
928 929
928 930
928 923
928 927
929 928
929 930
929 931
929 927
930 928
930 929
930 931
931 929
931 930
932 933
932 934
932 935
932 937
932 941
932 942
932 943
932 945
932 946
933 932
933 934
934 936
934 932
934 933
934 935
935 932
935 934
935 936
935 937
935 938
935 939
935 940
936 934
936 935
937 932
937 935
937 938
937 940
937 941
938 937
938 939
938 935
939 938
939 940
939 935
940 937
940 939
940 935
941 937
941 932
941 942
942 947
942 932
942 941
942 943
943 932
943 942
943 944
943 945
943 947
943 345
944 345
944 947
944 943
945 946
945 932
945 943
946 945
946 932
947 944
947 942
947 943
948 1484
948 949
948 950
948 951
949 1484
949 1485
949 1486
949 1487
949 948
949 950
950 1487
950 948
950 949
950 951
950 952
950 1502
951 952
951 953
951 948
951 950
952 950
952 951
952 1496
952 953
952 954
952 1502
953 952
953 1481
953 954
953 951
954 1496
954 1481
954 1482
954 1488
954 1491
954 952
954 953
955 980
955 982
955 956
955 957
955 958
955 959
956 1505
956 957
956 955
956 1500
956 1501
956 959
957 1505
957 1508
957 982
957 984
957 955
957 956
958 960
958 961
958 962
958 980
958 955
958 959
959 961
959 1506
959 955
959 1500
959 1499
959 956
959 958
960 961
960 962
960 963
960 966
960 967
960 958
961 960
961 1506
961 963
961 964
961 1507
961 958
961 959
962 960
962 967
962 970
962 971
962 980
962 958
963 960
963 961
963 964
963 965
963 966
963 983
964 961
964 963
964 1507
964 965
964 984
965 963
965 964
965 981
965 982
965 983
965 984
966 960
966 963
966 967
966 968
966 977
966 978
966 983
967 960
967 962
967 966
967 968
967 969
967 970
968 966
968 967
968 969
968 977
968 985
968 986
968 987
969 967
969 968
969 970
969 973
969 987
969 988
970 962
970 967
970 969
970 971
970 972
970 973
971 962
971 970
971 972
971 975
971 979
971 980
972 970
972 971
972 973
972 974
972 975
973 969
973 970
973 972
973 974
973 988
973 989
973 990
973 991
974 972
974 973
974 975
974 976
974 991
975 971
975 972
975 974
975 976
975 978
975 979
976 994
976 974
976 975
976 977
976 978
976 991
977 1026
977 994
977 966
977 968
977 976
977 978
977 985
978 966
978 975
978 976
978 977
978 979
978 983
979 971
979 975
979 978
979 980
979 981
979 983
980 962
980 971
980 979
980 981
980 982
980 955
980 958
981 965
981 979
981 980
981 982
981 983
982 965
982 980
982 981
982 984
982 955
982 957
983 963
983 965
983 966
983 978
983 979
983 981
984 1507
984 964
984 965
984 1508
984 982
984 957
985 1026
985 968
985 977
985 986
985 1022
985 1023
986 995
986 1019
986 968
986 985
986 987
986 1022
987 995
987 968
987 969
987 986
987 988
988 995
988 996
988 969
988 973
988 987
988 989
989 996
989 997
989 973
989 988
989 990
990 992
990 993
990 997
990 973
990 989
990 991
991 992
991 994
991 973
991 974
991 976
991 990
992 993
992 994
992 1010
992 1014
992 990
992 991
993 992
993 997
993 1000
993 1009
993 1010
993 990
994 992
994 1026
994 976
994 977
994 1014
994 991
995 1018
995 996
995 1019
995 1012
995 1013
995 986
995 987
995 988
996 995
996 997
996 998
996 999
996 1012
996 988
996 989
997 993
997 996
997 998
997 1000
997 1001
997 989
997 990
998 996
998 997
998 999
998 1001
998 1002
998 1003
998 1004
999 1012
999 996
999 1004
999 998
1000 993
1000 997
1000 1001
1000 1007
1000 1008
1000 1009
1001 997
1001 998
1001 1000
1001 1002
1001 1007
1002 998
1002 1001
1002 1003
1002 1005
1002 1006
1002 1007
1003 998
1003 1002
1003 1004
1003 1005
1003 1011
1003 1016
1004 998
1004 999
1004 1003
1004 1011
1004 1012
1005 1016
1005 1002
1005 1003
1005 1006
1006 1016
1006 1002
1006 1005
1006 1007
1007 1000
1007 1001
1007 1002
1007 1006
1007 1008
1007 1016
1007 1017
1008 1000
1008 1007
1008 1009
1008 1017
1008 1020
1008 1021
1009 993
1009 1025
1009 1000
1009 1008
1009 1010
1009 1020
1010 992
1010 993
1010 1025
1010 1024
1010 1009
1010 1014
1010 1015
1011 1003
1011 1004
1011 1012
1011 1013
1011 1016
1011 1017
1012 995
1012 996
1012 999
1012 1004
1012 1011
1012 1013
1013 995
1013 1011
1013 1012
1013 1017
1013 1018
1014 992
1014 1026
1014 994
1014 1010
1014 1015
1014 1023
1015 1024
1015 1010
1015 1014
1015 1023
1016 1003
1016 1005
1016 1006
1016 1007
1016 1011
1016 1017
1017 1007
1017 1008
1017 1011
1017 1013
1017 1016
1017 1018
1017 1021
1018 995
1018 1013
1018 1017
1018 1019
1018 1020
1018 1021
1019 1025
1019 1018
1019 995
1019 986
1019 1020
1019 1022
1020 1025
1020 1008
1020 1009
1020 1018
1020 1019
1020 1021
1021 1008
1021 1017
1021 1018
1021 1020
1022 1024
1022 1025
1022 985
1022 986
1022 1019
1022 1023
1023 1024
1023 1026
1023 1014
1023 1015
1023 985
1023 1022
1024 1025
1024 1027
1024 1028
1024 1029
1024 1030
1024 1031
1024 1010
1024 1015
1024 1022
1024 1023
1025 1024
1025 1009
1025 1010
1025 1019
1025 1020
1025 1022
1026 994
1026 977
1026 1014
1026 985
1026 1023
1027 1024
1027 1032
1027 1028
1028 1024
1028 1027
1028 1029
1028 1032
1028 1033
1029 1024
1029 1033
1029 1028
1029 1030
1030 1024
1030 1033
1030 1029
1030 1031
1031 1024
1031 1033
1031 1030
1031 1032
1032 1033
1032 1027
1032 1028
1032 1031
1033 1028
1033 1029
1033 1030
1033 1031
1033 1032
1034 1513
1034 1035
1034 1036
1034 1510
1035 1034
1035 1036
1035 1037
1035 1038
1036 1510
1036 1034
1036 1035
1036 1516
1036 1038
1036 1531
1037 1040
1037 1035
1037 1038
1037 1039
1038 1035
1038 1036
1038 1037
1038 1040
1038 1525
1038 1531
1039 1040
1039 1512
1039 1037
1039 1511
1040 1511
1040 1517
1040 1037
1040 1038
1040 1039
1040 1520
1040 1525
1041 1064
1041 1066
1041 1067
1041 1042
1041 1043
1041 1535
1042 1536
1042 1041
1042 1043
1042 1044
1042 1528
1042 1529
1042 1535
1043 1064
1043 1041
1043 1042
1043 1044
1043 1045
1043 1046
1044 1536
1044 1537
1044 1042
1044 1043
1044 1045
1044 1047
1044 1048
1045 1043
1045 1044
1045 1046
1045 1047
1045 1050
1045 1051
1046 1064
1046 1043
1046 1045
1046 1051
1046 1054
1046 1055
1047 1068
1047 1044
1047 1045
1047 1048
1047 1049
1047 1050
1048 1537
1048 1069
1048 1044
1048 1047
1048 1049
1049 1065
1049 1066
1049 1068
1049 1069
1049 1047
1049 1048
1050 1061
1050 1062
1050 1068
1050 1045
1050 1047
1050 1051
1050 1052
1051 1045
1051 1046
1051 1050
1051 1052
1051 1053
1051 1054
1052 1061
1052 1070
1052 1071
1052 1072
1052 1050
1052 1051
1052 1053
1053 1057
1053 1072
1053 1073
1053 1051
1053 1052
1053 1054
1054 1056
1054 1057
1054 1046
1054 1051
1054 1053
1054 1055
1055 1056
1055 1059
1055 1063
1055 1064
1055 1046
1055 1054
1056 1057
1056 1058
1056 1059
1056 1054
1056 1055
1057 1056
1057 1058
1057 1073
1057 1074
1057 1075
1057 1076
1057 1053
1057 1054
1058 1056
1058 1057
1058 1059
1058 1060
1058 1076
1059 1056
1059 1058
1059 1060
1059 1062
1059 1063
1059 1055
1060 1058
1060 1059
1060 1061
1060 1062
1060 1076
1060 1079
1061 1060
1061 1062
1061 1070
1061 1079
1061 1111
1061 1050
1061 1052
1062 1059
1062 1060
1062 1061
1062 1063
1062 1068
1062 1050
1063 1059
1063 1062
1063 1064
1063 1065
1063 1068
1063 1055
1064 1063
1064 1065
1064 1066
1064 1041
1064 1043
1064 1046
1064 1055
1065 1063
1065 1064
1065 1066
1065 1068
1065 1049
1066 1064
1066 1065
1066 1067
1066 1069
1066 1041
1066 1049
1067 1538
1067 1066
1067 1069
1067 1041
1067 1534
1067 1535
1068 1062
1068 1063
1068 1065
1068 1047
1068 1049
1068 1050
1069 1537
1069 1538
1069 1066
1069 1067
1069 1048
1069 1049
1070 1061
1070 1071
1070 1107
1070 1108
1070 1111
1070 1052
1071 1070
1071 1072
1071 1104
1071 1107
1071 1080
1071 1052
1072 1071
1072 1073
1072 1080
1072 1052
1072 1053
1073 1057
1073 1072
1073 1074
1073 1080
1073 1081
1073 1053
1074 1057
1074 1073
1074 1075
1074 1081
1074 1082
1075 1057
1075 1074
1075 1076
1075 1077
1075 1078
1075 1082
1076 1057
1076 1058
1076 1060
1076 1075
1076 1077
1076 1079
1077 1095
1077 1099
1077 1075
1077 1076
1077 1078
1077 1079
1078 1094
1078 1095
1078 1075
1078 1077
1078 1082
1078 1085
1079 1060
1079 1061
1079 1099
1079 1076
1079 1077
1079 1111
1080 1097
1080 1098
1080 1071
1080 1072
1080 1073
1080 1103
1080 1104
1080 1081
1081 1097
1081 1073
1081 1074
1081 1080
1081 1082
1081 1083
1081 1084
1082 1074
1082 1075
1082 1078
1082 1081
1082 1083
1082 1085
1082 1086
1083 1088
1083 1089
1083 1081
1083 1082
1083 1084
1083 1086
1083 1087
1084 1089
1084 1081
1084 1097
1084 1083
1085 1092
1085 1093
1085 1094
1085 1078
1085 1082
1085 1086
1086 1092
1086 1082
1086 1083
1086 1085
1086 1087
1087 1088
1087 1090
1087 1091
1087 1092
1087 1083
1087 1086
1088 1089
1088 1090
1088 1096
1088 1101
1088 1083
1088 1087
1089 1088
1089 1096
1089 1097
1089 1083
1089 1084
1090 1088
1090 1091
1090 1101
1090 1087
1091 1090
1091 1092
1091 1101
1091 1087
1092 1091
1092 1093
1092 1101
1092 1102
1092 1085
1092 1086
1092 1087
1093 1092
1093 1094
1093 1102
1093 1105
1093 1106
1093 1085
1094 1093
1094 1095
1094 1105
1094 1078
1094 1110
1094 1085
1095 1094
1095 1099
1095 1100
1095 1077
1095 1078
1095 1110
1095 1109
1096 1088
1096 1089
1096 1097
1096 1098
1096 1101
1096 1102
1097 1089
1097 1096
1097 1098
1097 1080
1097 1081
1097 1084
1098 1096
1098 1097
1098 1102
1098 1103
1098 1080
1099 1095
1099 1100
1099 1108
1099 1077
1099 1111
1099 1079
1100 1099
1100 1108
1100 1109
1100 1095
1101 1088
1101 1090
1101 1091
1101 1092
1101 1096
1101 1102
1102 1092
1102 1093
1102 1096
1102 1098
1102 1101
1102 1103
1102 1106
1103 1098
1103 1102
1103 1104
1103 1105
1103 1106
1103 1080
1104 1103
1104 1071
1104 1105
1104 1107
1104 1110
1104 1080
1105 1093
1105 1094
1105 1103
1105 1104
1105 1106
1105 1110
1106 1105
1106 1093
1106 1102
1106 1103
1107 1070
1107 1071
1107 1104
1107 1108
1107 1109
1107 1110
1108 1099
1108 1100
1108 1070
1108 1107
1108 1109
1108 1111
1109 1095
1109 1100
1109 1107
1109 1108
1109 1110
1109 1112
1109 1113
1109 1114
1109 1115
1109 1116
1110 1094
1110 1095
1110 1104
1110 1105
1110 1107
1110 1109
1111 1061
1111 1099
1111 1070
1111 1108
1111 1079
1112 1113
1112 1115
1112 1109
1112 1118
1113 1109
1113 1112
1113 1114
1113 1117
1113 1118
1114 1113
1114 1117
1114 1109
1115 1112
1115 1116
1115 1109
1115 1118
1116 1115
1116 1117
1116 1109
1116 1118
1117 1113
1117 1114
1117 1116
1117 1118
1118 1112
1118 1113
1118 1115
1118 1116
1118 1117
1119 609
1119 1380
1119 1381
1119 1382
1119 1383
1119 604
1119 605
1120 640
1120 639
1120 655
1120 597
1120 598
1120 633
1120 634
1120 603
1120 573
1120 607
1121 1122
1121 1123
1121 1124
1121 1125
1121 1128
1121 1147
1122 1121
1122 1123
1122 1124
1122 334
1122 335
1123 1121
1123 1122
1123 1146
1123 334
1123 1145
1123 346
1123 1147
1124 1121
1124 1122
1124 325
1124 1125
1124 335
1125 1121
1125 1124
1125 325
1125 326
1125 1126
1125 328
1125 1127
1125 1128
1126 328
1126 1129
1126 1125
1126 1127
1127 1125
1127 1126
1127 1128
1127 1129
1127 1132
1127 1204
1128 1121
1128 1125
1128 1127
1128 1204
1128 1205
1128 1209
1128 1147
1129 1126
1129 1127
1129 328
1129 1130
1129 1131
1129 1132
1129 339
1129 341
1130 1129
1130 1131
1130 1133
1130 339
1130 344
1131 1188
1131 1129
1131 1130
1131 1132
1131 1133
1131 1134
1132 1188
1132 1127
1132 1129
1132 1131
1132 1231
1132 1232
1132 1204
1133 1130
1133 1131
1133 1134
1133 344
1133 347
1134 1186
1134 1187
1134 1188
1134 1131
1134 1133
1134 1139
1134 347
1135 1136
1135 1137
1135 1139
1135 1140
1135 345
1135 346
1136 1135
1136 1137
1136 1138
1136 1143
1136 1144
1136 1145
1136 346
1137 352
1137 354
1137 1191
1137 1135
1137 1136
1137 1138
1137 1140
1137 1141
1138 354
1138 1136
1138 1137
1138 1142
1138 1143
1139 1186
1139 1134
1139 1135
1139 1140
1139 345
1139 347
1140 1184
1140 1186
1140 1189
1140 1135
1140 1137
1140 1139
1140 1141
1141 1189
1141 1190
1141 1191
1141 1137
1141 1140
1142 1154
1142 354
1142 1156
1142 1192
1142 1138
1142 1143
1143 1154
1143 1136
1143 1138
1143 1142
1143 1144
1144 1154
1144 1136
1144 1143
1144 1145
1144 1148
1144 1149
1144 1150
1145 1123
1145 1146
1145 1136
1145 1144
1145 346
1145 1148
1146 1123
1146 1239
1146 1240
1146 1145
1146 1147
1146 1148
1146 1149
1147 1121
1147 1123
1147 1128
1147 1239
1147 1209
1147 1146
1148 1144
1148 1145
1148 1146
1148 1149
1149 1255
1149 1144
1149 1146
1149 1148
1149 1240
1149 1150
1149 1151
1150 1152
1150 1153
1150 1154
1150 1144
1150 1149
1150 1151
1151 1152
1151 1255
1151 373
1151 1238
1151 1210
1151 1211
1151 1244
1151 1149
1151 1150
1152 1153
1152 1211
1152 1212
1152 1150
1152 1151
1153 1152
1153 1154
1153 1155
1153 1212
1153 1150
1154 1153
1154 1155
1154 1156
1154 1142
1154 1143
1154 1144
1154 1150
1155 1153
1155 1154
1155 1156
1155 1157
1155 1222
1155 1212
1156 1154
1156 1155
1156 1157
1156 1158
1156 1159
1156 1192
1156 1168
1156 1142
1157 1155
1157 1156
1157 1221
1157 1158
1157 1222
1157 1169
1158 1156
1158 1157
1158 1159
1158 1160
1158 1169
1159 1156
1159 1158
1159 1160
1159 1161
1159 1162
1159 1168
1160 1158
1160 1159
1160 1161
1160 1194
1160 1199
1160 1200
1160 1169
1161 1159
1161 1160
1161 1162
1161 1163
1161 1194
1161 1165
1162 1159
1162 1161
1162 1163
1162 1164
1162 1168
1163 1161
1163 1162
1163 1164
1163 1165
1163 1166
1163 1167
1163 349
1163 350
1164 353
1164 1192
1164 1162
1164 1163
1164 1168
1164 350
1165 1161
1165 1194
1165 1163
1165 1195
1165 1196
1165 1167
1166 1163
1166 1167
1166 1170
1166 1171
1166 349
1167 1163
1167 1196
1167 1165
1167 1166
1167 1171
1167 1172
1168 1156
1168 1159
1168 1192
1168 1162
1168 1164
1169 1220
1169 1157
1169 1158
1169 1221
1169 1160
1169 1200
1170 1193
1170 1166
1170 1171
1170 1174
1170 349
1171 1166
1171 1167
1171 1170
1171 1172
1171 1173
1171 1174
1172 1196
1172 1167
1172 1201
1172 1202
1172 1171
1172 1173
1172 1175
1173 1171
1173 1172
1173 1174
1173 1175
1173 1176
1174 1190
1174 1193
1174 1170
1174 1171
1174 1173
1174 1176
1174 1177
1174 1178
1175 1225
1175 1226
1175 1202
1175 1172
1175 1173
1175 1176
1176 1225
1176 1236
1176 1173
1176 1174
1176 1175
1176 1177
1177 1235
1177 1236
1177 1174
1177 1176
1177 1178
1177 1179
1178 1184
1178 1189
1178 1190
1178 1174
1178 1177
1178 1179
1178 1180
1179 1235
1179 1177
1179 1178
1179 1180
1179 1181
1180 1184
1180 1178
1180 1179
1180 1181
1180 1182
1180 1183
1181 1234
1181 1235
1181 1179
1181 1180
1181 1182
1182 1313
1182 457
1182 431
1182 1233
1182 1234
1182 438
1182 1180
1182 1181
1182 1183
1183 1184
1183 1185
1183 1187
1183 1315
1183 457
1183 1180
1183 1182
1184 1185
1184 1186
1184 1189
1184 1140
1184 1178
1184 1180
1184 1183
1185 1184
1185 1186
1185 1187
1185 1183
1186 1184
1186 1185
1186 1187
1186 1134
1186 1139
1186 1140
1187 1185
1187 1186
1187 1314
1187 1188
1187 1315
1187 1134
1187 1183
1188 1314
1188 1187
1188 1131
1188 1132
1188 1134
1188 1232
1189 1184
1189 1190
1189 1140
1189 1141
1189 1178
1190 1189
1190 1191
1190 1193
1190 1141
1190 1174
1190 1178
1191 352
1191 1190
1191 1193
1191 1137
1191 1141
1191 348
1192 353
1192 354
1192 1156
1192 1164
1192 1168
1192 1142
1193 1190
1193 1191
1193 1170
1193 1174
1193 348
1193 349
1194 1160
1194 1161
1194 1195
1194 1165
1194 1198
1194 1197
1194 1199
1195 1194
1195 1196
1195 1165
1195 1197
1196 1195
1196 651
1196 1197
1196 1165
1196 1167
1196 1201
1196 1172
1197 1194
1197 1195
1197 1196
1197 651
1197 1198
1197 619
1198 616
1198 1194
1198 619
1198 618
1198 1197
1198 1199
1199 1160
1199 1194
1199 618
1199 1198
1199 1200
1200 1220
1200 1160
1200 618
1200 557
1200 1199
1200 1169
1201 649
1201 651
1201 1196
1201 1202
1201 1172
1202 649
1202 1226
1202 589
1202 1201
1202 1172
1202 1175
1203 1230
1203 1231
1203 1204
1203 1205
1203 1206
1203 1207
1204 1127
1204 1128
1204 1132
1204 1231
1204 1203
1204 1205
1205 1128
1205 1203
1205 1204
1205 1206
1205 1209
1205 1210
1206 1203
1206 1205
1206 1207
1206 1208
1206 1210
1206 1211
1206 1212
1207 1228
1207 1229
1207 1230
1207 1203
1207 1206
1207 1208
1207 1213
1207 1214
1208 1222
1208 1206
1208 1207
1208 1212
1208 1213
1209 1128
1209 1237
1209 1205
1209 1239
1209 1210
1209 1147
1210 1205
1210 1206
1210 1237
1210 1238
1210 1209
1210 1211
1210 1151
1211 1152
1211 1206
1211 1210
1211 1212
1211 1151
1212 1152
1212 1153
1212 1155
1212 1222
1212 1206
1212 1208
1212 1211
1213 1222
1213 1207
1213 1208
1213 1214
1213 1215
1214 1216
1214 1224
1214 1228
1214 1207
1214 1213
1214 1215
1215 1216
1215 1217
1215 1221
1215 1222
1215 1213
1215 1214
1216 1217
1216 1218
1216 1223
1216 1224
1216 1214
1216 1215
1217 1216
1217 1218
1217 1219
1217 1220
1217 1221
1217 554
1217 1215
1218 1216
1218 1217
1218 1219
1218 1223
1219 1217
1219 1218
1219 1223
1219 554
1219 1227
1219 586
1220 1217
1220 1221
1220 554
1220 555
1220 557
1220 1200
1220 1169
1221 1217
1221 1220
1221 1157
1221 1222
1221 1169
1221 1215
1222 1155
1222 1221
1222 1157
1222 1208
1222 1212
1222 1213
1222 1215
1223 1216
1223 1218
1223 1219
1223 1224
1223 1225
1223 1226
1223 1227
1224 1216
1224 1223
1224 1225
1224 1228
1224 1236
1224 1214
1225 1223
1225 1224
1225 1226
1225 1236
1225 1175
1225 1176
1226 1223
1226 1225
1226 587
1226 1227
1226 589
1226 1202
1226 1175
1227 1219
1227 1223
1227 584
1227 1226
1227 587
1227 586
1228 1224
1228 1229
1228 1236
1228 1207
1228 1214
1229 1228
1229 1230
1229 1235
1229 1236
1229 1207
1230 1229
1230 1231
1230 1233
1230 1234
1230 1203
1230 1235
1230 1207
1231 1132
1231 1230
1231 1232
1231 1233
1231 1203
1231 1204
1232 1312
1232 1314
1232 1188
1232 1132
1232 1231
1232 1233
1233 1312
1233 1313
1233 1230
1233 1231
1233 1232
1233 1234
1233 1182
1234 1230
1234 1233
1234 1235
1234 1181
1234 1182
1235 1229
1235 1230
1235 1234
1235 1236
1235 1177
1235 1179
1235 1181
1236 1224
1236 1225
1236 1228
1236 1229
1236 1235
1236 1176
1236 1177
1237 1241
1237 1242
1237 1238
1237 1239
1237 1209
1237 1210
1238 1210
1238 1237
1238 1242
1238 1244
1238 1151
1239 1241
1239 1243
1239 1237
1239 1240
1239 1209
1239 1146
1239 1147
1240 1255
1240 1239
1240 1146
1240 1243
1240 1149
1241 356
1241 357
1241 1237
1241 1239
1241 1242
1241 1243
1242 356
1242 366
1242 1237
1242 1238
1242 1241
1242 1244
1243 357
1243 1255
1243 1239
1243 1240
1243 1241
1244 366
1244 367
1244 373
1244 1238
1244 1242
1244 1151
1245 1250
1245 1254
1245 362
1245 364
1245 375
1245 1246
1246 1249
1246 1251
1246 364
1246 372
1246 375
1246 376
1246 1245
1247 1248
1247 1250
1247 1252
1247 1254
1247 363
1247 369
1247 371
1248 1249
1248 1252
1248 1253
1248 371
1248 372
1248 1247
1249 1248
1249 1251
1249 1253
1249 372
1249 1246
1250 1247
1250 1252
1250 1254
1250 375
1250 1245
1250 382
1250 383
1251 1249
1251 388
1251 1253
1251 376
1251 377
1251 1246
1252 1248
1252 1250
1252 1253
1252 382
1252 1247
1253 1248
1253 1249
1253 1251
1253 1252
1253 388
1253 382
1254 1250
1254 362
1254 363
1254 1245
1254 1247
1255 357
1255 359
1255 373
1255 1240
1255 1243
1255 1149
1255 1151
1256 386
1256 398
1256 399
1256 1267
1256 1269
1256 1270
1257 392
1257 1258
1257 396
1257 1261
1257 1274
1257 1277
1258 1257
1258 395
1258 396
1258 1260
1258 1259
1258 1261
1259 1258
1259 395
1259 1260
1259 397
1259 1264
1260 1258
1260 1259
1260 1261
1260 1262
1260 1264
1261 1257
1261 1258
1261 1260
1261 1262
1261 1263
1261 1277
1262 1260
1262 1261
1262 1263
1262 1264
1262 1298
1262 1299
1262 1300
1263 1261
1263 1262
1263 1299
1263 1304
1263 1277
1263 1278
1264 1259
1264 1260
1264 397
1264 1262
1264 1265
1264 1300
1265 397
1265 399
1265 1264
1265 1266
1265 1300
1265 1301
1266 399
1266 1265
1266 1267
1266 1268
1266 1301
1267 1256
1267 399
1267 1266
1267 1268
1267 1269
1268 1266
1268 1267
1268 1301
1268 1269
1268 1272
1268 1309
1269 1256
1269 1267
1269 1268
1269 1270
1269 1271
1269 1272
1270 385
1270 386
1270 391
1270 1256
1270 1269
1270 1271
1270 1274
1271 1269
1271 1270
1271 1272
1271 1273
1271 1274
1271 1275
1272 1268
1272 1269
1272 1271
1272 1273
1272 1309
1272 1310
1273 1286
1273 1271
1273 1272
1273 1275
1273 1276
1273 1310
1274 391
1274 392
1274 1257
1274 1270
1274 1271
1274 1275
1274 1277
1275 1271
1275 1273
1275 1274
1275 1276
1275 1277
1276 1280
1276 1281
1276 1286
1276 1273
1276 1275
1276 1277
1276 1278
1276 1279
1277 1257
1277 1261
1277 1263
1277 1274
1277 1275
1277 1276
1277 1278
1278 1311
1278 1263
1278 1304
1278 1276
1278 1277
1278 1279
1279 1280
1279 1298
1279 1299
1279 1302
1279 1303
1279 1276
1279 1278
1279 1311
1280 1281
1280 1282
1280 1287
1280 1297
1280 1298
1280 1276
1280 1279
1281 1280
1281 1282
1281 1283
1281 1285
1281 1286
1281 1276
1282 1280
1282 1281
1282 1283
1282 1284
1282 1287
1283 1281
1283 1282
1283 1284
1283 1285
1283 412
1283 414
1284 1282
1284 1283
1284 1287
1284 402
1284 411
1284 414
1285 1281
1285 1283
1285 1286
1285 1287
1285 1288
1285 411
1285 412
1286 1281
1286 1285
1286 1288
1286 1273
1286 1276
1286 1310
1287 1280
1287 1282
1287 1284
1287 1285
1287 1288
1287 1289
1287 1297
1287 411
1288 1285
1288 1286
1288 1287
1288 1289
1288 1290
1288 1293
1288 1296
1288 1310
1289 1287
1289 1288
1289 1290
1289 1291
1289 1294
1289 1295
1289 1297
1290 1288
1290 1289
1290 1291
1290 1292
1290 1293
1290 405
1291 1289
1291 1290
1291 1294
1291 403
1291 405
1291 406
1292 1290
1292 1293
1292 1294
1292 405
1292 406
1292 407
1293 1288
1293 1290
1293 1292
1293 1294
1293 1295
1293 1296
1294 1289
1294 1291
1294 1292
1294 1293
1294 1295
1294 406
1295 1289
1295 1293
1295 1294
1295 1296
1295 1297
1295 1301
1295 1309
1296 1288
1296 1293
1296 1295
1296 1309
1296 1310
1297 1280
1297 1287
1297 1289
1297 1295
1297 1298
1297 1300
1297 1301
1298 1280
1298 1262
1298 1297
1298 1299
1298 1300
1298 1279
1299 1262
1299 1263
1299 1298
1299 1302
1299 1304
1299 1279
1300 1262
1300 1264
1300 1265
1300 1298
1300 1297
1300 1301
1301 1295
1301 1297
1301 1266
1301 1265
1301 1300
1301 1268
1301 1309
1302 1299
1302 1303
1302 1304
1302 1305
1302 1279
1303 1279
1303 1302
1303 1305
1303 1308
1303 1311
1304 1263
1304 1299
1304 1302
1304 1305
1304 1306
1304 1278
1304 1311
1305 1302
1305 1303
1305 1304
1305 1306
1305 1307
1305 1308
1306 1304
1306 1305
1306 1307
1306 1311
1307 1305
1307 1306
1307 1308
1307 1311
1308 1305
1308 1307
1308 1311
1308 1303
1309 1295
1309 1296
1309 1268
1309 1301
1309 1272
1309 1310
1310 1286
1310 1288
1310 1296
1310 1272
1310 1273
1310 1309
1311 1303
1311 1304
1311 1306
1311 1307
1311 1308
1311 1278
1311 1279
1312 1313
1312 1314
1312 418
1312 420
1312 1232
1312 1233
1313 1312
1313 420
1313 431
1313 1233
1313 1182
1314 1312
1314 417
1314 418
1314 1315
1314 1187
1314 1188
1314 1232
1315 417
1315 1314
1315 1187
1315 457
1315 1183
1316 449
1316 1317
1316 1321
1316 428
1316 429
1316 441
1317 1316
1317 1320
1317 429
1317 437
1317 441
1317 443
1318 449
1318 450
1318 1319
1318 1321
1318 427
1318 435
1318 436
1319 450
1319 451
1319 1318
1319 1320
1319 436
1319 437
1320 451
1320 1317
1320 1319
1320 437
1320 443
1320 447
1321 449
1321 1316
1321 1318
1321 427
1321 428
1322 453
1322 454
1322 455
1322 1323
1322 1324
1322 462
1322 1328
1322 1341
1323 454
1323 456
1323 1322
1323 1326
1323 1341
1324 455
1324 1322
1324 1325
1324 462
1324 463
1324 445
1325 1324
1325 463
1325 1327
1325 444
1325 445
1326 1345
1326 456
1326 1323
1326 1327
1326 444
1326 1341
1327 1345
1327 1325
1327 1326
1327 463
1327 1329
1327 444
1328 1322
1328 462
1328 464
1328 1338
1328 1340
1328 1341
1329 1345
1329 1348
1329 463
1329 1327
1329 1330
1329 1332
1330 458
1330 459
1330 463
1330 1329
1330 1331
1330 1332
1331 459
1331 1330
1331 1332
1331 1333
1331 1335
1332 1348
1332 1329
1332 1330
1332 1331
1332 1333
1332 1334
1333 1331
1333 1332
1333 1334
1333 1335
1333 1373
1333 1374
1333 1375
1334 1348
1334 1349
1334 1332
1334 1333
1334 475
1334 1374
1335 459
1335 460
1335 1331
1335 1333
1335 1336
1335 1375
1336 1376
1336 460
1336 464
1336 1335
1336 1337
1336 1375
1337 1376
1337 464
1337 1336
1337 1338
1337 1339
1338 464
1338 1328
1338 1337
1338 1339
1338 1340
1339 1376
1339 1377
1339 1337
1339 1338
1339 1340
1339 1343
1340 1328
1340 1338
1340 1339
1340 1341
1340 1342
1340 1343
1341 1345
1341 1322
1341 1323
1341 1326
1341 1328
1341 1340
1341 1342
1342 1344
1342 1345
1342 1346
1342 1340
1342 1341
1342 1343
1343 1344
1343 1377
1343 1378
1343 1339
1343 1340
1343 1342
1344 1346
1344 1347
1344 1378
1344 1358
1344 1342
1344 1343
1345 1346
1345 1348
1345 1326
1345 1327
1345 1329
1345 1341
1345 1342
1346 1344
1346 1345
1346 1347
1346 1348
1346 1342
1347 1344
1347 1346
1347 1348
1347 1349
1347 1350
1347 1351
1347 1352
1347 1358
1348 1345
1348 1346
1348 1347
1348 1349
1348 1329
1348 1332
1348 1334
1349 480
1349 1347
1349 1348
1349 1350
1349 1334
1349 475
1350 480
1350 1347
1350 1349
1350 1351
1350 474
1350 1373
1350 1374
1350 479
1351 1347
1351 1350
1351 1352
1351 1353
1351 1362
1351 1372
1351 1373
1352 1347
1352 1351
1352 1353
1352 1354
1352 1357
1352 1358
1353 1351
1353 1352
1353 1354
1353 1355
1353 1362
1354 482
1354 1352
1354 1353
1354 1355
1354 1356
1354 1357
1355 1353
1355 1354
1355 1356
1355 1361
1355 1362
1355 471
1356 481
1356 482
1356 1354
1356 1355
1356 1359
1356 471
1357 482
1357 1352
1357 1354
1357 1358
1357 1361
1357 1362
1357 1363
1358 1344
1358 1378
1358 1347
1358 1352
1358 1357
1358 1363
1359 1360
1359 481
1359 1356
1359 471
1360 481
1360 483
1360 1359
1360 471
1360 472
1361 482
1361 1355
1361 1357
1361 1362
1361 470
1361 471
1362 1351
1362 1353
1362 1355
1362 1357
1362 1361
1362 1363
1362 1364
1362 1372
1363 1378
1363 1357
1363 1358
1363 1362
1363 1364
1363 1365
1363 1367
1363 1370
1364 1362
1364 1363
1364 468
1364 1365
1364 1368
1364 1369
1364 1372
1365 1363
1365 468
1365 1364
1365 469
1365 1366
1365 1367
1366 467
1366 1365
1366 469
1366 1367
1366 1368
1366 1371
1367 1363
1367 1365
1367 1366
1367 1368
1367 1369
1367 1370
1368 468
1368 1364
1368 1366
1368 1367
1368 1369
1368 1371
1369 1376
1369 1377
1369 1364
1369 1367
1369 1368
1369 1370
1369 1372
1370 1377
1370 1378
1370 1363
1370 1367
1370 1369
1371 465
1371 467
1371 468
1371 1366
1371 1368
1372 1376
1372 1351
1372 1362
1372 1364
1372 1369
1372 1373
1372 1375
1373 1350
1373 1351
1373 1333
1373 1372
1373 1374
1373 1375
1374 1350
1374 1333
1374 1334
1374 474
1374 475
1374 1373
1375 1376
1375 1333
1375 1335
1375 1336
1375 1372
1375 1373
1376 1377
1376 1369
1376 1336
1376 1337
1376 1339
1376 1372
1376 1375
1377 1376
1377 1378
1377 1369
1377 1370
1377 1339
1377 1343
1378 1344
1378 1377
1378 1358
1378 1363
1378 1370
1378 1343
1379 595
1379 603
1379 571
1379 574
1380 611
1380 1381
1380 605
1380 1119
1381 611
1381 1380
1381 1382
1381 1385
1381 1386
1381 1389
1381 1393
1381 1119
1382 1381
1382 1383
1382 1385
1382 1387
1382 1119
1383 609
1383 1382
1383 1384
1383 1387
1383 1119
1384 609
1384 610
1384 1383
1384 1387
1384 1388
1384 1398
1384 1400
1385 1386
1385 1387
1385 1381
1385 1382
1386 1385
1386 1381
1386 1393
1387 1382
1387 1383
1387 1384
1387 1385
1387 1388
1388 1384
1388 1387
1388 1400
1389 611
1389 1381
1389 1390
1389 1392
1389 1393
1390 611
1390 612
1390 1389
1390 1391
1390 1392
1391 612
1391 613
1391 1390
1391 1392
1391 1394
1391 1405
1391 1406
1392 1389
1392 1390
1392 1391
1392 1393
1392 1394
1393 1392
1393 1386
1393 1389
1393 1381
1394 1392
1394 1406
1394 1391
1395 656
1395 1396
1395 660
1395 664
1396 1409
1396 1395
1396 660
1396 1397
1396 1399
1396 664
1396 1403
1396 1404
1397 660
1397 1396
1397 661
1397 1398
1397 1401
1397 1402
1397 1399
1398 610
1398 1384
1398 1397
1398 661
1398 1400
1398 1401
1399 1402
1399 1403
1399 1396
1399 1397
1400 1384
1400 1401
1400 1388
1400 1398
1401 1400
1401 1402
1401 1397
1401 1398
1402 1401
1402 1397
1402 1399
1403 1409
1403 1396
1403 1399
1404 1408
1404 1409
1404 1396
1404 663
1404 664
1404 1405
1404 1407
1405 613
1405 1391
1405 663
1405 1404
1405 1406
1405 1407
1406 1394
1406 1407
1406 1405
1406 1391
1407 1408
1407 1404
1407 1405
1407 1406
1408 1409
1408 1404
1408 1407
1409 1404
1409 1403
1409 1396
1409 1408
1410 1440
1410 1411
1410 1412
1410 916
1410 917
1410 695
1410 700
1411 1410
1411 1442
1411 1412
1411 1413
1411 1414
1411 1445
1411 1418
1411 1419
1411 1453
1411 1424
1411 700
1412 1440
1412 1442
1412 1410
1412 1411
1412 1413
1413 1442
1413 1411
1413 1412
1413 1443
1413 1414
1413 1415
1414 1442
1414 1411
1414 1443
1414 1413
1414 1444
1414 1415
1414 1416
1415 1443
1415 1444
1415 1413
1415 1414
1415 1416
1415 1417
1416 1417
1416 1444
1416 1414
1416 1415
1417 1416
1417 1444
1417 1415
1418 1411
1418 1419
1418 1420
1418 1421
1418 1453
1418 1454
1419 1411
1419 1418
1419 1451
1419 1420
1419 1452
1419 1424
1420 1418
1420 1419
1420 1452
1420 1421
1420 1422
1420 1454
1420 1455
1421 1418
1421 1420
1421 1454
1421 1422
1421 1423
1421 1455
1422 1455
1422 1420
1422 1421
1422 1423
1423 1421
1423 1422
1423 1455
1424 1411
1424 1450
1424 1419
1424 1451
1424 700
1424 702
1425 898
1425 868
1425 870
1425 1426
1425 1427
1425 1432
1425 1433
1426 898
1426 870
1426 1471
1426 1425
1426 915
1426 895
1427 868
1427 1425
1427 1428
1427 1429
1427 1433
1428 865
1428 868
1428 1427
1428 1429
1428 1430
1429 1427
1429 1428
1429 1430
1429 1433
1429 1434
1429 1436
1430 865
1430 1428
1430 1429
1430 1436
1430 1437
1430 1438
1431 869
1431 870
1431 1446
1431 872
1431 873
1431 915
1431 918
1431 919
1431 920
1431 1439
1432 898
1432 901
1432 902
1432 1425
1432 1433
1433 902
1433 1425
1433 1427
1433 1429
1433 1432
1433 1434
1434 902
1434 1429
1434 1433
1434 1435
1434 1436
1434 1437
1435 1441
1435 902
1435 903
1435 1449
1435 1450
1435 1434
1435 1437
1436 1437
1436 1434
1436 1429
1436 1430
1437 1441
1437 1430
1437 1434
1437 1435
1437 1436
1437 1438
1438 1440
1438 865
1438 1441
1438 904
1438 916
1438 1430
1438 1437
1439 873
1439 911
1439 913
1439 915
1439 1431
1439 895
1440 1441
1440 1410
1440 1442
1440 1412
1440 1445
1440 916
1440 1438
1441 1440
1441 1445
1441 1450
1441 1451
1441 1435
1441 1437
1441 1438
1442 1440
1442 1443
1442 1412
1442 1413
1442 1414
1442 1411
1442 1445
1443 1442
1443 1444
1443 1413
1443 1414
1443 1415
1444 1443
1444 1414
1444 1415
1444 1416
1444 1417
1445 1440
1445 1441
1445 1442
1445 1411
1445 1451
1445 1452
1445 1453
1446 1431
1446 1447
1446 1448
1446 919
1446 920
1447 920
1447 1448
1447 1446
1447 919
1448 919
1448 1446
1448 1447
1449 705
1449 707
1449 903
1449 1450
1449 1457
1449 1435
1449 921
1449 922
1449 827
1449 702
1450 1441
1450 1449
1450 1451
1450 1424
1450 1435
1450 702
1451 1441
1451 1445
1451 1450
1451 1419
1451 1452
1451 1424
1452 1445
1452 1451
1452 1419
1452 1453
1452 1454
1452 1420
1453 1411
1453 1445
1453 1418
1453 1452
1453 1454
1454 1418
1454 1452
1454 1453
1454 1421
1454 1455
1454 1420
1455 1420
1455 1421
1455 1422
1455 1454
1455 1423
1456 1457
1456 1458
1456 1459
1456 1462
1456 1463
1456 921
1457 1449
1457 1456
1457 1458
1457 1463
1457 921
1457 922
1458 1456
1458 1457
1458 1459
1458 1460
1458 1462
1458 1463
1459 1456
1459 1458
1459 1460
1459 1461
1459 1462
1460 1458
1460 1459
1460 1461
1460 1462
1461 1459
1461 1460
1461 1462
1462 1456
1462 1458
1462 1459
1462 1460
1462 1461
1462 1463
1463 1456
1463 1457
1463 1458
1463 1462
1463 921
1463 922
1464 1465
1464 1466
1464 1467
1464 1468
1464 1469
1464 1470
1465 1464
1465 1466
1465 1468
1465 1469
1466 916
1466 1464
1466 1465
1466 1467
1466 1469
1466 1470
1467 811
1467 916
1467 1464
1467 1466
1467 1470
1468 1464
1468 1465
1468 1469
1469 1464
1469 1465
1469 1466
1469 1468
1469 1470
1470 811
1470 1466
1470 916
1470 1464
1470 698
1470 1467
1470 1469
1471 1472
1471 1473
1471 1474
1471 1475
1471 870
1471 1478
1471 1426
1471 915
1472 1473
1472 1474
1472 870
1472 915
1472 1471
1473 1472
1473 1474
1473 1478
1473 915
1473 1471
1474 1472
1474 1473
1474 1475
1474 1476
1474 1478
1474 1471
1475 1474
1475 1476
1475 1477
1475 1478
1475 1479
1475 1471
1476 1474
1476 1475
1476 1477
1476 1478
1476 1479
1476 1480
1477 1480
1477 1475
1477 1476
1477 1479
1478 1473
1478 1474
1478 1475
1478 1476
1478 1479
1478 1471
1479 1475
1479 1476
1479 1477
1479 1478
1479 1480
1480 1476
1480 1477
1480 1479
1481 953
1481 954
1481 1483
1481 1482
1482 1481
1482 1483
1482 1484
1482 1485
1482 1486
1482 1488
1482 954
1483 1481
1483 1482
1483 1484
1484 1482
1484 1483
1484 1485
1484 948
1484 949
1485 1482
1485 1484
1485 949
1485 1486
1486 1482
1486 1485
1486 1487
1486 1488
1486 1489
1486 949
1487 1504
1487 1486
1487 1489
1487 949
1487 950
1487 1497
1487 1502
1488 1482
1488 1486
1488 1489
1488 1490
1488 1491
1488 954
1489 1504
1489 1486
1489 1487
1489 1488
1489 1490
1489 1492
1489 1503
1490 1488
1490 1489
1490 1491
1490 1492
1490 1493
1491 1488
1491 1490
1491 1493
1491 1495
1491 1496
1491 954
1492 1509
1492 1489
1492 1490
1492 1493
1492 1494
1492 1499
1492 1503
1493 1490
1493 1491
1493 1492
1493 1494
1493 1495
1494 1492
1494 1493
1494 1495
1494 1498
1494 1499
1495 1491
1495 1493
1495 1494
1495 1496
1495 1497
1495 1498
1496 1491
1496 1495
1496 952
1496 1497
1496 954
1496 1502
1497 1504
1497 1487
1497 1495
1497 1496
1497 1498
1497 1501
1497 1502
1498 1494
1498 1495
1498 1497
1498 1499
1498 1500
1498 1501
1499 1506
1499 1509
1499 1492
1499 1494
1499 1498
1499 1500
1499 959
1500 1498
1500 1499
1500 956
1500 1501
1500 959
1501 1504
1501 1505
1501 1497
1501 1498
1501 1500
1501 956
1502 1487
1502 950
1502 952
1502 1496
1502 1497
1503 1504
1503 1505
1503 1508
1503 1509
1503 1489
1503 1492
1504 1505
1504 1487
1504 1489
1504 1497
1504 1501
1504 1503
1505 1504
1505 1501
1505 1508
1505 956
1505 957
1505 1503
1506 961
1506 1507
1506 1509
1506 1499
1506 959
1507 961
1507 1506
1507 964
1507 1508
1507 1509
1507 984
1508 1505
1508 1507
1508 1509
1508 984
1508 957
1508 1503
1509 1506
1509 1507
1509 1508
1509 1492
1509 1499
1509 1503
1510 1513
1510 1034
1510 1515
1510 1036
1510 1514
1510 1516
1511 1512
1511 1513
1511 1514
1511 1515
1511 1517
1511 1039
1511 1040
1512 1513
1512 1511
1512 1039
1513 1510
1513 1511
1513 1512
1513 1514
1513 1034
1514 1513
1514 1515
1514 1510
1514 1511
1515 1510
1515 1511
1515 1514
1515 1516
1515 1517
1515 1518
1516 1510
1516 1515
1516 1036
1516 1518
1516 1526
1516 1531
1516 1533
1517 1511
1517 1515
1517 1518
1517 1519
1517 1040
1517 1520
1518 1515
1518 1516
1518 1517
1518 1519
1518 1521
1518 1532
1518 1533
1519 1517
1519 1518
1519 1520
1519 1521
1519 1522
1520 1517
1520 1519
1520 1040
1520 1522
1520 1524
1520 1525
1521 1539
1521 1518
1521 1519
1521 1522
1521 1523
1521 1528
1521 1532
1522 1519
1522 1520
1522 1521
1522 1523
1522 1524
1523 1521
1523 1522
1523 1524
1523 1527
1523 1528
1524 1520
1524 1522
1524 1523
1524 1525
1524 1526
1524 1527
1525 1038
1525 1040
1525 1520
1525 1524
1525 1526
1525 1531
1526 1516
1526 1524
1526 1525
1526 1527
1526 1530
1526 1531
1526 1533
1527 1523
1527 1524
1527 1526
1527 1528
1527 1529
1527 1530
1528 1536
1528 1539
1528 1521
1528 1042
1528 1523
1528 1527
1528 1529
1529 1042
1529 1527
1529 1528
1529 1530
1529 1535
1530 1526
1530 1527
1530 1529
1530 1533
1530 1534
1530 1535
1531 1036
1531 1516
1531 1038
1531 1525
1531 1526
1532 1538
1532 1539
1532 1518
1532 1521
1532 1533
1532 1534
1533 1516
1533 1518
1533 1526
1533 1530
1533 1532
1533 1534
1534 1538
1534 1067
1534 1530
1534 1532
1534 1533
1534 1535
1535 1067
1535 1041
1535 1042
1535 1529
1535 1530
1535 1534
1536 1537
1536 1539
1536 1042
1536 1044
1536 1528
1537 1536
1537 1538
1537 1539
1537 1069
1537 1044
1537 1048
1538 1537
1538 1539
1538 1067
1538 1069
1538 1532
1538 1534
1539 1536
1539 1537
1539 1538
1539 1521
1539 1528
1539 1532
1540 1541
1540 1542
1540 1543
1540 840
1540 1545
1540 1546
1541 1540
1541 1670
1541 1542
1541 1545
1541 1674
1541 1677
1542 1665
1542 1667
1542 1540
1542 1541
1542 1670
1542 840
1543 1540
1543 840
1543 1544
1543 1546
1543 1646
1543 1647
1543 1650
1543 1562
1544 840
1544 1650
1544 1661
1544 1543
1545 1540
1545 1541
1545 1546
1545 1547
1545 1548
1545 1677
1545 1561
1546 1540
1546 1543
1546 1545
1546 1547
1546 1550
1546 1562
1547 1545
1547 1546
1547 1548
1547 1549
1547 1550
1548 1545
1548 1547
1548 1549
1548 1552
1548 1561
1548 1563
1549 1547
1549 1548
1549 1550
1549 1551
1549 1552
1549 1553
1550 1638
1550 1639
1550 1546
1550 1547
1550 1549
1550 1646
1550 1551
1550 1562
1551 1638
1551 1641
1551 1549
1551 1550
1551 1553
1551 1554
1552 1548
1552 1549
1552 1553
1552 1558
1552 1563
1552 1564
1553 1549
1553 1551
1553 1552
1553 1554
1553 1555
1553 1558
1554 1641
1554 1642
1554 1551
1554 1553
1554 1555
1554 1556
1555 1553
1555 1554
1555 1556
1555 1557
1555 1558
1556 1642
1556 1643
1556 1554
1556 1555
1556 1557
1556 1560
1557 1555
1557 1556
1557 1558
1557 1559
1557 1560
1558 1568
1558 1552
1558 1553
1558 1555
1558 1557
1558 1559
1558 1564
1559 1568
1559 1569
1559 1557
1559 1558
1559 1560
1560 1569
1560 1643
1560 1645
1560 1556
1560 1557
1560 1559
1561 1570
1561 1573
1561 1545
1561 1548
1561 1676
1561 1677
1561 1563
1562 1546
1562 1646
1562 1550
1562 1543
1563 1570
1563 1548
1563 1552
1563 1561
1563 1564
1563 1565
1564 1568
1564 1552
1564 1558
1564 1563
1564 1565
1564 1566
1564 1567
1565 1601
1565 1570
1565 1571
1565 1563
1565 1564
1565 1566
1566 1632
1566 1601
1566 1634
1566 1698
1566 1604
1566 1564
1566 1565
1566 1567
1567 1568
1567 1569
1567 1634
1567 1635
1567 1564
1567 1566
1568 1569
1568 1558
1568 1559
1568 1564
1568 1567
1569 1568
1569 1635
1569 1645
1569 1559
1569 1560
1569 1567
1570 1571
1570 1572
1570 1573
1570 1561
1570 1563
1570 1565
1571 1601
1571 1570
1571 1572
1571 1589
1571 1565
1572 1570
1572 1571
1572 1573
1572 1574
1572 1580
1572 1581
1572 1589
1573 1570
1573 1572
1573 1574
1573 1575
1573 1676
1573 1561
1574 1572
1574 1573
1574 1575
1574 1576
1574 1580
1574 1584
1575 1573
1575 1574
1575 1576
1575 1577
1575 1675
1575 1676
1576 1574
1576 1575
1576 1577
1576 1578
1576 1584
1577 1575
1577 1576
1577 1578
1577 1579
1577 1675
1578 1576
1578 1577
1578 1579
1578 1584
1578 1680
1578 1586
1578 1682
1579 1671
1579 1672
1579 1577
1579 1578
1579 1675
1579 1680
1580 1572
1580 1574
1580 1581
1580 1582
1580 1583
1580 1584
1581 1582
1581 1572
1581 1589
1581 1580
1582 1580
1582 1581
1582 1583
1582 1587
1582 1589
1582 1590
1582 1591
1583 1580
1583 1582
1583 1584
1583 1585
1583 1587
1583 1588
1584 1574
1584 1576
1584 1578
1584 1580
1584 1583
1584 1585
1584 1586
1585 1583
1585 1584
1585 1586
1585 1683
1585 1588
1585 1594
1586 1578
1586 1584
1586 1585
1586 1682
1586 1683
1587 1582
1587 1583
1587 1588
1587 1591
1587 1592
1587 1593
1588 1583
1588 1585
1588 1587
1588 1593
1588 1594
1589 1600
1589 1601
1589 1571
1589 1572
1589 1581
1589 1582
1589 1590
1590 1600
1590 1582
1590 1589
1590 1591
1590 1595
1590 1596
1591 1582
1591 1587
1591 1590
1591 1592
1591 1595
1591 1599
1592 329
1592 331
1592 1587
1592 1781
1592 1591
1592 1593
1592 1599
1593 1587
1593 1588
1593 1780
1593 1781
1593 1592
1593 1594
1594 1585
1594 1683
1594 1588
1594 1780
1594 1593
1595 1590
1595 1591
1595 1596
1595 1597
1595 1598
1595 1599
1596 1600
1596 1602
1596 1590
1596 1595
1596 1597
1597 1602
1597 1605
1597 1606
1597 1595
1597 1596
1597 1598
1598 1595
1598 1605
1598 1597
1598 1599
1599 1605
1599 1608
1599 331
1599 1591
1599 1592
1599 1595
1599 1629
1599 1598
1600 1601
1600 1602
1600 1603
1600 1589
1600 1590
1600 1596
1601 1600
1601 1571
1601 1603
1601 1604
1601 1589
1601 1565
1601 1566
1602 1600
1602 1697
1602 1603
1602 1606
1602 1596
1602 1597
1603 1600
1603 1601
1603 1602
1603 1697
1603 1604
1603 1698
1604 1601
1604 1698
1604 1603
1604 1566
1605 1606
1605 1607
1605 1608
1605 1597
1605 1598
1605 1599
1606 1697
1606 1602
1606 1605
1606 1607
1606 1597
1607 1697
1607 1605
1607 1606
1607 1608
1607 1609
1607 1610
1608 1605
1608 1607
1608 1609
1608 1628
1608 1629
1608 1599
1609 1607
1609 1608
1609 1610
1609 1611
1609 1612
1609 1623
1609 1628
1610 1697
1610 1698
1610 1607
1610 1609
1610 1611
1610 1613
1610 1622
1611 1609
1611 1610
1611 1612
1611 1613
1612 1609
1612 1611
1612 1613
1612 1614
1612 1623
1612 1624
1613 1610
1613 1611
1613 1612
1613 1614
1613 1615
1613 1621
1613 1622
1614 1612
1614 1613
1614 1615
1614 1616
1614 1617
1614 1624
1615 1613
1615 1614
1615 1616
1615 1685
1615 1621
1615 1686
1616 1614
1616 1615
1616 1617
1616 1618
1616 1686
1616 1688
1617 1614
1617 1616
1617 1618
1617 1619
1617 1624
1618 1616
1618 1617
1618 1619
1618 1620
1618 1688
1619 1617
1619 1618
1619 1620
1619 1624
1619 1626
1619 1693
1619 1695
1620 1618
1620 1619
1620 1689
1620 1688
1620 1657
1620 1693
1621 1632
1621 1633
1621 1613
1621 1615
1621 1685
1621 1622
1622 1632
1622 1698
1622 1610
1622 1613
1622 1621
1623 1609
1623 1612
1623 1624
1623 1625
1623 1627
1623 1628
1624 1612
1624 1614
1624 1617
1624 1619
1624 1623
1624 1625
1624 1626
1625 1696
1625 1623
1625 1624
1625 1626
1625 1627
1625 1631
1626 1696
1626 1619
1626 1624
1626 1625
1626 1695
1627 1623
1627 1625
1627 1628
1627 1630
1627 1631
1628 1608
1628 1609
1628 1623
1628 1627
1628 1629
1628 1630
1629 1608
1629 331
1629 336
1629 1782
1629 1628
1629 1630
1629 1599
1630 1782
1630 1783
1630 1627
1630 1628
1630 1629
1630 1631
1631 1696
1631 1783
1631 1625
1631 1627
1631 1630
1632 1633
1632 1634
1632 1698
1632 1621
1632 1622
1632 1566
1633 1632
1633 1634
1633 1636
1633 1637
1633 1621
1633 1685
1634 1632
1634 1633
1634 1635
1634 1636
1634 1644
1634 1566
1634 1567
1635 1569
1635 1634
1635 1644
1635 1645
1635 1567
1636 1633
1636 1634
1636 1637
1636 1638
1636 1641
1636 1644
1637 1633
1637 1636
1637 1638
1637 1639
1637 1640
1637 1685
1638 1636
1638 1637
1638 1639
1638 1641
1638 1550
1638 1551
1639 1637
1639 1638
1639 1640
1639 1646
1639 1550
1640 1637
1640 1639
1640 1646
1640 1647
1640 1648
1640 1684
1640 1685
1641 1636
1641 1638
1641 1642
1641 1644
1641 1551
1641 1554
1642 1641
1642 1643
1642 1644
1642 1554
1642 1556
1643 1642
1643 1644
1643 1645
1643 1556
1643 1560
1644 1634
1644 1635
1644 1636
1644 1641
1644 1642
1644 1643
1644 1645
1645 1569
1645 1635
1645 1643
1645 1644
1645 1560
1646 1543
1646 1640
1646 1639
1646 1550
1646 1647
1646 1562
1647 1543
1647 1640
1647 1646
1647 1648
1647 1649
1647 1650
1648 1640
1648 1647
1648 1649
1648 1684
1648 1687
1648 1656
1649 1647
1649 1648
1649 1650
1649 1651
1649 1652
1649 1656
1650 1543
1650 1544
1650 1647
1650 1649
1650 1651
1650 1658
1650 1661
1651 847
1651 1649
1651 1650
1651 1652
1651 1653
1651 1658
1652 1649
1652 1651
1652 1653
1652 1654
1652 1655
1652 1656
1653 1710
1653 847
1653 1651
1653 1652
1653 1654
1654 1710
1654 1713
1654 1652
1654 1653
1654 1655
1654 1690
1655 1689
1655 1652
1655 1654
1655 1656
1655 1657
1655 1690
1656 1687
1656 1648
1656 1649
1656 1652
1656 1655
1656 1657
1657 1655
1657 1688
1657 1620
1657 1687
1657 1656
1657 1689
1658 847
1658 1650
1658 1651
1658 1659
1658 1660
1658 1661
1659 1700
1659 1708
1659 1709
1659 847
1659 1658
1659 1660
1660 1700
1660 1658
1660 1659
1660 1661
1660 1662
1660 1663
1661 1544
1661 840
1661 1650
1661 1658
1661 1660
1661 1662
1662 1664
1662 1665
1662 840
1662 1660
1662 1661
1662 1663
1663 1664
1663 1699
1663 1700
1663 1701
1663 1660
1663 1662
1664 1665
1664 1666
1664 1701
1664 1702
1664 1662
1664 1663
1665 1664
1665 1666
1665 1667
1665 1542
1665 840
1665 1662
1666 1664
1666 1665
1666 1667
1666 1668
1666 1702
1667 1665
1667 1666
1667 1668
1667 1669
1667 1542
1667 1670
1668 1666
1668 1667
1668 1669
1668 1702
1668 1673
1668 1705
1669 1667
1669 1668
1669 1670
1669 1671
1669 1672
1669 1673
1670 1667
1670 1541
1670 1669
1670 1542
1670 1671
1670 1674
1671 1669
1671 1670
1671 1672
1671 1674
1671 1579
1671 1675
1672 1669
1672 1671
1672 1673
1672 1579
1672 1678
1672 1679
1672 1680
1673 1668
1673 1669
1673 1672
1673 1705
1673 1678
1674 1541
1674 1670
1674 1671
1674 1675
1674 1676
1674 1677
1675 1575
1675 1671
1675 1577
1675 1674
1675 1579
1675 1676
1676 1573
1676 1575
1676 1674
1676 1675
1676 1677
1676 1561
1677 1541
1677 1545
1677 1674
1677 1676
1677 1561
1678 1672
1678 1673
1678 1679
1678 1721
1678 1722
1679 1672
1679 1772
1679 1678
1679 1680
1679 1681
1679 1721
1680 1672
1680 1578
1680 1579
1680 1679
1680 1681
1680 1682
1681 1772
1681 1774
1681 1679
1681 1680
1681 1775
1681 1682
1682 1578
1682 1775
1682 1680
1682 1681
1682 1586
1682 1683
1682 1776
1683 1776
1683 1585
1683 1682
1683 1586
1683 1780
1683 1594
1684 1640
1684 1648
1684 1685
1684 1686
1684 1687
1685 1633
1685 1637
1685 1640
1685 1615
1685 1684
1685 1621
1685 1686
1686 1615
1686 1616
1686 1684
1686 1685
1686 1687
1686 1688
1687 1688
1687 1648
1687 1684
1687 1686
1687 1656
1687 1657
1688 1616
1688 1618
1688 1620
1688 1686
1688 1687
1688 1657
1689 1620
1689 1655
1689 1657
1689 1690
1689 1691
1689 1692
1689 1693
1690 1713
1690 1654
1690 1655
1690 1689
1690 1691
1691 1770
1691 1771
1691 1689
1691 1690
1691 1692
1692 1770
1692 1689
1692 1691
1692 1693
1692 1694
1692 1787
1693 1619
1693 1620
1693 1689
1693 1692
1693 1694
1693 1695
1694 1785
1694 1786
1694 1787
1694 1692
1694 1693
1694 1695
1695 1696
1695 1619
1695 1784
1695 1785
1695 1626
1695 1693
1695 1694
1696 1695
1696 1783
1696 1784
1696 1625
1696 1626
1696 1631
1697 1602
1697 1603
1697 1698
1697 1606
1697 1607
1697 1610
1698 1632
1698 1697
1698 1603
1698 1604
1698 1610
1698 1622
1698 1566
1699 1700
1699 1701
1699 1704
1699 1706
1699 1707
1699 1663
1700 1699
1700 1706
1700 1708
1700 1659
1700 1660
1700 1663
1701 1664
1701 1699
1701 1702
1701 1703
1701 1704
1701 1663
1702 1664
1702 1666
1702 1668
1702 1701
1702 1703
1702 1705
1703 1704
1703 1705
1703 1701
1703 1702
1704 1707
1704 1699
1704 1701
1704 1703
1705 1673
1705 1668
1705 1702
1705 1703
1706 1699
1706 1700
1706 1707
1706 1708
1706 1714
1707 1704
1707 1706
1707 1699
1708 1700
1708 1706
1708 1709
1708 1712
1708 1714
1708 1659
1709 1708
1709 1710
1709 1711
1709 847
1709 1712
1709 1659
1710 1709
1710 1711
1710 847
1710 1713
1710 1653
1710 1654
1711 1712
1711 1713
1711 1709
1711 1710
1712 1714
1712 1708
1712 1709
1712 1711
1713 1654
1713 1690
1713 1710
1713 1711
1714 1712
1714 1706
1714 1708
1715 1716
1715 1717
1715 1718
1715 1719
1715 1723
1715 1724
1715 1725
1716 1715
1716 1717
1717 1715
1717 1716
1717 1718
1717 1720
1717 1721
1717 1722
1718 1720
1718 1715
1718 1717
1718 1719
1719 1792
1719 1793
1719 1715
1719 1718
1719 1720
1719 1723
1720 1792
1720 1773
1720 1778
1720 1717
1720 1718
1720 1719
1720 1721
1721 1772
1721 1773
1721 1678
1721 1679
1721 1717
1721 1720
1721 1722
1722 1721
1722 1717
1722 1678
1723 1793
1723 1794
1723 1715
1723 1719
1723 1724
1723 1726
1723 1727
1724 1715
1724 1723
1724 1726
1724 1725
1725 1715
1725 1724
1726 1728
1726 1729
1726 1736
1726 1723
1726 1724
1726 1727
1727 1728
1727 1794
1727 1795
1727 1737
1727 1723
1727 1726
1728 1729
1728 1730
1728 1735
1728 1737
1728 1726
1728 1727
1729 1728
1729 1730
1729 1731
1729 1736
1729 1726
1730 1728
1730 1729
1730 1731
1730 1732
1730 1733
1730 1735
1730 1740
1731 1729
1731 1730
1731 1732
1731 1736
1731 1741
1731 1742
1732 1730
1732 1731
1732 324
1732 1733
1732 1734
1732 327
1732 1742
1732 1744
1733 1730
1733 1732
1733 1734
1733 1740
1733 1776
1733 1780
1734 1732
1734 1733
1734 324
1734 1780
1734 1781
1735 1728
1735 1730
1735 1737
1735 1738
1735 1739
1735 1740
1736 1729
1736 1731
1736 1741
1736 1726
1737 1728
1737 1795
1737 1798
1737 1735
1737 1738
1737 1727
1738 1798
1738 1735
1738 1737
1738 1739
1738 1804
1738 1807
1738 1779
1739 1735
1739 1738
1739 1740
1739 1774
1739 1775
1739 1779
1740 1730
1740 1733
1740 1735
1740 1739
1740 1775
1740 1776
1741 1736
1741 1731
1741 1742
1741 1743
1742 1731
1742 1732
1742 1741
1742 1743
1742 1744
1742 1745
1742 1746
1742 1750
1743 1745
1743 1741
1743 1742
1744 1732
1744 327
1744 1742
1744 340
1744 342
1744 1750
1745 1746
1745 1747
1745 1742
1745 1743
1746 1742
1746 1745
1746 1747
1746 1748
1746 1749
1746 1750
1747 1745
1747 1746
1747 1755
1747 1748
1748 1746
1748 1747
1748 1749
1748 1753
1748 1755
1749 1746
1749 1748
1749 1750
1749 1751
1749 1753
1749 1754
1749 1759
1750 1742
1750 1744
1750 1746
1750 338
1750 340
1750 1749
1750 1751
1750 1752
1751 1784
1751 1749
1751 1750
1751 1783
1751 1752
1751 1759
1752 1751
1752 338
1752 1782
1752 1783
1752 1750
1753 1760
1753 1748
1753 1749
1753 1754
1753 1755
1753 1756
1754 1749
1754 1753
1754 1756
1754 1757
1754 1758
1754 1759
1755 1760
1755 1761
1755 1762
1755 1747
1755 1748
1755 1753
1756 1760
1756 1812
1756 1815
1756 1753
1756 1754
1756 1757
1757 1824
1757 1815
1757 1754
1757 1756
1757 1821
1757 1758
1757 1791
1758 1786
1758 1791
1758 1785
1758 1754
1758 1757
1758 1759
1759 1749
1759 1751
1759 1784
1759 1785
1759 1754
1759 1758
1760 1761
1760 1811
1760 1812
1760 1753
1760 1755
1760 1756
1761 1760
1761 1762
1761 1763
1761 1765
1761 1809
1761 1811
1761 1755
1762 1761
1762 1755
1762 1764
1762 1763
1763 1761
1763 1762
1763 1764
1763 1765
1763 1766
1763 1767
1763 1768
1764 1762
1764 1763
1765 1761
1765 1763
1765 1766
1765 1769
1765 1809
1765 1810
1766 1769
1766 1763
1766 1765
1766 1767
1767 1763
1767 1766
1767 1768
1767 1769
1767 1770
1767 1771
1768 1763
1768 1767
1769 1765
1769 1766
1769 1767
1769 1770
1769 1810
1769 1788
1769 1790
1770 1788
1770 1767
1770 1769
1770 1771
1770 1691
1770 1787
1770 1692
1771 1770
1771 1691
1771 1767
1772 1773
1772 1774
1772 1679
1772 1681
1772 1777
1772 1721
1773 1772
1773 1777
1773 1778
1773 1720
1773 1721
1774 1739
1774 1772
1774 1775
1774 1681
1774 1777
1774 1779
1775 1739
1775 1740
1775 1774
1775 1776
1775 1681
1775 1682
1776 1733
1776 1740
1776 1775
1776 1682
1776 1683
1776 1780
1777 1802
1777 1772
1777 1773
1777 1774
1777 1778
1777 1779
1778 1792
1778 1801
1778 1802
1778 1773
1778 1777
1778 1720
1779 1738
1779 1739
1779 1804
1779 1802
1779 1774
1779 1777
1780 1733
1780 1734
1780 1776
1780 1683
1780 1781
1780 1593
1780 1594
1781 324
1781 1734
1781 329
1781 1780
1781 1592
1781 1593
1782 336
1782 338
1782 1783
1782 1752
1782 1629
1782 1630
1783 1696
1783 1752
1783 1782
1783 1751
1783 1784
1783 1630
1783 1631
1784 1696
1784 1751
1784 1759
1784 1783
1784 1785
1784 1695
1785 1694
1785 1759
1785 1784
1785 1786
1785 1758
1785 1695
1786 1758
1786 1785
1786 1787
1786 1789
1786 1694
1786 1791
1787 1788
1787 1770
1787 1786
1787 1692
1787 1789
1787 1694
1788 1769
1788 1770
1788 1787
1788 1789
1788 1790
1789 1819
1789 1786
1789 1787
1789 1788
1789 1790
1789 1791
1790 1769
1790 1810
1790 1818
1790 1819
1790 1788
1790 1789
1791 1789
1791 1821
1791 1786
1791 1819
1791 1757
1791 1758
1792 1793
1792 1800
1792 1801
1792 1808
1792 1778
1792 1719
1792 1720
1793 1792
1793 1794
1793 1800
1793 1719
1793 1723
1794 1793
1794 1795
1794 1796
1794 1800
1794 1723
1794 1727
1795 1794
1795 1796
1795 1797
1795 1798
1795 1737
1795 1727
1796 1794
1796 1795
1796 1797
1796 1800
1796 1806
1796 1808
1797 1795
1797 1796
1797 1798
1797 1799
1797 1805
1797 1806
1798 1795
1798 1797
1798 1799
1798 1737
1798 1738
1798 1807
1799 1797
1799 1798
1799 1803
1799 1804
1799 1805
1799 1807
1800 1792
1800 1793
1800 1794
1800 1796
1800 1808
1801 1792
1801 1802
1801 1803
1801 1805
1801 1806
1801 1808
1801 1778
1802 1801
1802 1803
1802 1804
1802 1777
1802 1778
1802 1779
1803 1799
1803 1801
1803 1802
1803 1804
1803 1805
1804 1799
1804 1738
1804 1802
1804 1803
1804 1807
1804 1779
1805 1797
1805 1799
1805 1801
1805 1803
1805 1806
1806 1796
1806 1797
1806 1801
1806 1805
1806 1808
1807 1738
1807 1804
1807 1798
1807 1799
1808 1792
1808 1796
1808 1800
1808 1801
1808 1806
1809 1761
1809 1765
1809 1810
1809 1811
1809 1817
1810 1825
1810 1765
1810 1769
1810 1809
1810 1817
1810 1818
1810 1790
1811 1760
1811 1761
1811 1809
1811 1812
1811 1813
1811 1817
1812 1760
1812 1811
1812 1813
1812 1814
1812 1815
1812 1756
1813 1825
1813 1811
1813 1812
1813 1814
1813 1817
1813 1823
1814 1812
1814 1813
1814 1815
1814 1816
1814 1822
1814 1823
1815 1824
1815 1812
1815 1814
1815 1816
1815 1756
1815 1757
1816 1824
1816 1814
1816 1815
1816 1820
1816 1821
1816 1822
1817 1825
1817 1809
1817 1810
1817 1811
1817 1813
1818 1825
1818 1822
1818 1810
1818 1819
1818 1820
1818 1790
1818 1823
1819 1789
1819 1818
1819 1820
1819 1821
1819 1790
1819 1791
1820 1816
1820 1818
1820 1819
1820 1821
1820 1822
1821 1824
1821 1816
1821 1819
1821 1820
1821 1757
1821 1791
1822 1814
1822 1816
1822 1818
1822 1820
1822 1823
1823 1825
1823 1813
1823 1814
1823 1818
1823 1822
1824 1816
1824 1757
1824 1821
1824 1815
1825 1810
1825 1813
1825 1817
1825 1818
1825 1823
