0.006598 0.432639 0.124568 -0.000000 -0.412720 0.910858
0.015581 0.433228 0.123076 0.347239 -0.348959 0.870432
0.006598 0.442215 0.126241 -0.000000 -0.002572 0.999997
0.016162 0.442218 0.124595 0.410967 -0.002431 0.911647
0.015581 0.451194 0.123127 0.346971 0.345309 0.871994
0.006598 0.451766 0.124622 -0.000000 0.409262 0.912417
-0.002385 0.451194 0.123127 -0.346971 0.345309 0.871994
-0.002966 0.442218 0.124595 -0.410967 -0.002431 0.911647
-0.009862 0.450608 0.118646 -0.674752 0.298243 0.675101
-0.007423 0.456238 0.116222 -0.577169 0.576601 0.578280
-0.001787 0.458662 0.118669 -0.299173 0.673620 0.675820
-0.002385 0.463152 0.111204 -0.346573 0.870798 0.348708
-0.009862 0.458682 0.110594 -0.674624 0.674249 0.300451
-0.014342 0.451208 0.111170 -0.871401 0.346421 0.347352
-0.015836 0.442227 0.111725 -0.911654 -0.001121 0.410958
-0.017482 0.442227 0.102161 -1.000000 0.000032 -0.000000
-0.014342 0.433242 0.111118 -0.871026 -0.347857 0.346855
-0.015836 0.432662 0.102133 -0.911645 -0.410980 -0.000095
-0.015836 0.451789 0.102189 -0.911645 0.410978 0.000095
-0.010969 0.442224 0.119728 -0.707106 -0.001969 0.707105
-0.010969 0.459792 0.102211 -0.707139 0.707074 0.000295
-0.009862 0.425763 0.110499 -0.674607 -0.674879 0.299070
-0.007423 0.428195 0.116141 -0.577532 -0.578133 0.576384
-0.002385 0.421271 0.111084 -0.347691 -0.871605 0.345565
-0.001787 0.425743 0.118574 -0.300292 -0.675543 0.673399
-0.002385 0.433228 0.123076 -0.347239 -0.348959 0.870432
-0.009862 0.433837 0.118597 -0.674434 -0.301313 0.674054
-0.010969 0.424659 0.102111 -0.707139 -0.707074 -0.000295
-0.002966 0.419791 0.102096 -0.410925 -0.911668 -0.001238
0.006598 0.419768 0.111660 -0.000000 -0.912441 0.409209
0.006598 0.418147 0.102092 0.000000 -0.999998 -0.002103
0.015581 0.421271 0.111084 0.347691 -0.871605 0.345565
0.016162 0.419791 0.102096 0.410925 -0.911668 -0.001238
0.006598 0.424625 0.119677 -0.000000 -0.708252 0.705959
0.014983 0.425743 0.118574 0.300292 -0.675543 0.673399
0.020619 0.428195 0.116141 0.577532 -0.578133 0.576384
0.023058 0.425763 0.110499 0.674607 -0.674879 0.299071
0.027538 0.433242 0.111118 0.871026 -0.347857 0.346855
0.023058 0.433837 0.118597 0.674434 -0.301313 0.674054
0.029032 0.432662 0.102133 0.911645 -0.410980 -0.000095
0.030678 0.442227 0.102161 1.000000 0.000032 -0.000000
0.029032 0.442227 0.111725 0.911654 -0.001121 0.410958
0.027538 0.451208 0.111170 0.871401 0.346421 0.347352
0.029032 0.451789 0.102189 0.911645 0.410978 0.000095
0.023058 0.450608 0.118646 0.674752 0.298243 0.675101
0.020619 0.456238 0.116222 0.577169 0.576601 0.578280
0.023058 0.458682 0.110594 0.674624 0.674249 0.300451
0.024165 0.442224 0.119728 0.707106 -0.001969 0.707105
0.024165 0.459792 0.102211 0.707139 0.707074 0.000295
0.024165 0.424659 0.102111 0.707139 -0.707074 -0.000295
0.015581 0.463152 0.111204 0.346573 0.870798 0.348708
0.014983 0.458662 0.118669 0.299173 0.673620 0.675820
0.006598 0.464637 0.111789 -0.000000 0.910820 0.412804
0.006598 0.466307 0.102230 0.000000 0.999998 0.001999
0.016162 0.464660 0.102226 0.411057 0.911609 0.001136
-0.002966 0.464660 0.102226 -0.411057 0.911609 0.001136
0.006598 0.459758 0.119778 -0.000000 0.705922 0.708289
0.015581 0.463180 0.093238 0.313150 0.949543 -0.017483
0.006598 0.464682 0.092662 -0.000000 0.986820 -0.161823
-0.002385 0.463180 0.093238 -0.429237 0.867758 -0.250502
-0.009862 0.458688 0.093823 -0.674612 0.674857 -0.299110
-0.007423 0.456255 0.088181 -0.577548 0.578121 -0.576380
-0.001787 0.458708 0.085748 -0.527927 0.601513 -0.599563
-0.002385 0.451223 0.081246 0.019893 -0.022829 0.999541
-0.009862 0.450614 0.085725 -0.845960 0.473061 -0.246099
-0.014342 0.451208 0.093204 -0.871015 0.347880 -0.346860
-0.015836 0.442227 0.092597 -0.911650 0.001164 -0.410967
-0.010969 0.442227 0.084594 -0.707107 -0.001970 0.707103
-0.014342 0.433242 0.093152 -0.871383 -0.346421 -0.347395
-0.009862 0.425769 0.093728 -0.674531 -0.674299 -0.300547
-0.007423 0.428215 0.088100 -0.707199 -0.000855 0.707014
-0.002385 0.421302 0.093118 -0.312226 -0.949767 -0.021372
-0.001787 0.425788 0.085654 0.795121 0.188918 -0.576275
-0.002385 0.433259 0.081195 0.858291 0.263919 -0.440094
-0.009862 0.433843 0.085677 -0.706921 -0.001747 0.707290
0.006598 0.419814 0.092533 -0.000000 -0.985965 -0.166953
0.015581 0.421302 0.093118 0.427965 -0.867431 -0.253790
0.006598 0.424693 0.084544 -0.000000 -0.705924 -0.708288
-0.002966 0.442233 0.079727 0.519942 -0.089395 0.849511
0.006598 0.442235 0.078081 -0.169638 -0.172132 0.970357
0.006598 0.432685 0.079700 -0.330684 -0.489170 -0.807069
0.015581 0.433259 0.081195 -0.020133 0.017102 0.999651
0.016162 0.442233 0.079727 -0.410976 -0.002402 0.911643
0.015581 0.451223 0.081246 -0.274896 -0.254667 0.927134
0.006598 0.451812 0.079754 -0.000000 -0.177559 0.984110
0.006598 0.459826 0.084645 -0.000000 0.708284 -0.705927
0.023058 0.433843 0.085677 0.845905 -0.472788 -0.246812
0.020619 0.428215 0.088100 0.577132 -0.576623 -0.578294
0.027538 0.433242 0.093152 0.871383 -0.346421 -0.347395
0.023058 0.425769 0.093728 0.674531 -0.674299 -0.300547
0.029032 0.442227 0.092597 0.911650 0.001164 -0.410967
0.027538 0.451208 0.093204 0.871015 0.347880 -0.346860
0.023058 0.450614 0.085725 0.845960 0.473061 -0.246099
0.020619 0.456255 0.088181 0.679243 0.519695 -0.518215
0.023058 0.458688 0.093823 0.674612 0.674857 -0.299110
0.024165 0.442227 0.084594 0.707107 -0.001970 0.707104
0.014983 0.425788 0.085654 0.526391 -0.600226 -0.602196
0.014983 0.458708 0.085748 -0.517301 -0.606030 0.604258
0.112779 0.313883 0.148356 -0.064441 -0.822359 0.565308
0.112580 0.356914 0.148356 0.000000 0.000000 1.000000
0.096516 0.317787 0.148356 -0.385632 -0.728855 0.565736
0.082672 0.327588 0.148356 -0.620989 -0.538939 0.569137
0.129027 0.317781 0.148356 0.291553 -0.773696 0.562487
0.142829 0.327573 0.148356 0.635415 -0.623670 0.455284
0.151995 0.341039 0.148356 0.782023 -0.270852 0.561319
0.155280 0.356917 0.148356 0.826914 0.054389 0.559692
0.151995 0.373042 0.148356 0.743418 0.366352 0.559567
0.142828 0.386792 0.148356 0.555529 0.613196 0.561585
0.128819 0.396585 0.148356 0.290792 0.771839 0.565424
0.112395 0.400479 0.148356 -0.070992 0.820757 0.566850
0.096309 0.396585 0.148356 -0.398153 0.732091 0.552736
0.082672 0.386792 0.148356 -0.633784 0.542898 0.550981
0.073506 0.373039 0.148356 -0.784173 0.268645 0.559377
0.070202 0.356911 0.148356 -0.700962 -0.001122 0.713197
0.073506 0.341042 0.148356 -0.779757 -0.269518 0.565101
0.096362 0.396485 0.136500 -0.310307 0.871319 0.380148
0.112552 0.400644 0.133623 0.133978 0.888548 0.438785
0.128908 0.396661 0.130002 0.495318 0.771804 0.398721
0.142836 0.386772 0.126535 0.707784 0.479347 0.518910
0.151940 0.372917 0.122241 0.913184 0.251136 0.320977
0.155171 0.356703 0.119261 0.905270 -0.141683 0.400515
0.151932 0.340811 0.114428 0.839025 -0.464335 0.283602
0.142820 0.327369 0.112077 0.652201 -0.665795 0.362423
0.129031 0.317653 0.112958 0.457514 -0.852217 0.253784
0.112796 0.313852 0.116542 0.130828 -0.933663 0.333402
0.096353 0.317718 0.123385 -0.261397 -0.936863 0.232290
0.082353 0.327485 0.131371 -0.361427 -0.776260 0.516517
0.073346 0.341044 0.137310 -0.684902 -0.530731 0.499234
0.070224 0.357016 0.142307 -0.889006 -0.051853 0.454950
0.082613 0.386445 0.138557 -0.406139 0.623992 0.667597
0.073486 0.372908 0.141193 -0.731911 0.440634 0.519757
0.329121 0.286512 0.000170 -0.700508 -0.700385 -0.136926
0.332996 0.290386 0.013401 -0.563811 -0.563683 0.603638
0.321477 0.294159 0.000170 -0.981067 -0.158593 0.111158
0.325349 0.298031 0.013399 -0.758575 0.064039 0.648432
0.342345 0.299735 0.018879 -0.096831 -0.096511 0.990611
0.334706 0.307388 0.018876 -0.332526 0.490064 0.805769
0.351696 0.309087 0.013401 0.426875 0.427079 0.797108
0.344049 0.316731 0.013399 0.047242 0.869897 0.490967
0.355571 0.312961 0.000170 0.700173 0.700789 0.136573
0.347921 0.320603 0.000170 0.158370 0.981074 -0.111415
0.332996 0.290386 -0.013047 -0.426892 -0.426887 -0.797202
0.325349 0.298031 -0.013047 -0.869732 -0.047350 -0.491249
0.334697 0.307380 -0.018523 -0.489992 0.332540 -0.805807
0.342345 0.299735 -0.018526 0.096515 0.096812 -0.990612
0.344049 0.316731 -0.013047 -0.064015 0.758539 -0.648476
0.351696 0.309087 -0.013047 0.563453 0.563827 -0.603837
0.334700 0.307382 0.000170 -0.707107 0.707107 0.000009
0.477716 0.193697 -0.028030 -0.319994 0.942278 0.098573
0.445954 0.168756 -0.087432 -0.999564 -0.004477 0.029192
0.447268 0.163248 -0.028030 -0.999757 -0.000981 0.022024
0.476026 0.198828 -0.079737 -0.004207 0.977494 0.210920
0.443923 0.191127 -0.142818 -0.983141 0.106475 0.148648
0.468555 0.215793 -0.134653 0.234033 0.913914 0.331647
0.455360 0.242460 -0.181732 0.089727 0.952984 0.289431
0.440173 0.227272 -0.188440 -0.989783 -0.119317 -0.078057
0.440964 0.232963 -0.202691 -0.995027 0.045634 -0.088532
0.454862 0.246860 -0.196590 0.013935 0.985239 0.170616
0.444759 0.237415 -0.222813 -0.960259 0.008759 -0.278974
0.456242 0.248897 -0.221176 0.032559 0.989781 -0.138825
0.452461 0.232935 -0.241789 -0.761853 -0.155468 -0.628816
0.461644 0.242121 -0.241890 0.473800 0.461653 -0.749927
0.477716 0.193697 0.028235 -0.320000 0.942237 -0.098943
0.476026 0.198828 0.079737 -0.004210 0.977458 -0.211089
0.488202 0.183212 0.028235 0.999657 0.003483 0.025950
0.486512 0.188343 0.082388 0.994437 0.025456 0.102214
0.468555 0.215793 0.134653 0.234014 0.913944 -0.331579
0.477186 0.207159 0.142029 0.969620 0.217245 0.112438
0.455360 0.242460 0.181755 0.089708 0.953008 -0.289360
0.463448 0.234364 0.186707 0.985461 0.062535 0.157975
0.454862 0.246860 0.196612 0.013935 0.985233 -0.170650
0.462953 0.238770 0.200644 0.999931 0.011071 0.004045
0.456242 0.248897 0.221180 0.032560 0.989789 0.138771
0.463468 0.241665 0.218297 0.995131 0.006064 -0.098373
0.461644 0.242121 0.241894 0.473778 0.461688 0.749920
0.466006 0.237762 0.238720 0.910773 -0.171670 0.375528
0.457752 0.152762 -0.028030 -0.319690 -0.944340 -0.077587
0.456441 0.158270 -0.090553 -0.018520 -0.973046 -0.229866
0.452532 0.182517 -0.150725 0.108149 -0.833544 -0.541764
0.448264 0.219182 -0.193576 -0.241994 -0.836487 -0.491659
0.449055 0.224872 -0.206988 0.036242 -0.927067 -0.373140
0.451991 0.230186 -0.220001 0.048391 -0.988962 -0.140045
0.456819 0.228577 -0.238616 0.391696 -0.818471 -0.420332
0.466006 0.237762 -0.238715 0.910786 -0.171708 -0.375479
0.486512 0.188343 -0.082388 0.994441 0.025447 -0.102178
0.488202 0.183212 -0.028030 0.999659 0.003466 -0.025870
0.477186 0.207159 -0.142029 0.969614 0.217261 -0.112456
0.463448 0.234364 -0.186684 0.985451 0.062571 -0.158023
0.462953 0.238770 -0.200622 0.999931 0.011056 -0.004042
0.463468 0.241665 -0.218293 0.995132 0.006058 0.098362
0.362345 0.319735 -0.028030 0.942819 -0.000024 -0.333305
0.322771 0.280163 0.028235 -0.000019 -0.942805 0.333345
0.322771 0.280163 -0.028030 -0.000017 -0.577349 -0.816498
0.362342 0.319735 0.028235 0.577346 -0.000008 0.816500
-0.374222 0.218094 -0.025533 0.536137 -0.463829 -0.705280
-0.324475 0.284984 -0.013545 0.432729 -0.574820 -0.694498
-0.367545 0.211442 0.000273 0.741682 -0.670751 0.001028
-0.399050 0.185560 0.000308 0.262515 -0.961525 -0.080969
-0.334190 0.294694 -0.018570 -0.080046 -0.074379 -0.994012
-0.392476 0.236327 -0.034975 0.035199 0.033708 -0.998812
-0.343900 0.304398 -0.013553 -0.562561 0.419440 -0.712457
-0.404971 0.191458 -0.022570 0.018515 -0.735527 -0.677242
-0.421153 0.207622 -0.030942 -0.407583 -0.292915 -0.864915
-0.320921 0.281435 0.000189 0.626551 -0.779369 -0.004191
-0.431256 0.197524 0.000311 -0.706856 -0.707357 0.000619
-0.410726 0.254572 -0.025549 -0.463094 0.534353 -0.707114
-0.347454 0.307949 0.000177 -0.779972 0.625801 0.004112
-0.437333 0.223798 -0.022584 -0.837758 0.120156 -0.532657
-0.417392 0.261258 0.000251 -0.671491 0.741012 -0.001034
-0.443245 0.229725 0.000289 -0.961676 0.261776 0.081561
-0.437324 0.223827 0.023167 -0.734882 0.018744 0.677936
-0.421142 0.207663 0.031538 -0.291627 -0.406811 0.865713
-0.392461 0.236372 0.035499 0.034960 0.036573 0.998719
-0.410715 0.254605 0.026056 -0.463437 0.536614 0.705175
-0.374211 0.218127 0.026072 0.535728 -0.461612 0.707043
-0.324475 0.284984 0.013920 0.420673 -0.561551 0.712527
-0.404962 0.191487 0.023181 0.121528 -0.837087 0.533401
-0.334190 0.294697 0.018937 -0.073550 -0.079027 0.994156
-0.343900 0.304398 0.013911 -0.574727 0.432859 0.694494
0.460438 0.142487 -0.028030 -0.288525 -0.865939 -0.408538
0.460458 0.142466 0.028235 0.236146 -0.707037 0.666583
0.500000 0.182066 0.028235 0.866113 0.288810 0.407967
0.499978 0.182088 -0.028030 0.707179 -0.235262 -0.666746
0.447268 0.163248 0.028235 -0.999755 -0.000988 -0.022100
0.445954 0.168756 0.087432 -0.999562 -0.004489 -0.029266
0.443923 0.191127 0.142818 -0.983146 0.106496 -0.148603
0.440173 0.227272 0.188463 -0.989781 -0.119343 0.078045
0.440964 0.232963 0.202714 -0.995023 0.045649 0.088573
0.444759 0.237415 0.222818 -0.960210 0.008807 0.279140
0.452461 0.232935 0.241794 -0.761844 -0.155444 0.628833
0.457752 0.152762 0.028235 -0.319700 -0.944316 0.077844
0.456441 0.158270 0.090553 -0.018521 -0.973005 0.230040
0.452532 0.182517 0.150725 0.108169 -0.833622 0.541640
0.448264 0.219182 0.193598 -0.241977 -0.836546 0.491567
0.449055 0.224872 0.207011 0.036309 -0.926988 0.373328
0.451991 0.230186 0.220006 0.048457 -0.988935 0.140211
0.456819 0.228577 0.238621 0.391693 -0.818457 0.420363
-0.427051 0.219298 -0.015822 0.083313 0.897244 -0.433604
-0.408157 0.216696 0.000071 0.742066 0.670326 -0.000013
-0.407483 0.197637 -0.015822 0.849489 0.067292 -0.523297
-0.439657 0.211643 -0.021664 -0.128478 0.657981 -0.741994
-0.442841 0.215550 0.001108 -0.464662 0.885488 -0.000346
-0.472275 0.193702 -0.009001 -0.667300 0.720595 -0.188293
-0.465020 0.189709 -0.030591 -0.543804 0.655364 -0.524189
-0.451618 0.180540 -0.038557 0.119278 0.213237 -0.969692
-0.485920 0.159145 -0.039463 -0.399660 0.128531 -0.907607
-0.413335 0.183490 -0.021670 0.685650 -0.155448 -0.711140
-0.433014 0.167158 -0.029709 0.541496 -0.751795 -0.376281
-0.413335 0.183489 0.000071 0.876761 -0.449040 -0.172199
-0.469063 0.154996 -0.040724 0.560430 -0.100679 -0.822060
-0.427051 0.219299 0.015964 0.107464 0.903748 0.414356
-0.439663 0.211642 0.023880 -0.041172 0.732072 0.679982
-0.407483 0.197637 0.015964 0.865505 0.096089 0.491598
-0.413335 0.183489 0.023899 0.863039 0.304990 0.402671
-0.424630 0.179508 0.048042 0.387398 0.522475 0.759567
-0.442280 0.174358 0.046423 -0.234097 0.170745 0.957102
-0.466727 0.190566 0.037225 -0.473699 0.704177 0.528908
-0.472275 0.193701 0.014214 -0.664321 0.735166 0.134938
-0.485760 0.160489 0.048007 -0.289137 0.100501 0.951997
-0.469063 0.154995 0.047555 0.609096 -0.264261 0.747775
-0.497906 0.164229 0.038257 -0.916139 0.307153 0.257578
-0.491652 0.163570 0.025494 -0.973538 0.185813 0.133029
-0.500000 0.166072 0.012766 -0.923701 0.368412 0.105118
-0.494998 0.165136 0.000942 -0.979249 0.202650 -0.001990
-0.499997 0.166073 -0.010432 -0.929753 0.307553 -0.202411
-0.489208 0.161446 -0.021725 -0.960417 0.150279 -0.234552
-0.492722 0.162699 -0.031628 -0.920676 0.327224 -0.212792
-0.312042 0.284634 0.000187 0.744996 -0.667063 -0.002763
-0.309419 0.294563 0.000177 0.983136 0.164418 0.080063
-0.316762 0.289348 0.016288 0.542472 -0.444648 0.712749
-0.313069 0.298213 0.012629 0.823186 0.324401 0.465971
-0.328153 0.300734 0.022953 0.040798 0.037237 0.998473
-0.321871 0.307015 0.017784 0.517023 0.630270 0.579178
-0.339544 0.312114 0.016278 -0.455705 0.552182 0.698160
-0.330679 0.315826 0.012622 0.243608 0.903290 0.353161
-0.344261 0.316828 0.000173 -0.667844 0.744296 0.002726
-0.334324 0.319471 0.000167 0.163452 0.983289 -0.080159
-0.316762 0.289348 -0.015918 0.552148 -0.455698 -0.698192
-0.313063 0.298207 -0.012277 0.903262 0.243799 -0.353101
-0.321871 0.307015 -0.017440 0.630112 0.516693 -0.579645
-0.328153 0.300734 -0.022594 0.036405 0.040156 -0.998530
-0.330674 0.315821 -0.012285 0.323644 0.823131 -0.466595
-0.339542 0.312114 -0.015928 -0.445897 0.541530 -0.712686
-0.321871 0.307015 -0.000857 0.707158 0.707056 0.000000
-0.440639 0.130398 -0.038929 0.431781 0.174815 -0.884876
-0.445222 0.138241 -0.029651 0.120537 0.991041 0.057521
-0.435731 0.132655 -0.029232 0.888787 0.449827 0.087825
-0.441859 0.129671 -0.020830 0.958236 0.270880 0.091699
-0.459370 0.132456 -0.030958 0.420135 0.906018 0.051170
-0.462844 0.120145 -0.041422 -0.105508 -0.292354 -0.950472
-0.463899 0.119962 -0.023268 -0.193899 -0.382842 0.903236
-0.457857 0.114245 -0.031967 0.156062 -0.987727 -0.006353
-0.436607 0.124417 -0.029596 0.829378 -0.557013 0.043239
-0.470389 0.118477 -0.032858 -0.578995 -0.813897 -0.048342
-0.491112 0.147839 -0.031562 -0.913120 -0.391697 -0.113071
-0.469063 0.154996 -0.020875 0.907491 -0.419984 -0.008610
-0.445472 0.137748 -0.010432 0.080363 0.996680 0.013036
-0.440954 0.129591 -0.001382 0.362859 0.090419 0.927447
-0.434448 0.132541 -0.010432 0.908326 0.418004 0.014702
-0.459322 0.132482 -0.010432 -0.065721 0.925299 -0.373500
-0.466289 0.115443 -0.020613 -0.093294 -0.364629 -0.926468
-0.466295 0.115443 -0.000122 -0.498910 -0.450716 0.740232
-0.460918 0.111278 -0.010432 0.236242 -0.971690 0.002755
-0.437014 0.123222 -0.010432 0.786241 -0.617784 0.012942
-0.474978 0.114299 -0.010432 -0.523379 -0.852096 -0.002566
-0.496890 0.145876 -0.010432 -0.911947 -0.403099 -0.076574
-0.469063 0.154995 0.002637 0.768054 -0.430507 -0.474085
-0.444260 0.137127 0.010674 0.151591 0.988432 0.004804
-0.440838 0.128301 0.019957 0.394895 0.070472 0.916019
-0.433034 0.130618 0.009954 0.946725 0.321648 -0.015967
-0.440841 0.128301 0.000746 0.253410 0.294602 -0.921408
-0.459322 0.132480 0.011673 0.422702 0.906087 -0.018162
-0.473231 0.113483 0.023618 -0.132010 -0.325925 0.936134
-0.473168 0.113895 0.002166 -0.113953 -0.376651 -0.919320
-0.468949 0.106949 0.012304 0.082439 -0.986926 0.138494
-0.437321 0.120618 0.009916 0.649136 -0.738302 -0.183119
-0.483524 0.112852 0.012807 -0.647318 -0.761918 -0.021461
-0.499274 0.143753 0.012640 -0.958846 -0.281778 0.034855
-0.469063 0.154995 0.024567 0.858310 -0.509305 -0.062551
-0.462744 0.119069 0.048743 0.062263 -0.296984 0.952850
-0.492455 0.142719 0.038389 -0.890771 -0.419807 0.174040
-0.472941 0.113777 0.038572 -0.616894 -0.771779 0.154270
-0.466357 0.116814 0.025701 -0.188327 -0.411672 -0.891661
-0.459407 0.107822 0.036704 -0.005639 -0.997398 0.071864
-0.438727 0.118147 0.032248 0.656970 -0.744821 -0.116758
-0.442624 0.128777 0.021483 0.138186 0.338775 -0.930664
-0.433577 0.131800 0.031407 0.917998 0.340566 -0.203209
-0.437336 0.128582 0.043206 0.487405 0.352496 0.798863
-0.459322 0.132482 0.036355 0.432580 0.901581 0.005189
-0.444829 0.137791 0.033195 0.109038 0.993829 -0.020340
-0.436474 0.165625 -0.000472 0.245710 -0.932515 -0.264654
-0.442405 0.155856 0.023559 -0.335709 -0.915214 -0.222897
-0.406006 0.156322 0.039831 0.995421 -0.017106 0.094043
-0.410026 0.133608 0.044554 0.876989 -0.328124 0.351034
-0.423122 0.137900 0.028642 0.252726 -0.025199 -0.967210
-0.424883 0.155397 0.057970 0.126316 0.148624 0.980793
-0.428798 0.133832 0.058001 -0.300252 -0.466581 0.831956
-0.430966 0.107964 0.030023 -0.103332 -0.919100 0.380233
-0.415284 0.115243 0.025125 0.903655 -0.267166 -0.334710
-0.428570 0.109307 0.013686 -0.090130 -0.574030 -0.813859
-0.424223 0.126852 0.016638 0.188925 0.426698 -0.884441
-0.438892 0.121425 0.023051 -0.955275 0.015330 -0.295320
-0.438033 0.137626 0.050597 -0.931787 -0.156984 0.327305
-0.419901 0.152117 0.011841 0.297561 -0.690651 -0.659134
0.162111 0.167576 -0.177279 -0.670994 -0.316248 -0.670637
0.034850 0.167576 -0.049951 -0.671004 0.316204 -0.670648
0.172081 0.181677 -0.167309 -0.223677 0.948678 -0.223560
0.044821 0.181677 -0.039980 0.223677 0.948678 0.223560
0.182052 0.167576 -0.157338 0.671004 0.316204 0.670648
0.054791 0.167576 -0.030010 0.670994 -0.316248 0.670637
0.172081 0.153476 -0.167309 0.223656 -0.948688 0.223538
0.044821 0.153476 -0.039980 -0.223656 -0.948688 -0.223539
0.206875 0.141879 -0.201366 0.498936 -0.708592 -0.498960
0.188692 0.147724 -0.211408 -0.000865 -0.578254 -0.815856
0.213502 0.167684 -0.207993 0.707098 -0.002035 -0.707112
0.188733 0.167684 -0.219613 0.000006 -0.001788 -0.999998
0.188773 0.187642 -0.211490 0.000858 0.576442 -0.817138
0.206980 0.193342 -0.201471 0.501050 0.705619 -0.501049
0.163963 0.167684 -0.207993 -0.707112 -0.000005 -0.707102
0.170485 0.141953 -0.201366 -0.500219 -0.707110 -0.499776
0.188662 0.132655 -0.183152 -0.001271 -0.999998 0.001279
0.160467 0.147728 -0.183183 -0.817135 -0.576446 0.000863
0.170486 0.142026 -0.164976 -0.501037 -0.705625 0.501054
0.152343 0.167684 -0.183224 -0.999998 0.001767 -0.000007
0.163963 0.167684 -0.158454 -0.707103 0.002024 0.707107
0.160548 0.187642 -0.183264 -0.815863 0.578245 -0.000869
0.170590 0.193489 -0.165081 -0.498947 0.708592 0.498947
0.170590 0.193415 -0.201471 -0.499834 0.707106 -0.500166
0.188804 0.202713 -0.183295 0.001244 0.999998 -0.001244
0.216918 0.147724 -0.183183 0.815850 -0.578263 0.000862
0.225123 0.167684 -0.183223 0.999998 -0.001766 -0.000010
0.216999 0.187642 -0.183264 0.817126 0.576458 -0.000861
0.213503 0.167684 -0.158454 0.707092 0.000000 0.707121
0.206875 0.141953 -0.164976 0.499763 -0.707112 0.500229
0.188692 0.147728 -0.154958 -0.000859 -0.576440 0.817139
0.188733 0.167684 -0.146834 -0.000001 0.001767 0.999998
0.188773 0.187642 -0.155039 0.000866 0.578247 0.815862
0.206980 0.193415 -0.165081 0.500160 0.707115 0.499828
0.274652 0.022910 -0.183393 0.437273 0.899329 0.000003
0.267253 0.022910 -0.216170 0.353143 0.924523 -0.143343
0.216358 0.035292 -0.183393 0.382039 0.924145 -0.001486
0.299619 0.000000 -0.229946 0.788959 0.524122 -0.320685
0.249682 0.022909 -0.244686 0.281887 0.918601 -0.276969
0.310071 0.000000 -0.183393 0.955448 -0.295159 0.000454
0.299619 0.000000 -0.137039 0.790015 0.521871 0.321755
0.267253 0.022910 -0.150476 0.353929 0.924231 0.143289
0.221643 0.022909 -0.262567 0.145651 0.926662 -0.346530
0.189401 0.035375 -0.210062 0.000066 0.837369 -0.546638
0.235059 0.000000 -0.295752 0.328492 0.533459 -0.779432
0.189399 0.022909 -0.270116 -0.000050 0.903195 -0.429231
0.274758 0.000000 -0.270435 0.682462 -0.292475 -0.669853
0.157141 0.022910 -0.262567 -0.145783 0.926547 -0.346782
0.143839 0.000000 -0.295746 -0.329189 0.532609 -0.779719
0.129117 0.022910 -0.244687 -0.282714 0.918210 -0.277423
0.189399 0.000000 -0.306395 -0.000303 -0.290678 -0.956821
0.111531 0.022910 -0.216170 -0.354145 0.924084 -0.143706
0.162421 0.035262 -0.183393 -0.468279 0.877482 0.103629
0.079393 0.000000 -0.229941 -0.790833 0.520856 -0.321390
0.104253 0.000000 -0.270427 -0.682811 -0.293401 -0.669092
0.104147 0.022910 -0.183393 -0.438887 0.898542 0.000006
0.111531 0.022910 -0.150480 -0.354917 0.923792 0.143678
0.079393 0.000000 -0.137044 -0.791858 0.518621 0.322479
0.068941 0.000000 -0.183393 -0.955027 -0.296518 0.000453
0.129117 0.022910 -0.121902 -0.284748 0.916984 0.279391
0.157141 0.022910 -0.103976 -0.147317 0.924886 0.350548
0.189401 0.035364 -0.156129 0.106098 0.879406 0.464099
0.189399 0.022910 -0.096468 -0.000070 0.900630 0.434587
0.221643 0.022910 -0.103972 0.147139 0.924994 0.350337
0.249682 0.022910 -0.121895 0.283927 0.917375 0.278943
0.235059 0.000000 -0.071462 0.330596 0.524076 0.784889
0.274758 0.000000 -0.096778 0.680689 -0.295116 0.670500
0.143839 0.000000 -0.071467 -0.331328 0.523289 0.785105
0.189399 0.000000 -0.060819 -0.000292 -0.294609 0.955618
0.104253 0.000000 -0.096787 -0.681056 -0.296008 0.669732
0.189399 0.000000 -0.183445 0.000000 -1.000000 0.000000
0.172679 0.152890 -0.183331 -0.948683 0.000000 -0.316227
0.188615 0.152890 -0.199267 0.316228 0.000000 -0.948683
0.188615 0.054084 -0.199267 -0.316228 0.000000 -0.948683
0.204551 0.152890 -0.183331 0.948683 0.000000 0.316228
0.204551 0.054084 -0.183331 0.948683 0.000000 -0.316228
0.188615 0.152890 -0.167395 -0.316228 0.000000 0.948683
0.188615 0.054084 -0.167395 0.316228 0.000000 0.948683
0.172679 0.054084 -0.183331 -0.948683 0.000000 0.316227
0.209246 0.433826 -0.015944 -0.227105 -0.227105 -0.947020
0.220326 0.444904 0.000000 0.671972 0.671968 -0.311307
0.332737 0.310333 -0.015944 0.413788 0.206580 -0.886625
0.321659 0.299251 0.000000 -0.528783 -0.733764 -0.426590
0.198166 0.422744 0.000000 -0.671968 -0.671965 0.311323
0.343819 0.321411 0.000000 0.894557 0.446607 0.017624
0.333651 0.297203 0.000000 0.864489 -0.360865 -0.349908
0.339759 0.303311 -0.008790 0.958722 0.130930 -0.252408
0.345867 0.309419 0.000000 0.951979 -0.260972 0.160089
0.339759 0.303311 0.008790 0.866520 -0.337883 0.367394
0.332737 0.310333 0.015944 0.214586 -0.240332 0.946675
0.162111 0.167576 0.177279 -0.670994 -0.316248 0.670637
0.172081 0.181677 0.167309 -0.223678 0.948678 0.223560
0.034850 0.167576 0.049951 -0.671004 0.316204 0.670648
0.044821 0.181677 0.039980 0.223677 0.948678 -0.223559
0.182052 0.167576 0.157338 0.671004 0.316205 -0.670647
0.054791 0.167576 0.030010 0.670994 -0.316248 -0.670637
0.172081 0.153476 0.167309 0.223656 -0.948688 -0.223539
0.044821 0.153476 0.039980 -0.223656 -0.948688 0.223539
0.209246 0.433826 0.015944 0.227141 0.227141 0.947003
0.206875 0.141879 0.201366 0.498936 -0.708592 0.498960
0.213502 0.167684 0.207993 0.707098 -0.002035 0.707112
0.188692 0.147724 0.211408 -0.000865 -0.578254 0.815856
0.188733 0.167684 0.219613 0.000006 -0.001788 0.999998
0.188773 0.187642 0.211490 0.000868 0.576439 0.817139
0.206980 0.193342 0.201471 0.501050 0.705619 0.501049
0.163963 0.167684 0.207993 -0.707112 -0.000008 0.707102
0.170485 0.141953 0.201366 -0.500219 -0.707110 0.499776
0.188662 0.132655 0.183152 -0.001271 -0.999998 -0.001278
0.160467 0.147728 0.183183 -0.817135 -0.576446 -0.000863
0.170486 0.142026 0.164976 -0.501037 -0.705625 -0.501054
0.152343 0.167684 0.183224 -0.999998 0.001767 0.000007
0.163963 0.167684 0.158454 -0.707103 0.002024 -0.707107
0.160548 0.187642 0.183264 -0.815864 0.578243 0.000859
0.170590 0.193489 0.165081 -0.498947 0.708592 -0.498947
0.170590 0.193416 0.201471 -0.499830 0.707113 0.500161
0.188804 0.202713 0.183295 0.001244 0.999998 0.001244
0.216918 0.147724 0.183183 0.815850 -0.578263 -0.000862
0.225123 0.167684 0.183223 0.999998 -0.001766 0.000010
0.216999 0.187642 0.183264 0.817128 0.576456 0.000872
0.213503 0.167684 0.158454 0.707092 -0.000003 -0.707121
0.206875 0.141953 0.164976 0.499763 -0.707112 -0.500229
0.188692 0.147728 0.154958 -0.000859 -0.576440 -0.817139
0.188733 0.167684 0.146834 -0.000001 0.001767 -0.999998
0.188773 0.187642 0.155039 0.000855 0.578244 -0.815863
0.206980 0.193416 0.165081 0.500156 0.707122 -0.499823
0.249682 0.022909 0.244686 0.281887 0.918601 0.276969
0.267253 0.022910 0.216170 0.353143 0.924523 0.143343
0.216358 0.035292 0.183393 0.382039 0.924145 0.001486
0.299619 0.000000 0.229946 0.788959 0.524122 0.320685
0.274652 0.022910 0.183393 0.437273 0.899329 -0.000003
0.274758 0.000000 0.270435 0.682462 -0.292475 0.669853
0.189399 0.022909 0.270116 -0.000050 0.903195 0.429231
0.221643 0.022909 0.262567 0.145651 0.926662 0.346530
0.189401 0.035375 0.210062 0.000066 0.837369 0.546638
0.235059 0.000000 0.295752 0.328492 0.533460 0.779432
0.189399 0.000000 0.306395 -0.000303 -0.290678 0.956821
0.129117 0.022910 0.244687 -0.282714 0.918210 0.277423
0.157141 0.022910 0.262567 -0.145783 0.926547 0.346782
0.143839 0.000000 0.295746 -0.329189 0.532609 0.779719
0.104253 0.000000 0.270427 -0.682811 -0.293401 0.669092
0.079393 0.000000 0.229941 -0.790833 0.520856 0.321390
0.111531 0.022910 0.216170 -0.354145 0.924084 0.143706
0.104147 0.022910 0.183393 -0.438887 0.898542 -0.000006
0.162421 0.035262 0.183393 -0.468280 0.877482 -0.103629
0.111531 0.022910 0.150480 -0.354917 0.923792 -0.143678
0.079393 0.000000 0.137044 -0.791858 0.518621 -0.322479
0.068941 0.000000 0.183393 -0.955027 -0.296518 -0.000453
0.129117 0.022910 0.121902 -0.284748 0.916984 -0.279391
0.157141 0.022910 0.103976 -0.147317 0.924886 -0.350548
0.143839 0.000000 0.071467 -0.331328 0.523289 -0.785105
0.104253 0.000000 0.096787 -0.681056 -0.296008 -0.669732
0.189399 0.022910 0.096468 -0.000070 0.900630 -0.434587
0.189401 0.035364 0.156129 0.106098 0.879406 -0.464099
0.235059 0.000000 0.071462 0.330596 0.524076 -0.784889
0.221643 0.022910 0.103972 0.147139 0.924994 -0.350337
0.189399 0.000000 0.060819 -0.000292 -0.294609 -0.955618
0.249682 0.022910 0.121895 0.283927 0.917375 -0.278943
0.267253 0.022910 0.150476 0.353929 0.924231 -0.143289
0.299619 0.000000 0.137039 0.790015 0.521871 -0.321755
0.274758 0.000000 0.096778 0.680689 -0.295116 -0.670500
0.310071 0.000000 0.183393 0.955448 -0.295159 -0.000454
0.189399 0.000000 0.183397 0.000000 -1.000000 0.000000
0.172679 0.152890 0.183331 -0.948683 0.000000 0.316227
0.188615 0.054084 0.199267 -0.316228 0.000000 0.948683
0.188615 0.152890 0.199267 0.316228 0.000000 0.948683
0.204551 0.054084 0.183331 0.948683 0.000000 0.316228
0.204551 0.152890 0.183331 0.948683 0.000000 -0.316228
0.188615 0.152890 0.167395 -0.316228 0.000000 -0.948683
0.188615 0.054084 0.167395 0.316228 0.000000 -0.948683
0.172679 0.054084 0.183331 -0.948683 0.000000 -0.316227
0.081823 0.241252 -0.071036 0.707685 -0.176627 -0.684094
0.093733 0.219556 -0.081873 0.576114 0.485651 -0.657446
0.006598 0.241251 -0.104151 -0.029360 0.014461 -0.999464
0.006598 0.220386 -0.118898 0.000000 0.512253 -0.858835
0.131685 0.221807 0.000000 0.875768 0.474985 -0.086137
0.120117 0.241243 0.000000 0.949251 -0.312849 0.032377
0.093733 0.219556 0.081873 0.641461 0.474651 0.602689
0.081823 0.241252 0.071036 0.623893 -0.260611 0.736776
0.006598 0.220386 0.118898 0.000000 0.539908 0.841724
0.006598 0.241251 0.104151 0.023340 0.337865 0.940905
-0.176203 0.000000 -0.060819 0.000292 -0.294609 0.955618
-0.176203 0.000000 -0.183445 0.000000 -1.000000 0.000000
-0.130643 0.000000 -0.071467 0.331328 0.523289 0.785105
-0.091057 0.000000 -0.096787 0.681056 -0.296008 0.669732
-0.066197 0.000000 -0.137044 0.791858 0.518621 0.322479
-0.055745 0.000000 -0.183393 0.955027 -0.296518 0.000453
-0.066197 0.000000 -0.229941 0.790833 0.520856 -0.321390
-0.091057 0.000000 -0.270427 0.682811 -0.293400 -0.669092
-0.130643 0.000000 -0.295746 0.329189 0.532609 -0.779719
-0.176203 0.000000 -0.306395 0.000303 -0.290678 -0.956821
-0.176203 0.000000 0.060819 0.000292 -0.294609 -0.955618
-0.130643 0.000000 0.071467 0.331328 0.523289 -0.785105
-0.176203 0.000000 0.183397 0.000000 -1.000000 0.000000
-0.091057 0.000000 0.096787 0.681056 -0.296008 -0.669732
-0.066197 0.000000 0.137044 0.791858 0.518621 -0.322479
-0.055745 0.000000 0.183393 0.955027 -0.296518 -0.000453
-0.066197 0.000000 0.229941 0.790833 0.520856 0.321390
-0.091057 0.000000 0.270427 0.682811 -0.293400 0.669092
-0.130643 0.000000 0.295746 0.329189 0.532609 0.779719
-0.176203 0.000000 0.306395 0.000303 -0.290678 0.956821
-0.296875 0.000000 -0.183393 -0.955448 -0.295160 0.000454
-0.286423 0.000000 -0.229946 -0.788959 0.524123 -0.320685
-0.261562 0.000000 -0.270435 -0.682462 -0.292475 -0.669853
-0.286423 0.000000 -0.137039 -0.790015 0.521871 0.321756
-0.261562 0.000000 -0.096778 -0.680689 -0.295116 0.670500
-0.221863 0.000000 -0.295752 -0.328492 0.533459 -0.779432
-0.221863 0.000000 -0.071462 -0.330596 0.524076 0.784889
-0.039026 0.109908 0.000000 -0.301710 -0.953400 0.000000
-0.021903 0.110814 0.026601 -0.350118 -0.872084 0.341887
-0.069210 0.131926 0.043833 -0.333205 -0.729389 0.597466
-0.084649 0.130175 0.000000 -0.555718 -0.831371 0.000000
0.006598 0.102334 0.000000 0.000000 -1.000000 0.000000
-0.125308 0.169122 0.000000 -0.857508 -0.514471 0.000000
-0.096847 0.186071 0.067370 -0.583912 -0.428441 0.689554
0.006598 0.110159 0.048782 0.000000 -0.957138 0.289631
-0.128744 0.195285 0.000000 -0.983837 0.179068 0.000000
-0.084526 0.200377 0.090230 -0.695883 -0.105413 0.710376
-0.080537 0.219556 0.081873 -0.641461 0.474651 0.602689
0.006598 0.202403 0.127797 0.000000 0.384502 0.923124
-0.059570 0.186080 0.107111 -0.696905 -0.319804 0.641910
0.006598 0.184061 0.131885 0.000000 -0.320205 0.947348
-0.031861 0.131926 0.080651 -0.634652 -0.679138 0.368767
0.006598 0.130676 0.097564 0.000000 -0.770615 0.637301
-0.118489 0.221807 0.000000 -0.875768 0.474985 -0.086137
-0.021903 0.110814 -0.026601 -0.350118 -0.872084 -0.341887
0.006598 0.110159 -0.048782 -0.000000 -0.957138 -0.289631
-0.069210 0.131926 -0.043833 -0.333205 -0.729389 -0.597466
-0.096847 0.186071 -0.067370 -0.583912 -0.428441 -0.689554
-0.084526 0.200377 -0.090230 -0.695883 -0.105413 -0.710376
-0.080537 0.219556 -0.081873 -0.576114 0.485652 -0.657446
0.006598 0.202403 -0.127797 0.000000 0.384502 -0.923124
-0.059570 0.186080 -0.107111 -0.696905 -0.319804 -0.641910
0.006598 0.184061 -0.131885 0.000000 -0.320205 -0.947348
-0.031861 0.131926 -0.080651 -0.634652 -0.679138 -0.368767
0.006598 0.130676 -0.097564 0.000000 -0.770615 -0.637301
-0.068627 0.241252 0.071036 -0.634010 0.337448 0.695816
-0.106921 0.241243 0.000000 -0.988513 0.134280 0.069354
-0.028856 0.167045 0.045258 -0.523858 -0.687320 0.503155
-0.068627 0.241252 -0.071036 -0.698934 0.120567 -0.704950
-0.028856 0.167045 -0.045258 -0.523858 -0.687320 -0.503155
-0.326563 0.303311 -0.008790 -0.958722 0.130930 -0.252407
-0.330623 0.321411 0.000000 -0.894557 0.446606 0.017625
-0.319541 0.310333 -0.015944 -0.413789 0.206580 -0.886625
-0.320455 0.297203 0.000000 -0.864489 -0.360864 -0.349907
-0.308463 0.299251 0.000000 0.528783 -0.733764 -0.426590
-0.332671 0.309419 0.000000 -0.951980 -0.260972 0.160089
-0.319541 0.310333 0.015944 -0.214587 -0.240332 0.946675
-0.326563 0.303311 0.008790 -0.866521 -0.337882 0.367393
0.006598 0.259614 0.000000 -0.118785 0.991939 0.044134
-0.207130 0.444904 0.000000 -0.671972 0.671969 -0.311307
-0.196050 0.433826 -0.015944 0.227105 -0.227105 -0.947020
-0.184970 0.422744 0.000000 0.671968 -0.671965 0.311323
-0.196050 0.433826 0.015944 -0.227141 0.227141 0.947002
-0.200189 0.508547 0.058152 -0.259632 0.674498 0.691117
-0.187259 0.532479 0.026352 -0.020049 0.941407 0.336677
-0.215780 0.524143 0.024364 0.003325 0.830627 0.556820
-0.153749 0.502495 0.064611 0.143354 0.723431 0.675350
-0.144008 0.518735 0.035263 0.303673 0.894024 0.329399
-0.106630 0.502501 0.040939 -0.427578 0.866907 0.256223
-0.101699 0.509702 -0.014416 -0.281148 0.942345 -0.181497
-0.140284 0.529355 -0.018094 0.284510 0.944881 -0.162029
-0.143280 0.505098 -0.059640 0.299114 0.745293 -0.595877
-0.194173 0.520140 -0.054509 -0.158599 0.776089 -0.610354
-0.106630 0.482973 -0.063422 -0.540781 0.695323 -0.473373
-0.152386 0.477479 -0.086066 0.127863 0.449175 -0.884247
-0.206059 0.485633 -0.078727 -0.301786 0.373419 -0.877202
-0.125745 0.439277 -0.090171 -0.542875 0.462028 -0.701297
-0.173621 0.434523 -0.094036 -0.148320 0.014489 -0.988833
-0.226567 0.440545 -0.077960 -0.533989 -0.015924 -0.845341
-0.153604 0.389478 -0.091986 -0.665087 0.170895 -0.726948
-0.201241 0.395651 -0.076291 -0.408178 -0.346509 -0.844584
-0.172768 0.365517 -0.071084 -0.856994 0.071288 -0.510372
-0.221877 0.370061 -0.049461 -0.676524 -0.687819 -0.263099
-0.192603 0.341665 -0.028182 -0.983690 -0.000977 -0.179872
-0.256278 0.409242 -0.044569 -0.789862 -0.495194 -0.361804
-0.245528 0.485255 -0.050338 -0.709225 0.405036 -0.577015
-0.242743 0.512965 -0.022609 -0.530141 0.494463 -0.688808
-0.256552 0.498885 -0.011052 -0.917533 0.167093 -0.360852
-0.268353 0.471584 -0.007283 -0.939881 0.330071 -0.087615
-0.258432 0.448551 -0.046120 -0.839160 0.107195 -0.533217
-0.278892 0.439945 -0.001363 -0.965261 -0.256719 0.048645
-0.257381 0.490450 0.010222 -0.973298 0.045297 0.225033
-0.258432 0.468822 0.034125 -0.851362 0.295805 0.433223
-0.247574 0.497249 0.029764 -0.690100 0.132700 0.711444
-0.256278 0.426944 0.050021 -0.792014 -0.305730 0.528435
-0.227385 0.467715 0.067033 -0.541449 0.311475 0.780907
-0.200569 0.426286 0.084512 -0.406548 -0.012521 0.913544
-0.221877 0.392180 0.068751 -0.667051 -0.540090 0.513172
-0.170248 0.395762 0.090554 -0.759950 0.107704 0.640996
-0.192603 0.358012 0.059179 -0.913127 -0.181348 0.365119
-0.149404 0.429862 0.101377 -0.421184 0.347069 0.837942
-0.173055 0.469488 0.088236 -0.148006 0.380923 0.912684
-0.229937 0.510163 0.035513 -0.294322 0.440269 0.848256
-0.125745 0.471434 0.081678 -0.255541 0.680547 0.686699
-0.213126 0.530629 0.002386 0.079606 0.995811 0.044978
-0.188224 0.536487 -0.018171 -0.067479 0.989623 -0.126854
-0.226549 0.527722 -0.016156 -0.123973 0.863218 -0.489372
-0.315646 0.600966 0.031464 -0.649775 0.732427 0.203332
-0.212687 0.414224 0.000150 -0.764073 -0.631765 0.130635
-0.200542 0.341855 0.016992 -0.964296 0.260486 -0.047748
-0.125514 0.407788 0.009825 -0.861212 0.508146 0.010073
0.260769 0.497249 0.029764 0.690094 0.132707 0.711449
0.240581 0.467715 0.067033 0.541451 0.311474 0.780906
0.271628 0.468822 0.034125 0.851358 0.295813 0.433226
0.243133 0.510163 0.035513 0.294329 0.440267 0.848255
0.269474 0.426944 0.050021 0.792010 -0.305734 0.528438
0.292088 0.439945 -0.001363 0.965261 -0.256719 0.048645
0.281549 0.471584 -0.007283 0.939881 0.330071 -0.087616
0.213764 0.426286 0.084512 0.406548 -0.012523 0.913543
0.186251 0.469488 0.088236 0.148007 0.380921 0.912685
0.162600 0.429862 0.101377 0.182003 0.167141 0.968989
0.138941 0.471434 0.081678 -0.024695 0.621661 0.782897
0.183444 0.395762 0.090554 0.738595 0.127364 0.662009
0.235072 0.392180 0.068751 0.667051 -0.540087 0.513175
0.213385 0.508547 0.058152 0.259632 0.674498 0.691117
0.166945 0.502495 0.064611 -0.143354 0.723431 0.675350
0.228976 0.524143 0.024364 -0.003325 0.830627 0.556820
0.270577 0.490450 0.010222 0.973294 0.045304 0.225046
0.269748 0.498885 -0.011052 0.917532 0.167093 -0.360852
0.205799 0.358012 0.059179 0.966983 -0.007002 0.254743
0.119826 0.502501 0.040939 0.262752 0.903471 0.338677
0.157204 0.518735 0.035263 -0.303673 0.894024 0.329399
0.200455 0.532479 0.026352 0.020049 0.941407 0.336677
0.153480 0.529355 -0.018094 -0.284510 0.944881 -0.162029
0.226322 0.530629 0.002386 -0.079606 0.995811 0.044978
0.114895 0.509702 -0.014416 0.281148 0.942345 -0.181497
0.201420 0.536487 -0.018171 0.067479 0.989623 -0.126854
0.239745 0.527722 -0.016156 0.123973 0.863218 -0.489372
0.207369 0.520140 -0.054509 0.158599 0.776089 -0.610354
0.255939 0.512965 -0.022609 0.530141 0.494463 -0.688808
0.258724 0.485255 -0.050338 0.709224 0.405033 -0.577017
0.219255 0.485633 -0.078727 0.301790 0.373413 -0.877203
0.239763 0.440545 -0.077959 0.533989 -0.015925 -0.845342
0.271628 0.448551 -0.046120 0.839157 0.107194 -0.533222
0.269474 0.409242 -0.044569 0.789859 -0.495196 -0.361808
0.214437 0.395651 -0.076291 0.408181 -0.346508 -0.844583
0.186817 0.434523 -0.094036 0.148326 0.014488 -0.988832
0.165582 0.477479 -0.086066 -0.127863 0.449175 -0.884247
0.166800 0.389478 -0.091986 0.665087 0.170895 -0.726948
0.138941 0.439277 -0.090171 0.542875 0.462028 -0.701297
0.185964 0.365517 -0.071084 0.856994 0.071288 -0.510371
0.235072 0.370061 -0.049461 0.676523 -0.687819 -0.263099
0.156476 0.505098 -0.059640 -0.299114 0.745293 -0.595877
0.119826 0.482973 -0.063422 0.540781 0.695323 -0.473373
0.205799 0.341665 -0.028182 0.983689 -0.000976 -0.179873
0.138710 0.407788 0.009825 0.789506 0.604100 0.108365
0.213738 0.341855 0.016992 0.964296 0.260486 -0.047748
0.225883 0.414224 0.000150 0.764073 -0.631765 0.130634
0.328842 0.600966 0.031464 0.649770 0.732427 0.203346
0.045057 0.131926 0.080651 0.634652 -0.679138 0.368767
0.035099 0.110814 0.026601 0.350118 -0.872084 0.341887
0.072766 0.186080 0.107111 0.696905 -0.319804 0.641910
0.097722 0.200377 0.090230 0.695883 -0.105413 0.710376
0.141940 0.195285 0.000000 0.983837 0.179068 0.000000
0.110043 0.186071 0.067370 0.583912 -0.428441 0.689554
0.138504 0.169122 0.000000 0.857508 -0.514471 -0.000000
0.082406 0.131926 0.043833 0.333205 -0.729389 0.597466
0.097845 0.130175 0.000000 0.555718 -0.831371 -0.000000
0.052222 0.109908 0.000000 0.301710 -0.953400 -0.000000
0.035099 0.110814 -0.026601 0.350118 -0.872084 -0.341887
0.082406 0.131926 -0.043833 0.333205 -0.729389 -0.597466
0.110043 0.186071 -0.067370 0.583912 -0.428441 -0.689554
0.097722 0.200377 -0.090230 0.695883 -0.105413 -0.710376
0.072766 0.186080 -0.107111 0.696905 -0.319804 -0.641910
0.045057 0.131926 -0.080651 0.634652 -0.679138 -0.368767
0.042052 0.167045 -0.045258 0.523858 -0.687320 -0.503155
0.042052 0.167045 0.045258 0.523858 -0.687320 0.503155
-0.158885 0.181677 -0.167309 0.223677 0.948678 -0.223560
-0.021654 0.167576 -0.049951 0.671004 0.316205 -0.670648
-0.148915 0.167576 -0.177279 0.670994 -0.316248 -0.670637
-0.031625 0.181677 -0.039980 -0.223677 0.948678 0.223560
-0.168856 0.167576 -0.157338 -0.671004 0.316205 0.670648
-0.041595 0.167576 -0.030010 -0.670994 -0.316248 0.670637
-0.158885 0.153476 -0.167309 -0.223656 -0.948688 0.223539
-0.031625 0.153476 -0.039980 0.223656 -0.948688 -0.223539
-0.200306 0.167684 -0.207993 -0.707098 -0.002035 -0.707112
-0.175496 0.147724 -0.211408 0.000865 -0.578254 -0.815856
-0.193679 0.141879 -0.201366 -0.498936 -0.708592 -0.498959
-0.175537 0.167684 -0.219613 -0.000006 -0.001788 -0.999998
-0.175577 0.187642 -0.211490 -0.000858 0.576442 -0.817138
-0.193784 0.193342 -0.201471 -0.501050 0.705619 -0.501050
-0.150767 0.167684 -0.207993 0.707112 -0.000004 -0.707102
-0.157289 0.141953 -0.201366 0.500219 -0.707110 -0.499776
-0.175466 0.132655 -0.183152 0.001271 -0.999998 0.001278
-0.147271 0.147728 -0.183183 0.817135 -0.576446 0.000863
-0.157290 0.142026 -0.164976 0.501038 -0.705625 0.501054
-0.139147 0.167684 -0.183224 0.999998 0.001766 -0.000007
-0.150767 0.167684 -0.158454 0.707103 0.002024 0.707107
-0.147352 0.187642 -0.183264 0.815863 0.578245 -0.000869
-0.157394 0.193489 -0.165081 0.498947 0.708592 0.498947
-0.157394 0.193415 -0.201471 0.499834 0.707107 -0.500166
-0.175608 0.202713 -0.183295 -0.001244 0.999998 -0.001244
-0.203722 0.147724 -0.183183 -0.815850 -0.578263 0.000862
-0.211927 0.167684 -0.183223 -0.999998 -0.001766 -0.000010
-0.203803 0.187642 -0.183264 -0.817126 0.576458 -0.000861
-0.200307 0.167684 -0.158454 -0.707092 0.000000 0.707121
-0.193679 0.141953 -0.164976 -0.499763 -0.707112 0.500229
-0.175496 0.147728 -0.154958 0.000859 -0.576440 0.817139
-0.175537 0.167684 -0.146834 0.000001 0.001767 0.999998
-0.175577 0.187642 -0.155039 -0.000866 0.578247 0.815862
-0.193784 0.193415 -0.165081 -0.500160 0.707115 0.499828
-0.236486 0.022909 -0.244686 -0.281887 0.918601 -0.276969
-0.254057 0.022910 -0.216170 -0.353143 0.924523 -0.143343
-0.203162 0.035292 -0.183393 -0.382039 0.924145 -0.001486
-0.261456 0.022910 -0.183393 -0.437273 0.899329 0.000003
-0.176205 0.035375 -0.210062 -0.000066 0.837369 -0.546638
-0.176203 0.022909 -0.270116 0.000050 0.903195 -0.429231
-0.208447 0.022909 -0.262567 -0.145651 0.926662 -0.346530
-0.115921 0.022910 -0.244687 0.282715 0.918210 -0.277423
-0.143945 0.022910 -0.262567 0.145783 0.926547 -0.346782
-0.149225 0.035262 -0.183393 0.468279 0.877482 0.103629
-0.098335 0.022910 -0.216170 0.354145 0.924083 -0.143706
-0.090951 0.022910 -0.183393 0.438887 0.898542 0.000006
-0.098335 0.022910 -0.150480 0.354917 0.923792 0.143678
-0.115921 0.022910 -0.121902 0.284748 0.916984 0.279391
-0.176205 0.035364 -0.156129 -0.106098 0.879406 0.464099
-0.143945 0.022910 -0.103976 0.147317 0.924886 0.350548
-0.176203 0.022910 -0.096468 0.000070 0.900630 0.434587
-0.208447 0.022910 -0.103972 -0.147139 0.924994 0.350337
-0.236486 0.022910 -0.121895 -0.283927 0.917375 0.278943
-0.254057 0.022910 -0.150476 -0.353929 0.924231 0.143289
-0.191355 0.152890 -0.183331 -0.948683 0.000000 0.316228
-0.191355 0.054084 -0.183331 -0.948683 0.000000 -0.316228
-0.175419 0.054084 -0.167395 -0.316228 0.000000 0.948683
-0.175419 0.152890 -0.167395 0.316228 0.000000 0.948683
-0.021654 0.167576 0.049951 0.671004 0.316204 0.670648
-0.158885 0.181677 0.167309 0.223677 0.948678 0.223560
-0.148915 0.167576 0.177279 0.670994 -0.316248 0.670637
-0.031625 0.181677 0.039980 -0.223677 0.948678 -0.223560
-0.168856 0.167576 0.157338 -0.671004 0.316205 -0.670648
-0.041595 0.167576 0.030010 -0.670994 -0.316248 -0.670637
-0.158885 0.153476 0.167309 -0.223656 -0.948688 -0.223539
-0.031625 0.153476 0.039980 0.223656 -0.948688 0.223539
-0.175496 0.147724 0.211408 0.000865 -0.578254 0.815856
-0.200306 0.167684 0.207993 -0.707098 -0.002035 0.707112
-0.193679 0.141879 0.201366 -0.498936 -0.708592 0.498959
-0.175537 0.167684 0.219613 -0.000006 -0.001788 0.999998
-0.175577 0.187642 0.211490 -0.000868 0.576439 0.817139
-0.193784 0.193342 0.201471 -0.501050 0.705619 0.501050
-0.150767 0.167684 0.207993 0.707112 -0.000008 0.707102
-0.157289 0.141953 0.201366 0.500219 -0.707110 0.499776
-0.175466 0.132655 0.183152 0.001271 -0.999998 -0.001278
-0.147271 0.147728 0.183183 0.817135 -0.576446 -0.000863
-0.157290 0.142026 0.164976 0.501037 -0.705625 -0.501054
-0.139147 0.167684 0.183224 0.999998 0.001766 0.000007
-0.150767 0.167684 0.158454 0.707103 0.002024 -0.707107
-0.147352 0.187642 0.183264 0.815864 0.578243 0.000859
-0.157394 0.193489 0.165081 0.498947 0.708592 -0.498947
-0.157394 0.193416 0.201471 0.499830 0.707113 0.500161
-0.175608 0.202713 0.183295 -0.001244 0.999998 0.001244
-0.203722 0.147724 0.183183 -0.815850 -0.578263 -0.000862
-0.211927 0.167684 0.183223 -0.999998 -0.001766 0.000010
-0.203803 0.187642 0.183264 -0.817128 0.576456 0.000872
-0.200307 0.167684 0.158454 -0.707092 -0.000003 -0.707121
-0.193679 0.141953 0.164976 -0.499763 -0.707112 -0.500229
-0.175496 0.147728 0.154958 0.000859 -0.576440 -0.817139
-0.175537 0.167684 0.146834 0.000001 0.001767 -0.999998
-0.175577 0.187642 0.155039 -0.000855 0.578244 -0.815863
-0.193784 0.193416 0.165081 -0.500156 0.707122 -0.499823
-0.261456 0.022910 0.183393 -0.437273 0.899329 -0.000003
-0.254057 0.022910 0.216170 -0.353143 0.924523 0.143343
-0.203162 0.035292 0.183393 -0.382039 0.924145 0.001486
-0.286423 0.000000 0.229946 -0.788959 0.524123 0.320685
-0.236486 0.022909 0.244686 -0.281887 0.918601 0.276969
-0.296875 0.000000 0.183393 -0.955448 -0.295159 -0.000454
-0.286423 0.000000 0.137039 -0.790015 0.521871 -0.321756
-0.254057 0.022910 0.150476 -0.353929 0.924231 -0.143289
-0.208447 0.022909 0.262567 -0.145651 0.926662 0.346530
-0.176205 0.035375 0.210062 -0.000066 0.837369 0.546638
-0.221863 0.000000 0.295752 -0.328492 0.533459 0.779432
-0.176203 0.022909 0.270116 0.000050 0.903195 0.429231
-0.261562 0.000000 0.270435 -0.682462 -0.292475 0.669853
-0.143945 0.022910 0.262567 0.145783 0.926547 0.346782
-0.115921 0.022910 0.244687 0.282714 0.918210 0.277423
-0.098335 0.022910 0.216170 0.354145 0.924084 0.143706
-0.149225 0.035262 0.183393 0.468280 0.877482 -0.103629
-0.090951 0.022910 0.183393 0.438887 0.898542 -0.000006
-0.098335 0.022910 0.150480 0.354917 0.923792 -0.143678
-0.115921 0.022910 0.121902 0.284748 0.916984 -0.279391
-0.143945 0.022910 0.103976 0.147317 0.924886 -0.350548
-0.176205 0.035364 0.156129 -0.106098 0.879406 -0.464099
-0.176203 0.022910 0.096468 0.000070 0.900630 -0.434587
-0.208447 0.022910 0.103972 -0.147139 0.924994 -0.350337
-0.236486 0.022910 0.121895 -0.283927 0.917375 -0.278943
-0.221863 0.000000 0.071462 -0.330596 0.524076 -0.784889
-0.261562 0.000000 0.096778 -0.680689 -0.295116 -0.670500
-0.159483 0.152890 0.183331 0.948683 0.000000 0.316228
-0.175419 0.054084 0.199267 0.316228 0.000000 0.948683
-0.159483 0.054084 0.183331 0.948683 0.000000 -0.316228
-0.175419 0.152890 0.199267 -0.316228 0.000000 0.948683
-0.191355 0.054084 0.183331 -0.948683 0.000000 0.316228
-0.191355 0.152890 0.183331 -0.948683 0.000000 -0.316228
-0.175419 0.152890 0.167395 0.316228 0.000000 -0.948683
-0.175419 0.054084 0.167395 -0.316228 0.000000 -0.948683
-0.136756 0.618113 -0.180858 -0.904494 0.315152 -0.287350
-0.129974 0.621285 -0.183117 0.105759 0.775743 -0.622123
-0.081798 0.475124 -0.202018 -0.857334 -0.265297 -0.441131
-0.065732 0.455758 -0.208046 0.412218 0.290058 -0.863680
-0.134208 0.617928 -0.173467 -0.521331 0.286586 0.803792
-0.069967 0.452401 -0.198396 -0.369292 -0.276922 0.887095
-0.072467 0.478108 -0.196885 0.838290 0.251512 0.483747
-0.127425 0.621100 -0.175725 0.478399 0.742751 0.468460
-0.190732 0.605163 -0.137230 -0.862001 0.084337 0.499841
-0.189625 0.607123 -0.144720 -0.958026 0.280820 -0.057668
-0.109916 0.468054 -0.161363 -0.700104 -0.501503 0.508280
-0.096648 0.448887 -0.172588 -0.695742 -0.499684 0.516003
-0.184019 0.608688 -0.135315 0.123917 0.607696 0.784443
-0.091042 0.450449 -0.163183 0.493125 0.138489 0.858865
-0.102097 0.473539 -0.166937 0.851532 0.455484 0.259669
-0.182912 0.610648 -0.142805 0.288287 0.901794 -0.321960
0.065095 0.251117 -0.275515 0.143890 -0.439203 -0.886790
0.102941 0.269674 -0.257267 0.675884 -0.162699 -0.718826
0.066958 0.241618 -0.215718 0.493081 -0.856698 -0.151458
0.120636 0.272380 -0.214968 0.979925 -0.082722 -0.181395
0.029267 0.227580 -0.259022 -0.304433 -0.750265 -0.586876
0.016444 0.212850 -0.217449 -0.406449 -0.913658 0.005223
0.071985 0.234113 -0.156901 0.429598 -0.557171 0.710638
0.034139 0.215556 -0.175149 -0.102404 -0.833677 0.542674
0.107814 0.257650 -0.173395 0.877911 -0.246119 0.410730
-0.160385 0.520077 -0.163134 -0.961312 0.255779 -0.102252
-0.142690 0.522783 -0.120834 -0.864678 0.216020 0.453507
-0.079441 0.497192 -0.174759 -0.486883 0.857253 0.167517
-0.147563 0.534806 -0.204707 -0.684668 0.489533 -0.539988
-0.111734 0.558345 -0.221200 -0.199394 0.778110 -0.595640
-0.073888 0.576901 -0.202952 0.203112 0.949139 -0.240586
-0.104844 0.541341 -0.102586 -0.457798 0.390525 0.798694
-0.069016 0.564878 -0.119080 0.018444 0.674970 0.737614
-0.056193 0.579609 -0.160653 0.290732 0.905278 0.309752
-0.100988 0.544098 -0.190923 0.922052 0.385542 -0.034306
-0.088080 0.586488 -0.203368 0.537252 0.078088 0.839799
-0.132091 0.619607 -0.178292 0.924025 0.379807 -0.043866
-0.119184 0.667559 -0.190737 0.535296 0.074283 0.841392
-0.110034 0.569077 -0.153337 0.924762 0.376566 -0.054883
-0.141137 0.650148 -0.140706 0.927001 0.367397 -0.075428
-0.140954 0.564380 -0.201401 0.382836 0.303643 -0.872490
-0.172057 0.639889 -0.188770 0.382836 0.303643 -0.872489
-0.186822 0.607905 -0.140017 -0.459025 -0.870214 -0.178954
-0.175205 0.562152 -0.177889 -0.770688 -0.510902 0.380814
-0.146076 0.537113 -0.152533 0.854780 0.510261 -0.094785
-0.215951 0.632947 -0.165374 -0.770701 -0.510893 0.380799
-0.177257 0.551034 -0.121672 0.734891 0.316995 0.599541
-0.218004 0.621826 -0.109157 0.734882 0.316997 0.599552
-0.133064 0.580329 -0.143509 0.030855 0.184545 -0.982340
-0.173810 0.656686 -0.130994 0.025907 0.175137 -0.984203
0.392755 0.300424 0.000000 0.599600 0.800300 -0.000003
0.383301 0.305456 0.000000 0.469851 0.882746 -0.000007
0.072184 0.304253 0.098421 0.117268 -0.710893 0.693455
0.128023 0.285897 0.076202 0.144953 -0.895378 0.421055
0.101989 0.286904 0.068867 0.349442 -0.737474 0.577947
0.135191 0.266925 0.005333 0.602305 -0.797948 0.022529
0.161670 0.276688 0.007536 0.521888 -0.851065 0.057633
0.172890 0.308959 0.074315 0.586264 -0.606729 0.536819
0.199386 0.312091 0.012264 0.828186 -0.555417 0.074961
0.183998 0.308495 -0.051414 0.756857 -0.529630 -0.382963
0.140799 0.282125 -0.066008 0.404073 -0.844190 -0.352233
0.092203 0.272399 -0.068810 0.408874 -0.750220 -0.519608
0.085490 0.283941 -0.109014 0.207173 -0.695029 -0.688486
0.006598 0.277147 -0.107397 0.000000 -0.507522 -0.861639
0.006598 0.304424 -0.128086 0.000000 -0.278425 -0.960458
0.147753 0.322353 -0.103954 0.532355 -0.305507 -0.789471
0.067231 0.312842 -0.124076 0.170987 -0.203135 -0.964106
0.114739 0.387020 -0.122560 0.315097 0.124947 -0.940799
0.037716 0.382240 -0.132400 -0.016318 0.143320 -0.989542
0.078520 0.456213 -0.107907 0.149657 0.538032 -0.829533
0.071506 0.495030 -0.063547 0.042037 0.869798 -0.491614
0.006598 0.454233 -0.101592 -0.000000 0.556389 -0.830922
0.006598 0.388471 -0.126008 -0.000000 0.189968 -0.981790
0.006598 0.494487 -0.060756 0.000000 0.845280 -0.534324
0.006598 0.510259 -0.017452 -0.000000 0.949208 -0.314649
0.077393 0.510450 -0.011120 -0.030163 0.995462 0.090255
0.121873 0.435066 0.116980 0.110705 0.511367 0.852202
0.100358 0.471496 0.085018 -0.129604 0.747952 0.650977
0.074074 0.432924 0.109045 -0.270351 0.492930 0.827001
0.061634 0.419859 0.109331 -0.421011 0.547315 0.723323
0.041585 0.408047 0.109679 -0.216351 0.668896 0.711175
0.006598 0.376001 0.135449 0.000851 0.513465 0.858110
0.079590 0.480373 0.063612 0.615771 0.667363 0.418871
0.087851 0.497263 0.041418 -0.223552 0.869262 0.440918
0.057846 0.503457 0.011122 0.334609 0.942311 0.009327
0.036106 0.508222 -0.006454 0.205897 0.970544 -0.125100
0.049362 0.355591 0.143102 -0.035863 -0.098957 0.994445
0.006598 0.350527 0.138768 0.000000 -0.235092 0.971973
0.047075 0.325024 0.131196 -0.016306 -0.592073 0.805720
0.006598 0.318910 0.122817 0.000000 -0.539210 0.842172
-0.033879 0.325024 0.131196 0.019114 -0.592936 0.805023
-0.036166 0.355591 0.143102 0.025579 -0.102165 0.994438
-0.068743 0.327081 0.131389 -0.049598 -0.535927 0.842806
-0.056448 0.357013 0.142474 -0.061464 -0.110930 0.991926
-0.058988 0.304253 0.098421 -0.147206 -0.687215 0.711383
-0.069007 0.386843 0.138673 0.111043 0.367884 0.923218
-0.097512 0.357912 0.139074 -0.212257 -0.101689 0.971909
-0.099353 0.401236 0.133671 -0.170807 0.260611 0.950214
-0.130050 0.387173 0.126486 -0.460931 0.164107 0.872131
-0.142553 0.356695 0.119114 -0.585972 -0.214511 0.781423
-0.099545 0.327388 0.127732 -0.283198 -0.454733 0.844403
-0.130034 0.326962 0.111832 -0.453840 -0.519279 0.724139
-0.108677 0.435066 0.116980 -0.112997 0.515179 0.849601
-0.060878 0.432924 0.109045 0.271322 0.494996 0.825447
-0.087162 0.471496 0.085018 0.129604 0.747952 0.650977
-0.099601 0.313260 0.116357 -0.190189 -0.721919 0.665328
-0.114827 0.285897 0.076202 -0.144319 -0.896567 0.418736
-0.088793 0.286904 0.068867 -0.349442 -0.737474 0.577947
-0.121995 0.266925 0.005333 -0.602305 -0.797948 0.022529
-0.159694 0.308959 0.074315 -0.602388 -0.611723 0.512761
-0.074655 0.497263 0.041418 0.223552 0.869262 0.440918
-0.066394 0.480373 0.063612 -0.615771 0.667363 0.418871
-0.058595 0.491915 0.037367 -0.413979 0.883215 0.220348
-0.044650 0.503457 0.011122 -0.334609 0.942311 0.009327
-0.148474 0.276688 0.007536 -0.521888 -0.851065 0.057633
-0.127603 0.282125 -0.066008 -0.404073 -0.844190 -0.352233
-0.079007 0.272399 -0.068810 -0.408874 -0.750220 -0.519608
-0.170802 0.308495 -0.051414 -0.756856 -0.529630 -0.382963
-0.072294 0.283941 -0.109014 -0.207173 -0.695029 -0.688486
-0.134557 0.322353 -0.103954 -0.532355 -0.305507 -0.789471
-0.054035 0.312842 -0.124076 -0.170987 -0.203135 -0.964106
-0.101543 0.387020 -0.122560 -0.315097 0.124947 -0.940799
-0.024520 0.382240 -0.132400 0.016318 0.143320 -0.989542
-0.186190 0.312091 0.012264 -0.828186 -0.555417 0.074961
-0.065324 0.456213 -0.107907 -0.149657 0.538032 -0.829533
-0.058310 0.495030 -0.063547 -0.042037 0.869798 -0.491614
-0.064197 0.510450 -0.011120 0.030163 0.995462 0.090255
-0.028389 0.408047 0.109679 0.218160 0.670496 0.709113
-0.012194 0.404448 0.110228 0.102986 0.701658 0.705031
0.006598 0.401999 0.110715 0.000000 0.696309 0.717743
-0.048438 0.419859 0.109331 0.423057 0.549793 0.720244
0.025390 0.404448 0.110228 -0.102986 0.701658 0.705031
0.006598 0.224952 0.000000 0.022911 -0.998382 -0.052036
0.073056 0.486987 0.092243 0.851480 0.402314 0.336341
0.068734 0.508934 0.051207 0.811263 0.581588 -0.060060
0.044289 0.523195 0.083370 0.494219 0.808424 0.319685
0.038405 0.526143 0.023526 0.427500 0.857939 -0.284927
0.006598 0.536917 0.056654 0.000000 0.998852 0.047902
0.006598 0.532447 0.010808 0.000000 0.930733 -0.365699
0.052239 0.484171 0.124069 0.414452 0.117591 0.902442
0.064239 0.471644 0.118842 0.248587 -0.180199 0.951700
0.071298 0.459960 0.114493 0.269739 -0.232089 0.934545
0.073793 0.449735 0.110742 0.627214 -0.087937 0.773867
0.037018 0.496447 0.129218 0.148924 -0.222826 0.963416
0.022364 0.501881 0.131552 0.227063 0.277124 0.933619
0.006598 0.525079 0.108516 0.000000 0.877336 0.479876
0.006598 0.504763 0.133065 0.000000 0.039710 0.999211
0.071791 0.491915 0.037367 0.413979 0.883215 0.220347
-0.031093 0.523195 0.083370 -0.494219 0.808424 0.319685
-0.025209 0.526143 0.023526 -0.427500 0.857939 -0.284927
-0.055538 0.508934 0.051207 -0.811263 0.581588 -0.060060
-0.059860 0.486987 0.092243 -0.851480 0.402314 0.336341
-0.039043 0.484171 0.124069 -0.414452 0.117591 0.902442
-0.051043 0.471644 0.118842 -0.248587 -0.180199 0.951700
-0.058102 0.459960 0.114493 -0.269739 -0.232089 0.934545
-0.060597 0.449735 0.110742 -0.627214 -0.087937 0.773867
-0.023822 0.496447 0.129218 -0.148924 -0.222826 0.963416
-0.009168 0.501881 0.131552 -0.227063 0.277124 0.933619
-0.022910 0.508222 -0.006454 -0.205897 0.970544 -0.125100
0.006598 0.442415 0.071367 0.000000 -0.442883 0.896580
0.044588 0.442244 0.074939 -0.485536 0.028190 0.873762
-0.031392 0.442244 0.074939 0.485536 0.028190 0.873762
-0.080923 0.515892 0.020591 -0.164146 0.974425 0.153470
-0.096777 0.512990 -0.026501 -0.173929 0.983041 -0.058130
-0.102371 0.512720 0.019317 -0.153321 0.976899 0.148868
-0.073990 0.517443 -0.025568 -0.189189 0.975965 -0.108166
-0.090524 0.508495 -0.059613 -0.183189 0.957245 -0.223884
-0.066998 0.513326 -0.058511 -0.174899 0.942763 -0.283916
-0.077076 0.492538 -0.109612 -0.117652 0.978710 0.168183
-0.051537 0.495847 -0.112409 0.151632 0.409067 0.899818
-0.055264 0.453644 -0.116012 0.213700 -0.101819 0.971579
-0.034753 0.467550 -0.121039 0.304945 -0.107715 0.946259
-0.102765 0.502504 0.050486 -0.155872 0.900209 0.406605
-0.081324 0.505551 0.051898 -0.166643 0.851105 0.497845
-0.098111 0.474839 0.088683 -0.172195 0.747038 0.642092
-0.075447 0.479058 0.090305 -0.193162 0.700122 0.687399
-0.091943 0.450463 0.111084 -0.192554 0.587686 0.785842
-0.068543 0.455479 0.113476 -0.221444 0.528647 0.819448
-0.079854 0.412255 0.133813 -0.202718 0.394474 0.896268
-0.057370 0.423262 0.134634 -0.197631 0.326081 0.924453
-0.065787 0.383611 0.143684 -0.109825 0.150705 0.982459
-0.042956 0.395068 0.144746 -0.117270 0.142589 0.982810
-0.022360 0.364388 0.146903 -0.008149 0.011087 0.999905
-0.040531 0.345707 0.147275 0.040166 -0.016151 0.999062
0.000150 0.339622 0.143546 0.137925 -0.114859 0.983760
-0.018215 0.320885 0.144101 0.142969 -0.110999 0.983483
0.018519 0.290534 0.131114 0.226433 -0.211720 0.950738
0.037385 0.309306 0.130976 0.270430 -0.247792 0.930305
0.044341 0.273442 0.117421 0.346761 -0.307605 0.886079
0.062643 0.292375 0.116473 0.423981 -0.303897 0.853163
0.084142 0.253545 0.089390 0.529371 -0.330363 0.781426
0.096701 0.274657 0.088464 0.623957 -0.314055 0.715575
0.105236 0.244946 0.065018 0.716443 -0.349827 0.603597
0.116550 0.265919 0.062861 0.778366 -0.342962 0.525855
0.127929 0.238981 0.021981 0.857558 -0.372690 0.354536
0.136882 0.259553 0.020700 0.900397 -0.367920 0.232206
0.132600 0.239483 -0.010125 0.923187 -0.384352 -0.000210
0.140951 0.260047 -0.011622 0.917318 -0.377839 -0.125558
0.126198 0.244500 -0.042190 0.883191 -0.366965 -0.292080
0.134905 0.265132 -0.041531 0.871310 -0.345104 -0.348887
0.115320 0.252835 -0.073242 0.837846 -0.316502 -0.444792
0.123360 0.273491 -0.072270 0.822724 -0.272983 -0.498604
0.097490 0.266272 -0.107199 0.770040 -0.225778 -0.596710
0.103871 0.286566 -0.105844 0.734985 -0.198576 -0.648355
0.077277 0.279440 -0.130601 0.597637 -0.189314 -0.779096
0.083826 0.299587 -0.129981 0.621015 -0.178380 -0.763231
0.058917 0.315414 -0.149030 0.329063 -0.049692 -0.942999
0.044111 0.299055 -0.152270 0.568636 -0.138568 -0.810834
0.020033 0.361523 -0.136271 0.927057 0.371065 -0.053627
-0.000798 0.347164 -0.133782 0.224824 -0.159534 0.961251
0.189401 0.056394 -0.156202 -0.236975 0.669023 0.704451
0.216336 0.056393 -0.183393 0.816387 0.577491 -0.003944
0.189401 0.056394 -0.183388 0.000037 1.000000 0.000019
0.189401 0.056395 -0.210134 0.000224 0.814773 -0.579780
0.162430 0.056395 -0.183393 -0.706111 0.666487 -0.239172
-0.176205 0.056394 -0.156202 0.236971 0.669012 0.704463
-0.176205 0.056395 -0.183394 -0.000037 1.000000 0.000018
-0.203140 0.056393 -0.183393 -0.816394 0.577481 -0.003944
-0.176205 0.056395 -0.210134 -0.000224 0.814759 -0.579800
-0.149234 0.056395 -0.183393 0.706123 0.666475 -0.239168
-0.176205 0.056394 0.156202 0.236971 0.669012 -0.704463
-0.176205 0.056395 0.183391 -0.000037 1.000000 -0.000018
-0.149234 0.056395 0.183393 0.706123 0.666475 0.239168
-0.203140 0.056393 0.183393 -0.816394 0.577481 0.003944
-0.176205 0.056395 0.210134 -0.000224 0.814759 0.579800
0.162430 0.056395 0.183393 -0.706123 0.666475 0.239168
0.189401 0.056395 0.210134 0.000224 0.814759 0.579800
0.216336 0.056393 0.183393 0.816394 0.577481 0.003944
0.189401 0.056394 0.156202 -0.236971 0.669012 -0.704463
0.189401 0.056395 0.183392 0.000037 1.000000 -0.000018
-0.175419 0.054084 -0.199267 0.316228 0.000000 -0.948683
-0.159483 0.152890 -0.183331 0.948683 0.000000 -0.316228
-0.159483 0.054084 -0.183331 0.948683 0.000000 0.316228
-0.175419 0.152890 -0.199267 -0.316228 0.000000 -0.948683
