0 244
0 137
0 299
0 146
0 145
0 296
0 9
0 4
0 147
0 297
1 249
1 153
1 97
1 98
1 150
1 252
1 250
1 99
1 91
1 92
2 250
2 8
2 9
2 190
2 234
2 248
2 175
2 150
2 146
2 141
3 233
3 4
3 175
3 10
3 174
3 101
3 298
3 5
3 93
3 209
4 245
4 177
4 244
4 19
4 8
4 176
4 6
4 248
4 175
4 20
5 91
5 92
5 150
5 233
5 248
5 9
5 94
5 176
5 175
5 153
6 150
6 179
6 0
6 138
6 181
6 244
6 298
6 149
6 2
6 5
7 8
7 126
7 1040
7 228
7 115
7 12
7 222
7 227
7 301
7 225
8 128
8 146
8 12
8 16
8 9
8 140
8 2
8 181
8 7
8 133
9 3
9 149
9 16
9 15
9 174
9 13
9 141
9 153
9 175
9 130
10 138
10 153
10 6
10 3
10 15
10 150
10 16
10 244
10 238
10 146
11 7
11 6
11 12
11 21
11 221
11 20
11 5
11 179
11 177
11 244
12 14
12 4
12 15
12 1033
12 18
12 221
12 230
12 301
12 11
12 19
13 302
13 18
13 248
13 300
13 3
13 176
13 108
13 179
13 10
13 16
14 91
14 12
14 22
14 21
14 11
14 17
14 253
14 250
14 16
14 108
15 21
15 25
15 5
15 91
15 16
15 93
15 20
15 176
15 18
15 2
16 9
16 111
16 115
16 299
16 220
16 23
16 228
16 22
16 18
16 109
17 27
17 109
17 270
17 114
17 16
17 268
17 161
17 18
17 267
17 115
18 26
18 16
18 14
18 20
18 29
18 300
18 22
18 115
18 15
18 21
19 110
19 108
19 22
19 30
19 109
19 17
19 177
19 12
19 14
19 113
20 230
20 301
20 22
20 16
20 13
20 175
20 19
20 15
20 222
20 18
21 253
21 23
21 26
21 25
21 31
21 29
21 176
21 16
21 14
21 19
22 271
22 253
22 26
22 28
22 25
22 29
22 31
22 91
22 272
22 23
23 16
23 272
23 78
23 30
23 253
23 86
23 14
23 22
23 110
23 21
24 269
24 90
24 270
24 159
24 23
24 272
24 160
24 161
24 84
24 31
25 271
25 90
25 253
25 17
25 19
25 266
25 272
25 91
25 89
25 78
26 254
26 27
26 89
26 270
26 88
26 268
26 23
26 255
26 17
26 14
27 159
27 110
27 18
27 306
27 157
27 267
27 112
27 119
27 111
27 259
28 17
28 31
28 30
28 161
28 20
28 117
28 256
28 18
28 269
28 109
29 254
29 214
29 231
29 25
29 159
29 115
29 111
29 31
29 65
29 173
30 270
30 27
30 115
30 17
30 22
30 268
30 25
30 272
30 108
30 88
31 160
31 268
31 116
31 216
31 306
31 213
31 21
31 271
31 115
31 29
32 162
32 34
32 38
32 35
32 76
32 324
32 320
32 36
32 163
32 165
33 166
33 327
33 35
33 167
33 168
33 309
33 74
33 325
33 68
33 42
34 164
34 162
34 324
34 74
34 76
34 163
34 75
34 167
34 77
34 169
35 33
35 75
35 42
35 167
35 168
35 77
35 164
35 69
35 165
35 36
36 104
36 106
36 35
36 43
36 47
36 168
36 107
36 38
36 105
36 32
37 32
37 324
37 168
37 325
37 38
37 42
37 36
37 165
37 167
37 169
38 104
38 325
38 42
38 75
38 69
38 35
38 76
38 164
38 324
38 32
39 185
39 124
39 281
39 44
39 54
39 53
39 187
39 40
39 277
39 183
40 64
40 320
40 41
40 43
40 59
40 60
40 323
40 45
40 63
40 61
41 40
41 42
41 48
41 43
41 320
41 44
41 62
41 307
41 321
41 142
42 320
42 36
42 38
42 37
42 162
42 169
42 163
42 307
42 41
42 40
43 32
43 60
43 41
43 323
43 142
43 62
43 42
43 44
43 39
43 59
44 45
44 48
44 42
44 39
44 144
44 320
44 46
44 60
44 61
44 59
45 143
45 47
45 59
45 40
45 321
45 46
45 48
45 60
45 320
45 323
46 135
46 52
46 276
46 148
46 137
46 136
46 146
46 45
46 278
46 51
47 41
47 145
47 40
47 44
47 36
47 144
47 48
47 320
47 46
47 43
48 45
48 137
48 50
48 39
48 321
48 46
48 54
48 242
48 278
48 135
49 53
49 137
49 134
49 127
49 112
49 54
49 50
49 55
49 121
49 187
50 185
50 279
50 219
50 127
50 124
50 275
50 137
50 282
50 323
50 133
51 279
51 280
51 139
51 49
51 323
51 183
51 277
51 135
51 242
51 219
52 277
52 51
52 50
52 58
52 47
52 187
52 137
52 278
52 61
52 280
53 137
53 276
53 187
53 134
53 219
53 139
53 185
53 323
53 129
53 141
54 61
54 134
54 282
54 50
54 52
54 278
54 275
54 123
54 264
54 49
55 60
55 53
55 61
55 323
55 122
55 282
55 277
55 58
55 51
55 119
56 259
56 65
56 123
56 260
56 154
56 58
56 67
56 279
56 261
56 262
57 125
57 127
57 39
57 56
57 134
57 124
57 119
57 288
57 278
57 263
58 119
58 183
58 323
58 278
58 49
58 121
58 60
58 63
58 282
58 264
59 40
59 62
59 63
59 43
59 39
59 45
59 60
59 321
59 44
59 320
60 61
60 67
60 40
60 71
60 59
60 62
60 56
60 321
60 45
60 43
61 278
61 58
61 279
61 50
61 280
61 60
61 62
61 124
61 52
61 264
62 56
62 40
62 41
62 63
62 71
62 66
62 59
62 60
62 64
62 61
63 154
63 56
63 70
63 59
63 58
63 71
63 60
63 66
63 61
63 72
64 65
64 60
64 70
64 155
64 56
64 154
64 59
64 62
64 66
64 71
65 160
65 260
65 154
65 155
65 256
65 29
65 117
65 27
65 157
65 261
66 255
66 117
66 256
66 118
66 60
66 155
66 67
66 260
66 123
66 160
67 71
67 60
67 66
67 72
67 171
67 63
67 172
67 59
67 56
67 65
68 81
68 34
68 164
68 163
68 33
68 165
68 80
68 70
68 74
68 77
69 163
69 70
69 38
69 67
69 164
69 32
69 34
69 165
69 33
69 76
70 32
70 64
70 63
70 68
70 162
70 165
70 62
70 67
70 164
70 72
71 63
71 171
71 60
71 162
71 32
71 170
71 72
71 66
71 68
71 64
72 170
72 171
72 63
72 172
72 71
72 69
72 68
72 66
72 173
72 62
73 35
73 74
73 168
73 167
73 314
73 313
73 37
73 166
73 169
73 105
74 38
74 166
74 75
74 36
74 310
74 81
74 34
74 104
74 169
74 167
75 68
75 313
75 310
75 81
75 73
75 168
75 35
75 34
75 80
75 74
76 166
76 169
76 168
76 75
76 38
76 77
76 162
76 33
76 313
76 74
77 33
77 168
77 81
77 165
77 74
77 313
77 104
77 35
77 37
77 162
78 97
78 250
78 272
78 92
78 84
78 86
78 87
78 317
78 209
78 96
79 86
79 313
79 95
79 82
79 80
79 317
79 315
79 81
79 99
79 97
80 83
80 75
80 73
80 79
80 98
80 314
80 307
80 74
80 82
80 313
81 80
81 33
81 75
81 85
81 82
81 73
81 313
81 307
81 166
81 162
82 170
82 84
82 171
82 96
82 81
82 315
82 80
82 317
82 98
82 99
83 84
83 172
83 80
83 315
83 314
83 170
83 95
83 82
83 89
83 79
84 315
84 170
84 317
84 80
84 88
84 86
84 172
84 78
84 314
84 95
85 171
85 83
85 314
85 89
85 79
85 24
85 173
85 80
85 72
85 82
86 82
86 87
86 24
86 88
86 85
86 96
86 171
86 173
86 271
86 83
87 14
87 24
87 78
87 94
87 271
87 89
87 88
87 86
87 25
87 177
88 22
88 78
88 91
88 25
88 253
88 14
88 23
88 267
88 21
88 271
89 94
89 92
89 88
89 267
89 271
89 86
89 85
89 91
89 317
89 25
90 251
90 91
90 78
90 93
90 268
90 253
90 89
90 22
90 250
90 94
91 176
91 174
91 5
91 209
91 93
91 250
91 23
91 252
91 293
91 92
92 22
92 293
92 175
92 210
92 315
92 91
92 94
92 97
92 176
92 253
93 253
93 153
93 296
93 87
93 94
93 209
93 14
93 2
93 177
93 299
94 91
94 78
94 199
94 315
94 14
94 92
94 99
94 97
94 175
94 174
95 79
95 315
95 100
95 86
95 82
95 314
95 78
95 97
95 84
95 98
96 99
96 92
96 1
96 86
96 78
96 314
96 97
96 82
96 315
96 199
97 245
97 92
97 79
97 248
97 78
97 175
97 99
97 95
97 253
97 102
98 80
98 96
98 95
98 314
98 79
98 94
98 315
98 103
98 73
98 97
99 82
99 100
99 98
99 105
99 317
99 97
99 95
99 103
99 106
99 314
100 143
100 95
100 102
100 98
100 97
100 105
100 99
100 1
100 152
100 106
101 182
101 152
101 2
101 145
101 151
101 149
101 234
101 0
101 239
101 245
102 174
102 150
102 145
102 101
102 144
102 147
102 100
102 152
102 0
102 249
103 1
103 106
103 98
103 95
103 102
103 104
103 144
103 96
103 105
103 107
104 74
104 33
104 37
104 35
104 36
104 313
104 34
104 167
104 77
104 73
105 100
105 144
105 143
105 166
105 104
105 73
105 99
105 142
105 169
105 167
106 143
106 36
106 102
106 98
106 103
106 105
106 144
106 99
106 142
106 104
107 103
107 104
107 100
107 143
107 45
107 169
107 142
107 47
107 101
107 144
108 17
108 30
108 125
108 29
108 27
108 109
108 7
108 23
108 21
108 116
109 114
109 18
109 113
109 22
109 161
109 14
109 17
109 115
109 255
109 125
110 17
110 268
110 118
110 158
110 255
110 25
110 254
110 256
110 113
110 31
111 126
111 221
111 7
111 117
111 29
111 128
111 22
111 115
111 256
111 19
112 110
112 123
112 155
112 128
112 118
112 132
112 27
112 124
112 125
112 117
113 110
113 19
113 117
113 132
113 130
113 121
113 18
113 112
113 223
113 128
114 127
114 128
114 7
114 109
114 108
114 121
114 111
114 1033
114 117
114 116
115 128
115 28
115 227
115 112
115 226
115 113
115 230
115 27
115 20
115 18
116 132
116 31
116 161
116 160
116 115
116 156
116 264
116 111
116 259
116 256
117 157
117 264
117 125
117 154
117 114
117 255
117 122
117 263
117 116
117 121
118 183
118 124
118 303
118 157
118 262
118 261
118 123
118 260
118 155
118 115
119 255
119 123
119 287
119 114
119 305
119 154
119 280
119 120
119 303
119 281
120 125
120 157
120 27
120 118
120 261
120 66
120 49
120 262
120 282
120 113
121 264
121 282
121 125
121 127
121 57
121 122
121 155
121 123
121 183
121 279
122 133
122 120
122 261
122 124
122 134
122 127
122 279
122 118
122 281
122 50
123 263
123 280
123 116
123 127
123 122
123 282
123 156
123 262
123 260
123 66
124 119
124 261
124 264
124 260
124 134
124 155
124 280
124 288
124 127
124 118
125 124
125 131
125 122
125 116
125 110
125 221
125 316
125 57
125 120
125 7
126 302
126 222
126 114
126 127
126 8
126 181
126 281
126 223
126 1033
126 180
127 115
127 55
127 281
127 118
127 124
127 134
127 277
127 122
127 125
127 183
128 221
128 223
128 302
128 111
128 222
128 122
128 226
128 131
128 130
128 225
129 131
129 126
129 179
129 277
129 139
129 9
129 0
129 178
129 140
129 147
130 9
130 8
130 221
130 115
130 134
130 131
130 10
130 181
130 49
130 223
131 8
131 129
131 181
131 113
131 300
131 49
131 125
131 219
131 132
131 277
132 131
132 302
132 178
132 122
132 128
132 225
132 115
132 126
132 232
132 133
133 132
133 122
133 128
133 138
133 278
133 7
133 242
133 8
133 139
133 135
134 57
134 275
134 240
134 141
134 133
134 54
134 137
134 122
134 278
134 183
135 139
135 179
135 134
135 50
135 48
135 49
135 131
135 137
135 184
135 141
136 178
136 146
136 50
136 48
136 323
136 148
136 133
136 220
136 185
136 137
137 140
137 149
137 133
137 278
137 49
137 184
137 46
137 275
137 219
137 146
138 139
138 10
138 179
138 181
138 235
138 149
138 277
138 129
138 133
138 6
139 235
139 146
139 101
139 46
139 129
139 295
139 49
139 133
139 219
139 242
140 141
140 184
140 239
140 149
140 49
140 150
140 0
140 138
140 182
140 238
141 180
141 134
141 295
141 184
141 8
141 138
141 277
141 9
141 140
141 239
142 105
142 46
142 143
142 106
142 144
142 145
142 101
142 48
142 41
142 44
143 142
143 48
143 103
143 106
143 105
143 100
143 148
143 46
143 239
143 107
144 101
144 142
144 47
144 103
144 105
144 106
144 100
144 148
144 45
144 143
145 182
145 239
145 238
145 106
145 234
145 0
145 142
145 235
145 101
145 240
146 145
146 153
146 46
146 295
146 101
146 137
146 297
146 138
146 299
146 10
147 299
147 298
147 10
147 153
147 2
147 141
147 182
147 239
147 139
147 297
148 136
148 243
148 244
148 149
148 102
148 240
148 145
148 146
148 237
148 238
149 190
149 178
149 141
149 151
149 46
149 235
149 240
149 137
149 2
149 140
150 233
150 102
150 2
150 234
150 240
150 148
150 101
150 6
150 149
150 151
151 2
151 147
151 245
151 239
151 103
151 1
151 10
151 148
151 0
151 100
152 238
152 149
152 244
152 103
152 3
152 101
152 5
152 151
152 248
152 245
153 250
153 9
153 148
153 233
153 297
153 209
153 149
153 93
153 249
153 6
154 123
154 117
154 119
154 157
154 263
154 66
154 27
154 255
154 261
154 64
155 57
155 261
155 255
155 65
155 112
155 121
155 224
155 306
155 157
155 256
156 119
156 112
156 161
156 123
156 56
156 261
156 264
156 122
156 57
156 160
157 28
157 27
157 228
157 260
157 31
157 173
157 120
157 263
157 116
157 123
158 157
158 31
158 110
158 268
158 269
158 172
158 173
158 159
158 171
158 260
159 218
159 304
159 260
159 158
159 256
159 26
159 171
159 259
159 267
159 155
160 159
160 66
160 269
160 268
160 157
160 118
160 259
160 224
160 267
160 30
161 268
161 229
161 27
161 228
161 31
161 111
161 116
161 158
161 156
161 155
162 70
162 166
162 307
162 33
162 164
162 71
162 168
162 34
162 32
162 165
163 33
163 166
163 77
163 167
163 68
163 34
163 168
163 69
163 42
163 75
164 70
164 34
164 81
164 169
164 32
164 165
164 74
164 77
164 73
164 68
165 32
165 167
165 34
165 168
165 162
165 74
165 69
165 71
165 166
165 33
166 74
166 73
166 42
166 168
166 75
166 164
166 37
166 169
166 81
166 165
167 37
167 165
167 75
167 35
167 105
167 77
167 76
167 313
167 36
167 164
168 166
168 77
168 38
168 104
168 75
168 307
168 105
168 313
168 169
168 74
169 36
169 33
169 313
169 37
169 164
169 42
169 76
169 34
169 163
169 165
170 86
170 72
170 82
170 71
170 171
170 158
170 85
170 173
170 70
170 84
171 85
171 173
171 65
171 70
171 158
171 170
171 82
171 86
171 83
171 72
172 72
172 85
172 173
172 70
172 24
172 82
172 64
172 170
172 67
172 158
173 255
173 85
173 86
173 66
173 84
173 159
173 24
173 65
173 170
173 171
174 250
174 152
174 1
174 177
174 10
174 15
174 209
174 244
174 92
174 249
175 244
175 1
175 22
175 250
175 93
175 15
175 153
175 94
175 20
175 253
176 177
176 298
176 20
176 292
176 21
176 1
176 15
176 93
176 299
176 2
177 10
177 23
177 14
177 249
177 91
177 248
177 94
177 25
177 253
177 175
178 6
178 133
178 129
178 11
178 10
178 149
178 181
178 235
178 141
178 240
179 139
179 138
179 12
179 132
179 6
179 178
179 141
179 221
179 140
179 130
180 3
180 130
180 20
180 13
180 138
180 11
180 179
180 1033
180 131
180 139
181 141
181 49
181 178
181 10
181 133
181 316
181 11
181 9
181 125
181 6
182 148
182 197
182 151
182 198
182 301
182 223
182 285
182 220
182 293
182 192
183 124
183 193
183 136
183 284
183 137
183 195
183 287
183 305
183 276
183 303
184 223
184 190
184 222
184 187
184 193
184 288
184 297
184 194
184 198
184 219
185 298
185 198
185 137
185 219
185 203
185 200
185 220
185 50
185 207
185 232
186 205
186 322
186 185
186 198
186 304
186 196
186 287
186 202
186 219
186 285
187 50
187 321
187 188
187 124
187 323
187 219
187 196
187 225
187 53
187 203
188 190
188 234
188 187
188 193
188 297
188 232
188 184
188 322
188 201
188 147
189 188
189 202
189 185
189 209
189 283
189 300
189 201
189 296
189 184
189 295
190 234
190 185
190 187
190 0
190 292
190 203
190 146
190 184
190 211
190 188
191 224
191 222
191 292
191 302
191 287
191 284
191 220
191 277
191 188
191 193
192 189
192 234
192 193
192 232
192 207
192 201
192 185
192 146
192 242
192 208
193 183
193 191
193 189
193 286
193 186
193 146
193 185
193 202
193 284
193 323
194 182
194 195
194 189
194 217
194 283
194 192
194 220
194 318
194 224
194 200
195 224
195 232
195 292
195 318
195 323
195 294
195 214
195 321
195 197
195 196
196 224
196 286
196 190
196 201
196 297
196 206
196 193
196 189
196 303
196 318
197 203
197 211
197 188
197 284
197 215
197 224
197 195
197 198
197 192
197 293
198 202
198 213
198 232
198 217
198 189
198 200
198 295
198 290
198 209
198 206
199 296
199 189
199 210
199 218
199 214
199 291
199 195
199 212
199 285
199 293
200 293
200 195
200 292
200 214
200 315
200 194
200 288
200 299
200 287
200 322
201 294
201 190
201 288
201 205
201 296
201 195
201 285
201 210
201 305
201 203
202 204
202 321
202 194
202 292
202 211
202 305
202 283
202 207
202 304
202 232
203 197
203 213
203 192
203 195
203 218
203 232
203 210
203 186
203 202
203 191
204 286
204 293
204 299
204 217
204 216
204 206
204 295
204 191
204 298
204 188
205 315
205 193
205 322
205 296
205 207
205 214
205 211
205 289
205 213
205 204
206 193
206 286
206 196
206 183
206 186
206 207
206 194
206 215
206 218
206 211
207 293
207 196
207 292
207 290
207 315
207 198
207 305
207 216
207 203
207 200
208 304
208 200
208 303
208 213
208 231
208 188
208 198
208 291
208 191
208 196
209 25
209 196
209 293
209 213
209 94
209 248
209 286
209 175
209 211
209 91
210 212
210 296
210 229
210 304
210 196
210 211
210 217
210 301
210 291
210 297
211 229
211 297
211 206
211 284
211 296
211 304
211 202
211 230
211 298
211 190
212 306
212 292
212 297
212 216
212 198
212 189
212 305
212 294
212 201
212 291
213 318
213 271
213 218
213 202
213 211
213 268
213 215
213 201
213 322
213 294
214 294
214 303
214 232
214 291
214 304
214 197
214 200
214 31
214 212
214 198
215 269
215 161
215 284
215 272
215 293
215 211
215 218
215 286
215 217
215 256
216 284
216 205
216 210
216 318
216 119
216 287
216 255
216 160
216 289
216 226
217 268
217 318
217 218
217 210
217 285
217 304
217 228
217 203
217 194
217 292
218 217
218 229
218 299
218 292
218 232
218 291
218 214
218 200
218 204
218 196
219 288
219 302
219 197
219 184
219 52
219 306
219 187
219 195
219 134
219 182
220 277
220 302
220 135
220 192
220 300
220 290
220 53
220 147
220 222
220 295
221 1039
221 222
221 128
221 12
221 113
221 181
221 7
221 1035
221 8
221 131
222 126
222 299
222 230
222 183
222 298
222 131
222 188
222 7
222 182
222 192
223 302
223 187
223 125
223 316
223 132
223 7
223 222
223 281
223 221
223 232
224 284
224 216
224 156
224 219
224 119
224 220
224 301
224 305
224 157
224 285
225 216
225 222
225 303
225 287
225 215
225 224
225 290
225 227
225 286
225 132
226 126
226 223
226 302
226 221
226 306
226 232
226 128
226 218
226 305
226 125
227 302
227 301
227 268
227 305
227 206
227 289
227 31
227 216
227 115
227 231
228 217
228 19
228 272
228 299
228 222
228 227
228 293
228 210
228 224
228 268
229 222
229 203
229 300
229 199
229 213
229 293
229 302
229 225
229 216
229 301
230 19
230 132
230 300
230 210
230 232
230 218
230 13
230 296
230 21
230 294
231 219
231 318
231 212
231 90
231 297
231 27
231 200
231 211
231 227
231 253
232 287
232 224
232 2
232 301
232 227
232 222
232 290
232 244
232 219
232 186
233 234
233 3
233 153
233 237
233 149
233 244
233 2
233 0
233 248
233 147
234 102
234 297
234 240
234 148
234 242
234 153
234 151
234 235
234 8
234 2
235 3
235 244
235 240
235 10
235 138
235 101
235 234
235 2
235 146
235 243
236 237
236 243
237 148
237 235
237 233
237 150
237 239
237 238
237 146
237 0
237 101
237 236
238 296
238 152
238 141
238 2
238 239
238 6
238 178
238 182
238 151
238 146
239 153
239 295
239 244
239 2
239 152
239 242
239 178
239 182
239 101
239 137
240 150
240 238
240 243
240 51
240 242
240 295
240 46
240 241
240 234
240 0
241 136
241 53
241 135
241 134
241 277
241 242
241 243
241 50
241 140
241 141
242 129
242 232
242 192
242 49
242 183
242 141
242 234
242 147
242 182
242 134
243 149
243 239
243 148
243 141
243 237
243 137
243 140
243 240
243 145
243 146
244 6
244 141
244 10
244 146
244 175
244 190
244 11
244 149
244 302
244 250
245 94
245 153
245 244
245 93
245 175
245 6
245 249
245 176
245 97
245 177
246 247
246 249
246 252
247 246
247 249
247 248
247 252
247 175
247 245
247 153
247 250
247 176
247 1
248 1
248 91
248 209
248 250
248 94
248 177
248 299
248 97
248 245
248 252
249 175
249 176
249 94
249 92
249 248
249 317
249 293
249 93
249 91
249 14
250 174
250 78
250 175
250 244
250 293
250 87
250 91
250 249
250 92
250 90
251 273
251 272
251 271
251 249
251 91
251 90
251 87
251 92
251 253
251 252
252 249
252 92
252 93
252 248
252 247
252 91
252 246
252 1
252 245
252 94
253 272
253 270
253 199
253 89
253 251
253 88
253 175
253 1
253 14
253 209
254 26
254 161
254 256
254 110
254 31
254 30
254 160
254 157
254 268
254 255
255 158
255 115
255 111
255 24
255 117
255 231
255 154
255 256
255 29
255 109
256 160
256 224
256 216
256 260
256 259
256 66
256 116
256 118
256 267
256 173
257 258
257 263
258 256
258 161
258 156
258 260
258 157
258 254
258 155
258 261
258 259
258 257
259 117
259 120
259 119
259 160
259 66
259 261
259 156
259 306
259 255
259 264
260 57
260 261
260 123
260 66
260 119
260 159
260 120
260 56
260 155
260 117
261 260
261 156
261 280
261 58
261 55
261 281
261 306
261 160
261 66
261 119
262 119
262 121
262 279
262 261
262 264
262 58
262 124
262 55
262 118
262 57
263 56
263 124
263 123
263 118
263 120
263 154
263 264
263 259
263 258
263 57
264 280
264 122
264 119
264 49
264 61
264 118
264 279
264 259
264 156
264 66
265 266
265 273
266 30
266 25
266 269
266 31
266 254
266 26
266 265
266 268
266 270
266 273
267 89
267 88
267 29
267 254
267 271
267 26
267 270
267 31
267 158
267 25
268 25
268 269
268 231
268 30
268 270
268 17
268 206
268 215
268 29
268 65
269 160
269 22
269 158
269 268
269 214
269 272
269 86
269 26
269 24
269 30
270 17
270 26
270 29
270 251
270 218
270 92
270 23
270 273
270 78
270 253
271 24
271 14
271 270
271 31
271 91
271 30
271 23
271 87
271 25
271 26
272 22
272 228
272 19
272 30
272 231
272 267
272 217
272 215
272 250
272 270
273 89
273 26
273 90
273 271
273 270
273 251
273 265
273 267
273 266
273 88
274 275
274 282
275 136
275 276
275 54
275 279
275 278
275 52
275 53
275 241
275 137
275 134
276 133
276 52
276 277
276 48
276 278
276 39
276 58
276 46
276 323
276 187
277 278
277 46
277 136
277 191
277 130
277 129
277 182
277 220
277 192
277 138
278 136
278 48
278 57
278 187
278 52
278 51
278 133
278 50
278 58
278 49
279 122
279 278
279 120
279 51
279 39
279 133
279 280
279 58
279 52
279 49
280 183
280 323
280 281
280 118
280 119
280 264
280 277
280 124
280 127
280 49
281 279
281 135
281 125
281 224
281 52
281 223
281 122
281 184
281 128
281 278
282 57
282 58
282 124
282 280
282 54
282 50
282 279
282 123
282 49
282 275
283 299
283 188
283 189
283 198
283 288
283 315
283 192
283 208
283 200
283 231
284 318
284 204
284 185
284 286
284 231
284 288
284 191
284 189
284 321
284 219
285 185
285 283
285 289
285 197
285 287
285 219
285 297
285 318
285 224
285 211
286 296
286 322
286 231
286 295
286 206
286 299
286 191
286 291
286 284
286 303
287 285
287 197
287 183
287 207
287 288
287 202
287 186
287 191
287 305
287 284
288 318
288 124
288 290
288 303
288 193
288 123
288 206
288 323
288 186
288 207
289 199
289 304
289 284
289 201
289 185
289 232
289 212
289 321
289 318
289 215
290 219
290 188
290 277
290 226
290 281
290 322
290 224
290 203
290 198
290 187
291 192
291 182
291 289
291 215
291 191
291 199
291 298
291 196
291 198
291 231
292 299
292 222
292 300
292 191
292 285
292 211
292 296
292 93
292 188
292 318
293 94
293 218
293 228
293 201
293 207
293 295
293 204
293 216
293 199
293 97
294 231
294 244
294 283
294 322
294 202
294 217
294 195
294 218
294 229
294 209
295 292
295 213
295 207
295 283
295 191
295 205
295 291
295 203
295 196
295 222
296 220
296 297
296 186
296 194
296 184
296 244
296 283
296 3
296 2
296 149
297 292
297 301
297 302
297 153
297 147
297 194
297 248
297 234
297 295
297 317
298 201
298 200
298 292
298 299
298 185
298 301
298 215
298 322
298 232
298 198
299 146
299 153
299 253
299 208
299 202
299 176
299 284
299 16
299 205
299 193
300 190
300 200
300 182
300 225
300 296
300 230
300 302
300 13
300 292
300 226
301 293
301 228
301 16
301 220
301 298
301 292
301 13
301 295
301 184
301 227
302 226
302 296
302 297
302 7
302 209
302 220
302 301
302 13
302 130
302 222
303 196
303 213
303 194
303 305
303 186
303 198
303 211
303 284
303 157
303 200
304 118
304 255
304 27
304 160
304 259
304 256
304 202
304 284
304 186
304 219
305 200
305 192
305 283
305 322
305 188
305 225
305 217
305 288
305 287
305 223
306 206
306 255
306 197
306 228
306 186
306 214
306 185
306 196
306 212
306 120
307 38
307 37
307 166
307 76
307 73
307 81
307 34
307 68
307 80
307 167
309 33
309 310
309 312
309 325
309 327
310 33
310 74
310 75
310 76
310 77
310 309
310 312
310 313
312 309
312 310
313 81
313 314
313 79
313 33
313 166
313 75
313 168
313 167
313 169
313 73
314 98
314 80
314 81
314 79
314 315
314 99
314 77
314 97
314 73
314 313
315 201
315 297
315 200
315 204
315 82
315 84
315 208
315 96
315 86
315 291
316 226
316 1043
316 227
316 126
316 1034
316 221
316 7
316 1035
316 128
316 113
317 93
317 95
317 98
317 91
317 293
317 208
317 209
317 298
317 203
317 200
318 217
318 289
318 291
318 194
318 295
318 216
318 192
318 293
318 206
318 315
320 60
320 42
320 45
320 59
320 324
320 32
320 44
320 40
320 62
320 321
321 285
321 61
321 186
321 323
321 320
321 185
321 43
321 283
321 191
321 289
322 187
322 201
322 205
322 306
322 305
322 185
322 211
322 318
322 299
322 188
323 61
323 55
323 278
323 279
323 187
323 183
323 136
323 184
323 186
323 185
324 325
324 37
324 38
324 41
324 40
324 32
324 35
324 165
324 34
324 42
325 33
325 326
325 165
325 309
325 163
325 38
325 37
325 32
325 324
325 34
326 325
326 327
327 33
327 34
327 309
327 325
327 326
328 481
328 487
328 508
328 485
328 509
328 705
328 333
328 335
328 503
328 499
329 459
329 707
329 357
329 874
329 361
329 465
329 453
329 360
329 512
329 457
330 479
330 343
330 707
330 506
330 475
330 333
330 503
330 509
330 331
330 744
331 509
331 874
331 337
331 340
331 858
331 707
331 474
331 472
331 329
331 480
332 482
332 874
332 744
332 333
332 490
332 481
332 509
332 474
332 472
332 336
333 876
333 487
333 342
333 431
333 465
333 453
333 477
333 511
333 504
333 501
334 495
334 500
334 350
334 464
334 741
334 506
334 339
334 331
334 743
334 349
335 346
335 336
335 497
335 502
335 333
335 349
335 507
335 509
335 334
335 483
336 349
336 480
336 329
336 502
336 334
336 741
336 710
336 341
336 493
336 711
337 347
337 499
337 475
337 476
337 332
337 340
337 504
337 508
337 346
337 481
338 707
338 342
338 337
338 328
338 829
338 453
338 503
338 334
338 482
338 508
339 471
339 331
339 494
339 741
339 473
339 482
339 744
339 348
339 341
339 478
340 500
340 743
340 341
340 328
340 471
340 482
340 502
340 339
340 484
340 479
341 478
341 476
341 331
341 854
341 345
341 344
341 337
341 744
341 334
341 502
342 854
342 338
342 809
342 744
342 746
342 487
342 492
342 852
342 352
342 340
343 479
343 510
343 509
343 810
343 746
343 345
343 338
343 329
343 341
343 493
344 492
344 343
344 346
344 329
344 339
344 501
344 349
344 333
344 334
344 341
345 348
345 349
345 354
345 500
345 363
345 483
345 507
345 347
345 359
345 742
346 341
346 742
346 486
346 496
346 330
346 345
346 336
346 497
346 358
346 331
347 489
347 742
347 497
347 329
347 744
347 856
347 747
347 338
347 509
347 340
348 483
348 472
348 349
348 339
348 855
348 357
348 352
348 330
348 491
348 479
349 351
349 484
349 496
349 343
349 487
349 352
349 346
349 342
349 334
349 855
350 489
350 488
350 743
350 338
350 485
350 856
350 747
350 492
350 340
350 512
351 347
351 353
351 853
351 343
351 484
351 744
351 494
351 742
351 364
351 873
352 360
352 856
352 344
352 855
352 358
352 874
352 772
352 362
352 350
352 348
353 490
353 854
353 852
353 337
353 346
353 347
353 772
353 349
353 361
353 360
354 348
354 873
354 350
354 353
354 361
354 479
354 360
354 352
354 876
354 494
355 784
355 450
355 364
355 366
355 365
355 446
355 780
355 329
355 370
355 774
356 454
356 369
356 448
356 354
356 510
356 357
356 476
356 362
356 492
356 363
357 490
357 856
357 348
357 345
357 486
357 482
357 449
357 447
357 363
357 350
358 329
358 455
358 873
358 510
358 350
358 494
358 482
358 362
358 364
358 875
359 370
359 360
359 358
359 445
359 345
359 364
359 447
359 369
359 354
359 772
360 363
360 369
360 452
360 355
360 353
360 491
360 356
360 367
360 358
360 444
361 484
361 482
361 373
361 875
361 350
361 364
361 487
361 351
361 369
361 454
362 369
362 355
362 357
362 768
362 487
362 452
362 875
362 359
362 446
362 368
363 358
363 873
363 770
363 484
363 354
363 350
363 351
363 494
363 444
363 875
364 485
364 456
364 770
364 360
364 329
364 359
364 354
364 486
364 772
364 363
365 368
365 441
365 447
365 367
365 452
365 767
365 434
365 438
365 374
365 442
366 441
366 361
366 443
366 360
366 466
366 369
366 449
366 448
366 463
366 436
367 452
367 358
367 874
367 875
367 876
367 470
367 357
367 364
367 451
367 439
368 486
368 361
368 455
368 448
368 360
368 485
368 484
368 373
368 441
368 447
369 378
369 366
369 770
369 439
369 368
369 443
369 449
369 448
369 361
369 377
370 440
370 787
370 438
370 360
370 876
370 365
370 449
370 456
370 371
370 368
371 447
371 370
371 787
371 445
371 769
371 365
371 366
371 363
371 767
371 436
372 837
372 766
372 386
372 793
372 767
372 762
372 407
372 373
372 788
372 771
373 376
373 760
373 366
373 787
373 766
373 374
373 765
373 370
373 771
373 378
374 373
374 377
374 790
374 763
374 368
374 436
374 769
374 371
374 786
374 791
375 836
375 377
375 763
375 376
375 790
375 760
375 837
375 787
375 405
375 757
376 759
376 768
376 375
376 404
376 766
376 758
376 373
376 379
376 788
376 372
377 370
377 373
377 768
377 426
377 378
377 371
377 767
377 384
377 365
377 765
378 379
378 837
378 760
378 388
378 383
378 436
378 369
378 791
378 365
378 838
379 395
379 378
379 424
379 763
379 797
379 388
379 757
379 795
379 386
379 404
380 788
380 372
380 379
380 767
380 833
380 404
380 386
380 758
380 626
380 787
381 402
381 766
381 839
381 838
381 407
381 840
381 797
381 376
381 387
381 763
382 526
382 379
382 399
382 839
382 840
382 400
382 527
382 837
382 397
382 375
383 387
383 615
383 390
383 401
383 794
383 402
383 378
383 373
383 795
383 397
384 834
384 758
384 759
384 792
384 376
384 390
384 839
384 766
384 395
384 397
385 403
385 404
385 395
385 525
385 402
385 758
385 393
385 519
385 533
385 526
386 796
386 402
386 385
386 383
386 404
386 394
386 384
386 764
386 833
386 792
387 795
387 385
387 833
387 372
387 378
387 838
387 759
387 405
387 796
387 764
388 838
388 376
388 788
388 396
388 391
388 402
388 426
388 382
388 765
388 760
389 833
389 838
389 760
389 519
389 758
389 759
389 379
389 386
389 524
389 534
390 544
390 543
390 533
390 554
390 837
390 386
390 396
390 545
390 407
390 835
391 547
391 390
391 399
391 548
391 545
391 389
391 397
391 540
391 549
391 386
392 547
392 533
392 397
392 402
392 523
392 549
392 545
392 552
392 542
392 538
393 399
393 552
393 521
393 543
393 546
393 542
393 525
393 533
393 398
393 526
394 397
394 515
394 403
394 405
394 524
394 404
394 549
394 519
394 396
394 533
395 763
395 835
395 390
395 839
395 759
395 834
395 372
395 838
395 403
395 393
396 406
396 519
396 837
396 533
396 758
396 383
396 529
396 381
396 380
396 391
397 550
397 513
397 402
397 517
397 540
397 547
397 541
397 401
397 542
397 399
398 534
398 551
398 386
398 515
398 382
398 539
398 545
398 395
398 555
398 552
399 397
399 546
399 545
399 528
399 524
399 407
399 520
399 383
399 382
399 522
400 528
400 514
400 390
400 392
400 395
400 398
400 403
400 543
400 534
400 536
401 541
401 397
401 389
401 547
401 404
401 385
401 516
401 524
401 521
401 399
402 397
402 759
402 517
402 535
402 401
402 395
402 405
402 392
402 524
402 515
403 404
403 527
403 372
403 835
403 834
403 534
403 389
403 398
403 760
403 758
404 380
404 766
404 375
404 835
404 388
404 837
404 384
404 403
404 757
404 764
405 377
405 839
405 760
405 407
405 393
405 838
405 376
405 836
405 406
405 386
406 385
406 404
406 398
406 405
406 834
406 402
406 389
406 757
406 388
406 401
407 791
407 396
407 376
407 391
407 395
407 400
407 384
407 401
407 398
407 762
408 1155
408 984
408 877
408 879
408 995
408 418
408 980
408 955
408 605
408 997
409 1193
409 1197
409 982
409 981
409 978
409 408
409 1198
409 1156
409 976
409 984
410 979
410 995
410 986
410 724
410 1194
410 728
410 1155
410 987
410 418
410 1193
411 977
411 730
411 756
411 724
411 878
411 987
411 412
411 419
411 754
411 606
412 414
412 750
412 752
412 673
412 753
412 424
412 754
412 732
412 421
412 420
413 410
413 731
413 419
413 409
413 725
413 979
413 416
413 975
413 984
413 411
414 417
414 725
414 727
414 731
414 983
414 416
414 730
414 410
414 606
414 1155
415 755
415 797
415 796
415 613
415 420
415 612
415 880
415 614
415 410
415 421
416 411
416 878
416 613
416 605
416 995
416 756
416 724
416 606
416 417
416 617
417 418
417 411
417 724
417 606
417 880
417 410
417 414
417 607
417 611
417 984
418 419
418 417
418 877
418 983
418 984
418 878
418 991
418 987
418 986
418 410
419 605
419 414
419 411
419 417
419 725
419 793
419 408
419 794
419 755
419 412
420 417
420 427
420 375
420 796
420 794
420 411
420 615
420 751
420 730
420 423
421 753
421 428
421 791
421 746
421 426
421 682
421 674
421 412
421 423
421 415
422 473
422 747
422 428
422 749
422 340
422 433
422 745
422 431
422 471
422 751
423 756
423 748
423 421
423 672
423 753
423 810
423 807
423 429
423 426
423 792
424 672
424 427
424 806
424 419
424 791
424 674
424 428
424 412
424 750
424 753
425 428
425 438
425 427
425 472
425 426
425 791
425 430
425 429
425 788
425 440
426 380
426 793
426 388
426 375
426 429
426 428
426 787
426 425
426 749
426 748
427 750
427 672
427 431
427 789
427 428
427 420
427 426
427 791
427 430
427 377
428 789
428 792
428 379
428 422
428 431
428 810
428 376
428 375
428 748
428 420
429 751
429 786
429 787
429 471
429 426
429 424
429 423
429 431
429 473
429 436
430 789
430 434
430 746
430 748
430 747
430 429
430 744
430 435
430 431
430 786
431 425
431 465
431 475
431 433
431 332
431 432
431 463
431 477
431 430
431 428
432 482
432 479
432 466
432 434
432 781
432 783
432 476
432 480
432 452
432 471
433 485
433 480
433 422
433 332
433 333
433 466
433 470
433 482
433 475
433 432
434 743
434 473
434 788
434 439
434 365
434 475
434 480
434 472
434 435
434 786
435 440
435 427
435 371
435 437
435 787
435 448
435 376
435 475
435 471
435 442
436 475
436 367
436 467
436 787
436 471
436 468
436 452
436 472
436 476
436 474
437 443
437 460
437 440
437 469
437 432
437 786
437 477
437 459
437 431
437 464
438 370
438 476
438 466
438 467
438 441
438 876
438 447
438 425
438 786
438 448
439 452
439 355
439 463
439 471
439 475
439 476
439 441
439 425
439 447
439 433
440 456
440 448
440 776
440 368
440 463
440 449
440 362
440 433
440 432
440 460
441 369
441 476
441 438
441 457
441 445
441 367
441 463
441 668
441 478
441 448
442 462
442 469
442 466
442 460
442 463
442 780
442 474
442 485
442 781
442 436
443 373
443 457
443 433
443 773
443 369
443 469
443 436
443 367
443 374
443 425
444 366
444 772
444 458
444 449
444 785
444 467
444 773
444 445
444 373
444 367
445 461
445 460
445 449
445 451
445 361
445 432
445 373
445 464
445 463
445 874
446 875
446 437
446 434
446 876
446 453
446 373
446 374
446 467
446 450
446 785
447 873
447 773
447 874
447 465
447 782
447 780
447 484
447 368
447 772
447 452
448 475
448 780
448 367
448 457
448 446
448 778
448 362
448 466
448 476
448 483
449 460
449 482
449 442
449 357
449 668
449 479
449 370
449 483
449 461
449 448
450 461
450 822
450 775
450 645
450 777
450 876
450 467
450 873
450 456
450 355
451 783
451 329
451 654
451 432
451 444
451 449
451 823
451 467
451 641
451 483
452 463
452 355
452 639
452 365
452 469
452 785
452 461
452 450
452 458
452 363
453 461
453 482
453 488
453 484
453 456
453 355
453 512
453 449
453 469
453 472
454 779
454 450
454 874
454 461
454 484
454 476
454 643
454 483
454 876
454 479
455 448
455 479
455 477
455 461
455 785
455 364
455 781
455 474
455 491
455 778
456 477
456 476
456 475
456 360
456 329
456 366
456 462
456 448
456 461
456 459
457 440
457 356
457 654
457 486
457 470
457 442
457 451
457 478
457 782
457 670
458 777
458 475
458 645
458 776
458 445
458 366
458 485
458 820
458 478
458 454
459 468
459 642
459 876
459 441
459 470
459 659
459 484
459 652
459 784
459 668
460 462
460 464
460 482
460 461
460 670
460 785
460 438
460 645
460 773
460 459
461 440
461 460
461 648
461 653
461 487
461 783
461 822
461 781
461 776
461 816
462 781
462 773
462 452
462 668
462 639
462 469
462 780
462 459
462 355
462 441
463 434
463 510
463 450
463 477
463 777
463 446
463 784
463 778
463 439
463 780
464 486
464 478
464 458
464 468
464 487
464 334
464 455
464 776
464 438
464 783
465 484
465 639
465 777
465 782
465 478
465 459
465 456
465 448
465 433
465 776
466 455
466 471
466 448
466 454
466 475
466 433
466 669
466 779
466 355
466 470
467 484
467 778
467 450
467 785
467 442
467 436
467 444
467 475
467 461
467 478
468 469
468 447
468 778
468 438
468 777
468 465
468 434
468 436
468 479
468 785
469 482
469 448
469 461
469 669
469 455
469 773
469 460
469 775
469 485
469 639
470 468
470 456
470 783
470 453
470 434
470 782
470 776
470 477
470 774
470 443
471 338
471 474
471 431
471 340
471 477
471 442
471 744
471 343
471 422
471 479
472 340
472 348
472 437
472 422
472 453
472 474
472 331
472 465
472 481
472 475
473 482
473 509
473 335
473 476
473 744
473 472
473 333
473 330
473 342
473 430
474 874
474 481
474 478
474 486
474 338
474 470
474 436
474 510
474 441
474 422
475 490
475 783
475 442
475 486
475 355
475 478
475 434
475 332
475 481
475 431
476 340
476 490
476 441
476 434
476 469
476 451
476 493
476 488
476 874
476 331
477 461
477 491
477 473
477 329
477 356
477 512
477 490
477 496
477 454
477 486
478 337
478 490
478 436
478 343
478 489
478 512
478 357
478 873
478 447
478 463
479 509
479 344
479 491
479 466
479 500
479 434
479 357
479 508
479 494
479 505
480 490
480 873
480 477
480 442
480 482
480 336
480 503
480 433
480 506
480 484
481 505
481 510
481 335
481 463
481 482
481 459
481 356
481 333
481 454
481 480
482 343
482 461
482 486
482 481
482 483
482 336
482 784
482 432
482 467
482 329
483 359
483 346
483 478
483 364
483 510
483 512
483 480
483 495
483 454
483 463
484 472
484 454
484 482
484 345
484 508
484 338
484 494
484 451
484 502
484 457
485 477
485 460
485 785
485 464
485 773
485 331
485 362
485 350
485 455
485 441
486 483
486 505
486 454
486 509
486 481
486 353
486 459
486 489
486 488
486 368
487 449
487 331
487 328
487 479
487 332
487 511
487 359
487 875
487 492
487 354
488 492
488 510
488 874
488 703
488 349
488 339
488 484
488 876
488 503
488 363
489 715
489 486
489 485
489 714
489 492
489 477
489 479
489 831
489 703
489 337
490 356
490 511
490 829
490 492
490 487
490 493
490 357
490 871
490 462
490 475
491 357
491 873
491 364
491 703
491 335
491 874
491 858
491 510
491 875
491 361
492 490
492 330
492 744
492 743
492 484
492 343
492 354
492 496
492 338
492 337
493 486
493 356
493 490
493 501
493 487
493 511
493 706
493 339
493 829
493 860
494 860
494 481
494 507
494 454
494 482
494 363
494 331
494 489
494 498
494 508
495 871
495 873
495 858
495 499
495 705
495 504
495 506
495 860
495 832
495 477
496 505
496 509
496 511
496 489
496 828
496 867
496 862
496 832
496 503
496 484
497 489
497 502
497 831
497 723
497 868
497 345
497 335
497 715
497 499
497 498
498 506
498 493
498 502
498 869
498 328
498 827
498 495
498 490
498 826
498 864
499 506
499 864
499 486
499 501
499 862
499 868
499 495
499 510
499 702
499 711
500 330
500 824
500 336
500 507
500 722
500 504
500 858
500 860
500 483
500 870
501 507
501 704
501 489
501 830
501 481
501 474
501 825
501 495
501 485
501 872
502 723
502 332
502 347
502 703
502 710
502 337
502 867
502 485
502 487
502 863
503 338
503 340
503 829
503 490
503 330
503 502
503 703
503 501
503 721
503 705
504 506
504 336
504 505
504 711
504 713
504 339
504 865
504 484
504 715
504 487
505 489
505 497
505 506
505 706
505 717
505 858
505 502
505 704
505 340
505 859
506 870
506 828
506 859
506 711
506 719
506 723
506 333
506 712
506 330
506 703
507 492
507 714
507 337
507 720
507 707
507 828
507 868
507 722
507 509
507 335
508 864
508 512
508 493
508 335
508 490
508 828
508 491
508 705
508 338
508 702
509 492
509 336
509 863
509 333
509 495
509 709
509 872
509 829
509 504
509 490
510 474
510 330
510 337
510 477
510 462
510 347
510 485
510 505
510 858
510 492
511 490
511 832
511 341
511 332
511 709
511 862
511 492
511 865
511 714
511 502
512 707
512 471
512 832
512 476
512 486
512 475
512 507
512 338
512 860
512 359
513 526
513 398
513 551
513 525
513 534
513 524
513 396
513 556
513 532
513 538
514 532
514 391
514 519
514 537
514 517
514 527
514 545
514 533
514 392
514 541
515 527
515 391
515 518
515 546
515 549
515 554
515 517
515 539
515 548
515 516
516 536
516 545
516 399
516 553
516 540
516 524
516 533
516 528
516 547
516 403
517 557
517 525
517 532
517 513
517 539
517 544
517 553
517 394
517 392
517 520
518 382
518 400
518 394
518 525
518 541
518 389
518 520
518 523
518 536
518 530
519 552
519 382
519 548
519 555
519 532
519 403
519 516
519 526
519 553
519 513
520 528
520 529
520 550
520 525
520 396
520 526
520 556
520 546
520 394
520 553
521 550
521 536
521 391
521 402
521 547
521 516
521 393
521 540
521 392
521 542
522 402
522 551
522 555
522 527
522 532
522 526
522 552
522 547
522 531
522 513
523 400
523 394
523 393
523 554
523 389
523 550
523 533
523 551
523 401
523 556
524 529
524 548
524 391
524 547
524 382
524 543
524 553
524 396
524 540
524 525
525 523
525 520
525 548
525 524
525 537
525 402
525 393
525 544
525 538
525 533
526 549
526 517
526 402
526 556
526 553
526 394
526 401
526 557
526 391
526 536
527 545
527 524
527 554
527 392
527 543
527 556
527 549
527 551
527 522
527 382
528 549
528 523
528 532
528 517
528 515
528 529
528 542
528 543
528 527
528 524
529 401
529 400
529 397
529 525
529 516
529 528
529 517
529 527
529 545
529 514
530 538
530 403
530 551
530 557
530 544
530 540
530 535
530 522
530 519
530 518
531 523
531 553
531 403
531 536
531 390
531 530
531 542
531 535
531 391
531 549
532 402
532 514
532 547
532 397
532 394
532 536
532 524
532 528
532 393
532 403
533 402
533 517
533 546
533 555
533 403
533 534
533 548
533 554
533 399
533 397
534 551
534 545
534 554
534 530
534 402
534 518
534 517
534 401
534 542
534 403
535 394
535 552
535 393
535 523
535 534
535 525
535 524
535 556
535 526
535 391
536 533
536 523
536 530
536 394
536 552
536 526
536 518
536 554
536 534
536 391
537 543
537 399
537 393
537 524
537 534
537 530
537 555
537 527
537 518
537 540
538 515
538 553
538 555
538 531
538 400
538 521
538 540
538 554
538 528
538 557
539 399
539 398
539 397
539 402
539 396
539 527
539 400
539 553
539 550
539 519
540 533
540 536
540 553
540 539
540 390
540 538
540 516
540 556
540 524
540 398
541 542
541 549
541 521
541 391
541 535
541 399
541 546
541 538
541 525
541 516
542 543
542 515
542 394
542 524
542 545
542 546
542 536
542 547
542 518
542 541
543 523
543 549
543 517
543 554
543 522
543 520
543 557
543 541
543 530
543 531
544 394
544 543
544 390
544 556
544 541
544 400
544 542
544 396
544 528
544 536
545 526
545 398
545 391
545 529
545 549
545 542
545 539
545 546
545 392
545 553
546 518
546 534
546 528
546 553
546 519
546 549
546 400
546 515
546 514
546 394
547 531
547 527
547 549
547 521
547 552
547 534
547 401
547 517
547 542
547 533
548 542
548 528
548 399
548 555
548 513
548 531
548 402
548 538
548 539
548 398
549 537
549 525
549 391
549 397
549 394
549 552
549 555
549 518
549 528
549 399
550 521
550 537
550 548
550 402
550 529
550 556
550 397
550 554
550 546
550 541
551 396
551 532
551 527
551 391
551 393
551 557
551 545
551 535
551 542
551 401
552 532
552 550
552 527
552 526
552 514
552 529
552 544
552 394
552 553
552 556
553 538
553 536
553 532
553 542
553 393
553 514
553 539
553 394
553 385
553 540
554 397
554 547
554 534
554 541
554 555
554 550
554 400
554 539
554 538
554 521
555 551
555 515
555 397
555 536
555 516
555 522
555 400
555 541
555 528
555 524
556 535
556 538
556 551
556 527
556 536
556 531
556 394
556 400
556 393
556 514
557 521
557 401
557 549
557 529
557 550
557 545
557 544
557 531
557 552
557 532
558 688
558 588
558 691
558 592
558 559
558 561
558 587
558 568
558 595
558 601
559 685
559 593
559 579
559 582
559 568
559 564
559 798
559 599
559 690
559 684
560 568
560 601
560 587
560 687
560 685
560 696
560 592
560 561
560 584
560 583
561 598
561 576
561 589
561 563
561 685
561 587
561 600
561 585
561 693
561 687
562 591
562 569
562 577
562 581
562 578
562 684
562 568
562 570
562 602
562 588
563 559
563 694
563 685
563 575
563 565
563 697
563 571
563 581
563 582
563 684
564 589
564 569
564 585
564 575
564 594
564 688
564 579
564 598
564 577
564 559
565 587
565 574
565 566
565 585
565 694
565 595
565 600
565 594
565 577
565 576
566 563
566 694
566 696
566 578
566 599
566 583
566 589
566 575
566 586
566 598
567 587
567 572
567 562
567 582
567 570
567 579
567 696
567 599
567 569
567 568
568 591
568 565
568 563
568 564
568 589
568 567
568 588
568 694
568 558
568 693
569 602
569 583
569 601
569 696
569 578
569 597
569 576
569 588
569 567
569 558
570 592
570 574
570 602
570 693
570 588
570 572
570 685
570 597
570 594
570 686
571 686
571 597
571 573
571 574
571 588
571 565
571 567
571 562
571 599
571 585
572 594
572 579
572 688
572 570
572 592
572 574
572 571
572 595
572 566
572 559
573 566
573 684
573 602
573 572
573 592
573 697
573 580
573 574
573 590
573 587
574 694
574 691
574 562
574 575
574 687
574 686
574 571
574 597
574 569
574 579
575 572
575 570
575 565
575 592
575 561
575 584
575 574
575 691
575 588
575 696
576 597
576 587
576 688
576 558
576 594
576 598
576 574
576 595
576 586
576 589
577 600
577 598
577 696
577 580
577 596
577 595
577 693
577 695
577 601
577 571
578 684
578 582
578 583
578 686
578 558
578 591
578 697
578 696
578 574
578 595
579 695
579 597
579 582
579 566
579 575
579 568
579 584
579 563
579 573
579 564
580 694
580 597
580 558
580 564
580 560
580 594
580 572
580 579
580 591
580 684
581 685
581 578
581 693
581 592
581 564
581 601
581 593
581 598
581 602
581 559
582 589
582 687
582 577
582 585
582 568
582 574
582 565
582 598
582 575
582 573
583 684
583 558
583 577
583 571
583 692
583 596
583 567
583 602
583 588
583 568
584 580
584 598
584 590
584 558
584 696
584 560
584 591
584 685
584 582
584 585
585 572
585 693
585 601
585 598
585 687
585 565
585 685
585 582
585 567
585 593
586 577
586 570
586 569
586 582
586 584
586 585
586 581
586 600
586 558
586 597
587 579
587 576
587 582
587 580
587 691
587 692
587 601
587 569
587 695
587 693
588 594
588 596
588 558
588 570
588 578
588 695
588 592
588 576
588 590
588 561
589 570
589 580
589 590
589 574
589 697
589 687
589 577
589 576
589 562
589 601
590 561
590 693
590 596
590 692
590 585
590 576
590 563
590 589
590 582
590 695
591 572
591 695
591 685
591 598
591 581
591 688
591 596
591 687
591 586
591 696
592 578
592 559
592 565
592 696
592 591
592 692
592 588
592 687
592 685
592 599
593 576
593 561
593 565
593 563
593 574
593 558
593 560
593 676
593 691
593 581
594 571
594 561
594 580
594 696
594 599
594 578
594 684
594 592
594 584
594 577
595 694
595 574
595 562
595 602
595 690
595 598
595 695
595 691
595 572
595 697
596 576
596 691
596 558
596 597
596 595
596 564
596 687
596 592
596 590
596 573
597 568
597 602
597 596
597 685
597 578
597 697
597 598
597 586
597 585
597 571
598 569
598 686
598 564
598 687
598 558
598 586
598 570
598 563
598 567
598 580
599 588
599 597
599 562
599 601
599 570
599 600
599 585
599 598
599 579
599 595
600 567
600 602
600 594
600 684
600 688
600 693
600 593
600 568
600 582
600 583
601 578
601 685
601 563
601 593
601 568
601 602
601 590
601 582
601 569
601 584
602 592
602 676
602 572
602 569
602 686
602 575
602 573
602 582
602 595
602 593
603 1184
603 878
603 881
603 1186
603 611
603 954
603 880
603 886
603 877
603 890
604 617
604 609
604 991
604 889
604 880
604 1191
604 879
604 415
604 416
604 419
605 884
605 609
605 887
605 797
605 612
605 610
605 879
605 957
605 603
605 614
606 419
606 614
606 604
606 415
606 885
606 417
606 611
606 420
606 794
606 995
607 609
607 408
607 416
607 417
607 886
607 614
607 957
607 877
607 878
607 883
608 888
608 621
608 614
608 898
608 612
608 897
608 609
608 619
608 611
608 607
609 612
609 616
609 885
609 897
609 607
609 617
609 888
609 610
609 896
609 620
610 612
610 604
610 885
610 887
610 880
610 617
610 616
610 416
610 614
610 605
611 884
611 604
611 886
611 614
611 609
611 889
611 608
611 414
611 607
611 419
612 621
612 623
612 620
612 613
612 607
612 611
612 619
612 416
612 888
612 617
613 796
613 605
613 624
613 614
613 620
613 615
613 889
613 415
613 606
613 898
614 762
614 609
614 619
614 416
614 794
614 833
614 603
614 617
614 793
614 764
615 763
615 848
615 623
615 765
615 381
615 838
615 407
615 388
615 613
615 834
616 613
616 609
616 793
616 795
616 416
616 372
616 834
616 623
616 836
616 614
617 761
617 796
617 615
617 627
617 797
617 415
617 610
617 624
617 419
617 616
618 634
618 898
618 619
618 620
618 897
618 1138
618 630
618 903
618 1142
618 908
619 620
619 609
619 617
619 610
619 608
619 629
619 616
619 618
619 621
619 631
620 797
620 622
620 630
620 615
620 608
620 624
620 626
620 617
620 612
620 796
621 627
621 616
621 610
621 761
621 608
621 619
621 797
621 612
621 613
621 626
622 630
622 627
622 1138
622 615
622 623
622 633
622 632
622 629
622 621
622 612
623 619
623 616
623 763
623 617
623 765
623 621
623 762
623 795
623 1138
623 898
624 737
624 629
624 848
624 636
624 621
624 740
624 615
624 630
624 763
624 622
625 616
625 800
625 847
625 739
625 674
625 631
625 740
625 845
625 736
625 765
626 795
626 848
626 617
626 630
626 846
626 622
626 380
626 763
626 796
626 765
627 633
627 616
627 620
627 619
627 634
627 617
627 761
627 614
627 739
627 615
628 1140
628 627
628 1142
628 1143
628 633
628 740
628 1139
628 960
628 908
628 631
629 620
629 908
629 632
629 1143
629 1139
629 1137
629 1141
629 1136
629 907
629 1138
630 632
630 1140
630 631
630 1138
630 621
630 623
630 1143
630 1141
630 633
630 628
631 740
631 737
631 626
631 1136
631 627
631 1142
631 622
631 624
631 633
631 761
632 628
632 740
632 625
632 1142
632 633
632 1140
632 761
632 630
632 908
632 631
633 1143
633 1136
633 738
633 632
633 636
633 1142
633 637
633 630
633 846
633 625
634 1137
634 960
634 637
634 628
634 1138
634 738
634 1141
634 636
634 618
634 627
635 739
635 907
635 1138
635 969
635 958
635 628
635 740
635 966
635 960
635 1143
636 623
636 625
636 735
636 1141
636 734
636 626
636 1137
636 628
636 635
636 627
637 736
637 1137
637 628
637 960
637 629
637 1139
637 631
637 633
637 737
637 627
638 783
638 644
638 663
638 642
638 781
638 784
638 777
638 779
638 639
638 778
639 457
639 776
639 668
639 813
639 455
639 656
639 458
639 453
639 662
639 822
640 647
640 664
640 642
640 660
640 671
640 823
640 450
640 779
640 460
640 657
641 823
641 652
641 647
641 820
641 650
641 644
641 671
641 469
641 450
641 784
642 651
642 646
642 655
642 643
642 458
642 638
642 667
642 820
642 812
642 451
643 782
643 652
643 461
643 781
643 774
643 655
643 667
643 665
643 645
643 777
644 776
644 812
644 823
644 650
644 811
644 461
644 641
644 671
644 822
644 817
645 642
645 651
645 777
645 648
645 647
645 450
645 822
645 670
645 641
645 656
646 671
646 816
646 643
646 667
646 653
646 654
646 661
646 657
646 774
646 450
647 450
647 659
647 671
647 823
647 775
647 652
647 648
647 656
647 641
647 653
648 814
648 781
648 646
648 658
648 653
648 777
648 822
648 645
648 660
648 665
649 647
649 664
649 774
649 651
649 660
649 650
649 461
649 662
649 652
649 639
650 779
650 639
650 451
650 661
650 666
650 649
650 812
650 670
650 783
650 665
651 660
651 667
651 666
651 816
651 783
651 638
651 655
651 784
651 785
651 639
652 642
652 458
652 773
652 669
652 815
652 638
652 653
652 780
652 659
652 643
653 671
653 450
653 818
653 642
653 652
653 640
653 662
653 666
653 819
653 820
654 780
654 450
654 459
654 668
654 811
654 663
654 821
654 823
654 784
654 638
655 642
655 660
655 653
655 662
655 776
655 667
655 778
655 450
655 818
655 783
656 655
656 816
656 650
656 639
656 661
656 667
656 773
656 821
656 777
656 669
657 817
657 667
657 774
657 461
657 664
657 641
657 666
657 818
657 781
657 779
658 778
658 665
658 451
658 664
658 776
658 814
658 667
658 779
658 775
658 669
659 669
659 783
659 459
659 778
659 461
659 821
659 818
659 814
659 661
659 670
660 670
660 668
660 643
660 818
660 817
660 814
660 640
660 639
660 658
660 779
661 653
661 776
661 642
661 811
661 459
661 638
661 656
661 461
661 641
661 657
662 666
662 670
662 819
662 659
662 671
662 773
662 650
662 450
662 451
662 657
663 642
663 776
663 818
663 823
663 641
663 778
663 817
663 815
663 461
663 816
664 819
664 780
664 665
664 661
664 820
664 659
664 660
664 644
664 662
664 784
665 822
665 671
665 644
665 638
665 664
665 785
665 817
665 780
665 663
665 812
666 815
666 813
666 778
666 665
666 642
666 784
666 818
666 658
666 644
666 660
667 775
667 659
667 780
667 459
667 453
667 452
667 650
667 465
667 663
667 773
668 450
668 783
668 640
668 455
668 642
668 773
668 660
668 639
668 665
668 462
669 779
669 642
669 815
669 780
669 781
669 465
669 773
669 820
669 812
669 449
670 646
670 458
670 457
670 638
670 777
670 469
670 780
670 816
670 815
670 666
671 662
671 816
671 645
671 665
671 651
671 822
671 784
671 639
671 648
671 780
672 747
672 673
672 800
672 420
672 749
672 801
672 853
672 678
672 806
672 844
673 730
673 733
673 740
673 674
673 700
673 736
673 850
673 845
673 672
673 849
674 803
674 730
674 729
674 690
674 675
674 738
674 799
674 420
674 756
674 800
675 847
675 841
675 423
675 673
675 690
675 798
675 412
675 678
675 679
675 755
676 804
676 678
676 684
676 572
676 685
676 699
676 806
676 602
676 844
676 799
677 698
677 701
677 802
677 844
677 845
677 682
677 841
677 846
677 680
677 847
678 672
678 674
678 701
678 806
678 675
678 805
678 683
678 810
678 699
678 749
679 801
679 688
679 842
679 847
679 806
679 807
679 700
679 799
679 800
679 805
680 700
680 676
680 699
680 798
680 677
680 799
680 684
680 800
680 749
680 696
681 808
681 698
681 675
681 803
681 798
681 682
681 690
681 799
681 849
681 806
682 806
682 753
682 750
682 423
682 752
682 808
682 679
682 842
682 680
682 805
683 677
683 806
683 805
683 695
683 696
683 697
683 680
683 798
683 843
683 750
684 589
684 688
684 675
684 678
684 559
684 573
684 689
684 587
684 692
684 586
685 560
685 562
685 586
685 599
685 587
685 565
685 692
685 699
685 563
685 598
686 600
686 567
686 599
686 691
686 579
686 581
686 572
686 591
686 564
686 577
687 597
687 585
687 579
687 595
687 680
687 683
687 558
687 676
687 600
687 697
688 564
688 690
688 598
688 576
688 579
688 693
688 567
688 574
688 801
688 799
689 559
689 699
689 688
689 683
689 691
689 679
689 690
689 681
689 678
689 680
690 590
690 695
690 692
690 804
690 799
690 843
690 594
690 685
690 593
690 697
691 695
691 568
691 560
691 843
691 571
691 686
691 565
691 679
691 569
691 594
692 563
692 595
692 600
692 585
692 687
692 697
692 566
692 579
692 688
692 597
693 586
693 589
693 572
693 588
693 558
693 575
693 580
693 576
693 676
693 560
694 575
694 696
694 564
694 567
694 692
694 574
694 558
694 595
694 563
694 570
695 560
695 602
695 589
695 559
695 570
695 841
695 566
695 593
695 561
695 592
696 564
696 585
696 798
696 565
696 570
696 679
696 578
696 688
696 681
696 580
697 581
697 696
697 844
697 680
697 577
697 700
697 842
697 679
697 600
697 594
698 697
698 750
698 807
698 681
698 678
698 753
698 691
698 802
698 699
698 842
699 687
699 805
699 697
699 846
699 803
699 688
699 676
699 678
699 679
699 682
700 692
700 846
700 675
700 845
700 678
700 673
700 693
700 800
700 844
700 676
701 750
701 798
701 807
701 683
701 753
701 697
701 729
701 848
701 847
701 679
702 715
702 704
702 871
702 507
702 872
702 498
702 508
702 499
702 868
702 722
703 504
703 714
703 719
703 825
703 723
703 860
703 501
703 509
703 859
703 331
704 336
704 825
704 500
704 703
704 718
704 705
704 712
704 507
704 719
704 827
705 712
705 707
705 497
705 824
705 490
705 857
705 832
705 866
705 827
705 502
706 504
706 824
706 705
706 863
706 500
706 707
706 832
706 328
706 827
706 510
707 872
707 861
707 863
707 864
707 824
707 716
707 334
707 507
707 702
707 705
708 869
708 721
708 499
708 826
708 489
708 702
708 715
708 720
708 831
708 705
709 867
709 328
709 509
709 711
709 702
709 723
709 498
709 336
709 720
709 870
710 497
710 505
710 489
710 719
710 828
710 506
710 712
710 872
710 499
710 860
711 859
711 489
711 502
711 862
711 721
711 723
711 500
711 702
711 866
711 872
712 489
712 504
712 830
712 704
712 722
712 826
712 501
712 867
712 868
712 503
713 719
713 860
713 510
713 863
713 712
713 718
713 723
713 716
713 861
713 490
714 863
714 857
714 720
714 506
714 830
714 721
714 497
714 825
714 868
714 504
715 830
715 709
715 863
715 857
715 871
715 721
715 711
715 505
715 872
715 861
716 706
716 718
716 703
716 831
716 867
716 714
716 508
716 721
716 723
716 857
717 723
717 496
717 710
717 858
717 506
717 862
717 498
717 867
717 711
717 504
718 499
718 824
718 868
718 714
718 870
718 859
718 831
718 715
718 702
718 869
719 708
719 866
719 864
719 858
719 824
719 498
719 857
719 709
719 489
719 871
720 712
720 723
720 830
720 716
720 722
720 864
720 500
720 718
720 831
720 707
721 499
721 718
721 829
721 831
721 711
721 871
721 717
721 710
721 703
721 859
722 831
722 702
722 506
722 704
722 860
722 863
722 508
722 870
722 868
722 872
723 504
723 507
723 709
723 713
723 866
723 704
723 828
723 500
723 868
723 711
724 754
724 732
724 984
724 983
724 408
724 982
724 410
724 987
724 731
724 419
725 733
725 417
725 756
725 755
725 978
725 985
725 730
725 413
725 418
725 974
726 1151
726 974
726 732
726 973
726 734
726 409
726 982
726 733
726 975
726 967
727 410
727 732
727 409
727 984
727 729
727 983
727 974
727 980
727 731
727 982
728 983
728 733
728 410
728 732
728 974
728 976
728 755
728 418
728 982
728 978
729 845
729 412
729 419
729 735
729 756
729 847
729 414
729 732
729 725
729 843
730 725
730 738
730 734
730 731
730 420
730 735
730 418
730 752
730 739
730 733
731 739
731 728
731 753
731 756
731 735
731 733
731 729
731 418
731 410
731 419
732 673
732 969
732 734
732 736
732 727
732 419
732 729
732 737
732 738
732 977
733 734
733 754
733 673
733 844
733 846
733 735
733 967
733 739
733 736
733 977
734 636
734 726
734 739
734 635
734 637
734 732
734 756
734 735
734 736
734 634
735 736
735 637
735 732
735 740
735 1143
735 969
735 729
735 727
735 967
735 636
736 735
736 753
736 635
736 967
736 632
736 729
736 969
736 756
736 732
736 848
737 764
737 732
737 740
737 637
737 634
737 673
737 739
737 730
737 847
737 624
738 849
738 631
738 848
738 729
738 731
738 626
738 847
738 844
738 733
738 674
739 845
739 731
739 847
739 844
739 738
739 729
739 625
739 631
739 736
739 674
740 626
740 848
740 1140
740 1141
740 734
740 635
740 623
740 1142
740 630
740 625
741 344
741 332
741 746
741 345
741 341
741 331
741 343
741 480
741 433
741 347
742 328
742 335
742 509
742 472
742 336
742 344
742 348
742 351
742 331
742 479
743 471
743 501
743 741
743 350
743 477
743 349
743 510
743 482
743 340
743 473
744 747
744 422
744 492
744 855
744 341
744 331
744 810
744 348
744 335
744 347
745 751
745 810
745 749
745 802
745 424
745 854
745 852
745 746
745 844
745 672
746 353
746 421
746 850
746 349
746 855
746 747
746 427
746 422
746 423
746 809
747 749
747 343
747 347
747 341
747 853
747 429
747 342
747 745
747 744
747 809
748 751
748 749
748 473
748 422
748 743
748 745
748 426
748 427
748 746
748 742
749 427
749 675
749 807
749 756
749 750
749 809
749 680
749 806
749 746
749 428
750 423
750 674
750 681
750 803
750 673
750 849
750 672
750 751
750 753
750 800
751 807
751 754
751 853
751 749
751 800
751 747
751 423
751 755
751 803
751 809
752 803
752 847
752 755
752 421
752 682
752 751
752 680
752 846
752 800
752 419
753 680
753 420
753 731
753 843
753 807
753 423
753 701
753 752
753 698
753 800
754 807
754 844
754 800
754 672
754 845
754 673
754 804
754 424
754 753
754 701
755 419
755 751
755 729
755 420
755 738
755 846
755 732
755 800
755 421
755 844
756 412
756 749
756 414
756 416
756 674
756 751
756 413
756 421
756 731
756 803
757 397
757 389
757 626
757 838
757 386
757 616
757 372
757 376
757 796
757 407
758 372
758 796
758 759
758 378
758 616
758 388
758 760
758 396
758 407
758 793
759 391
759 382
759 377
759 757
759 837
759 761
759 767
759 387
759 390
759 401
760 390
760 795
760 616
760 766
760 840
760 767
760 387
760 761
760 406
760 835
761 375
761 763
761 834
761 621
761 765
761 845
761 762
761 380
761 759
761 849
762 388
762 794
762 615
762 631
762 837
762 383
762 766
762 622
762 769
762 614
763 797
763 769
763 839
763 833
763 764
763 795
763 406
763 760
763 848
763 757
764 760
764 388
764 797
764 796
764 630
764 766
764 833
764 848
764 627
764 795
765 794
765 383
765 372
765 771
765 835
765 384
765 834
765 381
765 631
765 760
766 762
766 760
766 381
766 405
766 626
766 770
766 625
766 372
766 380
766 796
767 369
767 852
767 758
767 764
767 383
767 769
767 771
767 444
767 768
767 380
768 758
768 378
768 763
768 772
768 764
768 371
768 766
768 376
768 370
768 383
769 363
769 766
769 800
769 854
769 625
769 771
769 770
769 362
769 371
769 764
770 358
770 768
770 373
770 364
770 856
770 766
770 765
770 361
770 851
770 363
771 765
771 762
771 362
771 767
771 855
771 851
771 763
771 373
771 850
771 772
772 767
772 362
772 447
772 367
772 850
772 357
772 769
772 354
772 444
772 352
773 443
773 646
773 465
773 641
773 654
773 774
773 645
773 669
773 650
773 453
774 366
774 476
774 460
774 776
774 455
774 468
774 638
774 465
774 644
774 485
775 646
775 648
775 671
775 774
775 781
775 814
775 664
775 460
775 654
775 666
776 818
776 451
776 456
776 658
776 663
776 782
776 656
776 665
776 638
776 811
777 780
777 656
777 667
777 457
777 655
777 654
777 663
777 449
777 467
777 455
778 785
778 651
778 432
778 819
778 813
778 773
778 655
778 658
778 818
778 667
779 664
779 659
779 449
779 451
779 482
779 455
779 670
779 784
779 822
779 662
780 355
780 812
780 465
780 650
780 485
780 648
780 670
780 448
780 659
780 663
781 815
781 662
781 649
781 668
781 820
781 454
781 664
781 648
781 822
781 459
782 441
782 669
782 658
782 814
782 783
782 646
782 649
782 442
782 655
782 778
783 645
783 647
783 643
783 461
783 440
783 780
783 876
783 666
783 659
783 644
784 650
784 782
784 822
784 780
784 775
784 781
784 814
784 642
784 653
784 670
785 439
785 448
785 366
785 662
785 441
785 452
785 440
785 482
785 468
785 667
786 438
786 435
786 790
786 436
786 427
786 369
786 429
786 444
786 445
786 791
787 436
787 383
787 437
787 425
787 788
787 377
787 429
787 374
787 786
787 791
788 426
788 759
788 787
788 379
788 378
788 792
788 443
788 376
788 377
788 789
789 365
789 380
789 791
789 373
789 374
789 425
789 438
789 378
789 437
789 439
790 426
790 792
790 791
790 836
790 789
790 425
790 420
790 794
790 615
790 374
791 793
791 789
791 423
791 386
791 381
791 404
791 372
791 836
791 788
791 376
792 428
792 377
792 790
792 371
792 435
792 788
792 378
792 429
792 796
792 365
793 763
793 381
793 758
793 386
793 617
793 761
793 787
793 837
793 379
793 377
794 762
794 383
794 421
794 839
794 834
794 379
794 760
794 765
794 792
794 791
795 761
795 380
795 415
795 616
795 383
795 626
795 379
795 797
795 794
795 426
796 386
796 759
796 794
796 626
796 387
796 833
796 838
796 836
796 839
796 625
797 834
797 623
797 611
797 616
797 762
797 836
797 795
797 416
797 764
797 791
798 843
798 847
798 672
798 682
798 692
798 849
798 695
798 806
798 800
798 675
799 850
799 684
799 699
799 846
799 800
799 685
799 692
799 844
799 674
799 690
800 751
800 805
800 749
800 678
800 690
800 689
800 851
800 845
800 855
800 672
801 674
801 803
801 802
801 690
801 693
801 699
801 676
801 685
801 799
801 798
802 684
802 674
802 690
802 701
802 678
802 745
802 807
802 691
802 673
802 681
803 749
803 807
803 421
803 684
803 677
803 756
803 697
803 798
803 805
803 850
804 849
804 754
804 748
804 699
804 745
804 841
804 700
804 691
804 677
804 843
805 690
805 679
805 701
805 804
805 677
805 847
805 842
805 675
805 674
805 798
806 798
806 799
806 749
806 802
806 807
806 800
806 746
806 700
806 847
806 421
807 798
807 675
807 423
807 803
807 674
807 850
807 841
807 753
807 678
807 755
808 851
808 421
808 751
808 353
808 682
808 810
808 752
808 804
808 807
808 854
809 856
809 422
809 855
809 849
809 348
809 745
809 750
809 804
809 353
809 845
810 672
810 852
810 342
810 750
810 803
810 851
810 856
810 678
810 845
810 749
811 667
811 665
811 659
811 459
811 451
811 648
811 775
811 653
811 658
811 773
812 646
812 814
812 663
812 657
812 660
812 658
812 820
812 821
812 816
812 778
813 668
813 645
813 641
813 775
813 777
813 662
813 784
813 642
813 652
813 654
814 666
814 643
814 777
814 639
814 450
814 816
814 661
814 774
814 818
814 784
815 650
815 818
815 666
815 783
815 822
815 821
815 647
815 658
815 653
815 816
816 775
816 774
816 657
816 811
816 661
816 648
816 814
816 658
816 656
816 818
817 665
817 774
817 663
817 668
817 784
817 461
817 664
817 642
817 818
817 656
818 640
818 657
818 668
818 651
818 639
818 783
818 660
818 669
818 656
818 823
819 820
819 658
819 778
819 776
819 641
819 461
819 663
819 642
819 654
819 459
820 812
820 811
820 642
820 645
820 774
820 670
820 776
820 777
820 644
820 652
821 645
821 648
821 774
821 775
821 641
821 665
821 776
821 783
821 457
821 663
822 661
822 816
822 819
822 783
822 670
822 823
822 784
822 450
822 820
822 778
823 469
823 656
823 654
823 811
823 670
823 643
823 812
823 818
823 668
823 450
824 506
824 866
824 863
824 858
824 713
824 502
824 711
824 505
824 500
824 705
825 861
825 827
825 505
825 498
825 704
825 508
825 862
825 328
825 723
825 865
826 824
826 829
826 504
826 866
826 719
826 709
826 503
826 507
826 715
826 828
827 509
827 710
827 719
827 721
827 709
827 507
827 501
827 497
827 872
827 831
828 501
828 719
828 711
828 508
828 720
828 496
828 712
828 868
828 709
828 829
829 710
829 831
829 505
829 501
829 508
829 832
829 706
829 504
829 872
829 488
830 507
830 714
830 500
830 497
830 867
830 511
830 505
830 706
830 871
830 489
831 499
831 860
831 862
831 506
831 866
831 871
831 505
831 714
831 832
831 715
832 336
832 829
832 706
832 711
832 501
832 871
832 510
832 722
832 503
832 488
833 759
833 383
833 757
833 379
833 836
833 614
833 375
833 623
833 389
833 789
834 382
834 758
834 796
834 794
834 388
834 791
834 389
834 792
834 833
834 761
835 839
835 388
835 760
835 381
835 383
835 794
835 375
835 836
835 385
835 376
836 407
836 380
836 796
836 403
836 395
836 795
836 797
836 405
836 761
836 615
837 379
837 838
837 407
837 835
837 404
837 405
837 760
837 400
837 840
837 382
838 397
838 757
838 760
838 399
838 837
838 796
838 765
838 794
838 375
838 761
839 615
839 762
839 760
839 764
839 406
839 833
839 386
839 403
839 835
839 834
840 407
840 763
840 835
840 388
840 400
840 383
840 389
840 395
840 384
840 387
841 684
841 683
841 691
841 803
841 752
841 699
841 802
841 750
841 852
841 809
842 701
842 681
842 750
842 673
842 845
842 756
842 801
842 691
842 800
842 753
843 750
843 672
843 803
843 850
843 673
843 845
843 806
843 697
843 848
843 677
844 698
844 756
844 682
844 849
844 689
844 848
844 745
844 810
844 799
844 798
845 843
845 801
845 808
845 756
845 699
845 677
845 851
845 675
845 698
845 672
846 800
846 848
846 738
846 729
846 699
846 626
846 845
846 769
846 677
846 804
847 852
847 803
847 689
847 756
847 697
847 739
847 674
847 752
847 672
847 679
848 677
848 699
848 615
848 738
848 846
848 807
848 636
848 698
848 766
848 634
849 764
849 672
849 841
849 850
849 753
849 798
849 755
849 750
849 843
849 846
850 853
850 805
850 842
850 851
850 855
850 799
850 625
850 771
850 682
850 804
851 855
851 766
851 768
851 850
851 800
851 767
851 353
851 745
851 847
851 810
852 849
852 808
852 350
852 800
852 351
852 846
852 807
852 767
852 850
852 841
853 741
853 351
853 349
853 344
853 854
853 804
853 749
853 855
853 850
853 851
854 770
854 748
854 809
854 357
854 747
854 807
854 856
854 853
854 349
854 358
855 348
855 810
855 347
855 806
855 808
855 748
855 351
855 850
855 342
855 807
856 350
856 363
856 354
856 747
856 853
856 360
856 335
856 809
856 770
856 494
857 711
857 717
857 870
857 829
857 723
857 858
857 859
857 505
857 504
857 828
858 865
858 831
858 330
858 828
858 862
858 331
858 500
858 861
858 869
858 505
859 707
859 499
859 860
859 503
859 498
859 708
859 500
859 497
859 829
859 867
860 703
860 494
860 862
860 828
860 870
860 712
860 512
860 710
860 501
860 328
861 869
861 703
861 858
861 507
861 830
861 825
861 489
861 511
861 503
861 508
862 720
862 719
862 718
862 703
862 503
862 867
862 866
862 872
862 869
862 706
863 708
863 832
863 495
863 491
863 510
863 717
863 830
863 720
863 494
863 512
864 861
864 504
864 866
864 722
864 717
864 709
864 826
864 719
864 859
864 497
865 704
865 868
865 501
865 723
865 713
865 491
865 503
865 859
865 719
865 718
866 501
866 870
866 497
866 489
866 328
866 504
866 872
866 865
866 828
866 867
867 493
867 862
867 831
867 827
867 328
867 489
867 490
867 714
867 832
867 870
868 720
868 705
868 831
868 869
868 860
868 865
868 497
868 872
868 706
868 496
869 720
869 860
869 328
869 706
869 865
869 512
869 497
869 863
869 723
869 830
870 860
870 826
870 722
870 495
870 702
870 710
870 715
870 858
870 705
870 831
871 331
871 713
871 330
871 711
871 824
871 498
871 862
871 503
871 716
871 860
872 867
872 501
872 826
872 706
872 857
872 831
872 707
872 828
872 721
872 718
873 491
873 336
873 463
873 361
873 502
873 458
873 447
873 482
873 345
873 495
874 460
874 361
874 784
874 451
874 351
874 369
874 359
874 449
874 364
874 334
875 480
875 476
875 446
875 487
875 483
875 354
875 450
875 449
875 478
875 509
876 442
876 360
876 484
876 512
876 465
876 476
876 478
876 774
876 487
876 368
877 999
877 1181
877 884
877 985
877 951
877 1183
877 1153
877 997
877 955
877 606
878 604
878 990
878 883
878 996
878 998
878 957
878 610
878 986
878 991
878 995
879 607
879 877
879 1189
879 985
879 986
879 415
879 408
879 1154
879 885
879 883
880 885
880 1155
880 414
880 606
880 1189
880 612
880 609
880 985
880 954
880 881
881 1184
881 607
881 1189
881 885
881 1154
881 604
881 991
881 605
881 610
881 996
882 1184
882 1166
882 1185
882 1181
882 890
882 955
882 1119
882 1187
882 1186
882 883
883 947
883 1182
883 1188
883 892
883 1190
883 894
883 888
883 893
883 1185
883 885
884 1191
884 954
884 1120
884 991
884 1183
884 1186
884 881
884 1000
884 605
884 882
885 889
885 887
885 987
885 1185
885 612
885 606
885 957
885 883
885 604
885 1189
886 881
886 893
886 1186
886 887
886 995
886 885
886 1183
886 604
886 884
886 1182
887 1187
887 1190
887 883
887 605
887 612
887 878
887 1184
887 1186
887 889
887 880
888 611
888 885
888 1189
888 1186
888 892
888 893
888 884
888 1165
888 887
888 612
889 1184
889 1189
889 611
889 879
889 887
889 895
889 621
889 880
889 603
889 608
890 884
890 881
890 1116
890 897
890 887
890 957
890 889
890 880
890 885
890 609
891 1163
891 1116
891 892
891 1166
891 903
891 1111
891 608
891 1109
891 901
891 1162
892 1120
892 1188
892 1167
892 603
892 1186
892 1161
892 884
892 890
892 888
892 896
893 1163
893 888
893 886
893 896
893 895
893 885
893 1190
893 882
893 897
893 1166
894 1166
894 896
894 603
894 886
894 954
894 1188
894 893
894 1163
894 885
894 1190
895 887
895 899
895 619
895 603
895 610
895 886
895 612
895 1165
895 897
895 892
896 610
896 620
896 619
896 622
896 897
896 1163
896 608
896 621
896 894
896 889
897 608
897 903
897 621
897 901
897 619
897 896
897 894
897 1160
897 902
897 890
898 613
898 621
898 612
898 899
898 622
898 897
898 609
898 905
898 623
898 617
899 1161
899 906
899 619
899 896
899 902
899 909
899 618
899 622
899 891
899 1160
900 1109
900 911
900 904
900 1162
900 909
900 914
900 1055
900 1160
900 1054
900 912
901 902
901 900
901 1110
901 1161
901 1106
901 897
901 904
901 1104
901 913
901 1111
902 1162
902 913
902 895
902 900
902 896
902 1110
902 1106
902 1109
902 898
902 899
903 905
903 902
903 1163
903 1108
903 897
903 619
903 618
903 608
903 1136
903 1162
904 911
904 915
904 902
904 906
904 897
904 913
904 899
904 1138
904 1139
904 914
905 912
905 1136
905 918
905 900
905 906
905 899
905 913
905 908
905 1138
905 901
906 1139
906 900
906 618
906 1138
906 904
906 909
906 903
906 629
906 901
906 912
907 1137
907 1142
907 958
907 908
907 1141
907 906
907 916
907 637
907 628
907 635
908 905
908 1141
908 909
908 628
908 632
908 1137
908 902
908 904
908 907
908 912
909 1103
909 908
909 1139
909 916
909 907
909 913
909 958
909 914
909 1136
909 910
910 1050
910 912
910 918
910 909
910 914
910 921
910 913
910 1104
910 1049
910 911
911 958
911 1103
911 905
911 900
911 918
911 919
911 904
911 923
911 1105
911 914
912 911
912 919
912 915
912 908
912 910
912 1104
912 900
912 914
912 906
912 907
913 918
913 912
913 919
913 958
913 910
913 907
913 908
913 916
913 902
913 906
914 905
914 1103
914 904
914 913
914 919
914 923
914 907
914 912
914 958
914 909
915 919
915 918
915 1103
915 909
915 914
915 961
915 911
915 958
915 923
915 916
916 911
916 912
916 965
916 918
916 960
916 919
916 917
916 910
916 922
916 1103
917 921
917 959
917 924
917 1146
917 965
917 966
917 1052
917 914
917 922
917 919
918 915
918 905
918 909
918 923
918 916
918 912
918 913
918 960
918 963
918 910
919 959
919 1103
919 909
919 915
919 916
919 917
919 1052
919 961
919 1050
919 910
920 927
920 921
920 935
920 1081
920 1144
920 1150
920 938
920 1004
920 1005
920 932
921 1055
921 1146
921 1009
921 917
921 1007
921 1056
921 919
921 1103
921 924
921 928
922 1146
922 1144
922 1049
922 1007
922 923
922 926
922 1050
922 910
922 917
922 1056
923 1103
923 961
923 1052
923 915
923 1050
923 928
923 958
923 925
923 921
923 1051
924 1052
924 922
924 1007
924 1146
924 925
924 1147
924 1009
924 927
924 1051
924 928
925 1146
925 923
925 1144
925 1147
925 921
925 1003
925 924
925 929
925 1052
925 1051
926 932
926 1148
926 963
926 927
926 928
926 1149
926 933
926 929
926 924
926 1004
927 931
927 932
927 1081
927 1149
927 1001
927 939
927 962
927 920
927 1146
927 926
928 923
928 924
928 1009
928 1144
928 1148
928 933
928 963
928 1051
928 1001
928 1050
929 931
929 1002
929 925
929 1008
929 1150
929 938
929 926
929 1151
929 934
929 1149
930 1079
930 935
930 1082
930 1083
930 1081
930 933
930 949
930 1198
930 1149
930 944
931 935
931 927
931 1084
931 926
931 1203
931 920
931 941
931 1083
931 939
931 1151
932 1151
932 1008
932 1009
932 942
932 938
932 1147
932 1144
932 931
932 1002
932 1080
933 1147
933 1007
933 1145
933 927
933 931
933 1150
933 1149
933 1083
933 930
933 1151
934 1151
934 1202
934 939
934 1004
934 1080
934 935
934 945
934 1083
934 1148
934 943
935 938
935 1151
935 943
935 945
935 926
935 936
935 1149
935 942
935 927
935 931
936 1005
936 1198
936 1079
936 1199
936 1083
936 1149
936 1201
936 1192
936 932
936 938
937 938
937 1193
937 948
937 1149
937 980
937 942
937 935
937 1194
937 983
937 1148
938 1149
938 927
938 1004
938 1196
938 932
938 971
938 1194
938 934
938 933
938 1148
939 935
939 1202
939 980
939 946
939 1199
939 942
939 943
939 927
939 933
939 1194
940 950
940 1003
940 1060
940 1084
940 1121
940 1122
940 951
940 1069
940 944
940 1083
941 1001
941 1079
941 940
941 934
941 945
941 931
941 936
941 1070
941 1077
941 939
942 1202
942 944
942 1197
942 939
942 943
942 1083
942 1148
942 1080
942 934
942 1159
943 1201
943 1156
943 1203
943 1083
943 1197
943 1199
943 1202
943 1192
943 930
943 931
944 931
944 939
944 941
944 935
944 1197
944 1080
944 1148
944 1159
944 946
944 1193
945 1198
945 1159
945 1201
945 1196
945 1194
945 934
945 939
945 1202
945 1083
945 944
946 1198
946 984
946 1196
946 943
946 1197
946 1194
946 948
946 979
946 983
946 938
947 944
947 954
947 1190
947 1123
947 1153
947 996
947 878
947 1186
947 1195
947 994
948 944
948 941
948 1157
948 1198
948 942
948 982
948 1159
948 930
948 1196
948 953
949 940
949 1123
949 948
949 1185
949 1075
949 943
949 956
949 939
949 951
949 955
950 1120
950 1183
950 1074
950 1077
950 1118
950 1167
950 945
950 1182
950 1063
950 1122
951 1118
951 1119
951 948
951 1185
951 1122
951 940
951 1184
951 1116
951 955
951 954
952 1079
952 1063
952 1158
952 954
952 943
952 1123
952 1080
952 1120
952 942
952 1184
953 955
953 1120
953 881
953 1183
953 1189
953 952
953 956
953 950
953 1116
953 951
954 1121
954 1183
954 949
954 998
954 894
954 1123
954 1190
954 956
954 955
954 1184
955 885
955 881
955 882
955 990
955 956
955 953
955 995
955 957
955 880
955 994
956 408
956 1158
956 885
956 883
956 957
956 990
956 1159
956 1186
956 948
956 881
957 1185
957 952
957 889
957 879
957 882
957 610
957 408
957 1183
957 1184
957 1188
958 1140
958 966
958 915
958 1142
958 961
958 918
958 964
958 960
958 912
958 923
959 628
959 1142
959 967
959 1137
959 961
959 1139
959 635
959 914
959 915
959 1143
960 634
960 964
960 1136
960 908
960 637
960 967
960 636
960 1138
960 632
960 907
961 907
961 958
961 964
961 1141
961 960
961 916
961 966
961 1143
961 963
961 919
962 967
962 974
962 1146
962 929
962 926
962 965
962 1145
962 972
962 726
962 964
963 967
963 1146
963 1145
963 1147
963 973
963 966
963 1150
963 1144
963 964
963 916
964 958
964 966
964 959
964 917
964 1146
964 967
964 962
964 970
964 963
964 965
965 1144
965 963
965 918
965 1140
965 962
965 960
965 1145
965 968
965 907
965 973
966 965
966 969
966 1144
966 970
966 962
966 964
966 973
966 726
966 1146
966 968
967 971
967 970
967 965
967 959
967 960
967 736
967 726
967 962
967 961
967 964
968 963
968 974
968 728
968 733
968 973
968 727
968 1146
968 961
968 962
968 735
969 726
969 740
969 964
969 730
969 963
969 735
969 635
969 732
969 734
969 728
970 973
970 964
970 962
970 965
970 1149
970 1150
970 972
970 975
970 1146
970 966
971 962
971 970
971 1150
971 972
971 1145
971 1194
971 726
971 1202
971 976
971 973
972 967
972 1200
972 982
972 1202
972 978
972 1198
972 1151
972 1194
972 1150
972 937
973 963
973 975
973 971
973 1148
973 966
973 726
973 1151
973 735
973 978
973 1147
974 1192
974 1149
974 1156
974 1194
974 1150
974 938
974 977
974 726
974 1195
974 725
975 725
975 1195
975 1157
975 1202
975 962
975 1156
975 1148
975 986
975 1201
975 977
976 984
976 1157
976 1194
976 1202
976 724
976 1200
976 973
976 726
976 986
976 980
977 972
977 975
977 986
977 976
977 725
977 1192
977 981
977 980
977 411
977 937
978 1197
978 984
978 1148
978 937
978 410
978 1149
978 983
978 974
978 1201
978 977
979 1153
979 1156
979 724
979 989
979 984
979 1159
979 1198
979 1152
979 981
979 995
980 937
980 947
980 1202
980 948
980 972
980 946
980 1192
980 1198
980 409
980 727
981 1203
981 410
981 1000
981 948
981 727
981 991
981 979
981 1200
981 1157
981 726
982 1194
982 985
982 727
982 409
982 1156
982 980
982 977
982 975
982 1193
982 976
983 975
983 1202
983 974
983 990
983 948
983 991
983 1156
983 727
983 418
983 981
984 409
984 724
984 414
984 413
984 1158
984 1155
984 979
984 727
984 728
984 1195
985 409
985 880
985 877
985 879
985 981
985 1197
985 1195
985 986
985 1000
985 1193
986 981
986 976
986 987
986 995
986 1158
986 880
986 1153
986 980
986 879
986 1194
987 980
987 984
987 986
987 605
987 983
987 417
987 997
987 1152
987 985
987 978
988 999
988 994
988 1154
988 993
988 997
988 996
988 990
988 1152
988 1153
988 992
989 993
989 999
989 979
989 1153
989 995
989 1158
989 990
989 987
989 997
989 994
990 1155
990 999
990 410
990 985
990 408
990 1158
990 989
990 994
990 979
990 878
991 979
991 885
991 957
991 956
991 980
991 1153
991 998
991 879
991 881
991 992
992 1155
992 994
992 991
992 993
992 989
992 1152
992 1154
992 1153
992 995
992 878
993 994
993 991
993 1154
993 988
993 990
993 992
993 989
993 408
993 1000
993 985
994 992
994 955
994 999
994 996
994 998
994 879
994 878
994 1000
994 1153
994 881
995 1152
995 1157
995 984
995 878
995 957
995 994
995 1153
995 885
995 998
995 956
996 955
996 999
996 987
996 878
996 881
996 994
996 998
996 1155
996 990
996 1153
997 979
997 880
997 955
997 878
997 881
997 947
997 1154
997 1000
997 877
997 991
998 1158
998 1155
998 954
998 885
998 956
998 991
998 878
998 957
998 947
998 408
999 998
999 990
999 1155
999 979
999 1152
999 994
999 993
999 1153
999 992
999 877
1000 1158
1000 879
1000 987
1000 985
1000 979
1000 953
1000 951
1000 880
1000 952
1000 1156
1001 1008
1001 1009
1001 1004
1001 1078
1001 1079
1001 1002
1001 1080
1001 1005
1001 920
1001 943
1002 1004
1002 942
1002 1079
1002 930
1002 1150
1002 934
1002 1084
1002 1005
1002 1070
1002 1001
1003 1087
1003 930
1003 1088
1003 1002
1003 941
1003 1086
1003 1084
1003 1004
1003 1083
1003 920
1004 933
1004 1081
1004 1005
1004 944
1004 938
1004 940
1004 1082
1004 930
1004 1148
1004 1080
1005 928
1005 934
1005 1077
1005 1084
1005 932
1005 1009
1005 1051
1005 1011
1005 1049
1005 929
1006 1051
1006 1106
1006 1009
1006 1104
1006 1066
1006 1049
1006 1179
1006 1175
1006 1062
1006 921
1007 1088
1007 1087
1007 1009
1007 1084
1007 924
1007 1070
1007 920
1007 1011
1007 1050
1007 921
1008 1050
1008 1070
1008 932
1008 1087
1008 1088
1008 1006
1008 931
1008 922
1008 928
1008 1055
1009 1007
1009 1087
1009 1083
1009 1011
1009 922
1009 1010
1009 925
1009 1002
1009 1081
1009 1012
1010 1002
1010 1126
1010 921
1010 1006
1010 920
1010 1087
1010 1004
1010 1084
1010 1177
1010 1179
1011 1125
1011 1019
1011 1056
1011 1062
1011 1004
1011 1059
1011 1052
1011 1061
1011 1081
1011 1084
1012 1178
1012 1179
1012 1174
1012 1091
1012 1019
1012 1090
1012 1003
1012 1088
1012 1089
1012 1084
1013 1014
1013 1045
1013 1092
1013 1021
1013 1129
1013 1024
1013 1094
1013 1015
1013 1131
1013 1128
1014 1019
1014 1179
1014 1125
1014 1087
1014 1011
1014 1177
1014 1018
1014 1090
1014 1006
1014 1009
1015 1172
1015 1176
1015 1006
1015 1173
1015 1126
1015 1010
1015 1013
1015 1090
1015 1003
1015 1177
1016 1019
1016 1169
1016 1098
1016 1102
1016 1172
1016 1099
1016 1100
1016 1091
1016 1174
1016 1170
1017 1018
1017 1016
1017 1179
1017 1087
1017 1168
1017 1015
1017 1175
1017 1176
1017 1177
1017 1126
1018 1127
1018 1091
1018 1085
1018 1101
1018 1174
1018 1178
1018 1126
1018 1168
1018 1124
1018 1125
1019 1177
1019 1090
1019 1174
1019 1016
1019 1124
1019 1125
1019 1017
1019 1015
1019 1086
1019 1085
1020 1015
1020 1093
1020 1178
1020 1101
1020 1091
1020 1172
1020 1174
1020 1176
1020 1019
1020 1025
1021 1097
1021 1027
1021 1016
1021 1020
1021 1045
1021 1095
1021 1127
1021 1048
1021 1094
1021 1098
1022 1021
1022 1046
1022 1013
1022 1028
1022 1025
1022 1029
1022 1129
1022 1095
1022 1048
1022 1102
1023 1034
1023 1031
1023 1135
1023 1036
1023 1047
1023 1029
1023 1048
1023 1132
1023 1041
1023 1046
1024 1133
1024 1131
1024 1134
1024 1047
1024 1097
1024 1029
1024 1168
1024 1013
1024 1028
1024 1100
1025 1133
1025 1047
1025 1028
1025 1100
1025 1023
1025 1129
1025 1097
1025 1030
1025 1098
1025 1168
1026 1027
1026 1133
1026 1037
1026 1134
1026 1040
1026 1102
1026 1038
1026 1044
1026 1039
1026 1035
1027 1031
1027 1029
1027 1101
1027 1132
1027 1100
1027 1021
1027 1025
1027 1037
1027 1135
1027 1045
1028 1096
1028 1026
1028 1031
1028 1044
1028 1135
1028 1134
1028 1132
1028 1023
1028 1099
1028 1046
1029 1099
1029 1097
1029 1028
1029 1098
1029 1024
1029 1132
1029 1101
1029 1022
1029 1134
1029 1026
1030 1045
1030 1134
1030 1047
1030 1036
1030 1027
1030 1029
1030 1025
1030 1046
1030 1040
1030 1023
1031 1040
1031 1047
1031 1032
1031 1037
1031 1133
1031 1135
1031 1046
1031 1036
1031 1034
1031 1029
1032 1030
1032 1047
1032 1036
1032 1043
1032 1040
1032 1031
1032 1038
1032 1026
1032 1039
1032 1042
1033 221
1033 1035
1033 1038
1033 111
1033 223
1033 316
1033 225
1033 12
1033 230
1033 1040
1034 1023
1034 1032
1034 1047
1034 316
1034 1044
1034 1043
1034 1038
1034 1035
1034 1135
1034 1040
1035 7
1035 221
1035 1038
1035 1039
1035 316
1035 1043
1035 1036
1035 1041
1035 1040
1035 1037
1036 1031
1036 1045
1036 1047
1036 1043
1036 1038
1036 1027
1036 1034
1036 1042
1036 1099
1036 1028
1037 1042
1037 1027
1037 1041
1037 1030
1037 1039
1037 1040
1037 1046
1037 1038
1037 1032
1037 1023
1038 1040
1038 1135
1038 1043
1038 1036
1038 1033
1038 1034
1038 1026
1038 1037
1038 7
1038 1032
1039 1135
1039 1047
1039 1040
1039 1033
1039 1043
1039 1041
1039 1030
1039 1035
1039 1023
1039 1026
1040 1036
1040 1031
1040 1032
1040 1042
1040 1044
1040 1034
1040 221
1040 1030
1040 316
1040 7
1041 316
1041 1034
1041 1040
1041 7
1041 1033
1041 1023
1041 1031
1041 1036
1041 1026
1041 1037
1042 7
1042 1135
1042 1032
1042 1037
1042 221
1042 1035
1042 1030
1042 1039
1042 1033
1042 1026
1043 1023
1043 1030
1043 1026
1043 316
1043 1034
1043 1047
1043 1031
1043 1032
1043 1035
1043 1041
1044 1030
1044 1032
1044 1047
1044 1043
1044 1039
1044 1037
1044 1041
1044 1031
1044 1034
1044 1135
1045 1101
1045 1028
1045 1095
1045 1036
1045 1022
1045 1023
1045 1030
1045 1100
1045 1047
1045 1097
1046 1029
1046 1099
1046 1030
1046 1047
1046 1044
1046 1048
1046 1022
1046 1131
1046 1129
1046 1100
1047 1036
1047 1043
1047 1037
1047 1129
1047 1131
1047 1029
1047 1128
1047 1027
1047 1044
1047 1098
1048 1132
1048 1025
1048 1096
1048 1129
1048 1024
1048 1131
1048 1128
1048 1047
1048 1098
1048 1130
1049 1002
1049 1010
1049 1056
1049 919
1049 1008
1049 922
1049 1005
1049 1050
1049 1001
1049 1051
1050 1052
1050 921
1050 1179
1050 1057
1050 920
1050 1008
1050 925
1050 919
1050 922
1050 1009
1051 1004
1051 1009
1051 1179
1051 1057
1051 932
1051 1081
1051 1050
1051 1088
1051 1005
1051 1082
1052 1006
1052 1104
1052 910
1052 1105
1052 1057
1052 1103
1052 921
1052 1056
1052 1009
1052 1007
1053 1114
1053 1116
1053 1117
1053 1057
1053 1055
1053 1118
1053 1107
1053 1069
1053 1166
1053 1064
1054 1108
1054 1059
1054 1103
1054 1110
1054 1053
1054 1057
1054 1058
1054 900
1054 1160
1054 1060
1055 1103
1055 1104
1055 1060
1055 1007
1055 900
1055 1010
1055 910
1055 1051
1055 921
1055 1061
1056 1054
1056 922
1056 1061
1056 1049
1056 1055
1056 921
1056 1057
1056 1008
1056 1052
1056 910
1057 1050
1057 1064
1057 1104
1057 1006
1057 1111
1057 1059
1057 1052
1057 1175
1057 1062
1057 1071
1058 1106
1058 1052
1058 1177
1058 1069
1058 1011
1058 1114
1058 1175
1058 1068
1058 1112
1058 1062
1059 1006
1059 1053
1059 1071
1059 1162
1059 1109
1059 1058
1059 1110
1059 1060
1059 1112
1059 1055
1060 1072
1060 1063
1060 1178
1060 1059
1060 1172
1060 1011
1060 1174
1060 1010
1060 1070
1060 1062
1061 1111
1061 1075
1061 1055
1061 1059
1061 1071
1061 1064
1061 1072
1061 1067
1061 1104
1061 1106
1062 1115
1062 1011
1062 1064
1062 1069
1062 1057
1062 1055
1062 1113
1062 1053
1062 1063
1062 1110
1063 1112
1063 1107
1063 950
1063 1071
1063 1165
1063 1114
1063 1120
1063 1167
1063 1073
1063 1123
1064 1175
1064 1121
1064 1068
1064 1062
1064 1111
1064 1077
1064 1053
1064 1107
1064 1057
1064 1116
1065 1077
1065 1114
1065 1122
1065 1067
1065 1175
1065 1060
1065 1123
1065 1069
1065 1072
1065 1115
1066 1063
1066 1118
1066 1114
1066 1006
1066 1070
1066 1112
1066 1113
1066 1057
1066 1060
1066 1062
1067 1053
1067 1068
1067 1062
1067 1071
1067 1077
1067 1058
1067 1078
1067 940
1067 1179
1067 1061
1068 1123
1068 1064
1068 1175
1068 1074
1068 1084
1068 1113
1068 1066
1068 1078
1068 1088
1068 1120
1069 1064
1069 1175
1069 1058
1069 1060
1069 1122
1069 1115
1069 1084
1069 1088
1069 1173
1069 1120
1070 1060
1070 1001
1070 1058
1070 1069
1070 940
1070 1175
1070 1078
1070 1007
1070 1062
1070 1059
1071 1065
1071 1178
1071 1079
1071 1061
1071 1059
1071 1074
1071 1179
1071 1114
1071 1066
1071 1088
1072 1118
1072 1076
1072 1123
1072 1175
1072 1113
1072 1112
1072 1058
1072 1114
1072 1067
1072 1053
1073 1067
1073 1071
1073 1083
1073 1074
1073 1181
1073 1063
1073 941
1073 1060
1073 1072
1073 1076
1074 951
1074 1077
1074 1175
1074 1071
1074 1119
1074 1063
1074 1079
1074 1064
1074 1076
1074 950
1075 952
1075 1084
1075 951
1075 1066
1075 1123
1075 1068
1075 1071
1075 1118
1075 941
1075 1115
1076 1062
1076 1074
1076 1067
1076 952
1076 1082
1076 1083
1076 1065
1076 1122
1076 1068
1076 1078
1077 1063
1077 949
1077 1060
1077 1084
1077 1123
1077 1070
1077 1072
1077 941
1077 1005
1077 1069
1078 1084
1078 1175
1078 1068
1078 1060
1078 943
1078 1080
1078 1122
1078 1072
1078 1070
1078 940
1079 1081
1079 1069
1079 1082
1079 949
1079 1068
1079 952
1079 943
1079 933
1079 1075
1079 1080
1080 942
1080 938
1080 939
1080 1082
1080 1073
1080 1003
1080 1072
1080 1004
1080 943
1080 1076
1081 1076
1081 944
1081 930
1081 940
1081 1083
1081 1003
1081 1082
1081 1175
1081 929
1081 1009
1082 941
1082 1087
1082 1073
1082 1001
1082 1088
1082 932
1082 1080
1082 1010
1082 931
1082 943
1083 941
1083 1001
1083 1003
1083 936
1083 1088
1083 1005
1083 920
1083 1007
1083 932
1083 1072
1084 1007
1084 1081
1084 1074
1084 1079
1084 1070
1084 1087
1084 1077
1084 1008
1084 1012
1084 1073
1085 1093
1085 1022
1085 1019
1085 1094
1085 1021
1085 1124
1085 1098
1085 1126
1085 1016
1085 1089
1086 1171
1086 1018
1086 1017
1086 1091
1086 1169
1086 1010
1086 1172
1086 1019
1086 1011
1086 1003
1087 1174
1087 1126
1087 1177
1087 1019
1087 1089
1087 1070
1087 1018
1087 1010
1087 1008
1087 1015
1088 1009
1088 1068
1088 1173
1088 1012
1088 1071
1088 1178
1088 920
1088 1084
1088 940
1088 1067
1089 1178
1089 1127
1089 1088
1089 1176
1089 1173
1089 1091
1089 1012
1089 1015
1089 1084
1089 1018
1090 1086
1090 1085
1090 1178
1090 1170
1090 1014
1090 1172
1090 1094
1090 1088
1090 1091
1090 1089
1091 1169
1091 1172
1091 1097
1091 1126
1091 1094
1091 1170
1091 1018
1091 1177
1091 1090
1091 1125
1092 1093
1092 1130
1092 1174
1092 1098
1092 1022
1092 1025
1092 1099
1092 1096
1092 1024
1092 1134
1093 1016
1093 1089
1093 1101
1093 1087
1093 1174
1093 1175
1093 1088
1093 1172
1093 1176
1093 1127
1094 1086
1094 1131
1094 1090
1094 1089
1094 1171
1094 1020
1094 1018
1094 1091
1094 1100
1094 1127
1095 1085
1095 1029
1095 1129
1095 1092
1095 1134
1095 1098
1095 1131
1095 1045
1095 1127
1095 1048
1096 1100
1096 1131
1096 1025
1096 1129
1096 1013
1096 1029
1096 1127
1096 1028
1096 1128
1096 1102
1097 1092
1097 1130
1097 1045
1097 1129
1097 1022
1097 1127
1097 1099
1097 1168
1097 1024
1097 1095
1098 1131
1098 1135
1098 1021
1098 1094
1098 1095
1098 1022
1098 1026
1098 1027
1098 1092
1098 1129
1099 1016
1099 1134
1099 1036
1099 1030
1099 1021
1099 1028
1099 1098
1099 1097
1099 1027
1099 1100
1100 1020
1100 1132
1100 1046
1100 1128
1100 1045
1100 1092
1100 1095
1100 1096
1100 1022
1100 1085
1101 1098
1101 1016
1101 1132
1101 1170
1101 1092
1101 1133
1101 1027
1101 1129
1101 1085
1101 1127
1102 1027
1102 1101
1102 1048
1102 1026
1102 1092
1102 1047
1102 1095
1102 1096
1102 1013
1102 1129
1103 1109
1103 919
1103 1110
1103 909
1103 923
1103 1108
1103 900
1103 913
1103 1055
1103 1104
1104 1058
1104 1109
1104 912
1104 1053
1104 1059
1104 1111
1104 1162
1104 1056
1104 900
1104 1061
1105 1056
1105 910
1105 1055
1105 1111
1105 1052
1105 1110
1105 1106
1105 1062
1105 1059
1105 1104
1106 1107
1106 1160
1106 911
1106 1006
1106 1057
1106 1113
1106 1054
1106 1110
1106 1105
1106 901
1107 1110
1107 1111
1107 1118
1107 1106
1107 1119
1107 1109
1107 1064
1107 891
1107 1114
1107 1162
1108 1114
1108 1111
1108 1059
1108 1165
1108 1106
1108 1103
1108 1105
1108 1054
1108 1115
1108 1112
1109 1162
1109 900
1109 1065
1109 1113
1109 1064
1109 1105
1109 1166
1109 1053
1109 1059
1109 1057
1110 901
1110 1103
1110 1161
1110 900
1110 902
1110 1055
1110 1163
1110 1064
1110 1057
1110 1111
1111 1115
1111 891
1111 1057
1111 1112
1111 1163
1111 1063
1111 1064
1111 1165
1111 1058
1111 1110
1112 1066
1112 1109
1112 1160
1112 1107
1112 1113
1112 1064
1112 1063
1112 1164
1112 1069
1112 1166
1113 1117
1113 1066
1113 1062
1113 1106
1113 1072
1113 1163
1113 1107
1113 1064
1113 1114
1113 1065
1114 1059
1114 1062
1114 1068
1114 1061
1114 1075
1114 1115
1114 1066
1114 1161
1114 1119
1114 1071
1115 1161
1115 1122
1115 1119
1115 1063
1115 1116
1115 1107
1115 1074
1115 1108
1115 1163
1115 1180
1116 882
1116 1183
1116 1189
1116 1063
1116 1107
1116 892
1116 1113
1116 890
1116 1112
1116 1164
1117 891
1117 1111
1117 1182
1117 1063
1117 1118
1117 1183
1117 950
1117 1116
1117 894
1117 1163
1118 1181
1118 1074
1118 1117
1118 1073
1118 1186
1118 951
1118 1164
1118 1123
1118 1113
1118 1066
1119 1064
1119 1112
1119 954
1119 952
1119 1122
1119 1074
1119 1068
1119 883
1119 1073
1119 1164
1120 1121
1120 884
1120 1118
1120 1064
1120 1167
1120 949
1120 957
1120 1112
1120 882
1120 1166
1121 1067
1121 1074
1121 1183
1121 1077
1121 1180
1121 949
1121 1115
1121 1117
1121 947
1121 1076
1122 1066
1122 1071
1122 1182
1122 940
1122 1067
1122 1064
1122 1123
1122 950
1122 1084
1122 1073
1123 1119
1123 1188
1123 949
1123 1068
1123 883
1123 940
1123 1113
1123 953
1123 1076
1123 951
1124 1017
1124 1172
1124 1087
1124 1013
1124 1177
1124 1086
1124 1018
1124 1178
1124 1090
1124 1085
1125 1126
1125 1018
1125 1087
1125 1086
1125 1093
1125 1169
1125 1127
1125 1168
1125 1013
1125 1089
1126 1088
1126 1012
1126 1017
1126 1125
1126 1171
1126 1170
1126 1127
1126 1018
1126 1178
1126 1011
1127 1085
1127 1087
1127 1091
1127 1019
1127 1096
1127 1016
1127 1101
1127 1124
1127 1021
1127 1092
1128 1094
1128 1030
1128 1131
1128 1045
1128 1095
1128 1021
1128 1101
1128 1102
1128 1024
1128 1129
1129 1130
1129 1013
1129 1133
1129 1134
1129 1045
1129 1127
1129 1128
1129 1094
1129 1029
1129 1022
1130 1100
1130 1094
1130 1020
1130 1092
1130 1025
1130 1102
1130 1016
1130 1045
1130 1131
1130 1101
1131 1130
1131 1020
1131 1099
1131 1085
1131 1013
1131 1028
1131 1097
1131 1128
1131 1096
1131 1045
1132 1045
1132 1023
1132 1047
1132 1100
1132 1101
1132 1025
1132 1027
1132 1097
1132 1128
1132 1134
1133 1030
1133 1101
1133 1102
1133 1023
1133 1131
1133 1025
1133 1029
1133 1128
1133 1036
1133 1044
1134 1131
1134 1095
1134 1048
1134 1092
1134 1047
1134 1133
1134 1097
1134 1028
1134 1027
1134 1036
1135 1048
1135 1041
1135 1102
1135 1039
1135 1030
1135 1032
1135 1132
1135 1023
1135 1042
1135 1047
1136 629
1136 899
1136 634
1136 637
1136 633
1136 909
1136 1138
1136 1143
1136 630
1136 632
1137 908
1137 1139
1137 635
1137 960
1137 906
1137 631
1137 1140
1137 629
1137 1141
1137 1142
1138 624
1138 960
1138 620
1138 1136
1138 907
1138 634
1138 1141
1138 627
1138 905
1138 618
1139 637
1139 908
1139 1140
1139 631
1139 629
1139 635
1139 633
1139 904
1139 1141
1139 959
1140 633
1140 960
1140 906
1140 740
1140 1138
1140 958
1140 907
1140 959
1140 1143
1140 631
1141 959
1141 1138
1141 633
1141 636
1141 627
1141 961
1141 1137
1141 632
1141 1142
1141 631
1142 618
1142 905
1142 636
1142 961
1142 637
1142 1138
1142 629
1142 960
1142 1141
1142 628
1143 735
1143 960
1143 632
1143 907
1143 618
1143 1138
1143 631
1143 627
1143 635
1143 1140
1144 917
1144 964
1144 922
1144 924
1144 966
1144 927
1144 1151
1144 1050
1144 1049
1144 920
1145 1151
1145 926
1145 971
1145 1144
1145 962
1145 1147
1145 965
1145 966
1145 931
1145 970
1146 973
1146 917
1146 966
1146 1145
1146 926
1146 965
1146 962
1146 1147
1146 968
1146 921
1147 974
1147 971
1147 926
1147 970
1147 933
1147 1149
1147 962
1147 966
1147 934
1147 932
1148 962
1148 1202
1148 929
1148 942
1148 936
1148 930
1148 944
1148 1195
1148 937
1148 943
1149 942
1149 929
1149 933
1149 934
1149 970
1149 926
1149 935
1149 1202
1149 974
1149 962
1150 973
1150 1149
1150 962
1150 963
1150 943
1150 1201
1150 927
1150 932
1150 974
1150 928
1151 968
1151 726
1151 938
1151 1194
1151 935
1151 976
1151 970
1151 1200
1151 1150
1151 1201
1152 992
1152 990
1152 947
1152 408
1152 996
1152 1155
1152 979
1152 994
1152 1153
1152 878
1153 986
1153 1157
1153 984
1153 995
1153 947
1153 987
1153 990
1153 985
1153 983
1153 877
1154 956
1154 879
1154 999
1154 1000
1154 998
1154 992
1154 1157
1154 994
1154 995
1154 989
1155 956
1155 983
1155 986
1155 1159
1155 992
1155 947
1155 414
1155 1184
1155 980
1155 1193
1156 1155
1156 1201
1156 945
1156 946
1156 724
1156 986
1156 982
1156 947
1156 983
1156 1193
1157 953
1157 948
1157 951
1157 978
1157 1159
1157 982
1157 939
1157 945
1157 984
1157 1200
1158 983
1158 1156
1158 1193
1158 1159
1158 880
1158 954
1158 955
1158 989
1158 979
1158 1152
1159 1201
1159 952
1159 409
1159 979
1159 975
1159 937
1159 942
1159 945
1159 1193
1159 1192
1160 1110
1160 1164
1160 1106
1160 1109
1160 1104
1160 904
1160 901
1160 1111
1160 896
1160 897
1161 903
1161 1160
1161 1162
1161 897
1161 900
1161 891
1161 1114
1161 892
1161 1112
1161 1163
1162 1053
1162 1058
1162 900
1162 1110
1162 902
1162 1103
1162 1054
1162 903
1162 1111
1162 1059
1163 1106
1163 1118
1163 893
1163 1166
1163 1161
1163 1107
1163 901
1163 895
1163 1165
1163 1162
1164 888
1164 887
1164 1186
1164 882
1164 1160
1164 1107
1164 897
1164 1163
1164 1113
1164 893
1165 888
1165 1186
1165 882
1165 1189
1165 1161
1165 1180
1165 895
1165 1112
1165 1166
1165 892
1166 1112
1166 896
1166 1163
1166 895
1166 1113
1166 882
1166 1161
1166 1120
1166 1118
1166 892
1167 893
1167 894
1167 1165
1167 1183
1167 1180
1167 886
1167 887
1167 1118
1167 1117
1167 1161
1168 1024
1168 1016
1168 1095
1168 1125
1168 1092
1168 1102
1168 1170
1168 1090
1168 1130
1168 1020
1169 1088
1169 1089
1169 1170
1169 1021
1169 1019
1169 1101
1169 1177
1169 1175
1169 1090
1169 1018
1170 1101
1170 1176
1170 1087
1170 1097
1170 1125
1170 1089
1170 1019
1170 1016
1170 1124
1170 1169
1171 1176
1171 1173
1171 1086
1171 1071
1171 1124
1171 1015
1171 1087
1171 1101
1171 1127
1171 1090
1172 1171
1172 1179
1172 1089
1172 1018
1172 1060
1172 1093
1172 1088
1172 1174
1172 1071
1172 1019
1173 1076
1173 1176
1173 1170
1173 1088
1173 1087
1173 1084
1173 1174
1173 1126
1173 1061
1173 1090
1174 1016
1174 1019
1174 1084
1174 1176
1174 1020
1174 1169
1174 1177
1174 1012
1174 1175
1174 1017
1175 1083
1175 940
1175 1074
1175 1017
1175 1066
1175 1065
1175 1061
1175 1064
1175 1006
1175 1079
1176 1020
1176 1010
1176 1124
1176 1071
1176 1012
1176 1087
1176 1086
1176 1014
1176 1011
1176 1018
1177 1089
1177 1014
1177 1172
1177 1175
1177 1171
1177 1019
1177 1091
1177 1015
1177 1178
1177 1126
1178 1020
1178 1086
1178 1019
1178 1126
1178 1179
1178 1093
1178 1071
1178 1173
1178 1012
1178 1169
1179 1056
1179 1015
1179 1058
1179 1006
1179 1175
1179 1017
1179 1055
1179 1012
1179 1011
1179 1010
1180 1116
1180 1183
1180 1186
1180 886
1180 1181
1180 882
1180 1063
1180 883
1180 1121
1180 1115
1181 1063
1181 1184
1181 1073
1181 954
1181 1180
1181 1190
1181 951
1181 883
1181 877
1181 1119
1182 1180
1182 1117
1182 953
1182 951
1182 1188
1182 954
1182 890
1182 1116
1182 886
1182 887
1183 1121
1183 951
1183 949
1183 883
1183 1191
1183 956
1183 953
1183 1167
1183 1118
1183 1123
1184 610
1184 879
1184 887
1184 955
1184 1120
1184 880
1184 952
1184 1191
1184 881
1184 877
1185 954
1185 1157
1185 885
1185 1122
1185 1000
1185 1123
1185 1119
1185 878
1185 1183
1185 880
1186 952
1186 1119
1186 1188
1186 886
1186 1180
1186 889
1186 1190
1186 882
1186 1063
1186 1191
1187 894
1187 883
1187 957
1187 885
1187 1119
1187 1188
1187 1183
1187 886
1187 1180
1187 884
1188 886
1188 1183
1188 883
1188 894
1188 1185
1188 1118
1188 954
1188 1123
1188 1191
1188 1181
1189 882
1189 890
1189 1191
1189 1164
1189 886
1189 1166
1189 889
1189 1167
1189 884
1189 895
1190 879
1190 890
1190 888
1190 885
1190 953
1190 877
1190 884
1190 1123
1190 1116
1190 956
1191 1187
1191 1183
1191 1182
1191 877
1191 879
1191 607
1191 893
1191 884
1191 887
1191 1116
1192 409
1192 978
1192 1199
1192 948
1192 1203
1192 936
1192 1193
1192 943
1192 972
1192 1156
1193 877
1193 1153
1193 724
1193 1200
1193 976
1193 410
1193 1197
1193 944
1193 956
1193 997
1194 939
1194 985
1194 984
1194 976
1194 946
1194 1196
1194 1193
1194 727
1194 943
1194 1195
1195 985
1195 1201
1195 1157
1195 974
1195 1158
1195 1156
1195 983
1195 1200
1195 1199
1195 1197
1196 1193
1196 1157
1196 1158
1196 951
1196 1194
1196 939
1196 1078
1196 1159
1196 1200
1196 981
1197 991
1197 1201
1197 946
1197 943
1197 1203
1197 947
1197 956
1197 984
1197 1200
1197 1195
1198 980
1198 1157
1198 976
1198 937
1198 1151
1198 1196
1198 943
1198 1203
1198 971
1198 984
1199 1202
1199 1195
1199 1192
1199 1201
1199 937
1199 944
1199 1196
1199 1198
1199 935
1199 943
1200 945
1200 980
1200 1156
1200 978
1200 934
1200 1202
1200 1159
1200 1157
1200 1192
1200 937
1201 978
1201 1149
1201 981
1201 936
1201 930
1201 1196
1201 971
1201 943
1201 1156
1201 972
1202 974
1202 1199
1202 981
1202 983
1202 1192
1202 943
1202 937
1202 1156
1202 1200
1202 1197
1203 976
1203 942
1203 944
1203 1159
1203 1197
1203 948
1203 1151
1203 1156
1203 949
1203 1149
