-0.145597 0.416038 0.413749 -0.530745 0.120682 0.838896
-0.130122 0.456611 0.413116 -0.384426 0.276427 0.880798
-0.142529 0.443153 0.408714 -0.523263 0.212453 0.825264
-0.151869 0.456810 0.399276 -0.585511 0.298861 0.753564
-0.111940 0.441349 0.423169 -0.227151 0.120186 0.966415
-0.129220 0.437999 0.416678 -0.373798 0.156833 0.914155
-0.104268 0.416859 0.425597 -0.139914 0.710736 0.689404
-0.120602 0.424749 0.420838 -0.275728 0.008919 0.961194
-0.155447 0.438241 0.399987 -0.666307 0.156316 0.729109
-0.168875 0.441874 0.386937 -0.753752 0.176557 0.632998
-0.163038 0.425140 0.393832 -0.749757 0.011090 0.661620
-0.174643 0.417509 0.380809 -0.654322 0.584140 0.480254
-0.133841 0.463397 0.407294 -0.490175 0.397072 0.775927
-0.119531 0.476771 0.409490 -0.228296 0.567122 0.791362
-0.157574 0.458586 0.391685 -0.722468 0.313501 0.616244
-0.151977 0.477073 0.388841 -0.579498 0.585432 0.566967
-0.141126 0.470218 0.399202 -0.490147 0.397000 0.775981
-0.121174 0.486017 0.393195 -0.306144 0.814412 0.492960
-0.092014 0.504206 0.381254 -0.012919 0.880708 0.473484
-0.127227 0.495302 0.374094 -0.306170 0.814447 0.492885
-0.137690 0.504626 0.352187 -0.426762 0.892242 0.147579
-0.053825 0.472155 0.402369 0.298016 0.611669 0.732835
-0.088457 0.484377 0.397704 0.126942 0.646723 0.752087
-0.092406 0.454006 0.424488 0.056792 0.308753 0.949445
-0.088587 0.467644 0.412116 0.126942 0.646736 0.752076
-0.114020 0.462463 0.415698 -0.256339 0.299938 0.918873
-0.111489 0.450655 0.420258 -0.256349 0.299873 0.918891
-0.037712 0.420717 0.407466 0.106464 0.923568 0.368357
-0.061314 0.448959 0.411441 0.407389 0.215553 0.887452
-0.080959 0.417470 0.428109 0.117592 0.509796 0.852221
-0.095102 0.437608 0.425255 -0.108634 0.064279 0.992001
-0.099056 0.425226 0.425625 -0.108593 0.064332 0.992002
-0.070359 0.430731 0.420021 0.407409 0.215595 0.887432
-0.173622 0.438057 0.379393 -0.861047 0.077432 0.502596
-0.177347 0.454789 0.370433 -0.861315 0.354851 0.363616
-0.166066 0.457912 0.382070 -0.722490 0.313513 0.616213
-0.155671 0.478829 0.370487 -0.726539 0.654607 0.208880
-0.162815 0.477680 0.349630 -0.724398 0.655067 0.214792
-0.173408 0.473626 0.326269 -0.821799 0.552971 -0.137362
-0.185954 0.418438 0.361293 -0.582157 0.786858 0.204812
-0.178903 0.448951 0.352665 -0.973624 0.227921 0.010376
-0.179315 0.430245 0.370845 -0.860987 0.077464 0.502694
-0.181628 0.438049 0.333654 -0.973907 0.226789 0.008491
-0.185523 0.422082 0.313401 -0.797087 0.575013 -0.184425
-0.139434 0.495896 0.327602 -0.523615 0.813876 -0.251858
-0.107204 0.509436 0.304350 -0.324796 0.897120 -0.299471
-0.167284 0.458048 0.306034 -0.814814 0.313290 -0.487778
-0.142921 0.478436 0.278431 -0.578492 0.539286 -0.611979
-0.141178 0.487166 0.303017 -0.523616 0.813873 -0.251866
-0.161160 0.442470 0.285799 -0.814818 0.313300 -0.487766
-0.155037 0.426893 0.265564 -0.537678 0.609571 -0.582517
-0.130871 0.455827 0.265592 -0.364498 0.305295 -0.879736
-0.094654 0.462153 0.252782 -0.293154 0.456590 -0.839992
-0.114926 0.483342 0.278521 -0.123315 0.716310 -0.686800
-0.117278 0.439856 0.254391 -0.365515 0.307462 -0.878559
-0.102142 0.430523 0.244828 -0.335094 0.561662 -0.756471
-0.076770 0.506611 0.357336 0.134773 0.973680 0.183802
-0.107221 0.506891 0.337958 -0.038842 0.996394 0.075434
-0.102158 0.505148 0.363592 -0.038842 0.996394 0.075433
-0.074203 0.494324 0.380320 0.464461 0.801521 0.376616
-0.141503 0.416802 0.406718 -0.043526 0.995612 0.082841
-0.154955 0.417602 0.389233 -0.033273 0.997215 0.066753
-0.123727 0.417589 0.405000 -0.033344 0.997206 0.066843
-0.101542 0.418875 0.398956 -0.038809 0.996396 0.075420
-0.136396 0.420412 0.360720 -0.038823 0.996392 0.075464
-0.126091 0.423231 0.328810 -0.038824 0.996392 0.075466
-0.098297 0.426044 0.305953 -0.038802 0.996394 0.075448
-0.110036 0.392494 0.419470 -0.238737 -0.327525 0.914184
-0.119967 0.408464 0.419605 -0.268124 -0.174766 0.947400
-0.127042 0.377558 0.407130 -0.403279 -0.451632 0.795861
-0.127558 0.395363 0.413450 -0.354361 -0.321892 0.877960
-0.148789 0.377760 0.393290 -0.604522 -0.433837 0.668086
-0.140476 0.390452 0.404723 -0.500117 -0.375387 0.780364
-0.166971 0.393019 0.383237 -0.765547 -0.278638 0.579912
-0.153786 0.395606 0.396759 -0.648296 -0.316148 0.692649
-0.162404 0.408855 0.392598 -0.743039 -0.168560 0.647673
-0.101290 0.396823 0.421345 -0.098861 -0.220605 0.970340
-0.089566 0.381117 0.418969 0.064327 -0.476647 0.876738
-0.091598 0.405149 0.424225 -0.098791 -0.220579 0.970353
-0.073451 0.389376 0.413892 0.428056 -0.314380 0.847309
-0.049827 0.369541 0.394598 0.419006 -0.583906 0.695333
-0.056166 0.402576 0.410058 0.428049 -0.314386 0.847311
-0.085544 0.338172 0.368681 0.131719 -0.938650 0.318725
-0.074979 0.362943 0.394083 0.181033 -0.740681 0.647007
-0.114936 0.358836 0.400558 -0.214737 -0.706503 0.674345
-0.104846 0.377482 0.412999 -0.229633 -0.451143 0.862403
-0.117338 0.376296 0.409053 -0.229545 -0.451163 0.862416
-0.096682 0.359375 0.396069 0.180971 -0.740693 0.647012
-0.131221 0.338592 0.339613 -0.369500 -0.929231 0.000239
-0.110567 0.345200 0.369617 -0.239331 -0.900501 0.363069
-0.147381 0.359134 0.379911 -0.564242 -0.691704 0.450750
-0.131179 0.352187 0.373361 -0.239315 -0.900506 0.363067
-0.129786 0.365176 0.395866 -0.454691 -0.542081 0.706685
-0.141071 0.371484 0.393444 -0.454781 -0.541995 0.706694
-0.169409 0.370643 0.318497 -0.786169 -0.573790 -0.229574
-0.149337 0.356123 0.346007 -0.672471 -0.732798 0.103876
-0.174508 0.381901 0.364912 -0.851527 -0.436194 0.290922
-0.156893 0.372932 0.379371 -0.691855 -0.455001 0.560633
-0.163423 0.384227 0.380480 -0.691848 -0.455025 0.560624
-0.163766 0.370559 0.354440 -0.672459 -0.732809 0.103869
-0.176480 0.391542 0.332270 -0.952903 -0.301633 -0.031521
-0.068557 0.349430 0.369347 0.527294 -0.810666 0.254521
-0.070301 0.340577 0.344762 0.297627 -0.950029 0.094147
-0.105833 0.340056 0.333357 0.038852 -0.996392 -0.075449
-0.100734 0.343403 0.291777 -0.126204 -0.925413 -0.357328
-0.085526 0.340717 0.335073 0.038825 -0.996394 -0.075444
-0.146517 0.361563 0.309590 -0.464459 -0.801520 -0.376622
-0.138922 0.375454 0.270661 -0.454662 -0.532280 -0.714116
-0.123626 0.352483 0.300684 -0.464459 -0.801520 -0.376622
-0.154456 0.390997 0.284907 -0.790333 -0.300504 -0.533920
-0.169990 0.406539 0.299154 -0.790353 -0.300482 -0.533903
-0.110613 0.372530 0.270139 -0.077671 -0.611379 -0.787517
-0.092184 0.398733 0.247979 -0.218914 -0.419056 -0.881175
-0.132034 0.410957 0.260351 -0.345786 -0.199186 -0.916928
-0.111083 0.401570 0.254489 -0.345773 -0.199196 -0.916931
-0.181995 0.407474 0.346535 -0.952901 -0.301639 -0.031527
-0.175811 0.397786 0.369814 -0.848834 -0.218221 0.481519
-0.175856 0.409655 0.375113 -0.848819 -0.218166 0.481570
0.145597 0.416038 0.413749 0.534044 -0.084894 0.841183
0.151869 0.456810 0.399276 0.585513 0.298866 0.753561
0.142530 0.443153 0.408714 0.523280 0.212447 0.825254
0.130123 0.456611 0.413116 0.384428 0.276430 0.880796
0.129220 0.437999 0.416678 0.373790 0.156821 0.914160
0.111940 0.441349 0.423169 0.227148 0.120182 0.966416
0.120602 0.424749 0.420838 0.275728 0.008919 0.961194
0.104268 0.416859 0.425597 0.157581 0.552254 0.818648
0.168875 0.441875 0.386937 0.753744 0.176571 0.633003
0.155447 0.438241 0.399987 0.666302 0.156318 0.729113
0.174644 0.417509 0.380809 0.769785 0.330591 0.546023
0.163039 0.425141 0.393832 0.749745 0.011114 0.661633
0.119531 0.476771 0.409490 0.228296 0.567127 0.791358
0.133841 0.463397 0.407294 0.490185 0.397098 0.775907
0.151977 0.477073 0.388841 0.579498 0.585433 0.566966
0.157574 0.458586 0.391685 0.722459 0.313505 0.616253
0.141126 0.470218 0.399202 0.490147 0.397000 0.775981
0.092015 0.504206 0.381254 0.012924 0.880707 0.473485
0.121174 0.486017 0.393195 0.306147 0.814408 0.492964
0.137690 0.504626 0.352187 0.426762 0.892241 0.147578
0.127227 0.495302 0.374094 0.306175 0.814447 0.492882
0.088457 0.484377 0.397704 -0.126942 0.646726 0.752085
0.053825 0.472155 0.402369 -0.298012 0.611670 0.732836
0.088587 0.467644 0.412116 -0.126942 0.646736 0.752076
0.092406 0.454006 0.424488 -0.056793 0.308754 0.949445
0.111490 0.450655 0.420258 0.256344 0.299864 0.918896
0.114020 0.462463 0.415698 0.256331 0.299946 0.918872
0.061314 0.448960 0.411441 -0.407388 0.215557 0.887452
0.037712 0.420718 0.407466 -0.106456 0.923569 0.368358
0.080959 0.417470 0.428109 -0.117588 0.509793 0.852223
0.099056 0.425226 0.425625 0.108593 0.064332 0.992002
0.095102 0.437608 0.425255 0.108634 0.064279 0.992001
0.070359 0.430731 0.420021 -0.407405 0.215594 0.887435
0.177347 0.454789 0.370433 0.861315 0.354859 0.363609
0.155671 0.478829 0.370487 0.726539 0.654607 0.208880
0.173622 0.438058 0.379393 0.861038 0.077459 0.502607
0.166066 0.457912 0.382070 0.722493 0.313524 0.616204
0.173408 0.473626 0.326269 0.821797 0.552976 -0.137357
0.162815 0.477680 0.349630 0.724398 0.655067 0.214792
0.185954 0.418438 0.361293 0.582162 0.786855 0.204808
0.179315 0.430245 0.370845 0.861005 0.077476 0.502661
0.178903 0.448951 0.352665 0.973624 0.227921 0.010376
0.185524 0.422082 0.313401 0.797085 0.575014 -0.184427
0.181629 0.438049 0.333654 0.973904 0.226802 0.008513
0.107204 0.509436 0.304350 0.324796 0.897120 -0.299471
0.139434 0.495896 0.327602 0.523615 0.813876 -0.251858
0.142921 0.478436 0.278431 0.578489 0.539286 -0.611982
0.141178 0.487166 0.303017 0.523616 0.813873 -0.251866
0.167284 0.458048 0.306034 0.814811 0.313304 -0.487774
0.155037 0.426892 0.265564 0.537679 0.609565 -0.582522
0.161161 0.442470 0.285799 0.814808 0.313296 -0.487784
0.094654 0.462153 0.252782 0.293158 0.456592 -0.839989
0.114926 0.483342 0.278521 0.123315 0.716310 -0.686800
0.130871 0.455827 0.265592 0.364500 0.305290 -0.879737
0.102143 0.430523 0.244828 0.335107 0.561660 -0.756466
0.117278 0.439856 0.254391 0.365525 0.307474 -0.878551
0.076770 0.506611 0.357336 -0.134768 0.973680 0.183805
0.074203 0.494324 0.380320 -0.464446 0.801525 0.376626
0.107221 0.506891 0.337958 0.038842 0.996394 0.075434
0.102158 0.505148 0.363592 0.038842 0.996394 0.075432
0.141503 0.416802 0.406718 0.000000 0.000000 1.000000
0.154955 0.417602 0.389233 0.033270 0.997215 0.066750
0.123727 0.417589 0.405000 0.033344 0.997206 0.066843
0.101542 0.418875 0.398956 0.038823 0.996394 0.075441
0.136397 0.420413 0.360720 0.038830 0.996392 0.075465
0.126091 0.423231 0.328810 0.038819 0.996394 0.075448
0.098297 0.426044 0.305953 0.038821 0.996394 0.075449
0.119967 0.408464 0.419605 0.268124 -0.174766 0.947400
0.110036 0.392494 0.419470 0.238744 -0.327526 0.914182
0.127558 0.395364 0.413450 0.354367 -0.321902 0.877954
0.127042 0.377559 0.407130 0.403277 -0.451618 0.795870
0.140476 0.390452 0.404723 0.500104 -0.375392 0.780370
0.148789 0.377760 0.393290 0.604514 -0.433830 0.668097
0.153786 0.395606 0.396759 0.648276 -0.316158 0.692663
0.166972 0.393019 0.383237 0.765549 -0.278653 0.579903
0.162404 0.408855 0.392598 0.743028 -0.168556 0.647687
0.089566 0.381117 0.418969 -0.064327 -0.476648 0.876738
0.101290 0.396823 0.421345 0.098861 -0.220605 0.970340
0.091598 0.405149 0.424225 0.098791 -0.220579 0.970353
0.049827 0.369541 0.394598 -0.419003 -0.583906 0.695335
0.073451 0.389376 0.413892 -0.428056 -0.314380 0.847309
0.056166 0.402576 0.410058 -0.428056 -0.314381 0.847310
0.074979 0.362943 0.394083 -0.181031 -0.740684 0.647005
0.085545 0.338172 0.368681 -0.131714 -0.938650 0.318727
0.114936 0.358836 0.400558 0.214737 -0.706499 0.674350
0.117338 0.376296 0.409053 0.229575 -0.451156 0.862411
0.104846 0.377482 0.412999 0.229633 -0.451143 0.862403
0.096682 0.359375 0.396069 -0.180974 -0.740694 0.647009
0.110567 0.345200 0.369617 0.239337 -0.900499 0.363070
0.131221 0.338592 0.339613 0.369496 -0.929232 0.000236
0.147382 0.359134 0.379912 0.564246 -0.691691 0.450766
0.141071 0.371484 0.393444 0.454776 -0.541956 0.706727
0.129787 0.365176 0.395867 0.454676 -0.542052 0.706717
0.131180 0.352187 0.373361 0.239295 -0.900513 0.363063
0.149337 0.356123 0.346007 0.672467 -0.732803 0.103861
0.169409 0.370643 0.318497 0.786166 -0.573792 -0.229577
0.163766 0.370559 0.354440 0.672475 -0.732796 0.103865
0.174508 0.381901 0.364912 0.851529 -0.436193 0.290919
0.163423 0.384227 0.380480 0.691835 -0.455066 0.560606
0.156893 0.372932 0.379371 0.691871 -0.454951 0.560655
0.176480 0.391542 0.332270 0.952898 -0.301649 -0.031517
0.070301 0.340577 0.344762 -0.297617 -0.950031 0.094153
0.068558 0.349430 0.369347 -0.527278 -0.810673 0.254532
0.085527 0.340717 0.335073 -0.038824 -0.996394 -0.075443
0.100734 0.343403 0.291777 0.126204 -0.925413 -0.357328
0.105833 0.340056 0.333357 -0.038853 -0.996392 -0.075448
0.138922 0.375454 0.270661 0.454660 -0.532283 -0.714114
0.146517 0.361563 0.309590 0.464459 -0.801520 -0.376622
0.123626 0.352483 0.300684 0.464459 -0.801520 -0.376622
0.154456 0.390996 0.284907 0.790332 -0.300509 -0.533920
0.169990 0.406539 0.299154 0.790344 -0.300495 -0.533909
0.092184 0.398733 0.247979 0.218911 -0.419060 -0.881173
0.110613 0.372530 0.270139 0.077671 -0.611379 -0.787517
0.132034 0.410956 0.260351 0.345788 -0.199190 -0.916926
0.111083 0.401570 0.254489 0.345768 -0.199206 -0.916930
0.175811 0.397786 0.369814 0.848851 -0.218229 0.481485
0.175857 0.409655 0.375113 0.848836 -0.218175 0.481536
0.181995 0.407474 0.346535 0.952902 -0.301638 -0.031507
0.000000 0.578336 -0.081065 0.000000 0.999846 -0.017535
0.000000 0.551647 0.055143 0.000000 0.895869 0.444318
0.026930 0.557174 -0.000696 0.193559 0.962780 0.188650
0.080789 0.541540 0.023833 0.356159 0.842559 0.404036
0.064027 0.552499 -0.034639 0.318924 0.943918 0.085481
0.111292 0.537620 -0.046685 0.652246 0.757921 0.011452
0.026930 0.512606 0.083897 0.333198 0.697261 0.634670
0.000000 0.444630 0.172714 0.000000 0.034791 0.999395
0.052782 0.472169 0.120601 0.200043 0.767972 0.608442
0.077558 0.430337 0.165255 0.328564 0.190018 0.925170
0.118177 0.512365 0.017392 0.623100 0.748192 0.227935
0.162450 0.457936 0.075027 0.672781 0.645360 0.361768
0.106932 0.476604 0.088038 0.378568 0.723359 0.577441
0.209736 0.407607 -0.027219 0.847725 0.529935 -0.023055
0.161159 0.467721 0.000374 0.790710 0.608612 0.066102
0.143067 0.426370 0.116335 0.524443 0.539731 0.658521
0.189192 0.390838 0.108724 0.693938 -0.147678 0.704728
0.187126 0.418794 0.052177 0.876586 0.443358 0.187161
0.238917 0.350683 -0.025688 0.814648 -0.569413 0.110084
0.212615 0.383043 0.018606 0.872038 0.452078 0.187550
0.071227 0.552002 -0.083519 0.346441 0.938012 -0.010587
0.102389 0.540049 -0.122807 0.623443 0.731316 -0.276581
0.185554 0.403741 -0.124076 0.784018 0.555388 -0.277238
0.133078 0.493803 -0.097856 0.850376 0.519608 -0.082877
0.168861 0.449656 -0.065993 0.793203 0.567560 -0.220691
0.222291 0.371823 -0.062983 0.882744 0.448780 -0.139137
0.218221 0.357178 -0.136043 0.893333 -0.080515 -0.442123
0.204504 0.389509 -0.095779 0.772145 0.597384 -0.216623
0.046291 0.556141 -0.130099 0.290806 0.944473 -0.152980
0.036484 0.550037 -0.186424 0.480032 0.719490 -0.501900
0.012161 0.560455 -0.158143 0.187016 0.963030 -0.193905
0.000000 0.552991 -0.206941 -0.000000 0.869467 -0.493992
0.140701 0.452718 -0.148646 0.758764 0.467167 -0.453909
0.134160 0.414364 -0.199054 0.659918 0.621474 -0.422230
0.091011 0.501483 -0.169428 0.635661 0.511463 -0.578222
0.179312 0.391761 -0.153058 0.700659 0.593384 -0.396198
0.075582 0.431701 -0.251592 0.533545 0.693924 -0.483527
0.082075 0.465367 -0.212357 0.650489 0.519858 -0.553725
0.000000 0.449616 -0.295155 0.000002 0.841731 -0.539897
0.012161 0.517548 -0.229507 0.432974 0.585123 -0.685686
0.037355 0.477118 -0.244390 0.513042 0.537889 -0.668927
0.054997 0.430270 -0.278158 0.406672 0.839509 -0.360337
0.089409 0.409493 -0.287727 0.629793 0.052755 -0.774969
0.099717 0.418519 -0.246124 0.508725 0.806579 -0.301048
0.170221 0.384485 -0.185343 0.673266 0.686185 -0.275432
0.158282 0.381914 -0.220933 0.772110 0.086567 -0.629565
0.127284 0.401924 -0.235905 0.621703 0.699606 -0.352188
0.000000 0.442460 -0.347963 0.000004 0.346471 -0.938060
0.029803 0.433856 -0.310282 0.414786 0.901678 -0.122186
-0.089410 0.409493 -0.287727 -0.629795 0.052753 -0.774968
-0.029803 0.433856 -0.310282 -0.414782 0.901680 -0.122186
-0.054998 0.430270 -0.278158 -0.406669 0.839510 -0.360339
-0.075583 0.431701 -0.251592 -0.533546 0.693925 -0.483525
-0.037356 0.477118 -0.244390 -0.513037 0.537892 -0.668929
-0.036484 0.550037 -0.186424 -0.480032 0.719491 -0.501899
-0.012161 0.560455 -0.158143 -0.187016 0.963029 -0.193905
-0.012161 0.517548 -0.229507 -0.432974 0.585123 -0.685686
-0.134160 0.414364 -0.199054 -0.659920 0.621473 -0.422228
-0.099718 0.418519 -0.246124 -0.508730 0.806576 -0.301045
-0.082076 0.465367 -0.212357 -0.650494 0.519861 -0.553716
-0.127284 0.401924 -0.235905 -0.621706 0.699606 -0.352183
-0.158282 0.381914 -0.220933 -0.772112 0.086566 -0.629563
-0.046291 0.556141 -0.130099 -0.290806 0.944473 -0.152980
-0.102389 0.540049 -0.122807 -0.623443 0.731316 -0.276581
-0.091011 0.501483 -0.169428 -0.635661 0.511463 -0.578222
-0.071227 0.552002 -0.083519 -0.346441 0.938012 -0.010587
-0.111292 0.537620 -0.046685 -0.652246 0.757921 0.011452
-0.080789 0.541540 0.023833 -0.356159 0.842559 0.404036
-0.026930 0.557174 -0.000696 -0.193559 0.962780 0.188650
-0.064027 0.552499 -0.034639 -0.318924 0.943918 0.085481
-0.026930 0.512606 0.083897 -0.333198 0.697261 0.634670
-0.077558 0.430337 0.165255 -0.328564 0.190018 0.925170
-0.052782 0.472169 0.120601 -0.200044 0.767972 0.608442
-0.162450 0.457936 0.075027 -0.672781 0.645360 0.361768
-0.106932 0.476604 0.088038 -0.378568 0.723359 0.577441
-0.118177 0.512365 0.017392 -0.623100 0.748192 0.227935
-0.161159 0.467721 0.000374 -0.790710 0.608612 0.066102
-0.209736 0.407607 -0.027219 -0.847725 0.529935 -0.023055
-0.189192 0.390838 0.108724 -0.693938 -0.147678 0.704728
-0.143067 0.426370 0.116335 -0.524443 0.539731 0.658521
-0.187126 0.418794 0.052177 -0.876587 0.443358 0.187161
-0.212615 0.383043 0.018606 -0.872038 0.452078 0.187550
-0.238917 0.350683 -0.025688 -0.814648 -0.569413 0.110084
-0.140701 0.452718 -0.148646 -0.758763 0.467167 -0.453909
-0.185554 0.403741 -0.124076 -0.784018 0.555388 -0.277238
-0.133078 0.493803 -0.097856 -0.850376 0.519608 -0.082877
-0.168861 0.449656 -0.065993 -0.793203 0.567560 -0.220691
-0.218221 0.357178 -0.136043 -0.893333 -0.080515 -0.442123
-0.179312 0.391761 -0.153058 -0.700659 0.593384 -0.396198
-0.170221 0.384485 -0.185343 -0.673266 0.686185 -0.275432
-0.222291 0.371823 -0.062983 -0.882744 0.448780 -0.139137
-0.204504 0.389509 -0.095779 -0.772145 0.597384 -0.216623
0.069667 0.388921 0.127318 0.608402 -0.009042 0.793578
0.049075 0.421296 0.155096 -0.052018 -0.669135 0.741318
0.000000 0.413257 0.141417 -0.000000 0.248327 0.968676
0.023222 0.415603 0.147150 -0.102882 -0.702501 0.704207
0.191427 0.351930 0.047221 0.639510 -0.638977 0.427475
0.146172 0.314268 0.058628 0.860048 -0.386960 0.332533
0.000000 0.268485 -0.094438 -0.000000 -0.993335 -0.115260
0.122069 0.291397 -0.047504 0.334476 -0.941701 -0.036411
0.066674 0.277943 -0.037836 0.219100 -0.970984 -0.095839
0.077953 0.273947 0.028435 0.196455 -0.971401 0.133361
0.025984 0.270903 -0.002854 0.051398 -0.998609 0.011782
0.000000 0.270277 0.057441 0.000000 -0.990850 0.134965
0.054424 0.297729 0.113023 0.360125 -0.884005 0.298068
0.044126 0.285824 0.085744 0.218312 -0.921946 0.319931
0.000000 0.285796 0.115773 -0.000000 -0.971019 0.239003
0.000000 0.296502 0.197917 0.000000 -0.999939 0.011050
0.018141 0.293342 0.142238 0.218538 -0.967645 0.126115
0.115132 0.291397 -0.138344 0.377622 -0.894089 -0.240846
0.079067 0.283760 -0.093429 0.189838 -0.981708 -0.014497
0.158706 0.311159 -0.070512 0.457371 -0.888590 -0.034927
0.190757 0.333086 -0.100025 0.534262 -0.832054 -0.149167
0.074829 0.299985 -0.197049 0.298976 -0.852996 -0.427798
0.063320 0.286622 -0.143277 0.110079 -0.969844 -0.217452
0.000000 0.307915 -0.246144 0.000000 -0.767580 -0.640953
0.024943 0.292128 -0.179210 0.062354 -0.965960 -0.251063
0.089819 0.304523 -0.184494 0.609466 -0.609076 -0.507521
0.079497 0.322187 -0.218088 0.050629 -0.845509 -0.531556
0.051442 0.310029 -0.220427 0.349191 -0.682180 -0.642414
0.152125 0.321268 -0.154866 0.519348 -0.803744 -0.290298
0.123022 0.315229 -0.190212 0.467312 -0.850648 0.240869
0.105884 0.309604 -0.182215 0.111375 -0.909338 -0.400875
0.171475 0.358078 -0.184416 0.589349 -0.562379 -0.579998
0.137922 0.335143 -0.196271 0.761674 -0.399019 -0.510525
0.101547 0.342281 -0.224860 0.034100 0.420561 -0.906623
0.090151 0.357987 -0.243558 0.335887 -0.610354 -0.717389
0.056302 0.346532 -0.250653 0.359210 -0.606536 -0.709283
0.029803 0.386623 -0.293945 0.300201 -0.575614 -0.760624
0.068007 0.319901 0.212220 0.727553 -0.633555 -0.263201
0.161960 0.336378 0.277757 0.790321 -0.524513 -0.316668
0.114794 0.324160 0.256308 0.365804 -0.879924 -0.303186
0.114414 0.316202 0.278947 0.289157 -0.914845 -0.281862
0.041990 0.299395 0.250536 0.236707 -0.952877 -0.189722
0.074804 0.311833 0.247234 0.317209 -0.908814 -0.270991
0.036666 0.305266 0.220224 0.360380 -0.901934 -0.237995
0.040810 0.304711 0.174387 0.288176 -0.942162 0.171127
0.092975 0.297868 0.331736 0.232210 -0.972301 -0.026640
0.083126 0.304488 0.287073 0.296435 -0.933082 -0.203676
0.000000 0.275280 0.330984 -0.000000 -0.998666 -0.051636
0.044988 0.290848 0.304419 0.234104 -0.958106 -0.165010
0.044657 0.287327 0.354588 0.235403 -0.970611 0.049999
0.040997 0.288832 0.401044 0.297918 -0.883335 0.361888
0.013666 0.284291 0.384444 0.074437 -0.986298 0.147226
0.000000 0.288762 0.421303 -0.000046 -0.856661 0.515879
0.000000 0.295666 0.246396 -0.000000 -0.991976 -0.126426
0.013997 0.297188 0.231616 0.090125 -0.995782 -0.017172
0.013997 0.290114 0.275972 0.108785 -0.966396 -0.232905
0.078466 0.300853 0.376186 0.414530 -0.888901 0.194989
0.101427 0.315858 0.395779 0.291323 -0.855682 0.427714
0.126940 0.300908 0.332943 0.345543 -0.938155 0.021587
0.134438 0.317829 0.296549 0.361614 -0.871675 -0.330784
0.111443 0.304993 0.314542 0.095549 -0.951715 -0.291733
0.107114 0.304878 0.353486 0.076898 -0.962483 0.260218
0.154381 0.319650 0.334539 0.856052 -0.491125 0.161153
0.147760 0.318979 0.315080 0.562873 -0.810200 -0.163556
0.126793 0.325842 0.397778 0.649493 -0.519588 0.555145
0.118387 0.314203 0.375500 0.320991 -0.883723 0.340586
0.136038 0.315467 0.355087 0.524606 -0.794210 0.306624
0.062308 0.349520 0.451346 0.437460 -0.536707 0.721508
0.096843 0.330407 0.414968 0.243759 -0.743898 0.622252
0.034435 0.309038 0.424564 0.330443 -0.668382 0.666389
0.068244 0.318070 0.416056 0.355459 -0.667303 0.654489
0.160905 0.338892 0.301755 0.973688 -0.218216 0.065677
0.166373 0.360647 0.292968 0.982042 0.156440 0.105450
0.156535 0.390905 0.271314 0.967645 0.251892 0.014631
0.161623 0.362643 0.280680 0.934279 0.051261 -0.352838
0.094907 0.344882 0.430505 0.367130 -0.602811 0.708403
0.095621 0.359285 0.442391 0.668141 -0.110884 0.735725
0.037421 0.422911 0.486085 0.353445 -0.082841 0.931780
0.065117 0.377239 0.459941 0.330485 -0.309907 0.891481
0.024974 0.388586 0.490558 0.418852 -0.166255 0.892705
0.041568 0.387006 0.475996 0.646051 -0.136406 0.751007
0.033898 0.340966 0.469377 0.403219 -0.496753 0.768538
0.040393 0.359691 0.470427 0.570826 -0.242008 0.784595
0.032069 0.326416 0.447342 0.505408 -0.738765 0.445857
0.064753 0.403111 0.470415 0.198526 -0.424921 0.883193
0.061216 0.427138 0.482770 0.508987 -0.010457 0.860711
0.083692 0.387732 0.451062 0.913486 0.298930 0.276014
0.094239 0.376772 0.428026 0.876805 0.266787 0.400047
0.077355 0.411654 0.458400 0.772996 -0.160345 0.613813
0.076611 0.431052 0.464405 0.899534 -0.055785 0.433274
0.076753 0.507493 0.473402 0.593811 0.235554 0.769352
0.071527 0.455228 0.473526 0.772039 -0.075708 0.631050
0.065688 0.481002 0.475329 -0.189689 0.149803 0.970349
0.059096 0.508376 0.469814 0.183216 0.523926 0.831826
0.052578 0.452808 0.479556 0.108402 0.159322 0.981257
0.000000 0.513142 0.493755 -0.027083 0.377030 0.925805
0.032172 0.481476 0.483218 0.379777 0.079156 0.921685
0.000000 0.438453 0.500000 -0.081034 0.025023 0.996397
0.012474 0.458169 0.493280 0.375512 0.077225 0.923594
0.020798 0.416650 0.492214 0.347184 -0.003690 0.937790
0.079447 0.521204 0.451529 -0.064089 0.849090 0.524346
0.102493 0.547743 0.411370 0.458749 0.716423 0.525630
0.078965 0.532447 0.430027 -0.247912 0.878756 0.407833
0.075305 0.541221 0.408896 0.314294 0.880759 0.354236
0.060743 0.538848 0.436123 0.767479 0.456341 0.450254
0.047828 0.566946 0.429659 0.455649 0.753417 0.474075
0.035641 0.529488 0.464409 0.346639 0.574852 0.741207
0.061603 0.586778 0.335300 0.530720 0.847546 0.001474
0.061579 0.564982 0.391285 0.753690 0.612341 0.238726
0.000000 0.602432 0.335300 -0.000000 0.999225 -0.039361
0.036477 0.585385 0.366753 0.239502 0.942509 0.233056
0.015943 0.551748 0.453501 0.224587 0.657325 0.719364
0.000000 0.575155 0.437090 0.000000 0.854929 0.518744
0.015943 0.581511 0.400683 0.201765 0.946055 0.253517
0.039739 0.584291 0.310012 0.235355 0.926189 -0.294588
0.057615 0.563662 0.259437 0.382755 0.750817 -0.538305
0.019205 0.579694 0.283275 0.175206 0.924229 -0.339268
0.000000 0.572988 0.255089 -0.000000 0.834669 -0.550752
0.092214 0.563433 0.336528 0.295954 0.954697 -0.031049
0.076374 0.563811 0.360241 0.556609 0.748782 0.359878
0.079443 0.565271 0.313444 0.591219 0.761215 -0.266479
0.084513 0.545601 0.268504 0.347583 0.769146 -0.536285
0.067910 0.565347 0.287747 0.597320 0.757885 -0.262333
0.101801 0.550057 0.385724 -0.240292 0.966173 0.093649
0.127604 0.561206 0.336905 0.542378 0.819548 0.184842
0.098374 0.555287 0.360776 0.056574 0.950668 0.305008
0.136399 0.540924 0.269184 0.584108 0.752220 -0.304931
0.104375 0.549986 0.291405 0.090044 0.960839 -0.262071
0.118739 0.555188 0.314206 0.063271 0.958269 -0.278778
0.119854 0.527616 0.256589 0.067728 0.640099 -0.765301
0.138650 0.496322 0.232078 0.587321 0.388753 -0.709877
0.077873 0.535141 0.253137 0.571615 0.542070 -0.615968
0.091490 0.496160 0.231469 0.374803 0.383926 -0.843874
0.104884 0.512694 0.244017 0.008266 0.600252 -0.799768
0.069760 0.521593 0.233689 0.571477 0.542059 -0.616106
0.060174 0.504958 0.210162 0.400901 0.338068 -0.851462
0.000000 0.406614 0.181121 -0.000000 0.650597 -0.759423
0.020058 0.472939 0.194773 0.275971 0.113005 -0.954500
0.000000 0.507246 0.193035 -0.000000 0.507720 -0.861522
0.019205 0.547965 0.235854 0.163747 0.677150 -0.717394
0.039263 0.525289 0.220878 0.234479 0.630966 -0.739528
0.076932 0.419342 0.202183 0.364477 0.145062 -0.919844
0.076199 0.473487 0.214605 0.588088 0.188411 -0.786545
0.045702 0.443638 0.197822 0.240489 0.136631 -0.960988
0.127085 0.472872 0.232036 0.012928 -0.004599 -0.999906
0.151116 0.426135 0.232562 0.734565 0.054678 -0.676331
0.106513 0.447212 0.222071 0.342230 0.277395 -0.897736
0.059074 0.378352 0.193819 0.656370 0.186670 -0.730981
0.095707 0.407943 0.209521 0.376908 0.024727 -0.925920
0.135562 0.540778 0.315345 0.937949 0.346300 0.018098
0.142684 0.520203 0.339947 0.968193 0.100727 0.229034
0.116697 0.541465 0.381190 0.884866 0.303640 0.353290
0.119993 0.515447 0.395296 0.910625 0.011789 0.413065
0.130094 0.532285 0.357383 0.858097 0.343880 0.381336
0.090010 0.515195 0.443062 0.910381 0.050693 0.410653
0.090784 0.490348 0.444413 0.911850 -0.079009 0.402849
0.081383 0.476298 0.460740 0.885316 -0.055975 0.461609
0.104423 0.517846 0.417026 0.810774 0.158935 0.563369
0.142596 0.516435 0.263303 0.901818 0.302350 -0.308722
0.152740 0.512058 0.288648 0.997329 0.071838 0.013219
0.143941 0.524395 0.299260 0.843038 0.531746 0.080831
0.147571 0.496332 0.261153 0.937658 0.194912 -0.287763
0.151323 0.480616 0.262734 0.997291 -0.016563 0.071661
0.147030 0.467691 0.242458 0.938466 0.164588 -0.303633
0.150263 0.443156 0.251955 0.994313 -0.054464 0.091522
0.148351 0.422718 0.260568 0.975518 0.106469 0.192427
0.121629 0.391400 0.224455 0.463642 -0.191711 -0.865033
0.154696 0.369714 0.246985 0.852128 -0.105416 -0.512607
0.128221 0.341998 0.245654 0.553486 -0.496588 -0.668621
0.157730 0.365666 0.265352 0.986104 0.080969 -0.145064
0.151388 0.406189 0.246705 0.989925 0.090623 0.108791
0.153194 0.394446 0.259622 0.959736 0.171834 -0.222216
0.093926 0.355989 0.217675 0.462042 -0.201292 -0.863712
0.101194 0.427753 0.344070 0.929291 0.085540 0.359307
0.133623 0.443696 0.289124 0.867380 -0.062992 0.493643
0.121290 0.487801 0.359771 0.868496 -0.375326 0.323800
0.141367 0.393102 0.302784 0.790912 0.504744 0.345966
0.103990 0.477849 0.394593 0.868174 -0.375585 0.324362
0.089530 0.449718 0.417629 0.965805 -0.162821 0.201766
0.135360 0.413792 0.291984 0.821298 0.360609 0.442076
0.135086 0.473476 0.298484 0.885332 -0.318828 0.338431
0.090681 0.411859 0.412167 0.963932 0.184458 0.191863
0.132206 0.486671 0.324222 0.890390 -0.389053 0.236313
0.141671 0.377848 0.327091 0.788276 0.537366 0.299764
0.157445 0.345145 0.344235 0.918614 0.141980 0.368767
0.146206 0.330212 0.358851 0.875427 -0.260138 0.407376
0.159400 0.341814 0.323914 0.979063 -0.163684 0.121007
0.137648 0.340776 0.378402 0.863531 0.025761 0.503637
0.128707 0.351341 0.393192 0.824973 0.316686 0.468112
0.106189 0.362466 0.421203 0.778476 0.434011 0.453442
0.108047 0.385289 0.388429 0.766017 0.519340 0.378819
0.129115 0.374746 0.360499 0.763439 0.520619 0.382253
0.117040 0.345489 0.411120 0.832004 0.037100 0.553527
0.407046 0.043305 0.128166 -0.259023 -0.917806 0.300897
0.484052 0.000000 0.017533 0.713646 -0.431507 0.551825
0.435033 0.032393 0.091071 0.669948 -0.402464 0.623853
0.414002 0.053875 0.127515 0.777366 0.360598 0.515432
0.450617 0.023987 0.044323 0.552054 0.831932 -0.055909
0.453798 0.018086 -0.012078 0.230155 -0.138337 -0.963271
0.411128 0.052098 0.039220 0.596435 0.801874 -0.035550
0.365585 0.084333 0.002224 0.508154 0.831436 -0.224708
0.448299 0.020464 0.044540 -0.503901 -0.863669 -0.012674
0.217262 0.180140 0.064340 -0.702096 -0.313744 -0.639239
0.329964 0.102593 0.064910 -0.564676 -0.821264 -0.081647
0.280722 0.131022 0.224988 -0.117625 -0.758795 0.640621
0.301677 0.118156 0.139165 -0.580370 -0.814115 -0.019654
0.008325 0.403520 0.495432 0.217207 -0.075490 0.973202
0.000000 0.383521 0.495739 -0.000000 -0.250777 0.968045
0.019624 0.371024 0.485225 0.258028 -0.351863 0.899786
0.000000 0.339911 0.481629 -0.000000 -0.559711 0.828688
0.011299 0.323213 0.457436 0.249349 -0.738646 0.626280
0.011299 0.354799 0.482248 0.333260 -0.290240 0.897050
0.143491 0.423728 0.409511 0.542149 -0.000002 0.840282
0.142289 0.462550 0.395021 0.535863 0.366229 0.760742
0.135932 0.448480 0.404211 0.475130 0.320562 0.819445
0.122015 0.459161 0.408102 0.348919 0.318520 0.881363
0.124265 0.441708 0.411739 0.323990 0.232834 0.916962
0.107289 0.442235 0.417603 0.221225 0.149148 0.963750
0.118171 0.428068 0.415670 0.245084 0.056223 0.967870
0.103734 0.418241 0.419897 0.201574 -0.077164 0.976429
0.119978 0.412771 0.414505 0.268483 -0.141894 0.952776
0.112708 0.396343 0.414107 0.297483 -0.274034 0.914554
0.128995 0.401658 0.408687 0.385277 -0.285827 0.877419
0.130785 0.384904 0.402443 0.472274 -0.366220 0.801773
0.141778 0.398976 0.400439 0.550814 -0.320558 0.770614
0.151058 0.388295 0.389363 0.659213 -0.318516 0.681165
0.153445 0.405748 0.392912 0.701893 -0.232868 0.673141
0.165786 0.405220 0.379861 0.786898 -0.149144 0.598788
0.159539 0.419388 0.388980 0.780838 -0.056168 0.622204
0.169340 0.429215 0.377567 0.806557 0.077180 0.586096
0.160367 0.451112 0.383358 0.710674 0.274030 0.647959
0.148716 0.445797 0.395963 0.640625 0.285833 0.712670
0.157733 0.434685 0.390145 0.757453 0.141848 0.637294
0.110211 0.476590 0.405485 0.151864 0.576097 0.803150
0.124838 0.466100 0.402869 0.441980 0.418472 0.793432
0.140457 0.481650 0.385969 0.485788 0.647004 0.587704
0.130986 0.473597 0.395492 0.441971 0.418433 0.793458
0.147704 0.465104 0.388116 0.658027 0.373094 0.654065
0.080478 0.498149 0.378797 -0.209904 0.860283 0.464601
0.110382 0.485463 0.390084 0.175482 0.852198 0.492915
0.123061 0.505270 0.351325 0.283730 0.947708 0.146102
0.114665 0.495023 0.372030 0.175484 0.852202 0.492908
0.080079 0.479113 0.394346 -0.226186 0.619052 0.752073
0.049547 0.462601 0.398755 -0.566071 0.444260 0.694403
0.106822 0.462364 0.411083 0.244704 0.303976 0.920716
0.088239 0.451340 0.419661 -0.083273 0.285126 0.954866
0.105848 0.450912 0.415122 0.244724 0.303913 0.920732
0.082666 0.463510 0.407967 -0.226187 0.619054 0.752072
0.059955 0.442049 0.407330 -0.436009 0.149444 0.887447
0.042080 0.412205 0.403573 -0.648746 -0.141462 0.747741
0.071085 0.426363 0.415439 -0.436005 0.149438 0.887450
0.082935 0.415543 0.423083 -0.129799 -0.114733 0.984880
0.092821 0.436373 0.420116 0.141715 0.073372 0.987184
0.097986 0.425340 0.420194 0.141699 0.073388 0.987186
0.061981 0.397986 0.406022 -0.373807 -0.377255 0.847318
0.060929 0.366210 0.391410 -0.426352 -0.673141 0.604239
0.096325 0.382872 0.414445 0.030067 -0.470778 0.881739
0.104256 0.399152 0.416150 0.172257 -0.185217 0.967482
0.094331 0.405552 0.419142 0.172226 -0.185212 0.967489
0.080063 0.388208 0.409646 -0.373837 -0.377238 0.847312
0.085384 0.363756 0.390923 -0.063376 -0.759846 0.647006
0.098897 0.342185 0.366914 0.016187 -0.947709 0.318726
0.123293 0.365807 0.397044 0.335254 -0.647000 0.684833
0.122262 0.382351 0.404531 0.324699 -0.373096 0.869120
0.110775 0.381674 0.408532 0.324708 -0.373092 0.869119
0.106172 0.363621 0.392801 -0.063341 -0.759847 0.647009
0.121223 0.352433 0.367799 0.376767 -0.852194 0.363058
0.141478 0.349306 0.339440 0.509819 -0.860282 0.000241
0.153541 0.370866 0.377529 0.669178 -0.576083 0.469392
0.145128 0.381355 0.389778 0.540790 -0.418417 0.729708
0.139437 0.361993 0.371338 0.376763 -0.852197 0.363057
0.135873 0.373859 0.392339 0.540768 -0.418449 0.729706
0.155810 0.368342 0.345484 0.778449 -0.619054 0.103872
0.172411 0.384855 0.319483 0.865991 -0.444248 -0.229571
0.167155 0.383946 0.353455 0.778455 -0.619045 0.103877
0.175512 0.396116 0.363353 0.904315 -0.285125 0.317676
0.164119 0.396544 0.377526 0.738004 -0.303978 0.602451
0.160037 0.385092 0.376748 0.738009 -0.303928 0.602471
0.175933 0.405408 0.332501 0.988272 -0.149418 -0.031503
0.179877 0.435252 0.314666 0.948655 0.141474 -0.282910
0.178735 0.421094 0.345983 0.988268 -0.149439 -0.031521
0.180816 0.431914 0.359931 0.950829 0.114757 0.287673
0.174038 0.411083 0.367715 0.841036 -0.073376 0.535979
0.171981 0.422116 0.372453 0.841006 -0.073318 0.536034
0.173907 0.449470 0.333808 0.926065 0.377266 0.008610
0.161027 0.481245 0.326828 0.726248 0.673149 -0.139411
0.167426 0.464583 0.368570 0.790978 0.470783 0.390790
0.165711 0.448303 0.376498 0.810545 0.185204 0.555622
0.156083 0.465782 0.379299 0.658062 0.373121 0.654015
0.169756 0.459247 0.351776 0.926059 0.377279 0.008633
0.143648 0.483834 0.368621 0.615634 0.759834 0.208917
0.150505 0.483699 0.348908 0.615631 0.759835 0.208925
0.172527 0.441904 0.368689 0.810467 0.185227 0.555729
0.031759 0.366210 0.346197 -0.749100 -0.652834 0.112501
0.044923 0.381542 0.380393 -0.755255 -0.438361 0.487267
0.054138 0.358202 0.353103 -0.394507 -0.882940 0.254523
0.069725 0.342185 0.321701 -0.315867 -0.933987 -0.167024
0.076517 0.350193 0.360008 -0.394487 -0.882947 0.254528
0.112308 0.349306 0.294227 0.173502 -0.858387 -0.482771
0.117561 0.346932 0.333527 0.116931 -0.990271 -0.075441
0.093643 0.344559 0.327614 0.116925 -0.990271 -0.075442
0.132342 0.361156 0.302646 0.583731 -0.719324 -0.376605
0.143239 0.384855 0.274270 0.532071 -0.454907 -0.714115
0.152376 0.373005 0.311064 0.583705 -0.719340 -0.376614
0.155452 0.401654 0.287735 0.827513 -0.173640 -0.533921
0.150706 0.435252 0.269453 0.622876 0.122333 -0.772696
0.167665 0.418453 0.301201 0.827523 -0.173624 -0.533910
0.154146 0.450583 0.288578 0.755243 0.438373 -0.487275
0.131856 0.481245 0.281614 0.411241 0.652841 -0.636144
0.157587 0.465914 0.307703 0.755244 0.438381 -0.487266
0.128924 0.489253 0.304851 0.394492 0.882948 -0.254517
0.093889 0.505270 0.306112 -0.021995 0.933991 -0.356618
0.125992 0.497262 0.328088 0.394495 0.882942 -0.254533
0.051307 0.498149 0.333585 -0.511358 0.858394 -0.040891
0.084949 0.500523 0.354569 -0.116928 0.990271 0.075443
0.089419 0.502896 0.330341 -0.116928 0.990271 0.075444
0.020375 0.462601 0.353542 -0.869929 0.454916 0.190460
0.050133 0.474450 0.377031 -0.583706 0.719339 0.376614
0.050720 0.486300 0.355308 -0.583705 0.719342 0.376610
0.027610 0.445802 0.370219 -0.827511 0.173654 0.533920
0.012908 0.412205 0.358360 -0.960733 -0.122331 0.249052
0.028916 0.396873 0.369377 -0.755229 -0.438388 0.487283
0.034845 0.429004 0.386896 -0.827511 0.173654 0.533920
0.039356 0.469722 0.289490 -0.610567 0.594309 -0.523455
0.061517 0.491047 0.309729 -0.404389 0.814698 -0.415616
0.065674 0.474124 0.272510 -0.280243 0.615566 -0.736575
0.066306 0.483039 0.289371 -0.404402 0.814706 -0.415589
0.036968 0.471875 0.308300 -0.788417 0.591802 -0.167837
0.020240 0.447753 0.301824 -0.867311 0.346044 -0.357806
0.030641 0.469501 0.329650 -0.788413 0.591805 -0.167846
0.018747 0.442320 0.320056 -0.988997 0.142859 -0.038432
0.015625 0.416605 0.304802 -0.952400 -0.034394 -0.302906
0.016303 0.430470 0.338901 -0.988996 0.142862 -0.038435
0.018603 0.405663 0.320149 -0.929530 -0.360663 -0.076785
0.027275 0.388180 0.297285 -0.833339 -0.401696 -0.379718
0.023981 0.388865 0.333947 -0.929531 -0.360662 -0.076785
0.036591 0.375907 0.308543 -0.632755 -0.726397 -0.268270
0.050740 0.373331 0.282146 -0.555613 -0.615559 -0.558911
0.050741 0.360575 0.316681 -0.632756 -0.726395 -0.268271
0.065840 0.364416 0.289671 -0.211989 -0.814695 -0.539752
0.077056 0.377733 0.265166 -0.225287 -0.594299 -0.772046
0.086363 0.356408 0.293698 -0.212003 -0.814692 -0.539752
0.095179 0.375581 0.270742 0.172016 -0.591781 -0.787532
0.096174 0.399704 0.252832 0.031453 -0.346041 -0.937692
0.117240 0.377955 0.273776 0.172012 -0.591782 -0.787532
0.113401 0.405136 0.258985 0.372582 -0.142883 -0.916934
0.100789 0.430849 0.249854 0.116546 0.034386 -0.992590
0.131578 0.416985 0.264526 0.372614 -0.142849 -0.916926
0.113544 0.441792 0.258893 0.313138 0.360661 -0.878560
0.089138 0.459276 0.257371 -0.002513 0.401689 -0.915773
0.095556 0.471548 0.270498 0.016357 0.726395 -0.687082
0.097140 0.486880 0.286745 0.016351 0.726421 -0.687055
0.123900 0.458591 0.269479 0.313131 0.360639 -0.878572
0.049192 0.423728 0.263356 -0.542149 -0.000002 -0.840282
0.036263 0.447068 0.284890 -0.701751 0.232555 -0.673397
0.042402 0.395080 0.280929 -0.640569 -0.285462 -0.712870
0.051407 0.455858 0.275119 -0.550837 0.320154 -0.770766
0.058996 0.391597 0.270223 -0.475242 -0.320155 -0.819540
0.082052 0.418094 0.255347 -0.245497 -0.056158 -0.967769
0.028352 0.429362 0.289994 -0.780574 0.056133 -0.622538
0.079706 0.437951 0.256860 -0.268863 0.141728 -0.952694
0.030697 0.409504 0.288481 -0.757206 -0.141723 -0.637616
0.074141 0.400388 0.260451 -0.324304 -0.232548 -0.916923
0.068001 0.452376 0.264412 -0.385492 0.285455 -0.877446
0.213787 0.231192 -0.301260 0.497838 -0.806852 0.318036
0.213252 0.217421 -0.402706 0.916513 0.236324 -0.322732
0.216730 0.233988 -0.336802 0.923972 -0.379604 0.046657
0.223152 0.253350 -0.306441 0.966945 0.233872 0.101598
0.207053 0.203544 -0.399233 0.005629 -0.976638 0.214816
0.211364 0.217386 -0.367733 0.916458 -0.397109 0.049073
0.106496 0.267384 -0.413057 -0.858454 0.341969 -0.382247
0.191115 0.294919 -0.229777 0.739133 0.643911 0.197637
0.173588 0.271884 -0.316425 0.387110 0.868634 -0.309225
0.180967 0.246052 -0.374068 0.424324 0.833188 -0.354609
0.111421 0.318311 -0.271909 -0.313967 0.861712 -0.398594
0.136344 0.293538 -0.304914 0.419028 0.849315 -0.321059
0.143098 0.210825 -0.495236 -0.671746 0.055773 -0.738679
0.154282 0.231877 -0.437000 0.422173 0.823582 -0.378790
0.161488 0.189820 -0.500000 0.772842 -0.471230 -0.425038
0.193931 0.203595 -0.433980 0.834389 -0.451757 -0.315769
0.172613 0.206022 -0.465981 0.594521 0.632973 -0.495873
0.100988 0.298519 -0.266830 -0.973467 -0.128948 -0.189036
0.106302 0.294738 -0.317265 -0.890536 0.436947 -0.126580
0.170546 0.201396 -0.464823 -0.650087 -0.656092 0.383314
0.152216 0.227251 -0.435842 -0.540316 -0.786040 0.300332
0.175779 0.234040 -0.371183 -0.542642 -0.797904 0.262466
0.166782 0.256023 -0.312863 -0.496052 -0.844293 0.202736
0.180063 0.269493 -0.224271 0.084164 -0.805671 0.586353
0.129182 0.278465 -0.301386 -0.420417 -0.890534 0.173779
-0.069667 0.388921 0.127318 -0.608402 -0.009042 0.793578
-0.023222 0.415603 0.147150 0.102882 -0.702501 0.704207
-0.049075 0.421296 0.155096 0.052018 -0.669135 0.741318
-0.146172 0.314268 0.058628 -0.860047 -0.386963 0.332535
-0.191427 0.351930 0.047221 -0.639510 -0.638977 0.427475
-0.025984 0.270903 -0.002854 -0.051398 -0.998609 0.011782
-0.077953 0.273947 0.028435 -0.196455 -0.971401 0.133361
-0.066674 0.277943 -0.037836 -0.219100 -0.970984 -0.095839
-0.122069 0.291397 -0.047504 -0.334476 -0.941701 -0.036411
-0.054424 0.297729 0.113023 -0.360125 -0.884005 0.298068
-0.018141 0.293342 0.142238 -0.218538 -0.967645 0.126115
-0.044126 0.285824 0.085744 -0.218312 -0.921946 0.319931
-0.079067 0.283760 -0.093429 -0.189838 -0.981708 -0.014497
-0.115132 0.291397 -0.138344 -0.377622 -0.894089 -0.240846
-0.158706 0.311159 -0.070512 -0.457371 -0.888590 -0.034927
-0.190757 0.333086 -0.100025 -0.534262 -0.832054 -0.149167
-0.074829 0.299985 -0.197049 -0.298976 -0.852996 -0.427798
-0.024943 0.292128 -0.179210 -0.062354 -0.965960 -0.251063
-0.063320 0.286622 -0.143277 -0.110079 -0.969844 -0.217452
-0.079497 0.322187 -0.218088 -0.050629 -0.845509 -0.531555
-0.089819 0.304523 -0.184494 -0.609466 -0.609076 -0.507521
-0.051442 0.310029 -0.220427 -0.349191 -0.682180 -0.642414
-0.123022 0.315229 -0.190212 -0.467308 -0.850649 0.240870
-0.152125 0.321268 -0.154866 -0.519348 -0.803744 -0.290298
-0.105884 0.309604 -0.182215 -0.111375 -0.909338 -0.400875
-0.137922 0.335143 -0.196271 -0.761675 -0.399020 -0.510524
-0.171475 0.358078 -0.184416 -0.589349 -0.562379 -0.579998
-0.029803 0.386623 -0.293945 -0.300198 -0.575614 -0.760624
-0.056302 0.346532 -0.250653 -0.359210 -0.606539 -0.709281
-0.090151 0.357987 -0.243558 -0.335889 -0.610356 -0.717387
-0.101547 0.342281 -0.224860 -0.034098 0.420561 -0.906623
-0.068007 0.319901 0.212220 -0.727553 -0.633555 -0.263201
-0.040810 0.304711 0.174387 -0.288176 -0.942162 0.171127
-0.114414 0.316202 0.278947 -0.289157 -0.914846 -0.281862
-0.114794 0.324160 0.256308 -0.365804 -0.879923 -0.303186
-0.161960 0.336378 0.277757 -0.790321 -0.524513 -0.316668
-0.074804 0.311833 0.247234 -0.317209 -0.908814 -0.270991
-0.041990 0.299395 0.250536 -0.236707 -0.952877 -0.189722
-0.013997 0.290114 0.275972 -0.108785 -0.966396 -0.232905
-0.036666 0.305266 0.220224 -0.360380 -0.901934 -0.237995
-0.013997 0.297188 0.231616 -0.090125 -0.995782 -0.017172
-0.092975 0.297868 0.331736 -0.232210 -0.972301 -0.026640
-0.044988 0.290848 0.304419 -0.234104 -0.958106 -0.165010
-0.083126 0.304488 0.287073 -0.296435 -0.933082 -0.203676
-0.040997 0.288832 0.401044 -0.297965 -0.883201 0.362177
-0.044657 0.287327 0.354588 -0.235403 -0.970611 0.049999
-0.013666 0.284291 0.384444 -0.074437 -0.986298 0.147226
-0.101427 0.315858 0.395779 -0.291271 -0.855564 0.427985
-0.078466 0.300853 0.376186 -0.414530 -0.888901 0.194989
-0.126940 0.300908 0.332943 -0.345543 -0.938155 0.021587
-0.111443 0.304993 0.314542 -0.095549 -0.951715 -0.291733
-0.107114 0.304878 0.353486 -0.076898 -0.962483 0.260218
-0.134438 0.317829 0.296549 -0.361614 -0.871675 -0.330784
-0.154381 0.319650 0.334539 -0.856058 -0.491114 0.161160
-0.147760 0.318979 0.315080 -0.562873 -0.810200 -0.163556
-0.126793 0.325842 0.397778 -0.649270 -0.518993 0.555963
-0.136038 0.315467 0.355087 -0.524606 -0.794211 0.306624
-0.118387 0.314203 0.375500 -0.320991 -0.883723 0.340586
-0.062308 0.349385 0.451112 -0.456757 -0.508726 0.729774
-0.096843 0.330362 0.414890 -0.243584 -0.743551 0.622735
-0.034435 0.308993 0.424486 -0.330681 -0.667781 0.666873
-0.068244 0.318025 0.415978 -0.355269 -0.666748 0.655158
-0.166373 0.360647 0.292968 -0.982041 0.156444 0.105459
-0.160905 0.338892 0.301755 -0.973688 -0.218216 0.065677
-0.161623 0.362643 0.280680 -0.934279 0.051261 -0.352839
-0.156535 0.390905 0.271314 -0.967645 0.251892 0.014631
-0.095621 0.359039 0.442004 -0.653576 -0.059509 0.754518
-0.094907 0.344755 0.430298 -0.368093 -0.600294 0.710039
-0.037421 0.422833 0.475042 -0.431942 -0.041368 0.900952
-0.012474 0.458143 0.489599 -0.573139 0.068279 0.816608
-0.065117 0.377086 0.456053 -0.311348 -0.197366 0.929574
-0.024974 0.388586 0.490558 -0.498013 -0.102253 0.861120
-0.008325 0.403520 0.495432 -0.217207 -0.075490 0.973202
-0.020798 0.416624 0.488533 -0.590228 0.145243 0.794063
-0.041568 0.386935 0.472237 -0.742260 0.033451 0.669276
-0.019624 0.371024 0.485225 -0.258028 -0.351863 0.899786
-0.033898 0.340966 0.469377 -0.404063 -0.496521 0.768244
-0.011299 0.323213 0.457436 -0.249349 -0.738646 0.626280
-0.032069 0.326371 0.447264 -0.505509 -0.738749 0.445769
-0.040393 0.359646 0.470349 -0.574335 -0.240427 0.782518
-0.011299 0.354799 0.482248 -0.333260 -0.290240 0.897050
-0.061215 0.426712 0.471727 -0.501429 -0.033981 0.864531
-0.064752 0.402861 0.462924 -0.181343 -0.316722 0.931022
-0.094239 0.376297 0.427383 -0.859719 0.292019 0.419056
-0.083692 0.387349 0.447038 -0.897290 0.324972 0.298770
-0.076611 0.429429 0.454989 -0.886687 -0.061602 0.458249
-0.077355 0.410813 0.451366 -0.740341 -0.099777 0.664785
-0.076753 0.507374 0.470868 -0.616858 0.153835 0.771894
-0.071526 0.454505 0.465861 -0.740069 -0.135545 0.658730
-0.059096 0.508376 0.469814 -0.219009 0.462054 0.859384
-0.065688 0.480821 0.470803 0.058336 0.021866 0.998058
-0.032172 0.481450 0.479537 -0.372595 -0.037741 0.927226
-0.052577 0.452640 0.472194 -0.133671 0.026675 0.990667
-0.102493 0.548140 0.412740 -0.470587 0.695722 0.542696
-0.079447 0.521297 0.451141 -0.011837 0.816197 0.577652
-0.075305 0.541221 0.408896 -0.307036 0.884298 0.351776
-0.078965 0.532579 0.430483 0.278682 0.874362 0.397276
-0.047828 0.566946 0.429659 -0.455649 0.753417 0.474075
-0.060743 0.538848 0.436123 -0.767479 0.456341 0.450254
-0.035641 0.529488 0.464409 -0.346639 0.574852 0.741207
-0.015943 0.581511 0.400683 -0.201766 0.946055 0.253517
-0.015943 0.551748 0.453501 -0.224587 0.657325 0.719364
-0.061603 0.586778 0.335300 -0.530720 0.847546 0.001474
-0.036477 0.585385 0.366753 -0.239502 0.942509 0.233056
-0.061579 0.564982 0.391285 -0.753690 0.612341 0.238726
-0.019205 0.579694 0.283275 -0.175206 0.924229 -0.339268
-0.057615 0.563662 0.259437 -0.382755 0.750817 -0.538305
-0.039739 0.584291 0.310012 -0.235355 0.926189 -0.294589
-0.019205 0.547965 0.235854 -0.163747 0.677150 -0.717394
-0.076374 0.563811 0.360241 -0.556609 0.748782 0.359878
-0.092214 0.563433 0.336528 -0.295954 0.954697 -0.031049
-0.084513 0.545601 0.268504 -0.347583 0.769146 -0.536285
-0.079443 0.565271 0.313444 -0.591219 0.761216 -0.266479
-0.067910 0.565347 0.287747 -0.597320 0.757885 -0.262333
-0.127604 0.561206 0.336905 -0.542677 0.820136 0.181324
-0.101801 0.550189 0.386180 0.256554 0.963131 0.080991
-0.098374 0.555287 0.360776 -0.056574 0.950668 0.305008
-0.104375 0.549986 0.291405 -0.090044 0.960839 -0.262071
-0.136399 0.540924 0.269184 -0.584108 0.752220 -0.304932
-0.118739 0.555188 0.314206 -0.063271 0.958269 -0.278778
-0.138650 0.496322 0.232078 -0.587328 0.388748 -0.709874
-0.119854 0.527616 0.256589 -0.067728 0.640099 -0.765301
-0.091490 0.496160 0.231469 -0.374803 0.383926 -0.843874
-0.077873 0.535141 0.253137 -0.571615 0.542070 -0.615968
-0.104884 0.512694 0.244017 -0.008266 0.600252 -0.799768
-0.039263 0.525289 0.220878 -0.234479 0.630966 -0.739528
-0.060174 0.504958 0.210162 -0.400901 0.338068 -0.851462
-0.020058 0.472939 0.194773 -0.275971 0.113005 -0.954500
-0.069760 0.521593 0.233689 -0.571477 0.542059 -0.616106
-0.076932 0.419342 0.202183 -0.364477 0.145062 -0.919844
-0.076199 0.473487 0.214605 -0.588088 0.188411 -0.786545
-0.045702 0.443638 0.197822 -0.240489 0.136631 -0.960988
-0.059074 0.378352 0.193819 -0.656370 0.186670 -0.730981
-0.151116 0.426135 0.232562 -0.734569 0.054682 -0.676327
-0.095707 0.407943 0.209521 -0.376908 0.024727 -0.925920
-0.127085 0.472872 0.232036 -0.012928 -0.004599 -0.999906
-0.106513 0.447212 0.222071 -0.342230 0.277395 -0.897736
-0.142684 0.520203 0.339948 -0.968193 0.100728 0.229035
-0.135562 0.540778 0.315346 -0.937949 0.346300 0.018098
-0.130094 0.532285 0.357383 -0.858091 0.343888 0.381341
-0.119993 0.515447 0.395296 -0.908111 -0.000716 0.418728
-0.116697 0.541598 0.381647 -0.891517 0.292785 0.345651
-0.090784 0.489511 0.440471 -0.904577 -0.106932 0.412682
-0.081383 0.475438 0.455443 -0.881101 -0.095947 0.463093
-0.104423 0.517699 0.416169 -0.802077 0.116836 0.585681
-0.090010 0.515008 0.441360 -0.910805 0.013267 0.412623
-0.152740 0.512058 0.288648 -0.997330 0.071826 0.013215
-0.143941 0.524395 0.299260 -0.843038 0.531745 0.080829
-0.142596 0.516435 0.263303 -0.901818 0.302350 -0.308722
-0.151322 0.480616 0.262734 -0.997291 -0.016567 0.071665
-0.147571 0.496332 0.261153 -0.937668 0.194876 -0.287755
-0.147029 0.467691 0.242458 -0.938474 0.164590 -0.303605
-0.148351 0.422718 0.260568 -0.975518 0.106475 0.192427
-0.150263 0.443156 0.251955 -0.994313 -0.054447 0.091524
-0.154696 0.369714 0.246985 -0.852128 -0.105416 -0.512607
-0.093926 0.355989 0.217675 -0.462042 -0.201292 -0.863712
-0.153194 0.394446 0.259622 -0.959736 0.171834 -0.222216
-0.121629 0.391400 0.224455 -0.463642 -0.191711 -0.865034
-0.157730 0.365666 0.265352 -0.986104 0.080969 -0.145063
-0.128221 0.341998 0.245654 -0.553486 -0.496588 -0.668621
-0.151388 0.406189 0.246705 -0.989925 0.090623 0.108791
-0.132206 0.486671 0.324222 -0.890390 -0.389056 0.236308
-0.101194 0.427753 0.344070 -0.927351 0.086406 0.364079
-0.135085 0.473476 0.298484 -0.885334 -0.318842 0.338413
-0.133622 0.443696 0.289124 -0.867381 -0.062977 0.493643
-0.135360 0.413792 0.291984 -0.821298 0.360609 0.442076
-0.089530 0.448898 0.413177 -0.960761 -0.174548 0.215571
-0.103990 0.477570 0.393279 -0.860580 -0.381555 0.337369
-0.141367 0.393102 0.302784 -0.790912 0.504744 0.345965
-0.121290 0.487801 0.359771 -0.868493 -0.375328 0.323804
-0.090681 0.411160 0.408814 -0.955489 0.208620 0.208613
-0.157444 0.345145 0.344235 -0.918613 0.141988 0.368768
-0.141670 0.377848 0.327091 -0.788277 0.537358 0.299777
-0.146206 0.330212 0.358851 -0.875436 -0.260105 0.407377
-0.159399 0.341814 0.323914 -0.979065 -0.163656 0.121034
-0.106189 0.362226 0.420860 -0.772091 0.445660 0.453059
-0.128707 0.351341 0.393192 -0.822478 0.319904 0.470309
-0.137648 0.340776 0.378402 -0.863539 0.025758 0.503624
-0.117040 0.345407 0.410991 -0.829930 0.037806 0.556585
-0.129115 0.374746 0.360499 -0.763447 0.520615 0.382242
-0.108047 0.385130 0.388215 -0.760694 0.521961 0.385878
-0.407046 0.043305 0.128166 0.259014 -0.917806 0.300904
-0.414002 0.053875 0.127514 -0.777367 0.360622 0.515414
-0.435033 0.032393 0.091071 -0.669974 -0.402421 0.623854
-0.484052 0.000000 0.017533 -0.713672 -0.431464 0.551825
-0.365585 0.084333 0.002224 -0.508154 0.831436 -0.224709
-0.411128 0.052098 0.039220 -0.596435 0.801874 -0.035550
-0.453798 0.018086 -0.012078 -0.230154 -0.138337 -0.963271
-0.450617 0.023987 0.044323 -0.552054 0.831932 -0.055909
-0.329964 0.102593 0.064910 0.564676 -0.821264 -0.081647
-0.217262 0.180140 0.064340 0.702096 -0.313744 -0.639239
-0.301677 0.118156 0.139165 0.580370 -0.814115 -0.019654
-0.280722 0.131022 0.224989 0.117603 -0.758781 0.640641
-0.143491 0.423728 0.409511 -0.542152 -0.000003 0.840280
-0.122015 0.459161 0.408102 -0.348908 0.318518 0.881368
-0.135932 0.448480 0.404211 -0.475130 0.320562 0.819445
-0.142289 0.462550 0.395021 -0.535872 0.366227 0.760736
-0.107289 0.442234 0.417603 -0.221211 0.149156 0.963752
-0.124265 0.441708 0.411739 -0.323983 0.232829 0.916965
-0.103734 0.418241 0.419897 -0.201574 -0.077163 0.976429
-0.118171 0.428068 0.415670 -0.245083 0.056226 0.967870
-0.112708 0.396343 0.414107 -0.297489 -0.274034 0.914552
-0.119978 0.412771 0.414505 -0.268483 -0.141894 0.952776
-0.130784 0.384904 0.402443 -0.472274 -0.366224 0.801771
-0.128994 0.401658 0.408687 -0.385286 -0.285838 0.877412
-0.151058 0.388295 0.389363 -0.659211 -0.318519 0.681166
-0.141778 0.398976 0.400439 -0.550795 -0.320568 0.770624
-0.165785 0.405220 0.379861 -0.786903 -0.149140 0.598783
-0.153445 0.405748 0.392912 -0.701914 -0.232854 0.673124
-0.169340 0.429215 0.377567 -0.806561 0.077172 0.586092
-0.159539 0.419388 0.388980 -0.780839 -0.056201 0.622199
-0.160366 0.451112 0.383358 -0.710670 0.274030 0.647963
-0.157732 0.434685 0.390145 -0.757447 0.141880 0.637295
-0.148715 0.445797 0.395963 -0.640646 0.285828 0.712653
-0.124838 0.466100 0.402869 -0.441980 0.418472 0.793432
-0.110211 0.476590 0.405485 -0.151860 0.576091 0.803155
-0.130986 0.473597 0.395492 -0.441971 0.418433 0.793458
-0.140457 0.481650 0.385969 -0.485792 0.647000 0.587705
-0.147704 0.465104 0.388116 -0.658048 0.373088 0.654048
-0.110382 0.485463 0.390084 -0.175482 0.852198 0.492915
-0.080478 0.498149 0.378797 0.209904 0.860283 0.464601
-0.114665 0.495023 0.372030 -0.175484 0.852202 0.492908
-0.123061 0.505270 0.351325 -0.283730 0.947708 0.146102
-0.049547 0.462601 0.398755 0.566068 0.444255 0.694409
-0.080079 0.479113 0.394346 0.226186 0.619052 0.752073
-0.088239 0.451340 0.419660 0.083283 0.285128 0.954864
-0.106822 0.462364 0.411082 -0.244684 0.303964 0.920726
-0.105848 0.450912 0.415122 -0.244697 0.303922 0.920736
-0.082666 0.463510 0.407967 0.226184 0.619033 0.752090
-0.042080 0.412204 0.403573 0.648743 -0.141463 0.747744
-0.059955 0.442048 0.407329 0.435992 0.149440 0.887456
-0.082935 0.415543 0.423083 0.129804 -0.114723 0.984881
-0.071085 0.426362 0.415439 0.436008 0.149463 0.887445
-0.097986 0.425339 0.420194 -0.141698 0.073391 0.987186
-0.092821 0.436372 0.420115 -0.141684 0.073404 0.987187
-0.060929 0.366210 0.391410 0.426350 -0.673143 0.604238
-0.061981 0.397986 0.406022 0.373798 -0.377260 0.847319
-0.096325 0.382872 0.414445 -0.030067 -0.470778 0.881739
-0.094331 0.405552 0.419142 -0.172226 -0.185212 0.967489
-0.104256 0.399152 0.416150 -0.172257 -0.185217 0.967482
-0.080063 0.388208 0.409646 0.373837 -0.377238 0.847312
-0.098897 0.342185 0.366914 -0.016187 -0.947709 0.318725
-0.085384 0.363756 0.390923 0.063376 -0.759846 0.647006
-0.123293 0.365807 0.397044 -0.335264 -0.646994 0.684833
-0.110775 0.381674 0.408532 -0.324708 -0.373092 0.869119
-0.106172 0.363621 0.392801 0.063341 -0.759847 0.647009
-0.122262 0.382351 0.404531 -0.324720 -0.373086 0.869116
-0.141478 0.349306 0.339440 -0.509824 -0.860279 0.000242
-0.121223 0.352433 0.367799 -0.376767 -0.852194 0.363058
-0.153540 0.370866 0.377529 -0.669175 -0.576089 0.469388
-0.135872 0.373859 0.392339 -0.540783 -0.418427 0.729707
-0.139437 0.361993 0.371338 -0.376776 -0.852190 0.363059
-0.145127 0.381355 0.389778 -0.540767 -0.418450 0.729706
-0.172410 0.384855 0.319483 -0.865989 -0.444253 -0.229570
-0.155809 0.368342 0.345484 -0.778460 -0.619038 0.103880
-0.175512 0.396116 0.363353 -0.904314 -0.285121 0.317683
-0.160037 0.385092 0.376748 -0.738006 -0.303962 0.602457
-0.167154 0.383946 0.353455 -0.778439 -0.619068 0.103866
-0.164118 0.396544 0.377526 -0.738009 -0.303928 0.602471
-0.179877 0.435252 0.314666 -0.948657 0.141472 -0.282905
-0.175933 0.405408 0.332501 -0.988269 -0.149438 -0.031520
-0.180815 0.431914 0.359931 -0.950830 0.114754 0.287668
-0.178735 0.421094 0.345983 -0.988273 -0.149410 -0.031497
-0.174037 0.411083 0.367715 -0.841022 -0.073348 0.536006
-0.171980 0.422116 0.372453 -0.841028 -0.073360 0.535994
-0.161027 0.481245 0.326828 -0.726251 0.673145 -0.139410
-0.173906 0.449470 0.333808 -0.926067 0.377262 0.008630
-0.167426 0.464583 0.368570 -0.790980 0.470776 0.390795
-0.169756 0.459247 0.351776 -0.926068 0.377257 0.008623
-0.150505 0.483699 0.348908 -0.615631 0.759835 0.208925
-0.156083 0.465782 0.379299 -0.658057 0.373095 0.654034
-0.143648 0.483834 0.368621 -0.615634 0.759834 0.208917
-0.172527 0.441904 0.368689 -0.810490 0.185220 0.555697
-0.165711 0.448303 0.376498 -0.810511 0.185214 0.555669
-0.044923 0.381541 0.380393 0.755252 -0.438369 0.487265
-0.031759 0.366210 0.346197 0.749094 -0.652841 0.112503
-0.076517 0.350193 0.360008 0.394487 -0.882947 0.254528
-0.069725 0.342185 0.321701 0.315867 -0.933986 -0.167025
-0.054138 0.358202 0.353103 0.394507 -0.882940 0.254523
-0.117561 0.346932 0.333527 -0.116930 -0.990271 -0.075442
-0.112307 0.349306 0.294227 -0.173499 -0.858388 -0.482772
-0.093643 0.344559 0.327614 -0.116927 -0.990271 -0.075443
-0.152376 0.373005 0.311064 -0.583718 -0.719332 -0.376609
-0.143239 0.384855 0.274270 -0.532073 -0.454905 -0.714115
-0.132341 0.361156 0.302646 -0.583718 -0.719332 -0.376609
-0.167664 0.418453 0.301201 -0.827521 -0.173640 -0.533909
-0.150706 0.435252 0.269453 -0.622877 0.122331 -0.772696
-0.155452 0.401654 0.287735 -0.827521 -0.173640 -0.533908
-0.157587 0.465914 0.307703 -0.755244 0.438381 -0.487266
-0.131856 0.481245 0.281614 -0.411240 0.652841 -0.636144
-0.154146 0.450583 0.288578 -0.755243 0.438373 -0.487275
-0.093889 0.505270 0.306112 0.021995 0.933991 -0.356618
-0.128924 0.489253 0.304851 -0.394492 0.882948 -0.254517
-0.125992 0.497262 0.328088 -0.394495 0.882942 -0.254533
-0.051307 0.498149 0.333585 0.511358 0.858394 -0.040891
-0.089419 0.502896 0.330341 0.116928 0.990271 0.075444
-0.084949 0.500523 0.354569 0.116928 0.990271 0.075443
-0.050133 0.474450 0.377031 0.583706 0.719339 0.376614
-0.020375 0.462601 0.353542 0.869927 0.454919 0.190462
-0.050720 0.486300 0.355308 0.583705 0.719342 0.376610
-0.034845 0.429003 0.386896 0.827511 0.173650 0.533920
-0.012908 0.412204 0.358360 0.960731 -0.122336 0.249060
-0.028916 0.396873 0.369377 0.755226 -0.438396 0.487281
-0.027610 0.445802 0.370219 0.827511 0.173650 0.533920
-0.039356 0.469722 0.289490 0.610567 0.594309 -0.523455
-0.066306 0.483039 0.289371 0.404402 0.814706 -0.415589
-0.065674 0.474124 0.272510 0.280243 0.615566 -0.736575
-0.061517 0.491047 0.309729 0.404389 0.814698 -0.415616
-0.020240 0.447753 0.301824 0.867306 0.346055 -0.357809
-0.036968 0.471875 0.308300 0.788417 0.591802 -0.167837
-0.030641 0.469501 0.329650 0.788413 0.591805 -0.167846
-0.015624 0.416605 0.304802 0.952400 -0.034382 -0.302906
-0.018746 0.442320 0.320056 0.988992 0.142889 -0.038441
-0.016302 0.430470 0.338901 0.988997 0.142861 -0.038414
-0.027274 0.388180 0.297285 0.833334 -0.401705 -0.379720
-0.018602 0.405663 0.320149 0.929530 -0.360665 -0.076775
-0.023980 0.388865 0.333947 0.929528 -0.360672 -0.076771
-0.050740 0.373331 0.282146 0.555606 -0.615563 -0.558913
-0.036591 0.375907 0.308543 0.632736 -0.726414 -0.268267
-0.050741 0.360575 0.316681 0.632756 -0.726395 -0.268271
-0.077056 0.377733 0.265166 0.225288 -0.594299 -0.772046
-0.065840 0.364416 0.289671 0.211989 -0.814695 -0.539752
-0.086363 0.356408 0.293698 0.212008 -0.814691 -0.539752
-0.096174 0.399704 0.252832 -0.031454 -0.346040 -0.937692
-0.095179 0.375581 0.270742 -0.172018 -0.591782 -0.787530
-0.117240 0.377955 0.273776 -0.172010 -0.591785 -0.787530
-0.100788 0.430850 0.249854 -0.116542 0.034391 -0.992590
-0.113400 0.405136 0.258985 -0.372587 -0.142867 -0.916934
-0.131578 0.416986 0.264526 -0.372605 -0.142848 -0.916930
-0.089138 0.459276 0.257371 0.002515 0.401692 -0.915771
-0.113544 0.441793 0.258893 -0.313138 0.360663 -0.878559
-0.123900 0.458591 0.269479 -0.313131 0.360639 -0.878572
-0.095556 0.471548 0.270498 -0.016357 0.726395 -0.687082
-0.097140 0.486880 0.286745 -0.016351 0.726421 -0.687055
-0.049192 0.423728 0.263356 0.542146 0.000001 -0.840284
-0.042402 0.395080 0.280929 0.640552 -0.285466 -0.712883
-0.074141 0.400388 0.260451 0.324304 -0.232548 -0.916924
-0.079706 0.437951 0.256860 0.268871 0.141738 -0.952690
-0.030697 0.409504 0.288481 0.757198 -0.141717 -0.637627
-0.082051 0.418094 0.255347 0.245500 -0.056164 -0.967768
-0.068001 0.452376 0.264412 0.385492 0.285455 -0.877446
-0.051407 0.455858 0.275119 0.550837 0.320154 -0.770766
-0.028352 0.429362 0.289994 0.780566 0.056156 -0.622546
-0.036263 0.447068 0.284890 0.701751 0.232555 -0.673397
-0.058996 0.391597 0.270223 0.475242 -0.320155 -0.819540
-0.213787 0.231192 -0.301260 -0.497828 -0.806858 0.318036
-0.223153 0.253351 -0.306441 -0.966948 0.233857 0.101601
-0.216731 0.233988 -0.336802 -0.923964 -0.379624 0.046660
-0.213252 0.217421 -0.402706 -0.916513 0.236319 -0.322734
-0.211364 0.217386 -0.367733 -0.916458 -0.397109 0.049073
-0.207053 0.203544 -0.399233 -0.005629 -0.976638 0.214816
-0.106496 0.267384 -0.413057 0.858455 0.341968 -0.382249
-0.173588 0.271885 -0.316425 -0.387098 0.868641 -0.309222
-0.191116 0.294919 -0.229777 -0.739131 0.643912 0.197643
-0.180967 0.246052 -0.374068 -0.424323 0.833183 -0.354620
-0.154282 0.231877 -0.437000 -0.422173 0.823582 -0.378790
-0.143098 0.210825 -0.495236 0.671747 0.055774 -0.738678
-0.136344 0.293538 -0.304914 -0.419024 0.849317 -0.321059
-0.111421 0.318311 -0.271909 0.313969 0.861711 -0.398594
-0.172613 0.206022 -0.465981 -0.594521 0.632973 -0.495873
-0.161488 0.189820 -0.500000 -0.772842 -0.471230 -0.425038
-0.193931 0.203595 -0.433980 -0.834389 -0.451757 -0.315769
-0.106302 0.294738 -0.317265 0.890536 0.436947 -0.126580
-0.100988 0.298519 -0.266830 0.973467 -0.128948 -0.189036
-0.152216 0.227251 -0.435842 0.540316 -0.786040 0.300332
-0.175779 0.234040 -0.371183 0.542642 -0.797904 0.262466
-0.180063 0.269493 -0.224271 -0.084156 -0.805675 0.586350
-0.166782 0.256023 -0.312863 0.496052 -0.844293 0.202736
-0.129182 0.278465 -0.301386 0.420417 -0.890534 0.173779
0.112139 0.403365 0.133766 0.122965 -0.682969 0.720023
0.101081 0.323549 0.105874 0.367286 -0.056169 0.928411
0.119980 0.367769 0.113972 0.152961 -0.240888 0.958424
0.145482 0.342885 0.091075 0.479707 -0.652972 0.586096
0.120247 0.288784 0.046838 0.191200 -0.981510 -0.008962
0.168445 0.317912 0.026593 0.585083 -0.744246 0.322143
0.160411 0.310288 -0.008785 0.454768 -0.890468 -0.015881
0.106756 0.284709 0.009256 0.338517 -0.940758 -0.019519
0.084208 0.286820 0.062765 0.189582 -0.930213 0.314264
0.080627 0.297121 0.097761 -0.412331 -0.587145 0.696594
0.085099 0.294545 0.085874 0.126480 -0.958544 0.255337
0.159722 0.335850 -0.174175 0.578607 -0.600763 -0.551633
0.128538 0.375517 -0.234977 0.448918 -0.561816 -0.694863
0.109626 0.362306 -0.236286 0.434433 -0.572185 -0.695609
0.023222 0.402931 0.149952 0.353522 0.922602 0.154363
0.042914 0.391296 0.167419 0.386337 0.899406 0.204483
0.065583 0.362391 0.177786 0.960918 0.205315 0.185696
0.071553 0.348481 0.155318 0.982367 0.135211 0.129125
0.076984 0.336620 0.126417 0.773821 -0.306013 0.554579
0.045335 0.401436 0.192374 0.249444 0.088105 -0.964373
0.098441 0.306238 0.129205 0.000728 0.821084 0.570807
0.093383 0.308969 0.110947 -0.796850 0.524854 0.299262
0.084501 0.282614 0.128309 -0.950329 -0.311244 0.001543
0.087856 0.295324 0.118425 -0.819123 0.470924 0.327517
0.113135 0.268434 0.192447 0.030753 0.775310 0.630831
0.098692 0.285762 0.149987 -0.778414 0.442435 0.445334
0.100634 0.248219 0.192518 -0.848176 -0.136496 0.511826
0.099423 0.266422 0.171091 -0.761261 0.472326 0.444285
0.141383 0.243081 0.217796 0.020761 0.686461 0.726870
0.118384 0.253245 0.200920 -0.475973 0.297249 0.827703
0.130321 0.226272 0.218831 -0.692713 -0.356794 0.626775
0.124113 0.239191 0.209715 -0.460590 0.353254 0.814290
0.164025 0.223865 0.132442 0.554327 0.782069 -0.284763
0.169765 0.222845 0.196968 0.562026 0.826295 -0.036937
0.203888 0.201589 0.240667 0.240646 0.563786 0.790085
0.139514 0.245127 0.180895 0.664025 0.747670 0.007822
0.218729 0.189318 0.199130 0.567904 0.822124 -0.039961
0.288275 0.142500 0.224282 0.606832 0.591091 0.531382
0.327666 0.109132 0.192262 0.469251 -0.256818 0.844895
0.367257 0.076067 0.160223 0.469270 -0.256785 0.844895
0.355954 0.093569 0.118007 0.566441 0.823892 -0.018607
0.290374 0.135658 0.096949 0.531323 0.846373 -0.036722
0.223187 0.182168 0.140355 0.580757 0.811322 -0.066919
0.143340 0.250013 0.150763 0.826596 0.339266 0.449041
0.152861 0.257740 0.127399 0.849627 0.294145 -0.437735
0.152755 0.207184 0.133329 -0.567234 -0.597394 -0.566891
0.156547 0.229596 0.131057 0.094133 -0.116175 -0.988758
0.121479 0.277471 0.149684 0.644495 0.712900 0.276403
0.131655 0.285528 0.117733 0.572473 0.622504 0.533633
0.143663 0.292605 0.096595 0.970929 -0.075560 -0.227128
0.134983 0.238290 0.127750 -0.272141 -0.741427 -0.613371
0.143836 0.262878 0.117248 0.515767 -0.486803 -0.704987
0.146866 0.234405 0.129493 0.106868 -0.116051 -0.987477
0.121761 0.266426 0.096069 0.222093 -0.828547 -0.513989
0.133469 0.265774 0.106805 0.581064 -0.472823 -0.662422
0.137199 0.291100 0.083764 0.734883 -0.608817 -0.298812
0.115231 0.314685 0.097902 0.644244 0.577527 0.501409
0.129425 0.304370 0.094809 0.536785 0.717065 0.444611
0.129393 0.289826 0.067178 0.734636 -0.608952 -0.299145
0.408810 0.048575 0.039437 -0.605570 -0.793589 -0.059169
0.216913 0.172782 0.140886 -0.462801 -0.882191 -0.086911
0.193640 0.187146 0.241582 -0.273643 -0.443230 0.853620
0.209039 0.175117 0.199966 -0.534968 -0.843625 0.045889
0.139353 0.223915 0.159970 -0.854251 -0.507928 -0.110745
0.121979 0.237594 0.179700 -0.506625 -0.851014 -0.138222
0.106706 0.256374 0.149526 -0.643624 -0.730151 -0.229406
0.113748 0.262443 0.117376 -0.617147 -0.698315 -0.362611
0.108836 0.279275 0.090405 -0.595151 -0.738427 -0.317050
0.150686 0.315097 -0.205420 0.479306 -0.093100 0.872696
0.164733 0.293214 -0.214753 0.496018 -0.027669 0.867871
0.120183 0.296733 -0.236396 -0.440991 -0.868284 0.227180
0.127527 0.302303 -0.210857 -0.400290 -0.813461 0.421959
0.095125 0.289506 0.090969 -0.549996 -0.779297 -0.300333
-0.112139 0.403365 0.133766 -0.122965 -0.682969 0.720023
-0.101081 0.323549 0.105874 -0.367288 -0.056172 0.928409
-0.119980 0.367769 0.113972 -0.152961 -0.240888 0.958424
-0.145482 0.342885 0.091075 -0.479707 -0.652972 0.586096
-0.168445 0.317912 0.026593 -0.585083 -0.744246 0.322143
-0.120247 0.288784 0.046838 -0.191200 -0.981510 -0.008962
-0.160411 0.310288 -0.008785 -0.454768 -0.890468 -0.015881
-0.106756 0.284709 0.009256 -0.338517 -0.940758 -0.019519
-0.084208 0.286820 0.062765 -0.189582 -0.930213 0.314264
-0.085099 0.294545 0.085874 -0.126480 -0.958544 0.255337
-0.080627 0.297121 0.097761 0.412339 -0.587151 0.696585
-0.159722 0.335850 -0.174175 -0.578607 -0.600763 -0.551632
-0.128538 0.375517 -0.234977 -0.448922 -0.561816 -0.694861
-0.109626 0.362306 -0.236286 -0.434430 -0.572190 -0.695607
-0.023222 0.402931 0.149952 -0.353522 0.922602 0.154363
-0.042914 0.391296 0.167419 -0.386337 0.899405 0.204483
-0.065583 0.362391 0.177786 -0.960918 0.205315 0.185696
-0.076984 0.336620 0.126417 -0.773821 -0.306014 0.554579
-0.071553 0.348481 0.155318 -0.982367 0.135211 0.129125
-0.045335 0.401436 0.192374 -0.249444 0.088105 -0.964373
-0.098440 0.306238 0.129205 -0.000719 0.821083 0.570809
-0.087856 0.295324 0.118425 0.819141 0.470901 0.327507
-0.084501 0.282614 0.128309 0.950327 -0.311248 0.001540
-0.093383 0.308969 0.110947 0.796853 0.524865 0.299235
-0.098692 0.285762 0.149987 0.778428 0.442410 0.445335
-0.113135 0.268434 0.192447 -0.030749 0.775309 0.630833
-0.099423 0.266422 0.171091 0.761261 0.472326 0.444285
-0.100634 0.248219 0.192518 0.848176 -0.136493 0.511827
-0.118384 0.253245 0.200920 0.475973 0.297249 0.827703
-0.141383 0.243081 0.217796 -0.020761 0.686461 0.726870
-0.124113 0.239191 0.209715 0.460590 0.353254 0.814290
-0.130321 0.226272 0.218831 0.692709 -0.356798 0.626777
-0.164025 0.223865 0.132442 -0.554327 0.782069 -0.284763
-0.139514 0.245127 0.180895 -0.664025 0.747669 0.007822
-0.203888 0.201589 0.240667 -0.240646 0.563786 0.790085
-0.169765 0.222845 0.196968 -0.562026 0.826295 -0.036937
-0.288275 0.142500 0.224282 -0.606833 0.591101 0.531370
-0.218729 0.189318 0.199130 -0.567904 0.822124 -0.039961
-0.327666 0.109132 0.192262 -0.469288 -0.256769 0.844890
-0.367257 0.076067 0.160223 -0.469309 -0.256732 0.844889
-0.355954 0.093569 0.118007 -0.566441 0.823892 -0.018607
-0.223187 0.182168 0.140355 -0.580757 0.811322 -0.066919
-0.290374 0.135658 0.096949 -0.531323 0.846373 -0.036722
-0.152861 0.257740 0.127399 -0.849623 0.294148 -0.437741
-0.121479 0.277471 0.149684 -0.644490 0.712908 0.276398
-0.143340 0.250013 0.150763 -0.826596 0.339266 0.449041
-0.152755 0.207184 0.133329 0.567233 -0.597397 -0.566889
-0.156547 0.229596 0.131057 -0.094133 -0.116175 -0.988758
-0.143663 0.292605 0.096595 -0.970929 -0.075564 -0.227126
-0.131655 0.285528 0.117733 -0.572465 0.622507 0.533638
-0.134982 0.238290 0.127750 0.272145 -0.741429 -0.613368
-0.143835 0.262878 0.117248 -0.515749 -0.486814 -0.704993
-0.146866 0.234405 0.129493 -0.106862 -0.116051 -0.987478
-0.133469 0.265774 0.106805 -0.581071 -0.472829 -0.662412
-0.121761 0.266426 0.096069 -0.222094 -0.828547 -0.513989
-0.129425 0.304370 0.094809 -0.536777 0.717070 0.444614
-0.115231 0.314685 0.097902 -0.644253 0.577506 0.501422
-0.137199 0.291100 0.083764 -0.734883 -0.608817 -0.298812
-0.129393 0.289826 0.067178 -0.734636 -0.608952 -0.299145
-0.408810 0.048575 0.039437 0.605570 -0.793589 -0.059169
-0.216913 0.172782 0.140886 0.462801 -0.882192 -0.086911
-0.209039 0.175117 0.199967 0.534969 -0.843625 0.045889
-0.193640 0.187146 0.241582 0.273638 -0.443216 0.853629
-0.139353 0.223915 0.159970 0.854240 -0.507948 -0.110738
-0.121979 0.237594 0.179700 0.506629 -0.851013 -0.138216
-0.106706 0.256374 0.149526 0.643632 -0.730146 -0.229401
-0.113748 0.262443 0.117376 0.617151 -0.698306 -0.362620
-0.448299 0.020464 0.044540 0.503901 -0.863669 -0.012674
-0.108836 0.279275 0.090405 0.595151 -0.738427 -0.317050
-0.164734 0.293214 -0.214753 -0.496009 -0.027683 0.867876
-0.150687 0.315097 -0.205420 -0.479301 -0.093096 0.872699
-0.120183 0.296733 -0.236396 0.440991 -0.868284 0.227180
-0.127527 0.302303 -0.210857 0.400290 -0.813461 0.421959
-0.170546 0.201396 -0.464823 0.650087 -0.656092 0.383314
-0.095125 0.289506 0.090969 0.549996 -0.779297 -0.300333
0.025984 0.276673 0.067216 0.139778 -0.956897 0.254579
0.066472 0.318083 0.150553 0.865998 -0.500001 -0.006823
0.082577 0.349697 0.119870 0.671782 0.081300 0.736274
0.086231 0.319097 0.110017 0.370881 -0.522692 0.767620
0.070678 0.310490 0.112400 0.425515 -0.505371 0.750691
0.158531 0.223647 0.225765 -0.216130 0.201066 0.955437
0.175950 0.205002 0.233693 -0.212361 0.211126 0.954112
0.228601 0.177078 0.235510 0.157178 -0.049037 0.986352
0.254212 0.153556 0.230284 0.159417 -0.044241 0.986220
0.178014 0.203730 0.110037 -0.602210 0.369226 -0.707824
0.158905 0.206867 0.197914 -0.537254 -0.842108 0.047033
0.198110 0.272587 -0.253496 0.834208 -0.256947 0.487929
0.205667 0.251345 -0.277324 0.839314 -0.240762 0.487427
0.143528 0.324114 -0.216969 0.426497 0.841098 -0.332647
0.134694 0.318504 -0.242182 0.425290 0.839413 -0.338401
0.104652 0.319704 -0.254533 -0.859325 0.359674 -0.363586
0.094011 0.320996 -0.236593 -0.650255 0.530167 -0.544143
-0.025984 0.276673 0.067216 -0.139778 -0.956897 0.254579
-0.066472 0.318083 0.150553 -0.865998 -0.500001 -0.006823
-0.082577 0.349697 0.119870 -0.671782 0.081300 0.736274
-0.086231 0.319097 0.110017 -0.370881 -0.522692 0.767620
-0.070678 0.310490 0.112400 -0.425515 -0.505371 0.750691
-0.158531 0.223647 0.225765 0.216130 0.201066 0.955437
-0.175950 0.205002 0.233693 0.212361 0.211126 0.954111
-0.228601 0.177078 0.235510 -0.157178 -0.049037 0.986352
-0.254212 0.153556 0.230284 -0.159447 -0.044176 0.986218
-0.178014 0.203730 0.110037 0.602210 0.369226 -0.707824
-0.158905 0.206867 0.197914 0.537254 -0.842108 0.047033
-0.198111 0.272588 -0.253496 -0.834197 -0.256974 0.487935
-0.205668 0.251345 -0.277324 -0.839305 -0.240783 0.487433
-0.143528 0.324114 -0.216969 -0.426494 0.841101 -0.332643
-0.134695 0.318504 -0.242182 -0.425286 0.839414 -0.338402
-0.104652 0.319704 -0.254533 0.859325 0.359674 -0.363586
-0.094011 0.320996 -0.236593 0.650255 0.530167 -0.544143
