0.000000 0.174539 -0.154226
0.127096 0.146510 -0.138484
0.000000 0.184547 -0.019139
-0.127096 0.146510 -0.138484
0.134870 0.073139 -0.134257
0.000425 0.218638 -0.076286
0.000000 0.187048 0.124286
0.115304 0.144776 0.080460
-0.115304 0.144776 0.080460
-0.134871 0.073139 -0.134256
0.127311 0.009302 -0.163360
0.020617 0.234954 -0.076510
-0.019768 0.234954 -0.076510
0.000000 0.134856 0.345774
0.000000 0.125724 0.270713
0.106902 0.072243 0.088024
-0.106901 0.072244 0.088024
-0.127311 0.009302 -0.163359
