0.000000 0.091672 0.084461
0.066659 0.094368 0.137163
-0.066659 0.094368 0.137163
0.000000 0.091672 0.168657
0.000000 0.102166 0.058471
0.114841 0.057950 0.122521
-0.114841 0.057950 0.122521
0.000000 0.111493 0.238574
0.068996 0.094368 0.202779
-0.068996 0.094368 0.202779
0.000000 0.102166 -0.039932
0.000000 0.154658 0.321073
0.108653 0.201050 0.319383
0.103099 0.139079 0.373557
-0.108653 0.201050 0.319383
-0.103099 0.139079 0.373557
0.116933 0.057950 0.214503
-0.116933 0.057950 0.214503
0.000000 0.102166 -0.131291
0.000000 0.102166 -0.222651
0.000000 0.102166 -0.321858
0.068364 0.101711 -0.387655
-0.068364 0.101711 -0.387655
