0.012277 0.501114 -0.085374
0.012277 0.552644 -0.092054
0.104506 0.344035 -0.187945
-0.079949 0.344033 -0.187945
0.012276 0.518333 0.099112
0.090020 0.355230 0.126887
-0.065463 0.355229 0.126887
0.055339 0.567118 -0.078758
-0.030786 0.567117 -0.078758
0.012276 0.644744 -0.089637
0.088256 0.215835 -0.339307
-0.063698 0.215834 -0.339307
0.012272 0.738475 0.149123
0.088734 0.182356 0.103487
-0.064175 0.182355 0.103487
0.146523 0.458019 0.023296
-0.121969 0.458018 0.023296
0.012275 0.792239 -0.091959
0.081981 0.730783 -0.083254
-0.057431 0.730782 -0.083254
0.087851 0.070402 -0.309199
-0.063291 0.070401 -0.309199
0.088741 0.078497 0.106177
-0.064181 0.078496 0.106177
0.146431 0.295655 -0.045714
-0.121875 0.295653 -0.045714
0.012274 0.938076 -0.008578
0.212100 0.732188 -0.086944
-0.187550 0.732185 -0.086944
0.332397 0.733367 -0.083871
-0.307847 0.733361 -0.083871
0.386759 0.726475 -0.044378
