0.036568 0.266343 -0.254416 -0.220100 -0.751117 -0.622399
0.085202 0.285318 -0.275453 0.228302 -0.381888 -0.895567
0.037431 0.257691 -0.253163 -0.692801 -0.085896 -0.715995
0.084102 0.271637 -0.272151 0.141985 -0.108120 -0.983946
0.133810 0.299055 -0.249471 0.783227 -0.119118 -0.610219
0.083921 0.264198 -0.271887 -0.065208 -0.017636 -0.997716
0.136736 0.315034 -0.248148 0.790503 -0.206080 -0.576746
0.133155 0.280790 -0.249972 0.710204 -0.012502 -0.703885
0.151768 0.324409 -0.194831 0.971846 -0.232106 -0.040519
0.025380 0.201339 -0.204458 -0.999923 -0.011967 0.003430
0.025283 0.252147 -0.202382 -0.799442 -0.587956 -0.123289
0.082430 0.194930 -0.271566 -0.003165 -0.015556 -0.999874
0.148271 0.310771 -0.196239 0.994809 -0.101017 0.012241
0.038267 0.196477 -0.253107 -0.748491 -0.029367 -0.662494
0.132640 0.313780 -0.140024 0.815319 -0.303531 0.493077
0.147755 0.290208 -0.197604 0.999555 -0.029496 -0.004472
0.025659 0.182434 -0.204834 -0.999930 0.011755 0.001332
0.130438 0.197438 -0.252982 0.776983 -0.041663 -0.628141
0.134144 0.299737 -0.146392 0.764504 -0.184251 0.617725
0.040496 0.180567 -0.253817 -0.670884 0.062621 -0.738913
0.145624 0.202899 -0.203358 0.996734 -0.054984 0.059151
0.133406 0.280177 -0.147771 0.710530 -0.065778 0.700586
0.082152 0.180316 -0.270884 0.043231 0.094008 -0.994632
0.036777 0.159293 -0.257816 -0.789366 0.115455 -0.602969
0.130508 0.206883 -0.153803 0.791786 -0.055493 0.608273
0.143854 0.181194 -0.204959 0.999952 0.008043 -0.005558
0.025255 0.163068 -0.205099 -0.997217 0.025602 0.070015
0.082012 0.157830 -0.273907 -0.081253 0.087391 -0.992855
0.127666 0.180873 -0.253845 0.716852 0.081836 -0.692406
0.129435 0.185888 -0.152591 0.653202 -0.069319 0.754004
0.022678 0.076526 -0.207537 -0.998948 0.028020 -0.036295
0.035815 0.080385 -0.261940 -0.742708 0.047705 -0.667914
0.081915 0.081653 -0.278281 -0.004259 0.056862 -0.998373
0.131678 0.158416 -0.257830 0.665825 0.124277 -0.735685
0.131260 0.164350 -0.159320 0.734195 -0.038709 0.677835
0.035592 0.059376 -0.263221 -0.504441 -0.542430 -0.671795
0.022107 0.056701 -0.208080 -0.987667 0.025484 -0.154480
0.133113 0.079912 -0.260031 0.726702 0.044981 -0.685479
0.132835 0.104514 -0.156979 0.801758 0.147313 0.579209
0.145401 0.164211 -0.205336 0.998314 0.056835 0.011748
0.081901 0.060672 -0.279619 0.096086 -0.514347 -0.852182
0.081901 0.051923 -0.195222 0.129562 -0.844970 -0.518882
0.149539 0.078267 -0.207579 0.996954 0.043375 -0.064814
0.133420 0.058986 -0.260895 0.681670 -0.543622 -0.489695
0.133434 0.087671 -0.144650 0.724092 0.452688 0.520350
0.150458 0.058582 -0.208080 0.876816 -0.452202 0.163423
0.036010 0.087350 -0.144636 -0.472806 0.877687 -0.078224
0.081915 0.101631 -0.120604 -0.155874 0.959271 0.235589
0.036289 0.102759 -0.157579 -0.842509 0.223617 0.490075
0.081943 0.119323 -0.136765 -0.015947 0.372535 0.927881
0.082012 0.163375 -0.139551 0.054927 -0.009864 0.998442
0.036999 0.164350 -0.161535 -0.723674 -0.018578 0.689892
0.082165 0.185888 -0.136987 -0.097659 -0.122979 0.987593
0.082068 0.207608 -0.135873 0.011423 -0.036767 0.999259
0.039465 0.185888 -0.155280 -0.752222 -0.070454 0.655132
0.038365 0.206354 -0.155336 -0.756894 -0.039482 0.652345
0.082207 0.263251 -0.134759 0.109817 -0.399426 0.910164
0.080982 0.272668 -0.127890 0.300283 -0.614267 0.729731
0.037891 0.255379 -0.152702 -0.437047 -0.728128 0.528035
0.046111 0.261021 -0.139593 0.080414 -0.877861 0.472115
0.019905 0.251924 -0.201588 -0.000009 -0.999428 -0.033826
0.019905 0.260993 -0.243132 0.000008 -0.915215 -0.402966
0.014514 0.252147 -0.202382 0.799449 -0.587949 -0.123277
0.003229 0.266343 -0.254416 0.220104 -0.751117 -0.622397
0.002366 0.257691 -0.253163 0.692806 -0.085952 -0.715983
0.019905 0.275301 -0.263458 -0.000015 -0.734244 -0.678886
0.043798 0.278422 -0.266147 -0.037321 -0.770769 -0.636021
-0.004001 0.278422 -0.266147 0.037306 -0.770773 -0.636016
-0.045406 0.285318 -0.275453 -0.228293 -0.381910 -0.895560
0.019905 0.291197 -0.278031 -0.000027 -0.569434 -0.822037
0.060850 0.337435 -0.300864 0.101401 -0.152702 -0.983056
0.105473 0.336168 -0.284147 0.508510 -0.168971 -0.844314
-0.065676 0.336168 -0.284147 -0.508510 -0.168966 -0.844315
-0.021053 0.337435 -0.300864 -0.101423 -0.152705 -0.983054
0.050402 0.287742 -0.284286 -0.044726 -0.642610 -0.764887
-0.010605 0.287742 -0.284286 0.044680 -0.642620 -0.764881
0.111896 0.375915 -0.280329 0.561856 0.011833 -0.827151
0.145749 0.338271 -0.248551 0.857145 -0.176038 -0.484058
-0.105952 0.338271 -0.248551 -0.857146 -0.176045 -0.484055
-0.072099 0.375915 -0.280329 -0.561858 0.011828 -0.827149
0.019905 0.336711 -0.296128 -0.000017 -0.202669 -0.979247
0.159639 0.379844 -0.194023 0.993409 -0.087329 0.074246
0.154219 0.338341 -0.193341 0.980028 -0.151271 0.129083
0.150667 0.378687 -0.240987 0.910564 -0.009957 -0.413247
-0.096938 0.315034 -0.248148 -0.790504 -0.206073 -0.576747
-0.110870 0.378687 -0.240987 -0.910563 -0.009967 -0.413251
0.019905 0.373100 -0.297200 -0.000009 0.056279 -0.998415
0.131232 0.321484 -0.132516 0.815540 -0.292710 0.499215
0.064444 0.373728 -0.298510 0.159336 0.092765 -0.982856
-0.111971 0.324409 -0.194831 -0.971842 -0.232125 -0.040523
-0.024648 0.373728 -0.298510 -0.159341 0.092763 -0.982856
-0.119842 0.379844 -0.194023 -0.993407 -0.087341 0.074250
0.149092 0.408138 -0.244149 0.741273 0.654064 -0.150715
0.138797 0.376611 -0.125578 0.792536 -0.057344 0.607123
0.019905 0.426040 -0.290276 -0.000002 0.078432 -0.996919
-0.092843 0.313780 -0.140024 -0.815318 -0.303544 0.493069
-0.114422 0.338341 -0.193341 -0.980028 -0.151271 0.129083
-0.079037 0.433758 -0.274130 -0.734594 0.437311 -0.518778
-0.119243 0.402663 -0.197367 -0.738242 0.672715 -0.049534
-0.109295 0.408138 -0.244149 -0.741192 0.654199 -0.150528
0.159039 0.402663 -0.197367 0.738239 0.672718 -0.049536
0.118833 0.433758 -0.274130 0.734365 0.437049 -0.519323
0.083475 0.376834 -0.078155 0.454773 0.008811 0.890564
0.086386 0.322209 -0.088102 0.422190 -0.363193 0.830570
0.082012 0.284343 -0.118918 0.340498 -0.644184 0.684900
0.069028 0.426235 -0.290597 0.198809 0.096668 -0.975259
-0.042215 0.284343 -0.118918 -0.340478 -0.644183 0.684911
-0.091435 0.321484 -0.132516 -0.815541 -0.292712 0.499212
-0.029231 0.426235 -0.290597 -0.198807 0.096671 -0.975259
-0.112542 0.410758 -0.153859 -0.767564 0.638892 0.051594
0.152339 0.410758 -0.153859 0.787456 0.601107 0.136322
0.019905 0.377085 -0.061911 0.000025 -0.010201 0.999948
0.066855 0.475525 -0.289858 0.224481 0.079501 -0.971230
0.102227 0.460549 -0.274589 0.835964 0.210578 -0.506776
0.019905 0.279244 -0.104625 0.000021 -0.698317 0.715788
-0.046590 0.322209 -0.088102 -0.422169 -0.363197 0.830579
-0.041184 0.272668 -0.127890 -0.300292 -0.614333 0.729671
-0.099000 0.376611 -0.125578 -0.792516 -0.057310 0.607152
-0.062430 0.460549 -0.274589 -0.836121 0.210625 -0.506497
0.098800 0.400364 -0.090484 0.463211 -0.454813 0.760645
0.120756 0.411384 -0.111660 0.938521 -0.001967 0.345218
0.114960 0.451298 -0.124547 0.919185 0.347480 -0.185353
0.019905 0.322278 -0.072526 0.000022 -0.405078 0.914282
0.037682 0.261007 -0.134536 0.061002 -0.890601 0.450676
0.019905 0.487896 -0.289092 -0.000020 0.469283 -0.883048
0.002115 0.261007 -0.134536 -0.061042 -0.890591 0.450691
-0.043678 0.376834 -0.078155 -0.454798 0.008902 0.890550
-0.080959 0.411384 -0.111660 -0.938492 -0.002026 0.345296
-0.027058 0.475525 -0.289858 -0.224518 0.079528 -0.971219
0.069697 0.418127 -0.080649 0.008737 0.103689 0.994571
0.019905 0.261606 -0.130663 0.000014 -0.903607 0.428363
-0.006314 0.261021 -0.139593 -0.080407 -0.877853 0.472132
-0.058989 0.400364 -0.090484 -0.463149 -0.454939 0.760607
-0.075163 0.451298 -0.124547 -0.960732 0.258515 -0.100814
0.070031 0.467709 -0.106241 -0.692964 0.505076 0.514489
0.019905 0.415425 -0.068598 0.000025 0.372327 0.928102
0.010906 0.257719 -0.151491 0.057278 -0.979879 0.191195
0.028905 0.257719 -0.151491 -0.057409 -0.979870 0.191206
0.001906 0.255379 -0.152702 0.436984 -0.728170 0.528028
-0.029900 0.418127 -0.080649 -0.008735 0.103709 0.994569
0.019905 0.459058 -0.092058 -0.000013 0.977206 0.212293
0.019905 0.257260 -0.150278 -0.000004 -0.987099 0.160112
-0.042396 0.263251 -0.134759 -0.109787 -0.399513 0.910130
-0.030234 0.467709 -0.106241 0.692966 0.505076 0.514486
-0.094347 0.299737 -0.146392 -0.764524 -0.184335 0.617676
-0.042271 0.207608 -0.135873 -0.011399 -0.036772 0.999259
-0.093608 0.280177 -0.147771 -0.710510 -0.065776 0.700606
0.001432 0.206354 -0.155336 0.756898 -0.039476 0.652340
-0.090711 0.206883 -0.153803 -0.791786 -0.055489 0.608273
0.014416 0.201339 -0.204458 0.999923 -0.011956 0.003428
-0.044124 0.264198 -0.271887 0.065230 -0.017617 -0.997715
-0.044291 0.271637 -0.272151 -0.141906 -0.108134 -0.983956
-0.094013 0.299055 -0.249471 -0.783230 -0.119210 -0.610197
-0.093358 0.280790 -0.249972 -0.710168 -0.012370 -0.703923
-0.042633 0.194930 -0.271566 0.003165 -0.015556 -0.999874
0.001530 0.196477 -0.253107 0.748495 -0.029357 -0.662490
-0.108473 0.310771 -0.196239 -0.994809 -0.101023 0.012241
-0.090641 0.197438 -0.252982 -0.776983 -0.041663 -0.628141
-0.107958 0.290208 -0.197604 -0.999555 -0.029488 -0.004471
-0.105827 0.202899 -0.203358 -0.996733 -0.054982 0.059155
0.085272 0.001017 -0.070911 -0.075643 -0.313052 0.946719
0.047977 0.000181 -0.079771 -0.476936 -0.725337 0.496405
0.127541 0.000181 -0.080481 0.384935 -0.576377 0.720842
0.148758 0.000181 -0.122011 0.773241 -0.614345 0.157093
0.024015 0.000181 -0.122011 -0.687085 -0.718350 0.109034
0.146348 0.000181 -0.155684 0.551510 -0.821163 -0.146723
0.024656 0.000181 -0.155684 -0.552462 -0.807439 -0.206948
0.030131 0.012859 -0.196461 -0.917929 -0.365023 0.155451
0.139745 0.012859 -0.196475 0.883457 -0.436628 -0.169880
0.146348 0.011480 -0.155684 0.982647 -0.150958 -0.107780
0.148758 0.011521 -0.122011 0.965661 -0.211992 0.150191
0.127541 0.011549 -0.080481 0.647977 -0.278884 0.708766
0.085272 0.012455 -0.070911 0.043031 -0.218642 0.974856
0.047977 0.011549 -0.079771 -0.451070 -0.297104 0.841585
0.024015 0.011521 -0.122011 -0.921147 -0.287075 0.262823
0.024656 0.011480 -0.155684 -0.985860 -0.153976 -0.066123
0.139745 0.000181 -0.196475 0.436632 -0.463782 0.770882
0.030131 0.000181 -0.196461 -0.684691 -0.705901 0.181390
0.116897 0.000181 -0.260129 0.553142 -0.736030 -0.390248
0.046083 0.000181 -0.260129 -0.496849 -0.597606 -0.629292
0.082946 0.000000 -0.273739 0.133402 -0.335300 -0.932619
0.116897 0.011312 -0.260129 0.645968 -0.164701 -0.745385
0.082946 0.011326 -0.273739 0.031830 -0.302015 -0.952772
0.046083 0.011312 -0.260129 -0.783336 -0.289730 -0.549947
-0.260522 0.490975 -0.260588 0.024967 -0.227343 -0.973495
-0.260522 0.530332 -0.230649 0.016429 0.802740 -0.596103
-0.177295 0.491992 -0.256381 0.016779 0.256132 -0.966496
-0.260522 0.530332 -0.195806 0.007324 0.949917 0.312416
-0.181684 0.530151 -0.229869 0.076134 0.929873 -0.359916
-0.180890 0.529705 -0.196294 0.102209 0.870985 0.480561
-0.260522 0.490599 -0.168974 0.021096 0.015582 0.999656
-0.169424 0.528173 -0.228838 0.054749 0.895827 -0.441017
-0.167585 0.491240 -0.257412 0.014061 -0.191745 -0.981344
-0.177880 0.491616 -0.172402 0.070020 0.152345 0.985844
-0.157903 0.492006 -0.256019 -0.003992 0.134335 -0.990928
-0.182018 0.448345 -0.196266 0.040179 -0.877471 0.477943
-0.168505 0.527643 -0.197506 0.051345 0.780444 0.623114
-0.158251 0.528604 -0.228866 -0.090969 0.929904 -0.356375
-0.124788 0.532324 -0.229995 -0.075475 0.791676 -0.606261
-0.260522 0.451716 -0.194859 -0.029333 -0.880547 0.473050
-0.157555 0.528298 -0.197465 -0.078658 0.874640 0.478349
-0.167306 0.490891 -0.172750 0.029136 -0.167297 0.985476
-0.118964 0.492772 -0.258359 -0.055517 0.021849 -0.998219
-0.260522 0.451647 -0.228727 -0.027162 -0.951355 -0.306896
-0.124969 0.532923 -0.197325 -0.092092 0.916404 0.389516
-0.157708 0.491658 -0.172931 -0.032966 0.042019 0.998573
-0.094263 0.493344 -0.259599 -0.146322 0.066417 -0.987005
-0.179928 0.450769 -0.230092 -0.010684 -0.778989 -0.626946
-0.121374 0.492424 -0.170744 -0.100016 0.154109 0.982979
-0.169703 0.450323 -0.196712 0.037438 -0.873147 0.486017
-0.094277 0.532491 -0.232990 -0.028967 0.921737 -0.386733
-0.157331 0.449167 -0.196684 -0.058030 -0.871366 0.487190
-0.118239 0.445001 -0.196573 -0.106577 -0.831658 0.544964
-0.168797 0.451103 -0.229995 0.010230 -0.942716 -0.333440
-0.077992 0.531474 -0.235149 -0.024174 0.846592 -0.531694
-0.078772 0.493065 -0.261020 -0.136726 0.120734 -0.983224
-0.098011 0.495043 -0.167428 -0.296286 0.102853 0.949545
-0.095239 0.533605 -0.196726 -0.022788 0.907517 0.419396
-0.157401 0.450518 -0.229785 -0.011669 -0.860661 -0.509044
-0.079357 0.532254 -0.195458 0.048315 0.947114 0.317240
-0.082547 0.495684 -0.163722 -0.347845 0.497242 0.794830
-0.094612 0.452441 -0.170451 -0.868179 0.133623 0.477923
-0.118574 0.449766 -0.230761 -0.086661 -0.796103 -0.598925
-0.105534 0.442117 -0.196531 -0.788071 -0.593621 0.162967
-0.100296 0.447244 -0.230802 -0.468413 -0.634085 -0.615245
-0.092466 0.439289 -0.234327 -0.898737 0.005491 -0.438455
-0.084400 0.459699 -0.248315 -0.558543 -0.121310 -0.820557
-0.248179 0.491045 -0.149846 0.152380 0.149476 0.976953
-0.266235 0.491045 -0.158331 0.117416 -0.043681 0.992122
-0.248179 0.438244 -0.181861 0.346193 -0.720384 0.600998
-0.285655 0.466330 -0.145277 0.572987 -0.250926 0.780206
-0.266235 0.445238 -0.186110 0.098319 -0.961891 0.255145
-0.289389 0.443970 -0.162385 0.416154 -0.804132 0.424486
-0.318422 0.452120 -0.131736 0.306558 -0.433706 0.847302
-0.248179 0.438244 -0.245904 0.395408 -0.818051 -0.417666
-0.290169 0.486614 -0.144051 0.316975 0.355836 0.879151
-0.319425 0.437060 -0.150557 0.046307 -0.987464 0.150901
-0.266235 0.445238 -0.241669 -0.121975 -0.939265 -0.320785
-0.321013 0.472000 -0.128782 0.196056 0.252442 0.947542
-0.330933 0.449960 -0.170883 -0.550115 -0.608671 -0.571745
-0.295518 0.439233 -0.191571 -0.149758 -0.965394 -0.213509
-0.266235 0.464589 -0.262009 0.038839 -0.481844 -0.875396
-0.248179 0.491045 -0.277933 0.258521 -0.079824 -0.962702
-0.351425 0.465592 -0.126804 -0.148165 0.247742 0.957429
-0.325332 0.469437 -0.213890 -0.697763 -0.715342 -0.037579
-0.298932 0.448971 -0.213890 -0.249783 -0.966885 -0.052362
-0.342286 0.439192 -0.150599 -0.085228 -0.951730 -0.294865
-0.266235 0.491045 -0.269448 -0.087519 0.220990 -0.971341
-0.348277 0.446743 -0.129242 0.006075 -0.660078 0.751173
-0.319843 0.452900 -0.250362 -0.402278 -0.894254 -0.196168
-0.291729 0.463962 -0.272096 0.068421 -0.658005 -0.749899
-0.343554 0.456926 -0.164990 -0.261746 -0.185244 -0.947193
-0.340949 0.478715 -0.163416 -0.926261 -0.347322 -0.146315
-0.287786 0.492898 -0.279312 0.282344 0.040740 -0.958448
-0.298527 0.447091 -0.244441 -0.111927 -0.962375 -0.247602
-0.348319 0.475302 -0.149052 -0.685487 0.697813 0.207761
-0.335098 0.464547 -0.256283 -0.728997 -0.679983 -0.078655
-0.335098 0.475567 -0.274854 -0.392076 -0.549028 -0.738136
-0.360885 0.500142 -0.197116 -0.832605 -0.408788 0.373712
-0.356678 0.494277 -0.165004 -0.563868 -0.795640 -0.221383
-0.328369 0.499334 -0.283450 0.024195 0.134290 -0.990647
-0.353780 0.496450 -0.262371 -0.610924 -0.782946 -0.117339
-0.356678 0.504322 -0.149846 -0.265273 -0.409134 0.873063
-0.358600 0.500142 -0.230036 -0.829483 -0.329447 -0.451023
-0.351050 0.503068 -0.277056 -0.370515 -0.355708 -0.858016
-0.334067 0.490557 -0.146587 -0.616207 0.098169 0.781442
-0.248179 0.543859 -0.245904 0.346362 0.720267 -0.601040
-0.266235 0.536866 -0.241669 0.010714 0.912799 -0.408268
-0.292286 0.540571 -0.255016 0.225193 0.801661 -0.553739
-0.248179 0.543859 -0.181861 0.433236 0.823426 0.366437
-0.294028 0.543441 -0.214990 0.204771 0.978764 -0.009424
-0.266235 0.532923 -0.186110 0.018461 0.824986 0.564852
-0.330514 0.538900 -0.265019 -0.011729 0.867085 -0.498022
-0.296424 0.543971 -0.174979 0.231457 0.822457 0.519608
-0.351050 0.530081 -0.276066 -0.172676 0.554013 -0.814403
-0.332744 0.548498 -0.232321 -0.103928 0.985103 -0.137011
-0.353989 0.536448 -0.261717 -0.258760 0.948941 -0.180430
-0.364689 0.531962 -0.261243 -0.416500 0.900027 -0.128376
-0.332757 0.548498 -0.195458 -0.095691 0.987258 0.127140
-0.355675 0.534706 -0.247381 -0.378329 0.816801 -0.435549
-0.326098 0.502984 -0.143271 -0.038197 0.273365 0.961152
-0.326767 0.485277 -0.140652 -0.272808 0.504346 0.819274
-0.329776 0.538900 -0.166425 0.007772 0.876372 0.481572
-0.376976 0.524411 -0.269685 -0.380700 0.770849 -0.510744
-0.357611 0.540140 -0.213890 -0.413618 0.876102 0.247720
-0.390127 0.520496 -0.240123 -0.528943 0.658992 -0.534742
-0.372267 0.536448 -0.230440 -0.547589 0.830958 -0.098260
-0.356678 0.530081 -0.150808 -0.118679 0.550252 0.826522
-0.376976 0.524411 -0.253372 -0.449362 0.808408 0.380198
-0.360049 0.543511 -0.230928 -0.346603 0.925351 -0.153596
-0.362641 0.544096 -0.196336 -0.312117 0.944353 0.103829
-0.358893 0.536239 -0.180496 -0.385275 0.905177 0.179491
-0.390127 0.520496 -0.221399 -0.600039 0.684389 0.414203
-0.389361 0.520120 -0.174589 -0.496576 0.728190 -0.472390
-0.372128 0.532338 -0.164906 -0.442074 0.885403 0.143639
-0.359464 0.537548 -0.164920 -0.205832 0.956170 0.208260
-0.374064 0.538022 -0.196698 -0.469627 0.880632 0.062754
-0.389361 0.520120 -0.155865 -0.468974 0.759835 0.450238
-0.394920 0.524216 -0.206395 -0.499265 0.714019 -0.490828
-0.394920 0.524216 -0.187657 -0.520263 0.733756 0.436954
-0.387717 0.466219 -0.181332 -0.111474 -0.421318 0.900036
-0.394767 0.448275 -0.189830 -0.260927 -0.891354 0.370681
-0.379860 0.450699 -0.191961 0.635178 -0.596421 0.490744
-0.379400 0.450852 -0.202535 0.571376 -0.732310 -0.370475
-0.394321 0.448428 -0.205001 -0.204734 -0.798083 -0.566698
-0.405396 0.460200 -0.205642 -0.762874 -0.446413 -0.467695
-0.387271 0.466372 -0.213792 -0.124444 -0.438475 -0.890086
-0.372420 0.471429 -0.196726 0.991497 -0.127407 0.026481
-0.405396 0.460200 -0.188534 -0.641242 -0.387479 0.662321
-0.394460 0.487840 -0.179395 -0.019476 -0.088166 0.995915
-0.412989 0.485960 -0.187476 -0.885511 -0.156616 0.437426
-0.412989 0.485960 -0.206617 -0.903801 -0.077116 -0.420948
-0.394502 0.487144 -0.215770 -0.231673 0.019011 -0.972608
-0.376948 0.483898 -0.196656 0.992658 0.118398 0.024735
-0.412766 0.490432 -0.187434 -0.812337 0.182298 0.553964
-0.412766 0.490432 -0.206645 -0.866855 0.263941 -0.422962
-0.398068 0.521541 -0.206631 -0.639465 0.542046 -0.545225
-0.376405 0.488119 -0.196642 0.938944 -0.288758 0.187088
-0.383189 0.509393 -0.179535 0.103906 -0.314649 0.943504
-0.383454 0.509142 -0.215004 -0.550550 0.821559 0.148105
-0.398068 0.521541 -0.187406 -0.732736 0.513759 0.446261
-0.369983 0.498832 -0.196698 0.015300 0.027607 0.999502
-0.373563 0.495420 -0.196656 0.337843 -0.093990 0.936498
-0.357611 0.510173 -0.213890 -0.420231 0.637357 0.645897
-0.358893 0.505436 -0.180788 -0.548027 -0.833675 -0.068205
-0.377589 0.505520 -0.213263 -0.667580 0.697304 0.260967
-0.378773 0.503583 -0.183213 0.184153 -0.398117 -0.898660
-0.393067 0.517821 -0.221134 -0.732326 0.512462 0.448422
-0.407402 0.488676 -0.221162 -0.811838 0.186332 0.553353
-0.392454 0.518002 -0.174825 -0.552201 0.629531 -0.546594
-0.393109 0.486462 -0.183979 0.120728 -0.038668 -0.991932
-0.389626 0.485834 -0.213124 -0.016793 0.151696 0.988285
-0.407402 0.488676 -0.240374 -0.798931 0.276601 -0.534042
-0.393067 0.517821 -0.240360 -0.680939 0.584766 -0.440874
-0.391897 0.467096 -0.182000 0.195849 -0.314287 -0.928906
-0.410495 0.465439 -0.173850 -0.842164 -0.270451 -0.466494
-0.407556 0.484622 -0.221204 -0.880918 -0.191381 0.432846
-0.398779 0.459838 -0.222263 -0.608721 -0.442153 0.658756
-0.411387 0.489749 -0.174811 -0.897637 0.131927 -0.420527
-0.402680 0.453221 -0.173210 -0.367835 -0.755799 -0.541725
-0.392454 0.518002 -0.155600 -0.640281 0.623707 0.448364
-0.407556 0.484622 -0.240346 -0.903063 -0.102711 -0.417047
-0.398779 0.459838 -0.239370 -0.724667 -0.507351 -0.466319
-0.387620 0.449682 -0.223558 -0.171686 -0.915531 0.363768
-0.410328 0.493538 -0.174853 -0.796848 0.431572 -0.422823
-0.403153 0.453179 -0.158038 -0.438924 -0.825899 0.353888
-0.378773 0.503583 -0.147743 -0.477198 0.482237 0.734663
-0.377589 0.505520 -0.248732 0.133948 -0.228164 -0.964365
-0.389626 0.485834 -0.249499 0.195161 0.008713 -0.980733
-0.381629 0.467236 -0.215060 0.259096 -0.215505 0.941503
-0.411387 0.489749 -0.155684 -0.898189 0.057281 0.435863
-0.410328 0.493538 -0.155642 -0.755100 0.346818 0.556365
-0.388595 0.452273 -0.170730 0.368562 -0.862895 -0.345795
-0.410495 0.465439 -0.156729 -0.712706 -0.241924 0.658425
-0.387188 0.449863 -0.238743 -0.125215 -0.821910 -0.555684
-0.381197 0.467417 -0.247520 0.274037 -0.213587 -0.937702
-0.393109 0.486462 -0.147590 -0.832192 0.367730 0.415007
-0.389069 0.452232 -0.160170 0.457780 -0.760722 0.460152
-0.392370 0.467055 -0.149526 0.181098 -0.310470 0.933173
-0.372574 0.453611 -0.236264 0.624779 -0.693168 -0.359401
-0.369801 0.508598 -0.246295 0.048932 -0.313680 0.948267
-0.355340 0.506592 -0.247604 -0.372970 -0.609606 -0.699481
-0.376739 0.468448 -0.164934 0.900768 -0.314126 -0.299903
-0.373020 0.453430 -0.225689 0.676129 -0.560758 0.477912
-0.379721 0.523115 -0.253149 -0.490943 0.747196 0.447965
-0.396759 0.509031 -0.253177 -0.599170 0.571938 0.560253
-0.366778 0.473630 -0.230454 0.984537 0.172344 0.031385
-0.384625 0.497091 -0.246169 0.109926 -0.158379 0.981240
-0.396759 0.509031 -0.269908 -0.572852 0.613233 -0.543862
-0.379721 0.523115 -0.269881 -0.443214 0.780609 -0.440693
-0.363407 0.495308 -0.230357 0.030130 0.007648 -0.999517
-0.376572 0.479579 -0.164864 0.025718 0.000061 -0.999669
-0.398821 0.506439 -0.253205 -0.768524 0.463591 0.440969
-0.407249 0.490682 -0.254124 -0.733485 0.147410 0.663528
-0.372072 0.487074 -0.230385 0.493763 -0.062004 -0.867383
-0.366597 0.492034 -0.230385 0.014236 -0.010353 -0.999845
-0.375234 0.483090 -0.164850 0.177823 -0.134433 -0.974837
-0.398821 0.506439 -0.269881 -0.750656 0.504761 -0.426300
-0.392817 0.483188 -0.247855 -0.033760 -0.370820 0.928091
-0.372546 0.483034 -0.230385 0.971882 0.233887 0.027248
-0.369662 0.488593 -0.164864 -0.159770 0.128516 -0.978753
-0.369801 0.508598 -0.277181 0.012304 -0.253652 -0.967217
-0.384625 0.497091 -0.277849 -0.348141 0.214182 -0.912647
-0.407249 0.490682 -0.269031 -0.861496 0.190161 -0.470811
-0.407165 0.479050 -0.255266 -0.802448 -0.486481 0.345561
-0.365956 0.491463 -0.164878 0.000999 -0.018976 -0.999819
-0.392440 0.483006 -0.276122 -0.022842 -0.381943 -0.923903
-0.406804 0.478868 -0.268473 -0.709716 -0.465278 -0.528979
-0.396104 0.471346 -0.266314 -0.182612 -0.923704 -0.336784
-0.396466 0.471527 -0.257119 -0.069999 -0.891788 0.447006
-0.360509 0.495963 -0.261313 0.261654 -0.964447 0.037145
-0.381016 0.475372 -0.261271 0.519818 -0.763787 0.382646
-0.363574 0.494444 -0.261201 0.566526 -0.823865 0.017171
-0.370693 0.487938 -0.261201 0.575854 -0.670112 0.468339
-0.372992 0.485542 -0.261201 -0.021004 0.014707 0.999671
-0.368603 0.470746 -0.153566 0.546299 -0.175267 -0.819048
-0.377742 0.460980 -0.132850 -0.228269 -0.494958 0.838397
-0.383412 0.464798 -0.161744 -0.075127 0.810618 -0.580737
-0.395519 0.455812 -0.146350 -0.799012 0.261827 0.541319
-0.359631 0.453667 -0.169434 0.306925 -0.318014 -0.897031
-0.374023 0.451813 -0.172444 0.001844 0.201106 -0.979568
-0.397762 0.453276 -0.154681 -0.962742 -0.127162 0.238659
-0.373716 0.441253 -0.135330 -0.264123 -0.688279 0.675656
-0.362543 0.434998 -0.155238 0.214303 -0.942278 -0.257268
-0.378244 0.435347 -0.162914 -0.066316 -0.891616 -0.447909
-0.391744 0.438718 -0.148049 -0.662881 -0.643476 0.382789
-0.394586 0.440111 -0.156339 -0.755603 -0.609182 -0.240751
-0.389793 0.447481 -0.168515 -0.387726 -0.489732 -0.780917
0.091068 0.460980 -0.096489 -0.020649 0.987225 0.157990
0.087014 0.458027 -0.103203 -0.433248 0.891678 -0.131174
0.081357 0.454168 -0.087600 -0.405591 0.775352 0.484071
0.077303 0.451201 -0.094315 -0.797982 0.554168 0.236903
0.078557 0.441560 -0.080342 -0.549560 0.329822 0.767594
0.074503 0.438593 -0.087057 -0.856992 0.005762 0.515298
0.083740 0.427963 -0.077472 -0.396961 -0.178644 0.900282
0.079672 0.425009 -0.084187 -0.586824 -0.532575 0.609919
0.094913 0.418587 -0.080105 -0.007249 -0.547066 0.837058
0.089981 0.415634 -0.086806 -0.098107 -0.880277 0.464206
0.107814 0.417012 -0.087210 0.469946 -0.659597 0.586586
0.103760 0.414045 -0.093925 0.432445 -0.891943 0.132016
0.117524 0.423825 -0.096098 0.856110 -0.446599 0.260047
0.113456 0.420872 -0.102800 0.796971 -0.555000 -0.238353
0.120324 0.436433 -0.103357 0.999737 -0.001649 -0.022869
0.116270 0.433480 -0.110072 0.856949 -0.006173 -0.515363
0.115155 0.450030 -0.106227 0.847724 0.507132 -0.155500
0.111087 0.447063 -0.112942 0.588286 0.544849 -0.597544
0.103982 0.459406 -0.103608 0.457449 0.884979 -0.086906
0.099914 0.456439 -0.110309 0.095692 0.887737 -0.450296
0.103690 0.442131 -0.084828 0.484347 0.353467 0.800293
0.121829 0.414617 -0.106659 0.882430 -0.324006 0.341082
0.114654 0.462430 -0.120688 0.891256 0.304914 0.335693
0.100862 0.403708 -0.086472 0.512358 -0.095882 0.853402
0.071912 0.467835 -0.098788 -0.066016 0.565956 0.821788
0.104316 0.508097 -0.152396 0.809492 0.500624 0.306754
0.072957 0.421150 -0.076636 -0.495771 -0.198239 0.845525
0.098702 0.535723 -0.192797 0.822037 0.549790 0.148277
0.071675 0.510006 -0.142978 -0.433031 0.701415 0.566128
0.071382 0.535946 -0.184564 0.443351 0.896293 0.009940
0.146223 0.410005 -0.158373 0.644384 0.753642 -0.129587
0.113483 0.448665 -0.132097 0.866177 0.418269 0.273473
0.152227 0.403792 -0.198857 0.659865 0.751333 -0.008774
0.142921 0.408110 -0.242324 0.624839 0.780288 -0.026967
0.117245 0.432546 -0.268989 0.779963 0.623308 -0.056090
0.101614 0.458765 -0.269281 0.918821 0.362542 -0.155988
-0.051271 0.460980 -0.096489 0.020649 0.987225 0.157988
-0.041560 0.454168 -0.087600 0.405591 0.775352 0.484071
-0.047217 0.458027 -0.103203 0.433247 0.891678 -0.131175
-0.037506 0.451201 -0.094315 0.797982 0.554168 0.236903
-0.038760 0.441560 -0.080342 0.549591 0.329937 0.767523
-0.034706 0.438593 -0.087057 0.857264 0.005839 0.514844
-0.043929 0.427963 -0.077472 0.397366 -0.178779 0.900077
-0.039875 0.425009 -0.084187 0.587089 -0.532946 0.609339
-0.055116 0.418587 -0.080105 0.007324 -0.547206 0.836966
-0.050184 0.415634 -0.086806 0.098107 -0.880304 0.464156
-0.068017 0.417012 -0.087210 -0.469883 -0.659791 0.586418
-0.063948 0.414045 -0.093925 -0.432113 -0.892138 0.131789
-0.077727 0.423825 -0.096098 -0.856017 -0.446825 0.259967
-0.073659 0.420872 -0.102800 -0.796904 -0.555140 -0.238250
-0.080527 0.436433 -0.103357 -0.999737 -0.001649 -0.022869
-0.076473 0.433480 -0.110072 -0.856949 -0.006173 -0.515364
-0.075358 0.450030 -0.106227 -0.847724 0.507132 -0.155500
-0.071290 0.447063 -0.112942 -0.588301 0.544848 -0.597531
-0.064185 0.459406 -0.103608 -0.457458 0.884975 -0.086899
-0.060118 0.456439 -0.110309 -0.095709 0.887739 -0.450289
-0.063893 0.442131 -0.084828 -0.484323 0.353464 0.800309
-0.082032 0.414617 -0.106659 -0.882371 -0.324416 0.340846
-0.061065 0.403708 -0.086472 -0.512378 -0.096082 0.853368
-0.074857 0.462430 -0.120688 -0.891256 0.304914 0.335693
-0.032115 0.467835 -0.098788 0.066016 0.565956 0.821788
-0.033160 0.421150 -0.076636 0.495688 -0.198145 0.845595
-0.064519 0.508097 -0.152396 -0.809813 0.500372 0.306317
-0.031878 0.510006 -0.142978 0.433051 0.701403 0.566128
-0.058905 0.535723 -0.192797 -0.822150 0.549645 0.148191
-0.031586 0.535946 -0.184564 -0.443382 0.896276 0.010032
-0.073686 0.448665 -0.132097 -0.840402 0.529388 0.116076
-0.106426 0.410005 -0.158373 -0.665608 0.743979 -0.058833
-0.112430 0.403792 -0.198857 -0.659858 0.751339 -0.008773
-0.103124 0.408110 -0.242324 -0.624809 0.780310 -0.027031
-0.077434 0.432546 -0.268989 -0.779883 0.623446 -0.055665
-0.061803 0.458765 -0.269281 -0.919085 0.362420 -0.154708
0.098702 0.499585 -0.269797 0.684656 0.326438 -0.651678
0.066172 0.496339 -0.287253 0.189394 0.403969 -0.894952
0.061993 0.532881 -0.256715 -0.019985 0.888004 -0.459401
0.098451 0.533564 -0.242171 0.731968 0.644349 -0.221445
-0.026375 0.496339 -0.287253 -0.189475 0.403970 -0.894935
-0.022196 0.532881 -0.256715 0.020160 0.887810 -0.459768
-0.058891 0.499585 -0.269797 -0.684253 0.326578 -0.652031
-0.058654 0.533564 -0.242171 -0.731738 0.644475 -0.221838
0.099329 0.495600 -0.264350 0.817397 0.201044 -0.539855
0.099064 0.529343 -0.238075 0.693422 0.684927 -0.223696
0.098786 0.530917 -0.193146 0.664463 0.677282 0.315876
0.067677 0.533578 -0.192296 0.731918 0.382822 0.563688
0.068429 0.507261 -0.145918 -0.218261 0.746860 0.628142
0.068986 0.466330 -0.112997 -0.416608 0.809250 0.414188
0.104498 0.500184 -0.155976 0.948961 0.282670 0.139897
0.019905 0.457581 -0.099651 -0.000007 0.921260 0.388947
-0.029189 0.466330 -0.112997 0.416602 0.809254 0.414187
-0.027880 0.533578 -0.192296 -0.731862 0.382731 0.563822
-0.028632 0.507261 -0.145918 0.218295 0.746854 0.628137
-0.064687 0.500184 -0.155976 -0.949106 0.282372 0.139514
-0.058989 0.530917 -0.193146 -0.664403 0.677269 0.316030
0.158761 0.492772 -0.258359 0.055517 0.021849 -0.998219
0.134060 0.493344 -0.259599 0.146322 0.066417 -0.987005
0.164585 0.532324 -0.229995 0.075475 0.791676 -0.606261
0.134074 0.532491 -0.232990 0.028967 0.921737 -0.386733
0.117789 0.531474 -0.235149 0.024174 0.846591 -0.531694
0.118569 0.493065 -0.261020 0.136726 0.120734 -0.983224
0.164766 0.532923 -0.197325 0.092091 0.916404 0.389516
0.135035 0.533605 -0.196726 0.022787 0.907518 0.419395
0.119153 0.532254 -0.195458 -0.048314 0.947114 0.317239
0.137808 0.495043 -0.167428 0.296286 0.102854 0.949545
0.122344 0.495684 -0.163722 0.347933 0.497232 0.794797
0.161171 0.492424 -0.170744 0.100016 0.154109 0.982979
0.134409 0.452441 -0.170451 0.868179 0.133623 0.477923
0.158036 0.445001 -0.196573 0.106577 -0.831658 0.544964
0.145331 0.442117 -0.196531 0.788071 -0.593621 0.162968
0.132263 0.439289 -0.234327 0.898785 0.005530 -0.438355
0.140093 0.447244 -0.230802 0.468413 -0.634085 -0.615245
0.158371 0.449766 -0.230761 0.086661 -0.796103 -0.598925
0.124197 0.459699 -0.248315 0.558654 -0.121227 -0.820494
0.067928 0.544876 -0.192964 0.956530 0.104599 0.272229
0.019905 0.541714 -0.163500 0.000010 0.860319 0.509755
-0.028130 0.544876 -0.192964 -0.956514 0.104678 0.272256
0.019905 0.531196 -0.163207 0.000041 0.645789 0.763516
0.068039 0.545489 -0.257245 0.701212 -0.576530 -0.419422
0.060126 0.527587 -0.254416 0.728320 0.143706 -0.669999
0.019905 0.525191 -0.278017 0.000025 -0.162306 -0.986741
0.019905 0.487339 -0.282711 0.000020 0.958578 -0.284830
-0.020315 0.527587 -0.254416 -0.727777 0.142913 -0.670758
0.019905 0.542216 -0.281527 0.000052 -0.552327 -0.833628
-0.028242 0.545489 -0.257245 -0.701103 -0.576665 -0.419419
-0.059532 0.495600 -0.264350 -0.817194 0.201154 -0.540122
-0.059268 0.529343 -0.238075 -0.693376 0.684967 -0.223718
0.019905 0.507359 -0.133059 0.000022 0.662255 0.749279
0.147839 0.600908 -0.155559 0.993781 -0.058385 0.094818
0.137947 0.599238 -0.114293 0.906775 -0.105990 0.408076
0.136736 0.569758 -0.152661 0.867419 -0.495661 0.043642
0.127150 0.571457 -0.113889 0.765551 -0.521613 0.376633
0.116005 0.595520 -0.082418 0.698003 -0.093731 0.709934
0.116228 0.548150 -0.151002 0.626466 -0.776744 0.064881
0.113470 0.622335 -0.084675 0.671909 0.253905 0.695752
0.110279 0.573645 -0.086123 0.591723 -0.426441 0.684114
0.091402 0.552149 -0.089216 0.503784 -0.624430 0.596899
0.106936 0.550045 -0.115296 0.576320 -0.762014 0.295279
0.091890 0.533564 -0.146865 0.445585 -0.893328 0.058466
0.135189 0.628171 -0.116411 0.876887 0.288661 0.384374
0.096445 0.591308 -0.070186 0.412055 -0.152665 0.898279
0.067203 0.536684 -0.090261 0.520753 -0.703585 0.483513
0.082793 0.533745 -0.115951 0.434821 -0.874196 0.216128
0.108789 0.638888 -0.091320 0.440077 0.587465 0.679129
0.085300 0.573269 -0.072568 0.338844 -0.458425 0.821602
0.048159 0.520942 -0.087294 0.411388 -0.793419 0.448604
0.073639 0.529928 -0.115143 0.513572 -0.828962 0.221507
0.094760 0.615092 -0.071816 0.386655 0.228028 0.893589
0.075576 0.528270 -0.146210 0.395969 -0.917797 -0.029267
0.128683 0.643943 -0.119211 0.711283 0.544717 0.444252
0.061812 0.571862 -0.067274 0.343515 -0.736875 0.582248
0.065350 0.561901 -0.072136 0.442932 -0.377202 0.813345
0.065824 0.551341 -0.077068 0.420939 -0.449513 0.787876
0.051112 0.514450 -0.114000 0.368046 -0.919572 0.137581
0.070756 0.585531 -0.063847 0.313856 0.068111 0.947025
0.074447 0.577908 -0.065087 0.352518 -0.405381 0.843444
0.086889 0.631446 -0.077291 0.159550 0.583345 0.796400
0.045331 0.531474 -0.072722 0.423103 -0.481704 0.767427
0.019905 0.515815 -0.084382 0.000043 -0.929485 0.368860
0.019905 0.509198 -0.112663 0.000031 -0.998379 0.056916
0.053062 0.569507 -0.060740 0.424728 0.307063 0.851656
0.054344 0.571374 -0.065073 0.128318 0.899629 0.417376
0.047128 0.604753 -0.056575 0.839137 -0.376105 0.392929
0.054456 0.575358 -0.055460 0.426522 -0.455594 0.781353
0.063734 0.621527 -0.069461 0.428573 0.621875 0.655437
0.051265 0.553681 -0.068430 0.438552 -0.453500 0.775893
0.019905 0.510869 -0.145249 0.000024 -0.992096 -0.125478
0.051669 0.514742 -0.145598 0.282195 -0.952396 -0.115363
0.019905 0.527977 -0.068277 0.000047 -0.575148 0.818050
0.038713 0.571165 -0.059403 0.049160 0.947888 0.314788
0.033349 0.574815 -0.044357 0.321534 -0.394317 0.860889
0.067914 0.604794 -0.064697 0.233526 -0.959534 0.157354
0.052672 0.571123 -0.059319 0.250749 -0.899754 0.357165
0.050806 0.570622 -0.063373 0.103157 -0.992463 0.066144
0.051809 0.558181 -0.064084 0.487676 -0.541911 0.684474
-0.011872 0.514742 -0.145598 -0.282159 -0.952406 -0.115369
0.037585 0.550574 -0.063764 0.257167 -0.598845 0.758452
-0.011315 0.514450 -0.114000 -0.368092 -0.919548 0.137623
0.019905 0.571040 -0.057439 0.000008 0.929380 0.369124
0.038239 0.567417 -0.055196 0.167995 0.455819 0.874075
0.031789 0.570622 -0.052186 0.173098 -0.917503 0.358086
0.055236 0.633884 -0.063736 0.925996 0.365622 0.094080
0.037640 0.556064 -0.055711 0.315630 -0.367079 0.875003
0.019905 0.548805 -0.062705 0.000039 -0.594057 0.804423
-0.008362 0.520942 -0.087294 -0.411485 -0.793364 0.448613
0.019905 0.566289 -0.052674 0.000045 0.228548 0.973533
0.019905 0.573004 -0.043758 0.000079 -0.692798 0.721132
0.030981 0.569828 -0.057369 0.428275 0.089407 0.899215
0.019905 0.589429 -0.040386 0.000111 -0.784781 0.619774
-0.035779 0.528270 -0.146210 -0.395945 -0.917810 -0.029210
0.019905 0.554893 -0.052967 0.000055 -0.631323 0.775520
-0.033829 0.529928 -0.115143 -0.513558 -0.828949 0.221587
0.002212 0.550574 -0.063764 -0.257116 -0.598858 0.758459
0.001558 0.567417 -0.055196 -0.167956 0.455822 0.874081
0.001084 0.571165 -0.059403 -0.049153 0.947888 0.314788
0.019905 0.568601 -0.050264 0.000112 -0.960918 0.276832
0.006448 0.574815 -0.044357 -0.321437 -0.394292 0.860937
-0.007331 0.604753 -0.056575 -0.786471 -0.206870 0.581952
-0.027392 0.536684 -0.090261 -0.520748 -0.703636 0.483444
-0.005534 0.531474 -0.072722 -0.423155 -0.481742 0.767375
0.002157 0.556064 -0.055711 -0.315577 -0.367084 0.875020
-0.014547 0.571374 -0.065073 -0.128318 0.899629 0.417376
-0.013265 0.569507 -0.060740 -0.424728 0.307063 0.851656
0.019905 0.567794 -0.056435 0.000039 0.056677 0.998393
-0.014659 0.575358 -0.055460 -0.426574 -0.455493 0.781384
0.008008 0.570622 -0.052186 -0.173016 -0.917513 0.358099
-0.042995 0.533745 -0.115951 -0.434636 -0.874271 0.216199
-0.011468 0.553681 -0.068430 -0.438552 -0.453500 0.775893
-0.022015 0.571862 -0.067274 -0.343515 -0.736875 0.582248
-0.012012 0.558181 -0.064084 -0.487676 -0.541911 0.684474
0.008816 0.569828 -0.057369 -0.427949 0.089344 0.899376
-0.030945 0.585531 -0.063847 -0.313851 0.068255 0.947016
-0.052093 0.533564 -0.146865 -0.445582 -0.893330 0.058471
-0.067139 0.550045 -0.115296 -0.576278 -0.762037 0.295302
-0.026027 0.551341 -0.077068 -0.420967 -0.449602 0.787810
-0.025553 0.561901 -0.072136 -0.442932 -0.377202 0.813345
-0.012875 0.571123 -0.059319 -0.250749 -0.899754 0.357165
-0.011009 0.570622 -0.063373 -0.103157 -0.992463 0.066144
-0.023937 0.621527 -0.069461 -0.403638 0.525852 0.748703
-0.028117 0.604794 -0.064697 -0.397429 0.101344 0.912019
-0.034650 0.577908 -0.065087 -0.352492 -0.405187 0.843548
-0.076431 0.548150 -0.151002 -0.626472 -0.776739 0.064879
-0.051605 0.552149 -0.089216 -0.503745 -0.624497 0.596861
-0.045503 0.573269 -0.072568 -0.338844 -0.458425 0.821603
-0.015439 0.633884 -0.063736 -0.925993 0.365633 0.094072
-0.087353 0.571457 -0.113889 -0.765554 -0.521611 0.376628
-0.056648 0.591308 -0.070186 -0.412000 -0.152538 0.898325
-0.054949 0.615092 -0.071816 -0.386571 0.228011 0.893630
-0.047091 0.631446 -0.077291 -0.159592 0.583277 0.796441
-0.096938 0.569758 -0.152661 -0.867419 -0.495661 0.043643
-0.070482 0.573645 -0.086123 -0.591723 -0.426441 0.684114
-0.068992 0.638888 -0.091320 -0.440064 0.587435 0.679164
-0.098150 0.599238 -0.114293 -0.906776 -0.105995 0.408072
-0.076208 0.595520 -0.082418 -0.697961 -0.093683 0.709982
-0.073673 0.622335 -0.084675 -0.671827 0.253907 0.695830
-0.108042 0.600908 -0.155559 -0.993780 -0.058396 0.094818
-0.095392 0.628171 -0.116411 -0.876887 0.288662 0.384374
-0.088886 0.643943 -0.119211 -0.711283 0.544717 0.444252
0.144453 0.600506 -0.187768 0.913579 -0.325839 0.243314
0.115922 0.550895 -0.179688 0.584471 -0.751355 -0.306365
0.134534 0.572419 -0.185803 0.801487 -0.514264 -0.305207
0.093603 0.536016 -0.166355 0.394723 -0.887604 -0.237388
0.130801 0.574634 -0.193327 0.735296 -0.549357 -0.396921
0.140399 0.590127 -0.194163 0.589733 -0.807596 0.002067
0.128446 0.602595 -0.219337 0.422691 -0.736786 -0.527712
0.113511 0.553416 -0.185247 0.463936 -0.762426 -0.451077
0.082458 0.543511 -0.210838 0.414552 -0.881548 -0.225877
0.148368 0.586991 -0.213430 0.055531 -0.977478 -0.203601
0.111951 0.567459 -0.215728 0.625044 -0.663051 -0.411926
0.175618 0.618088 -0.254681 0.022150 -0.409595 -0.911999
0.079951 0.552023 -0.242477 0.534677 -0.829988 -0.158874
0.019905 0.523770 -0.208777 0.000021 -0.971015 -0.239019
0.142796 0.642035 -0.243216 0.409490 -0.073012 -0.909388
0.050708 0.539485 -0.252535 0.396424 -0.906821 -0.143259
0.184270 0.667559 -0.257523 -0.293249 0.296430 -0.908919
0.019905 0.547440 -0.276888 -0.000039 -0.928084 -0.372371
-0.042661 0.543511 -0.210838 -0.414559 -0.881529 -0.225938
0.151642 0.679020 -0.221064 0.675677 0.397697 -0.620724
-0.010911 0.539485 -0.252535 -0.396485 -0.906797 -0.143248
-0.053806 0.536016 -0.166355 -0.394723 -0.887604 -0.237388
0.171132 0.694042 -0.226345 -0.374586 0.898969 -0.227025
-0.040140 0.552023 -0.242477 -0.534706 -0.829955 -0.158949
0.156518 0.686002 -0.208094 -0.611155 0.775802 0.156913
0.179992 0.686351 -0.247548 0.148352 0.696771 -0.701784
-0.072154 0.567459 -0.215728 -0.625038 -0.662969 -0.412067
0.141890 0.660565 -0.189858 0.904483 0.403013 0.139607
-0.073714 0.553416 -0.185247 -0.463936 -0.762426 -0.451077
-0.088635 0.602595 -0.219337 -0.422711 -0.736746 -0.527750
-0.076125 0.550895 -0.179688 -0.584476 -0.751352 -0.306362
-0.091004 0.574634 -0.193327 -0.735293 -0.549314 -0.396987
-0.094737 0.572419 -0.185803 -0.801491 -0.514264 -0.305195
-0.100602 0.590127 -0.194163 -0.589731 -0.807597 0.002018
-0.104656 0.600506 -0.187768 -0.913578 -0.325841 0.243317
-0.108571 0.586991 -0.213430 -0.055607 -0.977483 -0.203557
-0.135821 0.618088 -0.254681 -0.022122 -0.409559 -0.912015
-0.102999 0.642035 -0.243216 -0.409438 -0.073080 -0.909406
-0.144459 0.667559 -0.257523 0.140494 0.269092 -0.952812
-0.111845 0.679020 -0.221064 -0.498191 0.468966 -0.729298
-0.140195 0.686351 -0.247548 -0.007355 0.711860 -0.702283
-0.131335 0.694042 -0.226345 0.227532 0.964779 -0.132026
0.104302 0.639167 -0.081470 0.213841 0.531148 0.819850
0.118555 0.637951 -0.094524 0.777452 0.043681 0.627424
0.114389 0.648150 -0.089746 0.803024 0.330185 0.496115
0.114640 0.606551 -0.085371 0.671248 0.083162 0.736553
0.120687 0.620706 -0.093145 0.913631 0.011449 0.406384
0.098744 0.601495 -0.069643 0.777741 0.002776 0.628579
0.082096 0.629678 -0.070478 0.189432 0.489936 0.850928
0.062410 0.583203 -0.056366 0.280277 -0.017342 0.959763
0.050708 0.625111 -0.059682 0.157414 0.438814 0.884683
0.106323 0.601856 -0.077193 0.765346 -0.276600 0.581152
0.019905 0.623784 -0.056227 0.000000 0.484021 0.875056
0.087459 0.579023 -0.065449 0.002975 -0.550579 -0.834778
-0.010563 0.625111 -0.059682 -0.133064 0.516082 0.846140
-0.022781 0.583203 -0.056366 -0.373212 -0.089894 0.923381
0.098242 0.590528 -0.069071 0.896929 -0.339756 0.282990
0.072511 0.578145 -0.060489 0.040757 -0.844158 0.534543
0.019905 0.574397 -0.040122 -0.004175 -0.102717 0.994702
-0.042299 0.629678 -0.070478 -0.215475 0.445937 0.868741
0.056406 0.573840 -0.054388 0.595516 -0.792887 -0.129192
0.028780 0.570176 -0.042657 -0.231441 -0.901569 0.365525
-0.058947 0.601495 -0.069643 -0.777646 0.001916 0.628699
0.043854 0.568685 -0.048801 0.163357 -0.984414 0.065149
0.011017 0.570176 -0.042657 0.140169 -0.765503 0.627979
-0.064505 0.639167 -0.081470 -0.213836 0.531163 0.819842
-0.016762 0.573840 -0.054388 -0.321927 -0.775693 -0.542829
-0.074843 0.606551 -0.085371 -0.671035 0.081938 0.736884
-0.004057 0.568685 -0.048801 -0.160988 -0.984900 0.063684
-0.047662 0.579023 -0.065449 0.000398 -0.525747 -0.850641
-0.078744 0.637951 -0.094524 -0.777574 0.044325 0.627227
-0.032059 0.578159 -0.060489 -0.038714 -0.833651 0.550932
-0.066512 0.601856 -0.077193 -0.765248 -0.277436 0.580883
-0.074578 0.648150 -0.089746 -0.803153 0.330598 0.495631
-0.058431 0.590528 -0.069071 -0.893361 -0.339558 0.294291
-0.080889 0.620706 -0.093145 -0.913585 0.011913 0.406474
0.122065 0.622545 -0.084772 0.939011 -0.092913 0.331097
0.093060 0.615010 -0.054067 0.589902 0.129352 0.797047
0.113846 0.633873 -0.075243 0.458137 0.525003 0.717274
0.085718 0.587200 -0.056993 0.496486 -0.461450 0.735232
0.059262 0.601315 -0.037433 0.349901 0.031720 0.936250
0.043715 0.574634 -0.039801 0.279742 -0.577972 0.766611
-0.019632 0.601315 -0.037433 -0.294208 -0.025700 0.955396
0.019905 0.596870 -0.027458 -0.000678 -0.085275 0.996357
-0.053263 0.615010 -0.054067 -0.552573 0.205527 0.807726
-0.003987 0.574634 -0.039801 -0.413276 -0.551574 0.724547
-0.045587 0.587200 -0.056993 -0.491032 -0.461992 0.738546
-0.074049 0.633873 -0.075243 -0.458151 0.525131 0.717171
-0.082268 0.622545 -0.084772 -0.939056 -0.092929 0.330965
0.147936 0.726612 -0.137029 0.872224 -0.309264 0.378921
0.151990 0.726123 -0.108763 0.983810 -0.175663 -0.035490
0.143074 0.721137 -0.136695 0.337965 -0.917217 0.210933
0.147114 0.720648 -0.108442 0.331343 -0.935711 0.121065
0.145261 0.735752 -0.059124 0.965632 0.079165 0.247565
0.140609 0.730027 -0.059110 0.179310 -0.914804 0.361915
0.119014 0.753584 -0.015533 0.767786 0.096928 0.633332
0.075381 0.768018 0.010617 0.472066 0.431159 0.768932
0.115309 0.747190 -0.016285 0.154648 -0.816938 0.555604
0.019905 0.771864 0.020132 0.000022 0.521356 0.853339
0.073500 0.760856 0.009210 0.088497 -0.750180 0.655285
0.019905 0.764394 0.018516 0.000008 -0.738202 0.674580
-0.033703 0.760856 0.009210 -0.088488 -0.750179 0.655287
-0.035584 0.768018 0.010617 -0.472055 0.431155 0.768940
-0.075511 0.747190 -0.016285 -0.154630 -0.816949 0.555592
-0.079217 0.753584 -0.015533 -0.767893 0.097085 0.633179
-0.100812 0.730027 -0.059110 -0.179720 -0.914691 0.361995
-0.105450 0.735752 -0.059124 -0.965612 0.079548 0.247520
-0.107317 0.720648 -0.108442 -0.331603 -0.935616 0.121089
-0.112193 0.726123 -0.108763 -0.983759 -0.175958 -0.035457
0.075464 0.788527 -0.069949 0.322123 0.512390 0.796049
0.110391 0.770119 -0.086834 0.682821 0.410600 0.604288
0.077387 0.815860 -0.066271 0.322720 -0.036301 0.945798
0.134688 0.745631 -0.114223 0.873139 0.384418 0.299753
0.142851 0.787538 -0.109347 0.765336 0.051952 0.641531
0.112968 0.803025 -0.083950 0.586589 0.120956 0.800802
0.070881 0.848726 -0.067971 0.395592 0.317304 0.861873
0.171272 0.762945 -0.152103 0.913337 0.086240 0.397967
0.109764 0.831644 -0.095304 0.690220 0.419973 0.589253
0.184632 0.731766 -0.202549 0.958586 -0.213425 0.188580
0.157758 0.697620 -0.191446 0.418889 -0.813295 0.403837
0.061770 0.881295 -0.089383 0.382880 0.722706 0.575412
0.135858 0.838748 -0.143313 0.799994 0.558419 0.219494
0.154150 0.677158 -0.240039 0.542128 -0.821832 0.175185
0.107158 0.863143 -0.115756 0.624746 0.725572 0.288510
0.162913 0.805411 -0.177152 0.890379 0.454463 0.026232
-0.117961 0.697620 -0.191446 -0.358198 -0.837687 0.412280
0.177485 0.701617 -0.250362 0.955160 -0.248828 -0.160483
0.173571 0.773912 -0.222095 0.883511 0.396545 -0.249320
-0.114353 0.677158 -0.240039 -0.410112 -0.881044 0.235733
0.128111 0.729748 -0.118333 -0.190218 -0.939966 0.283341
0.170519 0.742454 -0.266927 0.876668 0.206590 -0.434481
0.122776 0.656010 -0.296406 0.284225 -0.958541 0.020354
-0.103263 0.721137 -0.136695 -0.338151 -0.916983 0.211650
0.141806 0.677211 -0.311898 0.741883 -0.468864 -0.479349
-0.082979 0.656010 -0.296406 -0.284131 -0.958589 0.019408
-0.088315 0.729748 -0.118333 0.221850 -0.938136 0.265864
-0.144835 0.731766 -0.202549 -0.958586 -0.213425 0.188580
0.140595 0.713713 -0.325036 0.693970 0.158163 -0.702417
0.051307 0.642035 -0.334272 0.081697 -0.974436 -0.209285
-0.011510 0.642035 -0.334272 -0.134342 -0.961513 -0.239675
0.100527 0.742355 -0.092393 -0.153693 -0.944962 0.288834
-0.108139 0.726612 -0.137029 -0.872041 -0.309629 0.379045
-0.137688 0.701617 -0.250362 -0.955161 -0.248826 -0.160479
0.067314 0.689859 -0.374451 0.300587 -0.251043 -0.920122
0.069767 0.658308 -0.354529 0.242687 -0.687218 -0.684715
-0.029969 0.658308 -0.354529 -0.241475 -0.727092 -0.642672
-0.060730 0.742355 -0.092393 0.154037 -0.941300 0.300379
-0.094891 0.745631 -0.114223 -0.873124 0.384394 0.299828
-0.103054 0.787538 -0.109347 -0.765336 0.051952 0.641531
-0.102010 0.677211 -0.311898 -0.741883 -0.468862 -0.479353
-0.131475 0.762945 -0.152103 -0.913337 0.086240 0.397967
-0.123116 0.805411 -0.177152 -0.890379 0.454463 0.026232
-0.027517 0.689859 -0.374451 -0.301420 -0.324739 -0.896488
0.058217 0.750035 -0.079102 -0.069778 -0.944781 0.320187
-0.070594 0.770119 -0.086834 -0.682846 0.410555 0.604290
-0.133774 0.773912 -0.222095 -0.883511 0.396545 -0.249320
-0.096061 0.838748 -0.143313 -0.799997 0.558416 0.219492
-0.100797 0.713713 -0.325036 -0.693947 0.158188 -0.702434
-0.018420 0.750035 -0.079102 0.083684 -0.955874 0.281605
-0.073171 0.803025 -0.083950 -0.586568 0.121005 0.800809
-0.130722 0.742454 -0.266927 -0.876664 0.206597 -0.434485
-0.069967 0.831644 -0.095304 -0.690161 0.419988 0.589311
-0.067362 0.863143 -0.115756 -0.624713 0.725583 0.288554
0.019905 0.751996 -0.075703 -0.000005 -0.978541 0.206050
-0.037590 0.815860 -0.066271 -0.322720 -0.036245 0.945800
-0.021959 0.881295 -0.089383 -0.382814 0.722701 0.575462
-0.035667 0.788527 -0.069949 -0.322097 0.512395 0.796056
-0.031070 0.848726 -0.067971 -0.395538 0.317357 0.861879
0.057925 0.722487 -0.378588 0.264350 0.333769 -0.904830
0.116772 0.734844 -0.334718 0.444459 0.629119 -0.637704
0.040998 0.751385 -0.360923 0.174804 0.839872 -0.513867
0.019905 0.761514 -0.326303 0.000006 0.816012 -0.578035
0.078641 0.754811 -0.322430 0.249592 0.793212 -0.555444
0.142168 0.776402 -0.270856 0.528427 0.622014 -0.577809
0.090706 0.787259 -0.291614 0.257606 0.662537 -0.703338
0.074475 0.824564 -0.257106 0.235817 0.751664 -0.615948
0.019905 0.851716 -0.233296 0.000010 0.836343 -0.548207
0.126384 0.839429 -0.205879 0.609976 0.714340 -0.342998
-0.001201 0.751385 -0.360923 -0.146767 0.798389 -0.583982
-0.038844 0.754811 -0.322430 -0.249557 0.793245 -0.555413
0.019905 0.900006 -0.140513 0.000026 0.992460 -0.122572
0.051753 0.895212 -0.145876 0.250301 0.966853 -0.050455
0.091876 0.875541 -0.171621 0.423454 0.861886 -0.278999
-0.050895 0.787259 -0.291614 -0.257555 0.662556 -0.703338
-0.018114 0.722487 -0.378588 -0.266787 0.218950 -0.938555
-0.076975 0.734844 -0.334718 -0.444459 0.629075 -0.637747
0.019905 0.886048 -0.083463 0.000011 0.891669 0.452687
-0.034678 0.824564 -0.257106 -0.235799 0.751652 -0.615970
-0.102371 0.776402 -0.270856 -0.528407 0.622024 -0.577817
-0.011956 0.895212 -0.145876 -0.250272 0.966861 -0.050431
-0.052079 0.875541 -0.171621 -0.423446 0.861887 -0.279005
-0.086587 0.839429 -0.205879 -0.609976 0.714340 -0.342998
0.019905 0.793373 -0.060294 0.000022 0.551635 0.834085
0.190177 0.617698 -0.246030 0.855151 -0.501029 0.132992
0.179519 0.694211 -0.217387 0.650774 0.410035 0.639034
0.139800 0.641907 -0.186820 0.999800 0.009096 0.017807
0.157284 0.587701 -0.211201 0.429154 -0.875288 0.222928
0.200472 0.664632 -0.247799 0.748451 0.175606 -0.639518
0.160712 0.686089 -0.203622 0.013034 0.717376 0.696564
0.192294 0.684972 -0.238200 0.755791 0.652369 0.056513
0.144021 0.630585 -0.158749 0.969598 0.239127 0.051951
0.136080 0.645991 -0.150432 0.900010 0.126333 0.417159
0.123751 0.651844 -0.121273 0.823186 0.224076 0.521684
0.129226 0.681656 -0.132947 0.921966 0.025916 0.386402
0.131162 0.684053 -0.146294 0.921582 0.175276 0.346358
0.128739 0.726990 -0.133114 0.944559 0.070620 0.320657
0.133601 0.726710 -0.148035 0.951394 -0.112410 0.286730
0.127666 0.736462 -0.134341 0.887053 -0.016662 0.461367
0.131804 0.702275 -0.154193 0.899634 0.150883 0.409748
0.132528 0.717559 -0.153371 0.945850 -0.159614 0.282652
0.114626 0.764923 -0.121997 0.677382 0.194882 0.709348
0.105459 0.764923 -0.109543 0.471608 0.355327 0.807049
0.122581 0.750256 -0.125564 0.770136 0.089661 0.631547
0.104860 0.725122 -0.098230 0.382278 -0.019727 0.923837
0.058565 0.764912 -0.085831 0.355839 0.277053 0.892536
0.059554 0.721026 -0.071830 0.369932 -0.108845 0.922661
0.019905 0.764912 -0.079548 0.000027 0.307903 0.951418
0.111673 0.704672 -0.104095 0.672537 -0.001552 0.740062
0.019905 0.722975 -0.065937 0.000027 0.172137 0.985073
-0.019758 0.721026 -0.071830 -0.369911 -0.108860 0.922668
-0.018769 0.764912 -0.085831 -0.355828 0.277054 0.892540
0.019905 0.699238 -0.065170 0.000056 0.020194 0.999796
0.112243 0.678299 -0.105920 0.683566 -0.010260 0.729816
-0.065063 0.725122 -0.098230 -0.382279 -0.019758 0.923836
0.037807 0.699197 -0.068542 0.469308 -0.175133 0.865493
-0.065662 0.764923 -0.109543 -0.471616 0.355326 0.807045
0.001989 0.699197 -0.068542 -0.469291 -0.175149 0.865499
0.019905 0.677868 -0.063778 0.000090 0.105953 0.994371
0.103049 0.647149 -0.098732 0.518512 0.381820 0.765088
-0.082784 0.750256 -0.125564 -0.770135 0.089661 0.631548
0.034715 0.677502 -0.067302 0.594323 0.118801 0.795404
0.005082 0.677502 -0.067302 -0.594286 0.118798 0.795432
-0.074829 0.764923 -0.121997 -0.677382 0.194882 0.709348
-0.088942 0.726990 -0.133114 -0.944559 0.070620 0.320657
0.019905 0.661624 -0.059960 0.000112 0.876682 0.481070
-0.071876 0.704672 -0.104095 -0.672538 -0.001654 0.740061
-0.087869 0.736462 -0.134341 -0.887053 -0.016662 0.461367
0.041597 0.652944 -0.062705 0.771137 0.634181 0.056233
-0.001800 0.652944 -0.062705 -0.771113 0.634211 0.056224
-0.089429 0.681656 -0.132947 -0.921925 0.025869 0.386503
-0.093804 0.726710 -0.148035 -0.951394 -0.112410 0.286730
-0.072433 0.678299 -0.105920 -0.683566 -0.010272 0.729816
-0.083954 0.651844 -0.121273 -0.823120 0.224173 0.521746
-0.063252 0.647149 -0.098732 -0.518498 0.381890 0.765062
0.116089 0.684175 -0.302843 0.677639 -0.051312 -0.733602
0.156184 0.726571 -0.220368 0.971331 0.022771 -0.236639
0.115476 0.726542 -0.301268 0.704724 0.163803 -0.690313
0.019905 0.726530 -0.335805 0.000022 0.181976 -0.983303
0.151308 0.764923 -0.218404 0.965699 0.167994 -0.197999
0.019905 0.684163 -0.338884 0.000023 -0.099985 -0.994989
0.109973 0.764912 -0.290387 0.526304 0.290488 -0.799138
-0.076292 0.684175 -0.302843 -0.677624 -0.051308 -0.733616
0.019905 0.755853 -0.326986 0.000023 0.288010 -0.957627
-0.116386 0.726571 -0.220368 -0.971329 0.022770 -0.236647
-0.075679 0.726542 -0.301268 -0.704716 0.163799 -0.690322
-0.070176 0.764912 -0.290387 -0.526278 0.290491 -0.799154
-0.111511 0.764923 -0.218404 -0.965700 0.167981 -0.198004
0.153565 0.726600 -0.187573 0.955975 -0.030944 0.291812
0.145958 0.764923 -0.159153 0.944462 -0.067305 0.321654
0.135495 0.764923 -0.136110 0.777313 -0.109992 0.619425
0.153272 0.692844 -0.176776 0.989777 0.058868 0.129911
0.150764 0.676210 -0.157119 0.791609 0.349278 0.501358
0.152757 0.669229 -0.165073 0.984714 0.026067 0.172218
0.149302 0.661776 -0.145611 0.827912 -0.196719 0.525227
0.149497 0.655702 -0.155962 0.870130 -0.110123 0.480362
0.128599 0.673074 -0.131429 0.621114 0.384687 0.682812
0.153732 0.665063 -0.175522 0.934904 -0.061906 -0.349459
0.127387 0.658907 -0.129367 0.601124 -0.110173 0.791525
0.154971 0.651967 -0.168041 0.995616 0.037994 -0.085468
0.130062 0.647859 -0.135650 0.653624 -0.492040 0.575042
0.158190 0.637061 -0.160977 0.960735 -0.020481 0.276711
0.143004 0.622865 -0.178197 0.811514 -0.203818 -0.547634
0.148633 0.616872 -0.165687 0.908089 -0.410220 -0.084220
0.144286 0.619147 -0.152508 0.788777 -0.386096 0.478289
0.137195 0.640069 -0.145667 0.570336 0.435286 0.696594
0.141793 0.627950 -0.145012 0.702117 -0.016187 0.711878
0.054693 0.596340 -0.014167 0.491172 -0.870681 -0.025796
0.019905 0.590825 0.010951 0.000048 -0.925884 0.377809
0.019905 0.585932 -0.014167 0.000051 -0.999551 0.029958
0.053703 0.600448 0.010951 0.577261 -0.614759 0.537440
-0.014896 0.596340 -0.014167 -0.491267 -0.870627 -0.025801
0.019905 0.606790 0.026541 0.000048 -0.452312 0.891860
-0.026347 0.611747 -0.014167 -0.887689 -0.458958 -0.036966
-0.023937 0.631138 -0.051448 -0.904164 0.140781 -0.403321
-0.013906 0.600448 0.010951 -0.577333 -0.614737 0.537387
-0.033452 0.632965 -0.014167 -0.997814 0.054756 -0.036997
-0.028897 0.633273 0.010951 -0.890444 0.079952 0.448014
-0.009546 0.632913 0.026541 -0.402060 0.052395 0.914113
0.019905 0.632726 0.032587 0.000044 0.026329 0.999653
0.049343 0.632913 0.026541 0.402131 0.052397 0.914082
0.066158 0.611747 -0.014167 0.887695 -0.458948 -0.036939
0.068694 0.633273 0.010951 0.890402 0.080063 0.448078
0.073249 0.632965 -0.014167 0.997797 0.055054 -0.037005
0.063734 0.631138 -0.051448 0.904135 0.140876 -0.403353
0.047434 0.661717 0.010951 0.453264 0.758058 0.468934
0.064500 0.651873 -0.014167 0.818629 0.573745 -0.025742
0.051544 0.664981 -0.014167 0.422662 0.903936 -0.065241
0.019905 0.671166 -0.014167 0.000041 0.999256 0.038566
0.045804 0.657569 -0.050905 0.517117 0.788020 -0.334087
0.019905 0.667262 0.010951 0.000042 0.905902 0.423487
0.019905 0.663835 -0.050236 0.000049 0.976032 -0.217628
0.019905 0.653642 0.026541 0.000050 0.523449 0.852057
-0.011747 0.664981 -0.014167 -0.422612 0.903959 -0.065242
-0.007637 0.661717 0.010951 -0.453214 0.758080 0.468948
-0.006007 0.657569 -0.050905 -0.517064 0.788055 -0.334087
-0.024703 0.651873 -0.014167 -0.818629 0.573745 -0.025742
-0.139722 0.694211 -0.217387 -0.650773 0.410035 0.639034
-0.150380 0.617698 -0.246030 -0.855151 -0.501029 0.132992
-0.117487 0.587701 -0.211201 -0.429154 -0.875288 0.222928
-0.152497 0.684972 -0.238200 -0.755791 0.652369 0.056513
-0.160675 0.664632 -0.247799 -0.748313 0.175590 -0.639684
-0.100003 0.641907 -0.186820 -0.999800 0.009092 0.017800
-0.102093 0.660565 -0.189858 -0.904483 0.403013 0.139607
-0.120915 0.686089 -0.203622 -0.013034 0.717376 0.696565
-0.116721 0.686002 -0.208094 0.611155 0.775802 0.156913
-0.104224 0.630585 -0.158749 -0.969598 0.239127 0.051951
-0.096283 0.645991 -0.150432 -0.900008 0.126338 0.417163
-0.091365 0.684053 -0.146294 -0.921580 0.175280 0.346363
-0.092007 0.702275 -0.154193 -0.899633 0.150890 0.409748
-0.092731 0.717559 -0.153371 -0.945850 -0.159614 0.282650
-0.113768 0.726600 -0.187573 -0.955977 -0.030945 0.291804
-0.106161 0.764923 -0.159153 -0.944462 -0.067305 0.321654
-0.113475 0.692844 -0.176776 -0.989779 0.058866 0.129895
-0.095698 0.764923 -0.136110 -0.777313 -0.109992 0.619425
-0.110968 0.676210 -0.157119 -0.791623 0.349248 0.501358
-0.112960 0.669229 -0.165073 -0.984714 0.026061 0.172220
-0.109700 0.655702 -0.155962 -0.870106 -0.110102 0.480409
-0.109504 0.661776 -0.145611 -0.827904 -0.196731 0.525235
-0.088802 0.673074 -0.131429 -0.621119 0.384666 0.682820
-0.087590 0.658907 -0.129367 -0.601141 -0.110170 0.791512
-0.113935 0.665063 -0.175522 -0.934900 -0.061886 -0.349475
-0.115175 0.651967 -0.168041 -0.995617 0.038006 -0.085457
-0.090265 0.647859 -0.135650 -0.653642 -0.492020 0.575038
-0.118393 0.637061 -0.160977 -0.960732 -0.020494 0.276722
-0.103207 0.622865 -0.178197 -0.811514 -0.203818 -0.547634
-0.097398 0.640069 -0.145667 -0.570336 0.435286 0.696594
-0.108836 0.616872 -0.165687 -0.908089 -0.410220 -0.084220
-0.101996 0.627950 -0.145012 -0.702117 -0.016187 0.711878
-0.104489 0.619147 -0.152508 -0.788777 -0.386096 0.478289
0.073570 0.574550 -0.109389 0.943556 -0.124902 0.306760
0.063316 0.574550 -0.077849 0.860161 -0.130443 0.493060
0.072163 0.563921 -0.109389 0.848497 -0.451596 0.275886
0.036484 0.574550 -0.058344 0.406286 -0.130338 0.904402
0.062174 0.563921 -0.078670 0.600220 -0.636150 0.484819
0.036052 0.563921 -0.059682 0.200893 -0.635800 0.745252
0.003313 0.574550 -0.058344 -0.203145 -0.130416 0.970424
0.065406 0.561482 -0.109319 0.338580 -0.934478 0.110067
0.003745 0.563921 -0.059682 -0.275607 -0.635769 0.720998
-0.023519 0.574550 -0.077849 -0.734851 -0.130387 0.665577
0.056713 0.561482 -0.082571 0.254346 -0.939189 0.230720
-0.022377 0.563921 -0.078670 -0.646657 -0.635851 0.421341
-0.033759 0.574550 -0.109389 -0.943673 -0.124365 0.306618
0.033962 0.561482 -0.066048 0.070335 -0.938996 0.336660
-0.032366 0.563921 -0.109389 -0.618137 -0.759944 0.200979
0.005835 0.561482 -0.066048 -0.140852 -0.938995 0.313765
-0.016916 0.561482 -0.082571 -0.297405 -0.939350 0.170800
-0.025609 0.561482 -0.109319 -0.338461 -0.934529 0.109999
0.020853 0.020605 -0.154917 -0.963818 -0.254402 -0.079586
0.016980 0.026219 -0.116564 -0.951473 -0.204719 0.229761
0.023096 0.038158 -0.199304 -0.977427 -0.063435 -0.201524
0.037696 0.031820 -0.069643 -0.582611 -0.285605 0.760917
0.017593 0.044915 -0.156143 -0.989598 0.100870 -0.102575
0.016311 0.051951 -0.117721 -0.986758 0.140463 0.081107
0.039939 0.028072 -0.266662 -0.696122 -0.113850 -0.708838
0.085244 0.033561 -0.057912 0.006368 -0.338215 0.941047
0.037320 0.058972 -0.070757 -0.736878 0.291881 0.609767
0.026119 0.072068 -0.164224 -0.817164 0.558899 -0.140982
0.082876 0.024241 -0.284899 0.048019 -0.291272 -0.955434
0.030243 0.064322 -0.204096 -0.780900 0.586116 -0.216017
0.047323 0.057189 -0.267220 -0.702086 0.509881 -0.497088
0.085216 0.061563 -0.059514 -0.004131 0.304786 0.952412
0.024503 0.076512 -0.127389 -0.738494 0.667000 0.098680
0.122497 0.030830 -0.266676 0.743685 -0.180745 -0.643634
0.059499 0.087601 -0.171969 -0.288920 0.922984 -0.254214
0.083210 0.050279 -0.283938 -0.087271 0.378151 -0.921621
0.062759 0.073168 -0.259320 -0.196072 0.910709 -0.363546
0.046222 0.080943 -0.084354 -0.447837 0.693328 0.564569
0.085844 0.083952 -0.073223 -0.003453 0.772248 0.635312
0.055877 0.077640 -0.213012 -0.293110 0.935346 -0.198026
0.084297 0.072527 -0.264684 0.085314 0.761927 -0.642020
0.114194 0.057189 -0.267206 0.545701 0.481938 -0.685527
0.131664 0.031820 -0.070353 0.541886 -0.186030 0.819605
0.086470 0.101059 -0.100013 -0.038656 0.988073 0.149059
0.052951 0.094735 -0.108985 -0.366502 0.909744 0.195046
0.153481 0.045124 -0.154583 0.992002 0.106757 -0.067336
0.150959 0.022708 -0.154931 0.973351 -0.211035 -0.089729
0.114570 0.087601 -0.171942 0.319520 0.910169 -0.263625
0.101739 0.073182 -0.259265 0.254020 0.898981 -0.356802
0.153356 0.040513 -0.201519 0.975258 -0.038897 -0.217620
0.153132 0.027264 -0.116564 0.940205 -0.187919 0.284080
0.130815 0.058972 -0.069044 0.729335 0.283589 0.622614
0.123932 0.080943 -0.083630 0.473149 0.672621 0.568956
0.117398 0.094735 -0.105990 0.367279 0.916651 0.157665
0.153968 0.052048 -0.115742 0.975158 0.198673 0.097959
0.115866 0.077654 -0.212873 0.311968 0.926244 -0.211536
0.087933 0.093466 -0.167581 0.051728 0.950624 -0.306005
0.142601 0.061619 -0.206715 0.776468 0.580606 -0.244936
0.142684 0.075913 -0.126079 0.754873 0.649603 0.090461
0.141528 0.070870 -0.161480 0.801610 0.588091 -0.107567
-0.241534 0.491045 -0.265408 0.962498 -0.000028 -0.271288
-0.241534 0.533522 -0.239649 0.953778 0.285139 -0.094882
-0.241534 0.448568 -0.239649 0.944989 -0.286176 -0.158429
-0.241534 0.448568 -0.188130 0.953722 -0.285337 0.094853
-0.241534 0.491045 -0.162371 0.962532 -0.000028 0.271167
-0.241534 0.533522 -0.188130 0.945124 0.285850 0.158209
0.146097 0.433048 -0.197032 0.980632 0.193805 -0.028289
0.019905 0.534261 -0.270521 0.000065 -0.676550 -0.736396
0.057158 0.534943 -0.215965 0.985549 -0.125255 -0.114040
-0.017361 0.534943 -0.215965 -0.985551 -0.125229 -0.114051
0.019905 0.531168 -0.172680 -0.000015 0.976556 0.215262
-0.106300 0.433048 -0.197032 -0.980632 0.193805 -0.028289
0.019905 0.592035 -0.269685 0.000081 0.014468 -0.999895
0.057827 0.592035 -0.215728 0.980106 -0.004327 -0.198428
-0.018030 0.592035 -0.215728 -0.980090 -0.004326 -0.198506
0.019905 0.592035 -0.171705 0.000086 -0.016884 0.999857
0.019905 0.570803 -0.124798 -0.000039 0.999811 0.019447
0.036902 0.571165 -0.123098 -0.019066 0.999816 0.002039
0.002895 0.571165 -0.123098 0.019056 0.999816 0.002040
0.054275 0.572238 -0.116355 0.164830 -0.985191 -0.047228
-0.014478 0.572238 -0.116355 -0.164830 -0.985191 -0.047228
0.103341 0.739609 -0.098885 0.811020 0.388046 0.437797
0.078070 0.757529 -0.090261 0.291314 0.676162 0.676713
0.101516 0.733442 -0.090038 0.617305 0.053575 0.784898
0.106880 0.717279 -0.098982 0.756824 -0.105756 0.645007
0.077345 0.744112 -0.076107 0.404647 0.150686 0.901973
0.097462 0.726879 -0.090707 0.360967 -0.312536 0.878649
0.055835 0.732534 -0.067664 0.151645 0.227986 0.961783
0.075436 0.731545 -0.081512 0.436941 -0.296325 0.849278
0.052324 0.738847 -0.072986 -0.285163 0.520111 0.805088
0.057298 0.723871 -0.069294 0.448231 -0.091614 0.889211
0.044425 0.710438 -0.066801 -0.147674 0.114625 0.982372
-0.063544 0.739609 -0.098885 -0.811020 0.388046 0.437797
-0.061719 0.733442 -0.090038 -0.617308 0.053578 0.784895
-0.038273 0.757529 -0.090261 -0.291314 0.676162 0.676713
-0.067083 0.717279 -0.098982 -0.756824 -0.105756 0.645007
-0.037548 0.744112 -0.076107 -0.404644 0.150701 0.901971
-0.057665 0.726879 -0.090707 -0.360973 -0.312538 0.878646
-0.016038 0.732534 -0.067664 -0.151638 0.227990 0.961783
-0.035640 0.731545 -0.081512 -0.436938 -0.296314 0.849284
-0.012527 0.738847 -0.072986 0.285163 0.520111 0.805088
-0.017501 0.723871 -0.069294 -0.448220 -0.091617 0.889216
-0.004628 0.710438 -0.066801 0.147674 0.114625 0.982372
0.019905 0.819677 -0.056463 0.000013 -0.022750 0.999741
0.019905 0.852025 -0.060113 -0.000002 0.431239 0.902238
0.108747 0.625303 -0.294665 0.626168 -0.241398 -0.741378
0.127178 0.585763 -0.257036 0.988634 -0.084627 0.124264
0.099998 0.594403 -0.279646 0.480279 0.025263 -0.876752
0.069474 0.586741 -0.297061 0.627779 -0.047330 -0.776951
0.019905 0.614603 -0.325621 -0.000007 -0.375498 -0.926823
0.078084 0.569187 -0.276595 0.391718 -0.681353 -0.618316
0.120226 0.553555 -0.270243 0.382618 -0.912166 -0.146825
0.037348 0.584652 -0.307523 -0.265175 0.018586 -0.964021
-0.068950 0.625303 -0.294665 -0.626175 -0.241465 -0.741349
0.109123 0.566888 -0.290527 -0.001589 -0.194082 -0.980984
0.124280 0.588050 -0.282321 0.479904 0.613333 -0.627308
0.074796 0.557540 -0.307621 0.899007 -0.267978 -0.346372
0.056810 0.538704 -0.301895 0.117776 -0.925362 -0.360326
0.041081 0.553235 -0.314782 -0.560217 -0.315320 -0.765983
0.019905 0.555952 -0.282015 -0.000033 -0.425234 -0.905083
0.130048 0.572168 -0.283701 0.859816 -0.152484 -0.487305
0.060140 0.572739 -0.320201 0.220270 0.341955 -0.913536
-0.029677 0.586741 -0.297061 -0.627828 -0.047308 -0.776913
-0.060187 0.594403 -0.279646 -0.480287 0.025186 -0.876750
0.002449 0.584652 -0.307523 0.265108 0.018762 -0.964036
0.060613 0.556272 -0.320633 0.249661 -0.402925 -0.880523
-0.001270 0.553235 -0.314782 0.560164 -0.315265 -0.766045
-0.038287 0.569187 -0.276595 -0.391784 -0.681345 -0.618283
-0.087381 0.585763 -0.257036 -0.988617 -0.084629 0.124395
-0.017013 0.538704 -0.301895 -0.117854 -0.925367 -0.360285
-0.020343 0.572739 -0.320201 -0.220331 0.341989 -0.913508
-0.080429 0.553555 -0.270243 -0.382596 -0.912174 -0.146829
-0.069326 0.566888 -0.290527 0.001596 -0.194128 -0.980975
-0.084483 0.588050 -0.282321 -0.479868 0.613355 -0.627314
-0.034999 0.557540 -0.307621 -0.899007 -0.267978 -0.346372
-0.020816 0.556272 -0.320633 -0.249732 -0.402913 -0.880509
-0.090251 0.572168 -0.283701 -0.859816 -0.152484 -0.487305
-0.104057 0.181194 -0.204959 -0.999953 0.007971 -0.005594
-0.087869 0.180873 -0.253845 -0.716872 0.081623 -0.692411
-0.091867 0.158416 -0.257830 -0.764512 0.124040 -0.632563
-0.105604 0.164211 -0.205336 -0.995202 0.062706 0.075107
-0.091463 0.164350 -0.159320 -0.734195 -0.038712 0.677834
-0.089638 0.185888 -0.152591 -0.653204 -0.069315 0.754003
-0.042355 0.180316 -0.270884 -0.043245 0.093976 -0.994635
-0.093038 0.104514 -0.156979 -0.801758 0.147313 0.579209
-0.109742 0.078267 -0.207579 -0.994281 0.040481 -0.098828
-0.093302 0.079912 -0.260031 -0.594476 0.044558 -0.802878
-0.042215 0.157830 -0.273907 -0.060582 0.083000 -0.994706
-0.110661 0.058582 -0.208080 -0.992588 0.049742 -0.110883
-0.093637 0.087671 -0.144650 -0.479530 0.863234 0.157728
-0.000699 0.180567 -0.253817 0.670885 0.062621 -0.738913
-0.042118 0.081653 -0.278281 0.116601 0.060097 -0.991359
0.003020 0.159293 -0.257816 0.686604 0.118455 -0.717317
-0.093623 0.058986 -0.260895 -0.681732 -0.543436 -0.489814
-0.042104 0.051923 -0.195222 0.095350 -0.992682 -0.074098
0.014138 0.182434 -0.204834 0.999930 0.011762 0.001334
-0.042104 0.060672 -0.279619 -0.096114 -0.514304 -0.852205
0.003982 0.080385 -0.261940 0.851715 0.043288 -0.522214
0.004205 0.059376 -0.263221 0.504441 -0.542430 -0.671795
0.014542 0.163068 -0.205099 0.999502 0.025410 0.018733
0.017690 0.056701 -0.208080 0.926163 -0.370014 0.072883
0.017119 0.076526 -0.207537 0.999526 0.028988 0.010372
0.003787 0.087350 -0.144636 0.632823 -0.376215 0.676755
-0.042104 0.101631 -0.120604 0.229790 0.648495 0.725707
0.003508 0.102759 -0.157579 0.842523 0.223648 0.490037
-0.042146 0.119323 -0.136765 0.015962 0.372543 0.927878
-0.042215 0.163375 -0.139551 -0.054924 -0.009864 0.998442
0.002797 0.164350 -0.161535 0.723670 -0.018581 0.689895
-0.042369 0.185888 -0.136987 0.097656 -0.122982 0.987592
0.000332 0.185888 -0.155280 0.752218 -0.070472 0.655134
-0.019702 0.087601 -0.171969 0.288920 0.922984 -0.254214
-0.016080 0.077640 -0.213012 0.293110 0.935346 -0.198026
-0.074773 0.087601 -0.171942 -0.319520 0.910169 -0.263625
0.009554 0.064322 -0.204096 0.780900 0.586116 -0.216017
-0.048136 0.093466 -0.167581 -0.051728 0.950624 -0.306005
0.013678 0.072068 -0.164224 0.817164 0.558899 -0.140982
-0.046673 0.101059 -0.100013 0.038656 0.988073 0.149058
0.015294 0.076512 -0.127389 0.738494 0.667000 0.098680
-0.013154 0.094735 -0.108985 0.366503 0.909744 0.195044
-0.076069 0.077654 -0.212873 -0.311968 0.926244 -0.211536
-0.007526 0.057189 -0.267220 0.702086 0.509881 -0.497088
-0.022962 0.073168 -0.259320 0.196072 0.910709 -0.363546
-0.077601 0.094735 -0.105990 -0.367278 0.916650 0.157667
0.023486 0.051951 -0.117721 0.986758 0.140463 0.081107
0.022204 0.044915 -0.156143 0.989598 0.100870 -0.102575
-0.046046 0.083952 -0.073223 0.003457 0.772248 0.635312
-0.006425 0.080943 -0.084354 0.447839 0.693325 0.564572
-0.061942 0.073182 -0.259265 -0.254020 0.898981 -0.356802
-0.102804 0.061619 -0.206715 -0.776468 0.580606 -0.244936
-0.074397 0.057189 -0.267206 -0.545701 0.481938 -0.685527
0.016701 0.038158 -0.199304 0.977427 -0.063435 -0.201524
-0.043413 0.050279 -0.283938 0.087271 0.378151 -0.921621
-0.000142 0.028072 -0.266662 0.696122 -0.113850 -0.708838
0.002477 0.058972 -0.070757 0.736877 0.291881 0.609768
0.018944 0.020605 -0.154917 0.963818 -0.254402 -0.079586
0.022817 0.026219 -0.116564 0.951473 -0.204719 0.229761
-0.084135 0.080943 -0.083630 -0.473147 0.672625 0.568953
-0.102887 0.075913 -0.126079 -0.754865 0.649612 0.090461
-0.044500 0.072527 -0.264684 -0.085314 0.761927 -0.642020
-0.101731 0.070870 -0.161480 -0.801606 0.588095 -0.107572
-0.082700 0.030830 -0.266676 -0.743685 -0.180745 -0.643634
-0.113684 0.045124 -0.154583 -0.992002 0.106756 -0.067344
-0.113559 0.040513 -0.201519 -0.975258 -0.038897 -0.217620
-0.006286 0.011312 -0.260129 0.783336 -0.289730 -0.549947
-0.043079 0.024241 -0.284899 -0.048019 -0.291272 -0.955434
0.015782 0.011521 -0.122011 0.921144 -0.287080 0.262829
0.002101 0.031820 -0.069643 0.582607 -0.285610 0.760918
-0.045420 0.061563 -0.059514 0.004131 0.304785 0.952412
-0.099948 0.012859 -0.196475 -0.883457 -0.436628 -0.169880
-0.114172 0.052048 -0.115742 -0.975159 0.198670 0.097956
0.009666 0.012859 -0.196461 0.917929 -0.365023 0.155451
-0.043149 0.011326 -0.273739 -0.031830 -0.302015 -0.952772
-0.008181 0.011549 -0.079771 0.451066 -0.297110 0.841585
0.015141 0.011480 -0.155684 0.985860 -0.153976 -0.066123
-0.091018 0.058972 -0.069044 -0.729331 0.283587 0.622618
-0.111162 0.022708 -0.154931 -0.973350 -0.211041 -0.089732
-0.077100 0.011312 -0.260129 -0.645968 -0.164701 -0.745385
-0.106551 0.011480 -0.155684 -0.982647 -0.150958 -0.107781
-0.045447 0.033561 -0.057912 -0.006367 -0.338217 0.941047
-0.113335 0.027264 -0.116564 -0.940201 -0.187932 0.284084
-0.091867 0.031820 -0.070353 -0.541886 -0.186032 0.819605
-0.108961 0.011521 -0.122011 -0.965662 -0.211991 0.150191
-0.045475 0.012455 -0.070911 -0.043029 -0.218642 0.974856
-0.087744 0.011549 -0.080481 -0.647977 -0.278884 0.708766
0.306032 0.445238 -0.186110 -0.081733 -0.962569 0.258420
0.330063 0.444528 -0.162329 -0.368953 -0.826257 0.425644
0.325201 0.466734 -0.145165 -0.568949 -0.274886 0.775071
0.336667 0.440069 -0.191502 0.195266 -0.961444 -0.193642
0.306032 0.491045 -0.158331 -0.131953 -0.049668 0.990011
0.338729 0.448971 -0.213890 0.254967 -0.965869 -0.045709
0.287976 0.438244 -0.181861 -0.346193 -0.720383 0.600997
0.306032 0.445238 -0.241669 0.121975 -0.939265 -0.320785
0.287976 0.438244 -0.245904 -0.395408 -0.818051 -0.417666
0.356254 0.454962 -0.132766 -0.387725 -0.441051 0.809409
0.360852 0.439999 -0.150055 0.020613 -0.984622 0.173481
0.287976 0.491045 -0.149846 -0.152381 0.149476 0.976953
0.328837 0.487242 -0.143842 -0.336016 0.350038 0.874395
0.338324 0.447091 -0.244441 0.111927 -0.962375 -0.247602
0.365129 0.469437 -0.213890 0.700909 -0.712735 -0.027110
0.359640 0.452900 -0.250362 0.402278 -0.894254 -0.196168
0.306032 0.464589 -0.262009 -0.038803 -0.481816 -0.875413
0.287976 0.491045 -0.277933 -0.258521 -0.079824 -0.962702
0.379576 0.453221 -0.124240 -0.272142 -0.640787 0.717866
0.371761 0.453764 -0.170145 0.621296 -0.602129 -0.501429
0.382711 0.444820 -0.146210 0.230157 -0.942689 -0.241590
0.357188 0.475009 -0.129618 -0.315005 0.243158 0.917413
0.331526 0.463962 -0.272096 -0.068424 -0.657985 -0.749916
0.306032 0.491045 -0.269448 0.087615 0.220985 -0.971334
0.380203 0.472321 -0.121677 -0.154026 0.543006 0.825482
0.388116 0.462346 -0.160128 0.544419 -0.179673 -0.819345
0.374895 0.464547 -0.256283 0.728917 -0.680076 -0.078597
0.380607 0.479858 -0.163165 0.938959 -0.328220 -0.103093
0.398397 0.500142 -0.230036 0.678503 -0.734498 0.012081
0.400696 0.500142 -0.197116 0.665125 -0.745746 -0.038377
0.327597 0.492898 -0.279312 -0.282283 0.040745 -0.958465
0.374895 0.475567 -0.274854 0.391966 -0.549009 -0.738208
0.393591 0.496450 -0.262371 0.674780 -0.726486 -0.129959
0.396475 0.494277 -0.165004 0.551611 -0.827563 0.104232
0.385120 0.481321 -0.144232 0.514048 0.856620 -0.044238
0.368166 0.499334 -0.283450 -0.024207 0.134283 -0.990647
0.390847 0.503068 -0.277056 0.377728 -0.345977 -0.858849
0.396475 0.504322 -0.149846 0.285410 -0.409971 0.866294
0.373446 0.491602 -0.146322 0.552394 0.140328 0.821686
0.221815 0.448345 -0.196266 -0.040179 -0.877471 0.477944
0.300333 0.490599 -0.168974 -0.021093 0.015582 0.999656
0.217677 0.491616 -0.172402 -0.070018 0.152345 0.985844
0.300333 0.451716 -0.194859 0.029328 -0.880548 0.473050
0.207104 0.490891 -0.172750 -0.029136 -0.167297 0.985476
0.300333 0.451647 -0.228727 0.027157 -0.951356 -0.306896
0.209500 0.450323 -0.196712 -0.037438 -0.873147 0.486017
0.219725 0.450769 -0.230092 0.010682 -0.778990 -0.626946
0.208594 0.451103 -0.229995 -0.010230 -0.942716 -0.333440
0.220687 0.529705 -0.196294 -0.102208 0.870985 0.480561
0.300333 0.530332 -0.195806 -0.007323 0.949917 0.312416
0.197128 0.449167 -0.196684 0.058031 -0.871366 0.487189
0.208302 0.527643 -0.197506 -0.051347 0.780444 0.623114
0.197505 0.491658 -0.172931 0.032967 0.042019 0.998573
0.300333 0.490975 -0.260588 -0.024964 -0.227343 -0.973495
0.221481 0.530151 -0.229869 -0.076133 0.929873 -0.359917
0.300333 0.530332 -0.230649 -0.016426 0.802740 -0.596103
0.197352 0.528298 -0.197465 0.078658 0.874640 0.478349
0.207382 0.491240 -0.257412 -0.014064 -0.191745 -0.981344
0.197198 0.450518 -0.229785 0.011669 -0.860661 -0.509044
0.217093 0.491992 -0.256381 -0.016780 0.256131 -0.966497
0.209221 0.528173 -0.228838 -0.054750 0.895827 -0.441017
0.197700 0.492006 -0.256019 0.003992 0.134335 -0.990928
0.198048 0.528604 -0.228866 0.090969 0.929904 -0.356375
0.281331 0.491045 -0.162371 -0.962532 -0.000028 0.271167
0.281331 0.491045 -0.265408 -0.962498 -0.000028 -0.271287
0.281331 0.448568 -0.188130 -0.953722 -0.285336 0.094853
0.281331 0.533522 -0.239649 -0.953779 0.285139 -0.094881
0.281331 0.533522 -0.188130 -0.945124 0.285850 0.158209
0.287976 0.543859 -0.181861 -0.433237 0.823426 0.366436
0.281331 0.448568 -0.239649 -0.944989 -0.286176 -0.158428
0.287976 0.543859 -0.245904 -0.346363 0.720267 -0.601039
0.306032 0.536866 -0.241669 -0.010678 0.912789 -0.408292
0.332083 0.540571 -0.255016 -0.225208 0.801644 -0.553758
0.333825 0.543441 -0.214990 -0.204771 0.978764 -0.009424
0.306032 0.532923 -0.186110 -0.024609 0.826784 0.561981
0.336221 0.543971 -0.174979 -0.231144 0.826700 0.512972
0.372541 0.548498 -0.232321 0.097438 0.986064 -0.134847
0.372554 0.548498 -0.195458 0.093455 0.987551 0.126527
0.370311 0.538900 -0.265019 0.011373 0.868300 -0.495910
0.390847 0.530081 -0.276066 0.084738 0.594735 -0.799444
0.369573 0.538900 -0.166425 -0.009939 0.878803 0.477081
0.365240 0.503904 -0.143020 0.024772 0.267372 0.963275
0.391683 0.536726 -0.261661 0.197601 0.965306 -0.170697
0.402995 0.533508 -0.261661 0.224915 0.967072 -0.119100
0.412413 0.530513 -0.271301 0.115054 0.863997 -0.490176
0.397408 0.540140 -0.213890 0.257871 0.932609 0.252474
0.395472 0.534706 -0.247381 0.294916 0.953194 0.066674
0.396335 0.544737 -0.230928 0.244823 0.957989 -0.149392
0.396475 0.530081 -0.150808 -0.061940 0.603714 0.794791
0.398690 0.536239 -0.180496 0.187410 0.965125 0.182789
0.394803 0.538092 -0.165004 0.079483 0.975389 0.205667
0.363680 0.488579 -0.141014 0.139346 0.530250 0.836312
0.413778 0.530374 -0.255044 0.228476 0.906136 0.355972
0.410114 0.539986 -0.230691 0.248257 0.963395 -0.101188
0.398760 0.544862 -0.196336 0.215528 0.970523 0.107857
0.426734 0.534873 -0.222485 0.224398 0.895906 0.383404
0.411395 0.541059 -0.196698 0.142542 0.987016 0.074030
0.427640 0.539137 -0.206395 0.066246 0.890627 -0.449884
0.408568 0.535918 -0.164042 0.046327 0.989638 0.135909
0.419560 0.534859 -0.152480 -0.123935 0.906445 0.403730
0.426051 0.534957 -0.241196 0.151777 0.847766 -0.508190
0.427640 0.539137 -0.187657 0.016534 0.913299 0.406953
0.422109 0.534985 -0.171036 0.087420 0.903183 -0.420260
0.482780 0.539471 -0.205642 0.192048 0.860298 -0.472235
0.482780 0.539471 -0.188534 0.173016 0.724078 0.667665
0.497492 0.533244 -0.189830 0.759922 0.534044 0.370561
0.461159 0.539443 -0.187476 0.013953 0.896146 0.443541
0.497492 0.532770 -0.205001 0.689790 0.450753 -0.566579
0.461159 0.539443 -0.206617 0.013770 0.903465 -0.428440
0.482780 0.520329 -0.213792 0.288713 -0.167286 -0.942688
0.458735 0.519604 -0.215770 0.037409 -0.185014 -0.982024
0.482780 0.520802 -0.181332 0.282882 -0.152964 0.946879
0.457996 0.519604 -0.179395 0.055460 -0.175029 0.983000
0.500000 0.517877 -0.202535 0.877323 -0.304798 -0.370679
0.456325 0.539471 -0.206645 0.001078 0.903697 -0.428172
0.456325 0.539471 -0.187434 0.001014 0.827603 0.561314
0.500000 0.518351 -0.191961 0.769456 -0.409021 0.490551
0.432056 0.539387 -0.206631 -0.044418 0.834388 -0.549385
0.429841 0.518950 -0.215004 0.085530 -0.379959 -0.921040
0.429465 0.518950 -0.179535 0.051494 -0.259606 0.964341
0.432056 0.539387 -0.187406 -0.032906 0.894086 0.446685
0.482780 0.504628 -0.196726 0.326083 -0.944829 0.031109
0.397408 0.510173 -0.213890 0.496161 -0.522382 0.693499
0.398690 0.505436 -0.180788 0.705620 -0.708046 -0.027773
0.424978 0.514686 -0.214391 0.035157 -0.255453 0.966182
0.426762 0.515091 -0.179242 0.187882 -0.320618 -0.928388
0.432293 0.500992 -0.196656 -0.014123 -0.982267 -0.186952
0.461159 0.500490 -0.196656 0.130455 -0.991094 0.026745
0.456562 0.500156 -0.196642 0.017960 -0.974153 0.225172
0.454987 0.527796 -0.223308 0.286512 0.780396 0.555782
0.430816 0.534275 -0.222374 0.196948 0.873554 0.445102
0.450237 0.508501 -0.215185 0.020995 -0.193786 0.980819
0.425926 0.535542 -0.170744 -0.049786 0.830710 -0.554474
0.426999 0.500992 -0.196698 0.015964 -0.999724 0.017219
0.459153 0.526139 -0.223502 0.408596 0.803777 0.432424
0.478379 0.516233 -0.225300 0.517536 0.555492 0.650835
0.470145 0.499557 -0.217888 0.232796 -0.277477 0.932101
0.430133 0.534372 -0.241585 0.138311 0.886606 -0.441361
0.454291 0.527894 -0.242505 0.222879 0.804736 -0.550204
0.452006 0.518406 -0.176512 0.209027 -0.088916 -0.973859
0.423307 0.535403 -0.151699 -0.181861 0.883391 0.431910
0.421928 0.514840 -0.144093 -0.093846 -0.186396 0.977982
0.477765 0.516317 -0.242394 0.555889 0.672638 -0.488411
0.458470 0.526236 -0.242630 0.358174 0.825112 -0.436923
0.487740 0.504433 -0.226999 0.937422 0.109959 0.330379
0.445862 0.537701 -0.168013 -0.045971 0.900827 -0.431737
0.450000 0.538273 -0.167400 -0.068411 0.897725 -0.435212
0.467679 0.541728 -0.163959 0.115747 0.884116 -0.452705
0.472179 0.523422 -0.171705 0.477580 -0.097406 -0.873172
0.443243 0.537562 -0.148982 -0.179282 0.817447 0.547393
0.447046 0.518156 -0.140471 -0.042692 -0.240108 0.969807
0.448941 0.508682 -0.251546 -0.057354 -0.187437 -0.980601
0.486974 0.504099 -0.242157 0.807804 0.074357 -0.584742
0.423711 0.514868 -0.249833 -0.030216 -0.342455 -0.939048
0.481332 0.537479 -0.161480 0.696226 0.561300 -0.447450
0.447395 0.538134 -0.148440 -0.197612 0.882673 0.426425
0.479186 0.537841 -0.146447 0.622671 0.641939 0.447431
0.465353 0.541616 -0.147018 -0.034126 0.740897 0.670751
0.468765 0.499293 -0.250321 0.163384 -0.282651 -0.945206
0.482377 0.489749 -0.239593 0.637561 -0.666313 -0.386709
0.485664 0.524146 -0.158484 0.968695 -0.121002 -0.216769
0.467665 0.523658 -0.139551 0.216103 -0.097836 0.971457
0.482976 0.490111 -0.229033 0.532303 -0.713970 0.454862
0.395151 0.506592 -0.247604 0.528636 -0.540833 0.654250
0.413332 0.512736 -0.248050 0.113144 -0.257549 0.959618
0.484132 0.524536 -0.148021 0.785124 -0.240350 0.570799
0.462246 0.485236 -0.233087 -0.118493 -0.992519 0.029405
0.434898 0.526612 -0.256645 0.237629 0.800469 0.550256
0.416871 0.530137 -0.255085 0.155529 0.882950 0.442956
0.432780 0.509407 -0.249582 0.100451 -0.196316 0.975382
0.472611 0.508348 -0.154528 0.532155 -0.841035 0.097320
0.418138 0.497760 -0.231332 -0.160497 -0.986890 0.016990
0.440568 0.491365 -0.232196 -0.279510 -0.959748 0.027534
0.422778 0.496798 -0.231527 -0.247115 -0.968746 0.021563
0.438144 0.525734 -0.256966 0.312288 0.849487 0.425262
0.453134 0.520830 -0.259181 0.475728 0.611173 0.632575
0.448690 0.505311 -0.252647 0.360827 -0.246824 0.899378
0.415464 0.530276 -0.271761 0.055699 0.896704 -0.439113
0.433505 0.526751 -0.273322 0.127475 0.824218 -0.551738
0.444873 0.490042 -0.232363 -0.278952 -0.959816 0.030654
0.451894 0.520956 -0.274032 0.442888 0.741245 -0.504386
0.436751 0.525874 -0.273572 0.227959 0.867790 -0.441560
0.461131 0.512527 -0.261062 0.938196 0.216216 0.270257
0.454193 0.499682 -0.157049 0.320145 -0.945273 0.062984
0.450306 0.498777 -0.157593 0.158939 -0.973164 -0.166404
0.430133 0.509671 -0.281151 -0.072207 -0.184699 -0.980139
0.459905 0.512235 -0.274213 0.784848 0.173147 -0.595007
0.410755 0.512987 -0.278825 -0.023947 -0.248331 -0.968379
0.427779 0.497231 -0.160699 0.053933 -0.972386 0.227059
0.423014 0.496812 -0.161382 0.088268 -0.995853 0.022022
0.446196 0.505144 -0.280803 0.206200 -0.247305 -0.946743
0.457773 0.499348 -0.271984 0.748642 -0.525293 -0.404478
0.458665 0.499668 -0.262817 0.711534 -0.587905 0.384821
0.444678 0.491560 -0.265882 0.108115 -0.994062 0.012361
0.407871 0.497509 -0.262789 -0.007732 -0.999893 0.012390
0.425648 0.493608 -0.264197 -0.198186 -0.979677 0.030901
0.411326 0.497189 -0.262971 -0.166561 -0.985765 0.022892
0.428977 0.493037 -0.264489 -0.128963 -0.991255 0.027954
0.418765 0.443705 -0.131178 0.415261 -0.903331 -0.107478
0.403078 0.442257 -0.140024 0.025485 -0.969183 -0.245021
0.409640 0.460005 -0.154625 0.478269 0.008991 -0.878167
0.397854 0.450267 -0.117776 -0.293255 -0.628654 0.720274
0.424003 0.459141 -0.141864 0.794297 0.143867 -0.590250
0.414154 0.449194 -0.112120 0.077474 -0.551882 0.830316
0.429785 0.456620 -0.126260 0.996017 -0.083059 0.032422
0.422569 0.450421 -0.114642 0.634784 -0.542811 0.549915
0.420368 0.473547 -0.129604 0.554262 0.827782 0.087013
0.404987 0.478437 -0.137963 0.290433 0.945189 -0.149216
0.422833 0.463906 -0.112580 0.653948 0.233139 0.719721
0.414670 0.466651 -0.109988 0.031199 0.361720 0.931765
0.398383 0.470357 -0.114976 -0.180004 0.528790 0.829445
-0.108961 0.000181 -0.122011 -0.773241 -0.614345 0.157093
-0.106551 0.000181 -0.155684 -0.551510 -0.821163 -0.146723
-0.087744 0.000181 -0.080481 -0.384935 -0.576377 0.720843
-0.045475 0.001017 -0.070911 0.075647 -0.313052 0.946718
-0.008181 0.000181 -0.079771 0.476932 -0.725335 0.496412
0.015782 0.000181 -0.122011 0.687083 -0.718350 0.109038
0.015141 0.000181 -0.155684 0.552462 -0.807439 -0.206948
-0.077100 0.000181 -0.260129 -0.553142 -0.736030 -0.390248
-0.006286 0.000181 -0.260129 0.496849 -0.597606 -0.629292
0.009666 0.000181 -0.196461 0.684691 -0.705901 0.181390
-0.043149 0.000000 -0.273739 -0.133402 -0.335300 -0.932619
-0.099948 0.000181 -0.196475 -0.436632 -0.463782 0.770882
0.068406 0.676705 -0.077234 0.322406 -0.009946 0.946549
0.090056 0.653532 -0.092620 0.521126 0.012933 0.853382
0.093751 0.676955 -0.093472 0.541801 -0.030441 0.839955
0.079151 0.639341 -0.085023 0.247050 0.440723 0.862977
0.092164 0.698621 -0.092570 0.517870 0.015238 0.855324
0.065931 0.636066 -0.082019 0.258284 0.261677 0.929954
0.083857 0.712078 -0.088052 0.457154 0.034348 0.888724
0.054780 0.639679 -0.078406 0.610913 0.324152 0.722296
0.069770 0.715214 -0.082467 0.416353 -0.159781 0.895053
0.046228 0.652996 -0.075709 0.693636 0.280024 0.663669
0.054149 0.710862 -0.076876 0.458726 -0.302385 0.835544
0.041324 0.677211 -0.075436 0.457925 0.008195 0.888953
0.044286 0.697056 -0.075478 0.490099 -0.113358 0.864264
-0.028608 0.676705 -0.077234 -0.322402 -0.009944 0.946551
-0.053953 0.676955 -0.093472 -0.541906 -0.030502 0.839886
-0.050259 0.653532 -0.092620 -0.521183 0.012959 0.853347
-0.052367 0.698621 -0.092570 -0.517862 0.015238 0.855328
-0.039353 0.639341 -0.085023 -0.247046 0.440717 0.862981
-0.044059 0.712078 -0.088052 -0.457143 0.034352 0.888729
-0.026134 0.636066 -0.082019 -0.258289 0.261680 0.929952
-0.029972 0.715214 -0.082467 -0.416356 -0.159818 0.895045
-0.014983 0.639679 -0.078406 -0.610903 0.324164 0.722299
-0.014351 0.710862 -0.076876 -0.458767 -0.302436 0.835503
-0.006430 0.652996 -0.075709 -0.693644 0.280031 0.663658
-0.004488 0.697056 -0.075478 -0.490144 -0.113375 0.864237
-0.001527 0.677211 -0.075436 -0.457927 0.008197 0.888952
-0.302535 0.466802 0.047978 0.304513 -0.933651 -0.188596
-0.263909 0.465469 0.107148 0.700360 -0.600253 -0.386255
-0.279396 0.465469 0.108644 -0.595992 -0.710376 0.374379
-0.318694 0.466802 0.056922 -0.294693 -0.860125 0.416342
-0.327791 0.468237 0.037375 -0.214017 -0.899453 -0.381027
-0.367323 0.466802 -0.058081 -0.160324 -0.958198 0.236965
-0.350920 0.466802 -0.059363 0.788353 -0.558925 -0.257105
-0.260033 0.465469 0.151696 -0.659604 -0.708565 0.250716
-0.244952 0.465469 0.149579 0.676293 -0.708274 -0.202421
-0.302535 0.494876 0.047978 0.532647 0.787474 -0.310116
-0.263909 0.496209 0.107148 0.484702 0.831834 -0.270400
-0.244983 0.496219 0.149579 0.661053 0.709033 -0.245521
-0.406875 0.468237 0.037375 0.357961 -0.931943 -0.057837
-0.383735 0.466802 -0.059322 -0.660596 -0.720887 -0.209606
-0.249338 0.465459 0.194473 -0.695557 -0.710391 0.107453
-0.234645 0.465469 0.194433 0.703503 -0.709247 -0.045295
-0.234645 0.496219 0.194433 0.697065 0.709691 -0.102172
-0.432130 0.466802 0.047978 -0.591614 -0.716423 -0.369771
-0.415971 0.466802 0.056922 0.369836 -0.741174 0.560252
-0.250834 0.465469 0.241677 -0.700368 -0.709458 -0.078450
-0.235367 0.465469 0.239154 0.690228 -0.710058 0.139293
-0.350930 0.494866 -0.059322 0.806318 0.558490 -0.194782
-0.353331 0.465611 -0.071971 0.705281 -0.706569 0.057779
-0.235367 0.496209 0.239154 0.700099 0.710051 0.075430
-0.470756 0.465469 0.107148 -0.530576 -0.799980 -0.280215
-0.455269 0.465469 0.108644 0.608525 -0.711162 0.352059
-0.265181 0.465469 0.293125 -0.662451 -0.709222 -0.241171
-0.253581 0.465469 0.300136 0.632144 -0.709576 0.311282
-0.353331 0.496016 -0.071971 0.591976 0.786094 0.177820
-0.253581 0.496209 0.300136 0.656020 0.709576 0.257176
-0.474582 0.465469 0.151737 0.659971 -0.708241 0.250667
-0.283924 0.465469 0.327111 -0.518176 -0.716448 -0.467115
-0.275977 0.465469 0.337419 0.564655 -0.562132 0.604295
-0.275977 0.496209 0.337419 0.643733 0.562132 0.519245
-0.489672 0.465469 0.149620 -0.676029 -0.708613 -0.202120
-0.485307 0.465469 0.194484 0.695827 -0.710115 0.107529
-0.318633 0.465469 0.367466 0.222756 -0.836877 0.500016
-0.318633 0.496209 0.367466 0.323301 0.607309 0.725708
-0.470756 0.496209 0.107148 -0.516391 0.799993 -0.305534
-0.489672 0.495873 0.149600 -0.661996 0.707639 -0.246998
-0.500000 0.465469 0.194443 -0.703207 -0.709547 -0.045185
-0.483781 0.465469 0.241698 0.700461 -0.709348 -0.078609
-0.323995 0.465469 0.354971 -0.228632 -0.713749 -0.662034
-0.367332 0.465469 0.378588 -0.000014 -0.716038 0.698061
-0.367332 0.496209 0.378588 -0.000009 0.898895 0.438164
-0.432160 0.494876 0.047947 -0.610429 0.716278 -0.338116
-0.500000 0.496209 0.194443 -0.697343 0.708793 -0.106422
-0.499237 0.465469 0.239164 -0.690051 -0.710255 0.139166
-0.469484 0.465469 0.293125 0.662565 -0.709236 -0.240813
-0.367332 0.465469 0.363590 -0.000002 -0.713930 -0.700217
-0.410670 0.465469 0.354971 0.228630 -0.713749 -0.662035
-0.416022 0.465469 0.367466 -0.222766 -0.836876 0.500013
-0.416022 0.496209 0.367466 -0.323316 0.607307 0.725703
-0.383735 0.494866 -0.059322 -0.676771 0.719447 -0.156130
-0.499268 0.496433 0.239164 -0.700557 0.709487 0.076467
-0.481084 0.465469 0.300136 -0.632174 -0.709597 0.311173
-0.450741 0.465469 0.327111 0.518176 -0.716448 -0.467115
-0.458678 0.465469 0.337419 -0.564619 -0.562125 0.604335
-0.458678 0.496209 0.337419 -0.643668 0.562125 0.519333
-0.381334 0.465611 -0.071971 -0.702607 -0.701204 0.121060
-0.381334 0.496016 -0.071971 -0.550658 0.825815 0.121678
-0.481084 0.496209 0.300136 -0.655827 0.709551 0.257736
-0.279396 0.496209 0.108644 -0.623244 0.709915 0.328005
-0.318694 0.494876 0.056922 -0.422780 0.635985 0.645585
-0.327791 0.493441 0.037375 -0.433258 0.898569 -0.069719
-0.367323 0.494876 -0.058122 0.136086 0.962152 0.236101
-0.260063 0.496209 0.151696 -0.673841 0.707964 0.211483
-0.406875 0.493441 0.037375 0.175861 0.932334 -0.315954
-0.249338 0.496209 0.194473 -0.703022 0.709889 0.042625
-0.250834 0.496209 0.241677 -0.691959 0.709304 -0.134461
-0.415982 0.494876 0.056881 0.235203 0.915381 0.326736
-0.265181 0.496209 0.293125 -0.641745 0.709222 -0.291835
-0.455269 0.496209 0.108644 0.769630 0.450441 0.452518
-0.474582 0.495904 0.151706 0.672603 0.708706 0.212931
-0.283924 0.496209 0.327111 -0.325139 0.899098 -0.293100
-0.485307 0.496219 0.194484 0.702655 0.710544 0.037460
-0.323995 0.496209 0.354971 -0.318038 0.713749 -0.624030
-0.483781 0.496464 0.241698 0.691262 0.709801 -0.135427
-0.367332 0.496209 0.363590 -0.000002 0.454179 -0.890910
-0.469484 0.496209 0.293125 0.642056 0.709782 -0.289783
-0.410670 0.496209 0.354971 0.318037 0.713749 -0.624031
-0.450741 0.496209 0.327111 0.325139 0.899098 -0.293100
-0.367332 0.493411 0.048598 0.034273 0.815828 0.577278
-0.367332 0.468267 0.048598 -0.034441 -0.815724 0.577415
-0.367332 0.468267 0.035350 -0.014195 -0.555147 -0.831631
-0.367332 0.493411 0.035350 0.014197 0.555147 -0.831631
-0.351174 0.462691 -0.083255 0.695705 -0.688447 0.205025
-0.383461 0.462681 -0.083285 -0.704770 -0.701923 0.102971
-0.351204 0.499140 -0.083285 0.704856 0.701287 0.106648
-0.383491 0.499109 -0.083285 -0.695782 0.686403 0.211516
-0.383471 0.462671 -0.288249 -0.577131 -0.577488 -0.577432
-0.351194 0.462691 -0.288249 0.577608 -0.577102 -0.577340
-0.383471 0.499130 -0.288249 -0.577615 0.577100 -0.577336
-0.351194 0.499130 -0.288249 0.577350 0.577350 -0.577350
-0.267949 0.482910 0.313934 0.000000 1.000000 0.000000
-0.237443 0.482910 0.198351 0.000000 1.000000 0.000000
-0.497212 0.482910 0.198351 0.000000 1.000000 0.000000
-0.466706 0.482910 0.313934 0.000000 1.000000 0.000000
-0.402245 0.482910 0.365899 0.000000 1.000000 0.000000
-0.332410 0.482910 0.365899 0.000000 1.000000 0.000000
-0.426157 0.482910 0.045078 0.000000 1.000000 0.000000
-0.308498 0.482910 0.045078 0.000000 1.000000 0.000000
-0.466706 0.478931 0.313934 0.000000 -1.000000 0.000000
-0.497212 0.478931 0.198351 0.000000 -1.000000 0.000000
-0.237443 0.478931 0.198351 0.000000 -1.000000 0.000000
-0.267949 0.478931 0.313934 0.000000 -1.000000 0.000000
-0.332410 0.478931 0.365899 0.000000 -1.000000 0.000000
-0.402245 0.478931 0.365899 0.000000 -1.000000 0.000000
-0.308498 0.478931 0.045078 0.000000 -1.000000 0.000000
-0.426157 0.478931 0.045078 0.000000 -1.000000 0.000000
