0.000000 0.072031 -0.051417
0.000000 0.220568 -0.137071
-0.165590 0.059059 -0.059346
0.162466 0.059059 -0.059346
0.000000 0.075995 -0.235766
0.000000 0.072031 0.121040
0.000000 0.072031 -0.378489
0.000000 0.079960 0.251869
-0.060129 0.117912 0.294539
0.062356 0.117912 0.294539
0.000000 0.059257 0.397765
-0.102378 0.068191 0.311586
0.100613 0.068191 0.311586
0.000000 0.085140 0.383366
0.000000 0.098896 0.370672
-0.085604 0.313807 0.322220
0.086521 0.313970 0.322243
-0.104604 0.460736 0.337077
0.104545 0.461020 0.337118
-0.125892 0.624694 0.358355
0.124738 0.625114 0.358415
-0.136638 0.738923 0.372774
-0.136638 0.738923 0.372774
0.138074 0.738922 0.372774
0.138074 0.738922 0.372774
