0 1
0 2
0 3
0 6
0 7
0 21
1 0
1 2
1 3
1 4
2 0
2 1
2 4
2 5
2 6
2 8
3 0
3 1
3 21
3 22
4 1
4 2
4 5
4 24
4 25
5 2
5 4
5 8
5 24
5 26
6 0
6 2
6 7
6 8
6 9
6 10
6 11
7 0
7 6
7 11
7 21
7 23
7 30
8 2
8 5
8 6
8 9
8 26
8 27
9 6
9 8
9 10
9 15
9 18
9 27
10 6
10 9
10 11
10 12
10 18
11 6
11 7
11 10
11 12
11 13
11 30
12 10
12 11
12 13
12 14
12 18
12 19
13 34
13 11
13 12
13 14
13 29
13 30
14 12
14 13
14 19
14 20
14 29
15 9
15 16
15 17
15 18
15 19
15 27
16 33
16 36
16 15
16 17
16 27
17 33
17 15
17 16
17 19
17 20
17 28
18 9
18 10
18 12
18 15
18 19
19 12
19 14
19 15
19 17
19 18
19 20
20 14
20 17
20 19
20 28
20 29
20 31
21 0
21 3
21 7
21 39
21 41
21 22
21 23
22 41
22 3
22 21
22 43
23 37
23 39
23 7
23 21
23 30
24 4
24 5
24 40
24 42
24 25
24 26
25 24
25 42
25 4
26 5
26 38
26 8
26 40
26 24
26 27
27 36
27 38
27 8
27 9
27 15
27 16
27 26
28 32
28 33
28 17
28 20
28 31
29 34
29 35
29 13
29 14
29 20
29 31
30 34
30 37
30 7
30 11
30 13
30 23
31 32
31 35
31 44
31 20
31 28
31 29
32 33
32 36
32 44
32 46
32 28
32 31
33 32
33 36
33 16
33 17
33 28
34 35
34 37
34 13
34 29
34 30
35 34
35 37
35 44
35 45
35 29
35 31
36 32
36 33
36 38
36 46
36 16
36 48
36 27
37 34
37 35
37 39
37 45
37 23
37 30
38 36
38 40
38 48
38 49
38 26
38 27
39 37
39 41
39 45
39 47
39 21
39 23
40 38
40 42
40 49
40 50
40 24
40 26
41 39
41 43
41 47
41 51
41 52
41 21
41 22
42 24
42 25
42 40
42 50
43 41
43 52
43 22
44 32
44 35
44 45
44 46
44 53
44 31
45 35
45 37
45 39
45 44
45 47
45 53
46 32
46 36
46 44
46 48
46 53
46 54
47 39
47 41
47 45
47 51
47 53
47 54
48 36
48 38
48 46
48 49
48 54
48 55
49 38
49 40
49 48
49 50
49 55
50 40
50 42
50 49
50 55
50 56
51 41
51 47
51 52
51 54
51 55
51 56
52 56
52 41
52 51
52 43
53 44
53 45
53 46
53 47
53 54
54 46
54 47
54 48
54 51
54 53
54 55
55 48
55 49
55 50
55 51
55 54
55 56
56 50
56 51
56 52
56 55
57 64
57 72
57 58
57 59
57 60
57 63
58 57
58 59
58 60
58 61
59 65
59 57
59 58
59 61
59 62
59 63
60 72
60 57
60 58
60 73
61 75
61 76
61 58
61 59
61 62
62 65
62 75
62 77
62 59
62 61
63 64
63 65
63 66
63 67
63 68
63 57
63 59
64 68
64 72
64 74
64 79
64 57
64 63
65 66
65 77
65 78
65 59
65 62
65 63
66 65
66 67
66 69
66 70
66 78
66 63
67 66
67 68
67 69
67 71
67 63
68 64
68 67
68 71
68 79
68 81
68 63
69 66
69 67
69 70
69 71
69 82
70 66
70 69
70 78
70 80
70 82
70 84
71 67
71 68
71 69
71 81
71 82
71 83
72 64
72 73
72 74
72 92
72 57
72 60
72 94
73 72
73 60
73 96
73 94
74 64
74 72
74 79
74 90
74 92
75 76
75 77
75 61
75 93
75 62
75 95
76 75
76 61
76 95
77 65
77 75
77 78
77 91
77 93
77 62
78 65
78 66
78 70
78 77
78 80
78 89
78 91
79 64
79 68
79 74
79 81
79 88
79 90
80 70
80 78
80 84
80 85
80 89
81 68
81 71
81 79
81 83
81 87
81 88
82 69
82 70
82 71
82 102
82 83
82 84
83 102
83 71
83 81
83 82
83 87
84 70
84 102
84 80
84 82
84 85
84 86
85 97
85 80
85 84
85 86
85 89
86 97
86 98
86 102
86 84
86 85
87 98
87 100
87 102
87 81
87 83
87 88
88 100
88 79
88 81
88 87
88 90
89 97
89 103
89 105
89 78
89 80
89 85
89 91
90 100
90 101
90 74
90 79
90 88
90 92
91 105
91 106
91 77
91 78
91 89
91 93
92 101
92 72
92 104
92 74
92 90
92 94
93 106
93 75
93 107
93 77
93 91
93 95
94 96
94 72
94 73
94 104
94 108
94 109
94 92
95 107
95 75
95 76
95 93
96 73
96 109
96 94
97 98
97 99
97 103
97 85
97 86
97 89
98 97
98 99
98 100
98 102
98 86
98 87
99 97
99 98
99 100
99 101
99 103
99 110
100 98
100 99
100 101
100 87
100 88
100 90
101 99
101 100
101 104
101 110
101 90
101 92
102 98
102 82
102 83
102 84
102 86
102 87
103 97
103 99
103 105
103 110
103 111
103 89
104 101
104 108
104 110
104 111
104 92
104 94
105 103
105 106
105 111
105 112
105 89
105 91
106 105
106 107
106 112
106 91
106 93
107 106
107 112
107 113
107 93
107 95
108 104
108 109
108 111
108 112
108 113
108 94
109 96
109 113
109 108
109 94
110 99
110 101
110 103
110 104
110 111
111 103
111 104
111 105
111 108
111 110
111 112
112 105
112 106
112 107
112 108
112 111
112 113
113 112
113 107
113 108
113 109
114 115
114 116
114 117
114 118
115 129
115 114
115 116
115 117
115 120
115 121
116 114
116 115
116 118
116 119
116 120
117 129
117 114
117 115
117 130
118 131
118 132
118 114
118 116
118 119
119 131
119 116
119 118
119 120
119 122
120 115
120 116
120 119
120 121
120 122
120 123
120 124
121 129
121 133
121 115
121 120
121 123
122 131
122 134
122 135
122 119
122 120
122 124
122 125
123 133
123 136
123 137
123 120
123 121
123 124
123 126
124 120
124 122
124 123
124 125
124 126
124 127
125 128
125 135
125 140
125 122
125 124
125 127
126 137
126 141
126 123
126 124
126 127
127 128
127 138
127 141
127 124
127 125
127 126
128 138
128 139
128 140
128 125
128 127
129 130
129 133
129 144
129 145
129 115
129 117
129 121
130 144
130 129
130 117
131 132
131 134
131 142
131 146
131 118
131 119
131 122
132 142
132 131
132 118
132 143
133 129
133 136
133 145
133 147
133 121
133 123
134 131
134 135
134 146
134 148
134 122
135 134
135 140
135 148
135 150
135 122
135 125
136 133
136 137
136 147
136 149
136 123
137 136
137 141
137 149
137 151
137 153
137 123
137 126
138 128
138 139
138 141
138 154
138 127
139 128
139 138
139 140
139 152
139 154
140 128
140 135
140 139
140 150
140 152
140 125
141 137
141 138
141 153
141 154
141 126
141 127
142 162
142 131
142 132
142 163
142 165
142 143
142 146
143 132
143 165
143 142
144 129
144 130
144 145
144 166
145 129
145 161
145 164
145 133
145 166
145 144
145 147
146 162
146 131
146 134
146 142
146 148
146 155
147 161
147 133
147 136
147 145
147 149
147 157
148 134
148 135
148 146
148 150
148 155
149 136
149 137
149 147
149 151
149 157
150 135
150 140
150 148
150 152
150 155
150 156
151 137
151 149
151 153
151 157
151 158
152 139
152 140
152 150
152 154
152 156
152 159
153 160
153 137
153 141
153 151
153 154
153 158
153 159
154 138
154 139
154 141
154 152
154 153
154 159
155 160
155 162
155 167
155 146
155 148
155 150
155 156
156 160
156 150
156 152
156 155
156 159
157 161
157 167
157 168
157 147
157 149
157 151
157 158
158 160
158 167
158 151
158 153
158 157
159 160
159 152
159 153
159 154
159 156
160 167
160 153
160 155
160 156
160 158
160 159
161 164
161 168
161 145
161 147
161 157
162 163
162 167
162 168
162 142
162 146
162 155
163 162
163 165
163 168
163 169
163 142
164 161
164 166
164 168
164 169
164 170
164 145
165 163
165 169
165 170
165 142
165 143
166 144
166 145
166 170
166 164
167 160
167 162
167 168
167 155
167 157
167 158
168 161
168 162
168 163
168 164
168 167
168 169
168 157
169 163
169 164
169 165
169 168
169 170
170 169
170 164
170 165
170 166
171 172
171 173
171 174
171 175
172 192
172 171
172 173
172 174
172 177
172 178
173 171
173 172
173 175
173 176
173 177
174 192
174 193
174 171
174 172
175 194
175 195
175 171
175 173
175 176
176 194
176 173
176 175
176 177
176 179
177 172
177 173
177 176
177 178
177 179
177 180
177 181
178 192
178 196
178 172
178 177
178 180
179 194
179 197
179 198
179 176
179 177
179 181
179 182
180 196
180 199
180 177
180 178
180 181
180 183
180 187
181 177
181 179
181 180
181 182
181 183
181 184
182 198
182 179
182 181
182 184
182 185
182 188
183 180
183 181
183 184
183 186
183 187
184 181
184 182
184 183
184 185
184 186
184 190
185 182
185 184
185 188
185 189
185 190
186 201
186 183
186 184
186 187
186 190
186 191
187 199
187 201
187 205
187 180
187 214
187 183
187 186
188 198
188 200
188 204
188 182
188 185
188 189
189 200
189 185
189 188
189 190
189 191
190 184
190 185
190 186
190 189
190 191
191 200
191 201
191 202
191 186
191 189
191 190
192 193
192 196
192 172
192 174
192 209
192 178
192 210
193 192
193 209
193 174
194 195
194 197
194 175
194 176
194 207
194 179
194 211
195 208
195 194
195 207
195 175
196 192
196 199
196 210
196 178
196 180
196 212
197 194
197 198
197 179
197 211
197 213
198 197
198 204
198 179
198 213
198 182
198 188
199 196
199 212
199 180
199 214
199 187
200 202
200 203
200 204
200 188
200 189
200 191
201 202
201 205
201 206
201 217
201 186
201 187
201 191
202 200
202 201
202 203
202 217
202 191
203 200
203 202
203 204
203 215
203 217
204 198
204 200
204 203
204 213
204 215
204 188
205 201
205 206
205 214
205 216
205 187
206 224
206 201
206 205
206 216
206 217
207 194
207 195
207 208
207 211
207 219
207 220
207 222
208 195
208 222
208 207
209 192
209 193
209 210
209 223
210 192
210 196
210 209
210 212
210 218
210 221
210 223
211 194
211 197
211 207
211 213
211 215
211 219
212 196
212 199
212 210
212 214
212 216
212 218
213 197
213 198
213 204
213 211
213 215
214 199
214 205
214 212
214 216
214 187
215 224
215 203
215 204
215 211
215 213
215 217
215 219
216 224
216 225
216 205
216 206
216 212
216 214
216 218
217 224
217 201
217 202
217 203
217 206
217 215
218 225
218 210
218 212
218 216
218 221
219 224
219 225
219 207
219 211
219 215
219 220
220 225
220 226
220 207
220 219
220 222
221 225
221 226
221 227
221 210
221 218
221 223
222 226
222 227
222 207
222 208
222 220
223 209
223 210
223 227
223 221
224 225
224 206
224 215
224 216
224 217
224 219
225 224
225 226
225 216
225 218
225 219
225 220
225 221
226 225
226 227
226 220
226 221
226 222
227 226
227 221
227 222
227 223
228 229
228 230
228 231
228 234
228 240
228 244
229 228
229 230
229 231
229 232
229 233
229 237
230 228
230 229
230 232
230 234
230 235
231 228
231 229
231 237
231 239
231 240
231 241
232 229
232 230
232 233
232 235
232 236
232 242
233 229
233 232
233 237
233 238
233 242
233 243
234 228
234 230
234 235
234 268
234 244
234 246
234 247
235 230
235 232
235 234
235 236
235 246
235 248
236 232
236 235
236 242
236 245
236 248
237 257
237 229
237 231
237 233
237 238
237 239
238 257
238 258
238 233
238 237
238 243
238 249
239 257
239 259
239 231
239 237
239 241
239 250
240 228
240 294
240 231
240 303
240 241
240 244
241 294
241 231
241 295
241 239
241 240
241 250
242 293
242 232
242 233
242 236
242 302
242 243
242 245
243 292
243 293
243 233
243 238
243 242
243 249
244 228
244 234
244 268
244 303
244 240
244 316
245 236
245 302
245 272
245 242
245 248
246 234
246 235
246 273
246 274
246 278
246 247
246 248
247 234
247 274
247 268
247 246
248 235
248 236
248 272
248 308
248 245
248 246
248 278
249 289
249 258
249 292
249 238
249 306
249 243
250 290
250 259
250 295
250 239
250 241
250 307
251 358
251 365
251 276
251 252
251 253
251 254
252 256
252 251
252 284
252 253
252 254
252 255
253 358
253 359
253 284
253 251
253 252
253 285
254 276
254 277
254 251
254 252
254 255
255 256
255 361
255 368
255 277
255 281
255 252
255 254
256 255
256 361
256 362
256 284
256 252
256 287
257 258
257 259
257 237
257 238
257 239
257 340
258 289
258 257
258 238
258 339
258 340
258 249
259 257
259 290
259 239
259 340
259 341
259 250
260 261
260 262
260 263
260 266
260 269
261 260
261 262
261 263
261 264
261 282
261 286
262 291
262 260
262 261
262 269
262 270
262 282
262 283
263 260
263 261
263 264
263 265
263 266
263 267
264 261
264 263
264 265
264 301
264 279
264 286
265 263
265 264
265 267
265 271
265 279
265 280
266 260
266 263
266 296
266 297
266 267
266 269
266 275
267 263
267 296
267 265
267 266
267 271
267 304
268 291
268 234
268 331
268 274
268 244
268 247
268 316
269 260
269 262
269 266
269 270
269 273
269 275
270 291
270 262
270 269
270 273
270 274
271 288
271 265
271 267
271 304
271 280
271 315
272 321
272 302
272 308
272 245
272 248
272 346
273 269
273 270
273 274
273 275
273 246
273 278
274 291
274 268
274 270
274 273
274 246
274 247
275 297
275 266
275 269
275 273
275 305
275 278
276 332
276 301
276 365
276 277
276 279
276 280
276 251
276 254
277 276
277 280
277 281
277 254
277 255
278 273
278 305
278 275
278 308
278 246
278 248
279 264
279 265
279 301
279 276
279 280
280 288
280 265
280 271
280 276
280 277
280 279
280 281
281 288
281 353
281 368
281 277
281 280
281 315
281 255
282 261
282 326
282 262
282 327
282 283
282 286
283 291
283 262
283 327
283 328
283 282
284 256
284 394
284 253
284 252
284 285
284 287
285 359
285 394
285 367
285 284
285 253
286 261
286 326
286 264
286 332
286 301
286 282
287 256
287 362
287 394
287 369
287 284
288 280
288 281
288 315
288 271
289 258
289 398
289 306
289 339
289 249
290 259
290 399
290 307
290 341
290 250
291 262
291 328
291 331
291 268
291 270
291 274
291 283
292 293
292 306
292 243
292 249
292 380
293 292
293 302
293 242
293 243
293 380
293 381
294 385
294 295
294 303
294 240
294 241
294 382
295 294
295 241
295 307
295 250
295 382
295 383
296 297
296 266
296 267
296 304
296 336
296 338
297 296
297 266
297 336
297 305
297 337
297 275
298 673
298 299
298 684
298 300
298 658
298 670
299 298
299 300
299 661
299 662
299 314
299 670
300 322
300 323
300 298
300 299
300 684
300 314
301 264
301 332
301 276
301 279
301 286
302 384
302 321
302 293
302 272
302 242
302 245
302 381
303 385
303 294
303 240
303 244
303 316
304 353
304 296
304 267
304 271
304 338
304 315
305 297
305 337
305 275
305 308
305 278
305 348
306 289
306 292
306 392
306 398
306 249
306 380
307 290
307 295
307 393
307 399
307 250
307 383
308 272
308 305
308 278
308 248
308 346
308 348
309 312
309 320
309 310
309 311
310 696
310 309
310 694
310 311
310 312
310 313
311 313
311 683
311 309
311 310
312 320
312 695
312 309
312 694
312 310
312 702
313 712
313 683
313 310
313 311
313 696
313 703
314 993
314 323
314 299
314 300
314 661
314 759
314 991
315 288
315 353
315 271
315 304
315 281
316 385
316 331
316 268
316 303
316 244
316 404
316 412
317 324
317 325
317 688
317 689
317 318
317 319
318 329
318 330
318 334
318 689
318 317
318 319
319 324
319 360
319 329
319 342
319 317
319 318
320 312
320 724
320 309
320 702
321 384
321 426
321 302
321 272
321 405
321 346
322 771
322 323
322 684
322 300
322 816
322 817
323 322
323 300
323 816
323 758
323 759
323 314
324 325
324 360
324 317
324 349
324 350
324 319
325 324
325 711
325 688
325 317
325 349
326 327
326 396
326 332
326 406
326 407
326 282
326 286
327 326
327 328
327 407
327 282
327 283
328 291
328 327
328 331
328 411
328 407
328 283
328 412
329 330
329 342
329 347
329 318
329 319
330 357
330 329
330 333
330 334
330 347
330 318
331 291
331 328
331 268
331 316
331 412
332 326
332 396
332 365
332 301
332 276
332 286
333 352
333 357
333 330
333 334
333 335
333 366
334 330
334 333
334 335
334 689
334 318
335 352
335 333
335 334
335 689
335 700
335 351
336 417
336 296
336 297
336 337
336 338
337 417
337 297
337 425
337 336
337 305
337 348
338 353
338 417
338 418
338 296
338 304
338 336
338 408
339 289
339 258
339 424
339 398
339 340
339 415
340 257
340 258
340 259
340 424
340 339
340 341
341 416
341 290
341 259
341 424
341 399
341 340
342 360
342 329
342 370
342 409
342 347
342 319
343 363
343 721
343 722
343 344
343 345
343 732
344 800
344 801
344 355
344 774
344 776
344 363
344 364
344 343
344 760
344 345
345 760
345 721
345 343
345 344
345 798
346 321
346 426
346 272
346 308
346 348
347 357
347 329
347 330
347 370
347 371
347 342
348 425
348 426
348 427
348 337
348 305
348 308
348 346
349 324
349 325
349 711
349 784
349 761
349 350
350 324
350 423
350 360
350 784
350 349
351 352
351 420
351 335
351 753
351 372
351 700
352 333
352 366
352 335
352 372
352 351
353 304
353 368
353 338
353 408
353 281
353 315
354 355
354 356
354 758
354 759
354 760
354 798
355 354
355 344
355 356
355 774
355 760
356 354
356 355
356 802
356 774
356 775
356 758
357 330
357 333
357 366
357 371
357 347
358 544
358 359
358 365
358 251
358 253
358 543
359 358
359 367
359 253
359 285
359 477
359 543
360 324
360 423
360 342
360 409
360 350
360 319
361 256
361 362
361 368
361 541
361 542
361 255
362 256
362 361
362 369
362 473
362 541
362 287
363 744
363 779
363 364
363 343
363 344
363 732
364 801
364 837
364 779
364 363
364 814
364 344
365 544
365 358
365 520
365 396
365 332
365 276
365 251
365 511
366 352
366 357
366 333
366 397
366 371
366 372
367 477
367 394
367 285
367 359
368 353
368 513
368 361
368 489
368 408
368 281
368 542
368 255
369 473
369 362
369 394
369 287
370 371
370 342
370 409
370 410
370 347
371 357
371 397
371 366
371 370
371 410
371 347
372 352
372 419
372 420
372 397
372 366
372 351
373 806
373 807
373 809
373 883
373 374
373 375
373 573
373 574
374 994
374 809
374 659
374 373
374 375
374 730
374 990
375 992
375 806
375 659
375 660
375 373
375 374
376 389
376 752
376 377
376 378
376 379
377 376
377 378
377 379
377 403
378 752
378 785
378 403
378 376
378 377
378 828
378 830
379 389
379 390
379 403
379 376
379 377
379 413
379 414
380 292
380 293
380 518
380 392
380 525
380 528
380 306
380 381
381 384
381 514
381 293
381 302
381 528
381 380
382 385
382 294
382 295
382 526
382 527
382 383
383 519
383 295
383 393
383 526
383 307
383 382
384 321
384 514
384 487
384 302
384 405
384 381
385 515
385 294
385 303
385 527
385 404
385 505
385 316
385 382
386 387
386 388
386 677
386 395
386 687
386 665
387 888
387 386
387 395
387 388
388 386
388 387
388 677
388 806
388 807
388 888
388 891
388 574
389 390
389 391
389 751
389 752
389 376
389 379
390 389
390 391
390 402
390 379
390 414
391 389
391 390
391 751
391 400
391 401
391 402
392 306
392 380
392 398
392 518
393 399
393 307
393 519
393 383
394 477
394 523
394 367
394 369
394 473
394 284
394 285
394 287
395 386
395 387
395 873
395 811
395 686
395 687
395 887
395 888
396 326
396 332
396 365
396 406
396 510
396 511
397 419
397 366
397 371
397 372
397 410
398 289
398 518
398 392
398 495
398 497
398 306
398 339
398 415
399 416
399 290
399 519
399 393
399 493
399 496
399 307
399 341
400 391
400 719
400 401
400 402
400 786
400 467
400 440
401 400
401 719
401 751
401 391
402 390
402 391
402 400
402 440
402 441
402 414
403 378
403 443
403 377
403 442
403 379
403 413
403 830
404 385
404 316
404 505
404 412
405 384
405 321
405 426
405 487
406 396
406 510
406 326
406 407
407 512
407 326
407 327
407 328
407 406
407 507
407 411
407 510
408 353
408 418
408 488
408 489
408 368
408 338
409 422
409 423
409 360
409 370
409 342
409 410
410 419
410 422
410 397
410 370
410 371
410 409
411 328
411 507
411 412
411 407
412 328
412 331
412 404
412 507
412 505
412 506
412 411
412 316
413 403
413 442
413 379
413 444
413 414
414 390
414 402
414 441
414 379
414 444
414 413
415 424
415 339
415 398
415 495
416 424
416 493
416 341
416 399
417 418
417 485
417 488
417 425
417 492
417 336
417 337
417 338
418 408
418 417
418 338
418 488
419 420
419 421
419 422
419 397
419 372
419 410
420 419
420 421
420 753
420 372
420 790
420 351
421 419
421 420
421 422
421 813
421 790
421 791
422 419
422 421
422 423
422 813
422 409
422 410
423 422
423 360
423 813
423 784
423 409
423 350
424 416
424 493
424 494
424 495
424 339
424 340
424 341
424 415
425 481
425 417
425 485
425 427
425 337
425 348
426 321
426 481
426 482
426 487
426 427
426 405
426 346
426 348
427 425
427 426
427 348
427 481
428 770
428 716
428 429
428 430
428 783
428 697
429 428
429 430
429 783
429 851
429 468
429 857
430 770
430 771
430 428
430 429
430 857
430 825
430 859
430 860
431 832
431 842
431 432
431 433
431 848
431 831
432 453
432 454
432 842
432 431
432 815
432 433
433 740
433 741
433 777
433 815
433 432
433 431
433 831
434 808
434 435
434 436
434 437
434 797
435 463
435 434
435 436
435 437
435 438
435 479
436 832
436 808
436 463
436 464
436 848
436 434
436 435
436 831
437 1001
437 434
437 435
437 438
437 439
437 796
437 797
438 841
438 845
438 435
438 437
438 439
438 479
439 1000
439 841
439 1001
439 437
439 438
439 445
440 458
440 846
440 400
440 402
440 467
440 441
441 457
441 458
441 402
441 440
441 444
441 414
442 843
442 844
442 403
442 443
442 444
442 413
443 442
443 403
443 844
443 830
444 457
444 843
444 441
444 442
444 413
444 414
445 448
445 1000
445 841
445 1002
445 1003
445 439
445 446
445 447
446 448
446 449
446 450
446 451
446 452
446 1007
446 445
446 447
447 841
447 445
447 446
447 1007
448 449
448 1003
448 1004
448 445
448 446
449 448
449 451
449 1004
449 1005
449 1006
449 446
450 451
450 452
450 483
450 486
450 455
450 446
451 449
451 450
451 455
451 456
451 1006
451 446
452 450
452 483
452 484
452 1007
452 446
453 832
453 454
453 815
453 432
453 848
453 831
454 453
454 553
454 842
454 587
454 556
454 432
454 848
455 450
455 451
455 486
455 456
455 498
455 499
456 834
456 451
456 455
456 812
456 1006
456 499
457 865
457 866
457 458
457 843
457 441
457 444
458 866
458 870
458 457
458 846
458 440
458 441
459 839
459 460
459 461
459 819
459 821
459 474
460 836
460 459
460 461
460 814
460 462
460 819
461 490
461 459
461 460
461 462
461 474
461 475
462 516
462 836
462 490
462 460
462 461
462 1008
463 464
463 435
463 436
463 478
463 479
464 553
464 555
464 463
464 848
464 436
464 478
465 466
465 467
465 468
465 799
466 465
466 851
466 467
466 468
466 469
466 855
467 846
467 400
467 465
467 466
467 786
467 469
467 440
467 799
468 429
468 783
468 465
468 466
468 851
468 799
469 872
469 846
469 466
469 467
469 855
469 861
470 864
470 471
470 856
470 500
470 503
470 472
471 480
471 504
471 470
471 503
471 472
471 509
472 480
472 500
472 501
472 470
472 471
472 863
473 394
473 523
473 362
473 369
473 541
474 839
474 459
474 461
474 475
474 476
475 490
475 491
475 461
475 880
475 534
475 474
475 476
476 804
476 839
476 840
476 875
476 877
476 878
476 880
476 474
476 475
477 359
477 394
477 523
477 367
477 543
478 555
478 557
478 463
478 464
478 879
478 479
479 845
479 463
479 879
479 435
479 885
479 438
479 478
480 899
480 568
480 471
480 472
480 509
480 863
481 482
481 485
481 425
481 426
481 427
481 564
481 565
482 481
482 580
482 487
482 426
482 564
483 450
483 452
483 484
483 486
483 1011
484 483
484 452
484 1007
484 1010
484 1011
485 417
485 481
485 579
485 425
485 492
485 565
486 450
486 483
486 455
486 498
486 1011
487 384
487 514
487 482
487 580
487 426
487 405
488 417
488 418
488 489
488 492
488 588
488 408
488 575
489 513
489 488
489 524
489 368
489 408
489 575
490 516
490 491
490 461
490 462
490 475
491 516
491 583
491 521
491 522
491 490
491 554
491 585
491 949
491 534
491 475
492 417
492 579
492 485
492 488
492 588
493 416
493 549
493 424
493 494
493 399
493 496
494 549
494 550
494 551
494 424
494 493
494 495
495 551
495 424
495 494
495 398
495 497
495 415
496 549
496 519
496 493
496 399
496 540
497 518
497 551
497 398
497 495
497 539
498 486
498 455
498 499
498 1011
498 886
499 834
499 455
499 456
499 498
499 850
499 886
500 856
500 501
500 470
500 502
500 472
500 508
501 517
501 500
501 502
501 472
501 863
502 517
502 529
502 500
502 501
502 532
502 508
503 864
503 882
503 470
503 471
503 504
504 503
504 530
504 882
504 533
504 471
504 509
505 576
505 385
505 515
505 404
505 506
505 412
505 607
506 576
506 593
506 505
506 507
506 412
507 512
507 593
507 595
507 407
507 506
507 411
507 412
508 898
508 529
508 500
508 502
508 856
509 480
509 899
509 530
509 471
509 504
510 512
510 396
510 594
510 406
510 407
510 602
510 511
511 520
511 396
511 365
511 594
511 531
511 510
512 595
512 407
512 602
512 507
512 510
513 489
513 617
513 618
513 524
513 368
513 538
513 542
514 384
514 580
514 487
514 528
514 624
514 381
514 606
515 385
515 527
515 625
515 505
515 607
516 548
516 583
516 490
516 491
516 462
516 1008
517 905
517 532
517 501
517 502
517 924
517 863
518 392
518 525
518 398
518 497
518 539
518 380
519 393
519 526
519 399
519 496
519 540
519 383
520 544
520 545
520 617
520 618
520 365
520 531
520 636
520 511
521 522
521 491
521 949
521 535
521 536
522 901
522 521
522 554
522 491
522 536
523 477
523 394
523 632
523 473
523 541
523 543
524 513
524 611
524 489
524 538
524 575
525 518
525 620
525 528
525 539
525 380
526 519
526 621
526 527
526 540
526 382
526 383
527 385
527 515
527 621
527 526
527 625
527 382
528 514
528 620
528 525
528 624
528 380
528 381
529 898
529 532
529 596
529 598
529 502
529 508
530 899
530 600
530 560
530 533
530 504
530 509
531 545
531 520
531 594
531 626
531 511
532 517
532 529
532 596
532 502
532 924
533 559
533 560
533 530
533 882
533 504
534 934
534 554
534 491
534 880
534 917
534 475
535 521
535 562
535 563
535 916
535 949
535 979
535 536
535 537
536 901
536 521
536 522
536 874
536 535
536 537
537 960
537 874
537 876
537 978
537 979
537 535
537 536
538 513
538 611
538 524
538 617
539 518
539 551
539 620
539 525
539 497
539 630
540 549
540 519
540 621
540 526
540 496
540 629
541 361
541 362
541 523
541 632
541 473
541 542
542 513
542 361
542 618
542 368
542 632
542 636
542 541
543 544
543 358
543 359
543 523
543 632
543 477
544 358
544 520
544 365
544 632
544 636
544 543
545 520
545 617
545 626
545 531
545 631
546 547
546 548
546 552
546 553
546 847
546 848
547 546
547 548
547 583
547 552
547 584
547 586
548 546
548 547
548 516
548 583
548 847
548 1008
549 550
549 493
549 494
549 496
549 629
549 540
550 642
550 549
550 551
550 494
550 629
550 630
551 550
551 494
551 495
551 497
551 630
551 539
552 546
552 547
552 553
552 586
552 587
552 556
553 546
553 454
553 552
553 842
553 555
553 556
553 464
553 848
554 901
554 934
554 522
554 491
554 908
554 534
555 553
555 556
555 557
555 558
555 464
555 478
556 454
556 552
556 553
556 842
556 587
556 555
556 558
557 555
557 558
557 879
557 566
557 567
557 478
558 586
558 555
558 556
558 557
558 587
558 566
559 906
559 941
559 560
559 592
559 882
559 533
560 559
560 592
560 530
560 533
560 600
560 601
561 589
561 562
561 563
561 919
561 862
562 589
562 911
562 561
562 563
562 979
562 535
563 535
563 561
563 562
563 916
563 1013
563 919
564 481
564 482
564 612
564 580
564 619
564 565
565 481
565 579
565 612
565 485
565 613
565 564
566 584
566 586
566 557
566 558
566 567
566 571
567 557
567 879
567 916
567 885
567 566
567 920
567 571
568 480
568 899
568 905
568 569
568 570
568 863
569 899
569 600
569 568
569 601
569 570
569 605
570 905
570 599
570 568
570 569
570 924
570 605
571 584
571 585
571 916
571 566
571 567
572 573
572 581
572 1016
572 1019
572 989
572 574
573 581
573 582
573 883
573 373
573 572
573 574
574 388
574 807
574 373
574 1016
574 891
574 572
574 573
575 611
575 488
575 489
575 524
575 588
575 623
576 577
576 578
576 641
576 593
576 505
576 506
576 607
577 576
577 578
577 593
577 627
577 633
577 637
578 576
578 577
578 641
578 637
579 613
579 485
579 492
579 588
579 622
579 565
580 482
580 514
580 487
580 619
580 564
580 606
581 582
581 1017
581 1018
581 1019
581 572
581 573
582 581
582 974
582 883
582 1017
582 573
583 547
583 516
583 548
583 584
583 585
583 491
584 547
584 583
584 585
584 586
584 566
584 571
585 583
585 584
585 491
585 916
585 949
585 571
586 547
586 584
586 552
586 587
586 558
586 566
587 454
587 552
587 586
587 842
587 556
587 558
588 579
588 488
588 492
588 622
588 623
588 575
589 590
589 591
589 911
589 561
589 562
589 862
590 809
590 589
590 910
590 591
590 911
590 818
590 883
591 589
591 590
591 818
591 823
591 862
592 941
592 559
592 560
592 601
592 603
593 576
593 577
593 595
593 627
593 628
593 506
593 507
594 626
594 531
594 602
594 635
594 510
594 511
595 512
595 593
595 628
595 602
595 507
596 529
596 532
596 597
596 598
596 599
596 924
597 596
597 598
597 599
597 603
597 604
597 605
598 898
598 529
598 596
598 597
598 604
599 596
599 597
599 570
599 924
599 605
600 899
600 569
600 560
600 530
600 601
601 560
601 592
601 600
601 569
601 603
601 605
602 512
602 594
602 595
602 628
602 635
602 510
603 941
603 592
603 597
603 601
603 604
603 605
604 898
604 941
604 597
604 598
604 603
604 892
605 601
605 597
605 599
605 569
605 570
605 603
606 514
606 580
606 646
606 619
606 624
606 639
607 576
607 641
607 515
607 647
607 625
607 505
608 609
608 610
608 614
608 947
608 952
608 955
609 608
609 610
609 614
609 615
609 616
609 971
610 608
610 609
610 961
610 965
610 971
610 952
611 617
611 524
611 623
611 631
611 538
611 575
612 613
612 619
612 564
612 565
612 633
612 637
613 579
613 612
613 622
613 565
613 633
613 634
614 608
614 609
614 615
614 972
614 955
614 959
615 616
615 609
615 972
615 614
616 609
616 963
616 971
616 615
617 513
617 545
617 611
617 520
617 618
617 631
617 538
618 513
618 520
618 617
618 636
618 542
619 612
619 580
619 645
619 564
619 637
619 606
619 639
620 644
620 525
620 528
620 624
620 630
620 539
621 643
621 526
621 527
621 625
621 629
621 540
622 640
622 579
622 613
622 588
622 623
622 634
622 638
623 640
623 611
623 588
623 622
623 631
623 575
624 514
624 644
624 646
624 620
624 528
624 606
625 643
625 515
625 647
625 621
625 527
625 607
626 640
626 545
626 594
626 531
626 631
626 635
627 577
627 593
627 628
627 633
627 634
628 593
628 595
628 627
628 634
628 602
628 635
628 638
629 642
629 643
629 549
629 550
629 621
629 540
630 642
630 644
630 550
630 551
630 620
630 539
631 640
631 545
631 611
631 617
631 623
631 626
632 544
632 523
632 636
632 541
632 542
632 543
633 577
633 612
633 613
633 627
633 634
633 637
634 613
634 622
634 627
634 628
634 633
634 638
635 640
635 626
635 594
635 628
635 602
635 638
636 544
636 520
636 618
636 632
636 542
637 577
637 578
637 641
637 612
637 645
637 619
637 633
638 640
638 622
638 628
638 634
638 635
639 646
639 619
639 645
639 606
640 622
640 623
640 626
640 631
640 635
640 638
641 576
641 578
641 645
641 647
641 649
641 637
641 607
642 643
642 644
642 550
642 648
642 629
642 630
643 642
643 647
643 648
643 621
643 625
643 629
644 642
644 646
644 648
644 620
644 624
644 630
645 641
645 646
645 649
645 619
645 637
645 639
646 644
646 645
646 648
646 649
646 624
646 606
646 639
647 641
647 643
647 648
647 649
647 625
647 607
648 642
648 643
648 644
648 646
648 647
648 649
649 641
649 645
649 646
649 647
649 648
650 651
650 652
650 653
650 654
650 664
651 677
651 650
651 652
651 653
651 656
651 657
652 650
652 651
652 654
652 655
652 656
652 658
653 677
653 650
653 651
653 664
653 665
654 673
654 678
654 650
654 652
654 655
654 664
655 673
655 658
655 652
655 654
656 992
656 651
656 652
656 657
656 658
656 663
657 992
657 677
657 806
657 651
657 656
658 673
658 298
658 652
658 655
658 656
658 663
658 670
659 660
659 661
659 374
659 375
659 990
660 992
660 659
660 661
660 662
660 663
660 375
661 299
661 659
661 660
661 662
661 314
661 990
661 991
662 299
662 660
662 661
662 663
662 670
663 992
663 656
663 658
663 660
663 662
663 670
664 672
664 678
664 650
664 653
664 654
664 665
664 666
665 386
665 677
665 653
665 687
665 664
665 666
665 667
666 672
666 664
666 665
666 667
666 668
666 671
667 687
667 665
667 666
667 668
667 669
668 674
668 676
668 666
668 667
668 669
668 671
669 674
669 675
669 686
669 687
669 667
669 668
670 298
670 299
670 658
670 662
670 663
671 672
671 676
671 679
671 666
671 698
671 668
672 678
672 679
672 664
672 666
672 671
673 678
673 679
673 298
673 684
673 685
673 654
673 655
673 658
674 675
674 676
674 680
674 668
674 669
675 674
675 680
675 681
675 686
675 669
676 674
676 680
676 682
676 698
676 668
676 671
677 386
677 388
677 806
677 651
677 653
677 657
677 665
678 672
678 673
678 679
678 654
678 664
679 672
679 673
679 678
679 685
679 697
679 698
679 671
680 674
680 675
680 676
680 681
680 682
680 690
681 675
681 680
681 686
681 718
681 690
681 693
682 676
682 680
682 690
682 698
682 699
682 701
683 704
683 313
683 703
683 311
684 673
684 322
684 770
684 771
684 298
684 300
684 685
685 673
685 770
685 679
685 684
685 697
686 675
686 681
686 395
686 811
686 718
686 687
686 669
687 386
687 395
687 686
687 665
687 667
687 669
688 325
688 711
688 717
688 689
688 700
688 317
689 334
689 335
689 688
689 700
689 317
689 318
690 680
690 681
690 682
690 691
690 692
690 693
690 701
691 706
691 718
691 690
691 692
691 693
691 756
692 705
692 706
692 690
692 691
692 701
693 681
693 690
693 691
693 718
694 707
694 709
694 696
694 310
694 695
694 312
695 707
695 708
695 710
695 694
695 312
695 702
696 709
696 712
696 723
696 694
696 310
696 313
697 770
697 679
697 428
697 716
697 685
697 698
698 676
698 679
698 682
698 716
698 697
698 699
698 671
699 737
699 743
699 682
699 716
699 698
699 701
700 717
700 335
700 688
700 689
700 753
700 351
701 705
701 737
701 682
701 719
701 690
701 692
701 699
702 320
702 710
702 724
702 725
702 695
702 312
703 704
703 712
703 683
703 725
703 313
703 734
704 683
704 724
704 725
704 703
705 706
705 751
705 719
705 752
705 692
705 701
706 705
706 752
706 785
706 691
706 692
706 756
707 708
707 709
707 695
707 726
707 694
707 728
708 707
708 710
708 727
708 720
708 726
708 695
709 707
709 747
709 728
709 723
709 694
709 696
710 708
710 734
710 720
710 725
710 695
710 702
711 325
711 717
711 688
711 757
711 761
711 349
712 745
712 723
712 696
712 313
712 734
712 703
713 739
713 997
713 714
713 715
713 721
713 798
714 769
714 738
714 739
714 713
714 715
714 754
714 755
715 998
715 713
715 714
715 1001
715 721
715 754
716 743
716 428
716 783
716 697
716 698
716 699
717 711
717 688
717 753
717 757
717 700
718 681
718 811
718 686
718 691
718 756
718 693
718 822
719 705
719 737
719 751
719 400
719 401
719 786
719 701
720 708
720 710
720 745
720 746
720 727
720 734
721 998
721 999
721 713
721 715
721 722
721 343
721 345
721 798
722 999
722 721
722 343
722 732
722 733
723 709
723 712
723 745
723 747
723 696
723 762
724 320
724 725
724 702
724 704
725 704
725 710
725 734
725 724
725 702
725 703
726 707
726 708
726 748
726 749
726 727
726 728
727 708
727 746
727 748
727 720
727 726
727 766
728 707
728 709
728 747
728 749
728 750
728 726
729 738
729 739
729 996
729 997
729 730
729 731
730 994
730 996
730 809
730 818
730 374
730 729
730 731
731 738
731 818
731 823
731 729
731 730
732 744
732 363
732 722
732 343
732 733
732 735
733 736
733 999
733 722
733 795
733 732
733 735
734 710
734 712
734 745
734 720
734 725
734 703
735 736
735 740
735 742
735 744
735 732
735 733
736 768
736 740
736 741
736 795
736 733
736 735
737 743
737 719
737 786
737 699
737 701
738 769
738 739
738 714
738 823
738 824
738 729
738 731
739 738
739 997
739 713
739 714
739 729
740 736
740 741
740 742
740 815
740 433
740 735
741 736
741 768
741 740
741 742
741 777
741 815
741 433
742 740
742 741
742 744
742 777
742 778
742 735
743 737
743 716
743 783
743 786
743 699
743 799
744 742
744 778
744 363
744 779
744 732
744 735
745 712
745 746
745 720
745 723
745 762
745 734
746 745
746 780
746 720
746 727
746 762
746 766
747 709
747 750
747 723
747 728
747 762
747 767
748 749
748 781
748 726
748 727
748 763
748 766
749 748
749 750
749 726
749 728
749 763
749 764
750 747
750 749
750 728
750 764
750 765
750 767
751 705
751 389
751 391
751 719
751 752
751 401
752 705
752 706
752 389
752 751
752 785
752 376
752 378
753 420
753 717
753 757
753 790
753 700
753 351
754 773
754 1000
754 1001
754 714
754 715
754 755
755 769
755 803
755 772
755 773
755 714
755 754
755 787
756 706
756 718
756 785
756 691
756 822
756 826
756 828
757 711
757 717
757 753
757 790
757 791
757 761
758 354
758 323
758 356
758 802
758 804
758 805
758 816
758 759
759 993
759 354
759 323
759 995
759 758
759 314
759 798
760 354
760 355
760 344
760 345
760 798
761 711
761 784
761 757
761 791
761 349
762 745
762 746
762 747
762 780
762 723
762 767
763 774
763 775
763 748
763 749
763 781
763 764
764 774
764 776
764 749
764 750
764 763
764 765
765 776
765 782
765 750
765 789
765 764
765 767
766 746
766 748
766 781
766 780
766 727
766 792
767 747
767 780
767 750
767 782
767 762
767 765
768 736
768 741
768 808
768 777
768 795
768 797
769 738
769 714
769 787
769 755
769 824
769 827
770 771
770 684
770 428
770 685
770 430
770 697
771 770
771 322
771 684
771 430
771 817
771 825
772 803
772 773
772 812
772 755
772 793
772 794
773 772
773 1000
773 1002
773 754
773 755
773 793
774 355
774 356
774 775
774 776
774 344
774 763
774 764
775 802
775 356
775 774
775 781
775 788
775 763
776 800
776 774
776 789
776 344
776 764
776 765
777 768
777 741
777 742
777 808
777 778
777 815
777 433
777 831
778 835
778 742
778 744
778 777
778 779
778 831
779 835
779 837
779 744
779 778
779 363
779 364
780 746
780 782
780 792
780 762
780 766
780 767
781 775
781 748
781 788
781 792
781 763
781 766
782 810
782 780
782 789
782 792
782 765
782 767
783 743
783 428
783 716
783 429
783 468
783 799
784 423
784 813
784 791
784 761
784 349
784 350
785 706
785 752
785 756
785 378
785 828
786 737
786 743
786 719
786 400
786 467
786 799
787 769
787 803
787 755
787 827
787 829
788 802
788 775
788 810
788 781
788 820
788 792
789 800
789 776
789 810
789 782
789 820
789 765
790 420
790 421
790 753
790 757
790 791
791 421
791 813
791 784
791 757
791 790
791 761
792 810
792 780
792 781
792 782
792 788
792 766
793 772
793 773
793 1002
793 1003
793 1004
793 1005
793 794
794 772
794 812
794 1005
794 1006
794 793
795 736
795 768
795 999
795 733
795 796
795 797
796 999
796 1001
796 437
796 795
796 797
797 768
797 808
797 434
797 437
797 795
797 796
798 354
798 995
798 997
798 713
798 721
798 759
798 760
798 345
799 743
799 783
799 465
799 786
799 467
799 468
800 801
800 776
800 819
800 820
800 789
800 821
800 344
801 800
801 364
801 814
801 819
801 344
802 356
802 804
802 775
802 788
802 820
802 758
803 833
803 834
803 772
803 812
803 787
803 755
803 829
804 802
804 805
804 840
804 874
804 875
804 820
804 758
804 476
805 816
805 874
805 804
805 758
806 992
806 388
806 677
806 807
806 657
806 373
806 375
807 806
807 388
807 373
807 574
808 768
808 777
808 434
808 436
808 797
808 831
809 590
809 818
809 883
809 373
809 374
809 730
810 782
810 788
810 789
810 820
810 792
811 867
811 873
811 395
811 718
811 686
811 822
812 834
812 803
812 772
812 456
812 1006
812 794
813 421
813 422
813 423
813 784
813 791
814 801
814 836
814 837
814 460
814 364
814 819
815 740
815 453
815 741
815 777
815 432
815 433
815 831
816 322
816 323
816 805
816 869
816 874
816 876
816 817
816 758
817 322
817 771
817 869
817 816
817 825
817 859
818 809
818 590
818 591
818 823
818 730
818 731
819 800
819 801
819 459
819 460
819 814
819 821
820 800
820 802
820 804
820 839
820 840
820 810
820 788
820 789
820 821
821 800
821 839
821 459
821 819
821 820
822 867
822 811
822 718
822 756
822 826
822 858
823 738
823 591
823 818
823 824
823 731
823 862
824 769
824 738
824 854
824 823
824 827
824 862
825 817
825 859
825 771
825 430
826 858
826 756
826 822
826 828
827 769
827 787
827 853
827 854
827 824
827 829
828 378
828 785
828 849
828 756
828 852
828 826
828 858
828 830
829 833
829 803
829 850
829 787
829 853
829 827
830 844
830 849
830 403
830 378
830 443
830 828
831 832
831 835
831 453
831 808
831 777
831 778
831 815
831 431
831 433
831 436
832 835
832 453
832 838
832 847
832 848
832 431
832 436
832 831
833 850
833 834
833 803
833 829
834 833
834 803
834 456
834 812
834 850
834 499
835 832
835 836
835 837
835 838
835 778
835 779
835 831
836 835
836 837
836 838
836 460
836 462
836 814
836 847
836 1008
837 835
837 836
837 779
837 364
837 814
838 832
838 835
838 836
838 847
839 840
839 459
839 820
839 821
839 474
839 476
840 476
840 820
840 804
840 839
841 845
841 1007
841 438
841 439
841 445
841 447
842 454
842 553
842 587
842 556
842 431
842 432
842 848
843 865
843 457
843 844
843 442
843 444
844 865
844 871
844 843
844 849
844 442
844 443
844 830
845 841
845 1007
845 1009
845 885
845 438
845 479
846 868
846 870
846 458
846 467
846 469
846 440
846 861
847 832
847 546
847 548
847 836
847 838
847 848
847 1008
848 832
848 546
848 453
848 454
848 553
848 842
848 847
848 464
848 431
848 436
849 900
849 871
849 844
849 881
849 852
849 828
849 830
850 833
850 834
850 907
850 499
850 853
850 886
850 829
851 429
851 909
851 466
851 468
851 855
851 857
852 900
852 849
852 858
852 828
852 895
853 907
853 850
853 854
853 827
853 829
854 907
854 853
854 919
854 824
854 827
854 862
855 872
855 909
855 466
855 851
855 469
855 923
856 864
856 898
856 508
856 500
856 470
856 892
857 429
857 430
857 909
857 851
857 860
857 925
858 896
858 867
858 852
858 822
858 826
858 828
858 895
859 869
859 430
859 817
859 884
859 825
859 860
860 938
860 430
860 884
860 857
860 859
860 925
861 868
861 872
861 940
861 846
861 915
861 469
861 889
862 589
862 591
862 919
862 561
862 854
862 823
862 824
863 480
863 517
863 905
863 568
863 501
863 472
864 906
864 882
864 470
864 503
864 856
864 892
865 866
865 871
865 457
865 843
865 844
865 881
865 890
866 865
866 870
866 457
866 458
866 890
867 896
867 902
867 903
867 873
867 811
867 822
867 858
868 870
868 915
868 861
868 846
869 904
869 876
869 816
869 817
869 884
869 859
870 866
870 868
870 458
870 846
870 915
870 890
871 849
871 865
871 844
871 881
872 469
872 855
872 889
872 923
872 861
873 867
873 903
873 970
873 811
873 395
873 939
873 887
874 804
874 805
874 901
874 875
874 876
874 816
874 536
874 537
875 804
875 901
875 874
875 908
875 877
875 476
876 960
876 869
876 904
876 874
876 816
876 537
877 897
877 875
877 908
877 878
877 476
877 894
878 877
878 880
878 476
878 893
878 894
879 557
879 885
879 567
879 478
879 479
880 878
880 917
880 534
880 475
880 476
880 893
881 865
881 900
881 871
881 849
881 890
882 864
882 906
882 559
882 533
882 503
882 504
883 582
883 809
883 590
883 910
883 974
883 373
883 573
884 869
884 966
884 904
884 938
884 948
884 859
884 860
885 845
885 879
885 1009
885 1012
885 1013
885 567
885 920
885 479
886 907
886 498
886 499
886 850
886 1011
886 1014
887 873
887 395
887 939
887 975
887 977
887 888
888 387
888 388
888 395
888 975
888 887
888 891
889 872
889 940
889 921
889 922
889 923
889 956
889 861
890 865
890 866
890 900
890 870
890 881
890 915
891 388
891 975
891 976
891 888
891 1016
891 987
891 574
892 864
892 898
892 906
892 941
892 856
892 604
893 878
893 880
893 913
893 912
893 917
893 894
894 897
894 877
894 878
894 912
894 914
894 893
895 896
895 900
895 940
895 852
895 858
895 922
896 867
896 902
896 921
896 858
896 922
896 895
897 908
897 877
897 914
897 918
897 894
897 927
898 892
898 529
898 598
898 856
898 508
898 604
899 480
899 600
899 530
899 568
899 569
899 509
900 940
900 849
900 881
900 915
900 852
900 890
900 895
901 874
901 875
901 522
901 554
901 908
901 536
902 896
902 921
902 867
902 903
903 867
903 902
903 873
903 970
903 973
903 921
904 960
904 869
904 876
904 884
904 948
904 980
904 981
905 517
905 568
905 570
905 924
905 863
906 864
906 941
906 559
906 882
906 892
907 919
907 850
907 1012
907 853
907 854
907 886
907 1014
908 897
908 901
908 934
908 554
908 875
908 877
908 918
909 931
909 851
909 855
909 857
909 923
909 925
910 974
910 590
910 911
910 978
910 883
910 979
911 589
911 590
911 910
911 562
911 979
912 928
912 930
912 913
912 914
912 893
912 894
913 928
913 929
913 912
913 917
913 893
913 926
914 897
914 930
914 943
914 912
914 894
914 927
915 900
915 868
915 870
915 940
915 890
915 861
916 535
916 585
916 563
916 949
916 1013
916 567
916 920
916 571
917 934
917 880
917 913
917 534
917 893
917 926
918 897
918 934
918 908
918 944
918 927
919 907
919 561
919 563
919 1012
919 1013
919 854
919 862
920 1013
920 916
920 885
920 567
921 896
921 902
921 903
921 973
921 889
921 922
921 956
922 896
922 940
922 921
922 889
922 895
923 931
923 872
923 909
923 855
923 889
923 956
924 517
924 905
924 532
924 596
924 599
924 570
925 931
925 932
925 938
925 909
925 857
925 860
926 929
926 934
926 942
926 944
926 913
926 917
927 897
927 943
927 944
927 914
927 918
927 950
928 929
928 930
928 912
928 913
928 946
928 947
929 928
929 942
929 913
929 945
929 946
929 926
930 928
930 943
930 912
930 914
930 947
930 952
931 932
931 933
931 937
931 909
931 923
931 956
931 925
932 931
932 933
932 966
932 935
932 936
932 938
932 925
933 931
933 932
933 935
933 937
933 984
933 985
934 554
934 908
934 944
934 917
934 918
934 534
934 926
935 932
935 933
935 936
935 983
935 984
936 932
936 966
936 935
936 968
936 983
937 931
937 933
937 973
937 982
937 985
937 956
938 932
938 966
938 884
938 860
938 925
939 873
939 970
939 977
939 982
939 887
939 985
940 900
940 915
940 889
940 922
940 861
940 895
941 906
941 559
941 592
941 603
941 892
941 604
942 929
942 944
942 945
942 950
942 951
942 926
943 961
943 930
943 914
943 950
943 952
943 927
944 934
944 942
944 918
944 950
944 926
944 927
945 929
945 942
945 946
945 951
945 953
945 954
946 928
946 929
946 945
946 947
946 954
946 955
947 928
947 608
947 930
947 946
947 952
947 955
948 966
948 967
948 904
948 884
948 981
949 585
949 521
949 491
949 916
949 535
950 961
950 942
950 943
950 944
950 951
950 927
951 961
951 965
951 942
951 945
951 950
951 953
952 608
952 961
952 930
952 610
952 943
952 947
953 965
953 945
953 951
953 954
953 957
953 958
954 945
954 946
954 953
954 955
954 957
954 959
955 608
955 614
955 946
955 947
955 954
955 959
956 931
956 937
956 973
956 889
956 921
956 923
957 962
957 964
957 953
957 954
957 958
957 959
958 962
958 963
958 965
958 971
958 953
958 957
959 964
959 614
959 972
959 954
959 955
959 957
960 904
960 876
960 978
960 980
960 1015
960 537
960 1017
961 610
961 965
961 943
961 950
961 951
961 952
962 963
962 964
962 957
962 958
963 616
963 962
963 971
963 958
964 962
964 972
964 957
964 959
965 961
965 610
965 971
965 951
965 953
965 958
966 932
966 967
966 936
966 968
966 938
966 969
966 884
966 948
967 966
967 969
967 948
967 981
967 1019
967 988
967 989
968 966
968 936
968 969
968 983
968 986
968 988
969 968
969 988
969 966
969 967
970 903
970 873
970 939
970 973
970 982
971 609
971 610
971 963
971 965
971 616
971 958
972 964
972 615
972 614
972 959
973 903
973 937
973 970
973 982
973 921
973 956
974 582
974 910
974 978
974 883
974 1015
974 1017
975 976
975 977
975 983
975 984
975 887
975 888
975 891
976 987
976 975
976 983
976 986
976 891
977 939
977 975
977 887
977 984
977 985
978 960
978 974
978 910
978 979
978 1015
978 537
979 910
979 911
979 978
979 562
979 535
979 537
980 960
980 904
980 981
980 1017
980 1018
981 967
981 904
981 980
981 948
981 1018
981 1019
982 937
982 970
982 939
982 973
982 985
983 935
983 936
983 968
983 975
983 976
983 984
983 986
984 933
984 935
984 975
984 977
984 983
984 985
985 933
985 937
985 939
985 977
985 982
985 984
986 968
986 976
986 983
986 987
986 988
987 976
987 1016
987 986
987 891
987 988
987 989
988 967
988 968
988 969
988 986
988 987
988 989
989 1019
989 967
989 1016
989 987
989 988
989 572
990 993
990 994
990 659
990 661
990 374
990 991
991 993
991 314
991 661
991 990
992 806
992 656
992 657
992 660
992 663
992 375
993 994
993 995
993 759
993 314
993 990
993 991
994 993
994 995
994 996
994 374
994 730
994 990
995 993
995 994
995 996
995 997
995 759
995 798
996 994
996 995
996 997
996 729
996 730
997 995
997 996
997 739
997 713
997 729
997 798
998 721
998 715
998 1001
998 999
999 998
999 1001
999 721
999 722
999 795
999 796
999 733
1000 773
1000 1001
1000 1002
1000 754
1000 439
1000 445
1001 998
1001 999
1001 1000
1001 715
1001 754
1001 437
1001 439
1001 796
1002 773
1002 1000
1002 1003
1002 793
1002 445
1003 448
1003 1002
1003 1004
1003 793
1003 445
1004 448
1004 449
1004 1003
1004 1005
1004 793
1005 449
1005 1004
1005 1006
1005 793
1005 794
1006 449
1006 451
1006 456
1006 812
1006 1005
1006 794
1007 452
1007 484
1007 841
1007 845
1007 1009
1007 1010
1007 446
1007 447
1008 548
1008 516
1008 836
1008 462
1008 847
1009 845
1009 1007
1009 1010
1009 1012
1009 885
1009 1014
1010 484
1010 1007
1010 1009
1010 1011
1010 1014
1011 483
1011 484
1011 486
1011 498
1011 1010
1011 886
1011 1014
1012 907
1012 919
1012 1009
1012 885
1012 1013
1012 1014
1013 563
1013 916
1013 1012
1013 885
1013 919
1013 920
1014 907
1014 1009
1014 1010
1014 1011
1014 1012
1014 886
1015 960
1015 1017
1015 978
1015 974
1016 987
1016 891
1016 572
1016 989
1016 574
1017 960
1017 581
1017 582
1017 974
1017 980
1017 1015
1017 1018
1018 581
1018 980
1018 981
1018 1017
1018 1019
1019 581
1019 967
1019 981
1019 1018
1019 572
1019 989
