0 1
0 2
0 26
0 27
0 188
0 339
1 0
1 2
1 6
1 7
1 8
1 15
1 16
1 26
1 188
1 189
2 0
2 1
2 7
2 8
2 188
2 189
2 197
2 339
3 4
3 5
3 19
3 23
3 25
3 199
3 358
4 3
4 5
4 9
4 10
4 11
4 19
4 28
4 192
4 199
4 358
5 3
5 4
5 9
5 10
5 11
5 19
5 23
5 28
5 199
6 1
6 7
6 8
6 15
6 188
6 189
6 343
7 1
7 2
7 6
7 8
7 15
7 16
7 189
7 343
8 1
8 2
8 6
8 7
8 15
8 16
8 188
8 189
9 4
9 5
9 10
9 11
9 14
9 192
9 193
9 362
10 4
10 5
10 9
10 11
10 19
10 28
10 192
10 199
10 358
11 4
11 5
11 9
11 10
11 14
11 19
11 28
11 192
12 13
12 190
12 318
12 319
12 343
12 346
13 12
13 190
13 197
13 316
13 318
13 319
13 343
14 9
14 11
14 193
14 200
14 323
14 362
15 1
15 6
15 7
15 8
15 16
15 26
15 27
15 188
15 189
16 1
16 7
16 8
16 15
16 26
17 21
17 22
17 340
18 20
18 24
18 359
19 3
19 4
19 5
19 10
19 11
19 23
19 28
20 18
20 24
20 359
21 17
21 22
21 340
22 17
22 21
22 340
23 3
23 5
23 19
23 25
23 28
24 18
24 20
24 359
25 3
25 23
25 28
25 199
25 358
26 0
26 1
26 15
26 16
26 27
26 339
27 0
27 15
27 26
27 188
28 4
28 5
28 10
28 11
28 19
28 23
28 25
28 199
28 358
29 1203
31 47
31 444
31 1179
32 66
32 69
33 50
33 695
35 37
35 38
36 59
36 60
36 63
37 35
37 48
37 51
37 52
37 65
38 35
38 49
38 51
38 53
38 471
39 43
39 45
39 80
39 1087
39 1091
39 1099
39 1108
39 1110
40 42
40 230
40 832
40 1089
40 1092
40 1151
40 1154
41 1089
41 1091
41 1092
41 1093
41 1094
41 1095
41 1098
41 1099
41 1108
41 1151
42 40
42 46
42 1090
42 1151
42 1152
42 1154
43 39
43 80
43 1082
43 1083
43 1084
43 1087
44 46
44 70
44 1083
44 1084
44 1085
44 1110
45 39
45 221
45 1084
45 1086
45 1087
45 1091
45 1108
46 42
46 44
46 1083
46 1085
47 31
48 37
48 52
48 65
48 440
49 38
49 53
49 471
49 696
50 33
51 37
51 38
51 52
51 53
52 37
52 48
52 51
52 65
53 38
53 49
53 51
53 471
54 55
54 57
54 62
55 54
55 57
55 58
55 62
55 64
55 68
56 58
56 68
56 308
56 470
56 523
56 547
56 550
57 54
57 55
57 64
57 68
57 685
58 55
58 56
58 64
58 68
58 663
58 666
59 36
59 60
59 61
60 36
60 59
60 63
61 59
61 438
62 54
62 55
62 404
62 417
63 36
63 60
63 707
64 55
64 57
64 58
64 68
64 666
64 685
64 686
65 37
65 48
65 52
65 440
66 32
66 69
67 820
67 823
67 976
68 55
68 56
68 57
68 58
68 64
68 663
69 32
69 66
69 710
70 44
70 80
70 1097
70 1099
70 1104
70 1110
70 1152
70 1153
71 631
71 108
71 79
71 73
71 167
71 82
71 81
71 138
71 168
71 87
72 82
72 79
72 81
72 304
72 333
72 71
72 328
72 334
72 112
72 326
73 71
73 124
73 136
73 137
73 138
73 150
73 256
73 257
73 626
74 502
74 118
74 121
74 116
74 166
74 488
74 165
74 499
74 98
74 130
75 74
75 106
75 78
75 489
75 101
75 84
75 495
75 507
75 89
75 120
76 135
76 565
76 122
76 133
76 134
76 165
76 74
76 78
76 562
76 507
77 84
77 490
77 103
77 85
77 98
77 90
77 100
77 494
77 489
77 89
78 505
78 507
78 89
78 565
78 141
78 572
78 75
78 103
78 134
78 508
79 83
79 142
79 72
79 396
79 87
79 395
79 94
79 631
79 627
79 108
80 39
80 43
80 70
80 1084
80 1099
80 1106
80 1110
80 1153
81 79
81 335
81 112
81 332
81 71
81 330
81 119
81 376
81 83
81 113
82 109
82 94
82 325
82 168
82 335
82 326
82 304
82 330
82 328
82 83
83 131
83 325
83 304
83 330
83 167
83 82
83 110
83 376
83 92
83 87
84 89
84 100
84 565
84 562
84 566
84 499
84 490
84 103
84 97
84 102
85 566
85 106
85 488
85 102
85 95
85 84
85 495
85 89
85 496
85 77
86 103
86 499
86 77
86 78
86 75
86 566
86 95
86 105
86 494
86 97
87 123
87 330
87 114
87 631
87 91
87 334
87 131
87 632
87 169
87 304
88 110
88 127
88 132
88 108
88 328
88 91
88 83
88 112
88 304
88 329
89 116
89 95
89 98
89 507
89 493
89 84
89 96
89 488
89 512
89 492
90 121
90 116
90 125
90 100
90 493
90 77
90 126
90 98
90 97
90 130
91 113
91 127
91 82
91 112
91 167
91 123
91 257
91 92
91 334
91 119
92 88
92 113
92 168
92 131
92 333
92 93
92 87
92 111
92 82
92 150
93 111
93 376
93 92
93 91
93 79
93 107
93 114
93 329
93 87
93 325
94 112
94 81
94 333
94 123
94 114
94 109
94 167
94 91
94 304
94 124
95 117
95 512
95 116
95 105
95 122
95 499
95 106
95 490
95 90
95 125
96 566
96 499
96 130
96 74
96 103
96 86
96 77
96 78
96 120
96 100
97 490
97 565
97 98
97 105
97 126
97 74
97 84
97 512
97 125
97 121
98 78
98 118
98 116
98 89
98 117
98 97
98 96
98 84
98 90
98 493
99 100
99 490
99 96
99 85
99 489
99 101
99 499
99 576
99 491
99 90
100 77
100 95
100 103
100 86
100 96
100 102
100 89
100 494
100 495
100 97
101 104
101 492
101 489
101 490
101 491
101 77
101 575
101 494
101 85
101 496
102 493
102 96
102 497
102 106
102 85
102 104
102 501
102 120
102 100
102 499
103 126
103 117
103 74
103 100
103 499
103 512
103 89
103 90
103 75
103 102
104 494
104 495
104 100
104 96
104 496
104 90
104 492
104 105
104 493
104 491
105 120
105 126
105 512
105 493
105 495
105 499
105 95
105 85
105 75
105 497
106 165
106 499
106 105
106 90
106 501
106 74
106 102
106 122
106 500
106 85
107 81
107 88
107 327
107 329
107 87
107 83
107 333
107 328
107 632
107 149
108 83
108 82
108 87
108 326
108 91
108 109
108 81
108 71
108 330
108 88
109 111
109 93
109 92
109 113
109 88
109 376
109 87
109 621
109 394
109 327
110 304
110 94
110 631
110 334
110 108
110 112
110 328
110 377
110 149
110 326
111 132
111 112
111 131
111 150
111 304
111 81
111 128
111 149
111 123
111 169
112 127
112 128
112 92
112 87
112 93
112 333
112 394
112 631
112 82
112 393
113 394
113 132
113 383
113 93
113 83
113 110
113 119
113 127
113 131
113 304
114 92
114 87
114 112
114 378
114 393
114 150
114 111
114 115
114 88
114 123
115 394
115 330
115 376
115 123
115 127
115 150
115 333
115 383
115 393
115 623
116 106
116 494
116 500
116 117
116 503
116 118
116 498
116 502
116 89
116 85
117 104
117 85
117 504
117 166
117 116
117 97
117 498
117 494
117 129
117 501
118 125
118 500
118 502
118 105
118 498
118 166
118 121
118 122
118 573
118 95
119 88
119 81
119 92
119 83
119 124
119 169
119 111
119 112
119 91
119 376
120 118
120 125
120 503
120 488
120 90
120 166
120 75
120 74
120 130
120 496
121 504
121 126
121 74
121 565
121 106
121 166
121 103
121 165
121 512
121 90
122 502
122 498
122 134
122 129
122 90
122 166
122 97
122 125
122 120
122 95
123 150
123 394
123 83
123 110
123 127
123 92
123 376
123 131
123 393
123 124
124 131
124 304
124 110
124 92
124 383
124 115
124 112
124 132
124 123
124 150
125 166
125 98
125 496
125 130
125 120
125 129
125 126
125 573
125 121
125 96
126 496
126 116
126 130
126 122
126 166
126 118
126 502
126 96
126 117
126 498
127 128
127 131
127 132
127 88
127 91
127 334
127 115
127 333
127 112
127 92
128 113
128 114
128 112
128 111
128 115
128 376
128 624
128 94
128 127
128 131
129 501
129 106
129 503
129 504
129 499
129 118
129 105
129 130
129 494
129 496
130 488
130 497
130 90
130 575
130 98
130 500
130 117
130 89
130 104
130 573
131 94
131 128
131 377
131 115
131 330
131 333
131 109
131 110
131 82
131 112
132 335
132 333
132 124
132 110
132 623
132 377
132 334
132 624
132 128
132 304
133 146
133 568
133 135
133 265
133 134
133 560
133 76
133 563
133 567
133 258
134 133
134 562
134 165
134 76
134 258
134 507
134 74
134 135
134 565
134 122
135 133
135 78
135 567
135 563
135 505
135 134
135 507
135 258
135 141
135 146
136 211
136 581
136 630
136 625
136 256
136 73
136 264
136 257
136 137
136 626
137 143
137 73
137 581
137 136
137 71
137 256
137 397
137 138
137 582
137 257
138 71
138 137
138 124
138 94
138 257
138 150
138 626
138 169
138 73
138 136
139 505
139 506
139 561
139 572
139 563
139 78
139 508
139 141
139 507
139 569
140 506
140 507
140 562
140 505
140 246
140 146
140 139
140 265
140 508
140 250
141 78
141 140
141 506
141 505
141 146
141 135
141 562
141 139
141 561
141 563
142 397
142 583
142 256
142 630
142 148
142 628
142 147
142 143
142 266
142 144
143 628
143 396
143 629
143 395
143 144
143 398
143 147
143 142
143 137
143 627
144 266
144 160
144 142
144 260
144 143
144 210
144 148
144 627
144 256
144 396
145 208
145 569
145 152
145 571
145 153
145 140
145 570
145 209
145 568
145 146
146 145
146 561
146 152
146 570
146 505
146 141
146 133
146 568
146 208
146 564
147 260
147 148
147 581
147 625
147 162
147 397
147 142
147 160
147 210
147 398
148 395
148 582
148 161
148 597
148 583
148 147
148 629
148 625
148 398
148 396
149 325
149 109
149 168
149 81
149 622
149 88
149 82
149 115
149 378
149 132
150 377
150 124
150 91
150 114
150 376
150 110
150 378
150 88
150 383
150 113
151 208
151 255
151 267
151 251
151 250
151 152
151 570
151 263
151 560
151 246
152 567
152 208
152 246
152 255
152 250
152 151
152 262
152 157
152 146
152 153
153 255
153 267
153 560
153 209
153 251
153 245
153 571
153 250
153 163
153 517
154 259
154 242
154 244
154 410
154 264
154 266
154 625
154 156
154 164
154 582
155 156
155 410
155 625
155 243
155 261
155 626
155 266
155 581
155 597
155 244
156 160
156 162
156 581
156 164
156 582
156 626
156 243
156 625
156 264
156 242
157 158
157 209
157 267
157 247
157 245
157 265
157 571
157 208
157 560
157 151
158 267
158 560
158 568
158 250
158 564
158 163
158 571
158 159
158 208
158 152
159 568
159 567
159 246
159 247
159 152
159 153
159 245
159 265
159 564
159 151
160 161
160 266
160 156
160 211
160 144
160 164
160 260
160 148
160 162
160 210
161 148
161 264
161 248
161 629
161 628
161 156
161 162
161 164
161 244
161 597
162 628
162 156
162 597
162 161
162 266
162 264
162 248
162 244
162 260
162 147
163 151
163 209
163 152
163 570
163 560
163 391
163 247
163 571
163 517
163 157
164 597
164 210
164 410
164 248
164 628
164 214
164 156
164 213
164 161
164 154
165 96
165 565
165 85
165 566
165 97
165 103
165 166
165 89
165 95
165 125
166 566
166 103
166 96
166 120
166 90
166 565
166 126
166 97
166 118
166 512
167 71
167 168
167 81
167 108
167 92
167 79
167 257
167 631
167 88
167 169
168 304
168 113
168 328
168 93
168 376
168 327
168 632
168 88
168 92
168 111
169 81
169 92
169 376
169 394
169 94
169 383
169 167
169 91
169 168
169 127
170 172
170 222
170 384
170 386
170 527
170 553
170 554
170 555
171 223
171 521
171 522
171 527
171 528
171 529
171 539
171 540
171 559
172 170
172 222
172 384
172 386
172 527
172 553
172 554
172 555
172 557
173 174
173 175
173 224
173 602
173 604
173 641
173 654
174 173
174 175
174 464
174 466
174 600
174 601
174 602
174 604
174 606
174 654
175 173
175 174
175 225
175 466
175 604
175 646
175 647
175 652
175 653
175 654
176 177
176 178
176 424
176 432
176 436
176 437
176 509
176 511
176 524
176 525
177 176
177 178
177 424
177 432
177 436
177 437
177 509
177 511
177 524
177 525
178 416
178 436
178 511
178 509
178 432
178 526
178 1202
178 414
178 452
178 580
179 608
179 473
179 607
179 706
179 181
179 701
179 700
179 975
179 1040
179 676
180 179
180 181
180 472
180 473
180 607
180 608
180 700
181 179
181 180
181 472
181 473
181 607
181 608
181 700
182 183
182 316
182 353
182 345
182 344
182 1213
182 348
182 317
182 347
182 349
183 182
183 370
183 1197
183 345
183 348
183 349
183 1213
183 350
183 184
183 1221
184 182
184 183
184 347
184 353
184 370
184 753
184 793
184 1197
184 1224
184 1225
185 186
185 768
185 187
185 687
185 688
185 321
185 371
185 764
185 766
185 366
186 365
186 752
186 757
186 691
186 366
186 764
186 793
186 687
186 688
186 363
187 366
187 370
187 371
187 748
187 324
187 185
187 365
187 320
187 186
187 321
188 0
188 1
188 2
188 6
188 8
188 15
188 27
188 189
188 339
189 1
189 2
189 6
189 7
189 8
189 15
189 188
189 339
190 12
190 13
190 197
190 343
191 198
191 317
191 345
191 346
192 4
192 9
192 10
192 11
192 193
192 199
192 200
192 358
193 9
193 14
193 192
193 194
193 323
193 362
194 193
194 196
194 200
194 322
194 362
195 196
195 320
195 321
195 322
195 323
196 194
196 195
196 201
197 2
197 13
197 190
197 318
197 343
198 191
198 315
198 316
198 318
199 3
199 4
199 5
199 10
199 25
199 28
199 192
199 358
200 14
200 192
200 194
200 322
200 362
201 196
201 321
201 322
201 323
201 324
202 203
202 204
202 399
202 402
202 433
202 434
202 442
202 458
202 459
203 202
203 204
203 216
203 271
203 433
203 434
203 442
203 458
203 459
203 834
204 437
204 834
204 459
204 434
204 216
204 442
204 203
204 271
204 835
204 215
205 206
205 207
205 218
205 219
205 220
205 270
205 678
205 704
205 705
206 205
206 207
206 591
206 596
206 677
206 678
206 683
206 703
206 704
207 205
207 206
207 218
207 220
207 591
207 596
207 703
207 704
207 705
208 159
208 267
208 163
208 564
208 571
208 209
208 146
208 262
208 151
208 153
209 152
209 262
209 570
209 267
209 571
209 391
209 265
209 157
209 250
209 163
210 583
210 147
210 582
210 161
210 260
210 155
210 261
210 264
210 162
210 628
211 628
211 581
211 244
211 260
211 147
211 160
211 154
211 261
211 148
211 156
212 163
212 255
212 389
212 391
212 517
213 164
213 214
213 410
213 586
214 164
214 213
214 248
214 249
214 465
214 586
215 204
215 216
215 217
215 273
215 422
215 425
215 433
215 434
215 437
215 835
216 203
216 204
216 215
216 273
216 425
216 433
216 434
216 437
216 834
216 835
217 215
217 271
217 272
217 273
217 275
217 276
217 422
217 425
217 460
218 205
218 207
218 219
218 220
218 270
218 701
218 704
218 705
218 706
218 797
219 205
219 218
219 268
219 269
219 270
219 274
219 698
219 701
219 705
219 715
220 205
220 207
220 218
220 701
220 704
220 705
220 706
220 797
220 1040
220 1041
221 45
221 832
221 1086
221 1087
221 1091
221 1108
222 170
222 172
222 553
223 171
223 241
223 528
223 535
223 559
224 173
224 641
225 175
225 237
225 645
225 646
225 654
226 311
226 314
226 375
226 374
226 373
226 234
226 232
226 305
226 413
226 313
227 305
227 306
227 307
227 551
228 233
228 235
228 236
228 237
228 312
228 375
228 640
228 644
229 309
229 640
229 660
230 40
230 832
230 1085
230 1086
231 238
231 233
231 657
231 543
231 411
231 303
231 620
231 234
231 656
231 235
232 231
232 314
232 413
232 236
232 411
232 543
232 311
232 373
232 302
232 620
233 640
233 620
233 234
233 311
233 413
233 313
233 314
233 239
233 373
233 235
234 232
234 235
234 375
234 413
234 313
234 312
234 226
234 543
234 233
234 314
235 312
235 232
235 234
235 373
235 302
235 620
235 311
235 413
235 233
235 314
236 228
236 657
236 238
236 302
236 643
236 237
236 231
236 620
236 232
236 656
237 225
237 228
237 236
237 644
237 645
237 646
238 231
238 236
238 587
238 620
238 642
238 643
238 656
238 657
238 664
239 233
239 234
239 375
239 411
239 412
239 544
239 235
239 231
239 285
239 232
240 234
240 239
240 411
240 412
240 413
240 542
240 543
240 544
240 546
241 223
241 226
241 535
241 558
241 559
242 410
242 249
242 244
242 248
242 243
242 156
242 155
242 259
242 154
242 463
243 164
243 261
243 249
243 156
243 242
243 244
243 597
243 211
243 155
243 586
244 161
244 156
244 597
244 249
244 256
244 155
244 154
244 266
244 211
244 260
245 251
245 159
245 247
245 158
245 517
245 153
245 151
245 514
245 255
245 262
246 159
246 140
246 267
246 152
246 157
246 209
246 258
246 265
246 569
246 570
247 251
247 159
247 560
247 262
247 245
247 391
247 389
247 163
247 158
247 209
248 164
248 214
248 260
248 160
248 161
248 162
248 210
248 597
248 242
248 249
249 252
249 463
249 248
249 242
249 410
249 259
249 253
249 244
249 243
249 214
250 140
250 251
250 570
250 255
250 159
250 151
250 263
250 152
250 245
250 265
251 151
251 152
251 153
251 245
251 247
251 250
251 255
251 263
251 514
251 517
252 249
252 253
252 465
252 584
252 599
253 249
253 252
253 463
253 465
253 599
253 651
254 392
254 513
254 514
254 518
254 557
255 151
255 152
255 153
255 163
255 212
255 245
255 250
255 251
255 389
255 517
256 137
256 138
256 631
256 167
256 257
256 630
256 142
256 395
256 396
256 626
257 169
257 150
257 256
257 123
257 124
257 138
257 137
257 119
257 91
257 73
258 267
258 565
258 165
258 166
258 561
258 265
258 133
258 567
258 135
258 76
259 164
259 161
259 261
259 154
259 264
259 210
259 628
259 248
259 597
259 260
260 248
260 259
260 160
260 147
260 156
260 630
260 597
260 629
260 144
260 162
261 581
261 582
261 155
261 626
261 256
261 266
261 210
261 264
261 154
261 597
262 564
262 267
262 158
262 561
262 163
262 567
262 250
262 209
262 571
262 157
263 208
263 157
263 267
263 250
263 151
263 262
263 569
263 140
263 570
263 145
264 211
264 160
264 581
264 259
264 630
264 161
264 260
264 156
264 154
264 136
265 262
265 267
265 567
265 258
265 157
265 571
265 133
265 263
265 250
265 158
266 244
266 260
266 261
266 264
266 156
266 259
266 597
266 147
266 629
266 630
267 140
267 151
267 158
267 208
267 157
267 262
267 246
267 159
267 152
267 258
268 698
268 277
268 702
268 274
268 278
268 715
268 219
268 269
268 270
268 292
269 294
269 292
269 705
269 219
269 715
269 678
269 704
269 270
269 677
269 274
270 205
270 218
270 219
270 268
270 269
270 274
270 701
270 704
270 705
270 715
271 459
271 217
271 204
271 276
271 434
271 458
271 203
271 460
271 273
271 433
272 217
272 271
272 273
272 275
272 276
272 295
272 296
272 458
272 460
273 433
273 276
273 458
273 215
273 275
273 271
273 460
273 272
273 434
273 216
274 219
274 268
274 269
274 270
274 292
274 698
274 715
275 217
275 272
275 273
275 276
275 279
275 280
275 427
275 428
276 217
276 271
276 272
276 273
276 275
276 279
276 280
276 296
276 460
277 268
277 278
277 426
277 430
277 431
277 617
277 618
277 698
277 702
278 268
278 277
278 426
278 617
278 698
278 702
279 275
279 276
279 280
279 423
279 426
279 427
279 428
279 451
280 275
280 276
280 279
280 426
280 427
280 428
280 430
280 431
281 282
281 298
281 284
281 283
281 475
281 299
281 285
281 293
281 290
281 286
282 285
282 435
282 287
282 286
282 699
282 284
282 290
282 281
282 291
282 283
283 699
283 302
283 657
283 656
283 282
283 475
283 665
283 303
283 285
283 664
284 301
284 303
284 435
284 283
284 419
284 699
284 281
284 412
284 411
284 285
285 435
285 283
285 302
285 413
285 282
285 543
285 284
285 281
285 411
285 239
286 281
286 282
286 287
286 290
286 291
286 293
286 298
286 299
286 475
286 711
287 281
287 282
287 286
287 290
287 291
287 293
287 297
287 449
287 711
288 289
288 292
288 294
288 429
288 449
288 711
289 288
289 428
289 429
289 449
289 711
290 286
290 285
290 282
290 301
290 291
290 287
290 284
290 281
290 283
290 435
291 282
291 286
291 287
291 290
291 297
291 300
291 435
291 449
292 268
292 269
292 274
292 288
292 294
292 702
292 711
292 714
292 715
293 281
293 286
293 287
293 298
293 299
293 475
293 679
293 713
293 714
294 269
294 288
294 292
294 679
294 711
294 714
294 715
295 272
295 296
295 429
295 449
295 456
295 460
296 272
296 276
296 295
296 300
296 402
296 456
296 457
296 460
297 287
297 291
297 300
297 301
297 435
297 455
298 281
298 286
298 293
298 299
298 475
298 679
298 713
298 714
299 665
299 713
299 283
299 662
299 293
299 475
299 655
299 298
299 286
299 281
300 291
300 296
300 297
300 301
300 435
300 455
300 456
300 457
301 284
301 290
301 297
301 300
301 419
301 420
301 421
301 435
301 455
301 545
302 234
302 235
302 643
302 232
302 284
302 656
302 375
302 543
302 236
302 231
303 664
303 699
303 620
303 231
303 643
303 656
303 234
303 657
303 302
303 283
304 123
304 81
304 383
304 119
304 114
304 83
304 335
304 331
304 94
304 92
305 226
305 307
305 235
305 310
305 314
305 374
305 227
305 313
305 373
305 312
306 523
306 373
306 305
306 308
306 311
306 409
306 307
306 374
306 313
306 227
307 309
307 227
307 312
307 306
307 313
307 373
307 409
307 374
307 314
307 308
308 56
308 306
308 307
308 309
308 310
308 409
308 470
308 523
308 550
308 658
309 658
309 311
309 659
309 313
309 307
309 374
309 470
309 305
309 229
309 523
310 640
310 658
310 409
310 309
310 307
310 314
310 470
310 374
310 313
310 373
311 375
311 234
311 306
311 374
311 305
311 307
311 232
311 312
311 313
311 309
312 233
312 375
312 235
312 232
312 307
312 305
312 228
312 314
312 311
312 309
313 409
313 305
313 375
313 233
313 307
313 234
313 309
313 235
313 226
313 374
314 311
314 306
314 640
314 309
314 409
314 226
314 310
314 305
314 313
314 374
315 182
315 183
315 198
315 316
315 317
315 318
315 344
315 345
315 349
316 13
316 182
316 183
316 198
316 315
316 317
316 318
316 319
316 345
316 346
317 182
317 183
317 191
317 315
317 316
317 319
317 345
317 346
317 349
318 12
318 13
318 197
318 198
318 315
318 316
318 319
318 343
318 346
319 12
319 13
319 316
319 317
319 318
319 346
320 187
320 195
320 321
320 322
320 323
320 324
320 363
320 364
321 185
321 187
321 195
321 201
321 320
321 322
321 323
321 324
321 363
321 364
322 194
322 195
322 200
322 201
322 320
322 321
322 323
322 324
322 362
323 14
323 193
323 195
323 201
323 320
323 321
323 322
323 324
324 187
324 201
324 320
324 321
324 322
324 323
324 363
324 364
325 333
325 304
325 329
325 335
325 332
325 328
325 109
325 88
325 93
325 622
326 376
326 623
326 81
326 109
326 331
326 330
326 621
326 333
326 632
326 108
327 111
327 330
327 622
327 107
327 88
327 108
327 331
327 82
327 109
327 332
328 330
328 108
328 168
328 87
328 622
328 112
328 93
328 82
328 72
328 88
329 632
329 149
329 326
329 328
329 335
329 333
329 110
329 109
329 111
329 327
330 72
330 329
330 378
330 88
330 325
330 622
330 335
330 623
330 332
330 111
331 377
331 622
331 621
331 168
331 327
331 376
331 111
331 149
331 107
331 88
332 81
332 111
332 109
332 82
332 335
332 632
332 107
332 327
332 326
332 168
333 621
333 335
333 88
333 109
333 377
333 150
333 329
333 334
333 94
333 132
334 132
334 327
334 169
334 110
334 331
334 149
334 623
334 113
334 124
334 376
335 621
335 331
335 327
335 334
335 115
335 110
335 304
335 393
335 329
335 622
337 338
337 341
337 342
338 337
338 341
338 342
339 0
339 2
339 26
339 188
339 189
340 17
340 21
340 22
341 337
341 338
341 342
342 337
342 338
342 341
343 6
343 7
343 12
343 13
343 190
343 197
343 318
344 1213
344 347
344 1218
344 348
344 315
344 350
344 349
344 183
344 182
344 351
345 315
345 182
345 344
345 347
345 317
345 191
345 316
345 349
345 346
345 183
346 12
346 191
346 316
346 317
346 318
346 319
346 345
347 351
347 344
347 352
347 183
347 353
347 349
347 345
347 793
347 182
347 370
348 1234
348 1226
348 1198
348 1222
348 351
348 1197
348 1221
348 1220
348 350
348 1218
349 347
349 1213
349 344
349 315
349 317
349 351
349 350
349 183
349 345
349 1218
350 747
350 344
350 351
350 345
350 352
350 1213
350 349
350 1218
350 183
350 348
351 1234
351 1221
351 347
351 1222
351 1220
351 344
351 350
351 349
351 1213
351 354
352 347
352 793
352 354
352 1222
352 370
352 1220
352 1218
352 368
352 351
352 747
353 370
353 348
353 1213
353 1197
353 182
353 183
353 347
353 184
353 793
353 753
354 1174
354 1213
354 1175
354 1219
354 348
354 1172
354 352
354 1226
354 1168
354 1233
356 357
356 360
356 361
357 356
357 360
357 361
358 3
358 4
358 10
358 25
358 28
358 192
358 199
359 18
359 20
359 24
360 356
360 357
360 361
361 356
361 357
361 360
362 9
362 14
362 193
362 194
362 200
362 322
363 186
363 321
363 185
363 324
363 187
363 320
363 365
363 364
363 368
363 369
364 187
364 320
364 321
364 324
364 363
364 365
364 367
365 370
365 187
365 371
365 793
365 368
365 364
365 352
365 363
365 369
365 367
366 692
366 768
366 372
366 749
366 368
366 371
366 767
366 691
366 748
366 688
367 187
367 363
367 364
367 365
367 368
367 369
368 352
368 755
368 793
368 370
368 767
368 367
368 757
368 372
368 365
368 748
369 755
369 352
369 365
369 372
369 366
369 368
369 748
369 363
369 767
369 367
370 353
370 1218
370 187
370 185
370 793
370 184
370 371
370 186
370 347
370 183
371 768
371 690
371 757
371 793
371 366
371 748
371 688
371 185
371 687
371 370
372 756
372 745
372 761
372 762
372 765
372 749
372 742
372 352
372 730
372 732
373 232
373 310
373 235
373 409
373 640
373 305
373 311
373 309
373 234
373 307
374 373
374 235
374 306
374 311
374 375
374 309
374 233
374 640
374 312
374 305
375 413
375 234
375 373
375 302
375 312
375 311
375 239
375 640
375 226
375 620
376 332
376 335
376 131
376 81
376 124
376 94
376 328
376 92
376 115
376 304
377 333
377 623
377 334
377 335
377 114
377 124
377 88
377 378
377 132
377 112
378 132
378 88
378 119
378 333
378 128
378 334
378 330
378 113
378 94
378 131
379 380
379 381
379 382
379 547
379 548
379 549
379 1206
380 379
380 381
380 382
380 417
380 418
380 421
380 542
380 545
380 547
380 1206
381 545
381 380
381 418
381 417
381 420
381 382
381 379
381 547
381 544
381 405
382 379
382 380
382 381
382 405
382 406
382 418
382 421
382 542
382 1206
383 331
383 128
383 333
383 378
383 109
383 334
383 132
383 112
383 88
383 377
384 170
384 172
384 385
384 386
384 390
384 554
384 555
384 557
385 384
385 388
385 390
386 170
386 172
386 384
386 387
386 532
386 553
386 554
386 556
387 386
387 392
387 516
387 532
387 554
387 556
388 385
388 392
388 518
389 163
389 212
389 247
389 255
389 391
389 517
390 384
390 385
390 513
391 245
391 212
391 158
391 163
391 389
391 262
391 517
391 571
391 209
391 157
392 254
392 387
392 388
392 518
393 335
393 112
393 304
393 128
393 94
393 92
393 169
393 119
393 149
393 124
394 123
394 111
394 393
394 131
394 169
394 623
394 376
394 150
394 333
394 624
395 142
395 630
395 144
395 148
395 397
395 256
395 396
395 398
395 629
395 627
396 143
396 144
396 398
396 148
396 627
396 256
396 583
396 142
396 628
396 266
397 583
397 627
397 137
397 143
397 147
397 629
397 628
397 142
397 144
397 395
398 630
398 144
398 148
398 397
398 629
398 147
398 627
398 142
398 628
398 266
399 202
399 400
399 401
399 402
399 442
400 399
400 401
400 403
400 438
400 441
400 450
401 399
401 400
401 402
401 450
401 457
402 202
402 296
402 399
402 401
402 442
402 456
402 457
402 458
402 459
403 400
403 404
403 438
403 450
403 455
404 62
404 403
404 405
404 417
404 418
404 455
405 381
405 382
405 404
405 417
405 418
405 419
405 420
405 421
405 545
406 382
406 407
406 542
406 546
407 406
407 533
407 548
408 533
408 534
408 536
409 305
409 313
409 306
409 308
409 658
409 314
409 312
409 309
409 311
409 640
410 154
410 155
410 164
410 213
410 242
410 243
410 249
410 461
410 586
410 597
411 284
411 412
411 302
411 543
411 234
411 545
411 231
411 413
411 620
411 419
412 545
412 420
412 411
412 303
412 542
412 543
412 284
412 240
412 544
412 419
413 302
413 234
413 620
413 412
413 285
413 543
413 231
413 411
413 226
413 232
414 1201
414 578
414 510
414 416
414 415
414 511
414 577
414 1202
414 525
414 1214
415 510
415 511
415 577
415 414
415 416
415 580
415 451
415 1004
415 423
415 509
416 1214
416 1201
416 414
416 789
416 511
416 525
416 424
416 578
416 1202
416 579
417 62
417 380
417 381
417 404
417 405
417 418
417 420
417 421
417 545
417 547
418 405
418 419
418 542
418 421
418 382
418 404
418 412
418 545
418 417
418 420
419 420
419 411
419 545
419 412
419 542
419 543
419 301
419 421
419 284
419 544
420 455
420 419
420 435
420 301
420 418
420 412
420 542
420 405
420 545
420 544
421 544
421 382
421 380
421 542
421 419
421 412
421 418
421 301
421 420
421 545
422 215
422 217
422 423
422 425
422 432
423 178
423 279
423 414
423 415
423 422
423 424
423 432
423 451
423 525
424 1202
424 1214
424 177
424 176
424 511
424 452
424 178
424 415
424 414
424 526
425 215
425 216
425 217
425 273
425 422
425 432
425 437
425 835
426 428
426 617
426 430
426 279
426 578
426 427
426 577
426 277
426 278
426 702
427 614
427 617
427 280
427 431
427 275
427 426
427 577
427 451
427 578
427 430
428 275
428 279
428 280
428 289
428 426
428 427
428 429
428 430
428 431
429 288
429 289
429 295
429 428
429 449
429 711
430 277
430 280
430 426
430 427
430 428
430 431
430 617
430 702
431 277
431 617
431 430
431 451
431 616
431 614
431 280
431 615
431 427
431 426
432 511
432 425
432 525
432 176
432 509
432 178
432 423
432 177
432 424
432 436
433 202
433 204
433 834
433 273
433 458
433 271
433 215
433 434
433 216
433 203
434 273
434 834
434 202
434 203
434 204
434 215
434 459
434 433
434 460
434 271
435 290
435 300
435 420
435 291
435 282
435 419
435 301
435 284
435 297
435 285
436 176
436 177
436 178
436 424
436 432
436 437
436 509
436 511
436 524
436 525
437 215
437 176
437 835
437 436
437 216
437 524
437 836
437 204
437 837
437 425
438 61
438 400
438 403
438 441
438 450
440 48
440 65
441 400
441 438
442 202
442 203
442 204
442 399
442 402
442 459
442 929
444 31
444 1179
445 670
445 1192
445 1200
445 1204
445 1247
446 447
446 453
446 454
446 670
446 841
446 980
446 1191
446 1192
447 446
447 1191
447 1192
448 242
448 461
448 463
448 651
449 287
449 288
449 289
449 291
449 295
449 429
449 711
450 400
450 401
450 403
450 438
450 455
450 457
451 431
451 416
451 427
451 577
451 578
451 580
451 414
451 510
451 614
451 617
452 178
452 424
452 454
452 509
452 511
452 524
452 525
452 526
452 1199
453 446
453 454
453 524
453 836
453 837
453 841
453 974
453 983
453 1199
454 446
454 452
454 453
454 670
454 841
454 1191
454 1199
455 297
455 300
455 301
455 403
455 404
455 420
455 435
455 450
455 457
456 295
456 296
456 300
456 402
456 457
457 296
457 300
457 401
457 402
457 450
457 455
457 456
458 273
458 459
458 433
458 272
458 460
458 402
458 434
458 203
458 271
458 202
459 202
459 203
459 204
459 271
459 402
459 433
459 434
459 442
459 458
460 217
460 271
460 272
460 273
460 276
460 295
460 296
460 433
460 434
460 458
461 410
461 448
461 463
461 585
462 464
462 603
462 598
462 469
462 605
462 648
462 468
462 653
462 466
462 652
463 242
463 249
463 253
463 448
463 461
463 651
464 467
464 598
464 469
464 462
464 654
464 605
464 174
464 604
464 653
464 468
465 214
465 252
465 253
465 584
465 599
466 652
466 469
466 467
466 605
466 647
466 604
466 174
466 648
466 468
466 653
467 606
467 653
467 652
467 462
467 464
467 605
467 603
467 466
467 469
467 648
468 652
468 464
468 462
468 653
468 466
468 647
468 604
468 606
468 654
468 469
469 605
469 606
469 464
469 603
469 466
469 648
469 653
469 598
469 652
469 467
470 56
470 306
470 307
470 308
470 309
470 310
470 409
470 523
470 550
470 658
471 38
471 49
471 53
472 473
472 618
472 785
472 609
472 615
472 181
472 611
472 180
472 610
472 612
473 607
473 701
473 181
473 700
473 179
473 180
473 706
473 1040
473 676
473 472
474 579
474 613
474 700
474 610
474 716
474 717
474 472
474 619
474 615
474 618
475 281
475 282
475 283
475 286
475 293
475 298
475 299
475 665
475 699
475 713
476 478
476 486
476 845
476 848
476 849
476 851
476 852
477 479
477 481
477 484
477 843
477 844
477 852
478 476
478 480
478 485
478 842
478 846
478 851
478 905
478 908
479 477
479 487
479 843
479 845
479 848
479 849
479 852
479 895
480 478
480 482
480 486
480 909
480 911
480 940
481 477
481 483
481 912
481 914
482 480
482 483
482 485
482 910
482 911
482 940
483 481
483 482
483 484
483 912
483 914
484 477
484 483
484 485
484 844
484 846
484 847
484 895
484 898
485 478
485 482
485 484
485 846
485 847
485 851
485 905
485 906
485 940
486 476
486 480
486 487
486 909
486 911
486 944
487 479
487 486
487 845
487 909
487 914
487 944
488 501
488 103
488 493
488 74
488 165
488 503
488 105
488 166
488 75
488 130
489 102
489 491
489 77
489 574
489 497
489 501
489 89
489 495
489 85
489 104
490 86
490 101
490 103
490 489
490 95
490 104
490 491
490 575
490 496
490 493
491 492
491 575
491 102
491 494
491 499
491 85
491 501
491 100
491 89
491 576
492 104
492 495
492 576
492 101
492 496
492 494
492 102
492 75
492 497
492 100
493 90
493 575
493 503
493 129
493 120
493 488
493 498
493 125
493 500
493 492
494 120
494 574
494 512
494 496
494 489
494 106
494 497
494 90
494 488
494 99
495 491
495 494
495 75
495 575
495 498
495 497
495 576
495 85
495 130
495 105
496 489
496 117
496 100
496 493
496 574
496 504
496 497
496 125
496 104
496 103
497 498
497 489
497 105
497 573
497 499
497 574
497 576
497 494
497 106
497 575
498 120
498 74
498 502
498 496
498 129
498 574
498 106
498 493
498 575
498 126
499 129
499 575
499 98
499 86
499 75
499 102
499 500
499 89
499 101
499 97
500 504
500 502
500 118
500 496
500 574
500 121
500 498
500 499
500 104
500 503
501 104
501 74
501 129
501 574
501 573
501 502
501 106
501 500
501 125
501 493
502 105
502 116
502 573
502 118
502 488
502 574
502 126
502 102
502 504
502 496
503 106
503 502
503 118
503 116
503 573
503 574
503 125
503 488
503 130
503 117
504 125
504 498
504 501
504 573
504 574
504 130
504 104
504 502
504 126
504 116
505 506
505 141
505 563
505 146
505 569
505 572
505 508
505 140
505 135
505 561
506 562
506 140
506 572
506 141
506 569
506 139
506 505
506 507
506 508
506 78
507 505
507 141
507 512
507 98
507 76
507 562
507 565
507 134
507 78
507 84
508 569
508 507
508 140
508 572
508 562
508 563
508 141
508 78
508 561
508 506
509 510
509 177
509 525
509 526
509 1214
509 424
509 415
509 416
509 452
509 511
510 416
510 772
510 415
510 579
510 1201
510 511
510 414
510 580
510 1214
510 1202
511 509
511 580
511 424
511 415
511 452
511 176
511 1214
511 526
511 1202
511 416
512 507
512 117
512 165
512 493
512 89
512 488
512 565
512 84
512 103
512 494
513 254
513 390
513 514
513 557
514 245
514 251
514 254
514 513
514 518
514 557
515 520
515 530
515 540
515 519
515 527
515 557
515 529
515 528
515 521
515 541
516 519
516 521
516 540
516 555
516 515
516 530
516 541
516 520
516 527
516 556
517 151
517 152
517 153
517 163
517 212
517 245
517 251
517 255
517 389
517 391
518 254
518 388
518 392
518 514
519 516
519 540
519 520
519 528
519 522
519 515
519 532
519 539
519 556
519 529
520 539
520 522
520 532
520 541
520 519
520 516
520 515
520 527
520 529
520 521
521 516
521 540
521 541
521 527
521 529
521 515
521 555
521 522
521 520
521 519
522 541
522 528
522 520
522 557
522 521
522 540
522 171
522 530
522 529
522 515
523 56
523 306
523 307
523 308
523 309
523 310
523 409
523 470
523 550
523 658
524 177
524 453
524 836
524 176
524 452
524 835
524 437
524 974
524 840
524 436
525 526
525 178
525 177
525 416
525 509
525 414
525 452
525 580
525 1202
525 415
526 178
526 416
526 424
526 452
526 509
526 510
526 511
526 525
526 1202
526 1214
527 540
527 528
527 521
527 515
527 530
527 171
527 519
527 522
527 529
527 516
528 540
528 171
528 527
528 559
528 519
528 555
528 539
528 515
528 529
528 521
529 541
529 540
529 530
529 515
529 527
529 521
529 171
529 539
529 519
529 522
530 521
530 541
530 539
530 527
530 520
530 519
530 532
530 515
530 516
530 540
531 532
531 534
531 538
532 386
532 387
532 516
532 519
532 520
532 530
532 531
532 541
532 554
532 556
533 407
533 408
533 534
534 408
534 531
534 533
534 553
535 223
535 241
535 536
535 537
535 539
535 558
535 559
536 408
536 535
536 546
536 558
537 519
537 529
537 535
537 538
537 539
537 540
537 541
537 559
538 520
538 530
538 531
538 537
538 539
539 519
539 529
539 540
539 528
539 521
539 171
539 559
539 538
539 535
539 537
540 522
540 515
540 537
540 171
540 528
540 521
540 516
540 519
540 541
540 520
541 515
541 556
541 519
541 527
541 516
541 529
541 539
541 537
541 520
541 530
542 419
542 544
542 421
542 413
542 380
542 240
542 543
542 420
542 239
542 545
543 285
543 231
543 239
543 542
543 545
543 421
543 419
543 240
543 412
543 232
544 543
544 418
544 542
544 545
544 285
544 234
544 421
544 240
544 413
544 419
545 417
545 405
545 285
545 420
545 419
545 381
545 542
545 543
545 411
545 380
546 240
546 406
546 536
546 542
547 56
547 379
547 380
547 381
547 417
547 549
547 550
548 379
548 407
548 549
548 551
549 379
549 547
549 548
549 550
549 551
550 56
550 306
550 308
550 470
550 523
550 547
550 549
551 227
551 548
551 549
551 552
552 551
552 553
553 170
553 172
553 222
553 386
553 534
553 552
553 554
554 170
554 172
554 384
554 386
554 387
554 532
554 553
554 556
555 522
555 172
555 170
555 529
555 540
555 557
555 528
555 516
555 527
555 384
556 386
556 387
556 515
556 516
556 519
556 520
556 530
556 532
556 541
556 554
557 172
557 254
557 384
557 513
557 514
557 515
557 516
557 522
557 527
557 555
558 241
558 535
558 536
558 559
559 171
559 223
559 241
559 528
559 535
559 537
559 539
559 558
560 152
560 265
560 208
560 564
560 158
560 157
560 262
560 159
560 267
560 568
561 508
561 563
561 570
561 505
561 258
561 146
561 141
561 262
561 265
561 139
562 572
562 75
562 140
562 78
562 505
562 506
562 77
562 135
562 84
562 566
563 506
563 567
563 263
563 141
563 561
563 507
563 562
563 139
563 568
563 140
564 157
564 560
564 262
564 208
564 159
564 158
564 209
564 563
564 567
564 145
565 106
565 134
565 120
565 89
565 166
565 77
565 76
565 85
565 507
565 569
566 565
566 86
566 90
566 78
566 258
566 121
566 89
566 166
566 103
566 106
567 560
567 146
567 209
567 133
567 157
567 571
567 267
567 262
567 563
567 159
568 159
568 145
568 560
568 567
568 209
568 135
568 133
568 158
568 246
568 564
569 506
569 258
569 158
569 267
569 263
569 565
569 561
569 508
569 139
569 566
570 163
570 146
570 145
570 563
570 151
570 250
570 209
570 571
570 265
570 153
571 145
571 560
571 247
571 265
571 152
571 246
571 250
571 208
571 159
571 263
572 78
572 139
572 141
572 505
572 506
572 507
572 508
572 562
572 563
573 104
573 493
573 118
573 126
573 575
573 117
573 500
573 497
573 574
573 501
574 129
574 104
574 102
574 496
574 500
574 503
574 491
574 575
574 492
574 502
575 576
575 495
575 105
575 500
575 573
575 490
575 497
575 100
575 104
575 493
576 491
576 497
576 501
576 101
576 99
576 498
576 492
576 102
576 574
576 494
577 617
577 415
577 416
577 772
577 615
577 578
577 613
577 451
577 426
577 616
578 431
578 426
578 510
578 579
578 617
578 416
578 414
578 427
578 577
578 789
579 716
579 609
579 1000
579 789
579 577
579 772
579 613
579 474
579 578
579 451
580 789
580 525
580 1214
580 616
580 416
580 415
580 509
580 414
580 178
580 1201
581 161
581 211
581 626
581 261
581 260
581 154
581 147
581 148
581 244
581 625
582 261
582 211
582 147
582 148
582 155
582 626
582 156
582 137
582 244
582 628
583 210
583 396
583 398
583 582
583 629
583 581
583 137
583 628
583 148
583 147
584 252
584 465
584 585
585 461
585 584
586 164
586 213
586 214
586 243
586 410
587 238
587 637
587 642
587 673
588 644
588 645
589 595
590 591
590 1028
590 1046
590 1047
590 1053
590 1054
591 206
591 207
591 590
591 596
591 703
591 1055
592 593
592 710
592 712
592 810
592 812
592 982
592 1020
592 1023
593 592
593 594
593 1020
593 1021
593 1022
593 1023
594 593
594 809
594 810
594 982
594 1022
594 1023
595 589
595 1024
596 206
596 207
596 591
596 703
596 1042
596 1048
596 1054
596 1055
597 581
597 628
597 160
597 266
597 164
597 155
597 625
597 211
597 582
597 243
598 462
598 464
598 467
598 468
598 469
598 599
598 602
598 603
598 605
598 648
599 252
599 253
599 465
599 598
599 601
599 602
599 603
600 174
600 464
600 601
600 602
600 604
600 606
600 651
601 174
601 599
601 600
601 602
601 604
601 606
601 641
602 173
602 174
602 598
602 599
602 600
602 601
602 603
602 641
603 462
603 467
603 468
603 469
603 598
603 599
603 602
603 605
604 606
604 468
604 174
604 467
604 175
604 600
604 464
604 654
604 173
604 601
605 603
605 598
605 650
605 653
605 469
605 462
605 466
605 468
605 647
605 649
606 651
606 468
606 174
606 604
606 601
606 654
606 600
606 467
606 466
606 462
607 179
607 180
607 181
607 473
607 608
607 676
607 975
608 612
608 179
608 181
608 474
608 180
608 611
608 473
608 607
608 610
608 717
609 619
609 618
609 579
609 612
609 613
609 785
609 474
609 610
609 611
609 700
610 717
610 613
610 611
610 579
610 785
610 789
610 716
610 619
610 612
610 474
611 717
611 776
611 615
611 609
611 693
611 472
611 692
611 619
611 789
611 784
612 618
612 785
612 615
612 611
612 789
612 474
612 608
612 784
612 609
612 613
613 789
613 611
613 617
613 609
613 772
613 472
613 615
613 578
613 577
613 610
614 789
614 579
614 578
614 427
614 619
614 426
614 618
614 613
614 580
614 451
615 789
615 578
615 614
615 618
615 1201
615 772
615 472
615 577
615 617
615 613
616 619
616 614
616 579
616 451
616 617
616 613
616 609
616 615
616 427
616 578
617 577
617 618
617 613
617 578
617 615
617 614
617 451
617 431
617 426
617 702
618 612
618 615
618 610
618 613
618 579
618 617
618 609
618 614
618 472
618 277
619 614
619 618
619 789
619 772
619 612
619 472
619 616
619 610
619 716
619 615
620 232
620 234
620 543
620 656
620 239
620 233
620 238
620 235
620 303
620 231
621 327
621 329
621 332
621 330
621 623
621 622
621 325
621 335
621 109
621 376
622 330
622 111
622 378
622 621
622 383
622 334
622 329
622 109
622 107
622 331
623 132
623 333
623 393
623 327
623 377
623 621
623 624
623 383
623 331
623 149
624 333
624 335
624 331
624 131
624 377
624 115
624 383
624 149
624 623
624 394
625 626
625 155
625 261
625 581
625 148
625 582
625 154
625 244
625 210
625 156
626 261
626 155
626 137
626 136
626 581
626 264
626 156
626 138
626 73
626 630
627 396
627 632
627 108
627 144
627 629
627 397
627 167
627 79
627 398
627 583
628 259
628 597
628 148
628 395
628 629
628 397
628 143
628 161
628 160
628 210
629 147
629 256
629 148
629 397
629 266
629 583
629 210
629 627
629 395
629 162
630 260
630 398
630 629
630 256
630 266
630 79
630 83
630 87
630 261
630 136
631 630
631 79
631 87
631 256
631 112
631 167
631 81
631 632
631 83
631 108
632 167
632 71
632 325
632 92
632 88
632 330
632 83
632 631
632 79
632 81
633 634
633 636
634 633
634 660
634 667
635 637
635 638
635 826
636 633
636 649
636 650
636 667
637 587
637 635
637 642
637 673
638 635
638 639
638 659
638 668
639 638
639 659
639 663
639 666
639 668
639 674
639 826
640 312
640 310
640 375
640 313
640 233
640 235
640 229
640 409
640 311
640 228
641 173
641 224
641 601
641 602
641 660
642 655
642 587
642 686
642 637
642 699
642 657
642 643
642 238
642 662
642 664
643 303
643 657
643 238
643 620
643 231
643 664
643 283
643 655
643 665
643 699
644 228
644 237
644 588
644 645
644 646
645 225
645 237
645 588
645 644
645 646
645 647
645 649
646 175
646 225
646 237
646 644
646 645
646 647
646 649
646 654
647 653
647 645
647 648
647 175
647 652
647 468
647 654
647 466
647 646
647 650
648 650
648 468
648 652
648 653
648 647
648 466
648 469
648 654
648 462
648 649
649 468
649 605
649 636
649 645
649 646
649 647
649 648
649 650
649 652
649 653
650 605
650 636
650 647
650 648
650 649
651 253
651 448
651 463
651 464
651 600
651 604
651 606
652 654
652 464
652 605
652 467
652 649
652 648
652 469
652 466
652 462
652 468
653 468
653 464
653 649
653 462
653 604
653 654
653 605
653 467
653 648
653 469
654 464
654 652
654 173
654 225
654 653
654 604
654 175
654 174
654 466
654 647
655 665
655 662
655 699
655 686
655 664
655 299
655 656
655 661
655 643
655 657
656 303
656 665
656 620
656 664
656 283
656 231
656 662
656 642
656 657
656 236
657 662
657 664
657 236
657 283
657 643
657 642
657 665
657 302
657 238
657 699
658 308
658 309
658 310
658 409
658 470
658 523
658 659
658 663
658 668
659 309
659 638
659 639
659 658
659 660
659 668
660 229
660 634
660 641
660 659
661 642
661 655
661 662
661 663
661 665
661 666
661 673
661 674
661 685
661 686
662 673
662 661
662 299
662 666
662 657
662 655
662 685
662 656
662 642
662 686
663 58
663 68
663 639
663 658
663 661
663 666
663 668
663 674
664 655
664 699
664 303
664 238
664 665
664 283
664 643
664 673
664 642
664 656
665 664
665 699
665 642
665 299
665 662
665 657
665 475
665 661
665 283
665 686
666 58
666 64
666 639
666 661
666 662
666 663
666 673
666 674
666 686
667 634
667 636
668 638
668 639
668 658
668 659
668 663
669 923
670 445
670 446
670 454
670 841
670 922
670 980
670 983
670 1192
671 672
671 919
671 958
671 963
672 671
672 834
672 927
672 929
672 957
672 958
672 965
673 587
673 637
673 642
673 655
673 661
673 662
673 664
673 666
673 674
674 639
674 661
674 663
674 666
674 673
674 826
675 676
675 712
675 975
675 1018
675 1023
675 1033
675 1035
676 1034
676 797
676 473
676 675
676 1033
676 975
676 1040
676 607
676 706
676 1035
677 206
677 681
677 715
677 704
677 705
677 703
677 683
677 714
677 678
677 269
678 205
678 206
678 269
678 677
678 683
678 703
678 704
678 705
678 715
679 293
679 294
679 298
679 677
679 681
679 683
679 713
679 714
680 681
680 682
680 683
680 703
681 677
681 679
681 680
681 682
681 683
681 703
682 680
682 681
682 697
682 707
682 709
683 206
683 677
683 678
683 679
683 680
683 681
683 703
683 714
684 685
684 697
684 707
684 713
685 57
685 64
685 661
685 662
685 684
685 686
686 64
686 642
686 655
686 661
686 662
686 664
686 665
686 666
686 685
687 763
687 691
687 764
687 366
687 690
687 692
687 688
687 757
687 748
687 756
688 371
688 718
688 790
688 186
688 687
688 690
688 763
688 757
688 764
688 748
689 694
689 756
689 717
689 692
689 693
689 687
689 691
689 690
689 767
689 688
690 371
690 752
690 689
690 767
690 717
690 366
690 748
690 694
690 691
690 764
691 371
691 692
691 689
691 757
691 694
691 185
691 752
691 767
691 690
691 790
692 717
692 688
692 766
692 764
692 718
692 790
692 690
692 763
692 694
692 748
693 768
693 784
693 767
693 764
693 766
693 756
693 748
693 690
693 765
693 691
694 717
694 689
694 611
694 784
694 764
694 767
694 790
694 757
694 718
694 688
695 33
695 814
695 981
696 49
697 682
697 684
697 707
697 713
698 219
698 268
698 274
698 277
698 278
698 618
698 700
698 701
699 655
699 283
699 290
699 281
699 662
699 665
699 303
699 284
699 656
699 282
700 181
700 698
700 474
700 179
700 608
700 472
700 180
700 619
700 706
700 701
701 179
701 218
701 219
701 220
701 270
701 473
701 698
701 700
701 706
701 1040
702 268
702 277
702 278
702 292
702 426
702 430
702 617
703 206
703 207
703 591
703 596
703 677
703 678
703 680
703 681
703 683
704 715
704 206
704 205
704 678
704 270
704 269
704 207
704 677
704 218
704 705
705 205
705 270
705 677
705 269
705 218
705 704
705 220
705 207
705 678
705 715
706 218
706 179
706 220
706 676
706 473
706 1033
706 1041
706 701
706 1040
706 797
707 63
707 682
707 684
707 697
707 708
708 707
709 682
710 69
710 592
710 712
710 812
711 286
711 287
711 288
711 289
711 292
711 294
711 429
711 449
712 592
712 675
712 710
712 812
712 975
712 982
712 1023
712 1035
713 293
713 298
713 299
713 475
713 679
713 684
713 697
714 292
714 293
714 294
714 298
714 677
714 679
714 683
715 292
715 268
715 269
715 270
715 704
715 677
715 705
715 678
715 274
715 219
716 776
716 615
716 783
716 1002
716 720
716 769
716 763
716 770
716 765
716 1000
717 756
717 472
717 768
717 688
717 612
717 789
717 765
717 609
717 691
717 611
718 611
718 996
718 764
718 691
718 784
718 1002
718 759
718 737
718 769
718 736
719 733
719 805
719 804
719 1012
719 1009
719 762
719 989
719 1167
719 1195
719 751
720 751
720 988
720 743
720 990
720 806
720 765
720 786
720 784
720 1006
720 995
721 727
721 1195
721 1229
721 799
721 726
721 1241
721 1233
721 720
721 774
721 758
722 1167
722 1250
722 775
722 1245
722 800
722 742
722 735
722 738
722 760
722 1002
723 781
723 731
723 745
723 726
723 1243
723 988
723 800
723 992
723 727
723 805
724 721
724 1159
724 727
724 1171
724 1165
724 1157
724 759
724 1166
724 1228
724 725
725 723
725 806
725 800
725 739
725 1175
725 754
725 737
725 745
725 740
725 1169
726 803
726 758
726 991
726 1245
726 1251
726 1235
726 780
726 728
726 1230
726 1246
727 804
727 1160
727 787
727 1242
727 754
727 728
727 1251
727 1176
727 734
727 1167
728 1011
728 1159
728 1230
728 719
728 1167
728 1250
728 1227
728 1156
728 1012
728 1240
729 726
729 997
729 1195
729 770
729 759
729 735
729 734
729 742
729 733
729 1168
730 1228
730 1244
730 756
730 775
730 1010
730 1229
730 997
730 774
730 759
730 1161
731 754
731 1158
731 1169
731 1159
731 1166
731 1007
731 1196
731 1177
731 372
731 1231
732 806
732 803
732 1246
732 746
732 1001
732 742
732 1165
732 1243
732 1235
732 719
733 746
733 773
733 994
733 1176
733 719
733 1209
733 992
733 727
733 1241
733 1012
734 721
734 1011
734 751
734 744
734 991
734 1231
734 758
734 788
734 1239
734 792
735 1177
735 758
735 992
735 1208
735 1243
735 1159
735 1230
735 1174
735 720
735 1161
736 759
736 997
736 999
736 1007
736 1000
736 737
736 762
736 1002
736 1166
736 995
737 1245
737 765
737 781
737 803
737 800
737 761
737 995
737 994
737 804
737 783
738 783
738 1168
738 765
738 1166
738 1233
738 760
738 799
738 1002
738 769
738 995
739 725
739 372
739 1163
739 723
739 1232
739 730
739 742
739 760
739 1250
739 732
740 1174
740 782
740 751
740 760
740 754
740 737
740 734
740 721
740 719
740 1245
741 1160
741 991
741 761
741 805
741 1228
741 735
741 736
741 798
741 1234
741 1233
742 1162
742 738
742 1242
742 1168
742 719
742 1003
742 787
742 1208
742 807
742 739
743 1166
743 742
743 997
743 780
743 1163
743 725
743 991
743 1245
743 751
743 733
744 723
744 792
744 996
744 786
744 994
744 1003
744 787
744 1250
744 771
744 1168
745 990
745 782
745 734
745 996
745 720
745 735
745 1009
745 999
745 739
745 730
746 735
746 1175
746 1177
746 751
746 1000
746 1229
746 1161
746 994
746 998
746 747
747 742
747 746
747 1251
747 1220
747 1207
747 739
747 351
747 1196
747 760
747 353
748 693
748 763
748 366
748 687
748 757
748 688
748 371
748 694
748 690
748 689
749 755
749 742
749 352
749 1196
749 763
749 764
749 747
749 369
749 751
749 741
750 1008
750 1242
750 778
750 1195
750 1244
750 739
750 804
750 1007
750 1159
750 1174
751 1006
751 1196
751 994
751 786
751 758
751 1250
751 779
751 730
751 746
751 726
752 689
752 687
752 371
752 691
752 186
752 692
752 790
752 766
752 753
752 690
753 184
753 186
753 353
753 370
753 371
753 752
753 793
753 1197
754 1194
754 804
754 762
754 726
754 1217
754 782
754 725
754 734
754 760
754 769
755 1233
755 729
755 745
755 1196
755 751
755 762
755 761
755 764
755 746
755 742
756 762
756 731
756 758
756 748
756 739
756 718
756 754
756 690
756 366
756 1251
757 366
757 692
757 767
757 694
757 693
757 688
757 765
757 187
757 748
757 763
758 1176
758 761
758 747
758 1231
758 1208
758 1250
758 1194
758 998
758 719
758 727
759 764
759 991
759 733
759 724
759 729
759 740
759 1176
759 1250
759 1156
759 1008
760 805
760 732
760 1195
760 1196
760 741
760 731
760 998
760 739
760 744
760 750
761 1209
761 806
761 727
761 731
761 1168
761 735
761 997
761 1156
761 742
761 993
762 756
762 1177
762 721
762 992
762 739
762 765
762 730
762 1251
762 731
762 991
763 372
763 692
763 736
763 688
763 759
763 749
763 690
763 366
763 756
763 687
764 756
764 692
764 185
764 767
764 720
764 694
764 755
764 748
764 759
764 757
765 717
765 784
765 768
765 691
765 718
765 688
765 738
765 372
765 762
765 767
766 688
766 768
766 692
766 186
766 366
766 185
766 752
766 694
766 748
766 690
767 693
767 748
767 369
767 755
767 687
767 688
767 366
767 692
767 368
767 689
768 366
768 691
768 767
768 790
768 185
768 756
768 692
768 717
768 371
768 694
769 1241
769 1169
769 744
769 780
769 1008
769 1212
769 1010
769 999
769 804
769 718
770 997
770 1007
770 736
770 993
770 783
770 754
770 1011
770 778
770 789
770 1161
771 1008
771 807
771 1171
771 719
771 1001
771 994
771 1157
771 1239
771 995
771 734
772 775
772 580
772 989
772 798
772 1016
772 611
772 999
772 1011
772 995
772 988
773 1176
773 1009
773 751
773 778
773 992
773 732
773 798
773 1195
773 792
773 1010
774 723
774 725
774 1158
774 779
774 1244
774 992
774 724
774 773
774 805
774 720
775 1160
775 733
775 780
775 750
775 769
775 1010
775 792
775 1216
775 725
775 1016
776 781
776 1246
776 991
776 807
776 770
776 1245
776 779
776 1216
776 994
776 992
777 995
777 1155
777 800
777 722
777 785
777 1216
777 991
777 1014
777 720
777 804
778 1016
778 1009
778 1006
778 1155
778 1005
778 1246
778 777
778 1242
778 727
778 1013
779 1006
779 1014
779 750
779 774
779 1005
779 995
779 989
779 783
779 1241
779 1158
780 1250
780 1231
780 1177
780 1240
780 992
780 775
780 1158
780 1159
780 771
780 723
781 782
781 731
781 995
781 792
781 774
781 789
781 1010
781 726
781 1167
781 1014
782 798
782 737
782 1008
782 806
782 781
782 800
782 722
782 1011
782 761
782 744
783 1009
783 718
783 772
783 736
783 799
783 716
783 803
783 738
783 786
783 1008
784 756
784 611
784 474
784 777
784 610
784 612
784 770
784 995
784 776
784 718
785 619
785 717
785 776
785 609
785 611
785 472
785 613
785 792
785 474
785 777
786 1016
786 1194
786 1244
786 1219
786 737
786 1242
786 1005
786 1155
786 800
786 1164
787 726
787 1160
787 1000
787 1161
787 1159
787 1165
787 774
787 1240
787 727
787 988
788 1169
788 787
788 777
788 1000
788 1164
788 771
788 805
788 1157
788 736
788 745
789 993
789 1201
789 614
789 1015
789 774
789 1000
789 779
789 784
789 1002
789 994
790 763
790 694
790 757
790 688
790 692
790 690
790 768
790 689
790 366
790 691
792 722
792 995
792 1161
792 1245
792 744
792 1171
792 769
792 788
792 1155
792 989
793 186
793 370
793 371
793 1218
793 353
793 187
793 747
793 369
793 368
793 185
794 825
795 796
795 824
795 825
795 987
796 795
796 815
796 821
797 218
797 220
797 676
797 706
797 1033
797 1040
797 1041
798 1170
798 782
798 1243
798 1168
798 726
798 1165
798 1235
798 1250
798 1241
798 720
799 1177
799 721
799 1165
799 723
799 1008
799 729
799 1012
799 1002
799 1209
799 1194
800 992
800 1195
800 777
800 1231
800 782
800 988
800 1228
800 799
800 1159
800 990
801 802
801 984
801 985
801 1193
802 801
802 817
802 984
802 985
802 1193
803 721
803 725
803 731
803 1168
803 737
803 1239
803 720
803 740
803 997
803 792
804 1194
804 723
804 731
804 776
804 781
804 1009
804 1235
804 775
804 737
804 1246
805 1166
805 1001
805 729
805 999
805 1196
805 1010
805 803
805 990
805 1242
805 1240
806 719
806 799
806 788
806 1230
806 1156
806 780
806 1212
806 769
806 1169
806 803
807 1171
807 994
807 989
807 741
807 1168
807 1243
807 1162
807 800
807 759
807 1001
808 820
809 594
809 810
810 592
810 594
810 809
810 811
810 812
810 982
811 810
811 815
811 818
812 592
812 710
812 712
812 810
812 982
812 1023
813 1186
814 695
814 815
815 796
815 811
815 814
815 821
816 985
816 986
816 1182
816 1183
816 1193
817 802
817 818
817 986
818 811
818 817
819 981
820 67
820 808
820 981
821 796
821 815
823 67
823 824
823 976
824 795
824 823
824 987
824 1186
825 794
825 795
825 981
826 635
826 639
826 674
827 828
827 829
827 833
827 1064
827 1073
827 1074
828 827
828 829
828 831
828 833
828 1060
828 1064
828 1065
828 1067
828 1073
828 1074
829 827
829 828
829 1064
829 1074
830 831
830 833
831 828
831 830
831 833
831 1079
832 40
832 221
832 230
832 1085
832 1086
833 827
833 828
833 830
833 831
834 203
834 204
834 216
834 433
834 434
834 437
834 672
834 835
834 839
834 965
835 204
835 215
835 216
835 425
835 437
835 524
835 834
835 836
835 837
836 437
836 453
836 524
836 835
836 837
836 840
836 841
836 974
836 1199
837 437
837 453
837 524
837 835
837 836
837 840
837 973
837 974
838 839
838 970
839 834
839 838
839 965
839 970
840 524
840 836
840 837
840 973
840 974
841 446
841 453
841 454
841 670
841 836
841 974
841 980
841 983
841 1199
842 478
842 851
843 895
843 852
843 479
843 844
843 848
843 849
843 901
843 477
843 896
843 897
844 901
844 477
844 846
844 484
844 852
844 906
844 851
844 896
844 898
844 843
845 476
845 479
845 487
845 843
845 848
845 849
845 851
845 852
846 478
846 904
846 898
846 906
846 905
846 844
846 484
846 485
846 851
846 857
847 484
847 485
847 844
847 846
847 851
847 895
847 898
847 901
847 906
848 852
848 479
848 900
848 908
848 897
848 903
848 896
848 869
848 843
848 849
849 476
849 479
849 843
849 845
849 848
849 850
849 851
849 852
849 897
849 903
850 848
850 849
850 851
850 866
850 868
850 869
850 903
850 904
850 905
850 908
851 846
851 906
851 478
851 476
851 485
851 844
851 850
851 908
851 849
851 905
852 477
852 845
852 844
852 897
852 896
852 843
852 476
852 479
852 903
852 895
853 907
853 854
853 904
853 857
853 856
853 906
853 855
853 876
853 893
853 892
854 902
854 874
854 905
854 898
854 856
854 855
854 876
854 899
854 853
854 907
855 875
855 873
855 857
855 874
855 907
855 854
855 904
855 893
855 856
855 853
856 853
856 854
856 855
856 857
856 874
856 875
856 876
856 904
856 907
857 905
857 874
857 898
857 846
857 876
857 856
857 854
857 906
857 853
857 908
858 859
858 860
858 862
858 873
858 877
858 878
858 879
858 880
858 884
858 891
859 858
859 893
859 894
859 892
859 860
859 862
859 861
859 899
859 863
859 902
860 877
860 882
860 891
860 879
860 858
860 880
860 859
860 878
860 883
860 873
861 859
861 862
861 864
861 871
861 882
861 883
861 884
862 858
862 859
862 861
862 864
862 882
862 884
862 891
862 902
863 859
863 866
863 868
863 892
863 893
863 894
863 896
863 899
863 901
863 902
864 861
864 862
864 871
864 881
864 882
864 883
864 884
865 866
865 867
865 868
865 870
865 871
865 872
865 882
865 886
866 896
866 902
866 903
866 868
866 900
866 865
866 1237
866 867
866 872
866 850
867 865
867 866
867 868
867 870
867 871
867 872
867 882
867 886
868 867
868 896
868 902
868 866
868 863
868 865
868 872
868 899
868 897
868 850
869 866
869 848
869 1236
869 850
869 896
869 872
869 888
869 897
869 1238
869 889
870 865
870 885
870 888
870 871
870 883
870 886
870 881
870 1236
870 872
870 867
871 884
871 886
871 870
871 882
871 867
871 881
871 864
871 865
871 885
871 872
872 871
872 886
872 866
872 870
872 1238
872 882
872 1236
872 885
872 867
872 888
873 853
873 855
873 858
873 860
873 874
873 875
873 876
873 877
873 879
873 880
874 854
874 907
874 853
874 873
874 904
874 857
874 855
874 875
874 876
874 856
875 853
875 854
875 855
875 856
875 873
875 874
875 876
875 880
875 904
876 904
876 856
876 857
876 893
876 853
876 873
876 855
876 854
876 907
876 908
877 882
877 885
877 881
877 873
877 871
877 883
877 860
877 884
877 880
877 858
878 884
878 877
878 891
878 871
878 882
878 880
878 858
878 860
878 883
878 881
879 873
879 878
879 882
879 860
879 891
879 884
879 883
879 881
879 877
879 880
880 875
880 860
880 884
880 877
880 878
880 891
880 882
880 874
880 873
880 881
881 883
881 884
881 878
881 886
881 880
881 872
881 870
881 877
881 879
881 864
882 886
882 877
882 871
882 879
882 884
882 872
882 862
882 880
882 883
882 864
883 882
883 870
883 885
883 881
883 871
883 864
883 861
883 860
883 879
883 878
884 871
884 864
884 858
884 882
884 881
884 883
884 860
884 862
884 880
884 885
885 877
885 871
885 882
885 890
885 883
885 881
885 886
885 887
885 870
885 884
886 888
886 1236
886 881
886 865
886 882
886 870
886 872
886 1238
886 867
886 885
887 885
887 888
887 889
887 890
887 1236
887 1237
888 869
888 870
888 872
888 886
888 887
888 890
888 1236
888 1237
888 1238
889 869
889 887
889 890
889 1237
890 885
890 887
890 888
890 889
890 1236
890 1238
891 858
891 859
891 860
891 862
891 878
891 879
891 880
892 863
892 908
892 899
892 854
892 907
892 902
892 906
892 859
892 893
892 857
893 898
893 859
893 908
893 855
893 853
893 905
893 894
893 892
893 899
893 904
894 854
894 859
894 863
894 892
894 893
894 898
894 899
894 901
894 902
894 906
895 896
895 901
895 844
895 843
895 847
895 479
895 852
895 898
895 899
895 897
896 901
896 843
896 863
896 868
896 903
896 848
896 866
896 852
896 897
896 869
897 868
897 903
897 895
897 900
897 896
897 843
897 849
897 901
897 848
897 869
898 905
898 844
898 854
898 901
898 904
898 857
898 895
898 846
898 907
898 484
899 894
899 859
899 898
899 901
899 895
899 866
899 854
899 868
899 893
899 863
900 848
900 866
900 869
900 896
900 897
900 903
900 1236
900 1237
900 1238
901 866
901 898
901 895
901 843
901 863
901 896
901 899
901 847
901 897
901 894
902 892
902 863
902 908
902 893
902 862
902 899
902 854
902 894
902 859
902 866
903 848
903 849
903 850
903 852
903 866
903 869
903 896
903 897
903 900
903 1237
904 874
904 905
904 898
904 893
904 855
904 908
904 906
904 907
904 854
904 850
905 907
905 851
905 904
905 906
905 908
905 893
905 485
905 854
905 478
905 846
906 857
906 908
906 894
906 905
906 904
906 851
906 847
906 853
906 844
906 892
907 874
907 908
907 893
907 854
907 904
907 906
907 856
907 855
907 853
907 905
908 850
908 848
908 851
908 902
908 892
908 846
908 876
908 478
908 905
908 866
909 480
909 486
909 487
909 911
909 914
909 940
909 944
910 482
910 911
910 940
910 942
911 480
911 482
911 486
911 909
911 910
911 914
911 940
911 942
911 944
912 481
912 483
912 914
913 915
913 916
913 945
913 946
913 952
913 961
914 481
914 483
914 487
914 909
914 911
914 912
914 940
915 916
915 945
915 930
915 943
915 913
915 931
915 952
915 933
915 961
915 962
916 913
916 915
916 926
916 943
916 945
916 961
917 957
917 943
917 928
917 953
917 961
917 924
917 951
917 932
917 956
917 930
918 919
918 920
918 960
918 963
918 964
918 966
918 967
918 971
918 979
919 671
919 918
919 920
919 958
919 959
919 963
919 966
920 918
920 919
920 935
920 959
920 960
920 966
921 923
921 971
922 670
922 978
922 980
922 983
923 669
923 921
924 917
924 926
924 927
924 928
924 965
924 968
924 969
925 960
925 962
925 964
925 967
925 968
925 971
926 915
926 916
926 917
926 924
926 928
926 930
926 943
926 961
926 962
927 672
927 924
927 928
927 929
927 957
927 965
928 951
928 930
928 947
928 926
928 927
928 924
928 943
928 953
928 932
928 917
929 442
929 672
929 927
929 957
929 958
929 965
930 938
930 939
930 933
930 917
930 932
930 936
930 931
930 961
930 926
930 915
931 915
931 930
931 933
931 934
931 935
931 952
931 960
931 961
931 962
932 957
932 956
932 961
932 930
932 939
932 951
932 936
932 953
932 917
932 928
933 915
933 930
933 931
933 934
933 935
933 952
933 960
933 961
933 962
934 931
934 933
934 935
934 937
934 949
934 950
934 952
934 955
934 961
935 920
935 931
935 933
935 934
935 936
935 938
935 939
935 956
935 959
936 932
936 939
936 935
936 937
936 954
936 938
936 949
936 930
936 951
936 956
937 934
937 936
937 949
937 950
937 952
937 954
937 955
938 930
938 932
938 935
938 936
938 939
938 951
938 953
938 954
938 956
938 957
939 930
939 932
939 935
939 936
939 938
939 951
939 953
939 954
939 956
939 957
940 480
940 482
940 485
940 909
940 910
940 911
940 914
940 942
941 946
941 948
941 949
942 910
942 911
942 940
942 943
942 947
942 948
943 915
943 916
943 917
943 926
943 928
943 942
944 486
944 487
944 909
944 911
945 913
945 915
945 916
945 946
945 952
946 913
946 941
946 945
947 928
947 942
947 948
947 951
947 953
948 941
948 942
948 947
948 954
949 934
949 936
949 937
949 941
949 950
949 954
949 955
950 934
950 937
950 949
950 952
950 955
951 917
951 930
951 939
951 954
951 936
951 953
951 928
951 957
951 956
951 947
952 945
952 915
952 913
952 931
952 955
952 930
952 961
952 933
952 950
952 937
953 954
953 930
953 938
953 956
953 939
953 932
953 951
953 947
953 957
953 928
954 936
954 937
954 938
954 939
954 948
954 949
954 951
954 953
954 955
954 956
955 934
955 936
955 937
955 949
955 950
955 952
955 954
956 953
956 936
956 935
956 957
956 939
956 951
956 930
956 938
956 954
956 917
957 938
957 958
957 939
957 951
957 929
957 953
957 672
957 917
957 927
957 932
958 671
958 672
958 919
958 929
958 957
958 959
958 963
959 919
959 920
959 935
959 958
959 963
960 918
960 920
960 925
960 931
960 933
960 961
960 962
960 964
960 966
960 967
961 952
961 917
961 930
961 915
961 916
961 913
961 933
961 962
961 960
961 932
962 915
962 925
962 926
962 931
962 933
962 960
962 961
962 964
963 671
963 918
963 919
963 958
963 959
963 966
964 918
964 925
964 960
964 962
964 966
964 967
964 968
964 971
964 979
965 672
965 834
965 839
965 924
965 927
965 929
965 968
965 969
966 918
966 919
966 920
966 960
966 963
966 964
966 967
966 971
966 979
967 918
967 925
967 960
967 964
967 966
967 968
967 971
967 979
968 924
968 925
968 964
968 965
968 967
968 969
968 970
968 971
969 924
969 965
969 968
970 838
970 839
970 968
970 972
971 918
971 921
971 925
971 964
971 966
971 967
971 968
971 979
972 970
972 973
973 837
973 840
973 972
973 974
974 453
974 524
974 836
974 837
974 840
974 841
974 973
974 983
974 1199
975 179
975 607
975 675
975 676
975 712
975 1033
975 1035
976 67
976 823
978 922
978 983
979 918
979 964
979 966
979 967
979 971
980 446
980 670
980 841
980 922
980 983
980 1192
981 695
981 819
981 820
981 825
982 592
982 594
982 712
982 810
982 812
982 1023
983 453
983 670
983 841
983 922
983 974
983 978
983 980
984 801
984 802
984 985
984 1193
985 801
985 802
985 816
985 984
985 986
985 1193
986 816
986 817
986 985
986 1188
987 795
987 824
988 733
988 1155
988 774
988 729
988 1168
988 804
988 741
988 742
988 1239
988 1016
989 734
989 1157
989 1168
989 1235
989 772
989 1239
989 1241
989 804
989 786
989 730
990 1162
990 792
990 1155
990 1209
990 1229
990 989
990 733
990 1171
990 1230
990 745
991 804
991 780
991 992
991 1000
991 738
991 719
991 1250
991 1159
991 990
991 1165
992 754
992 798
992 751
992 998
992 1246
992 799
992 1017
992 720
992 1229
992 1011
993 1250
993 786
993 776
993 805
993 721
993 1011
993 798
993 792
993 719
993 722
994 725
994 739
994 1212
994 773
994 1162
994 1007
994 726
994 727
994 735
994 733
995 726
995 789
995 1244
995 775
995 1159
995 737
995 1164
995 1005
995 719
995 1000
996 736
996 988
996 1250
996 718
996 999
996 1251
996 991
996 786
996 992
996 744
997 798
997 1212
997 1167
997 728
997 742
997 1003
997 996
997 762
997 1162
997 745
998 1171
998 778
998 1235
998 1001
998 1175
998 1240
998 1156
998 1209
998 1244
998 803
999 995
999 1246
999 777
999 1245
999 720
999 1167
999 721
999 991
999 731
999 770
1000 1170
1000 776
1000 789
1000 787
1000 1244
1000 774
1000 1246
1000 991
1000 783
1000 1164
1001 1010
1001 780
1001 723
1001 1245
1001 1241
1001 1161
1001 988
1001 781
1001 1169
1001 1159
1002 1251
1002 744
1002 1212
1002 746
1002 1243
1002 1156
1002 739
1002 1012
1002 1006
1002 775
1003 1171
1003 734
1003 1001
1003 1235
1003 1161
1003 1211
1003 800
1003 1229
1003 799
1003 1015
1004 1216
1004 1015
1004 771
1004 776
1004 510
1004 415
1004 1014
1004 1000
1004 511
1004 1215
1005 1007
1005 1171
1005 1244
1005 995
1005 1230
1005 1164
1005 774
1005 1201
1005 1246
1005 1157
1006 1176
1006 1012
1006 994
1006 1228
1006 732
1006 1167
1006 806
1006 1161
1006 1014
1006 1163
1007 1169
1007 1229
1007 735
1007 1163
1007 787
1007 738
1007 1014
1007 776
1007 736
1007 998
1008 732
1008 786
1008 775
1008 1017
1008 728
1008 1171
1008 773
1008 1243
1008 1244
1008 1228
1009 1007
1009 782
1009 989
1009 1005
1009 1014
1009 807
1009 1011
1009 1016
1009 732
1009 722
1010 999
1010 998
1010 1169
1010 792
1010 761
1010 721
1010 806
1010 751
1010 786
1010 744
1011 750
1011 788
1011 988
1011 1235
1011 772
1011 1155
1011 1229
1011 799
1011 735
1011 991
1012 775
1012 988
1012 998
1012 1162
1012 1175
1012 1231
1012 1170
1012 999
1012 788
1012 1229
1013 1244
1013 774
1013 780
1013 1007
1013 1156
1013 1211
1013 771
1013 1014
1013 1015
1013 1011
1014 1155
1014 1215
1014 781
1014 1214
1014 1226
1014 1240
1014 779
1014 780
1014 1212
1014 1006
1015 1216
1015 775
1015 1007
1015 1014
1015 1240
1015 1000
1015 777
1015 1201
1015 1005
1015 778
1016 1005
1016 1156
1016 1246
1016 1017
1016 789
1016 778
1016 1243
1016 1239
1016 780
1016 774
1017 1003
1017 1173
1017 991
1017 779
1017 1155
1017 1171
1017 990
1017 1176
1017 994
1017 1004
1018 675
1018 1019
1018 1020
1018 1033
1018 1035
1019 1018
1019 1020
1019 1021
1019 1025
1019 1032
1020 592
1020 593
1020 1018
1020 1019
1020 1021
1020 1022
1020 1023
1021 593
1021 1019
1021 1020
1021 1022
1021 1024
1021 1026
1022 593
1022 594
1022 1020
1022 1021
1022 1023
1023 592
1023 593
1023 594
1023 675
1023 712
1023 812
1023 982
1023 1020
1023 1022
1023 1035
1024 595
1024 1021
1024 1026
1025 1019
1025 1026
1026 1021
1026 1024
1026 1025
1027 1028
1027 1029
1027 1030
1027 1031
1027 1038
1027 1044
1027 1045
1028 590
1028 1027
1028 1029
1028 1030
1028 1031
1028 1046
1028 1047
1028 1051
1028 1052
1029 1027
1029 1028
1029 1030
1029 1031
1029 1038
1029 1044
1029 1045
1029 1051
1030 1027
1030 1028
1030 1029
1030 1031
1030 1045
1030 1046
1030 1051
1030 1052
1031 1027
1031 1028
1031 1029
1031 1030
1031 1038
1031 1044
1031 1045
1031 1051
1031 1052
1032 1019
1032 1033
1032 1034
1033 675
1033 676
1033 706
1033 797
1033 975
1033 1018
1033 1032
1033 1034
1033 1035
1033 1040
1034 676
1034 1032
1034 1033
1034 1036
1034 1040
1034 1041
1035 675
1035 676
1035 712
1035 975
1035 1018
1035 1023
1035 1033
1035 1040
1036 1034
1036 1037
1036 1041
1037 1036
1037 1038
1037 1039
1038 1027
1038 1029
1038 1031
1038 1037
1038 1044
1038 1045
1039 1037
1039 1042
1039 1043
1039 1044
1039 1048
1039 1055
1040 220
1040 701
1040 797
1040 179
1040 676
1040 706
1040 1035
1040 1041
1040 1033
1040 473
1041 220
1041 706
1041 797
1041 1034
1041 1036
1041 1040
1041 1042
1042 596
1042 1039
1042 1041
1042 1048
1042 1055
1043 1039
1043 1044
1043 1048
1043 1049
1043 1050
1043 1072
1044 1027
1044 1029
1044 1031
1044 1038
1044 1039
1044 1043
1044 1045
1044 1050
1044 1051
1045 1027
1045 1029
1045 1030
1045 1031
1045 1038
1045 1044
1045 1050
1045 1051
1045 1052
1046 590
1046 1028
1046 1030
1046 1047
1046 1053
1046 1054
1047 590
1047 1028
1047 1046
1047 1052
1047 1053
1047 1054
1048 596
1048 1039
1048 1042
1048 1043
1048 1055
1049 1071
1049 1043
1049 1060
1049 1065
1049 1078
1049 1067
1049 1066
1049 1056
1049 1050
1049 1059
1050 1043
1050 1044
1050 1045
1050 1049
1050 1051
1050 1060
1050 1061
1050 1065
1050 1067
1050 1072
1051 1028
1051 1029
1051 1030
1051 1031
1051 1044
1051 1045
1051 1050
1051 1052
1051 1061
1052 1028
1052 1030
1052 1031
1052 1045
1052 1047
1052 1051
1052 1053
1053 590
1053 1046
1053 1047
1053 1052
1053 1054
1054 590
1054 596
1054 1046
1054 1047
1054 1053
1054 1056
1055 591
1055 596
1055 1039
1055 1042
1055 1048
1055 1056
1056 1049
1056 1054
1056 1055
1056 1057
1056 1058
1056 1063
1056 1066
1056 1068
1056 1071
1056 1072
1057 1049
1057 1059
1057 1056
1057 1060
1057 1068
1057 1058
1057 1077
1057 1070
1057 1071
1057 1072
1058 1070
1058 1071
1058 1049
1058 1072
1058 1057
1058 1066
1058 1068
1058 1065
1058 1069
1058 1063
1059 1049
1059 1057
1059 1058
1059 1060
1059 1063
1059 1065
1059 1066
1059 1067
1059 1068
1059 1072
1060 828
1060 1065
1060 1061
1060 1064
1060 1049
1060 1050
1060 1066
1060 1072
1060 1058
1060 1067
1061 1050
1061 1051
1061 1060
1061 1062
1061 1064
1061 1065
1061 1073
1062 1061
1062 1063
1062 1064
1062 1069
1062 1073
1063 1056
1063 1057
1063 1058
1063 1059
1063 1062
1063 1066
1063 1068
1063 1069
1063 1070
1063 1073
1064 827
1064 828
1064 829
1064 1060
1064 1061
1064 1062
1064 1065
1064 1067
1064 1073
1065 1059
1065 1049
1065 1057
1065 1060
1065 1064
1065 828
1065 1067
1065 1050
1065 1058
1065 1072
1066 1060
1066 1069
1066 1058
1066 1059
1066 1068
1066 1049
1066 1065
1066 1056
1066 1070
1066 1057
1067 828
1067 1049
1067 1050
1067 1059
1067 1060
1067 1064
1067 1065
1067 1072
1067 1079
1068 1049
1068 1058
1068 1056
1068 1065
1068 1072
1068 1075
1068 1060
1068 1059
1068 1071
1068 1069
1069 1058
1069 1062
1069 1063
1069 1066
1069 1068
1069 1070
1069 1073
1069 1074
1069 1075
1070 1057
1070 1058
1070 1063
1070 1066
1070 1068
1070 1069
1070 1071
1070 1075
1070 1076
1070 1077
1071 1080
1071 1076
1071 1077
1071 1049
1071 1058
1071 1075
1071 1056
1071 1066
1071 1057
1071 1068
1072 1068
1072 1049
1072 1057
1072 1071
1072 1043
1072 1059
1072 1066
1072 1078
1072 1050
1072 1060
1073 827
1073 828
1073 1061
1073 1062
1073 1063
1073 1064
1073 1069
1073 1074
1074 827
1074 828
1074 829
1074 1069
1074 1073
1074 1075
1074 1081
1075 1058
1075 1068
1075 1069
1075 1070
1075 1071
1075 1074
1075 1076
1075 1077
1076 1070
1076 1071
1076 1075
1076 1077
1076 1080
1076 1081
1077 1057
1077 1070
1077 1071
1077 1075
1077 1076
1077 1080
1077 1081
1077 1082
1078 1049
1078 1072
1078 1079
1078 1080
1078 1083
1079 831
1079 1067
1079 1078
1080 1071
1080 1076
1080 1077
1080 1078
1080 1082
1080 1084
1081 1074
1081 1076
1081 1077
1081 1082
1082 43
1082 1077
1082 1080
1082 1081
1082 1084
1082 1087
1083 43
1083 44
1083 46
1083 1078
1083 1084
1083 1085
1084 43
1084 44
1084 45
1084 80
1084 1080
1084 1082
1084 1083
1084 1085
1084 1087
1085 44
1085 46
1085 230
1085 832
1085 1083
1085 1084
1086 45
1086 221
1086 230
1086 832
1086 1087
1087 39
1087 43
1087 45
1087 221
1087 1082
1087 1084
1087 1086
1088 1122
1088 1090
1088 1109
1088 1104
1088 1101
1088 1119
1088 1089
1088 1154
1088 1153
1088 1151
1089 1088
1089 1095
1089 1093
1089 41
1089 1154
1089 1096
1089 40
1089 1092
1089 1109
1089 1125
1090 1088
1090 1153
1090 1092
1090 1154
1090 1097
1090 42
1090 1096
1090 1109
1090 1104
1090 1151
1091 221
1091 45
1091 1152
1091 1108
1091 41
1091 1151
1091 1099
1091 1095
1091 1092
1091 1093
1092 1096
1092 1090
1092 1088
1092 1127
1092 41
1092 1154
1092 1095
1092 1091
1092 1089
1092 40
1093 1098
1093 1091
1093 1108
1093 1092
1093 1099
1093 1094
1093 1095
1093 1151
1093 41
1093 1089
1094 1252
1094 1116
1094 41
1094 1095
1094 1092
1094 1098
1094 1254
1094 1253
1094 1127
1094 1125
1095 1108
1095 1151
1095 41
1095 1089
1095 1094
1095 1253
1095 1117
1095 1127
1095 1093
1095 1252
1096 1101
1096 1122
1096 1090
1096 1103
1096 1119
1096 1089
1096 1088
1096 1116
1096 1153
1096 1100
1097 1088
1097 1109
1097 1103
1097 1105
1097 1153
1097 1106
1097 1110
1097 1104
1097 1096
1097 1152
1098 1094
1098 1095
1098 1107
1098 1103
1098 1093
1098 1106
1098 1105
1098 1116
1098 41
1098 1101
1099 80
1099 41
1099 1091
1099 1105
1099 1152
1099 1098
1099 1153
1099 1093
1099 1110
1099 1108
1100 1107
1100 1118
1100 1131
1100 1119
1100 1120
1100 1101
1100 1103
1100 1122
1100 1096
1100 1116
1101 1100
1101 1109
1101 1117
1101 1127
1101 1098
1101 1122
1101 1119
1101 1129
1101 1088
1101 1131
1102 1113
1102 1115
1102 1148
1102 1112
1102 1104
1102 1106
1102 1111
1102 1103
1102 1105
1102 1114
1103 1113
1103 1111
1103 1098
1103 1107
1103 1102
1103 1105
1103 1115
1103 1100
1103 1153
1103 1104
1104 1096
1104 1100
1104 1102
1104 1111
1104 1090
1104 1106
1104 1107
1104 1088
1104 1112
1104 1153
1105 1098
1105 1110
1105 1111
1105 1103
1105 1099
1105 1153
1105 1102
1105 1104
1105 1106
1105 1112
1106 80
1106 1103
1106 1112
1106 1110
1106 1102
1106 1098
1106 1107
1106 1104
1106 1105
1106 1111
1107 1109
1107 1104
1107 1106
1107 1112
1107 1111
1107 1105
1107 1102
1107 1115
1107 1103
1107 1147
1108 1091
1108 39
1108 41
1108 1095
1108 45
1108 1152
1108 1099
1108 1151
1108 1093
1108 1092
1109 1104
1109 1096
1109 1088
1109 1089
1109 1100
1109 1107
1109 1116
1109 1101
1109 1097
1109 1103
1110 39
1110 44
1110 70
1110 80
1110 1097
1110 1099
1110 1105
1110 1106
1110 1152
1110 1153
1111 1112
1111 1104
1111 1103
1111 1115
1111 1107
1111 1105
1111 1102
1111 1148
1111 1113
1111 1149
1112 1113
1112 1104
1112 1111
1112 1115
1112 1103
1112 1149
1112 1105
1112 1114
1112 1107
1112 1106
1113 1112
1113 1111
1113 1114
1113 1147
1113 1146
1113 1103
1113 1149
1113 1102
1113 1107
1113 1148
1114 1102
1114 1107
1114 1111
1114 1112
1114 1113
1114 1115
1114 1146
1114 1147
1114 1148
1114 1149
1115 1102
1115 1103
1115 1107
1115 1111
1115 1112
1115 1113
1115 1114
1115 1147
1115 1148
1115 1149
1116 1101
1116 1098
1116 1253
1116 1119
1116 1117
1116 1125
1116 1127
1116 1096
1116 1109
1116 1100
1117 1098
1117 1127
1117 1125
1117 1252
1117 1095
1117 1093
1117 1124
1117 1133
1117 1135
1117 1254
1118 1131
1118 1145
1118 1140
1118 1137
1118 1121
1118 1141
1118 1139
1118 1119
1118 1144
1118 1146
1119 1104
1119 1122
1119 1116
1119 1100
1119 1096
1119 1118
1119 1131
1119 1109
1119 1088
1119 1103
1120 1100
1120 1131
1120 1143
1120 1144
1120 1145
1121 1143
1121 1150
1121 1140
1121 1128
1121 1123
1121 1124
1121 1122
1121 1137
1121 1141
1121 1118
1122 1109
1122 1150
1122 1123
1122 1096
1122 1088
1122 1116
1122 1119
1122 1101
1122 1125
1122 1121
1123 1126
1123 1128
1123 1129
1123 1124
1123 1122
1123 1118
1123 1150
1123 1137
1123 1139
1123 1140
1124 1137
1124 1126
1124 1139
1124 1150
1124 1128
1124 1123
1124 1125
1124 1117
1124 1140
1124 1129
1125 1129
1125 1122
1125 1101
1125 1254
1125 1124
1125 1253
1125 1094
1125 1127
1125 1117
1125 1116
1126 1139
1126 1137
1126 1128
1126 1136
1126 1124
1126 1140
1126 1130
1126 1138
1126 1141
1126 1135
1127 1092
1127 1094
1127 1095
1127 1101
1127 1116
1127 1117
1127 1125
1127 1129
1127 1252
1127 1253
1128 1137
1128 1126
1128 1139
1128 1150
1128 1121
1128 1129
1128 1124
1128 1140
1128 1136
1128 1138
1129 1127
1129 1140
1129 1254
1129 1117
1129 1141
1129 1116
1129 1123
1129 1130
1129 1124
1129 1139
1130 1134
1130 1141
1130 1139
1130 1128
1130 1124
1130 1135
1130 1136
1130 1137
1130 1254
1130 1138
1131 1145
1131 1144
1131 1142
1131 1139
1131 1100
1131 1120
1131 1141
1131 1146
1131 1137
1131 1119
1132 1133
1132 1134
1132 1135
1132 1253
1132 1254
1133 1117
1133 1132
1133 1134
1133 1135
1133 1136
1133 1253
1133 1254
1134 1117
1134 1126
1134 1130
1134 1132
1134 1133
1134 1135
1134 1253
1134 1254
1135 1117
1135 1126
1135 1128
1135 1130
1135 1132
1135 1133
1135 1134
1135 1253
1135 1254
1136 1126
1136 1128
1136 1130
1136 1133
1136 1137
1136 1138
1136 1139
1136 1141
1136 1142
1136 1145
1137 1145
1137 1126
1137 1144
1137 1128
1137 1139
1137 1130
1137 1141
1137 1123
1137 1129
1137 1131
1138 1136
1138 1142
1138 1140
1138 1126
1138 1144
1138 1146
1138 1128
1138 1141
1138 1130
1138 1145
1139 1128
1139 1136
1139 1123
1139 1138
1139 1143
1139 1144
1139 1121
1139 1130
1139 1124
1139 1118
1140 1123
1140 1129
1140 1137
1140 1118
1140 1141
1140 1121
1140 1124
1140 1150
1140 1138
1140 1126
1141 1126
1141 1121
1141 1139
1141 1138
1141 1131
1141 1145
1141 1142
1141 1123
1141 1124
1141 1150
1142 1131
1142 1136
1142 1137
1142 1138
1142 1141
1142 1143
1142 1144
1142 1145
1142 1146
1143 1145
1143 1121
1143 1141
1143 1137
1143 1131
1143 1149
1143 1146
1143 1118
1143 1150
1143 1139
1144 1137
1144 1139
1144 1131
1144 1143
1144 1141
1144 1145
1144 1142
1144 1120
1144 1138
1144 1146
1145 1146
1145 1120
1145 1143
1145 1140
1145 1136
1145 1144
1145 1142
1145 1139
1145 1138
1145 1131
1146 1114
1146 1142
1146 1143
1146 1147
1146 1149
1146 1145
1146 1138
1146 1113
1146 1118
1146 1148
1147 1102
1147 1107
1147 1113
1147 1114
1147 1115
1147 1143
1147 1145
1147 1146
1147 1148
1147 1149
1148 1102
1148 1107
1148 1111
1148 1112
1148 1113
1148 1114
1148 1115
1148 1146
1148 1147
1148 1149
1149 1102
1149 1111
1149 1112
1149 1113
1149 1114
1149 1115
1149 1143
1149 1146
1149 1147
1149 1148
1150 1137
1150 1140
1150 1118
1150 1121
1150 1124
1150 1128
1150 1143
1150 1141
1150 1139
1150 1123
1151 41
1151 1091
1151 1154
1151 1088
1151 1089
1151 1095
1151 1099
1151 1090
1151 40
1151 1152
1152 42
1152 70
1152 1090
1152 1091
1152 1097
1152 1099
1152 1108
1152 1110
1152 1151
1152 1153
1153 1105
1153 1110
1153 1099
1153 1104
1153 1152
1153 1106
1153 80
1153 1097
1153 1096
1153 1103
1154 40
1154 42
1154 1088
1154 1089
1154 1090
1154 1092
1154 1151
1155 798
1155 1012
1155 994
1155 1013
1155 780
1155 771
1155 1240
1155 1017
1155 786
1155 1007
1156 730
1156 776
1156 1216
1156 1001
1156 788
1156 719
1156 1246
1156 991
1156 1172
1156 1162
1157 1171
1157 792
1157 1012
1157 1227
1157 732
1157 1235
1157 1158
1157 724
1157 1006
1157 1165
1158 1161
1158 997
1158 1162
1158 724
1158 1231
1158 780
1158 1174
1158 775
1158 1244
1158 726
1159 774
1159 1177
1159 1011
1159 746
1159 1171
1159 1239
1159 719
1159 779
1159 1228
1159 732
1160 1196
1160 1175
1160 1168
1160 1250
1160 1163
1160 1162
1160 723
1160 758
1160 804
1160 1157
1161 726
1161 744
1161 1167
1161 1008
1161 999
1161 777
1161 1209
1161 1194
1161 1001
1161 991
1162 1194
1162 786
1162 1012
1162 1227
1162 731
1162 1008
1162 778
1162 1226
1162 992
1162 1001
1163 1195
1163 1165
1163 1006
1163 773
1163 1171
1163 721
1163 786
1163 803
1163 805
1163 751
1164 1209
1164 1010
1164 807
1164 1195
1164 997
1164 1194
1164 788
1164 1228
1164 992
1164 988
1165 742
1165 724
1165 1226
1165 1219
1165 799
1165 1212
1165 990
1165 734
1165 798
1165 1251
1166 798
1166 1177
1166 722
1166 1233
1166 1163
1166 780
1166 1228
1166 1243
1166 1229
1166 758
1167 737
1167 754
1167 1172
1167 998
1167 751
1167 761
1167 738
1167 1176
1167 1235
1167 1171
1168 1158
1168 991
1168 723
1168 1241
1168 736
1168 1208
1168 727
1168 1227
1168 732
1168 733
1169 736
1169 725
1169 733
1169 779
1169 719
1169 1246
1169 1170
1169 803
1169 775
1169 770
1170 1240
1170 771
1170 1216
1170 1243
1170 1017
1170 775
1170 1156
1170 1171
1170 1214
1170 773
1171 1007
1171 805
1171 1160
1171 1228
1171 1235
1171 807
1171 773
1171 728
1171 989
1171 779
1172 1241
1172 1194
1172 731
1172 739
1172 1232
1172 780
1172 1173
1172 1230
1172 1165
1172 1246
1173 1164
1173 1240
1173 726
1173 1194
1173 1160
1173 1196
1173 1230
1173 1232
1173 760
1173 1209
1174 726
1174 1175
1174 1229
1174 724
1174 727
1174 725
1174 1168
1174 751
1174 731
1174 1196
1175 751
1175 759
1175 746
1175 1219
1175 1229
1175 806
1175 1010
1175 798
1175 1231
1175 740
1176 1171
1176 1251
1176 1175
1176 1169
1176 354
1176 750
1176 739
1176 1010
1176 742
1176 1160
1177 759
1177 1002
1177 744
1177 782
1177 729
1177 994
1177 998
1177 783
1177 725
1177 1239
1178 1179
1178 1180
1179 31
1179 444
1179 1178
1180 1178
1182 816
1182 1183
1182 1188
1182 1193
1183 816
1183 1182
1183 1188
1184 1187
1184 1200
1184 1204
1184 1248
1185 1186
1186 813
1186 824
1186 1185
1186 1187
1187 1184
1187 1186
1187 1248
1188 986
1188 1182
1188 1183
1190 1191
1190 1193
1191 446
1191 447
1191 454
1191 1190
1191 1192
1192 445
1192 446
1192 447
1192 670
1192 980
1192 1191
1192 1204
1193 801
1193 802
1193 816
1193 984
1193 985
1193 1182
1193 1190
1194 729
1194 722
1194 725
1194 728
1194 740
1194 1208
1194 1246
1194 1220
1194 805
1194 744
1195 806
1195 742
1195 1163
1195 728
1195 1010
1195 1250
1195 805
1195 1196
1195 723
1195 804
1196 1220
1196 1209
1196 1176
1196 1207
1196 734
1196 735
1196 798
1196 1174
1196 372
1196 988
1197 753
1197 1223
1197 1221
1197 1213
1197 1198
1197 353
1197 1225
1197 1224
1197 184
1197 348
1198 348
1198 1197
1198 1202
1198 1210
1198 1213
1198 1221
1198 1222
1198 1223
1198 1225
1199 452
1199 453
1199 454
1199 524
1199 836
1199 841
1199 974
1200 445
1200 1184
1200 1204
1200 1247
1201 613
1201 1014
1201 414
1201 1155
1201 1216
1201 509
1201 1210
1201 580
1201 1000
1201 792
1202 509
1202 416
1202 1198
1202 1211
1202 414
1202 510
1202 178
1202 526
1202 525
1202 415
1203 29
1204 445
1204 1184
1204 1192
1204 1200
1204 1247
1206 379
1206 380
1206 382
1207 750
1207 1195
1207 1164
1207 739
1207 724
1207 723
1207 1239
1207 759
1207 754
1207 741
1208 1241
1208 1173
1208 1168
1208 746
1208 1195
1208 723
1208 1239
1208 1176
1208 1167
1208 1222
1209 1176
1209 1172
1209 1219
1209 1165
1209 1011
1209 354
1209 804
1209 1220
1209 1217
1209 1166
1210 1223
1210 1234
1210 1215
1210 1222
1210 348
1210 1208
1210 1225
1210 1227
1210 354
1210 1221
1211 1201
1211 1215
1211 1223
1211 1014
1211 1226
1211 1227
1211 1225
1211 1004
1211 1003
1211 1173
1212 1016
1212 1007
1212 993
1212 1157
1212 807
1212 788
1212 995
1212 989
1212 779
1212 778
1213 349
1213 183
1213 1222
1213 1218
1213 344
1213 350
1213 1197
1213 354
1213 1198
1213 1226
1214 178
1214 510
1214 416
1214 1015
1214 511
1214 1004
1214 1216
1214 424
1214 1005
1214 415
1215 1173
1215 1219
1215 1227
1215 1004
1215 1017
1215 1225
1215 1230
1215 1223
1215 354
1215 1016
1216 1219
1216 1155
1216 1226
1216 1246
1216 775
1216 1010
1216 1009
1216 1005
1216 772
1216 776
1217 1222
1217 740
1217 1250
1217 1210
1217 1211
1217 1243
1217 1234
1217 1246
1217 1164
1217 746
1218 351
1218 1209
1218 1221
1218 347
1218 1208
1218 1222
1218 1217
1218 1231
1218 793
1218 1173
1219 1163
1219 804
1219 743
1219 799
1219 1234
1219 722
1219 1172
1219 1164
1219 1161
1219 1167
1220 1229
1220 1173
1220 1168
1220 1230
1220 1222
1220 1219
1220 1209
1220 1228
1220 352
1220 1176
1221 1217
1221 1222
1221 1234
1221 1173
1221 1225
1221 1232
1221 183
1221 348
1221 352
1221 1224
1222 1198
1222 351
1222 1232
1222 348
1222 1218
1222 1213
1222 352
1222 1221
1222 354
1222 1220
1223 1225
1223 1221
1223 1202
1223 1234
1223 1197
1223 1224
1223 1213
1223 1211
1223 1218
1223 348
1224 184
1224 348
1224 1197
1224 1213
1224 1221
1224 1222
1224 1223
1224 1225
1225 1223
1225 1224
1225 1213
1225 184
1225 1198
1225 1222
1225 348
1225 1210
1225 1226
1225 1215
1226 1172
1226 1219
1226 1170
1226 1163
1226 1220
1226 1213
1226 1218
1226 1228
1226 1160
1226 1215
1227 1176
1227 1010
1227 1219
1227 722
1227 1245
1227 1216
1227 804
1227 744
1227 1008
1227 1246
1228 1244
1228 1017
1228 1007
1228 1241
1228 725
1228 1159
1228 1166
1228 780
1228 1226
1228 1242
1229 773
1229 1242
1229 736
1229 759
1229 1162
1229 1001
1229 1160
1229 1241
1229 804
1229 728
1230 1239
1230 1016
1230 1006
1230 722
1230 1210
1230 1217
1230 1175
1230 1245
1230 1155
1230 1209
1231 804
1231 1217
1231 1011
1231 738
1231 750
1231 1164
1231 1251
1231 723
1231 1207
1231 1194
1232 1165
1232 758
1232 1242
1232 1160
1232 742
1232 1159
1232 1230
1232 1167
1232 1246
1232 1162
1233 723
1233 1174
1233 737
1233 738
1233 806
1233 720
1233 1194
1233 1176
1233 786
1233 354
1234 351
1234 1230
1234 1223
1234 1233
1234 1235
1234 1219
1234 352
1234 1221
1234 1232
1234 1229
1235 759
1235 728
1235 744
1235 1219
1235 787
1235 725
1235 1196
1235 1166
1235 999
1235 1010
1236 869
1236 870
1236 872
1236 886
1236 887
1236 888
1236 890
1236 900
1236 1237
1236 1238
1237 866
1237 869
1237 887
1237 888
1237 889
1237 900
1237 903
1237 1236
1237 1238
1238 869
1238 872
1238 886
1238 888
1238 890
1238 900
1238 1236
1238 1237
1239 1209
1239 1212
1239 734
1239 988
1239 733
1239 1244
1239 992
1239 769
1239 1196
1239 787
1240 1216
1240 739
1240 1159
1240 743
1240 798
1240 1217
1240 988
1240 782
1240 742
1240 805
1241 1000
1241 720
1241 1009
1241 1227
1241 1168
1241 1001
1241 1007
1241 994
1241 787
1241 1242
1242 1003
1242 1173
1242 1162
1242 728
1242 771
1242 993
1242 742
1242 989
1242 805
1242 726
1243 803
1243 781
1243 725
1243 994
1243 737
1243 721
1243 1172
1243 1177
1243 742
1243 1158
1244 1156
1244 775
1244 1240
1244 737
1244 997
1244 1155
1244 1208
1244 787
1244 771
1244 1010
1245 997
1245 1175
1245 1162
1245 734
1245 1250
1245 1212
1245 1157
1245 726
1245 788
1245 1169
1246 1157
1246 731
1246 737
1246 733
1246 1245
1246 792
1246 1159
1246 754
1246 786
1246 1165
1247 445
1247 1200
1247 1204
1248 1184
1248 1187
1250 744
1250 762
1250 1217
1250 780
1250 372
1250 996
1250 1168
1250 1246
1250 806
1250 725
1251 737
1251 999
1251 988
1251 805
1251 1243
1251 728
1251 1165
1251 1244
1251 721
1251 1241
1252 1094
1252 1095
1252 1117
1252 1127
1252 1253
1253 1098
1253 1133
1253 1135
1253 1127
1253 1095
1253 1132
1253 1129
1253 1254
1253 1116
1253 1125
1254 1132
1254 1130
1254 1117
1254 1133
1254 1125
1254 1134
1254 1094
1254 1124
1254 1135
1254 1129
