-0.272410 0.334438 -0.001602 -0.973068 0.193577 0.125163
-0.175790 0.361756 0.001923 -0.845535 0.520472 -0.119074
-0.222178 0.347132 -0.000940 -0.143022 0.606746 -0.781923
-0.218335 0.345202 -0.003141 -0.143022 0.606747 -0.781923
-0.206804 0.339412 -0.009743 -0.143022 0.606746 -0.781923
-0.200310 0.348790 -0.003653 -0.143023 0.606747 -0.781922
-0.232516 0.339684 -0.004828 -0.143023 0.606748 -0.781922
-0.172212 0.322041 -0.029549 -0.812258 0.150052 -0.563668
-0.177646 0.341622 -0.013361 -0.143023 0.606747 -0.781923
-0.184935 0.341070 -0.012456 -0.143022 0.606747 -0.781923
-0.187984 0.334174 -0.017249 -0.143022 0.606747 -0.781923
-0.189176 0.347412 -0.006759 -0.143022 0.606746 -0.781923
-0.220588 0.329481 -0.014927 -0.143023 0.606746 -0.781923
-0.217142 0.331964 -0.013631 -0.143022 0.606747 -0.781922
-0.232119 0.335271 -0.008325 -0.143023 0.606747 -0.781923
-0.198719 0.331139 -0.017641 -0.143022 0.606746 -0.781923
-0.173427 0.320668 0.024737 -0.952576 -0.030354 0.302782
-0.178231 0.340961 0.012777 -0.164922 0.471523 0.866295
-0.185475 0.340459 0.011671 -0.164922 0.471523 0.866295
-0.207209 0.338954 0.008353 -0.164922 0.471523 0.866295
-0.189491 0.347056 0.007316 -0.164922 0.471523 0.866295
-0.188704 0.333360 0.014920 -0.164922 0.471523 0.866295
-0.222223 0.347081 0.001071 -0.164922 0.471522 0.866295
-0.218470 0.345049 0.002891 -0.164922 0.471522 0.866295
-0.232696 0.339480 0.003214 -0.164922 0.471524 0.866294
-0.200490 0.348586 0.004389 -0.164922 0.471524 0.866295
-0.221173 0.328820 0.011210 -0.164922 0.471523 0.866295
-0.217682 0.331353 0.010496 -0.164922 0.471524 0.866294
-0.199439 0.330325 0.014529 -0.164922 0.471523 0.866295
-0.232434 0.334915 0.005749 -0.164922 0.471523 0.866295
-0.176508 0.321839 -0.002376 -0.130425 -0.991063 -0.027985
-0.183885 0.322808 -0.002317 -0.130426 -0.991063 -0.027985
-0.206016 0.325716 -0.002138 -0.130425 -0.991063 -0.027985
-0.187776 0.323064 0.006761 -0.130424 -0.991063 -0.027985
-0.187371 0.323522 -0.011335 -0.130424 -0.991063 -0.027984
-0.221040 0.327349 0.010045 -0.130424 -0.991063 -0.027986
-0.217284 0.326941 0.006999 -0.130425 -0.991063 -0.027984
-0.231904 0.329031 0.001086 -0.130425 -0.991063 -0.027983
-0.198909 0.324441 0.009866 -0.130425 -0.991063 -0.027984
-0.220500 0.327959 -0.014082 -0.130425 -0.991063 -0.027987
-0.216879 0.327398 -0.011096 -0.130424 -0.991063 -0.027984
-0.198369 0.325052 -0.014261 -0.130424 -0.991063 -0.027985
-0.231769 0.329184 -0.004945 -0.130425 -0.991063 -0.027984
0.272410 0.334438 -0.001602 0.978316 0.125785 0.164548
0.172212 0.322041 -0.029549 0.885238 0.142627 -0.442733
0.220521 0.329541 -0.014940 0.148052 0.590998 -0.792970
0.216940 0.332143 -0.013669 0.148052 0.590999 -0.792970
0.206197 0.339951 -0.009855 0.148052 0.590999 -0.792970
0.198449 0.331379 -0.017691 0.148052 0.590999 -0.792970
0.231849 0.335511 -0.008375 0.148052 0.590999 -0.792970
0.173968 0.363375 0.001585 0.852060 0.508889 -0.122581
0.176769 0.342402 -0.013523 0.148053 0.590999 -0.792970
0.184126 0.341789 -0.012606 0.148053 0.590999 -0.792970
0.188097 0.348372 -0.006959 0.148052 0.590998 -0.792970
0.187511 0.334594 -0.017337 0.148052 0.590999 -0.792969
0.221301 0.347911 -0.001103 0.148052 0.590999 -0.792969
0.217525 0.345921 -0.003291 0.148052 0.590999 -0.792969
0.232044 0.340104 -0.004916 0.148052 0.590998 -0.792970
0.199230 0.349749 -0.003854 0.148052 0.590998 -0.792970
0.170739 0.321416 0.024123 0.923113 -0.006209 0.384479
0.175214 0.322199 -0.002672 0.125017 -0.992121 -0.008122
0.182690 0.323141 -0.002590 0.125016 -0.992121 -0.008123
0.205120 0.325965 -0.002343 0.125015 -0.992122 -0.008122
0.186674 0.323716 -0.011494 0.125014 -0.992122 -0.008121
0.186183 0.323507 0.006397 0.125014 -0.992122 -0.008123
0.220401 0.327987 -0.014105 0.125016 -0.992121 -0.008123
0.216581 0.327481 -0.011165 0.125016 -0.992121 -0.008123
0.231370 0.329295 -0.005036 0.125016 -0.992121 -0.008123
0.197971 0.325162 -0.014352 0.125016 -0.992121 -0.008123
0.219746 0.327709 0.009749 0.125015 -0.992122 -0.008125
0.216090 0.327273 0.006726 0.125016 -0.992121 -0.008122
0.197316 0.324885 0.009502 0.125017 -0.992121 -0.008121
0.231207 0.329225 0.000927 0.125016 -0.992122 -0.008120
0.176059 0.342101 0.012319 0.162686 0.457150 0.874384
0.183471 0.341511 0.011248 0.162687 0.457150 0.874384
0.205706 0.339743 0.008035 0.162687 0.457150 0.874384
0.186639 0.334223 0.014469 0.162687 0.457149 0.874384
0.187715 0.348210 0.006956 0.162687 0.457150 0.874384
0.219811 0.329240 0.010902 0.162687 0.457149 0.874384
0.216285 0.331866 0.010185 0.162687 0.457150 0.874384
0.231467 0.335349 0.005540 0.162687 0.457150 0.874384
0.197577 0.331008 0.014115 0.162686 0.457150 0.874384
0.221246 0.347888 0.000885 0.162686 0.457149 0.874384
0.217361 0.345852 0.002673 0.162687 0.457150 0.874384
0.199012 0.349657 0.004098 0.162687 0.457150 0.874384
0.231826 0.340011 0.003035 0.162687 0.457150 0.874384
-0.172920 0.318911 -0.005392 -0.997583 0.066341 -0.020649
-0.173122 0.314023 -0.011363 -0.997583 0.066342 -0.020649
-0.173726 0.299360 -0.029276 -0.997583 0.066342 -0.020650
-0.173020 0.311808 -0.023396 -0.997583 0.066342 -0.020649
-0.173425 0.311350 -0.005301 -0.997583 0.066344 -0.020650
-0.175539 0.255371 -0.083016 -0.930420 -0.031914 -0.365103
-0.173859 0.289890 -0.053282 -0.997583 0.066342 -0.020649
-0.173826 0.292257 -0.047280 -0.997583 0.066341 -0.020649
-0.174364 0.282329 -0.053191 -0.997583 0.066343 -0.020650
-0.173255 0.304553 -0.035368 -0.997583 0.066342 -0.020650
-0.174399 0.289280 -0.029155 -0.997583 0.066343 -0.020650
-0.174231 0.291800 -0.029185 -0.997583 0.066341 -0.020649
-0.173795 0.303943 -0.011241 -0.997583 0.066341 -0.020649
-0.174499 0.282177 -0.047159 -0.997583 0.066341 -0.020649
0.138692 0.356384 0.135607 0.769020 0.341285 0.540492
0.155429 0.339806 0.076966 0.964259 0.063915 0.257136
0.156855 0.341619 0.071167 0.964259 0.063914 0.257137
0.161133 0.347058 0.053772 0.964259 0.063914 0.257137
0.162909 0.336698 0.049687 0.964259 0.063913 0.257137
0.152227 0.348354 0.086849 0.964259 0.063912 0.257137
0.171107 0.342914 0.017400 0.964259 0.063914 0.257137
0.168613 0.343950 0.026493 0.964259 0.063913 0.257137
0.167905 0.351461 0.027283 0.964259 0.063913 0.257137
0.166828 0.337475 0.034796 0.964259 0.063914 0.257137
0.156864 0.358455 0.066949 0.964259 0.063913 0.257137
0.157931 0.355606 0.063655 0.964259 0.063914 0.257137
0.152585 0.353016 0.084344 0.964259 0.063915 0.257137
0.164344 0.355346 0.039670 0.964259 0.063914 0.257137
-0.170101 0.244017 0.120801 -0.745911 -0.168745 0.644316
-0.171904 0.281344 0.066999 -0.999603 -0.010697 0.026074
-0.172183 0.279346 0.055460 -0.999603 -0.010697 0.026074
-0.173022 0.273352 0.020841 -0.999603 -0.010696 0.026074
-0.172878 0.291122 0.033679 -0.999603 -0.010696 0.026074
-0.171769 0.265572 0.065700 -0.999603 -0.010696 0.026074
-0.174321 0.286390 -0.023586 -0.999603 -0.010697 0.026075
-0.173996 0.283130 -0.012479 -0.999603 -0.010696 0.026074
-0.174186 0.270618 -0.024885 -0.999603 -0.010696 0.026074
-0.173482 0.292383 0.011033 -0.999603 -0.010696 0.026074
-0.172842 0.252323 0.019109 -0.999603 -0.010696 0.026074
-0.172887 0.257580 0.019542 -0.999603 -0.010696 0.026074
-0.172004 0.258316 0.053728 -0.999603 -0.010696 0.026074
-0.173816 0.262101 -0.014211 -0.999603 -0.010696 0.026074
-0.138692 0.356384 0.135607 -0.770666 0.329539 0.545415
-0.156580 0.335026 0.081677 -0.946493 0.235489 0.220670
-0.157620 0.328025 0.084686 -0.946493 0.235489 0.220670
-0.160740 0.307023 0.093715 -0.946493 0.235489 0.220671
-0.163929 0.318572 0.067713 -0.946493 0.235488 0.220670
-0.152351 0.330477 0.104669 -0.946493 0.235488 0.220671
-0.170539 0.285085 0.075096 -0.946493 0.235489 0.220671
-0.168089 0.290569 0.079751 -0.946493 0.235489 0.220670
-0.166310 0.280536 0.098089 -0.946493 0.235489 0.220670
-0.167419 0.306087 0.066068 -0.946493 0.235489 0.220670
-0.155101 0.300959 0.124372 -0.946493 0.235489 0.220670
-0.156511 0.302475 0.116708 -0.946493 0.235489 0.220671
-0.151981 0.321961 0.115343 -0.946493 0.235488 0.220671
-0.162451 0.284505 0.110408 -0.946493 0.235489 0.220671
-0.004459 0.362500 0.189838 -0.010249 0.166231 0.986034
-0.075225 0.355167 0.161170 -0.373839 -0.017693 0.927325
-0.082523 0.346617 0.158065 -0.373839 -0.017693 0.927325
-0.104417 0.320967 0.148749 -0.373839 -0.017693 0.927325
-0.108544 0.341323 0.147473 -0.373839 -0.017693 0.927325
-0.063800 0.343361 0.165550 -0.373839 -0.017693 0.927325
-0.148843 0.302508 0.130487 -0.373839 -0.017693 0.927325
-0.137737 0.307123 0.135052 -0.373839 -0.017693 0.927325
-0.137418 0.290702 0.134867 -0.373839 -0.017692 0.927325
-0.126949 0.328158 0.139803 -0.373839 -0.017693 0.927325
-0.089184 0.305226 0.154589 -0.373840 -0.017692 0.927325
-0.092992 0.309161 0.153129 -0.373839 -0.017692 0.927325
-0.067290 0.330876 0.163905 -0.373839 -0.017693 0.927325
-0.122504 0.291382 0.140893 -0.373839 -0.017693 0.927325
0.000000 0.673970 0.020004 -0.003374 0.600346 0.799733
-0.066943 0.509522 0.081955 -0.351769 0.452005 0.819726
-0.062136 0.498213 0.090254 -0.351769 0.452004 0.819726
-0.047717 0.464285 0.115150 -0.351769 0.452005 0.819726
-0.082848 0.439627 0.113670 -0.351769 0.452005 0.819726
-0.036618 0.545489 0.075136 -0.351769 0.452005 0.819726
-0.068925 0.371091 0.157437 -0.351769 0.452005 0.819726
-0.063623 0.394390 0.146865 -0.351769 0.452005 0.819726
-0.038600 0.407058 0.150618 -0.351769 0.452005 0.819726
-0.083344 0.405019 0.132541 -0.351769 0.452005 0.819726
-0.007284 0.512241 0.106058 -0.351770 0.452004 0.819726
-0.017392 0.500252 0.108331 -0.351769 0.452005 0.819726
-0.021703 0.546169 0.081161 -0.351769 0.452005 0.819726
-0.023189 0.442345 0.137773 -0.351769 0.452005 0.819726
0.066612 0.509522 0.081955 0.333453 0.447642 0.829715
0.061145 0.498213 0.090254 0.333452 0.447641 0.829715
0.044744 0.464285 0.115150 0.333452 0.447642 0.829715
0.035297 0.545489 0.075136 0.333452 0.447642 0.829715
0.081527 0.439627 0.113670 0.333452 0.447642 0.829715
0.002990 0.512241 0.106058 0.333453 0.447641 0.829714
0.013428 0.500252 0.108331 0.333452 0.447642 0.829715
0.017905 0.442345 0.137773 0.333452 0.447642 0.829715
0.019391 0.546169 0.081161 0.333452 0.447642 0.829715
0.064631 0.371091 0.157437 0.333452 0.447642 0.829715
0.059659 0.394390 0.146865 0.333452 0.447641 0.829715
0.081032 0.405019 0.132541 0.333452 0.447642 0.829715
0.033315 0.407058 0.150618 0.333452 0.447642 0.829715
0.062792 0.594660 0.012521 0.791554 0.529371 0.305299
0.035370 0.624021 0.020683 0.687389 0.493991 0.532419
0.043318 0.603434 0.029523 0.687388 0.493991 0.532419
0.067161 0.541671 0.056044 0.687389 0.493991 0.532419
0.036826 0.606358 0.035190 0.687388 0.493991 0.532420
0.057757 0.579922 0.032696 0.687389 0.493991 0.532419
0.069103 0.518121 0.075388 0.687388 0.493991 0.532419
0.068618 0.524008 0.070552 0.687388 0.493991 0.532419
0.091490 0.474021 0.087401 0.687388 0.493991 0.532420
0.045260 0.579883 0.048867 0.687388 0.493991 0.532419
0.097011 0.482872 0.072062 0.687388 0.493991 0.532420
0.089548 0.497572 0.068057 0.687388 0.493991 0.532419
0.073167 0.544634 0.045541 0.687389 0.493991 0.532419
0.098467 0.465209 0.086569 0.687389 0.493991 0.532418
0.090091 0.563557 0.001138 0.915943 0.371830 0.150964
0.078747 0.570859 0.011599 0.741554 0.478913 0.469830
0.083358 0.554361 0.021138 0.741555 0.478913 0.469829
0.097192 0.504867 0.049755 0.741554 0.478913 0.469830
0.081114 0.551296 0.027805 0.741554 0.478913 0.469830
0.090214 0.540928 0.024010 0.741554 0.478913 0.469830
0.100348 0.478783 0.071363 0.741555 0.478913 0.469828
0.099559 0.485304 0.065961 0.741555 0.478913 0.469829
0.111814 0.448852 0.083774 0.741553 0.478914 0.469831
0.086514 0.528277 0.042746 0.741553 0.478913 0.469831
0.112480 0.464959 0.066304 0.741553 0.478913 0.469831
0.108658 0.474936 0.062167 0.741555 0.478912 0.469829
0.098647 0.514453 0.037687 0.741554 0.478913 0.469829
0.114847 0.445396 0.082510 0.741555 0.478912 0.469829
0.000000 0.245603 0.190855 -0.009412 -0.240364 0.970637
-0.081900 0.240199 0.154653 -0.337953 -0.442565 0.830617
-0.075600 0.230978 0.152303 -0.337953 -0.442565 0.830617
-0.056700 0.203314 0.145253 -0.337953 -0.442565 0.830617
-0.100801 0.226103 0.139452 -0.337953 -0.442565 0.830617
-0.044100 0.226632 0.162804 -0.337953 -0.442565 0.830617
0.000000 0.120323 0.124104 -0.003738 -0.694113 0.719857
-0.081900 0.184519 0.124986 -0.337953 -0.442565 0.830617
-0.075600 0.189218 0.130053 -0.337953 -0.442565 0.830617
-0.044100 0.170952 0.133137 -0.337953 -0.442565 0.830617
-0.100801 0.212183 0.132036 -0.337953 -0.442565 0.830617
-0.006300 0.185224 0.156121 -0.337953 -0.442565 0.830617
-0.018900 0.189747 0.153404 -0.337953 -0.442565 0.830617
-0.025200 0.212888 0.163171 -0.337953 -0.442565 0.830617
-0.025200 0.171128 0.140920 -0.337953 -0.442565 0.830617
-0.084047 0.301123 0.156636 -0.380748 -0.006479 0.924656
-0.077582 0.296852 0.159268 -0.380748 -0.006479 0.924656
-0.058187 0.284040 0.167165 -0.380748 -0.006479 0.924656
-0.101957 0.274970 0.149078 -0.380748 -0.006479 0.924656
-0.046743 0.314464 0.172090 -0.380748 -0.006479 0.924656
-0.082066 0.249169 0.157088 -0.380748 -0.006479 0.924656
-0.076096 0.257887 0.159607 -0.380748 -0.006479 0.924656
-0.044761 0.262510 0.172542 -0.380748 -0.006479 0.924656
-0.101461 0.261981 0.149191 -0.380748 -0.006479 0.924656
-0.008447 0.301828 0.187771 -0.380748 -0.006479 0.924656
-0.020882 0.297381 0.182619 -0.380748 -0.006479 0.924656
-0.027843 0.314640 0.179874 -0.380748 -0.006479 0.924656
-0.026356 0.275675 0.180213 -0.380748 -0.006479 0.924656
0.178648 0.244385 0.121364 0.816175 -0.112811 0.566684
0.083869 0.301300 0.156907 0.362565 0.021935 0.931700
0.077417 0.297016 0.159518 0.362565 0.021935 0.931700
0.058063 0.284163 0.167352 0.362565 0.021936 0.931700
0.043674 0.314560 0.172236 0.362565 0.021936 0.931700
0.104709 0.275188 0.149411 0.362565 0.021936 0.931700
0.004470 0.301842 0.187792 0.362565 0.021936 0.931700
0.017868 0.297422 0.182682 0.362565 0.021936 0.931700
0.025310 0.275729 0.180296 0.362565 0.021935 0.931700
0.023824 0.314695 0.179957 0.362565 0.021936 0.931700
0.085851 0.249346 0.157359 0.362565 0.021936 0.931700
0.078904 0.258050 0.159857 0.362565 0.021936 0.931700
0.105205 0.262199 0.149524 0.362565 0.021936 0.931700
0.045656 0.262605 0.172688 0.362565 0.021936 0.931700
0.071247 0.355181 0.161191 0.354541 0.007577 0.935010
0.079509 0.346658 0.158127 0.354541 0.007577 0.935010
0.104294 0.321090 0.148936 0.354541 0.007578 0.935010
0.059781 0.343416 0.165634 0.354541 0.007578 0.935010
0.107498 0.341377 0.147557 0.354541 0.007577 0.935010
0.089006 0.305403 0.154860 0.354541 0.007578 0.935010
0.092828 0.309325 0.153379 0.354541 0.007578 0.935010
0.125256 0.291600 0.141227 0.354541 0.007578 0.935010
0.064221 0.330972 0.164051 0.354541 0.007578 0.935010
0.152628 0.302685 0.130758 0.354540 0.007577 0.935010
0.140545 0.307286 0.135302 0.354541 0.007578 0.935010
0.127843 0.328253 0.139949 0.354541 0.007577 0.935010
0.141162 0.290920 0.135201 0.354541 0.007578 0.935010
0.155602 0.335399 0.081402 0.934678 0.311715 0.170909
0.157375 0.328398 0.084476 0.934679 0.311715 0.170909
0.162693 0.307395 0.093698 0.934678 0.311715 0.170909
0.152920 0.330726 0.104594 0.934679 0.311715 0.170909
0.163602 0.319070 0.067432 0.934679 0.311715 0.170909
0.159117 0.301163 0.124620 0.934679 0.311715 0.170908
0.160011 0.302721 0.116890 0.934679 0.311715 0.170909
0.167117 0.284834 0.110651 0.934678 0.311715 0.170909
0.153799 0.322167 0.115398 0.934679 0.311715 0.170909
0.173360 0.285622 0.075072 0.934679 0.311714 0.170908
0.170693 0.291065 0.079728 0.934679 0.311715 0.170909
0.168042 0.306625 0.065850 0.934678 0.311715 0.170909
0.170678 0.280948 0.098263 0.934678 0.311715 0.170909
-0.157840 0.357648 0.067134 -0.958273 0.094653 0.269729
-0.159039 0.354803 0.063873 -0.958273 0.094656 0.269729
-0.162636 0.346269 0.054089 -0.958273 0.094656 0.269729
-0.165822 0.354276 0.039962 -0.958273 0.094657 0.269729
-0.153456 0.352485 0.084523 -0.958273 0.094657 0.269729
-0.173278 0.341774 0.017859 -0.958273 0.094656 0.269729
-0.170618 0.342898 0.026916 -0.958273 0.094656 0.269729
-0.168894 0.336612 0.035247 -0.958273 0.094656 0.269729
-0.169681 0.350308 0.027643 -0.958273 0.094655 0.269729
-0.156790 0.339386 0.077274 -0.958273 0.094656 0.269729
-0.158252 0.341107 0.071478 -0.958273 0.094655 0.269729
-0.153193 0.347920 0.087058 -0.958273 0.094654 0.269729
-0.164772 0.336015 0.050101 -0.958273 0.094655 0.269730
-0.090091 0.563557 0.001138 -0.915285 0.373154 0.151689
-0.133154 0.458720 0.006496 -0.888014 0.378131 0.261624
-0.133580 0.450848 0.016428 -0.888014 0.378132 0.261623
-0.134858 0.427232 0.046223 -0.888014 0.378131 0.261624
-0.148076 0.413279 0.021525 -0.888014 0.378132 0.261623
-0.119509 0.480546 0.021263 -0.888015 0.378131 0.261623
-0.154754 0.366644 0.066260 -0.888014 0.378132 0.261623
-0.149780 0.381791 0.061251 -0.888014 0.378131 0.261624
-0.141110 0.388469 0.081027 -0.888014 0.378132 0.261623
-0.153476 0.390260 0.036466 -0.888014 0.378132 0.261623
-0.116666 0.456333 0.065911 -0.888015 0.378131 0.261623
-0.121214 0.449058 0.060989 -0.888014 0.378132 0.261624
-0.115387 0.479949 0.036117 -0.888014 0.378132 0.261623
-0.131588 0.410891 0.080940 -0.888014 0.378132 0.261623
-0.062792 0.594660 0.012521 -0.791554 0.529371 0.305299
-0.078747 0.570859 0.011599 -0.741554 0.478913 0.469830
-0.083358 0.554361 0.021138 -0.741555 0.478913 0.469829
-0.097192 0.504867 0.049755 -0.741554 0.478913 0.469830
-0.090214 0.540928 0.024010 -0.741554 0.478913 0.469830
-0.081114 0.551296 0.027805 -0.741554 0.478913 0.469830
-0.112480 0.464959 0.066304 -0.741553 0.478913 0.469831
-0.108658 0.474936 0.062167 -0.741555 0.478912 0.469829
-0.114847 0.445396 0.082510 -0.741555 0.478912 0.469829
-0.098647 0.514453 0.037687 -0.741555 0.478912 0.469829
-0.100348 0.478783 0.071363 -0.741555 0.478912 0.469829
-0.099559 0.485304 0.065961 -0.741555 0.478913 0.469829
-0.086514 0.528277 0.042746 -0.741553 0.478913 0.469831
-0.111814 0.448852 0.083774 -0.741553 0.478913 0.469831
0.225978 0.715805 -0.102973 0.667553 -0.090434 0.739050
0.160732 0.640211 -0.054339 0.770403 -0.304617 0.560079
0.166126 0.641271 -0.061183 0.770403 -0.304618 0.560078
0.182310 0.644451 -0.081715 0.770403 -0.304618 0.560078
0.146176 0.616426 -0.047253 0.770403 -0.304619 0.560077
0.191471 0.667176 -0.081957 0.770403 -0.304618 0.560077
0.230861 0.653990 -0.143310 0.770403 -0.304618 0.560078
0.162902 0.612738 -0.072267 0.770403 -0.304617 0.560078
0.167754 0.620666 -0.074629 0.770403 -0.304619 0.560077
0.193642 0.639702 -0.099885 0.770403 -0.304619 0.560078
0.146718 0.609558 -0.051735 0.770403 -0.304619 0.560077
0.223296 0.680403 -0.118539 0.770403 -0.304618 0.560078
0.213050 0.671415 -0.109333 0.770403 -0.304618 0.560078
0.207113 0.677224 -0.098007 0.770403 -0.304618 0.560078
0.208740 0.656619 -0.111453 0.770403 -0.304618 0.560078
0.081980 0.584171 0.002763 0.505635 0.131751 0.852628
0.093057 0.594297 -0.005371 0.505635 0.131751 0.852628
0.126287 0.624674 -0.029771 0.505635 0.131751 0.852628
0.103145 0.594176 -0.011335 0.505634 0.131751 0.852629
0.094045 0.604544 -0.007540 0.505635 0.131751 0.852628
0.154507 0.638014 -0.048568 0.505634 0.131752 0.852629
0.147452 0.634679 -0.043869 0.505635 0.131751 0.852628
0.166572 0.658386 -0.058871 0.505635 0.131751 0.852628
0.121277 0.607637 -0.024167 0.505635 0.131751 0.852628
0.142374 0.651837 -0.043509 0.505634 0.131751 0.852629
0.138352 0.645046 -0.040074 0.505635 0.131751 0.852628
0.109144 0.621460 -0.019108 0.505635 0.131751 0.852628
0.163539 0.661842 -0.057606 0.505635 0.131751 0.852629
0.175256 0.284628 0.045101 0.990017 0.137978 0.028779
0.174909 0.287458 0.043487 0.990018 0.137975 0.028777
0.173866 0.295947 0.038646 0.990018 0.137975 0.028777
0.173662 0.301815 0.017528 0.990018 0.137974 0.028777
0.175808 0.275930 0.067832 0.990018 0.137974 0.028776
0.171741 0.318864 0.001882 0.990017 0.137976 0.028777
0.172272 0.313135 0.011073 0.990017 0.137976 0.028778
0.172293 0.310166 0.024614 0.990017 0.137976 0.028778
0.172784 0.310374 0.006723 0.990017 0.137975 0.028777
0.174602 0.284350 0.068955 0.990017 0.137977 0.028778
0.174418 0.287249 0.061378 0.990018 0.137975 0.028777
0.175644 0.275861 0.073796 0.990018 0.137975 0.028777
0.173008 0.301538 0.041382 0.990017 0.137975 0.028777
0.173895 0.255138 -0.083365 0.895241 -0.048031 -0.442987
0.173261 0.286952 -0.049871 0.998897 0.042007 -0.020984
0.173675 0.283678 -0.036699 0.998897 0.042007 -0.020984
0.174918 0.273855 0.002817 0.998897 0.042007 -0.020984
0.173602 0.293191 -0.021144 0.998897 0.042007 -0.020984
0.174163 0.270890 -0.039082 0.998897 0.042008 -0.020984
0.175373 0.282173 0.041120 0.998897 0.042007 -0.020984
0.175259 0.280094 0.031544 0.998897 0.042007 -0.020984
0.176275 0.266111 0.051908 0.998897 0.042008 -0.020984
0.174130 0.291996 0.001604 0.998897 0.042008 -0.020984
0.176121 0.252439 0.017201 0.998897 0.042008 -0.020984
0.175820 0.257793 0.013605 0.998897 0.042007 -0.020984
0.174878 0.262262 -0.022314 0.998897 0.042007 -0.020984
0.176462 0.258677 0.045929 0.998897 0.042007 -0.020984
-0.225978 0.715805 -0.102973 -0.667552 -0.090435 0.739050
-0.142374 0.651837 -0.043509 -0.505635 0.131751 0.852629
-0.138352 0.645046 -0.040074 -0.505635 0.131751 0.852628
-0.126287 0.624674 -0.029771 -0.505635 0.131751 0.852628
-0.163539 0.661842 -0.057606 -0.505634 0.131751 0.852629
-0.109144 0.621460 -0.019108 -0.505635 0.131751 0.852628
-0.154507 0.638014 -0.048568 -0.505634 0.131751 0.852629
-0.147452 0.634679 -0.043869 -0.505635 0.131751 0.852628
-0.121277 0.607637 -0.024167 -0.505635 0.131751 0.852628
-0.166572 0.658386 -0.058871 -0.505635 0.131751 0.852628
-0.081980 0.584171 0.002763 -0.505635 0.131751 0.852628
-0.093057 0.594297 -0.005371 -0.505635 0.131751 0.852628
-0.094045 0.604544 -0.007540 -0.505635 0.131751 0.852628
-0.103145 0.594176 -0.011335 -0.505634 0.131751 0.852629
-0.160732 0.640211 -0.054339 -0.770402 -0.304618 0.560079
-0.166126 0.641271 -0.061183 -0.770403 -0.304618 0.560078
-0.182310 0.644451 -0.081715 -0.770403 -0.304618 0.560077
-0.191471 0.667176 -0.081957 -0.770403 -0.304619 0.560077
-0.146176 0.616426 -0.047253 -0.770403 -0.304619 0.560077
-0.230861 0.653990 -0.143310 -0.770403 -0.304618 0.560078
-0.223296 0.680403 -0.118539 -0.770403 -0.304618 0.560078
-0.213050 0.671415 -0.109333 -0.770403 -0.304618 0.560078
-0.208740 0.656619 -0.111453 -0.770403 -0.304618 0.560078
-0.207113 0.677224 -0.098007 -0.770403 -0.304618 0.560078
-0.162902 0.612738 -0.072267 -0.770403 -0.304618 0.560078
-0.167754 0.620666 -0.074629 -0.770403 -0.304619 0.560077
-0.146718 0.609558 -0.051735 -0.770403 -0.304619 0.560077
-0.193642 0.639702 -0.099885 -0.770403 -0.304619 0.560078
0.134738 0.121968 0.067284 0.650025 -0.647285 0.398108
0.155218 0.190621 -0.003248 0.945903 -0.322113 -0.038879
0.157020 0.194757 0.006338 0.945903 -0.322113 -0.038879
0.162427 0.207164 0.035094 0.945903 -0.322112 -0.038878
0.164447 0.219019 -0.013978 0.945903 -0.322112 -0.038878
0.151395 0.174629 0.036239 0.945903 -0.322112 -0.038878
0.174733 0.245028 0.020788 0.945903 -0.322112 -0.038878
0.171657 0.235562 0.024364 0.945903 -0.322113 -0.038879
0.170911 0.229037 0.060274 0.945903 -0.322113 -0.038878
0.169326 0.232621 -0.007969 0.945903 -0.322113 -0.038879
0.157330 0.185842 0.087743 0.945903 -0.322113 -0.038878
0.158604 0.191172 0.074581 0.945903 -0.322112 -0.038879
0.151923 0.173435 0.058986 0.945903 -0.322113 -0.038879
0.166560 0.214240 0.077013 0.945903 -0.322112 -0.038879
0.091006 0.180117 0.120680 0.345815 -0.480166 0.806135
0.094370 0.175644 0.116573 0.345815 -0.480166 0.806135
0.104462 0.162225 0.104251 0.345815 -0.480166 0.806134
0.066277 0.152731 0.114976 0.345815 -0.480166 0.806134
0.125827 0.194085 0.114063 0.345815 -0.480166 0.806134
0.071490 0.125710 0.096645 0.345815 -0.480166 0.806134
0.079733 0.134839 0.098546 0.345815 -0.480166 0.806134
0.106311 0.139677 0.090027 0.345815 -0.480166 0.806134
0.061398 0.139129 0.108967 0.345815 -0.480166 0.806134
0.150890 0.180849 0.095427 0.345816 -0.480166 0.806134
0.139283 0.176193 0.097633 0.345815 -0.480166 0.806134
0.140798 0.194268 0.107749 0.345815 -0.480166 0.806135
0.126161 0.153462 0.089723 0.345815 -0.480166 0.806134
0.006617 0.185238 0.156142 0.321977 -0.445191 0.835545
0.019850 0.189788 0.153467 0.321978 -0.445191 0.835545
0.059549 0.203437 0.145441 0.321978 -0.445191 0.835545
0.026466 0.171183 0.141004 0.321978 -0.445191 0.835545
0.026466 0.212943 0.163254 0.321978 -0.445191 0.835545
0.086016 0.184697 0.125257 0.321977 -0.445190 0.835545
0.079399 0.189382 0.130303 0.321977 -0.445191 0.835545
0.105865 0.212401 0.132369 0.321977 -0.445191 0.835545
0.046316 0.171047 0.133283 0.321978 -0.445191 0.835545
0.086016 0.240377 0.154924 0.321978 -0.445191 0.835545
0.079399 0.231142 0.152553 0.321977 -0.445191 0.835545
0.046316 0.226727 0.162950 0.321977 -0.445191 0.835545
0.105865 0.226321 0.139786 0.321977 -0.445191 0.835545
-0.097011 0.482872 0.072062 -0.687388 0.493991 0.532420
-0.089548 0.497572 0.068057 -0.687389 0.493991 0.532419
-0.067161 0.541671 0.056044 -0.687389 0.493991 0.532419
-0.098467 0.465209 0.086569 -0.687389 0.493991 0.532418
-0.073167 0.544634 0.045541 -0.687389 0.493991 0.532419
-0.069103 0.518121 0.075388 -0.687388 0.493990 0.532420
-0.068618 0.524008 0.070552 -0.687388 0.493991 0.532419
-0.045260 0.579883 0.048867 -0.687388 0.493991 0.532419
-0.091490 0.474021 0.087401 -0.687388 0.493991 0.532419
-0.035370 0.624021 0.020683 -0.687389 0.493991 0.532419
-0.043318 0.603434 0.029523 -0.687388 0.493991 0.532419
-0.057757 0.579922 0.032696 -0.687389 0.493991 0.532419
-0.036826 0.606358 0.035190 -0.687388 0.493991 0.532420
0.153877 0.367423 0.066098 0.891798 0.374235 0.254252
0.148970 0.382510 0.061101 0.891798 0.374235 0.254252
0.134250 0.427772 0.046110 0.891798 0.374235 0.254252
0.152396 0.391219 0.036265 0.891798 0.374235 0.254252
0.140637 0.388889 0.080939 0.891798 0.374235 0.254252
0.132276 0.459500 0.006334 0.891798 0.374235 0.254252
0.132770 0.451568 0.016278 0.891798 0.374235 0.254252
0.119037 0.480966 0.021175 0.891798 0.374235 0.254252
0.146996 0.414238 0.021324 0.891798 0.374235 0.254252
0.116598 0.456393 0.065899 0.891799 0.374234 0.254251
0.121011 0.449238 0.060952 0.891799 0.374234 0.254252
0.131318 0.411131 0.080890 0.891799 0.374234 0.254252
0.115117 0.480189 0.036067 0.891798 0.374234 0.254252
-0.101568 0.359096 -0.097966 -0.567381 0.380005 -0.730531
0.000000 0.247212 -0.190855 0.001280 -0.103689 -0.994609
-0.055405 0.301384 -0.142137 -0.500523 0.236932 -0.832671
-0.064646 0.297845 -0.137589 -0.500523 0.236932 -0.832671
-0.092369 0.287226 -0.123946 -0.500523 0.236932 -0.832671
-0.052338 0.277428 -0.150797 -0.500523 0.236932 -0.832671
-0.086194 0.314722 -0.119834 -0.500523 0.236932 -0.832671
-0.088281 0.255284 -0.135492 -0.500523 0.236931 -0.832671
-0.089303 0.263270 -0.132606 -0.500523 0.236932 -0.832671
-0.119070 0.268622 -0.113189 -0.500523 0.236932 -0.832671
-0.060557 0.265903 -0.149135 -0.500523 0.236932 -0.832671
-0.133422 0.305010 -0.094208 -0.500523 0.236932 -0.832671
-0.123159 0.300564 -0.101643 -0.500523 0.236932 -0.832671
-0.105699 0.315629 -0.107851 -0.500523 0.236932 -0.832671
-0.130356 0.281054 -0.102868 -0.500523 0.236932 -0.832671
0.000498 0.345110 -0.132899 0.001264 0.418997 -0.907987
-0.003522 0.298492 -0.159510 -0.218977 0.497888 -0.839140
-0.011064 0.303154 -0.154776 -0.218978 0.497888 -0.839140
-0.033690 0.317139 -0.140573 -0.218978 0.497888 -0.839140
-0.014918 0.289168 -0.162068 -0.218979 0.497888 -0.839140
-0.014752 0.321801 -0.142749 -0.218978 0.497888 -0.839140
-0.048885 0.304708 -0.143984 -0.218980 0.497887 -0.839140
-0.045086 0.307816 -0.143131 -0.218978 0.497888 -0.839140
-0.060115 0.328017 -0.127224 -0.218978 0.497889 -0.839140
-0.026259 0.290722 -0.158187 -0.218977 0.497888 -0.839140
-0.048663 0.348218 -0.118226 -0.218978 0.497888 -0.839140
-0.044920 0.340448 -0.123813 -0.218978 0.497888 -0.839140
-0.026037 0.334233 -0.132428 -0.218978 0.497888 -0.839140
-0.060059 0.338895 -0.120784 -0.218978 0.497888 -0.839140
0.000000 0.662133 -0.024732 0.000298 0.525923 -0.850532
-0.003522 0.498269 -0.079525 -0.269428 0.310597 -0.911558
-0.011064 0.487563 -0.080943 -0.269428 0.310597 -0.911558
-0.033690 0.455446 -0.085199 -0.269428 0.310597 -0.911558
-0.014752 0.429373 -0.099680 -0.269428 0.310597 -0.911558
-0.014918 0.535047 -0.063625 -0.269428 0.310597 -0.911558
-0.048663 0.363586 -0.112073 -0.269428 0.310597 -0.911558
-0.044920 0.386551 -0.105355 -0.269428 0.310597 -0.911558
-0.060059 0.400364 -0.096173 -0.269428 0.310597 -0.911558
-0.026037 0.395702 -0.107818 -0.269428 0.310597 -0.911558
-0.048885 0.504485 -0.063999 -0.269428 0.310597 -0.911558
-0.045086 0.492225 -0.069299 -0.269428 0.310597 -0.911558
-0.026259 0.536601 -0.059743 -0.269428 0.310597 -0.911558
-0.060115 0.435589 -0.084155 -0.269428 0.310597 -0.911558
0.101568 0.359096 -0.097966 0.569116 0.378682 -0.729868
0.049143 0.363586 -0.112073 0.271707 0.311151 -0.910692
0.045363 0.386551 -0.105355 0.271707 0.311151 -0.910692
0.034022 0.455446 -0.085199 0.271707 0.311151 -0.910692
0.026628 0.395702 -0.107818 0.271707 0.311151 -0.910692
0.060318 0.400364 -0.096173 0.271707 0.311151 -0.910692
0.004002 0.498269 -0.079525 0.271707 0.311151 -0.910692
0.011507 0.487563 -0.080943 0.271707 0.311151 -0.910692
0.015176 0.535047 -0.063625 0.271707 0.311151 -0.910692
0.015342 0.429373 -0.099680 0.271707 0.311151 -0.910692
0.048922 0.504485 -0.063999 0.271707 0.311151 -0.910692
0.045197 0.492225 -0.069299 0.271707 0.311151 -0.910692
0.060262 0.435589 -0.084155 0.271707 0.311151 -0.910692
0.026406 0.536601 -0.059743 0.271707 0.311151 -0.910692
0.092280 0.468764 -0.047537 0.609324 0.373285 -0.699559
0.085182 0.483638 -0.045783 0.609324 0.373285 -0.699559
0.063886 0.528262 -0.040520 0.609323 0.373285 -0.699559
0.083545 0.456999 -0.061423 0.609324 0.373285 -0.699559
0.079720 0.525152 -0.028388 0.609324 0.373285 -0.699559
0.052240 0.512575 -0.059035 0.609323 0.373285 -0.699560
0.055151 0.516497 -0.054406 0.609323 0.373285 -0.699559
0.039679 0.568964 -0.039886 0.609323 0.373285 -0.699559
0.073535 0.467952 -0.064297 0.609323 0.373285 -0.699559
0.047139 0.603447 -0.014988 0.609324 0.373286 -0.699559
0.051326 0.584651 -0.021371 0.609324 0.373285 -0.699559
0.068434 0.558823 -0.020251 0.609324 0.373285 -0.699559
0.038404 0.591682 -0.028874 0.609323 0.373285 -0.699559
0.136002 0.368729 -0.046364 0.760395 0.317344 -0.566650
0.132471 0.383716 -0.042710 0.760396 0.317343 -0.566650
0.121876 0.428676 -0.031748 0.760396 0.317343 -0.566650
0.118638 0.390496 -0.057474 0.760396 0.317343 -0.566650
0.142771 0.391922 -0.024291 0.760395 0.317343 -0.566650
0.098724 0.457699 -0.046562 0.760395 0.317343 -0.566650
0.104512 0.450443 -0.042859 0.760396 0.317343 -0.566650
0.105493 0.480892 -0.024489 0.760396 0.317343 -0.566650
0.109318 0.412738 -0.057524 0.760396 0.317343 -0.566650
0.130901 0.459600 -0.002317 0.760395 0.317343 -0.566650
0.128645 0.451869 -0.009675 0.760395 0.317343 -0.566650
0.141496 0.414640 -0.013279 0.760396 0.317343 -0.566650
0.113537 0.481367 -0.013428 0.760396 0.317343 -0.566649
0.000000 0.754551 0.004889 -0.000000 0.086355 0.996264
-0.013800 0.664522 0.000853 -0.940750 0.308529 0.140712
-0.006644 0.708219 0.003506 -0.830363 0.102729 0.547671
-0.006133 0.705585 0.004775 -0.830364 0.102729 0.547671
-0.004600 0.697681 0.008582 -0.830364 0.102729 0.547670
-0.008178 0.689263 0.004737 -0.830364 0.102729 0.547670
-0.003578 0.719272 0.006082 -0.830364 0.102729 0.547670
-0.006644 0.672405 0.010223 -0.830364 0.102729 0.547670
-0.006133 0.678724 0.009813 -0.830364 0.102729 0.547670
-0.003578 0.683458 0.012800 -0.830364 0.102729 0.547670
-0.008178 0.680309 0.006416 -0.830364 0.102729 0.547670
-0.000511 0.712418 0.012017 -0.000000 0.184360 0.982859
-0.001533 0.708734 0.011158 -0.830364 0.102729 0.547671
-0.002044 0.720322 0.008210 -0.830363 0.102729 0.547671
-0.002044 0.693462 0.013248 -0.830363 0.102730 0.547671
-0.005656 0.754551 -0.000708 -0.996237 0.055569 0.066508
-0.009368 0.711204 0.000251 -0.701369 0.075735 0.708763
-0.008647 0.714538 0.000608 -0.701370 0.075735 0.708763
-0.006485 0.724541 0.001678 -0.701370 0.075735 0.708763
-0.009644 0.701200 0.001046 -0.701370 0.075735 0.708763
-0.006929 0.731210 0.000526 -0.701369 0.075735 0.708763
-0.006854 0.711204 0.002738 -0.701370 0.075735 0.708763
-0.006762 0.714538 0.002473 -0.701369 0.075735 0.708763
-0.004416 0.731210 0.003013 -0.701370 0.075735 0.708763
-0.003234 0.751217 0.002045 -0.701370 0.075735 0.708763
-0.004047 0.744548 0.001953 -0.701370 0.075735 0.708763
-0.005396 0.741213 0.000974 -0.701370 0.075735 0.708763
-0.003511 0.741213 0.002840 -0.701369 0.075735 0.708763
0.000000 0.833157 0.005768 0.000000 -0.064528 0.997916
-0.002723 0.792398 0.002617 -0.703367 -0.007948 0.710782
-0.002514 0.789487 0.002792 -0.703367 -0.007948 0.710782
-0.001885 0.780753 0.003316 -0.703367 -0.007948 0.710782
-0.003352 0.774930 0.001800 -0.703367 -0.007948 0.710782
-0.001466 0.801132 0.003959 -0.703368 -0.007948 0.710782
-0.002723 0.757462 0.002227 -0.703367 -0.007948 0.710782
-0.002514 0.763285 0.002499 -0.703368 -0.007948 0.710782
-0.001466 0.766196 0.003568 -0.703368 -0.007948 0.710782
-0.003352 0.766196 0.001702 -0.703368 -0.007948 0.710782
-0.000209 0.792398 0.005105 -0.000000 -0.011182 0.999937
-0.000628 0.789487 0.004658 -0.703368 -0.007948 0.710782
-0.000838 0.774930 0.004288 -0.703368 -0.007948 0.710782
-0.006493 0.833157 -0.001053 -0.998633 -0.038921 -0.034886
-0.005850 0.795310 -0.000634 -0.724299 -0.004686 0.689470
-0.005400 0.798221 -0.000142 -0.724299 -0.004686 0.689470
-0.004050 0.806955 0.001336 -0.724299 -0.004686 0.689470
-0.005035 0.786576 0.000162 -0.724299 -0.004686 0.689470
-0.005314 0.812778 0.000047 -0.724299 -0.004686 0.689470
-0.002964 0.795310 0.002397 -0.724299 -0.004686 0.689470
-0.003235 0.798221 0.002132 -0.724299 -0.004686 0.689470
-0.002428 0.812778 0.003079 -0.724299 -0.004686 0.689470
-0.003336 0.830246 0.002244 -0.724299 -0.004686 0.689470
-0.003514 0.824423 0.002017 -0.724299 -0.004686 0.689470
-0.004686 0.821512 0.000767 -0.724299 -0.004686 0.689470
-0.002521 0.821512 0.003040 -0.724299 -0.004686 0.689470
0.000000 0.858595 0.010309 -0.009878 -0.521708 0.853067
-0.003126 0.845405 0.004670 -0.793983 -0.067212 0.604214
-0.002886 0.844463 0.004755 -0.718882 -0.122159 0.684314
-0.002164 0.841636 0.005008 -0.718883 -0.122158 0.684314
-0.003848 0.839752 0.002903 -0.718881 -0.122160 0.684315
-0.001683 0.848231 0.006691 -0.718883 -0.122159 0.684314
-0.003126 0.834099 0.002652 -0.718883 -0.122158 0.684314
-0.002886 0.835983 0.003241 -0.718882 -0.122159 0.684314
-0.001683 0.836926 0.004672 -0.718883 -0.122158 0.684314
-0.003848 0.836926 0.002399 -0.718883 -0.122158 0.684314
-0.000240 0.845405 0.007702 -0.000000 -0.175734 0.984438
-0.000721 0.844463 0.007028 -0.718883 -0.122158 0.684313
-0.000962 0.839752 0.005935 -0.718884 -0.122159 0.684312
-0.006949 0.858595 -0.001256 -0.895783 -0.409349 -0.173225
-0.006472 0.846347 -0.000730 -0.993847 -0.018687 -0.109175
-0.005974 0.847289 0.000119 -0.857112 -0.011255 0.515008
-0.004481 0.850116 0.002667 -0.857111 -0.011255 0.515008
-0.005649 0.843521 0.000578 -0.857111 -0.011255 0.515008
-0.005801 0.852000 0.000510 -0.857111 -0.011255 0.515008
-0.003658 0.847289 0.003974 -0.857111 -0.011255 0.515008
-0.002713 0.852000 0.005650 -0.857111 -0.011255 0.515008
-0.004877 0.843521 0.001863 -0.857112 -0.011255 0.515008
-0.003586 0.857653 0.004320 -0.857111 -0.011255 0.515008
-0.003810 0.855769 0.003907 -0.857111 -0.011255 0.515008
-0.005080 0.854826 0.001772 -0.857111 -0.011255 0.515008
-0.002764 0.854826 0.005627 -0.857111 -0.011255 0.515008
0.013800 0.664522 0.000853 0.940750 0.308529 0.140712
0.006644 0.708219 0.003506 0.830363 0.102729 0.547671
0.006133 0.705585 0.004775 0.830364 0.102729 0.547671
0.004600 0.697681 0.008582 0.830364 0.102729 0.547670
0.003578 0.719272 0.006082 0.830364 0.102729 0.547670
0.008178 0.689263 0.004737 0.830364 0.102729 0.547670
0.001533 0.708734 0.011158 0.830364 0.102729 0.547671
0.002044 0.693462 0.013248 0.830363 0.102730 0.547671
0.002044 0.720322 0.008210 0.830363 0.102729 0.547671
0.006644 0.672405 0.010223 0.830364 0.102729 0.547670
0.006133 0.678724 0.009813 0.830364 0.102729 0.547670
0.008178 0.680309 0.006416 0.830364 0.102729 0.547670
0.003578 0.683458 0.012800 0.830364 0.102729 0.547670
0.005656 0.754551 -0.000708 0.996237 0.055569 0.066508
0.003234 0.751217 0.002045 0.701370 0.075735 0.708763
0.004047 0.744548 0.001953 0.701370 0.075735 0.708763
0.006485 0.724541 0.001678 0.701370 0.075735 0.708763
0.003511 0.741213 0.002840 0.701369 0.075735 0.708763
0.005396 0.741213 0.000974 0.701370 0.075735 0.708763
0.006854 0.711204 0.002738 0.701370 0.075735 0.708763
0.006762 0.714538 0.002473 0.701369 0.075735 0.708763
0.009016 0.701200 0.001668 0.701370 0.075735 0.708763
0.004416 0.731210 0.003013 0.701370 0.075735 0.708763
0.009368 0.711204 0.000251 0.701369 0.075735 0.708763
0.008647 0.714538 0.000608 0.701370 0.075735 0.708763
0.006929 0.731210 0.000526 0.701369 0.075735 0.708763
0.003234 0.706719 -0.012217 0.875142 0.070866 -0.478650
0.004047 0.703473 -0.011212 0.875141 0.070866 -0.478650
0.006485 0.693735 -0.008196 0.875141 0.070866 -0.478650
0.005396 0.717253 -0.006705 0.875141 0.070866 -0.478650
0.003511 0.686447 -0.014713 0.875141 0.070866 -0.478650
0.009368 0.707781 -0.000846 0.875142 0.070866 -0.478649
0.008647 0.704269 -0.002684 0.875141 0.070866 -0.478650
0.009644 0.687509 -0.003342 0.875142 0.070866 -0.478650
0.006929 0.717519 -0.003862 0.875141 0.070866 -0.478650
0.006854 0.666706 -0.011524 0.875141 0.070866 -0.478650
0.006762 0.673463 -0.010692 0.875141 0.070866 -0.478650
0.004416 0.676444 -0.014540 0.875141 0.070866 -0.478650
0.009016 0.677240 -0.006011 0.875142 0.070866 -0.478650
0.000000 0.754551 -0.007006 0.000000 0.053671 -0.998559
0.002723 0.751128 -0.004630 0.737975 0.127116 -0.662748
0.002514 0.744282 -0.006176 0.737975 0.127117 -0.662748
0.001885 0.723745 -0.010815 0.737975 0.127117 -0.662748
0.003352 0.740859 -0.005900 0.737974 0.127117 -0.662748
0.001466 0.740859 -0.007999 0.737975 0.127117 -0.662747
0.002723 0.710053 -0.012508 0.737978 0.127115 -0.662744
0.002514 0.713476 -0.012085 0.737974 0.127117 -0.662749
0.001466 0.699785 -0.015877 0.737975 0.127117 -0.662748
0.003352 0.730591 -0.007869 0.737974 0.127117 -0.662749
0.000209 0.710053 -0.015307 0.000000 0.188369 -0.982098
0.000628 0.713476 -0.014184 0.737976 0.127116 -0.662747
0.000838 0.730591 -0.010669 0.737976 0.127117 -0.662746
-0.002723 0.751128 -0.004630 -0.737975 0.127116 -0.662748
-0.002514 0.744282 -0.006176 -0.737975 0.127117 -0.662748
-0.001885 0.723745 -0.010815 -0.737975 0.127117 -0.662748
-0.001466 0.740859 -0.007999 -0.737975 0.127117 -0.662747
-0.003352 0.740859 -0.005900 -0.737974 0.127117 -0.662749
-0.000628 0.713476 -0.014184 -0.737976 0.127116 -0.662747
-0.000838 0.699785 -0.016577 -0.737975 0.127117 -0.662748
-0.000838 0.730591 -0.010669 -0.737976 0.127117 -0.662746
-0.002723 0.710053 -0.012508 -0.737978 0.127115 -0.662744
-0.002514 0.713476 -0.012085 -0.737974 0.127117 -0.662749
-0.003352 0.730591 -0.007869 -0.737974 0.127117 -0.662749
-0.003336 0.792398 -0.003906 -0.743966 -0.010854 -0.668129
-0.003514 0.789487 -0.003660 -0.743967 -0.010854 -0.668129
-0.004050 0.780753 -0.002922 -0.743967 -0.010854 -0.668129
-0.002521 0.774930 -0.004530 -0.743967 -0.010854 -0.668129
-0.004686 0.801132 -0.002545 -0.743967 -0.010854 -0.668129
-0.002964 0.757462 -0.003753 -0.743967 -0.010854 -0.668129
-0.003235 0.763285 -0.003545 -0.743967 -0.010854 -0.668129
-0.004314 0.766196 -0.002392 -0.743967 -0.010854 -0.668129
-0.002428 0.766196 -0.004491 -0.743966 -0.010854 -0.668129
-0.005850 0.792398 -0.001107 -0.743966 -0.010854 -0.668129
-0.005400 0.789487 -0.001561 -0.743967 -0.010854 -0.668129
-0.005035 0.774930 -0.001730 -0.743967 -0.010854 -0.668129
0.002723 0.792398 0.002617 0.703367 -0.007948 0.710782
0.002514 0.789487 0.002792 0.703367 -0.007948 0.710782
0.001885 0.780753 0.003316 0.703367 -0.007948 0.710782
0.001466 0.801132 0.003959 0.703368 -0.007948 0.710782
0.003352 0.774930 0.001800 0.703367 -0.007948 0.710782
0.000628 0.789487 0.004658 0.703368 -0.007948 0.710782
0.000838 0.774930 0.004288 0.703368 -0.007948 0.710782
0.002723 0.757462 0.002227 0.703367 -0.007948 0.710782
0.002514 0.763285 0.002499 0.703368 -0.007948 0.710782
0.003352 0.766196 0.001702 0.703368 -0.007948 0.710782
0.001466 0.766196 0.003568 0.703367 -0.007948 0.710782
0.006493 0.833157 -0.001053 0.998633 -0.038921 -0.034886
0.003336 0.830246 0.002244 0.724299 -0.004686 0.689470
0.003514 0.824423 0.002017 0.724299 -0.004686 0.689470
0.004050 0.806955 0.001336 0.724299 -0.004686 0.689470
0.002521 0.821512 0.003040 0.724299 -0.004686 0.689470
0.004686 0.821512 0.000767 0.724299 -0.004686 0.689470
0.002964 0.795310 0.002397 0.724299 -0.004686 0.689470
0.003235 0.798221 0.002132 0.724299 -0.004686 0.689470
0.004314 0.786576 0.000920 0.724299 -0.004686 0.689470
0.002428 0.812778 0.003079 0.724299 -0.004686 0.689470
0.005850 0.795310 -0.000634 0.724299 -0.004686 0.689470
0.005400 0.798221 -0.000142 0.724299 -0.004686 0.689470
0.005314 0.812778 0.000047 0.724299 -0.004686 0.689470
0.003336 0.792398 -0.003906 0.743966 -0.010854 -0.668129
0.003514 0.789487 -0.003660 0.743967 -0.010854 -0.668129
0.004050 0.780753 -0.002922 0.743967 -0.010854 -0.668129
0.004686 0.801132 -0.002545 0.743967 -0.010854 -0.668129
0.002521 0.774930 -0.004530 0.743967 -0.010854 -0.668129
0.005850 0.792398 -0.001107 0.743966 -0.010854 -0.668129
0.005400 0.789487 -0.001561 0.743967 -0.010854 -0.668129
0.005035 0.774930 -0.001730 0.743967 -0.010854 -0.668129
0.002964 0.757462 -0.003753 0.743967 -0.010854 -0.668129
0.003235 0.763285 -0.003545 0.743967 -0.010854 -0.668129
0.002428 0.766196 -0.004491 0.743966 -0.010854 -0.668129
0.004314 0.766196 -0.002392 0.743967 -0.010854 -0.668129
0.000000 0.833157 -0.007885 0.000000 -0.065161 -0.997875
0.003126 0.830246 -0.004563 0.724840 -0.007703 -0.688874
0.002886 0.824423 -0.004751 0.724840 -0.007703 -0.688874
0.002164 0.806955 -0.005315 0.724840 -0.007703 -0.688874
0.003848 0.821512 -0.003706 0.724840 -0.007703 -0.688874
0.001683 0.821512 -0.005984 0.724840 -0.007703 -0.688874
0.003126 0.795310 -0.004172 0.724840 -0.007703 -0.688874
0.002886 0.798221 -0.004458 0.724840 -0.007703 -0.688874
0.001683 0.786576 -0.005593 0.724840 -0.007703 -0.688874
0.003848 0.812778 -0.003609 0.724840 -0.007703 -0.688874
0.000240 0.795310 -0.007209 0.000000 -0.011182 -0.999937
0.000721 0.798221 -0.006735 0.724840 -0.007703 -0.688874
0.000962 0.812778 -0.006645 0.724840 -0.007703 -0.688874
-0.003126 0.830246 -0.004563 -0.724840 -0.007703 -0.688874
-0.002886 0.824423 -0.004751 -0.724840 -0.007703 -0.688874
-0.002164 0.806955 -0.005315 -0.724840 -0.007703 -0.688874
-0.001683 0.821512 -0.005984 -0.724840 -0.007703 -0.688874
-0.003848 0.821512 -0.003706 -0.724840 -0.007703 -0.688874
-0.000721 0.798221 -0.006735 -0.724840 -0.007703 -0.688874
-0.000962 0.786576 -0.006352 -0.724840 -0.007703 -0.688874
-0.000962 0.812778 -0.006645 -0.724840 -0.007703 -0.688874
-0.003126 0.795310 -0.004172 -0.724840 -0.007703 -0.688874
-0.002886 0.798221 -0.004458 -0.724840 -0.007703 -0.688874
-0.003848 0.812778 -0.003609 -0.724840 -0.007703 -0.688874
-0.003586 0.845405 -0.004440 -0.792659 -0.058389 -0.606862
-0.003810 0.844463 -0.004180 -0.724738 -0.018488 -0.688777
-0.004481 0.841636 -0.003398 -0.724738 -0.018488 -0.688777
-0.002764 0.839752 -0.005154 -0.724738 -0.018488 -0.688776
-0.005080 0.848231 -0.002945 -0.724738 -0.018488 -0.688777
-0.003384 0.834099 -0.004350 -0.724738 -0.018488 -0.688777
-0.003658 0.835983 -0.004112 -0.724738 -0.018488 -0.688777
-0.004877 0.836926 -0.002854 -0.724738 -0.018488 -0.688777
-0.002713 0.836926 -0.005132 -0.724738 -0.018488 -0.688777
-0.005974 0.844463 -0.001902 -0.724738 -0.018488 -0.688777
-0.005649 0.839752 -0.002118 -0.724737 -0.018488 -0.688777
0.003126 0.845405 0.004670 0.793983 -0.067212 0.604214
0.002886 0.844463 0.004755 0.718882 -0.122159 0.684314
0.002164 0.841636 0.005008 0.718883 -0.122158 0.684314
0.001683 0.848231 0.006691 0.718882 -0.122159 0.684314
0.003848 0.839752 0.002903 0.718881 -0.122160 0.684315
0.000721 0.844463 0.007028 0.718883 -0.122158 0.684313
0.000962 0.839752 0.005935 0.718884 -0.122159 0.684312
0.003126 0.834099 0.002652 0.718883 -0.122158 0.684314
0.002886 0.835983 0.003241 0.718882 -0.122159 0.684314
0.003848 0.836926 0.002399 0.718883 -0.122158 0.684314
0.001683 0.836926 0.004672 0.718883 -0.122158 0.684314
0.006949 0.858595 -0.001256 0.888741 -0.423983 -0.174294
0.003586 0.857653 0.004320 0.857111 -0.011255 0.515008
0.003810 0.855769 0.003907 0.857111 -0.011255 0.515008
0.004481 0.850116 0.002667 0.857111 -0.011255 0.515008
0.002764 0.854826 0.005627 0.857111 -0.011255 0.515008
0.005080 0.854826 0.001772 0.857112 -0.011255 0.515008
0.003658 0.847289 0.003974 0.857111 -0.011255 0.515008
0.004877 0.843521 0.001863 0.857112 -0.011255 0.515008
0.002713 0.852000 0.005650 0.857111 -0.011255 0.515008
0.006472 0.846347 -0.000730 0.993847 -0.018687 -0.109176
0.005974 0.847289 0.000119 0.857112 -0.011255 0.515008
0.005801 0.852000 0.000510 0.857111 -0.011255 0.515008
0.005649 0.843521 0.000578 0.857111 -0.011255 0.515008
0.003586 0.845405 -0.004440 0.792659 -0.058389 -0.606862
0.003810 0.844463 -0.004180 0.724738 -0.018488 -0.688777
0.004481 0.841636 -0.003398 0.724738 -0.018488 -0.688777
0.005080 0.848231 -0.002945 0.724738 -0.018488 -0.688777
0.002764 0.839752 -0.005154 0.724738 -0.018488 -0.688776
0.005974 0.844463 -0.001902 0.724738 -0.018488 -0.688777
0.005649 0.839752 -0.002118 0.724737 -0.018488 -0.688777
0.003384 0.834099 -0.004350 0.724738 -0.018488 -0.688777
0.003658 0.835983 -0.004112 0.724738 -0.018488 -0.688777
0.002713 0.836926 -0.005132 0.724738 -0.018488 -0.688777
0.004877 0.836926 -0.002854 0.724738 -0.018488 -0.688777
-0.139921 0.359004 -0.047337 -0.738811 0.376411 -0.558993
-0.142405 0.356161 -0.045969 -0.738811 0.376412 -0.558993
-0.149857 0.347631 -0.041864 -0.738811 0.376411 -0.558993
-0.131277 0.354296 -0.061933 -0.738810 0.376412 -0.558993
-0.156017 0.355183 -0.028637 -0.738810 0.376412 -0.558993
-0.138331 0.341353 -0.061325 -0.738811 0.376411 -0.558993
-0.141212 0.342923 -0.056460 -0.738811 0.376410 -0.558994
-0.154427 0.337532 -0.042624 -0.738811 0.376411 -0.558994
-0.130879 0.349883 -0.065430 -0.738811 0.376410 -0.558994
-0.171318 0.342535 -0.016930 -0.738811 0.376411 -0.558993
-0.165953 0.343809 -0.023163 -0.738811 0.376411 -0.558993
-0.163867 0.351065 -0.021035 -0.738811 0.376411 -0.558993
-0.162674 0.337827 -0.031525 -0.738811 0.376411 -0.558993
-0.098791 0.457639 -0.046550 -0.756622 0.319095 -0.570702
-0.104714 0.450263 -0.042821 -0.756623 0.319095 -0.570702
-0.122483 0.428136 -0.031635 -0.756622 0.319096 -0.570702
-0.109588 0.412498 -0.057474 -0.756623 0.319095 -0.570702
-0.105763 0.480652 -0.024439 -0.756623 0.319095 -0.570702
-0.136879 0.367949 -0.046201 -0.756622 0.319095 -0.570702
-0.133280 0.382996 -0.042559 -0.756622 0.319095 -0.570702
-0.143851 0.390963 -0.024090 -0.756623 0.319096 -0.570702
-0.119110 0.390076 -0.057387 -0.756622 0.319096 -0.570702
-0.131779 0.458821 -0.002155 -0.756623 0.319096 -0.570701
-0.129455 0.451150 -0.009525 -0.756622 0.319095 -0.570702
-0.114010 0.480948 -0.013341 -0.756622 0.319095 -0.570702
-0.142576 0.413681 -0.013079 -0.756622 0.319095 -0.570702
0.048922 0.304708 -0.143984 0.221574 0.495929 -0.839618
0.045197 0.307816 -0.143131 0.221573 0.495930 -0.839618
0.034022 0.317139 -0.140573 0.221572 0.495930 -0.839618
0.026406 0.290722 -0.158187 0.221572 0.495930 -0.839618
0.060262 0.328017 -0.127224 0.221572 0.495931 -0.839618
0.004002 0.298492 -0.159510 0.221571 0.495930 -0.839619
0.011507 0.303154 -0.154776 0.221572 0.495930 -0.839618
0.015342 0.321801 -0.142749 0.221572 0.495930 -0.839618
0.015176 0.289168 -0.162068 0.221573 0.495930 -0.839618
0.049143 0.348218 -0.118226 0.221572 0.495930 -0.839618
0.045363 0.340448 -0.123813 0.221572 0.495931 -0.839618
0.060318 0.338895 -0.120784 0.221572 0.495930 -0.839618
0.026628 0.334233 -0.132428 0.221572 0.495930 -0.839618
0.087489 0.255172 -0.135660 0.503535 0.233495 -0.831825
0.088572 0.263166 -0.132761 0.503535 0.233495 -0.831825
0.091821 0.287149 -0.124062 0.503535 0.233495 -0.831825
0.060131 0.265842 -0.149226 0.503535 0.233495 -0.831825
0.118096 0.268484 -0.113396 0.503535 0.233495 -0.831825
0.055344 0.301376 -0.142150 0.503535 0.233495 -0.831825
0.064463 0.297819 -0.137628 0.503535 0.233495 -0.831825
0.085951 0.314688 -0.119885 0.503535 0.233495 -0.831825
0.052095 0.277393 -0.150848 0.503535 0.233495 -0.831825
0.132630 0.304898 -0.094376 0.503535 0.233495 -0.831825
0.122428 0.300461 -0.101798 0.503535 0.233495 -0.831825
0.129381 0.280916 -0.103075 0.503535 0.233495 -0.831825
0.105272 0.315569 -0.107942 0.503535 0.233495 -0.831825
0.138263 0.341413 -0.061337 0.738257 0.385535 -0.553480
0.141010 0.343103 -0.056497 0.738257 0.385534 -0.553480
0.149249 0.348171 -0.041977 0.738257 0.385535 -0.553480
0.130609 0.350123 -0.065480 0.738257 0.385534 -0.553480
0.154157 0.337771 -0.042674 0.738257 0.385534 -0.553480
0.139044 0.359784 -0.047500 0.738257 0.385533 -0.553480
0.141595 0.356881 -0.046119 0.738257 0.385534 -0.553480
0.154937 0.356142 -0.028837 0.738257 0.385534 -0.553480
0.130804 0.354716 -0.062021 0.738257 0.385535 -0.553480
0.170441 0.343315 -0.017093 0.738257 0.385534 -0.553480
0.165143 0.344529 -0.023314 0.738257 0.385534 -0.553480
0.162201 0.338247 -0.031613 0.738257 0.385534 -0.553480
0.162787 0.352025 -0.021235 0.738257 0.385534 -0.553480
0.139009 0.307670 -0.088402 0.733435 0.437165 -0.520538
0.141563 0.308775 -0.083875 0.733435 0.437165 -0.520538
0.149225 0.312092 -0.070293 0.733435 0.437165 -0.520538
0.130785 0.326654 -0.084045 0.733435 0.437165 -0.520538
0.154894 0.292002 -0.079178 0.733435 0.437165 -0.520538
0.138261 0.337404 -0.064484 0.733435 0.437165 -0.520538
0.141002 0.331076 -0.065936 0.733435 0.437165 -0.520538
0.154146 0.321736 -0.055259 0.733435 0.437165 -0.520538
0.130598 0.334088 -0.078065 0.733435 0.437165 -0.520538
0.170406 0.291201 -0.057994 0.733435 0.437165 -0.520538
0.165111 0.296424 -0.061069 0.733435 0.437165 -0.520538
0.162744 0.287884 -0.071576 0.733435 0.437165 -0.520538
0.162183 0.310185 -0.053637 0.733435 0.437165 -0.520538
0.033570 0.625995 -0.005837 0.743057 0.667856 -0.042836
0.037918 0.621192 -0.005301 0.743057 0.667856 -0.042834
0.050961 0.606783 -0.003691 0.743057 0.667856 -0.042838
0.050557 0.607545 0.001176 0.743057 0.667856 -0.042836
0.029626 0.630036 -0.011241 0.743057 0.667856 -0.042836
0.073610 0.582183 0.005661 0.743056 0.667857 -0.042838
0.067948 0.588333 0.003323 0.743057 0.667856 -0.042834
0.069667 0.586225 0.000257 0.743057 0.667856 -0.042833
0.060567 0.596592 0.004051 0.743057 0.667856 -0.042837
0.045703 0.612171 -0.010896 0.743057 0.667855 -0.042842
0.047017 0.610824 -0.009095 0.743057 0.667856 -0.042835
0.032659 0.626580 -0.012506 0.743056 0.667857 -0.042832
0.062690 0.593722 -0.003883 0.743057 0.667856 -0.042833
0.036878 0.630796 0.005523 0.763189 0.459287 -0.454531
0.034041 0.633207 0.003196 0.763188 0.459285 -0.454534
0.025531 0.640438 -0.003786 0.763188 0.459286 -0.454533
0.040788 0.622768 0.003977 0.763187 0.459285 -0.454536
0.024457 0.646056 0.000088 0.763188 0.459286 -0.454534
0.030744 0.629734 -0.005848 0.763187 0.459282 -0.454539
0.029441 0.632410 -0.005332 0.763188 0.459285 -0.454534
0.018324 0.644994 -0.011283 0.763188 0.459288 -0.454531
0.039255 0.622503 0.001134 0.763189 0.459288 -0.454530
0.008970 0.660784 -0.011034 0.763188 0.459286 -0.454533
0.013110 0.655698 -0.009222 0.763188 0.459287 -0.454533
0.017480 0.653553 -0.004052 0.763188 0.459286 -0.454533
0.012880 0.652756 -0.012580 0.763188 0.459286 -0.454533
-0.047139 0.603447 -0.014988 -0.609324 0.373286 -0.699559
-0.051326 0.584651 -0.021371 -0.609324 0.373285 -0.699559
-0.063886 0.528262 -0.040520 -0.609324 0.373285 -0.699559
-0.038404 0.591682 -0.028874 -0.609323 0.373285 -0.699559
-0.068434 0.558823 -0.020251 -0.609324 0.373285 -0.699559
-0.052240 0.512575 -0.059035 -0.609322 0.373285 -0.699560
-0.055151 0.516497 -0.054406 -0.609323 0.373285 -0.699559
-0.073535 0.467952 -0.064297 -0.609323 0.373285 -0.699559
-0.039679 0.568964 -0.039886 -0.609323 0.373285 -0.699559
-0.092280 0.468764 -0.047537 -0.609324 0.373285 -0.699559
-0.085182 0.483638 -0.045783 -0.609324 0.373285 -0.699559
-0.079720 0.525152 -0.028388 -0.609324 0.373285 -0.699559
-0.083545 0.456999 -0.061423 -0.609324 0.373285 -0.699559
-0.033570 0.625995 -0.005837 -0.743057 0.667856 -0.042836
-0.037918 0.621192 -0.005301 -0.743057 0.667856 -0.042834
-0.050961 0.606783 -0.003691 -0.743057 0.667856 -0.042838
-0.029626 0.630036 -0.011241 -0.743057 0.667856 -0.042836
-0.050557 0.607545 0.001176 -0.743057 0.667856 -0.042836
-0.045703 0.612171 -0.010896 -0.743057 0.667855 -0.042842
-0.047017 0.610824 -0.009095 -0.743057 0.667856 -0.042835
-0.062690 0.593722 -0.003883 -0.743057 0.667856 -0.042833
-0.032659 0.626580 -0.012506 -0.743056 0.667857 -0.042833
-0.073610 0.582183 0.005661 -0.743056 0.667857 -0.042838
-0.067948 0.588333 0.003323 -0.743057 0.667856 -0.042834
-0.060567 0.596592 0.004051 -0.743057 0.667856 -0.042837
-0.069667 0.586225 0.000257 -0.743057 0.667856 -0.042833
-0.036878 0.631235 0.007180 -0.767876 0.582872 0.265757
-0.034041 0.634522 0.008167 -0.767874 0.582872 0.265764
-0.025531 0.644384 0.011126 -0.767874 0.582872 0.265763
-0.040788 0.624522 0.010605 -0.767873 0.582871 0.265766
-0.024457 0.647809 0.006715 -0.767873 0.582872 0.265764
-0.030744 0.635434 0.015692 -0.767872 0.582870 0.265774
-0.029441 0.637671 0.014550 -0.767873 0.582871 0.265768
-0.018324 0.652008 0.015227 -0.767873 0.582872 0.265767
-0.039255 0.625572 0.012732 -0.767873 0.582872 0.265766
-0.008970 0.666484 0.010506 -0.767873 0.582871 0.265766
-0.013110 0.660959 0.010661 -0.767873 0.582872 0.265766
-0.017480 0.656622 0.007547 -0.767872 0.582873 0.265766
-0.012880 0.659771 0.013930 -0.767873 0.582873 0.265763
-0.030744 0.629734 -0.005848 -0.763187 0.459282 -0.454538
-0.029441 0.632410 -0.005332 -0.763188 0.459285 -0.454535
-0.025531 0.640438 -0.003786 -0.763188 0.459286 -0.454533
-0.039255 0.622503 0.001134 -0.763189 0.459288 -0.454530
-0.018324 0.644994 -0.011283 -0.763188 0.459288 -0.454531
-0.036878 0.630796 0.005523 -0.763189 0.459287 -0.454531
-0.034041 0.633207 0.003196 -0.763188 0.459285 -0.454534
-0.024457 0.646056 0.000088 -0.763188 0.459286 -0.454534
-0.040788 0.622768 0.003977 -0.763188 0.459285 -0.454535
-0.008970 0.660784 -0.011034 -0.763188 0.459286 -0.454533
-0.013110 0.655698 -0.009222 -0.763188 0.459287 -0.454533
-0.012880 0.652756 -0.012580 -0.763188 0.459286 -0.454533
-0.017480 0.653553 -0.004052 -0.763188 0.459286 -0.454533
0.000000 0.858595 -0.012683 -0.010842 -0.559710 -0.828617
-0.000257 0.846347 -0.009950 0.000000 -0.185347 -0.982673
-0.000772 0.847289 -0.009281 -0.850342 -0.097536 -0.517112
-0.002316 0.850116 -0.007275 -0.850343 -0.097535 -0.517111
-0.001029 0.843521 -0.008147 -0.850343 -0.097535 -0.517111
-0.001029 0.852000 -0.009746 -0.850343 -0.097535 -0.517111
-0.003088 0.847289 -0.005472 -0.850343 -0.097536 -0.517110
-0.004118 0.852000 -0.004668 -0.850343 -0.097535 -0.517111
-0.001802 0.843521 -0.006877 -0.850343 -0.097535 -0.517112
-0.003346 0.857653 -0.007003 -0.850343 -0.097535 -0.517111
-0.003088 0.855769 -0.007071 -0.850343 -0.097535 -0.517111
-0.001802 0.854826 -0.009010 -0.850343 -0.097535 -0.517111
-0.004118 0.854826 -0.005201 -0.850343 -0.097535 -0.517111
0.003088 0.847289 -0.005472 0.850343 -0.097536 -0.517111
0.002316 0.850116 -0.007275 0.850343 -0.097535 -0.517111
0.001802 0.843521 -0.006877 0.850342 -0.097535 -0.517112
0.004118 0.852000 -0.004668 0.850343 -0.097535 -0.517111
0.000772 0.847289 -0.009281 0.850342 -0.097536 -0.517112
0.001029 0.852000 -0.009746 0.850343 -0.097535 -0.517111
0.001029 0.843521 -0.008147 0.850343 -0.097535 -0.517111
0.003346 0.857653 -0.007003 0.850343 -0.097535 -0.517111
0.003088 0.855769 -0.007071 0.850343 -0.097535 -0.517111
0.004118 0.854826 -0.005201 0.850343 -0.097535 -0.517111
0.001802 0.854826 -0.009010 0.850343 -0.097535 -0.517111
-0.171197 0.291313 -0.057826 -0.732032 0.448081 -0.513178
-0.165841 0.296527 -0.060914 -0.732033 0.448081 -0.513178
-0.149773 0.312169 -0.070177 -0.732033 0.448081 -0.513178
-0.162609 0.310246 -0.053547 -0.732033 0.448081 -0.513178
-0.163718 0.288022 -0.071369 -0.732033 0.448081 -0.513177
-0.138321 0.337413 -0.064471 -0.732033 0.448080 -0.513179
-0.141184 0.331102 -0.065897 -0.732033 0.448081 -0.513178
-0.130842 0.334122 -0.078013 -0.732033 0.448081 -0.513177
-0.154390 0.321771 -0.055208 -0.732033 0.448081 -0.513178
-0.139800 0.307782 -0.088234 -0.732033 0.448081 -0.513178
-0.142293 0.308879 -0.083720 -0.732033 0.448081 -0.513177
-0.155868 0.292140 -0.078971 -0.732033 0.448081 -0.513178
-0.131211 0.326715 -0.083954 -0.732033 0.448081 -0.513178
0.030744 0.635434 0.015692 0.767872 0.582870 0.265774
0.029441 0.637671 0.014550 0.767873 0.582871 0.265768
0.025531 0.644384 0.011126 0.767874 0.582872 0.265763
0.039255 0.625572 0.012732 0.767873 0.582871 0.265766
0.018324 0.652008 0.015227 0.767873 0.582872 0.265767
0.036878 0.631235 0.007180 0.767875 0.582872 0.265758
0.034041 0.634522 0.008167 0.767874 0.582872 0.265764
0.024457 0.647809 0.006715 0.767873 0.582872 0.265764
0.040788 0.624522 0.010605 0.767873 0.582871 0.265767
0.008970 0.666484 0.010506 0.767873 0.582871 0.265766
0.013110 0.660959 0.010661 0.767873 0.582872 0.265766
0.012880 0.659771 0.013930 0.767873 0.582873 0.265763
0.017480 0.656622 0.007547 0.767872 0.582873 0.265766
-0.003234 0.706719 -0.012217 -0.875142 0.070866 -0.478650
-0.004047 0.703473 -0.011212 -0.875141 0.070866 -0.478650
-0.006485 0.693735 -0.008196 -0.875141 0.070866 -0.478650
-0.003511 0.686447 -0.014713 -0.875141 0.070866 -0.478650
-0.005396 0.717253 -0.006705 -0.875141 0.070866 -0.478650
-0.006854 0.666706 -0.011524 -0.875141 0.070866 -0.478650
-0.006762 0.673463 -0.010692 -0.875141 0.070866 -0.478650
-0.009016 0.677240 -0.006011 -0.875142 0.070866 -0.478650
-0.004416 0.676444 -0.014540 -0.875141 0.070866 -0.478650
-0.009368 0.707781 -0.000846 -0.875142 0.070866 -0.478649
-0.008647 0.704269 -0.002684 -0.875141 0.070866 -0.478650
-0.006929 0.717519 -0.003862 -0.875141 0.070866 -0.478650
-0.009644 0.687509 -0.003342 -0.875142 0.070866 -0.478650
0.000000 0.085065 0.007577 -0.000000 -0.990137 -0.140101
0.004678 0.164653 -0.090757 -0.125650 -0.768215 -0.627740
0.014033 0.161682 -0.088994 -0.125650 -0.768215 -0.627740
0.042099 0.152769 -0.083704 -0.125650 -0.768215 -0.627740
0.018711 0.187221 -0.121184 -0.125650 -0.768215 -0.627740
0.018711 0.133172 -0.055040 -0.125650 -0.768215 -0.627740
0.126298 0.126029 -0.067834 0.478502 -0.569699 -0.668191
0.060810 0.182859 -0.124273 -0.125650 -0.768215 -0.627740
0.056132 0.175337 -0.114131 -0.125650 -0.768215 -0.627740
0.074843 0.151378 -0.088556 -0.125650 -0.768215 -0.627740
0.032744 0.191772 -0.129563 -0.125650 -0.768215 -0.627740
0.060810 0.110794 -0.036081 -0.125650 -0.768215 -0.627740
0.056132 0.121288 -0.047987 -0.125650 -0.768215 -0.627740
0.032744 0.119707 -0.041371 -0.125650 -0.768215 -0.627740
0.074843 0.133362 -0.066508 -0.125650 -0.768215 -0.627740
-0.126298 0.126029 -0.067834 -0.476231 -0.572421 -0.667487
-0.060810 0.182859 -0.124273 0.125650 -0.768215 -0.627740
-0.056132 0.175337 -0.114131 0.125650 -0.768215 -0.627740
-0.042099 0.152769 -0.083704 0.125650 -0.768215 -0.627740
-0.032744 0.191772 -0.129563 0.125650 -0.768215 -0.627740
-0.074843 0.151378 -0.088556 0.125650 -0.768215 -0.627740
-0.004678 0.164653 -0.090757 0.125650 -0.768215 -0.627740
-0.014033 0.161682 -0.088994 0.125650 -0.768215 -0.627740
-0.018711 0.133172 -0.055040 0.125650 -0.768215 -0.627740
-0.018711 0.187221 -0.121184 0.125650 -0.768215 -0.627740
-0.060810 0.110794 -0.036081 0.125650 -0.768215 -0.627740
-0.056132 0.121288 -0.047987 0.125650 -0.768215 -0.627740
-0.074843 0.133362 -0.066508 0.125650 -0.768215 -0.627740
-0.032744 0.119707 -0.041371 0.125650 -0.768215 -0.627740
0.067242 0.099683 0.035841 -0.294741 -0.357595 0.886146
0.066987 0.092015 0.032662 -0.294741 -0.357595 0.886146
0.066223 0.069011 0.023125 -0.294741 -0.357595 0.886146
0.044403 0.082030 0.021121 -0.294741 -0.357595 0.886146
0.089316 0.094331 0.041024 -0.294741 -0.357595 0.886146
0.063931 0.000000 -0.005486 0.128293 -0.990526 -0.048972
0.035772 0.045475 0.003499 -0.294741 -0.357595 0.886146
0.043385 0.051359 0.008405 -0.294741 -0.357595 0.886146
0.057846 0.040123 0.008681 -0.294741 -0.357595 0.886146
0.036536 0.068478 0.013036 -0.294741 -0.357595 0.886146
0.095655 0.061876 0.030035 -0.294741 -0.357594 0.886146
0.088297 0.063660 0.028308 -0.294741 -0.357595 0.886146
0.096419 0.084880 0.039572 -0.294741 -0.357595 0.886146
0.072817 0.044224 0.015316 -0.294741 -0.357595 0.886146
0.064874 0.104139 0.040641 0.132633 -0.948690 0.287048
0.059884 0.105384 0.047061 0.132633 -0.948689 0.287049
0.044913 0.109119 0.066322 0.132633 -0.948689 0.287048
0.079845 0.112157 0.060222 0.132633 -0.948689 0.287049
0.034932 0.099856 0.040320 0.132633 -0.948689 0.287049
0.064874 0.119809 0.092430 0.132633 -0.948689 0.287049
0.059884 0.117137 0.085903 0.132633 -0.948689 0.287049
0.034932 0.115526 0.092110 0.132633 -0.948690 0.287048
0.079845 0.116074 0.073170 0.132633 -0.948690 0.287048
0.004990 0.103408 0.065894 0.132633 -0.948689 0.287048
0.014971 0.104836 0.066001 0.132633 -0.948689 0.287048
0.019961 0.099673 0.046633 0.132633 -0.948689 0.287048
0.019961 0.111426 0.085476 0.132633 -0.948689 0.287048
0.149528 0.188042 -0.070308 0.933324 -0.352364 -0.068889
0.148390 0.182960 -0.059724 0.933324 -0.352364 -0.068889
0.144977 0.167712 -0.027972 0.933324 -0.352364 -0.068889
0.155754 0.201936 -0.057020 0.933324 -0.352364 -0.068890
0.139888 0.158900 -0.051843 0.933324 -0.352364 -0.068890
0.153279 0.186237 -0.010255 0.933324 -0.352364 -0.068889
0.151203 0.181606 -0.014684 0.933324 -0.352364 -0.068890
0.143639 0.157095 0.008209 0.933324 -0.352364 -0.068889
0.156692 0.201485 -0.042007 0.933324 -0.352364 -0.068889
0.132125 0.128856 -0.003352 0.933324 -0.352364 -0.068889
0.135338 0.138570 -0.009507 0.933324 -0.352364 -0.068890
0.135538 0.144103 -0.035104 0.933324 -0.352364 -0.068890
0.138351 0.142750 0.009935 0.933324 -0.352364 -0.068889
0.128052 0.119406 -0.000468 0.880111 -0.469714 -0.069093
0.123119 0.110221 -0.000854 0.880111 -0.469714 -0.069093
0.108322 0.082666 -0.002012 0.880111 -0.469714 -0.069093
0.122060 0.104952 0.021473 0.880111 -0.469714 -0.069092
0.119247 0.106305 -0.023567 0.880111 -0.469715 -0.069093
0.100333 0.063393 0.027242 0.880111 -0.469715 -0.069092
0.102330 0.068211 0.019929 0.880111 -0.469714 -0.069093
0.091528 0.050292 0.004144 0.880111 -0.469714 -0.069093
0.115130 0.090948 0.028400 0.880111 -0.469714 -0.069093
0.096582 0.065198 -0.032810 0.880111 -0.469714 -0.069093
0.099517 0.069565 -0.025111 0.880111 -0.469714 -0.069092
0.111379 0.092753 -0.031652 0.880111 -0.469714 -0.069092
0.090590 0.050744 -0.010870 0.880111 -0.469714 -0.069092
0.035459 0.045625 -0.001506 -0.451531 -0.206034 -0.868142
0.042447 0.051810 -0.006608 -0.451531 -0.206034 -0.868142
0.063410 0.070365 -0.021914 -0.451531 -0.206034 -0.868142
0.035286 0.069080 -0.006982 -0.451531 -0.206034 -0.868142
0.056596 0.040725 -0.011336 -0.451531 -0.206034 -0.868142
0.063178 0.101638 -0.029216 -0.451531 -0.206034 -0.868142
0.063236 0.093820 -0.027390 -0.451531 -0.206034 -0.868142
0.084315 0.096738 -0.039046 -0.451531 -0.206034 -0.868142
0.042215 0.083083 -0.013909 -0.451531 -0.206034 -0.868142
0.091592 0.063831 -0.035022 -0.451531 -0.206034 -0.868142
0.084546 0.065465 -0.031745 -0.451531 -0.206034 -0.868142
0.070629 0.045276 -0.019715 -0.451531 -0.206034 -0.868142
0.091418 0.087286 -0.040498 -0.451531 -0.206034 -0.868142
0.144537 0.192681 -0.079868 0.513164 -0.286507 -0.809059
0.133419 0.196876 -0.088406 0.513164 -0.286507 -0.809059
0.100064 0.209460 -0.114018 0.513164 -0.286507 -0.809059
0.119927 0.177455 -0.090086 0.513164 -0.286507 -0.809059
0.135793 0.220491 -0.095263 0.513164 -0.286506 -0.809059
0.067251 0.189158 -0.127642 0.513164 -0.286507 -0.809059
0.075454 0.194234 -0.124236 0.513164 -0.286506 -0.809059
0.058506 0.216968 -0.143036 0.513164 -0.286506 -0.809059
0.100605 0.176574 -0.102029 0.513164 -0.286506 -0.809059
0.088405 0.246540 -0.134544 0.513164 -0.286507 -0.809059
0.091320 0.237270 -0.129413 0.513164 -0.286506 -0.809059
0.121760 0.233956 -0.108932 0.513164 -0.286506 -0.809059
0.063795 0.231314 -0.144762 0.513164 -0.286506 -0.809059
-0.134738 0.121968 0.067284 -0.653048 -0.636007 0.411124
-0.063931 0.000000 -0.005486 -0.128293 -0.990526 -0.048972
-0.095655 0.061876 0.030035 0.294741 -0.357595 0.886146
-0.088297 0.063660 0.028308 0.294741 -0.357595 0.886146
-0.066223 0.069011 0.023125 0.294741 -0.357595 0.886146
-0.072817 0.044224 0.015316 0.294741 -0.357595 0.886146
-0.096419 0.084880 0.039572 0.294741 -0.357595 0.886146
-0.035772 0.045475 0.003499 0.294741 -0.357595 0.886146
-0.043385 0.051359 0.008405 0.294741 -0.357595 0.886146
-0.036536 0.068478 0.013036 0.294741 -0.357595 0.886146
-0.057846 0.040123 0.008681 0.294741 -0.357595 0.886146
-0.067242 0.099683 0.035841 0.294741 -0.357595 0.886145
-0.066987 0.092015 0.032662 0.294741 -0.357595 0.886146
-0.089316 0.094331 0.041024 0.294741 -0.357595 0.886146
-0.044403 0.082030 0.021121 0.294741 -0.357595 0.886146
-0.064874 0.104139 0.040641 -0.132633 -0.948689 0.287048
-0.059884 0.105384 0.047061 -0.132633 -0.948689 0.287049
-0.044913 0.109119 0.066322 -0.132633 -0.948689 0.287048
-0.034932 0.099856 0.040320 -0.132633 -0.948689 0.287049
-0.079845 0.112157 0.060222 -0.132633 -0.948689 0.287049
-0.004990 0.103408 0.065894 -0.132633 -0.948689 0.287048
-0.014971 0.104836 0.066001 -0.132633 -0.948689 0.287048
-0.019961 0.111426 0.085476 -0.132633 -0.948689 0.287048
-0.019961 0.099673 0.046633 -0.132633 -0.948689 0.287048
-0.064874 0.119809 0.092430 -0.132633 -0.948689 0.287049
-0.059884 0.117137 0.085903 -0.132633 -0.948689 0.287049
-0.079845 0.116074 0.073170 -0.132633 -0.948690 0.287048
-0.034932 0.115526 0.092110 -0.132633 -0.948690 0.287048
-0.071174 0.125696 0.096624 -0.349900 -0.459373 0.816423
-0.078784 0.134798 0.098484 -0.349900 -0.459373 0.816423
-0.101613 0.162103 0.104063 -0.349900 -0.459373 0.816423
-0.060132 0.139075 0.108884 -0.349900 -0.459373 0.816423
-0.105045 0.139623 0.089944 -0.349900 -0.459373 0.816423
-0.086891 0.179940 0.120409 -0.349900 -0.459373 0.816423
-0.090571 0.175481 0.116323 -0.349900 -0.459373 0.816423
-0.120762 0.193867 0.113729 -0.349900 -0.459373 0.816423
-0.064061 0.152636 0.114830 -0.349900 -0.459373 0.816423
-0.146774 0.180671 0.095156 -0.349900 -0.459373 0.816423
-0.135484 0.176029 0.097383 -0.349900 -0.459373 0.816423
-0.123945 0.153367 0.089577 -0.349900 -0.459373 0.816423
-0.135733 0.194050 0.107416 -0.349900 -0.459373 0.816423
-0.096582 0.065198 -0.032810 -0.880110 -0.469714 -0.069093
-0.099517 0.069565 -0.025111 -0.880111 -0.469714 -0.069092
-0.108322 0.082666 -0.002012 -0.880111 -0.469714 -0.069093
-0.090590 0.050744 -0.010870 -0.880111 -0.469714 -0.069092
-0.111379 0.092753 -0.031652 -0.880111 -0.469714 -0.069092
-0.100333 0.063393 0.027242 -0.880111 -0.469715 -0.069092
-0.102330 0.068211 0.019929 -0.880111 -0.469714 -0.069093
-0.115130 0.090948 0.028400 -0.880111 -0.469714 -0.069093
-0.091528 0.050292 0.004144 -0.880111 -0.469714 -0.069093
-0.128052 0.119406 -0.000468 -0.880111 -0.469714 -0.069093
-0.123119 0.110221 -0.000854 -0.880111 -0.469714 -0.069093
-0.119247 0.106305 -0.023567 -0.880111 -0.469715 -0.069093
-0.122060 0.104952 0.021473 -0.880111 -0.469715 -0.069092
-0.091592 0.063831 -0.035022 0.451531 -0.206034 -0.868141
-0.084546 0.065465 -0.031745 0.451531 -0.206034 -0.868142
-0.063410 0.070365 -0.021914 0.451531 -0.206034 -0.868142
-0.091418 0.087286 -0.040498 0.451531 -0.206034 -0.868142
-0.070629 0.045276 -0.019715 0.451531 -0.206034 -0.868142
-0.063178 0.101638 -0.029216 0.451531 -0.206034 -0.868142
-0.063236 0.093820 -0.027390 0.451531 -0.206034 -0.868142
-0.042215 0.083083 -0.013909 0.451531 -0.206034 -0.868142
-0.084315 0.096738 -0.039046 0.451531 -0.206034 -0.868142
-0.035459 0.045625 -0.001506 0.451531 -0.206034 -0.868142
-0.042447 0.051810 -0.006608 0.451531 -0.206034 -0.868142
-0.056596 0.040725 -0.011336 0.451531 -0.206034 -0.868142
-0.035286 0.069080 -0.006982 0.451531 -0.206034 -0.868142
-0.089196 0.246652 -0.134376 -0.510768 -0.289471 -0.809520
-0.092050 0.237373 -0.129258 -0.510768 -0.289472 -0.809520
-0.100612 0.209537 -0.113902 -0.510768 -0.289472 -0.809520
-0.064221 0.231374 -0.144671 -0.510767 -0.289472 -0.809520
-0.122734 0.234094 -0.108725 -0.510768 -0.289472 -0.809520
-0.067312 0.189167 -0.127629 -0.510768 -0.289472 -0.809520
-0.075637 0.194259 -0.124197 -0.510767 -0.289472 -0.809520
-0.100849 0.176609 -0.101978 -0.510767 -0.289472 -0.809520
-0.058750 0.217003 -0.142985 -0.510767 -0.289472 -0.809520
-0.145329 0.192793 -0.079700 -0.510768 -0.289472 -0.809520
-0.134150 0.196979 -0.088251 -0.510768 -0.289472 -0.809520
-0.136767 0.220629 -0.095056 -0.510768 -0.289472 -0.809520
-0.120353 0.177515 -0.089995 -0.510768 -0.289472 -0.809520
-0.153276 0.185673 0.087485 -0.959283 -0.282275 0.009870
-0.154988 0.191035 0.074369 -0.959283 -0.282275 0.009870
-0.160126 0.207119 0.035023 -0.959283 -0.282275 0.009870
-0.161738 0.214057 0.076731 -0.959283 -0.282275 0.009870
-0.149951 0.173374 0.058892 -0.959283 -0.282275 0.009870
-0.171410 0.244963 0.020685 -0.959283 -0.282275 0.009870
-0.168589 0.235502 0.024269 -0.959283 -0.282275 0.009870
-0.168085 0.232664 -0.007908 -0.959283 -0.282274 0.009870
-0.166272 0.228879 0.060031 -0.959283 -0.282274 0.009870
-0.155693 0.190719 -0.003101 -0.959283 -0.282275 0.009870
-0.156801 0.194819 0.006430 -0.959283 -0.282275 0.009870
-0.150555 0.174635 0.036246 -0.959283 -0.282275 0.009870
-0.164155 0.219103 -0.013854 -0.959283 -0.282275 0.009870
-0.132185 0.128864 -0.003339 -0.929623 -0.362005 -0.068948
-0.135520 0.138595 -0.009468 -0.929623 -0.362004 -0.068948
-0.145525 0.167789 -0.027855 -0.929623 -0.362004 -0.068948
-0.138594 0.142784 0.009987 -0.929623 -0.362004 -0.068948
-0.135781 0.144138 -0.035053 -0.929623 -0.362004 -0.068948
-0.154070 0.186349 -0.010087 -0.929623 -0.362004 -0.068948
-0.151934 0.181709 -0.014529 -0.929623 -0.362004 -0.068948
-0.157666 0.201623 -0.041800 -0.929623 -0.362004 -0.068948
-0.144066 0.157156 0.008300 -0.929623 -0.362005 -0.068948
-0.150319 0.188154 -0.070139 -0.929623 -0.362004 -0.068949
-0.149121 0.183063 -0.059568 -0.929623 -0.362004 -0.068948
-0.140315 0.158960 -0.051753 -0.929623 -0.362004 -0.068948
-0.156728 0.202074 -0.056813 -0.929623 -0.362004 -0.068947
-0.000910 1.000000 -0.062519 -0.039939 0.653069 -0.756245
-0.082124 0.915239 -0.003015 -0.842884 -0.533540 0.069869
-0.040013 0.956961 -0.029144 -0.533939 0.764761 0.360624
-0.037005 0.955644 -0.021897 -0.533939 0.764761 0.360624
-0.027981 0.951692 -0.000157 -0.533939 0.764761 0.360624
-0.049037 0.940858 -0.008356 -0.533939 0.764761 0.360624
-0.021965 0.969112 -0.028191 -0.533939 0.764761 0.360624
-0.000910 0.939838 0.065064 -0.027399 0.241037 0.970129
-0.040013 0.930222 0.027560 -0.533939 0.764760 0.360626
-0.037005 0.935590 0.020631 -0.533939 0.764761 0.360624
-0.021965 0.942373 0.028513 -0.533939 0.764761 0.360625
-0.049037 0.934174 0.005820 -0.533939 0.764761 0.360624
-0.003918 0.967894 0.001114 -0.533937 0.764762 0.360625
-0.009934 0.963843 0.000796 -0.533939 0.764761 0.360624
-0.012942 0.971845 -0.020627 -0.533939 0.764761 0.360624
-0.012942 0.951791 0.021901 -0.533939 0.764761 0.360625
-0.039799 0.885868 -0.007605 -0.560630 -0.754626 -0.340930
-0.037272 0.883770 -0.007116 -0.560629 -0.754626 -0.340931
-0.029691 0.877476 -0.005651 -0.560630 -0.754626 -0.340931
-0.022321 0.873280 -0.008484 -0.560630 -0.754626 -0.340930
-0.049696 0.892162 -0.005261 -0.560630 -0.754626 -0.340930
-0.006387 0.860693 -0.006823 -0.560630 -0.754626 -0.340931
-0.012213 0.864889 -0.006530 -0.560629 -0.754626 -0.340931
-0.016284 0.866987 -0.004479 -0.560630 -0.754626 -0.340931
-0.013968 0.866987 -0.008288 -0.560630 -0.754626 -0.340931
-0.042887 0.885868 -0.002526 -0.601799 -0.798647 0.000970
-0.039588 0.883770 -0.003307 -0.560630 -0.754626 -0.340931
-0.050468 0.892162 -0.003991 -0.560630 -0.754626 -0.340930
-0.025409 0.873280 -0.003405 -0.560629 -0.754626 -0.340931
-0.003480 0.928777 -0.036320 -0.323228 -0.316402 -0.891860
-0.009529 0.927735 -0.033758 -0.323228 -0.316402 -0.891859
-0.027678 0.924611 -0.026072 -0.323228 -0.316402 -0.891859
-0.012402 0.903647 -0.024171 -0.323228 -0.316402 -0.891859
-0.012706 0.950782 -0.040783 -0.323228 -0.316402 -0.891859
-0.039575 0.891105 -0.009874 -0.323228 -0.316402 -0.891859
-0.036601 0.899482 -0.013923 -0.323228 -0.316402 -0.891860
-0.048801 0.913111 -0.014337 -0.323228 -0.316402 -0.891860
-0.021426 0.894229 -0.017560 -0.323228 -0.316402 -0.891859
-0.039979 0.953952 -0.032023 -0.323228 -0.316402 -0.891859
-0.036904 0.946617 -0.030535 -0.323228 -0.316402 -0.891859
-0.021831 0.957076 -0.039709 -0.323228 -0.316402 -0.891860
-0.048902 0.928822 -0.019874 -0.323228 -0.316402 -0.891859
-0.039799 0.885868 0.003465 -0.570434 -0.746408 0.342753
-0.037272 0.883770 0.003102 -0.570434 -0.746408 0.342754
-0.029691 0.877476 0.002013 -0.570434 -0.746408 0.342754
-0.049696 0.892162 0.000700 -0.570434 -0.746408 0.342754
-0.022321 0.873280 0.005141 -0.570434 -0.746408 0.342754
-0.039588 0.883770 -0.000753 -0.570434 -0.746408 0.342754
-0.025409 0.873280 0.000001 -0.570434 -0.746408 0.342754
-0.050468 0.892162 -0.000585 -0.570434 -0.746408 0.342754
-0.006387 0.860693 0.004247 -0.570434 -0.746408 0.342754
-0.012213 0.864889 0.003689 -0.570434 -0.746408 0.342754
-0.013968 0.866987 0.005337 -0.570434 -0.746408 0.342754
-0.016284 0.866987 0.001482 -0.570434 -0.746408 0.342754
-0.039979 0.924985 0.030257 -0.462991 -0.498935 0.732600
-0.036904 0.919878 0.028723 -0.462992 -0.498934 0.732601
-0.027678 0.904557 0.024119 -0.462992 -0.498933 0.732601
-0.048902 0.913225 0.016609 -0.462992 -0.498934 0.732601
-0.021831 0.921425 0.039302 -0.462992 -0.498934 0.732600
-0.039575 0.888877 0.005922 -0.462992 -0.498934 0.732601
-0.036601 0.892797 0.010471 -0.462992 -0.498934 0.732601
-0.021426 0.885316 0.014966 -0.462992 -0.498934 0.732601
-0.048801 0.904198 0.010525 -0.462992 -0.498933 0.732601
-0.003480 0.899810 0.036179 -0.462993 -0.498933 0.732600
-0.009529 0.900997 0.033164 -0.462993 -0.498934 0.732600
-0.012706 0.915131 0.040782 -0.462992 -0.498934 0.732600
-0.012402 0.888050 0.022531 -0.462992 -0.498933 0.732601
0.002384 0.967894 0.001114 0.499495 0.783569 0.369493
0.008973 0.963843 0.000796 0.499496 0.783568 0.369493
0.028740 0.951692 -0.000157 0.499496 0.783568 0.369493
0.012268 0.951791 0.021901 0.499496 0.783568 0.369493
0.012268 0.971845 -0.020627 0.499497 0.783568 0.369493
0.088039 0.915239 -0.003015 0.823670 -0.561645 0.078249
0.041917 0.930222 0.027560 0.499497 0.783567 0.369494
0.038623 0.935590 0.020631 0.499496 0.783568 0.369493
0.051801 0.934174 0.005820 0.499497 0.783568 0.369492
0.022151 0.942373 0.028513 0.499496 0.783568 0.369493
0.041917 0.956961 -0.029144 0.499496 0.783568 0.369493
0.038623 0.955644 -0.021897 0.499497 0.783568 0.369493
0.022151 0.969112 -0.028191 0.499497 0.783568 0.369493
0.051801 0.940858 -0.008356 0.499497 0.783568 0.369492
0.045735 0.885868 -0.002526 0.572667 -0.819788 0.000868
0.042217 0.883770 -0.003307 0.536547 -0.778239 -0.326286
0.031663 0.877476 -0.005651 0.536547 -0.778239 -0.326286
0.026943 0.873280 -0.003405 0.536547 -0.778238 -0.326286
0.053973 0.892162 -0.003991 0.536547 -0.778238 -0.326286
0.006607 0.860693 -0.006823 0.536547 -0.778239 -0.326285
0.012871 0.864889 -0.006530 0.536547 -0.778239 -0.326285
0.014844 0.866987 -0.008288 0.536547 -0.778239 -0.326285
0.017161 0.866987 -0.004479 0.536547 -0.778239 -0.326285
0.042647 0.885868 -0.007605 0.536547 -0.778239 -0.326286
0.039901 0.883770 -0.007116 0.536547 -0.778239 -0.326285
0.053201 0.892162 -0.005261 0.536547 -0.778239 -0.326285
0.023854 0.873280 -0.008484 0.536547 -0.778239 -0.326285
0.041951 0.953952 -0.032023 0.301606 -0.315189 -0.899827
0.038724 0.946617 -0.030535 0.301607 -0.315189 -0.899827
0.029043 0.924611 -0.026072 0.301606 -0.315189 -0.899827
0.051935 0.928822 -0.019874 0.301606 -0.315189 -0.899827
0.022286 0.957076 -0.039709 0.301606 -0.315189 -0.899827
0.042355 0.891105 -0.009874 0.301606 -0.315189 -0.899827
0.039027 0.899482 -0.013923 0.301606 -0.315189 -0.899828
0.022690 0.894229 -0.017560 0.301606 -0.315189 -0.899827
0.052036 0.913111 -0.014337 0.301606 -0.315189 -0.899827
0.002823 0.928777 -0.036320 0.301606 -0.315189 -0.899827
0.009378 0.927735 -0.033758 0.301606 -0.315189 -0.899827
0.012504 0.950782 -0.040783 0.301606 -0.315189 -0.899827
0.012807 0.903647 -0.024171 0.301606 -0.315189 -0.899827
0.006607 0.860693 0.004247 0.545759 -0.771110 0.327927
0.012871 0.864889 0.003689 0.545759 -0.771110 0.327927
0.031663 0.877476 0.002013 0.545759 -0.771110 0.327927
0.017161 0.866987 0.001482 0.545759 -0.771110 0.327927
0.014844 0.866987 0.005337 0.545759 -0.771110 0.327927
0.042217 0.883770 -0.000753 0.545759 -0.771110 0.327928
0.053973 0.892162 -0.000585 0.545759 -0.771110 0.327928
0.026943 0.873280 0.000001 0.545759 -0.771110 0.327928
0.042647 0.885868 0.003465 0.545759 -0.771110 0.327928
0.039901 0.883770 0.003102 0.545759 -0.771111 0.327927
0.023854 0.873280 0.005141 0.545759 -0.771111 0.327927
0.053201 0.892162 0.000700 0.545759 -0.771110 0.327927
0.002823 0.899810 0.036179 0.434973 -0.499888 0.748940
0.009378 0.900997 0.033164 0.434973 -0.499888 0.748940
0.029043 0.904557 0.024119 0.434972 -0.499888 0.748940
0.012807 0.888050 0.022531 0.434972 -0.499888 0.748940
0.012504 0.915131 0.040782 0.434972 -0.499888 0.748940
0.042355 0.888877 0.005922 0.434972 -0.499888 0.748940
0.039027 0.892797 0.010471 0.434972 -0.499888 0.748940
0.052036 0.904198 0.010525 0.434972 -0.499888 0.748940
0.022690 0.885316 0.014966 0.434972 -0.499888 0.748940
0.041951 0.924985 0.030257 0.434971 -0.499889 0.748940
0.038724 0.919878 0.028723 0.434972 -0.499888 0.748940
0.022286 0.921425 0.039302 0.434972 -0.499888 0.748940
0.051935 0.913225 0.016609 0.434972 -0.499888 0.748940
