0.000000 0.160429 0.233470
0.036795 0.099600 0.233475
-0.036795 0.099600 0.233475
0.002004 0.116718 0.205296
0.000000 0.300663 0.233470
0.036795 0.035393 0.236240
-0.036795 0.035507 0.236248
0.002152 0.110335 0.001348
0.000000 0.407793 0.233470
0.049076 0.346386 0.233470
-0.049078 0.346386 0.233470
0.002238 0.106630 -0.238198
0.103508 0.604314 0.224313
0.108761 0.512200 0.224192
0.095065 0.463527 0.248076
-0.103509 0.604314 0.224313
-0.108761 0.512199 0.224192
-0.095065 0.463527 0.248076
0.000000 0.596579 0.296975
0.227534 0.349928 0.233470
-0.227537 0.349928 0.233470
0.000000 0.580491 0.374915
0.304661 0.349838 0.233470
-0.304664 0.349838 0.233470
0.000000 0.527343 0.445071
0.000000 0.482441 0.473018
