0 198
0 130
0 129
0 6
0 116
0 202
0 476
0 140
0 122
0 141
1 118
1 120
1 142
1 485
1 484
1 109
1 134
1 138
1 11
1 2
2 169
2 161
2 131
2 190
2 189
2 12
2 109
2 117
2 175
2 167
3 136
3 1
3 164
3 190
3 162
3 125
3 119
3 9
3 172
3 116
4 107
4 483
4 3
4 6
4 185
4 484
4 476
4 174
4 9
4 126
5 118
5 14
5 128
5 120
5 123
5 119
5 116
5 7
5 485
5 117
6 11
6 188
6 194
6 203
6 3
6 187
6 4
6 186
6 118
6 15
7 468
7 119
7 177
7 123
7 130
7 192
7 5
7 132
7 187
7 181
8 202
8 186
8 14
8 122
8 193
8 468
8 192
8 127
8 180
8 177
9 11
9 195
9 181
9 3
9 187
9 6
9 10
9 182
9 139
9 193
10 198
10 124
10 194
10 139
10 1
10 203
10 13
10 195
10 177
10 142
11 5
11 130
11 3
11 119
11 122
11 123
11 116
11 12
11 484
11 128
12 129
12 484
12 131
12 123
12 485
12 7
12 127
12 14
12 138
12 0
13 120
13 7
13 117
13 141
13 119
13 485
13 135
13 6
13 11
13 12
14 129
14 186
14 179
14 5
14 4
14 15
14 6
14 128
14 484
14 190
15 5
15 125
15 13
15 184
15 9
15 11
15 131
15 107
15 173
15 129
16 851
16 1197
16 512
16 849
16 511
16 534
16 21
16 506
16 1170
16 17
17 20
17 1095
17 30
17 847
17 501
17 506
17 845
17 23
17 25
17 29
18 25
18 23
18 871
18 32
18 505
18 847
18 501
18 27
18 851
18 24
19 25
19 1195
19 506
19 851
19 500
19 1198
19 28
19 557
19 503
19 49
20 29
20 17
20 501
20 32
20 31
20 21
20 18
20 845
20 1095
20 22
21 501
21 507
21 27
21 30
21 671
21 1194
21 506
21 28
21 31
21 24
22 847
22 503
22 29
22 845
22 26
22 17
22 507
22 1095
22 24
22 21
23 507
23 26
23 17
23 19
23 22
23 32
23 24
23 503
23 501
23 20
24 31
24 20
24 16
24 671
24 17
24 25
24 503
24 1194
24 26
24 21
25 18
25 20
25 1095
25 23
25 847
25 26
25 845
25 29
25 28
25 22
26 30
26 32
26 29
26 851
26 506
26 19
26 847
26 28
26 507
26 18
27 30
27 17
27 32
27 504
27 18
27 24
27 506
27 851
27 871
27 507
28 16
28 847
28 32
28 31
28 21
28 19
28 845
28 22
28 30
28 23
29 16
29 18
29 32
29 504
29 27
29 20
29 503
29 871
29 1194
29 507
30 24
30 16
30 18
30 845
30 501
30 28
30 508
30 31
30 32
30 505
31 23
31 25
31 27
31 845
31 20
31 1194
31 1095
31 18
31 17
31 24
32 503
32 505
32 507
32 16
32 29
32 30
32 25
32 21
32 31
32 20
33 36
33 986
33 46
33 556
33 44
33 511
33 41
33 755
33 40
33 56
34 52
34 58
34 512
34 497
34 509
34 54
34 533
34 35
34 520
34 557
35 46
35 53
35 58
35 38
35 55
35 48
35 52
35 50
35 34
35 37
36 44
36 868
36 556
36 521
36 519
36 520
36 755
36 51
36 42
36 46
37 533
37 520
37 56
37 521
37 534
37 40
37 57
37 512
37 500
37 38
38 500
38 503
38 520
38 532
38 853
38 501
38 49
38 509
38 533
38 557
39 869
39 863
39 870
39 508
39 849
39 848
39 505
39 867
39 510
39 42
40 509
40 42
40 46
40 49
40 519
40 869
40 44
40 47
40 36
40 556
41 510
41 37
41 50
41 509
41 519
41 520
41 54
41 512
41 47
41 869
42 868
42 51
42 556
42 44
42 871
42 869
42 41
42 510
42 861
42 43
43 855
43 510
43 858
43 519
43 860
43 555
43 508
43 498
43 870
43 42
44 40
44 868
44 46
44 42
44 556
44 519
44 36
44 520
44 33
44 45
45 36
45 57
45 37
45 53
45 556
45 58
45 33
45 56
45 50
45 35
46 56
46 986
46 40
46 755
46 52
46 33
46 55
46 45
46 41
46 51
47 1142
47 44
47 36
47 41
47 755
47 986
47 55
47 511
47 33
47 556
48 53
48 52
48 37
48 532
48 35
48 34
48 58
48 40
48 38
48 500
49 507
49 511
49 520
49 501
49 34
49 853
49 509
49 500
49 48
49 19
50 54
50 533
50 49
50 532
50 38
50 48
50 40
50 497
50 34
50 45
51 47
51 44
51 519
51 40
51 41
51 755
51 46
51 868
51 520
51 521
52 53
52 521
52 35
52 46
52 37
52 47
52 57
52 50
52 49
52 45
53 38
53 34
53 50
53 52
53 54
53 35
53 532
53 56
53 48
53 756
54 532
54 56
54 40
54 557
54 533
54 53
54 52
54 497
54 55
54 49
55 53
55 557
55 56
55 45
55 35
55 48
55 46
55 54
55 521
55 57
56 521
56 45
56 58
56 49
56 46
56 34
56 37
56 57
56 52
56 54
57 37
57 45
57 533
57 35
57 56
57 49
57 38
57 34
57 50
57 532
58 37
58 534
58 533
58 45
58 557
58 48
58 532
58 35
58 509
58 56
59 621
59 895
59 568
59 569
59 61
59 648
59 99
59 567
59 595
59 654
60 620
60 82
60 1201
60 896
60 85
60 674
60 66
60 62
60 881
60 1205
61 655
61 597
61 894
61 567
61 68
61 73
61 621
61 654
61 63
61 60
62 655
62 893
62 70
62 71
62 59
62 673
62 75
62 65
62 68
62 654
63 81
63 100
63 620
63 568
63 73
63 69
63 619
63 59
63 621
63 895
64 73
64 655
64 598
64 67
64 99
64 65
64 91
64 100
64 567
64 72
65 64
65 598
65 77
65 74
65 81
65 569
65 100
65 70
65 69
65 655
66 620
66 1205
66 1204
66 893
66 69
66 569
66 62
66 596
66 597
66 619
67 100
67 72
67 68
67 76
67 653
67 655
67 63
67 99
67 648
67 65
68 648
68 650
68 653
68 65
68 621
68 619
68 894
68 598
68 72
68 69
69 98
69 653
69 75
69 895
69 66
69 878
69 74
69 71
69 599
69 565
70 595
70 74
70 672
70 653
70 67
70 599
70 898
70 598
70 648
70 63
71 62
71 61
71 598
71 82
71 74
71 569
71 568
71 59
71 65
71 64
72 80
72 599
72 64
72 76
72 569
72 655
72 893
72 598
72 67
72 77
73 654
73 69
73 68
73 60
73 62
73 64
73 893
73 1204
73 896
73 898
74 72
74 68
74 895
74 567
74 81
74 80
74 63
74 98
74 70
74 75
75 653
75 99
75 81
75 98
75 67
75 100
75 71
75 62
75 74
75 673
76 567
76 599
76 59
76 73
76 648
76 75
76 595
76 619
76 82
76 79
77 60
77 654
77 673
77 97
77 62
77 598
77 74
77 672
77 71
77 80
78 75
78 652
78 63
78 569
78 672
78 73
78 101
78 70
78 570
78 98
79 72
79 91
79 90
79 63
79 94
79 97
79 567
79 102
79 78
79 89
80 673
80 101
80 102
80 65
80 91
80 62
80 69
80 92
80 653
80 77
81 82
81 71
81 569
81 89
81 78
81 619
81 69
81 92
81 653
81 100
82 79
82 619
82 655
82 570
82 595
82 64
82 102
82 65
82 621
82 69
83 94
83 889
83 620
83 95
83 87
83 96
83 86
83 673
83 102
83 649
84 650
84 874
84 85
84 887
84 880
84 875
84 87
84 881
84 884
84 888
85 92
85 568
85 651
85 102
85 655
85 567
85 653
85 621
85 93
85 874
86 655
86 100
86 94
86 620
86 98
86 92
86 89
86 96
86 93
86 873
87 874
87 96
87 66
87 674
87 620
87 95
87 84
87 88
87 85
87 895
88 884
88 651
88 675
88 596
88 889
88 85
88 873
88 888
88 674
88 650
89 83
89 92
89 100
89 80
89 91
89 85
89 651
89 95
89 93
89 97
90 80
90 675
90 92
90 96
90 93
90 95
90 89
90 77
90 78
90 654
91 78
91 569
91 100
91 95
91 94
91 64
91 75
91 72
91 65
91 80
92 101
92 81
92 80
92 672
92 620
92 78
92 85
92 94
92 77
92 102
93 100
93 102
93 82
93 674
93 89
93 86
93 675
93 81
93 673
93 77
94 81
94 91
94 90
94 672
94 675
94 77
94 96
94 97
94 83
94 654
95 97
95 94
95 673
95 101
95 674
95 93
95 80
95 79
95 675
95 102
96 77
96 102
96 673
96 90
96 101
96 675
96 92
96 81
96 620
96 94
97 675
97 95
97 92
97 93
97 620
97 77
97 101
97 90
97 98
97 674
98 83
98 97
98 570
98 79
98 655
98 619
98 91
98 675
98 672
98 102
99 76
99 60
99 598
99 673
99 100
99 65
99 92
99 75
99 621
99 94
100 567
100 79
100 97
100 672
100 653
100 98
100 102
100 673
100 78
100 71
101 95
101 98
101 90
101 80
101 654
101 83
101 97
101 94
101 79
101 673
102 673
102 96
102 94
102 100
102 654
102 80
102 83
102 93
102 674
102 672
103 105
103 106
103 361
103 677
103 679
103 682
103 683
104 361
104 362
104 438
104 440
104 473
104 523
104 680
104 681
105 523
105 361
105 535
105 679
105 682
105 684
105 681
105 103
105 683
105 678
106 103
106 105
106 361
106 677
106 679
106 682
106 683
107 6
107 15
107 126
107 131
107 125
107 8
107 132
107 138
107 143
107 148
108 122
108 115
108 117
108 154
108 153
108 148
108 112
108 113
108 114
108 110
109 12
109 3
109 2
109 122
109 125
109 5
109 112
109 161
109 11
109 123
110 108
110 128
110 115
110 114
110 130
110 125
110 156
110 119
110 127
110 13
111 156
111 158
111 153
111 110
111 113
111 148
111 152
111 155
111 115
111 159
112 117
112 128
112 160
112 114
112 113
112 110
112 159
112 124
112 126
112 129
113 148
113 163
113 254
113 251
113 155
113 129
113 117
113 161
113 156
113 128
114 250
114 165
114 126
114 161
114 1217
114 115
114 249
114 128
114 108
114 1064
115 12
115 110
115 113
115 111
115 117
115 118
115 134
115 114
115 160
115 112
116 115
116 11
116 166
116 119
116 129
116 125
116 133
116 13
116 118
116 167
117 107
117 123
117 116
117 148
117 1
117 125
117 113
117 115
117 162
117 129
118 125
118 138
118 127
118 116
118 129
118 484
118 117
118 141
118 4
118 142
119 121
119 9
119 14
119 6
119 3
119 132
119 135
119 118
119 130
119 12
120 125
120 142
120 13
120 141
120 145
120 1
120 4
120 127
120 138
120 107
121 123
121 195
121 120
121 200
121 13
121 197
121 196
121 7
121 199
121 0
122 107
122 140
122 142
122 119
122 118
122 6
122 124
122 7
122 131
122 202
123 6
123 203
123 140
123 141
123 132
123 144
123 124
123 119
123 9
123 117
124 112
124 119
124 129
124 110
124 121
124 147
124 107
124 126
124 118
124 113
125 117
125 119
125 170
125 136
125 116
125 107
125 168
125 113
125 112
125 130
126 119
126 0
126 164
126 134
126 12
126 5
126 117
126 2
126 131
126 4
127 176
127 115
127 172
127 15
127 133
127 162
127 161
127 2
127 170
127 9
128 14
128 169
128 126
128 133
128 124
128 11
128 3
128 136
128 130
128 114
129 126
129 162
129 128
129 109
129 14
129 107
129 133
129 117
129 115
129 136
130 122
130 115
130 125
130 9
130 132
130 109
130 142
130 3
130 0
130 121
131 476
131 122
131 13
131 0
131 192
131 129
131 107
131 116
131 126
131 120
132 5
132 139
132 120
132 119
132 145
132 10
132 123
132 124
132 11
132 197
133 169
133 163
133 164
133 134
133 206
133 210
133 211
133 191
133 165
133 485
134 14
134 165
134 128
134 3
134 170
134 164
134 169
134 208
134 133
134 172
135 189
135 175
135 186
135 476
135 161
135 15
135 116
135 180
135 172
135 164
136 161
136 187
136 210
136 182
136 474
136 209
136 186
136 4
136 119
136 126
137 235
137 194
137 307
137 141
137 190
137 232
137 472
137 217
137 174
137 198
138 7
138 141
138 484
138 468
138 198
138 107
138 202
138 132
138 485
138 231
139 121
139 190
139 132
139 179
139 195
139 229
139 174
139 10
139 175
139 186
140 124
140 131
140 146
140 6
140 483
140 107
140 141
140 234
140 145
140 7
141 9
141 192
141 6
141 177
141 195
141 196
141 123
141 107
141 130
141 0
142 131
142 190
142 476
142 122
142 199
142 483
142 146
142 11
142 177
142 12
143 9
143 121
143 8
143 132
143 131
143 483
143 7
143 6
143 200
143 122
144 146
144 121
144 236
144 204
144 202
144 241
144 199
144 147
144 200
144 153
145 149
145 200
145 148
145 483
145 146
145 7
145 143
145 124
145 9
145 10
146 121
146 199
146 123
146 148
146 241
146 200
146 153
146 203
146 122
146 140
147 124
147 111
147 151
147 144
147 153
147 204
147 157
147 156
147 155
147 146
148 120
148 145
148 156
148 123
148 124
148 147
148 113
148 111
148 143
148 117
149 155
149 204
149 140
149 201
149 153
149 203
149 108
149 147
149 241
149 124
150 245
150 152
150 151
150 243
150 147
150 248
150 203
150 149
150 144
150 238
151 155
151 241
151 204
151 245
151 201
151 466
151 247
151 248
151 153
151 144
152 111
152 466
152 247
152 248
152 149
152 246
152 245
152 154
152 467
152 157
153 155
153 157
153 144
153 112
153 204
153 147
153 149
153 152
153 146
153 150
154 464
154 254
154 160
154 108
154 163
154 155
154 467
154 1111
154 1116
154 249
155 467
155 108
155 112
155 157
155 154
155 466
155 246
155 250
155 151
155 113
156 155
156 115
156 148
156 158
156 108
156 124
156 157
156 113
156 154
156 466
157 160
157 250
157 156
157 253
157 467
157 114
157 111
157 154
157 252
157 155
158 253
158 163
158 113
158 250
158 155
158 160
158 114
158 252
158 159
158 251
159 257
159 157
159 112
159 110
159 158
159 253
159 1217
159 251
159 114
159 155
160 255
160 162
160 161
160 110
160 163
160 257
160 113
160 133
160 256
160 1064
161 206
161 207
161 127
161 134
161 169
161 133
161 116
161 258
161 125
161 135
162 126
162 136
162 254
162 168
162 129
162 161
162 164
162 167
162 165
162 134
163 279
163 112
163 133
163 250
163 1064
163 114
163 166
163 159
163 115
163 254
164 169
164 249
164 3
164 255
164 136
164 251
164 1064
164 172
164 1218
164 135
165 210
165 136
165 134
165 114
165 116
165 171
165 3
165 128
165 475
165 135
166 136
166 134
166 116
166 160
166 133
166 485
166 211
166 127
166 128
166 170
167 174
167 175
167 184
167 180
167 171
167 205
167 475
167 208
167 213
167 128
168 213
168 165
168 164
168 219
168 175
168 187
168 206
168 207
168 169
168 186
169 128
169 180
169 187
169 184
169 166
169 116
169 191
169 172
169 206
169 129
170 219
170 178
170 210
170 484
170 164
170 116
170 485
170 189
170 3
170 475
171 302
171 184
171 217
171 165
171 212
171 222
171 303
171 231
171 191
171 476
172 125
172 292
172 191
172 178
172 161
172 171
172 134
172 207
172 126
172 206
173 171
173 472
173 223
173 476
173 182
173 197
173 227
173 172
173 136
173 188
174 3
174 186
174 15
174 196
174 192
174 476
174 137
174 189
174 301
174 188
175 171
175 475
175 172
175 170
175 187
175 191
175 185
175 196
175 209
175 211
176 476
176 227
176 218
176 483
176 194
176 174
176 215
176 184
176 212
176 231
177 127
177 183
177 15
177 475
177 7
177 135
177 178
177 195
177 484
177 4
178 187
178 15
178 135
178 189
178 194
178 137
178 476
178 181
178 176
178 136
179 137
179 172
179 213
179 3
179 196
179 226
179 175
179 223
179 211
179 468
180 213
180 210
180 4
180 168
180 135
180 3
180 194
180 185
180 216
180 209
181 195
181 15
181 135
181 3
181 476
181 137
181 231
181 139
181 209
181 8
182 216
182 211
182 136
182 217
182 218
182 167
182 475
182 175
182 184
182 189
183 223
183 308
183 226
183 192
183 305
183 173
183 195
183 221
183 212
183 474
184 135
184 182
184 15
184 301
184 178
184 197
184 6
184 223
184 181
184 186
185 135
185 4
185 301
185 217
185 138
185 177
185 189
185 178
185 7
185 136
186 175
186 135
186 176
186 218
186 193
186 229
186 196
186 474
186 174
186 301
187 178
187 217
187 227
187 4
187 226
187 181
187 177
187 209
187 190
187 8
188 132
188 187
188 313
188 121
188 223
188 213
188 198
188 199
188 6
188 196
189 167
189 2
189 185
189 176
189 170
189 186
189 223
189 8
189 475
189 484
190 191
190 468
190 141
190 200
190 229
190 127
190 235
190 176
190 3
190 179
191 186
191 302
191 218
191 484
191 221
191 135
191 174
191 207
191 222
191 133
192 10
192 216
192 218
192 186
192 198
192 228
192 230
192 8
192 233
192 196
193 184
193 192
193 218
193 197
193 173
193 131
193 194
193 227
193 175
193 216
194 7
194 195
194 235
194 200
194 483
194 0
194 476
194 230
194 141
194 182
195 235
195 199
195 179
195 217
195 7
195 212
195 476
195 138
195 307
195 483
196 472
196 142
196 193
196 199
196 190
196 229
196 188
196 483
196 0
196 194
197 142
197 217
197 10
197 223
197 137
197 187
197 202
197 141
197 196
197 176
198 483
198 121
198 192
198 200
198 176
198 187
198 193
198 173
198 468
198 202
199 144
199 231
199 235
199 143
199 132
199 142
199 468
199 234
199 230
199 141
200 316
200 193
200 197
200 472
200 204
200 240
200 196
200 317
200 192
200 266
201 144
201 264
201 268
201 265
201 149
201 237
201 267
201 240
201 238
201 269
202 6
202 143
202 235
202 195
202 204
202 483
202 122
202 0
202 145
202 10
203 245
203 196
203 241
203 238
203 149
203 9
203 204
203 150
203 194
203 123
204 234
204 200
204 146
204 123
204 244
204 147
204 143
204 203
204 248
204 140
205 298
205 162
205 206
205 133
205 166
205 135
205 170
205 211
205 167
205 172
206 166
206 191
206 168
206 136
206 298
206 1005
206 290
206 172
206 474
206 291
207 1059
207 1005
207 1219
207 1218
207 133
207 172
207 258
207 165
207 211
207 292
208 125
208 255
208 205
208 161
208 163
208 286
208 136
208 254
208 281
208 258
209 207
209 1219
209 213
209 181
209 205
209 167
209 210
209 219
209 136
209 169
210 168
210 184
210 170
210 475
210 136
210 171
210 291
210 1059
210 176
210 191
211 206
211 181
211 292
211 133
211 214
211 171
211 210
211 187
211 300
211 218
212 474
212 223
212 475
212 229
212 211
212 302
212 220
212 301
212 216
212 213
213 169
213 180
213 229
213 210
213 179
213 468
213 222
213 220
213 171
213 474
214 224
214 177
214 299
214 180
214 213
214 300
214 181
214 233
214 192
214 176
215 306
215 217
215 214
215 303
215 472
215 137
215 301
215 224
215 475
215 462
216 227
216 192
216 193
216 218
216 188
216 312
216 215
216 462
216 463
216 179
217 224
217 186
217 137
217 300
217 230
217 227
217 476
217 177
217 215
217 305
218 220
218 195
218 463
218 192
218 176
218 223
218 225
218 171
218 224
218 299
219 298
219 1059
219 292
219 475
219 995
219 210
219 172
219 1005
219 206
219 301
220 303
220 475
220 181
220 180
220 178
220 462
220 171
220 182
220 167
220 225
221 217
221 223
221 182
221 181
221 183
221 306
221 216
221 180
221 347
221 178
222 462
222 346
222 300
222 307
222 215
222 305
222 212
222 306
222 474
222 304
223 303
223 306
223 211
223 137
223 347
223 468
223 308
223 227
223 224
223 220
224 228
224 305
224 214
224 222
224 302
224 226
224 223
224 231
224 307
224 306
225 214
225 213
225 306
225 350
225 226
225 301
225 221
225 305
225 463
225 220
226 299
226 176
226 311
226 225
226 189
226 191
226 216
226 214
226 228
226 305
227 183
227 350
227 228
227 226
227 197
227 463
227 188
227 180
227 221
227 217
228 218
228 192
228 353
228 309
228 216
228 231
228 183
228 463
228 313
228 307
229 190
229 233
229 212
229 195
229 234
229 308
229 230
229 312
229 186
229 215
230 188
230 483
230 179
230 223
230 228
230 189
230 235
230 215
230 183
230 138
231 197
231 180
231 313
231 462
231 176
231 212
231 233
231 230
231 226
231 171
232 234
232 266
232 468
232 198
232 195
232 321
232 240
232 197
232 230
232 229
233 231
233 216
233 228
233 472
233 235
233 320
233 312
233 192
233 183
233 230
234 177
234 316
234 468
234 132
234 141
234 188
234 202
234 237
234 231
234 267
235 10
235 192
235 468
235 230
235 195
235 194
235 190
235 240
235 476
235 317
236 239
236 121
236 483
236 197
236 141
236 139
236 233
236 468
236 137
236 138
237 319
237 311
237 316
237 200
237 314
237 243
237 317
237 201
237 310
237 235
238 319
238 264
238 233
238 266
238 322
238 318
238 312
238 202
238 265
238 240
239 242
239 318
239 234
239 237
239 240
239 356
239 312
239 238
239 268
239 262
240 312
240 267
240 243
240 199
240 200
240 241
240 235
240 322
240 324
240 264
241 261
241 317
241 243
241 314
241 242
241 203
241 240
241 237
241 268
241 239
242 318
242 241
242 204
242 248
242 239
242 237
242 232
242 327
242 269
242 265
243 247
243 237
243 314
243 240
243 317
243 246
243 238
243 242
243 248
243 264
244 201
244 247
244 265
244 150
244 241
244 245
244 238
244 248
244 242
244 318
245 466
245 152
245 153
245 241
245 240
245 149
245 146
245 151
245 238
245 201
246 247
246 248
246 201
246 149
246 146
246 144
246 155
246 204
246 152
246 241
247 243
247 265
247 268
247 242
247 269
247 201
247 465
247 152
247 151
247 464
248 268
248 150
248 152
248 466
248 261
248 269
248 262
248 201
248 241
248 242
249 282
249 154
249 280
249 287
249 1112
249 159
249 1116
249 250
249 113
249 283
250 255
250 114
250 467
250 253
250 464
250 1120
250 249
250 252
250 251
250 254
251 250
251 158
251 257
251 256
251 253
251 1116
251 164
251 114
251 280
251 284
252 158
252 1069
252 1121
252 466
252 467
252 464
252 152
252 250
252 274
252 253
253 464
253 158
253 275
253 274
253 1069
253 250
253 466
253 1121
253 157
253 254
254 165
254 162
254 1112
254 1064
254 256
254 1214
254 113
254 154
254 1058
254 284
255 160
255 1064
255 1066
255 1073
255 164
255 287
255 1058
255 260
255 280
255 276
256 280
256 275
256 259
256 279
256 491
256 278
256 260
256 1218
256 282
256 334
257 160
257 276
257 287
257 335
257 286
257 290
257 255
257 163
257 159
257 277
258 256
258 166
258 277
258 1215
258 336
258 278
258 1058
258 284
258 1064
258 205
259 290
259 282
259 1217
259 1113
259 277
259 276
259 491
259 294
259 334
259 336
260 286
260 284
260 207
260 294
260 298
260 283
260 256
260 287
260 259
260 161
261 266
261 317
261 239
261 201
261 244
261 271
261 265
261 242
261 322
261 262
262 324
262 266
262 241
262 247
262 239
262 238
262 232
262 267
262 263
262 204
263 270
263 314
263 261
263 271
263 355
263 264
263 315
263 318
263 327
263 320
264 319
264 201
264 240
264 243
264 317
264 322
264 316
264 263
264 323
264 327
265 324
265 318
265 243
265 262
265 264
265 327
265 238
265 314
265 241
265 268
266 234
266 313
266 316
266 240
266 322
266 321
266 319
266 267
266 324
266 233
267 311
267 243
267 323
267 264
267 241
267 235
267 310
267 239
267 236
267 261
268 320
268 314
268 247
268 261
268 241
268 263
268 237
268 240
268 356
268 325
269 464
269 263
269 247
269 242
269 465
269 244
269 320
269 201
269 271
269 467
270 269
270 261
270 355
270 330
270 339
270 271
270 329
270 359
270 327
270 351
271 269
271 270
271 327
271 326
271 328
271 329
271 244
271 357
271 242
271 325
272 1119
272 359
272 357
272 339
272 331
272 351
272 360
272 277
272 337
272 326
273 339
273 329
273 1058
273 331
273 281
273 279
273 336
273 341
273 259
273 294
274 467
274 1223
274 1068
274 1121
274 252
274 272
274 271
274 253
274 1116
274 1119
275 281
275 278
275 1116
275 1120
275 284
275 491
275 334
275 1216
275 1069
275 279
276 277
276 286
276 340
276 330
276 287
276 273
276 336
276 282
276 334
276 1217
277 343
277 1116
277 294
277 335
277 260
277 275
277 340
277 492
277 285
277 279
278 1064
278 279
278 1111
278 275
278 332
278 284
278 1058
278 1114
278 281
278 344
279 256
279 1112
279 491
279 255
279 284
279 1067
279 273
279 293
279 334
279 1064
280 287
280 251
280 1112
280 249
280 282
280 278
280 285
280 255
280 1064
280 259
281 282
281 1112
281 280
281 285
281 1058
281 334
281 249
281 255
281 340
281 276
282 283
282 256
282 279
282 343
282 285
282 344
282 1214
282 332
282 333
282 334
283 340
283 341
283 276
283 491
283 1058
283 1216
283 1067
283 260
283 294
283 492
284 283
284 280
284 333
284 278
284 260
284 257
284 336
284 491
284 1067
284 255
285 282
285 332
285 413
285 344
285 333
285 335
285 334
285 492
285 286
285 297
286 293
286 249
286 1114
286 279
286 290
286 277
286 334
286 1113
286 257
286 1064
287 273
287 257
287 164
287 279
287 249
287 285
287 1058
287 208
287 259
287 293
288 294
288 295
288 332
288 289
288 296
288 344
288 407
288 333
288 335
288 1110
289 407
289 344
289 288
289 333
289 296
289 293
289 335
289 343
289 336
289 295
290 206
290 205
290 207
290 1219
290 291
290 286
290 1064
290 280
290 1058
290 219
291 205
291 1218
291 1059
291 260
291 1219
291 207
291 1005
291 995
291 292
291 299
292 169
292 301
292 290
292 205
292 171
292 167
292 346
292 995
292 219
292 1005
293 414
293 282
293 413
293 278
293 406
293 1064
293 276
293 286
293 296
293 258
294 1217
294 331
294 281
294 260
294 1113
294 255
294 284
294 334
294 295
294 414
295 1110
295 293
295 288
295 343
295 344
295 332
295 289
295 335
295 294
295 336
296 293
296 343
296 1110
296 294
296 335
296 332
296 288
296 344
296 333
296 407
297 344
297 1053
297 349
297 406
297 332
297 346
297 416
297 469
297 345
297 341
298 210
298 258
298 1058
298 299
298 1059
298 995
298 260
298 207
298 1218
298 206
299 218
299 213
299 342
299 224
299 345
299 297
299 226
299 1219
299 1006
299 350
300 225
300 342
300 302
300 303
300 306
300 301
300 218
300 223
300 347
300 171
301 217
301 225
301 299
301 1005
301 179
301 220
301 215
301 1219
301 189
301 181
302 215
302 304
302 224
302 218
302 342
302 300
302 221
302 183
302 299
302 474
303 220
303 211
303 216
303 227
303 212
303 226
303 224
303 215
303 346
303 214
304 222
304 218
304 463
304 306
304 220
304 350
304 300
304 347
304 223
304 224
305 221
305 183
305 217
305 350
305 225
305 303
305 227
305 226
305 462
305 223
306 346
306 221
306 300
306 223
306 463
306 350
306 342
306 215
306 353
306 226
307 223
307 304
307 313
307 230
307 197
307 233
307 183
307 216
307 303
307 228
308 183
308 218
308 223
308 230
308 309
308 314
308 355
308 462
308 472
308 216
309 312
309 313
309 355
309 323
309 228
309 322
309 233
309 320
309 325
309 310
310 265
310 327
310 323
310 320
310 353
310 263
310 325
310 354
310 268
310 317
311 324
311 267
311 316
311 356
311 308
311 313
311 322
311 355
311 318
311 229
312 267
312 228
312 231
312 192
312 308
312 227
312 324
312 313
312 468
312 315
313 234
313 322
313 319
313 230
313 214
313 316
313 267
313 310
313 314
313 197
314 265
314 327
314 229
314 355
314 319
314 267
314 325
314 234
314 237
314 312
315 310
315 239
315 327
315 267
315 320
315 314
315 309
315 355
315 263
315 319
316 265
316 356
316 268
316 228
316 472
316 237
316 239
316 240
316 325
316 235
317 268
317 356
317 355
317 321
317 200
317 229
317 264
317 312
317 313
317 308
318 265
318 310
318 317
318 319
318 314
318 240
318 322
318 237
318 321
318 264
319 356
319 268
319 262
319 263
319 316
319 237
319 261
319 240
319 269
319 266
320 264
320 314
320 323
320 266
320 317
320 310
320 312
320 237
320 267
320 316
321 354
321 265
321 316
321 264
321 320
321 310
321 237
321 268
321 232
321 261
322 310
322 324
322 267
322 318
322 237
322 319
322 309
322 355
322 268
322 316
323 319
323 322
323 267
323 325
323 240
323 320
323 357
323 353
323 265
323 354
324 239
324 237
324 309
324 263
324 265
324 321
324 356
324 323
324 310
324 264
325 327
325 263
325 321
325 314
325 323
325 320
325 268
325 270
325 264
325 465
326 419
326 327
326 360
326 1106
326 356
326 331
326 328
326 325
326 330
326 355
327 265
327 264
327 316
327 351
327 309
327 242
327 356
327 325
327 357
327 355
328 261
328 329
328 356
328 271
328 327
328 339
328 355
328 270
328 326
328 351
329 293
329 344
329 330
329 492
329 332
329 360
329 273
329 340
329 343
329 333
330 278
330 332
330 331
330 273
330 339
330 271
330 335
330 360
330 344
330 338
331 491
331 330
331 278
331 340
331 1114
331 343
331 328
331 338
331 334
331 344
332 280
332 285
332 406
332 297
332 346
332 283
332 349
332 336
332 293
332 329
333 465
333 331
333 277
333 273
333 289
333 295
333 278
333 340
333 341
333 491
334 413
334 1109
334 465
334 280
334 414
334 344
334 340
334 329
334 406
334 256
335 295
335 1113
335 260
335 276
335 1218
335 286
335 288
335 285
335 275
335 330
336 329
336 282
336 294
336 340
336 1109
336 341
336 258
336 492
336 331
336 256
337 1106
337 492
337 360
337 358
337 1119
337 1220
337 326
337 339
337 967
337 419
338 1119
338 276
338 330
338 278
338 331
338 334
338 285
338 277
338 274
338 272
339 330
339 1106
339 465
339 491
339 270
339 492
339 394
339 272
339 337
339 329
340 331
340 282
340 338
340 285
340 344
340 336
340 293
340 287
340 413
340 406
341 345
341 293
341 277
341 338
341 407
341 297
341 406
341 344
341 343
341 286
342 417
342 297
342 303
342 302
342 352
342 343
342 344
342 345
342 347
342 225
343 406
343 336
343 295
343 287
343 1110
343 289
343 334
343 330
343 349
343 1113
344 340
344 329
344 277
344 284
344 416
344 1109
344 332
344 1113
344 405
344 341
345 1054
345 349
345 995
345 469
345 332
345 285
345 1109
345 297
345 417
345 344
346 221
346 416
346 297
346 417
346 299
346 306
346 343
346 332
346 407
346 405
347 342
347 353
347 223
347 306
347 354
347 349
347 300
347 225
347 303
347 221
348 415
348 471
348 358
348 422
348 417
348 1108
348 470
348 360
348 419
348 469
349 306
349 347
349 405
349 343
349 407
349 1053
349 344
349 415
349 342
349 469
350 342
350 222
350 302
350 221
350 224
350 346
350 215
350 303
350 347
350 225
351 418
351 422
351 357
351 1106
351 326
351 359
351 337
351 352
351 420
351 360
352 355
352 306
352 416
352 359
352 349
352 347
352 342
352 351
352 311
352 356
353 352
353 321
353 355
353 342
353 322
353 349
353 347
353 228
353 306
353 309
354 355
354 347
354 306
354 350
354 228
354 315
354 349
354 322
354 356
354 352
355 318
355 322
355 351
355 309
355 314
355 352
355 308
355 263
355 354
355 324
356 355
356 267
356 353
356 309
356 321
356 270
356 237
356 327
356 320
356 268
357 328
357 354
357 261
357 310
357 353
357 351
357 360
357 271
357 322
357 359
358 337
358 420
358 422
358 348
358 359
358 1115
358 415
358 351
358 1107
358 1106
359 263
359 394
359 357
359 270
359 358
359 351
359 360
359 325
359 328
359 420
360 330
360 1108
360 1119
360 348
360 418
360 270
360 351
360 395
360 967
360 339
361 537
361 105
361 106
361 682
361 676
361 480
361 678
361 684
361 677
361 535
362 438
362 479
362 104
362 527
362 440
362 361
362 480
362 676
362 680
362 536
363 371
363 552
363 639
363 644
363 365
363 561
363 367
363 372
363 645
363 553
364 572
364 642
364 573
364 631
364 365
364 641
364 937
364 634
364 571
364 629
365 372
365 642
365 647
365 627
365 644
365 363
365 553
365 631
365 368
365 370
366 641
366 365
366 372
366 647
366 367
366 638
366 553
366 644
366 639
366 363
367 642
367 636
367 647
367 635
367 365
367 644
367 646
367 363
367 641
367 631
368 573
368 636
368 367
368 637
368 643
368 937
368 644
368 642
368 641
368 646
369 409
369 633
369 634
369 631
369 370
369 635
369 571
369 547
369 411
369 630
370 409
370 571
370 365
370 367
370 372
370 630
370 631
370 369
370 364
370 627
371 411
371 628
371 560
371 550
371 402
371 370
371 552
371 562
371 363
371 561
372 366
372 627
372 365
372 563
372 363
372 644
372 647
372 639
372 371
372 367
373 393
373 374
373 602
373 592
373 376
373 400
373 601
373 391
373 378
373 608
374 609
374 592
374 591
374 601
374 575
374 378
374 608
374 376
374 375
374 377
375 393
375 609
375 374
375 376
375 378
375 400
375 592
375 602
375 391
375 396
376 400
376 393
376 396
376 602
376 374
376 378
376 377
376 609
376 373
376 389
377 400
377 396
377 374
377 389
377 376
377 609
377 591
377 375
377 373
377 608
378 602
378 376
378 608
378 591
378 393
378 592
378 377
378 389
378 400
378 601
379 603
379 611
379 578
379 382
379 594
379 386
379 387
379 388
379 612
379 610
380 623
380 640
380 384
380 385
380 388
380 586
380 615
380 607
380 383
380 625
381 611
381 623
381 612
381 626
381 615
381 379
381 610
381 386
381 387
381 382
382 611
382 625
382 388
382 612
382 932
382 618
382 623
382 379
382 626
382 381
383 617
383 626
383 386
383 388
383 625
383 384
383 381
383 379
383 380
383 623
384 622
384 618
384 932
384 617
384 614
384 615
384 613
384 626
384 933
384 380
385 605
385 615
385 397
385 388
385 380
385 606
385 590
385 392
385 586
385 613
386 380
386 613
386 603
386 381
386 385
386 607
386 606
386 392
386 388
386 387
387 390
387 603
387 580
387 579
387 392
387 612
387 577
387 610
387 604
387 379
388 382
388 379
388 387
388 611
388 607
388 385
388 381
388 386
388 578
388 612
389 396
389 374
389 376
389 377
389 393
389 608
389 609
389 592
389 605
389 375
390 391
390 392
390 575
390 578
390 604
390 387
390 602
390 601
390 600
390 605
391 578
391 601
391 577
391 396
391 604
391 576
391 390
391 400
391 375
391 600
392 390
392 603
392 607
392 387
392 388
392 391
392 396
392 600
392 577
392 386
393 377
393 374
393 608
393 601
393 602
393 378
393 375
393 400
393 373
393 389
394 1108
394 1118
394 326
394 339
394 420
394 348
394 337
394 395
394 418
394 1119
395 394
395 418
395 1119
395 351
395 422
395 1220
395 420
395 358
395 1106
395 339
396 608
396 591
396 393
396 378
396 604
396 375
396 575
396 392
396 609
396 390
397 586
397 606
397 582
397 592
397 579
397 590
397 605
397 589
397 607
397 385
398 590
398 577
398 399
398 587
398 588
398 576
398 400
398 579
398 580
398 575
399 584
399 581
399 592
399 578
399 594
399 590
399 588
399 580
399 585
399 576
400 398
400 576
400 590
400 373
400 601
400 604
400 591
400 391
400 592
400 374
401 542
401 427
401 541
401 540
401 403
401 412
401 404
401 549
401 425
401 426
402 551
402 409
402 408
402 574
402 946
402 554
402 562
402 563
402 559
402 975
403 545
403 549
403 401
403 428
403 410
403 426
403 425
403 543
403 404
403 437
404 403
404 541
404 427
404 426
404 548
404 543
404 408
404 544
404 546
404 428
405 414
405 1055
405 344
405 343
405 297
405 1109
405 415
405 406
405 285
405 470
406 414
406 345
406 1053
406 343
406 297
406 470
406 407
406 335
406 417
406 340
407 221
407 469
407 343
407 414
407 346
407 345
407 294
407 406
407 405
407 297
408 543
408 562
408 409
408 633
408 560
408 541
408 549
408 628
408 548
408 402
409 370
409 545
409 548
409 628
409 562
409 551
409 408
409 631
409 547
409 574
410 633
410 426
410 428
410 425
410 548
410 427
410 411
410 544
410 547
410 540
411 630
411 427
411 410
411 629
411 548
411 546
411 633
411 371
411 544
411 547
412 562
412 428
412 408
412 423
412 403
412 424
412 427
412 426
412 404
412 425
413 345
413 293
413 414
413 416
413 344
413 297
413 341
413 470
413 343
413 1109
414 345
414 417
414 341
414 332
414 413
414 342
414 340
414 346
414 349
414 334
415 419
415 416
415 348
415 420
415 469
415 358
415 349
415 471
415 417
415 418
416 297
416 415
416 346
416 417
416 345
416 349
416 407
416 469
416 332
416 414
417 348
417 471
417 413
417 418
417 345
417 407
417 416
417 420
417 342
417 343
418 420
418 395
418 416
418 352
418 419
418 1108
418 360
418 1115
418 351
418 470
419 415
419 358
419 471
419 1115
419 337
419 359
419 1106
419 422
419 1108
419 420
420 416
420 1108
420 351
420 358
420 418
420 422
420 415
420 417
420 359
420 471
421 1104
421 1107
421 1123
421 1124
421 1130
421 1131
422 1115
422 420
422 1106
422 418
422 415
422 1108
422 1107
422 395
422 1130
422 359
423 543
423 426
423 541
423 630
423 542
423 412
423 540
423 545
423 371
423 427
424 404
424 403
424 437
424 401
424 540
424 543
424 544
424 547
424 425
424 428
425 547
425 412
425 437
425 546
425 544
425 401
425 426
425 428
425 541
425 410
426 425
426 412
426 401
426 403
426 542
426 549
426 423
426 404
426 437
426 424
427 541
427 545
427 425
427 404
427 426
427 411
427 423
427 544
427 410
427 401
428 401
428 543
428 437
428 541
428 410
428 426
428 424
428 540
428 403
428 427
429 431
429 432
429 440
429 455
429 456
429 457
429 494
429 991
429 1051
429 1052
430 431
430 434
430 473
430 522
430 523
430 524
430 525
430 669
430 680
430 681
431 429
431 430
431 432
431 433
431 435
431 473
431 524
431 1103
432 1081
432 1052
432 429
432 435
432 443
432 457
432 1103
432 441
432 1102
432 455
433 431
433 434
433 435
433 449
433 518
433 522
433 524
433 525
434 430
434 433
434 449
434 516
434 517
434 522
434 525
434 669
435 431
435 432
435 433
435 436
435 441
435 449
435 518
435 525
435 1102
435 1103
436 452
436 1075
436 1086
436 1087
436 441
436 1102
436 443
436 1081
436 435
436 442
437 412
437 541
437 544
437 403
437 543
437 427
437 540
437 428
437 425
437 410
438 104
438 362
438 440
438 479
438 480
438 527
438 536
438 676
438 678
439 1021
439 996
439 1088
439 1036
439 1007
439 478
439 495
439 1049
439 477
439 1089
440 104
440 362
440 429
440 438
440 473
440 480
440 680
441 435
441 1103
441 448
441 455
441 443
441 442
441 1081
441 1102
441 1087
441 436
442 441
442 448
442 1075
442 436
442 1077
442 443
442 1086
442 1014
442 1032
442 1080
443 1081
443 442
443 1032
443 436
443 441
443 444
443 455
443 1103
443 1077
443 1102
444 441
444 443
444 455
444 1028
444 1032
444 1033
444 1077
444 1102
444 1103
444 1212
445 481
445 482
445 1048
446 451
446 452
447 452
447 454
448 436
448 441
448 442
448 452
448 1075
448 1080
448 1086
448 1087
448 1102
449 433
449 434
449 435
449 517
449 518
449 522
449 525
450 514
450 515
450 516
450 517
450 656
451 446
451 452
452 436
452 446
452 447
452 448
452 451
452 1080
452 1087
453 454
453 1010
454 447
454 453
454 659
455 432
455 1081
455 1103
455 1052
455 1033
455 444
455 441
455 429
455 443
455 457
456 429
456 457
456 494
456 495
456 1049
456 1050
456 1051
456 1052
457 429
457 432
457 455
457 456
457 458
457 494
457 991
457 1051
457 1052
457 1081
458 457
458 494
458 991
458 997
458 998
458 1052
459 460
459 469
459 470
459 471
459 992
459 993
459 999
459 1000
459 1055
459 1056
460 459
460 471
460 992
460 1000
460 1055
461 1078
462 306
462 221
462 304
462 220
462 308
462 301
462 228
462 300
462 214
462 350
463 307
463 218
463 308
463 221
463 225
463 222
463 305
463 303
463 223
463 300
464 253
464 271
464 1116
464 250
464 269
464 1068
464 1117
464 467
464 154
464 274
465 491
465 1121
465 339
465 325
465 333
465 337
465 263
465 492
465 334
465 274
466 149
466 153
466 246
466 150
466 245
466 152
466 467
466 147
466 111
466 157
467 274
467 248
467 1121
467 269
467 252
467 152
467 464
467 154
467 250
467 247
468 8
468 176
468 484
468 307
468 121
468 132
468 174
468 141
468 232
468 200
469 1053
469 348
469 285
469 407
469 413
469 470
469 341
469 1109
469 1057
469 406
470 417
470 415
470 1055
470 413
470 471
470 459
470 405
470 414
470 1054
470 469
471 348
471 460
471 415
471 419
471 417
471 470
471 416
471 1055
471 469
471 420
472 212
472 476
472 198
472 177
472 228
472 192
472 139
472 215
472 179
472 313
473 104
473 430
473 431
473 440
473 523
473 524
473 680
473 681
474 175
474 218
474 165
474 484
474 216
474 170
474 211
474 181
474 182
474 205
475 227
475 176
475 190
475 165
475 172
475 222
475 167
475 133
475 173
475 136
476 472
476 196
476 191
476 190
476 217
476 9
476 135
476 177
476 14
476 3
477 478
477 1034
477 1035
477 493
477 1036
477 495
477 490
477 1088
477 1089
477 1050
478 439
478 477
478 480
478 490
478 493
478 495
478 1036
478 1049
478 1088
479 670
479 480
479 537
479 676
479 361
479 538
479 527
479 536
479 678
479 362
480 438
480 678
480 493
480 362
480 361
480 536
480 479
480 676
480 440
480 478
481 445
481 482
481 487
481 489
481 490
481 1034
481 1047
481 1048
482 445
482 481
482 1048
483 174
483 484
483 122
483 8
483 230
483 12
483 485
483 202
483 138
483 186
484 168
484 475
484 165
484 133
484 171
484 3
484 213
484 192
484 136
484 474
485 4
485 484
485 187
485 174
485 175
485 133
485 191
485 129
485 5
485 195
486 661
487 481
487 489
488 489
488 493
488 526
488 528
488 529
488 538
488 670
489 481
489 487
489 488
489 490
490 477
490 478
490 481
490 489
490 493
490 1036
491 278
491 336
491 344
491 330
491 273
491 341
491 335
491 277
491 465
491 334
492 278
492 334
492 293
492 338
492 340
492 1113
492 281
492 282
492 1118
492 1119
493 477
493 478
493 480
493 488
493 490
493 528
494 495
494 1050
494 1049
494 1051
494 1052
494 997
494 456
494 991
494 429
494 457
495 1049
495 1034
495 456
495 1050
495 478
495 1088
495 996
495 1007
495 1036
495 494
496 508
496 19
496 867
496 498
496 1197
496 503
496 504
496 1195
496 863
496 847
497 511
497 555
497 539
497 857
497 501
497 38
497 57
497 852
497 1194
497 1196
498 1167
498 871
498 502
498 539
498 1195
498 851
498 854
498 43
498 497
498 533
499 1196
499 857
499 860
499 502
499 1198
499 533
499 496
499 1195
499 863
499 508
500 19
500 503
500 512
500 499
500 555
500 57
500 16
500 1199
500 34
500 850
501 511
501 18
501 1198
501 505
501 25
501 851
501 24
501 504
501 512
501 17
502 499
502 26
502 29
502 27
502 846
502 1169
502 32
502 851
502 860
502 18
503 845
503 511
503 505
503 16
503 25
503 506
503 534
503 1194
503 557
503 48
504 16
504 849
504 1195
504 511
504 26
504 30
504 32
504 499
504 505
504 496
505 855
505 32
505 508
505 1199
505 502
505 1195
505 1198
505 845
505 499
505 506
506 1195
506 871
506 17
506 501
506 32
506 24
506 502
506 851
506 25
506 845
507 31
507 27
507 26
507 845
507 49
507 855
507 506
507 497
507 16
507 512
508 505
508 511
508 30
508 39
508 868
508 519
508 1195
508 855
508 18
508 1199
509 533
509 500
509 54
509 506
509 58
509 501
509 34
509 1194
509 503
509 507
510 869
510 861
510 860
510 504
510 42
510 39
510 505
510 849
510 862
510 848
511 38
511 16
511 46
511 500
511 47
511 534
511 507
511 506
511 49
511 532
512 1194
512 38
512 40
512 37
512 503
512 520
512 506
512 58
512 19
512 511
513 514
513 663
514 450
514 513
514 515
514 516
514 517
514 656
514 658
515 450
515 514
515 516
515 517
515 656
515 658
516 434
516 450
516 514
516 515
516 517
516 656
517 434
517 449
517 450
517 514
517 515
517 516
517 522
517 525
517 656
517 669
518 433
518 435
518 449
518 522
518 524
518 525
519 44
519 520
519 42
519 510
519 867
519 508
519 861
519 556
519 862
519 871
520 44
520 34
520 533
520 40
520 557
520 507
520 501
520 512
520 50
520 54
521 534
521 501
521 34
521 49
521 557
521 19
521 520
521 57
521 503
521 48
522 430
522 433
522 434
522 449
522 517
522 518
522 525
522 669
523 104
523 105
523 430
523 473
523 669
523 679
523 680
523 681
523 684
524 430
524 431
524 433
524 473
524 518
524 525
524 669
524 681
525 430
525 433
525 434
525 435
525 449
525 517
525 518
525 522
525 524
526 488
526 528
526 529
527 362
527 480
527 528
527 678
527 537
527 676
527 479
527 677
527 438
527 536
528 488
528 493
528 526
528 527
528 529
528 537
528 538
528 670
529 488
529 526
529 528
529 661
530 531
530 661
531 530
532 521
532 35
532 34
532 49
532 38
532 37
532 50
532 48
532 853
532 539
533 501
533 860
533 1194
533 1170
533 532
533 58
533 37
533 49
533 34
533 534
534 503
534 34
534 853
534 520
534 555
534 1196
534 499
534 846
534 48
534 850
535 105
535 361
535 536
535 677
535 678
535 679
535 682
535 684
536 480
536 527
536 678
536 361
536 670
536 537
536 676
536 479
536 438
536 362
537 361
537 479
537 527
537 528
537 536
537 538
537 670
537 676
537 677
537 678
538 479
538 488
538 527
538 528
538 536
538 537
538 670
538 676
538 677
539 1199
539 557
539 510
539 43
539 48
539 853
539 534
539 507
539 863
539 862
540 549
540 410
540 428
540 542
540 404
540 437
540 541
540 427
540 401
540 426
541 428
541 425
541 403
541 404
541 549
541 424
541 437
541 423
541 562
541 427
542 426
542 549
542 540
542 562
542 427
542 401
542 543
542 541
542 411
542 561
543 404
543 424
543 426
543 541
543 437
543 542
543 549
543 562
543 408
543 425
544 547
544 404
544 427
544 545
544 424
544 428
544 548
544 546
544 425
544 437
545 546
545 425
545 408
545 427
545 369
545 630
545 544
545 403
545 424
545 629
546 404
546 547
546 427
546 544
546 411
546 437
546 548
546 403
546 410
546 428
547 410
547 633
547 423
547 409
547 403
547 424
547 630
547 369
547 544
547 425
548 404
548 630
548 411
548 403
548 410
548 544
548 546
548 547
548 409
548 545
549 563
549 633
549 541
549 561
549 412
549 409
549 540
549 543
549 403
549 628
550 976
550 574
550 975
550 552
550 560
550 561
550 563
550 977
550 554
550 551
551 628
551 552
551 947
551 632
551 975
551 402
551 560
551 571
551 563
551 634
552 632
552 402
552 559
552 363
552 639
552 560
552 627
552 638
552 561
552 550
553 936
553 552
553 688
553 363
553 639
553 935
553 365
553 366
553 550
553 638
554 550
554 639
554 552
554 977
554 935
554 688
554 559
554 563
554 402
554 363
555 497
555 498
555 533
555 857
555 863
555 42
555 496
555 500
555 870
555 1195
556 51
556 868
556 41
556 47
556 36
556 519
556 45
556 46
556 755
556 521
557 55
557 501
557 58
557 35
557 49
557 52
557 534
557 500
557 41
557 509
558 946
558 552
558 571
558 409
558 554
558 402
558 551
558 634
558 550
558 975
559 975
559 552
559 628
559 554
559 632
559 409
559 946
559 976
559 563
559 402
560 628
560 561
560 634
560 574
560 551
560 946
560 550
560 558
560 402
560 552
561 371
561 549
561 550
561 372
561 423
561 628
561 639
561 558
561 363
561 562
562 563
562 543
562 542
562 560
562 552
562 574
562 371
562 423
562 632
562 541
563 628
563 639
563 371
563 551
563 549
563 423
563 402
563 627
563 559
563 560
564 596
564 1205
564 898
564 878
564 565
564 595
564 619
564 897
564 872
564 1200
565 653
565 597
565 598
565 570
565 595
565 619
565 568
565 878
565 69
565 874
566 60
566 1200
566 567
566 881
566 565
566 878
566 876
566 619
566 595
566 880
567 73
567 876
567 60
567 76
567 649
567 620
567 81
567 569
567 895
567 65
568 652
568 76
568 71
568 99
568 597
568 98
568 79
568 64
568 69
568 621
569 1204
569 77
569 875
569 79
569 82
569 62
569 893
569 595
569 566
569 599
570 65
570 100
570 98
570 654
570 896
570 82
570 81
570 1205
570 655
570 1204
571 572
571 635
571 370
571 945
571 636
571 634
571 364
571 631
571 558
571 629
572 574
572 364
572 646
572 636
572 945
572 637
572 571
572 634
572 573
572 938
573 647
573 937
573 641
573 364
573 637
573 685
573 646
573 643
573 635
573 368
574 558
574 572
574 945
574 409
574 561
574 635
574 551
574 633
574 946
574 562
575 396
575 576
575 375
575 601
575 577
575 391
575 592
575 374
575 373
575 398
576 592
576 398
576 578
576 604
576 577
576 575
576 399
576 400
576 582
576 397
577 581
577 576
577 391
577 604
577 579
577 392
577 583
577 387
577 592
577 600
578 580
578 577
578 600
578 603
578 390
578 399
578 379
578 604
578 610
578 387
579 581
579 577
579 582
579 585
579 594
579 580
579 584
579 399
579 578
579 604
580 612
580 379
580 578
580 585
580 944
580 611
580 577
580 582
580 387
580 398
581 583
581 577
581 941
581 398
581 585
581 580
581 582
581 594
581 399
581 944
582 579
582 583
582 585
582 941
582 397
582 942
582 581
582 944
582 612
582 594
583 594
583 941
583 399
583 942
583 585
583 579
583 944
583 581
583 398
583 580
584 588
584 931
584 583
584 579
584 585
584 581
584 582
584 580
584 942
584 587
585 582
585 640
585 942
585 581
585 587
585 579
585 583
585 399
585 586
585 580
586 588
586 584
586 585
586 589
586 380
586 607
586 587
586 616
586 397
586 934
587 606
587 584
587 589
587 588
587 399
587 586
587 397
587 613
587 934
587 640
588 605
588 615
588 584
588 585
588 606
588 397
588 587
588 590
588 613
588 640
589 397
589 591
589 613
589 592
589 607
589 587
589 586
589 398
589 606
589 588
590 588
590 398
590 397
590 587
590 591
590 607
590 577
590 605
590 399
590 400
591 606
591 400
591 393
591 589
591 397
591 396
591 592
591 590
591 389
591 377
592 391
592 575
592 393
592 605
592 576
592 375
592 590
592 609
592 399
592 608
593 932
593 617
593 382
593 612
593 618
593 940
593 626
593 622
593 624
593 611
594 581
594 944
594 387
594 612
594 399
594 611
594 582
594 579
594 583
594 580
595 652
595 1200
595 72
595 880
595 898
595 876
595 653
595 893
595 570
595 82
596 876
596 650
596 564
596 569
596 68
596 599
596 1205
596 895
596 70
596 66
597 596
597 653
597 878
597 880
597 570
597 652
597 568
597 876
597 595
597 69
598 99
598 79
598 1201
598 76
598 654
598 569
598 896
598 62
598 77
598 570
599 1205
599 653
599 61
599 567
599 649
599 64
599 597
599 878
599 569
599 62
600 398
600 575
600 400
600 396
600 601
600 387
600 392
600 579
600 603
600 391
601 374
601 376
601 600
601 373
601 575
601 375
601 604
601 393
601 377
601 602
602 374
602 390
602 375
602 378
602 608
602 377
602 391
602 396
602 393
602 576
603 610
603 390
603 392
603 387
603 580
603 381
603 612
603 594
603 600
603 379
604 396
604 578
604 391
604 398
604 387
604 400
604 600
604 601
604 577
604 390
605 592
605 607
605 590
605 397
605 588
605 390
605 589
605 389
605 606
605 392
606 385
606 386
606 586
606 613
606 590
606 397
606 591
606 607
606 592
606 587
607 386
607 605
607 397
607 388
607 590
607 588
607 589
607 586
607 381
607 640
608 376
608 375
608 601
608 591
608 374
608 592
608 602
608 393
608 389
608 378
609 608
609 378
609 373
609 389
609 375
609 377
609 605
609 393
609 396
609 400
610 381
610 583
610 578
610 388
610 580
610 593
610 387
610 611
610 603
610 594
611 382
611 624
611 381
611 593
611 940
611 612
611 379
611 383
611 610
611 617
612 593
612 583
612 940
612 617
612 618
612 381
612 388
612 580
612 379
612 382
613 615
613 606
613 587
613 397
613 589
613 384
613 386
613 614
613 640
613 586
614 710
614 586
614 640
614 615
614 934
614 384
614 748
614 933
614 932
614 613
615 381
615 586
615 934
615 607
615 616
615 613
615 614
615 625
615 384
615 385
616 640
616 613
616 586
616 614
616 622
616 617
616 615
616 932
616 384
616 934
617 748
617 593
617 382
617 383
617 622
617 624
617 611
617 612
617 940
617 626
618 622
618 617
618 382
618 623
618 616
618 612
618 611
618 624
618 625
618 593
619 1204
619 70
619 69
619 68
619 881
619 71
619 598
619 63
619 567
619 100
620 650
620 86
620 598
620 63
620 95
620 59
620 62
620 88
620 619
620 90
621 59
621 86
621 649
621 78
621 597
621 72
621 896
621 652
621 69
621 63
622 384
622 381
622 611
622 617
622 616
622 624
622 593
622 625
622 618
622 623
623 624
623 382
623 622
623 381
623 380
623 618
623 626
623 617
623 383
623 932
624 623
624 382
624 622
624 611
624 616
624 932
624 618
624 384
624 940
624 625
625 593
625 626
625 614
625 615
625 380
625 748
625 624
625 623
625 622
625 933
626 381
626 593
626 382
626 383
626 384
626 618
626 624
626 616
626 622
626 617
627 363
627 552
627 366
627 554
627 628
627 638
627 371
627 645
627 632
627 563
628 402
628 627
628 559
628 409
628 549
628 550
628 574
628 561
628 632
628 408
629 574
629 364
629 636
629 571
629 631
629 411
629 369
629 547
629 634
629 572
630 631
630 633
630 635
630 545
630 409
630 411
630 548
630 369
630 629
630 370
631 367
631 636
631 364
631 365
631 637
631 409
631 630
631 369
631 635
631 629
632 638
632 627
632 560
632 559
632 561
632 552
632 551
632 563
632 562
632 558
633 629
633 369
633 403
633 549
633 411
633 410
633 548
633 547
633 409
633 545
634 572
634 369
634 364
634 559
634 551
634 370
634 574
634 402
634 560
634 571
635 367
635 637
635 369
635 370
635 572
635 631
635 629
635 409
635 571
635 573
636 572
636 937
636 637
636 635
636 629
636 647
636 631
636 364
636 368
636 367
637 631
637 642
637 937
637 641
637 643
637 573
637 647
637 367
637 636
637 368
638 553
638 977
638 554
638 642
638 639
638 627
638 552
638 935
638 363
638 372
639 553
639 627
639 366
639 628
639 563
639 935
639 551
639 365
639 638
639 552
640 584
640 586
640 585
640 587
640 588
640 615
640 934
640 385
640 614
640 607
641 573
641 647
641 646
641 644
641 367
641 372
641 637
641 368
641 366
641 645
642 363
642 368
642 367
642 641
642 366
642 644
642 645
642 646
642 370
642 647
643 937
643 645
643 936
643 637
643 573
643 641
643 685
643 935
643 646
643 644
644 365
644 642
644 646
644 553
644 638
644 647
644 368
644 645
644 643
644 367
645 642
645 936
645 366
645 554
645 553
645 627
645 641
645 977
645 643
645 638
646 936
646 368
646 573
646 642
646 636
646 365
646 641
646 644
646 364
646 367
647 364
647 368
647 372
647 641
647 573
647 643
647 637
647 642
647 636
647 644
648 649
648 62
648 655
648 567
648 100
648 87
648 570
648 73
648 896
648 78
649 568
649 86
649 648
649 88
649 69
649 1205
649 894
649 893
649 619
649 887
650 59
650 889
650 570
650 886
650 1204
650 894
650 73
650 85
650 648
650 84
651 95
651 84
651 86
651 565
651 874
651 89
651 872
651 100
651 881
651 652
652 1205
652 566
652 596
652 875
652 672
652 878
652 621
652 100
652 570
652 82
653 76
653 63
653 569
653 597
653 70
653 75
653 567
653 595
653 599
653 673
654 94
654 77
654 78
654 67
654 619
654 568
654 80
654 62
654 99
654 72
655 654
655 570
655 68
655 72
655 648
655 61
655 73
655 63
655 99
655 675
656 450
656 514
656 515
656 516
656 517
656 658
657 659
657 660
657 665
657 667
658 514
658 515
658 656
658 663
659 454
659 657
660 657
660 668
661 486
661 529
661 530
662 758
663 513
663 658
663 665
664 665
664 667
665 657
665 663
665 664
665 667
666 667
666 668
667 657
667 664
667 665
667 666
667 668
668 660
668 666
668 667
669 430
669 434
669 517
669 522
669 523
669 524
669 681
670 479
670 488
670 527
670 528
670 536
670 537
670 538
670 676
670 677
671 16
671 507
671 21
671 28
671 17
671 506
671 845
671 503
671 1194
671 27
672 673
672 90
672 99
672 61
672 78
672 648
672 64
672 82
672 60
672 70
673 102
673 89
673 569
673 64
673 75
673 60
673 619
673 76
673 672
673 65
674 888
674 85
674 896
674 87
674 620
674 653
674 84
674 83
674 650
674 102
675 649
675 88
675 96
675 621
675 889
675 87
675 673
675 95
675 100
675 85
676 678
676 361
676 527
676 362
676 479
676 537
676 438
676 670
676 538
676 480
677 105
677 683
677 535
677 361
677 678
677 537
677 538
677 670
677 103
677 106
678 105
678 361
678 537
678 536
678 479
678 535
678 677
678 480
678 676
678 438
679 103
679 105
679 106
679 361
679 523
679 535
679 680
679 681
679 682
679 684
680 104
680 362
680 430
680 440
680 473
680 523
680 679
680 681
680 684
681 104
681 105
681 430
681 473
681 523
681 524
681 669
681 679
681 680
681 684
682 103
682 105
682 106
682 361
682 535
682 679
682 683
682 684
683 103
683 105
683 106
683 361
683 677
683 682
683 684
684 105
684 361
684 523
684 535
684 679
684 680
684 681
684 682
684 683
685 573
685 643
685 687
685 688
685 935
685 936
685 937
685 938
686 687
686 690
686 759
686 778
686 926
687 685
687 686
687 688
687 690
687 759
687 935
687 938
687 977
688 553
688 554
688 685
688 687
688 759
688 935
688 936
688 976
688 977
689 690
689 776
689 777
689 778
689 938
689 945
690 686
690 687
690 689
690 777
690 778
690 938
691 693
691 695
691 759
691 976
692 762
693 691
693 695
693 762
694 550
694 695
694 739
694 742
694 947
694 975
694 976
695 691
695 693
695 694
695 759
695 976
695 977
696 698
696 707
696 709
696 710
696 711
697 698
697 701
697 731
697 732
697 942
698 696
698 697
698 701
698 706
698 711
699 706
700 701
700 731
700 732
701 697
701 698
701 700
702 704
703 753
703 1143
704 702
704 712
705 719
705 720
706 698
706 699
706 707
707 696
707 706
707 708
707 709
707 720
708 707
708 709
708 720
708 728
708 750
709 696
709 707
709 708
709 710
709 720
710 614
710 640
710 696
710 709
710 748
710 749
710 931
710 933
710 934
711 696
711 698
711 931
711 941
712 704
713 714
713 751
713 1093
713 1145
713 1146
714 713
714 751
714 1093
715 985
715 1090
715 1091
715 1092
715 1093
716 719
716 722
716 723
717 721
718 723
718 724
718 725
718 727
718 728
718 943
719 705
719 716
719 720
719 723
720 705
720 707
720 708
720 709
720 719
720 728
721 717
722 716
722 723
722 725
722 731
722 732
723 716
723 718
723 719
723 722
723 724
723 725
723 727
724 718
724 723
724 725
724 726
724 727
724 942
724 943
725 718
725 722
725 723
725 724
725 727
725 731
725 732
725 943
726 724
726 727
726 728
726 750
726 939
726 943
726 944
727 718
727 723
727 724
727 725
727 726
727 728
727 942
727 943
727 944
728 708
728 718
728 720
728 726
728 727
728 749
728 750
729 1090
729 1141
731 697
731 700
731 722
731 725
731 732
732 697
732 700
732 722
732 725
732 731
732 942
733 1141
733 1144
735 1101
735 1140
736 978
736 1099
736 1100
738 740
738 741
739 694
739 740
739 775
739 776
739 946
739 947
739 975
739 1266
740 738
740 739
740 741
740 742
740 775
740 1266
741 738
741 740
741 742
741 743
742 694
742 740
742 741
742 743
742 775
743 741
743 742
744 763
744 1148
744 1150
747 1137
748 617
748 750
748 933
748 940
748 618
748 939
748 625
748 934
748 614
748 932
749 710
749 728
749 748
749 750
749 933
750 708
750 726
750 728
750 748
750 749
750 939
751 713
751 714
751 1093
751 1145
753 703
753 1143
753 1146
755 33
755 36
755 44
755 45
755 46
755 47
755 51
755 556
755 1142
755 1144
756 53
757 758
758 662
758 757
759 686
759 687
759 688
759 691
759 695
759 976
759 977
760 761
761 760
761 926
762 692
762 693
763 744
763 1148
763 1150
764 765
765 764
766 768
767 768
767 769
767 771
767 1098
767 1099
767 1149
768 766
768 767
768 1149
769 767
769 1098
769 1099
771 767
771 1098
771 1149
773 1139
773 1147
775 739
775 740
775 742
775 776
775 927
775 928
775 947
775 1266
776 689
776 739
776 775
776 777
776 778
776 926
776 927
776 928
776 1266
777 689
777 690
777 776
777 778
777 926
777 946
778 686
778 689
778 690
778 776
778 777
778 926
779 784
779 785
779 803
779 953
779 954
779 955
779 956
779 959
779 962
780 791
780 794
780 1154
780 1156
781 783
781 786
781 805
781 958
782 805
782 1154
782 1155
782 1156
782 1164
782 1165
783 781
783 785
783 786
783 788
784 1235
784 779
784 948
784 968
784 1240
784 957
784 956
784 1242
784 951
784 1230
785 948
785 949
785 952
785 784
785 950
785 1230
785 786
785 788
785 779
785 951
786 781
786 783
786 785
786 787
786 788
786 790
787 785
787 786
787 788
787 810
787 950
787 952
787 965
787 966
787 1161
788 783
788 785
788 786
788 787
788 790
789 790
789 791
789 793
789 794
789 802
789 809
789 1160
789 1162
789 1163
790 786
790 788
790 789
790 1160
791 780
791 789
791 792
791 793
791 794
791 796
791 1156
791 1162
792 791
792 794
792 1154
792 1155
792 1156
792 1159
793 789
793 791
793 794
793 796
793 802
793 809
793 1162
793 1163
793 1191
794 780
794 789
794 791
794 792
794 793
794 796
794 1156
794 1162
795 797
795 852
795 853
795 856
795 857
795 859
795 1190
795 1196
796 791
796 793
796 794
796 797
796 1190
796 1191
797 795
797 796
797 798
797 856
797 858
797 859
797 1157
797 1190
798 858
798 859
798 866
798 857
798 797
798 856
798 863
798 864
798 1158
798 865
799 961
799 1122
799 1227
800 801
800 805
800 807
800 808
800 1164
800 1165
801 800
801 804
801 811
801 1160
801 1161
801 1227
802 789
802 793
802 807
802 808
802 809
802 1162
802 1163
802 1191
803 779
803 804
803 958
803 959
803 961
803 962
803 1239
804 801
804 803
804 811
804 958
805 781
805 782
805 800
805 958
806 807
806 808
806 1165
806 1166
806 1168
806 1171
807 800
807 802
807 806
807 808
807 809
807 1163
807 1165
808 800
808 802
808 806
808 807
808 809
808 1162
808 1163
809 789
809 793
809 802
809 807
809 808
809 1162
809 1163
809 1191
810 1128
810 952
810 1161
810 787
810 950
810 1233
810 1122
810 1231
810 1130
810 970
811 801
811 804
811 1161
811 1227
812 834
812 1258
812 906
812 1256
812 816
812 905
812 903
812 907
812 916
812 1259
813 814
813 819
813 820
813 1172
814 813
814 815
814 836
814 907
815 814
815 1173
815 1174
815 1186
815 1187
816 812
816 903
816 916
816 917
816 924
816 925
816 1255
816 1256
816 1258
817 812
817 907
817 917
817 1256
817 1257
817 1258
818 820
818 823
818 829
818 840
818 1002
818 1182
818 1184
818 1185
819 813
819 820
819 825
819 1002
819 1182
820 813
820 818
820 819
820 823
820 1172
820 1184
821 1172
821 1174
821 1178
821 1181
822 823
822 840
822 1178
822 1184
822 1192
822 1193
823 818
823 820
823 822
823 840
823 1178
823 1184
823 1193
824 918
824 1263
824 1006
824 909
824 913
824 994
824 911
824 919
824 1255
824 924
825 819
825 990
825 994
825 1182
825 1183
825 1255
825 1257
826 824
826 913
826 919
826 1255
826 1262
826 1256
826 1183
826 1265
826 1261
826 911
827 828
827 836
827 838
827 1186
828 827
828 829
828 831
828 1182
828 1183
828 1185
829 818
829 828
829 838
829 839
829 840
829 1182
829 1184
829 1185
830 835
830 900
830 908
830 832
830 833
830 899
830 1253
830 1265
830 901
830 909
831 826
831 828
831 833
831 909
831 1182
831 1183
831 1261
831 1262
832 901
832 830
832 922
832 903
832 916
832 1248
832 834
832 902
832 915
832 1252
833 830
833 831
833 835
833 900
833 910
833 1253
833 1262
834 916
834 906
834 905
834 917
834 832
834 835
834 1260
834 812
834 907
834 1259
835 830
835 833
835 834
835 836
835 907
836 814
836 827
836 835
836 907
837 838
837 839
837 844
837 1173
837 1186
837 1189
838 827
838 829
838 837
838 839
838 1185
838 1186
838 1187
839 829
839 837
839 838
839 840
839 844
839 1184
839 1185
840 818
840 822
840 823
840 829
840 839
840 844
840 1184
840 1185
841 842
841 843
841 879
841 880
841 1188
841 1202
842 841
842 844
842 879
842 1188
843 841
843 877
843 879
843 892
843 894
843 897
843 898
843 1175
843 1192
843 1202
844 837
844 839
844 840
844 842
844 1184
844 1192
844 1193
845 512
845 1198
845 508
845 25
845 31
845 506
845 21
845 19
845 847
845 1195
846 496
846 16
846 1169
846 497
846 851
846 850
846 1190
846 1198
846 1195
846 500
847 1198
847 845
847 987
847 24
847 501
847 17
847 23
847 1197
847 511
847 504
848 505
848 849
848 504
848 868
848 511
848 39
848 1090
848 871
848 510
848 861
849 845
849 1195
849 869
849 510
849 496
849 16
849 505
849 871
849 848
849 39
850 851
850 852
850 500
850 855
850 1170
850 1190
850 16
850 496
850 497
850 1198
851 499
851 498
851 845
851 502
851 32
851 1170
851 850
851 1198
851 16
851 846
852 534
852 850
852 859
852 497
852 846
852 1190
852 500
852 533
852 1170
852 795
853 795
853 502
853 507
853 851
853 500
853 852
853 19
853 1197
853 1169
853 557
854 498
854 499
854 864
854 866
854 870
854 1158
854 1166
854 1167
854 1199
855 871
855 1197
855 504
855 1199
855 16
855 850
855 860
855 501
855 43
855 845
856 795
856 797
856 798
856 857
856 858
856 859
856 863
856 865
856 1196
857 499
857 534
857 856
857 498
857 1196
857 1199
857 533
857 497
857 858
857 859
858 797
858 555
858 863
858 856
858 43
858 864
858 857
858 859
858 866
858 798
859 795
859 797
859 798
859 852
859 853
859 856
859 857
859 858
859 1196
860 498
860 539
860 499
860 534
860 1199
860 862
860 870
860 497
860 861
860 1198
861 858
861 555
861 519
861 868
861 867
861 848
861 43
861 510
861 41
861 40
862 519
862 870
862 555
862 1199
862 496
862 866
862 42
862 860
862 869
862 1195
863 1195
863 858
863 862
863 498
863 499
863 855
863 869
863 43
863 860
863 539
864 798
864 854
864 858
864 865
864 866
864 870
864 1158
864 1167
865 798
865 856
865 858
865 863
865 864
865 866
865 870
865 1158
866 864
866 858
866 798
866 867
866 862
866 1158
866 43
866 865
866 870
866 854
867 499
867 498
867 858
867 868
867 869
867 1199
867 539
867 496
867 870
867 508
868 51
868 556
868 42
868 39
868 519
868 861
868 848
868 510
868 555
868 508
869 848
869 860
869 867
869 868
869 43
869 39
869 849
869 510
869 40
869 504
870 1167
870 860
870 43
870 39
870 854
870 862
870 865
870 555
870 798
870 504
871 847
871 32
871 1199
871 855
871 27
871 555
871 39
871 868
871 29
871 30
872 1200
872 652
872 84
872 566
872 873
872 875
872 595
872 651
872 881
872 876
873 874
873 1201
873 87
873 83
873 88
873 881
873 889
873 86
873 564
873 872
874 84
874 88
874 85
874 887
874 87
874 884
874 674
874 889
874 888
874 872
875 595
875 878
875 1204
875 652
875 567
875 619
875 60
875 69
875 880
875 568
876 569
876 568
876 1205
876 652
876 597
876 567
876 69
876 1204
876 60
876 565
877 843
877 892
877 894
877 897
877 898
877 1175
877 1202
878 565
878 898
878 875
878 564
878 881
878 652
878 68
878 568
878 653
878 569
879 841
879 842
879 843
879 880
879 1188
879 1202
880 893
880 84
880 898
880 1204
880 875
880 878
880 1200
880 1201
880 564
880 897
881 564
881 568
881 595
881 872
881 597
881 874
881 878
881 1200
881 566
881 875
882 84
882 88
882 883
882 884
882 889
882 890
882 1180
883 84
883 882
883 884
883 890
883 1179
883 1180
883 1188
884 887
884 890
884 885
884 1180
884 874
884 883
884 1177
884 84
884 882
884 889
885 884
885 887
885 890
885 891
885 1176
885 1177
885 1203
886 894
886 649
886 674
886 891
886 87
886 599
886 88
886 895
886 888
886 896
887 891
887 889
887 888
887 84
887 874
887 674
887 884
887 649
887 87
887 873
888 675
888 85
888 887
888 87
888 649
888 874
888 674
888 86
888 650
888 896
889 886
889 85
889 874
889 651
889 86
889 873
889 87
889 88
889 882
889 888
890 882
890 883
890 884
890 885
890 1177
890 1179
890 1180
890 1188
890 1203
891 888
891 1203
891 885
891 1175
891 892
891 650
891 894
891 896
891 1177
891 886
892 843
892 877
892 891
892 894
892 1175
892 1202
892 1203
893 896
893 70
893 597
893 71
893 72
893 59
893 599
893 63
893 648
893 570
894 73
894 596
894 70
894 621
894 599
894 892
894 59
894 1175
894 878
894 898
895 62
895 59
895 648
895 69
895 67
895 569
895 597
895 568
895 76
895 896
896 889
896 68
896 596
896 60
896 650
896 73
896 570
896 655
896 61
896 894
897 1175
897 61
897 564
897 878
897 1201
897 880
897 70
897 566
897 898
897 1202
898 880
898 66
898 595
898 68
898 59
898 1204
898 1205
898 894
898 895
898 70
899 1253
899 920
899 832
899 908
899 1248
899 900
899 830
899 910
899 1260
899 913
900 830
900 909
900 1262
900 1248
900 1261
900 901
900 1252
900 910
900 899
900 908
901 1262
901 1246
901 916
901 830
901 899
901 1248
901 1260
901 915
901 902
901 903
902 904
902 903
902 905
902 900
902 922
902 914
902 916
902 1253
902 915
902 1254
903 922
903 917
903 906
903 915
903 812
903 905
903 832
903 914
903 834
903 904
904 914
904 1248
904 1253
904 922
904 1249
904 923
904 902
904 903
904 901
904 906
905 916
905 1260
905 812
905 915
905 1259
905 902
905 917
905 906
905 904
905 834
906 917
906 903
906 907
906 1258
906 904
906 1260
906 916
906 1259
906 812
906 905
907 812
907 814
907 817
907 834
907 835
907 836
907 906
908 919
908 826
908 912
908 824
908 1261
908 921
908 1253
908 1263
908 899
908 830
909 900
909 913
909 1263
909 919
909 921
909 1253
909 826
909 1256
909 830
909 1262
910 1261
910 913
910 830
910 1265
910 899
910 919
910 912
910 908
910 901
910 833
911 913
911 910
911 1263
911 918
911 923
911 924
911 1265
911 914
911 921
911 912
912 910
912 909
912 921
912 920
912 1262
912 925
912 826
912 913
912 908
912 918
913 1261
913 995
913 925
913 1219
913 826
913 919
913 1265
913 908
913 911
913 921
914 922
914 1254
914 923
914 915
914 904
914 924
914 1263
914 916
914 913
914 911
915 914
915 1254
915 832
915 900
915 901
915 1246
915 920
915 1260
915 1248
915 922
916 915
916 901
916 834
916 902
916 1248
916 816
916 922
916 906
916 917
916 832
917 1256
917 905
917 817
917 914
917 903
917 816
917 812
917 924
917 834
917 906
918 1219
918 911
918 923
918 914
918 919
918 909
918 1261
918 910
918 913
918 1263
919 910
919 923
919 1261
919 914
919 1263
919 826
919 922
919 1254
919 995
919 912
920 899
920 923
920 918
920 919
920 1254
920 915
920 911
920 914
920 1252
920 912
921 995
921 1219
921 911
921 922
921 824
921 914
921 909
921 1264
921 918
921 919
922 921
922 923
922 1250
922 1246
922 919
922 904
922 914
922 903
922 1249
922 915
923 911
923 902
923 914
923 915
923 903
923 1260
923 1264
923 1263
923 916
923 919
924 923
924 922
924 919
924 1263
924 912
924 908
924 916
924 911
924 914
924 816
925 924
925 918
925 922
925 914
925 911
925 920
925 921
925 913
925 912
925 816
926 686
926 761
926 776
926 777
926 778
926 928
927 775
927 776
927 928
927 1266
928 775
928 776
928 926
928 927
928 1266
931 584
931 585
931 710
931 711
931 934
931 941
931 942
932 625
932 622
932 618
932 940
932 614
932 623
932 934
932 593
932 748
932 624
933 384
933 614
933 616
933 625
933 640
933 710
933 748
933 749
933 932
933 934
934 748
934 613
934 615
934 931
934 614
934 384
934 640
934 588
934 586
934 932
935 639
935 688
935 936
935 685
935 645
935 977
935 638
935 643
935 976
935 554
936 553
936 643
936 644
936 645
936 646
936 685
936 688
936 935
936 937
936 977
937 573
937 643
937 572
937 646
937 685
937 936
937 637
937 938
937 364
937 368
938 572
938 685
938 687
938 689
938 690
938 937
938 945
939 593
939 726
939 748
939 750
939 940
939 944
940 932
940 625
940 382
940 593
940 626
940 594
940 612
940 748
940 622
940 624
941 581
941 582
941 583
941 584
941 585
941 711
941 931
941 942
942 584
942 581
942 724
942 931
942 943
942 732
942 727
942 582
942 585
942 941
943 581
943 718
943 724
943 725
943 726
943 727
943 942
943 944
944 580
944 581
944 582
944 583
944 594
944 726
944 727
944 939
944 943
945 634
945 572
945 559
945 946
945 558
945 689
945 574
945 571
945 938
945 402
946 551
946 559
946 574
946 945
946 550
946 975
946 777
946 739
946 947
946 558
947 550
947 551
947 559
947 694
947 739
947 775
947 946
947 975
948 1234
948 963
948 784
948 957
948 970
948 969
948 785
948 1230
948 968
948 1240
949 950
949 1230
949 784
949 948
949 785
949 951
949 1235
949 957
949 968
949 1231
950 969
950 785
950 951
950 970
950 1233
950 965
950 1230
950 952
950 787
950 949
951 957
951 968
951 974
951 952
951 784
951 785
951 1231
951 1233
951 1235
951 949
952 1132
952 1233
952 787
952 1230
952 970
952 810
952 965
952 969
952 951
952 949
953 1240
953 948
953 784
953 962
953 779
953 785
953 957
953 955
953 1234
953 1241
954 1241
954 779
954 953
954 956
954 955
954 959
954 1240
954 961
954 962
954 1239
955 956
955 957
955 1242
955 1235
955 954
955 953
955 1241
955 962
955 1240
955 1234
956 957
956 784
956 961
956 1242
956 954
956 955
956 953
956 1240
956 1234
956 959
957 1240
957 968
957 948
957 974
957 1234
957 955
957 1230
957 956
957 1242
957 960
958 781
958 803
958 804
958 805
958 959
959 779
959 803
959 953
959 954
959 956
959 958
959 961
959 962
959 1239
960 967
960 1242
960 968
960 1222
960 963
960 974
960 1231
960 1230
960 972
960 969
961 799
961 803
961 954
961 956
961 959
961 962
961 1227
961 1239
962 963
962 956
962 961
962 803
962 1241
962 954
962 1239
962 959
962 953
962 955
963 948
963 954
963 960
963 962
963 968
963 973
963 974
963 1232
963 1235
963 1239
964 1231
964 970
964 966
964 972
964 1129
964 1220
964 973
964 1132
964 971
964 1134
965 787
965 810
965 950
965 952
965 966
965 969
965 972
965 1128
965 1231
966 973
966 1231
966 965
966 969
966 1233
966 1229
966 952
966 950
966 972
966 810
967 1233
967 970
967 1134
967 964
967 1222
967 1132
967 394
967 1220
967 1133
967 974
968 974
968 784
968 1242
968 1234
968 1230
968 948
968 1132
968 1232
968 1235
968 949
969 968
969 974
969 948
969 1235
969 970
969 952
969 1232
969 1233
969 1234
969 957
970 1129
970 969
970 1220
970 951
970 1132
970 1233
970 810
970 949
970 950
970 968
971 1130
971 966
971 1231
971 970
971 972
971 1220
971 1134
971 964
971 1229
971 1233
972 1129
972 974
972 1233
972 969
972 1231
972 965
972 973
972 966
972 964
972 1130
973 810
973 968
973 1232
973 972
973 971
973 970
973 964
973 1233
973 966
973 1129
974 951
974 963
974 972
974 1230
974 1222
974 967
974 957
974 1232
974 960
974 1242
975 976
975 632
975 402
975 559
975 560
975 739
975 946
975 550
975 694
975 551
976 935
976 695
976 553
976 551
976 550
976 694
976 977
976 975
976 691
976 554
977 645
977 639
977 935
977 550
977 687
977 976
977 695
977 554
977 632
977 553
978 736
978 1099
978 1100
980 1101
981 1096
982 983
983 982
985 715
985 1090
985 1091
985 1092
985 1093
986 33
986 40
986 41
986 46
986 47
986 848
986 868
986 1142
987 16
987 506
987 845
987 847
987 849
987 1194
988 989
989 988
990 1000
990 992
990 1004
990 1255
990 999
990 1257
990 1183
990 993
990 825
990 1153
991 429
991 457
991 458
991 494
991 997
991 998
991 1025
991 1052
992 1003
992 460
992 1257
992 999
992 998
992 1153
992 990
992 459
992 1000
992 1001
993 459
993 470
993 990
993 992
993 999
993 1000
993 1001
993 1003
993 1055
993 1056
994 824
994 825
994 990
994 1004
994 1255
994 1256
994 1265
995 405
995 345
995 210
995 1053
995 292
995 297
995 919
995 918
995 299
995 911
996 439
996 477
996 495
996 1007
996 1021
996 1049
996 1050
996 1088
997 458
997 494
997 991
997 1025
997 1050
998 458
998 991
998 992
998 1000
999 459
999 470
999 990
999 992
999 993
999 1000
999 1001
999 1003
999 1055
999 1056
1000 1003
1000 1001
1000 990
1000 460
1000 1257
1000 459
1000 999
1000 993
1000 998
1000 1153
1001 992
1001 993
1001 999
1001 1000
1001 1002
1001 1003
1002 818
1002 819
1002 1001
1002 1003
1002 1182
1003 992
1003 993
1003 999
1003 1000
1003 1001
1003 1002
1004 824
1004 990
1004 994
1004 1006
1004 1057
1004 1255
1005 221
1005 168
1005 210
1005 474
1005 191
1005 207
1005 170
1005 298
1005 995
1005 290
1006 299
1006 824
1006 1004
1006 1054
1006 1056
1006 1057
1007 439
1007 477
1007 495
1007 996
1007 1021
1007 1025
1007 1049
1007 1050
1007 1088
1007 1206
1009 1046
1009 1208
1010 453
1011 1209
1014 442
1014 1032
1014 1075
1014 1086
1021 439
1021 996
1021 1007
1021 1025
1025 991
1025 997
1025 1007
1025 1021
1025 1206
1028 441
1028 443
1028 444
1028 1032
1028 1033
1028 1077
1028 1081
1028 1086
1028 1102
1028 1103
1032 442
1032 443
1032 444
1032 1014
1032 1028
1032 1033
1032 1077
1032 1086
1032 1087
1032 1212
1033 443
1033 444
1033 455
1033 1028
1033 1032
1033 1077
1033 1078
1034 477
1034 1036
1034 495
1034 1045
1034 1089
1034 1088
1034 1035
1034 1083
1034 1047
1034 1049
1035 477
1035 1034
1035 1036
1035 1045
1035 1046
1035 1047
1035 1083
1035 1088
1035 1089
1036 1088
1036 478
1036 1089
1036 1050
1036 1047
1036 1049
1036 490
1036 495
1036 477
1036 439
1037 1208
1039 1238
1041 1247
1041 1250
1042 1044
1043 1044
1043 1237
1044 1042
1044 1043
1045 1034
1045 1035
1045 1046
1045 1047
1045 1048
1045 1083
1046 1009
1046 1035
1046 1045
1046 1047
1046 1083
1046 1089
1046 1208
1047 481
1047 1034
1047 1035
1047 1036
1047 1045
1047 1046
1047 1048
1047 1083
1047 1088
1047 1089
1048 445
1048 481
1048 482
1048 1045
1048 1047
1048 1076
1048 1083
1049 456
1049 1050
1049 439
1049 1007
1049 495
1049 1036
1049 494
1049 478
1049 1088
1049 996
1050 494
1050 1049
1050 996
1050 1007
1050 1036
1050 439
1050 456
1050 1051
1050 495
1050 477
1051 429
1051 456
1051 457
1051 494
1051 495
1051 1049
1051 1050
1051 1052
1052 429
1052 432
1052 455
1052 456
1052 457
1052 458
1052 494
1052 991
1052 1051
1052 1081
1053 299
1053 341
1053 344
1053 405
1053 414
1053 342
1053 346
1053 417
1053 407
1053 343
1054 1055
1054 1057
1054 1053
1054 414
1054 1109
1054 469
1054 470
1054 345
1054 413
1054 406
1055 405
1055 469
1055 1056
1055 471
1055 459
1055 999
1055 1054
1055 993
1055 460
1055 470
1056 459
1056 993
1056 999
1056 1006
1056 1055
1056 1057
1057 299
1057 469
1057 824
1057 912
1057 995
1057 1004
1057 1006
1057 1054
1057 1055
1057 1056
1058 258
1058 294
1058 1217
1058 276
1058 291
1058 290
1058 254
1058 283
1058 273
1058 279
1059 206
1059 260
1059 259
1059 207
1059 1218
1059 1005
1059 205
1059 292
1059 1058
1059 298
1060 1061
1060 1063
1060 1074
1060 1079
1060 1082
1061 1060
1061 1062
1061 1063
1061 1074
1061 1079
1062 1061
1062 1074
1062 1075
1062 1079
1062 1080
1062 1087
1063 1060
1063 1061
1063 1076
1063 1079
1063 1080
1064 1218
1064 249
1064 1215
1064 254
1064 286
1064 260
1064 163
1064 208
1064 250
1064 159
1065 1066
1065 1243
1065 1073
1065 1072
1065 1084
1065 1069
1065 1121
1065 1224
1065 1223
1065 1225
1066 276
1066 257
1066 1073
1066 1215
1066 1217
1066 1065
1066 255
1066 1067
1066 1112
1066 1216
1067 280
1067 1069
1067 257
1067 1072
1067 1073
1067 1116
1067 1215
1067 1112
1067 1071
1067 1066
1068 1221
1068 1120
1068 1066
1068 1111
1068 464
1068 1121
1068 1223
1068 1224
1068 1073
1068 1069
1069 1071
1069 1065
1069 275
1069 250
1069 253
1069 1068
1069 1214
1069 1067
1069 1112
1069 1225
1070 1073
1070 255
1070 1217
1070 1215
1070 1214
1070 1071
1070 1072
1070 1216
1070 1064
1070 1066
1071 1067
1071 1069
1071 1120
1071 1084
1071 1068
1071 1223
1071 1070
1071 1073
1071 1216
1071 1225
1072 1121
1072 1068
1072 1214
1072 1069
1072 1065
1072 1120
1072 1224
1072 1223
1072 1243
1072 1225
1073 1064
1073 1066
1073 1217
1073 257
1073 1065
1073 1112
1073 1071
1073 1067
1073 1070
1073 1225
1074 1060
1074 1061
1074 1062
1074 1079
1074 1209
1075 1080
1075 441
1075 1086
1075 1079
1075 1014
1075 448
1075 442
1075 1102
1075 436
1075 1087
1076 1048
1076 1063
1077 442
1077 443
1077 444
1077 1028
1077 1032
1077 1033
1077 1086
1077 1210
1077 1212
1077 1213
1078 461
1078 1033
1078 1105
1078 1124
1078 1213
1079 1060
1079 1061
1079 1062
1079 1063
1079 1074
1079 1075
1079 1080
1079 1087
1080 436
1080 442
1080 448
1080 452
1080 1062
1080 1063
1080 1075
1080 1079
1080 1086
1080 1087
1081 432
1081 436
1081 441
1081 443
1081 455
1081 457
1081 1028
1081 1052
1081 1102
1081 1103
1082 1060
1083 1034
1083 1035
1083 1045
1083 1046
1083 1047
1083 1048
1084 1065
1084 1071
1084 1072
1084 1085
1084 1224
1084 1225
1085 1070
1085 1084
1086 1028
1086 1075
1086 436
1086 1212
1086 1014
1086 1087
1086 1077
1086 442
1086 443
1086 441
1087 1032
1087 1075
1087 452
1087 1079
1087 1086
1087 1080
1087 1062
1087 442
1087 448
1087 436
1088 1034
1088 495
1088 1035
1088 996
1088 477
1088 1036
1088 1007
1088 1089
1088 1049
1088 478
1089 439
1089 477
1089 1034
1089 1035
1089 1036
1089 1046
1089 1047
1089 1088
1090 715
1090 729
1090 848
1090 985
1090 1091
1091 715
1091 985
1091 1090
1091 1092
1092 715
1092 985
1092 1091
1092 1093
1093 713
1093 714
1093 715
1093 751
1093 985
1093 1092
1095 22
1095 24
1095 507
1095 671
1095 27
1095 845
1095 18
1095 26
1095 28
1095 503
1096 981
1098 767
1098 769
1098 771
1098 1099
1099 736
1099 767
1099 769
1099 978
1099 1098
1099 1100
1100 736
1100 978
1100 1099
1100 1101
1101 735
1101 980
1101 1100
1101 1140
1102 448
1102 1086
1102 435
1102 1075
1102 1103
1102 1087
1102 444
1102 436
1102 1081
1102 455
1103 443
1103 436
1103 432
1103 455
1103 444
1103 1028
1103 1102
1103 431
1103 435
1103 441
1104 421
1104 1105
1104 1107
1104 1122
1104 1123
1104 1124
1104 1126
1104 1127
1104 1130
1104 1131
1105 1078
1105 1104
1105 1124
1105 1126
1105 1127
1106 419
1106 1118
1106 964
1106 272
1106 1151
1106 326
1106 394
1106 1108
1106 395
1106 360
1107 358
1107 421
1107 422
1107 1104
1107 1108
1107 1123
1107 1128
1107 1130
1108 420
1108 422
1108 1128
1108 418
1108 358
1108 360
1108 395
1108 1115
1108 419
1108 1130
1109 342
1109 417
1109 343
1109 297
1109 346
1109 285
1109 349
1109 332
1109 345
1109 1054
1110 333
1110 288
1110 336
1110 289
1110 343
1110 332
1110 335
1110 407
1110 296
1110 294
1111 1073
1111 1214
1111 1067
1111 1066
1111 253
1111 1114
1111 1121
1111 276
1111 252
1111 1112
1112 287
1112 282
1112 1113
1112 1216
1112 257
1112 1058
1112 251
1112 1114
1112 1069
1112 277
1113 285
1113 259
1113 338
1113 330
1113 1112
1113 1116
1113 294
1113 343
1113 1217
1113 284
1114 294
1114 336
1114 1064
1114 255
1114 1112
1114 272
1114 284
1114 331
1114 330
1114 492
1115 359
1115 348
1115 1119
1115 351
1115 422
1115 418
1115 326
1115 358
1115 339
1115 420
1116 278
1116 251
1116 275
1116 1113
1116 1216
1116 1111
1116 1073
1116 253
1116 1112
1116 158
1117 274
1117 467
1117 1121
1117 1068
1117 1224
1117 1119
1117 1223
1117 1151
1117 464
1117 465
1118 395
1118 1117
1118 1106
1118 1115
1118 326
1118 394
1118 339
1118 1220
1118 360
1118 274
1119 1151
1119 272
1119 492
1119 339
1119 1117
1119 326
1119 1115
1119 394
1119 1118
1119 1106
1120 250
1120 1214
1120 252
1120 1065
1120 253
1120 1121
1120 1116
1120 275
1120 1216
1120 1068
1121 1068
1121 1111
1121 467
1121 252
1121 1120
1121 1223
1121 1117
1121 465
1121 1071
1121 253
1122 799
1122 810
1122 971
1122 1104
1122 1124
1122 1130
1122 1227
1122 1228
1123 421
1123 1104
1123 1107
1123 1124
1123 1130
1123 1131
1124 421
1124 1078
1124 1104
1124 1105
1124 1122
1124 1123
1124 1126
1124 1127
1124 1130
1124 1228
1125 1128
1125 1160
1126 1104
1126 1105
1126 1124
1126 1127
1127 1104
1127 1105
1127 1124
1127 1126
1128 810
1128 965
1128 1107
1128 1108
1128 1125
1128 1131
1129 1133
1129 1106
1129 1132
1129 967
1129 970
1129 973
1129 1134
1129 1220
1129 971
1129 1231
1130 1124
1130 1123
1130 422
1130 1108
1130 971
1130 810
1130 1122
1130 1131
1130 1228
1130 1104
1131 421
1131 1104
1131 1123
1131 1128
1131 1130
1132 1231
1132 964
1132 1232
1132 960
1132 1151
1132 968
1132 970
1132 950
1132 1115
1132 337
1133 964
1133 967
1133 971
1133 1129
1133 1134
1133 1220
1134 964
1134 967
1134 971
1134 1129
1134 1133
1134 1220
1137 747
1137 1138
1138 1137
1139 773
1139 1140
1139 1147
1140 735
1140 1101
1140 1139
1141 729
1141 733
1141 1142
1142 33
1142 46
1142 47
1142 755
1142 986
1142 1141
1143 703
1143 753
1143 1144
1144 733
1144 755
1144 1143
1145 713
1145 751
1145 1146
1146 713
1146 753
1146 1145
1147 773
1147 1139
1147 1148
1148 744
1148 763
1148 1147
1148 1150
1149 767
1149 768
1149 771
1149 1150
1150 744
1150 763
1150 1148
1150 1149
1151 1121
1151 1118
1151 1232
1151 1220
1151 967
1151 1223
1151 1119
1151 1132
1151 1117
1151 969
1152 1153
1152 1206
1152 1257
1153 990
1153 992
1153 1000
1153 1152
1153 1206
1153 1257
1154 780
1154 782
1154 792
1154 1155
1154 1156
1154 1159
1154 1164
1155 782
1155 792
1155 1154
1155 1156
1155 1164
1155 1165
1155 1168
1156 780
1156 782
1156 791
1156 792
1156 794
1156 1154
1156 1155
1157 797
1157 1159
1157 1168
1158 798
1158 854
1158 858
1158 864
1158 865
1158 866
1158 870
1158 1167
1159 792
1159 1154
1159 1157
1159 1168
1160 789
1160 790
1160 801
1160 1125
1160 1161
1161 787
1161 801
1161 810
1161 811
1161 966
1161 1160
1162 789
1162 791
1162 793
1162 794
1162 802
1162 808
1162 809
1162 1163
1162 1191
1163 789
1163 793
1163 802
1163 807
1163 808
1163 809
1163 1162
1163 1191
1164 782
1164 800
1164 1154
1164 1155
1164 1165
1164 1168
1165 782
1165 800
1165 806
1165 807
1165 1155
1165 1164
1165 1168
1166 806
1166 854
1166 1167
1166 1168
1166 1169
1166 1171
1167 498
1167 499
1167 854
1167 864
1167 866
1167 870
1167 1158
1167 1166
1167 1199
1168 806
1168 1155
1168 1157
1168 1159
1168 1164
1168 1165
1168 1166
1169 853
1169 850
1169 1190
1169 502
1169 1166
1169 1191
1169 1170
1169 851
1169 1198
1169 1171
1170 534
1170 533
1170 496
1170 500
1170 1194
1170 1169
1170 850
1170 497
1170 1197
1170 846
1171 806
1171 1166
1171 1169
1172 813
1172 820
1172 821
1172 1173
1172 1174
1172 1181
1172 1187
1173 815
1173 837
1173 1172
1173 1174
1173 1186
1173 1187
1173 1189
1174 815
1174 821
1174 1172
1174 1173
1174 1181
1174 1187
1174 1189
1175 843
1175 877
1175 891
1175 892
1175 894
1175 897
1175 898
1175 1176
1175 1202
1175 1203
1176 885
1176 1175
1176 1177
1176 1179
1176 1192
1176 1203
1177 884
1177 885
1177 887
1177 890
1177 891
1177 1176
1177 1203
1178 821
1178 822
1178 823
1178 1184
1178 1192
1178 1193
1179 883
1179 890
1179 1176
1179 1180
1180 84
1180 882
1180 883
1180 884
1180 890
1180 1179
1180 1188
1181 821
1181 1172
1181 1174
1181 1189
1182 818
1182 819
1182 825
1182 828
1182 829
1182 831
1182 1002
1182 1183
1182 1185
1183 825
1183 826
1183 828
1183 831
1183 990
1183 1182
1183 1255
1184 823
1184 840
1184 844
1184 818
1184 820
1184 1178
1184 829
1184 822
1184 1185
1184 1193
1185 818
1185 828
1185 829
1185 838
1185 839
1185 840
1185 1182
1185 1184
1186 815
1186 827
1186 837
1186 838
1186 1173
1186 1187
1187 815
1187 838
1187 1172
1187 1173
1187 1174
1187 1186
1188 841
1188 842
1188 879
1188 883
1188 890
1188 1180
1189 837
1189 1173
1189 1174
1189 1181
1190 795
1190 796
1190 797
1190 846
1190 850
1190 852
1190 853
1190 1169
1190 1170
1190 1191
1191 793
1191 796
1191 802
1191 809
1191 1162
1191 1163
1191 1169
1191 1190
1192 822
1192 843
1192 844
1192 1176
1192 1178
1192 1193
1192 1202
1193 822
1193 823
1193 844
1193 1178
1193 1184
1193 1192
1194 23
1194 871
1194 26
1194 987
1194 18
1194 509
1194 27
1194 20
1194 845
1194 19
1195 863
1195 499
1195 502
1195 496
1195 16
1195 1198
1195 506
1195 507
1195 850
1195 862
1196 539
1196 533
1196 1199
1196 498
1196 798
1196 497
1196 499
1196 555
1196 534
1196 795
1197 16
1197 496
1197 850
1197 1195
1197 501
1197 19
1197 847
1197 1199
1197 498
1197 499
1198 504
1198 1194
1198 507
1198 1199
1198 16
1198 503
1198 505
1198 853
1198 1197
1198 850
1199 1197
1199 1167
1199 497
1199 505
1199 860
1199 863
1199 502
1199 539
1199 43
1199 871
1200 597
1200 653
1200 875
1200 565
1200 878
1200 872
1200 876
1200 1204
1200 881
1200 1205
1201 566
1201 570
1201 1205
1201 595
1201 897
1201 69
1201 60
1201 1200
1201 597
1201 880
1202 841
1202 843
1202 877
1202 879
1202 892
1202 894
1202 897
1202 898
1202 1175
1202 1192
1203 885
1203 890
1203 891
1203 892
1203 1175
1203 1176
1203 1177
1204 1205
1204 68
1204 896
1204 568
1204 564
1204 60
1204 66
1204 621
1204 70
1204 893
1205 653
1205 61
1205 565
1205 876
1205 621
1205 898
1205 893
1205 875
1205 1201
1205 596
1206 1007
1206 1025
1206 1152
1206 1153
1207 1258
1208 1009
1208 1037
1208 1046
1209 1011
1209 1074
1210 1077
1210 1212
1210 1213
1212 444
1212 1032
1212 1077
1212 1086
1212 1210
1212 1213
1213 1077
1213 1078
1213 1210
1213 1212
1214 283
1214 275
1214 259
1214 287
1214 1120
1214 282
1214 1073
1214 255
1214 257
1214 1069
1215 286
1215 287
1215 1216
1215 255
1215 282
1215 256
1215 1064
1215 1251
1215 1217
1215 1218
1216 284
1216 287
1216 286
1216 257
1216 275
1216 279
1216 1070
1216 1073
1216 255
1216 1112
1217 114
1217 279
1217 259
1217 258
1217 1214
1217 283
1217 160
1217 254
1217 281
1217 256
1218 284
1218 165
1218 279
1218 162
1218 335
1218 207
1218 287
1218 1217
1218 257
1218 206
1219 206
1219 209
1219 207
1219 299
1219 292
1219 911
1219 1264
1219 210
1219 221
1219 301
1220 1221
1220 1151
1220 1222
1220 1115
1220 1243
1220 971
1220 1232
1220 1132
1220 1231
1220 395
1221 1220
1221 1071
1221 1223
1221 1065
1221 1244
1221 1243
1221 1222
1221 1225
1221 1072
1221 1068
1222 968
1222 974
1222 969
1222 1220
1222 1117
1222 1235
1222 1243
1222 1132
1222 1221
1222 967
1223 1069
1223 1121
1223 1065
1223 1151
1223 464
1223 1224
1223 1071
1223 1221
1223 1225
1223 1117
1224 1225
1224 1243
1224 1084
1224 1117
1224 1244
1224 1072
1224 1121
1224 1221
1224 1071
1224 1065
1225 1068
1225 1073
1225 1243
1225 1121
1225 1221
1225 1120
1225 1065
1225 1069
1225 1224
1225 1084
1226 1238
1227 799
1227 801
1227 811
1227 961
1227 1122
1227 1228
1228 1122
1228 1124
1228 1130
1228 1227
1229 810
1229 966
1229 971
1229 972
1229 1231
1229 1233
1230 969
1230 949
1230 957
1230 974
1230 952
1230 1231
1230 1233
1230 785
1230 970
1230 1235
1231 950
1231 960
1231 965
1231 949
1231 951
1231 969
1231 1229
1231 966
1231 964
1231 1220
1232 970
1232 967
1232 1235
1232 1106
1232 969
1232 1132
1232 974
1232 960
1232 1242
1232 948
1233 1229
1233 967
1233 950
1233 972
1233 949
1233 1230
1233 810
1233 1231
1233 973
1233 971
1234 953
1234 1240
1234 1230
1234 948
1234 951
1234 1241
1234 969
1234 955
1234 974
1234 1242
1235 949
1235 951
1235 957
1235 969
1235 784
1235 963
1235 960
1235 968
1235 1230
1235 1240
1236 1237
1236 1238
1236 1245
1237 1043
1237 1236
1237 1238
1238 1039
1238 1226
1238 1236
1238 1237
1239 803
1239 954
1239 959
1239 961
1239 962
1239 963
1240 1235
1240 1234
1240 957
1240 954
1240 1242
1240 955
1240 784
1240 1241
1240 948
1240 956
1241 953
1241 954
1241 955
1241 956
1241 957
1241 962
1241 1234
1241 1240
1241 1242
1242 784
1242 1234
1242 1240
1242 955
1242 957
1242 1235
1242 1241
1242 974
1242 960
1242 956
1243 1222
1243 1071
1243 1244
1243 1224
1243 1220
1243 1221
1243 1072
1243 1225
1243 1223
1243 1065
1244 1221
1244 1224
1244 1243
1244 1245
1245 1236
1245 1244
1246 1249
1246 902
1246 1247
1246 922
1246 832
1246 1260
1246 1252
1246 904
1246 915
1246 901
1247 1041
1247 1246
1247 1249
1248 832
1248 1260
1248 916
1248 899
1248 1249
1248 903
1248 900
1248 902
1248 1246
1248 904
1249 902
1249 904
1249 915
1249 922
1249 1246
1249 1247
1249 1248
1249 1250
1249 1252
1249 1260
1250 922
1250 1041
1250 1249
1250 1251
1250 1254
1251 1070
1251 1215
1251 1250
1251 1254
1252 900
1252 1248
1252 1249
1252 832
1252 1253
1252 915
1252 903
1252 904
1252 1254
1252 920
1253 1252
1253 1261
1253 909
1253 902
1253 910
1253 915
1253 901
1253 1262
1253 908
1253 833
1254 920
1254 902
1254 919
1254 1263
1254 1250
1254 914
1254 1248
1254 923
1254 1264
1254 1252
1255 912
1255 990
1255 824
1255 1183
1255 1004
1255 909
1255 826
1255 816
1255 994
1255 1265
1256 1255
1256 1261
1256 1265
1256 917
1256 912
1256 994
1256 816
1256 817
1256 909
1256 1260
1257 817
1257 825
1257 990
1257 992
1257 1000
1257 1152
1257 1153
1258 812
1258 816
1258 817
1258 906
1258 917
1258 1207
1258 1259
1259 812
1259 834
1259 903
1259 905
1259 906
1259 916
1259 1258
1259 1260
1260 899
1260 906
1260 922
1260 1248
1260 917
1260 923
1260 1256
1260 901
1260 1252
1260 915
1261 830
1261 1256
1261 1263
1261 1255
1261 908
1261 831
1261 919
1261 921
1261 912
1261 824
1262 900
1262 1253
1262 908
1262 831
1262 913
1262 1265
1262 1261
1262 830
1262 899
1262 909
1263 914
1263 1261
1263 1265
1263 922
1263 826
1263 909
1263 911
1263 1264
1263 913
1263 912
1264 1219
1264 995
1264 919
1264 924
1264 920
1264 1254
1264 911
1264 1263
1264 908
1264 914
1265 1261
1265 910
1265 1255
1265 1262
1265 1263
1265 913
1265 824
1265 912
1265 909
1265 1256
1266 739
1266 740
1266 775
1266 776
1266 927
1266 928
