0 384
0 1
0 2
0 3
0 385
0 5
0 76
0 349
0 350
0 351
1 0
1 2
1 3
1 10
1 48
2 0
2 1
2 4
2 5
2 71
2 76
2 48
2 89
3 0
3 1
3 67
3 69
3 10
3 11
3 76
4 2
4 5
4 12
4 13
4 48
5 0
5 384
5 2
5 350
5 4
5 71
5 13
5 398
5 381
5 382
6 8
6 48
6 46
6 7
7 6
7 8
7 9
7 14
7 48
8 6
8 7
8 9
8 46
8 47
9 8
9 16
9 14
9 7
10 1
10 3
10 11
10 48
10 18
11 18
11 19
11 10
11 3
12 48
12 4
12 13
12 15
13 4
13 5
13 71
13 12
13 77
13 398
13 15
13 79
13 17
13 81
13 402
13 404
13 382
13 383
14 7
14 9
14 15
14 16
14 48
15 12
15 13
15 14
15 16
15 17
15 48
16 17
16 9
16 14
16 15
17 16
17 13
17 15
18 10
18 11
18 48
18 19
18 20
19 18
19 11
19 20
19 21
20 46
20 48
20 18
20 19
20 21
21 19
21 20
21 46
21 47
22 34
22 35
22 49
22 23
22 24
23 24
23 25
23 34
23 22
24 42
24 49
24 22
24 23
24 25
25 24
25 42
25 43
25 23
26 36
26 37
26 49
26 27
26 28
27 37
27 529
27 530
27 51
27 532
27 26
27 28
27 29
27 542
27 511
28 35
28 49
28 50
28 51
28 88
28 26
28 27
28 29
29 512
29 34
29 35
29 50
29 532
29 533
29 27
29 28
29 510
29 511
30 32
30 49
30 44
30 31
31 32
31 33
31 44
31 45
31 30
32 33
32 38
32 49
32 30
32 31
33 32
33 39
33 38
33 31
34 35
34 50
34 22
34 23
34 56
34 57
34 29
35 34
35 49
35 22
35 28
35 29
36 40
36 49
36 26
36 37
37 546
37 36
37 58
37 548
37 542
37 40
37 41
37 530
37 51
37 531
37 26
37 27
37 61
37 62
38 32
38 33
38 39
38 40
38 49
39 40
39 41
39 38
39 33
40 36
40 37
40 38
40 39
40 41
40 49
41 40
41 37
41 39
42 43
42 44
42 49
42 24
42 25
43 25
43 42
43 44
43 45
44 42
44 43
44 45
44 49
44 30
44 31
45 43
45 44
45 31
46 6
46 8
46 47
46 48
46 20
46 21
47 8
47 21
47 46
48 1
48 2
48 4
48 6
48 7
48 10
48 12
48 14
48 15
48 46
48 18
48 20
49 32
49 35
49 36
49 38
49 40
49 42
49 44
49 22
49 24
49 26
49 28
49 30
50 34
50 56
50 88
50 28
50 29
51 37
51 88
51 58
51 27
51 28
52 88
52 86
52 53
52 54
53 544
53 495
53 563
53 52
53 55
53 86
53 87
53 54
53 508
53 543
54 52
54 53
54 55
54 88
54 59
55 547
55 495
55 496
55 53
55 54
55 59
55 60
55 543
56 34
56 50
56 88
56 57
56 63
57 512
57 64
57 34
57 545
57 549
57 534
57 56
57 539
57 63
58 61
58 88
58 51
58 37
59 54
59 55
59 88
59 60
59 61
60 547
60 548
60 496
60 531
60 55
60 59
60 61
60 62
61 37
61 88
61 58
61 59
61 60
61 62
62 548
62 37
62 531
62 60
62 61
63 64
63 65
63 56
63 57
63 88
64 65
64 66
64 549
64 550
64 537
64 57
64 539
64 63
65 64
65 66
65 86
65 88
65 63
66 64
66 65
66 550
66 563
66 86
66 87
66 537
67 3
67 68
67 69
67 76
67 89
68 67
68 69
68 70
68 82
68 89
69 386
69 3
69 67
69 68
69 70
69 393
69 401
69 405
69 351
70 68
70 69
70 391
70 393
70 82
70 83
70 405
70 406
71 2
71 5
71 13
71 77
71 89
72 89
72 73
72 74
72 84
73 72
73 74
73 75
73 78
73 89
74 72
74 73
74 75
74 399
74 400
74 337
74 84
74 85
74 441
74 347
75 73
75 74
75 78
75 399
75 80
75 337
75 339
75 403
76 0
76 2
76 67
76 3
76 89
77 89
77 13
77 79
77 71
78 73
78 75
78 79
78 80
78 89
79 77
79 13
79 78
79 80
79 81
79 89
80 75
80 78
80 79
80 81
80 339
80 403
80 404
80 383
81 13
81 79
81 80
81 404
81 383
82 68
82 70
82 83
82 84
82 89
83 70
83 391
83 82
83 84
83 85
83 406
83 441
84 72
84 74
84 82
84 83
84 85
84 89
85 391
85 392
85 74
85 83
85 84
85 441
85 347
86 65
86 66
86 52
86 53
86 87
86 88
87 66
87 563
87 53
87 86
87 537
87 538
87 508
88 65
88 50
88 51
88 52
88 54
88 86
88 56
88 58
88 59
88 28
88 61
88 63
89 2
89 67
89 68
89 71
89 72
89 73
89 76
89 77
89 78
89 79
89 82
89 84
90 97
90 110
90 113
90 91
90 92
90 95
91 119
91 120
91 90
91 92
91 93
91 95
92 98
92 99
92 107
92 110
92 90
92 91
92 93
93 99
93 118
93 119
93 91
93 92
94 96
94 100
94 101
94 121
94 95
95 96
95 97
95 120
95 121
95 90
95 91
95 94
96 97
96 101
96 111
96 94
96 95
97 96
97 111
97 112
97 113
97 90
97 95
98 99
98 104
98 106
98 107
98 92
99 98
99 104
99 105
99 118
99 92
99 93
99 127
100 101
100 103
100 121
100 122
100 125
100 94
101 96
101 100
101 102
101 103
101 108
101 111
101 94
102 101
102 103
102 104
102 105
102 108
102 109
103 100
103 101
103 102
103 105
103 125
104 98
104 99
104 102
104 105
104 106
104 109
105 99
105 102
105 103
105 104
105 125
105 126
105 127
106 98
106 104
106 107
106 109
106 115
106 116
107 98
107 106
107 110
107 114
107 115
107 92
108 101
108 102
108 109
108 111
108 117
109 102
109 104
109 106
109 108
109 116
109 117
110 107
110 111
110 112
110 113
110 114
110 90
110 92
111 96
111 97
111 101
111 108
111 110
111 112
111 114
111 117
112 113
112 97
112 110
112 111
113 112
113 97
113 90
113 110
114 107
114 110
114 111
114 115
114 116
114 117
115 114
115 107
115 116
115 106
116 106
116 109
116 114
116 115
116 117
117 108
117 109
117 111
117 114
117 116
118 129
118 99
118 132
118 119
118 93
118 127
119 132
119 133
119 118
119 120
119 91
119 93
120 133
120 119
120 121
120 91
120 124
120 95
121 100
121 120
121 122
121 123
121 124
121 94
121 95
122 128
122 100
122 121
122 123
122 125
123 128
123 878
123 879
123 1239
123 121
123 122
123 124
123 893
124 133
124 879
124 120
124 121
124 123
125 128
125 100
125 103
125 105
125 122
125 126
126 128
126 130
126 131
126 105
126 125
126 127
127 129
127 130
127 99
127 105
127 118
127 126
128 131
128 893
128 1232
128 122
128 123
128 125
128 126
129 130
129 132
129 1237
129 1238
129 118
129 127
130 129
130 131
130 1232
130 1237
130 126
130 127
131 128
131 130
131 126
131 1232
132 129
132 133
132 874
132 853
132 118
132 119
132 1238
133 835
133 132
133 875
133 879
133 853
133 119
133 120
133 124
134 1280
134 135
134 136
134 873
134 1232
134 1237
134 1238
135 1280
135 1285
135 134
135 136
135 137
135 1289
136 134
136 135
136 137
136 652
136 142
136 143
136 1232
137 135
137 136
137 1289
137 143
137 154
137 156
138 1281
138 139
138 140
138 1233
138 1240
138 1241
138 1242
139 138
139 650
139 140
139 141
139 144
139 145
139 1233
140 1281
140 1287
140 138
140 139
140 141
140 1302
141 139
141 140
141 145
141 146
141 147
141 1302
142 225
142 454
142 136
142 652
142 143
143 224
143 225
143 136
143 137
143 142
143 186
143 156
144 226
144 650
144 619
144 139
144 145
145 226
145 227
145 139
145 141
145 144
145 147
145 213
146 141
146 147
146 148
146 1301
146 1302
147 202
147 141
147 145
147 146
147 148
147 149
147 213
148 1290
148 146
148 147
148 1301
148 149
148 150
149 202
149 203
149 147
149 148
149 150
149 151
150 1290
150 148
150 149
150 151
150 152
150 153
151 170
151 171
151 203
151 149
151 150
151 153
152 1282
152 1283
152 1290
152 150
152 153
152 158
153 171
153 150
153 151
153 152
153 158
153 159
154 1284
154 137
154 1289
154 155
154 156
155 1282
155 1284
155 154
155 156
155 157
155 158
156 186
156 137
156 143
156 184
156 154
156 155
156 157
157 204
157 184
157 155
157 156
157 158
157 159
158 1282
158 152
158 153
158 155
158 157
158 159
159 171
159 204
159 205
159 153
159 157
159 158
160 832
160 161
160 162
160 816
160 823
161 160
161 832
161 162
161 163
161 857
161 861
162 160
162 161
162 163
162 164
162 807
162 816
163 161
163 162
163 865
163 164
163 165
163 861
163 863
164 162
164 163
164 165
164 806
164 807
164 169
165 865
165 866
165 163
165 164
165 168
165 169
166 168
166 1243
166 855
166 167
167 166
167 806
167 168
167 169
167 808
167 848
167 818
167 855
168 866
168 165
168 166
168 167
168 169
168 1243
169 164
169 165
169 806
169 167
169 168
170 359
170 296
170 171
170 203
170 151
171 359
171 520
171 170
171 205
171 370
171 151
171 153
171 159
172 228
172 1097
172 1098
172 173
172 174
172 1080
173 1095
173 1096
173 1097
173 172
173 174
173 175
173 1084
174 228
174 172
174 173
174 175
174 177
174 210
174 211
174 180
174 183
174 222
174 223
175 1095
175 173
175 174
175 182
175 183
175 1114
176 1067
176 177
176 178
176 1087
176 1086
176 223
177 194
177 174
177 176
177 178
177 179
177 180
177 181
177 187
177 223
178 1089
178 1068
178 176
178 177
178 179
178 1087
179 1089
179 193
179 194
179 177
179 178
180 224
180 174
180 177
180 211
180 181
180 316
181 224
181 177
181 180
181 186
181 187
182 199
182 200
182 201
182 175
182 183
182 1114
183 201
183 174
183 175
183 210
183 182
184 204
184 185
184 186
184 156
184 157
185 204
185 215
185 184
185 217
185 186
185 187
185 220
186 224
186 143
186 181
186 184
186 185
186 187
186 156
187 194
187 195
187 177
187 181
187 185
187 186
187 220
188 206
188 208
188 214
188 221
188 189
188 190
189 217
189 218
189 219
189 188
189 221
189 190
189 191
190 486
190 487
190 214
190 503
190 188
190 189
190 191
191 374
191 503
191 219
191 189
191 190
192 193
192 194
192 195
192 197
192 1105
192 1109
193 192
193 1089
193 194
193 1073
193 1105
193 179
194 192
194 193
194 195
194 177
194 179
194 187
195 192
195 194
195 196
195 197
195 187
195 220
195 221
196 195
196 197
196 198
196 206
196 207
196 221
197 192
197 195
197 196
197 198
197 1109
197 1115
198 196
198 197
198 207
198 1115
198 1116
198 1118
199 200
199 1108
199 182
199 1114
199 1117
200 1120
200 199
200 201
200 208
200 209
200 182
200 1117
201 200
201 208
201 210
201 212
201 182
201 183
201 214
202 295
202 203
202 147
202 213
202 149
203 295
203 296
203 170
203 202
203 149
203 151
204 205
204 215
204 184
204 185
204 157
204 159
205 520
205 171
205 204
205 215
205 159
206 196
206 207
206 208
206 209
206 188
206 221
207 196
207 198
207 206
207 209
207 1118
207 1119
208 200
208 201
208 206
208 209
208 214
208 188
209 1120
209 200
209 206
209 207
209 208
209 1119
210 201
210 425
210 427
210 174
210 211
210 212
210 183
210 446
211 425
211 174
211 210
211 180
211 316
212 486
212 201
212 210
212 214
212 446
213 227
213 229
213 295
213 202
213 145
213 147
213 284
214 486
214 201
214 208
214 212
214 188
214 190
215 217
215 520
215 204
215 205
215 216
215 185
216 520
216 521
216 522
216 215
216 217
216 218
217 215
217 216
217 185
217 218
217 220
217 189
217 221
218 522
218 535
218 216
218 217
218 219
218 189
219 374
219 535
219 218
219 189
219 191
220 195
220 217
220 185
220 187
220 221
221 195
221 196
221 206
221 220
221 217
221 188
221 189
222 228
222 1100
222 1101
222 174
222 1085
222 223
223 1066
223 174
223 176
223 177
223 1086
223 1085
223 222
224 225
224 143
224 180
224 181
224 186
224 316
225 224
225 454
225 424
225 142
225 143
225 437
225 316
225 445
226 609
226 227
226 613
226 619
226 144
226 145
226 600
226 317
227 226
227 145
227 213
227 283
227 284
227 317
228 1098
228 172
228 1100
228 174
228 222
229 230
229 295
229 231
229 233
229 234
229 213
229 284
230 257
230 258
230 229
230 231
230 232
230 248
230 249
230 283
230 284
231 229
231 230
231 232
231 265
231 234
231 255
232 258
232 230
232 231
232 265
232 980
233 229
233 295
233 234
233 235
233 298
234 256
234 229
234 231
234 233
234 235
234 236
234 255
235 233
235 234
235 298
235 236
235 237
235 238
235 299
236 256
236 266
236 234
236 235
236 238
236 274
237 235
237 299
237 301
237 238
237 275
237 282
238 235
238 236
238 237
238 274
238 275
238 276
239 240
239 241
239 242
239 696
239 314
240 239
240 241
240 242
240 309
240 250
240 251
241 239
241 240
241 720
241 696
241 698
241 251
242 239
242 240
242 306
242 308
242 309
242 314
243 244
243 245
243 310
243 246
243 312
243 250
244 704
244 711
244 456
244 712
244 243
244 245
244 246
245 711
245 720
245 243
245 244
245 250
245 251
246 455
246 456
246 243
246 244
246 310
246 311
247 977
247 978
247 979
247 248
247 249
247 315
248 257
248 230
248 1223
248 979
248 247
248 249
248 1207
249 280
249 230
249 264
249 279
249 315
249 247
249 248
249 283
249 252
249 253
249 254
250 240
250 243
250 245
250 309
250 312
250 251
251 240
251 241
251 720
251 245
251 250
252 1220
252 968
252 1226
252 249
252 315
252 253
253 968
253 969
253 970
253 976
253 249
253 252
253 254
254 263
254 264
254 970
254 971
254 249
254 253
255 256
255 231
255 265
255 234
255 947
255 949
256 234
256 266
256 236
256 949
256 983
256 255
257 258
257 230
257 1223
257 1224
257 248
257 1208
258 257
258 230
258 232
258 1224
258 980
258 1209
259 288
259 260
259 261
259 262
259 287
260 259
260 261
260 262
260 620
260 271
260 727
261 620
261 259
261 260
261 287
262 272
262 259
262 260
262 271
263 264
263 267
263 268
263 269
263 971
263 254
264 263
264 269
264 279
264 249
264 254
265 231
265 232
265 947
265 980
265 1213
265 255
266 256
266 1122
266 236
266 274
266 983
266 985
267 1121
267 263
267 971
267 268
267 973
268 1121
268 1124
268 263
268 267
268 269
268 275
268 276
269 263
269 264
269 268
269 275
269 279
269 281
269 282
270 271
270 272
270 273
270 277
270 278
271 260
271 262
271 270
271 272
271 273
271 725
271 727
272 262
272 270
272 271
273 270
273 271
273 725
273 726
273 277
274 1122
274 1123
274 266
274 236
274 238
274 276
275 268
275 269
275 238
275 237
275 276
275 282
276 1123
276 1124
276 268
276 238
276 274
276 275
277 270
277 273
277 278
277 726
277 730
277 285
277 286
278 285
278 277
278 270
279 281
279 614
279 264
279 269
279 601
279 280
279 249
279 602
280 249
280 279
280 601
280 283
280 317
281 614
281 269
281 334
281 279
281 282
282 269
282 237
282 334
282 301
282 275
282 281
283 227
283 230
283 280
283 249
283 284
283 317
284 227
284 229
284 230
284 213
284 283
285 293
285 294
285 277
285 278
285 286
286 293
286 277
286 632
286 633
286 730
286 285
287 288
287 289
287 259
287 261
287 620
287 621
288 289
288 290
288 259
288 287
289 288
289 290
289 291
289 292
289 621
289 622
289 287
290 288
290 289
290 291
291 289
291 290
291 292
291 293
291 294
292 289
292 291
292 293
292 622
292 628
293 291
293 292
293 294
293 628
293 632
293 285
293 286
294 285
294 291
294 293
295 229
295 296
295 233
295 202
295 203
295 298
295 213
296 359
296 295
296 297
296 298
296 203
296 170
297 359
297 296
297 360
297 298
297 361
297 300
298 295
298 296
298 297
298 233
298 299
298 300
298 235
299 298
299 235
299 300
299 301
299 237
299 302
299 303
300 387
300 297
300 298
300 299
300 361
300 303
301 299
301 237
301 334
301 302
301 335
301 346
301 282
302 299
302 301
302 303
302 374
302 346
303 387
303 299
303 300
303 302
303 374
304 329
304 330
304 305
304 306
304 307
304 313
305 358
305 304
305 306
305 307
305 308
305 344
306 304
306 305
306 242
306 308
306 313
306 314
307 329
307 304
307 305
307 344
307 345
308 358
308 305
308 306
308 242
308 369
308 309
309 240
309 369
309 242
309 308
309 312
309 250
310 519
310 243
310 501
310 246
310 311
310 312
311 455
311 501
311 502
311 310
311 246
312 519
312 369
312 243
312 309
312 310
312 250
313 680
313 330
313 687
313 304
313 688
313 306
313 314
314 687
314 239
314 306
314 242
314 696
314 313
315 1226
315 977
315 247
315 249
315 252
316 224
316 225
316 419
316 424
316 425
316 211
316 180
317 280
317 226
317 227
317 598
317 600
317 601
317 283
318 320
318 480
318 453
318 444
318 319
319 320
319 321
319 480
319 652
319 318
320 321
320 322
320 673
320 443
320 444
320 318
320 319
321 320
321 322
321 428
321 652
321 430
321 435
321 436
321 445
321 319
322 320
322 321
322 673
322 428
322 440
323 333
323 324
323 325
323 650
324 323
324 612
324 325
324 326
324 332
324 333
325 608
325 323
325 324
325 613
325 326
325 327
325 650
325 603
325 605
325 607
326 611
326 612
326 324
326 325
326 327
326 671
327 610
327 325
327 326
327 603
327 671
328 641
328 616
328 329
328 330
328 331
328 617
328 637
329 328
329 330
329 331
329 304
329 307
329 345
329 670
330 641
330 328
330 329
330 680
330 304
330 313
331 328
331 329
331 617
331 668
331 670
332 612
332 324
332 618
332 333
332 655
333 323
333 324
333 649
333 650
333 332
333 654
333 655
333 656
334 614
334 301
334 335
334 407
334 281
334 282
335 365
335 366
335 301
335 334
335 407
335 346
336 352
336 353
336 362
336 337
336 338
336 348
337 74
337 75
337 336
337 338
337 339
337 347
337 348
338 672
338 353
338 610
338 615
338 383
338 336
338 337
338 339
338 671
339 75
339 80
339 337
339 338
339 383
340 352
340 353
340 672
340 617
340 341
340 342
340 669
341 617
341 340
341 342
341 343
341 668
342 352
342 362
342 364
342 340
342 341
342 343
343 356
343 363
343 364
343 341
343 342
343 668
344 355
344 357
344 358
344 305
344 307
344 345
345 355
345 329
345 307
345 344
345 670
346 365
346 301
346 302
346 335
346 374
347 392
347 74
347 337
347 85
347 376
347 348
348 362
348 336
348 337
348 375
348 376
348 378
348 347
349 0
349 422
349 423
349 401
349 350
349 351
350 0
350 417
350 5
350 421
350 422
350 398
350 349
351 0
351 385
351 386
351 69
351 401
351 349
352 353
352 362
352 336
352 340
352 342
353 352
353 672
353 336
353 338
353 340
354 355
354 356
354 357
354 363
354 367
354 380
355 354
355 356
355 357
355 344
355 345
355 668
355 670
356 354
356 355
356 363
356 343
356 668
357 354
357 355
357 358
357 367
357 368
357 344
358 357
358 368
358 305
358 369
358 308
358 344
359 296
359 297
359 170
359 360
359 171
359 370
360 359
360 297
360 361
360 370
360 371
361 387
361 388
361 360
361 297
361 300
361 371
361 372
362 352
362 364
362 336
362 342
362 378
362 348
363 354
363 356
363 364
363 343
363 379
363 380
364 362
364 363
364 342
364 343
364 378
364 379
365 386
365 394
365 366
365 335
365 373
365 374
365 346
366 385
366 386
366 365
366 335
366 407
367 354
367 516
367 357
367 518
367 368
367 380
368 357
368 518
368 358
368 519
368 367
368 369
369 358
369 519
369 368
369 308
369 309
369 312
370 359
370 520
370 360
370 521
370 171
370 371
371 360
371 361
371 521
371 522
371 370
371 372
372 361
372 522
372 371
372 388
373 394
373 395
373 365
373 526
373 374
373 540
374 387
374 535
374 388
374 365
374 302
374 303
374 526
374 373
374 503
374 346
374 219
374 191
375 484
375 528
375 376
375 377
375 378
375 507
375 348
375 509
375 478
376 389
376 391
376 392
376 375
376 377
376 347
376 348
377 389
377 390
377 536
377 528
377 375
377 376
378 362
378 523
378 364
378 525
378 375
378 379
378 348
378 509
379 363
379 364
379 525
379 524
379 378
379 380
380 354
380 516
380 363
380 524
380 367
380 379
381 384
381 5
381 614
381 615
381 407
381 382
382 5
382 615
382 13
382 381
382 383
383 615
383 13
383 80
383 81
383 338
383 339
383 382
384 0
384 385
384 5
384 407
384 381
385 0
385 384
385 386
385 366
385 407
385 351
386 385
386 69
386 393
386 394
386 365
386 366
386 351
387 388
387 361
387 300
387 303
387 374
388 387
388 361
388 522
388 372
388 374
388 535
389 390
389 391
389 396
389 376
389 377
390 389
390 396
390 397
390 536
390 377
390 541
391 389
391 70
391 392
391 393
391 396
391 83
391 85
391 376
392 376
392 347
392 85
392 391
393 386
393 69
393 70
393 391
393 394
393 396
394 386
394 393
394 395
394 396
394 365
394 373
395 394
395 396
395 397
395 373
395 540
395 541
396 389
396 390
396 391
396 393
396 394
396 395
396 397
397 395
397 396
397 541
397 390
398 416
398 417
398 5
398 13
398 402
398 350
399 74
399 75
399 400
399 433
399 434
399 403
400 433
400 74
400 441
400 399
401 69
401 423
401 426
401 405
401 349
401 351
402 416
402 13
402 398
402 404
402 439
403 75
403 399
403 80
403 434
403 404
403 438
404 13
404 80
404 81
404 402
404 403
404 438
404 439
405 69
405 70
405 426
405 432
405 401
405 406
406 70
406 432
406 83
406 405
406 441
407 384
407 385
407 614
407 366
407 334
407 335
407 381
408 420
408 428
408 429
408 409
408 410
408 412
409 408
409 410
409 411
409 412
409 413
409 415
410 418
410 419
410 420
410 424
410 408
410 409
410 411
411 418
411 409
411 410
411 414
411 415
412 428
412 431
412 408
412 409
412 413
413 409
413 412
413 431
413 415
414 418
414 435
414 436
414 411
414 415
415 430
415 431
415 435
415 409
415 411
415 413
415 414
416 417
416 398
416 402
416 439
416 735
417 416
417 421
417 398
417 350
417 735
418 424
418 436
418 437
418 410
418 411
418 445
418 414
419 420
419 424
419 425
419 427
419 410
419 316
420 419
420 427
420 429
420 408
420 410
421 417
421 422
421 350
421 735
422 421
422 423
422 349
422 350
422 735
423 422
423 426
423 401
423 349
423 735
424 225
424 418
424 419
424 437
424 410
424 316
425 419
425 427
425 210
425 211
425 316
426 423
426 432
426 401
426 405
426 735
427 419
427 420
427 425
427 429
427 210
427 440
427 446
427 447
428 321
428 322
428 440
428 429
428 430
428 431
428 408
428 412
429 420
429 440
429 427
429 428
429 408
430 321
430 428
430 431
430 435
430 415
431 428
431 430
431 412
431 413
431 415
432 426
432 405
432 406
432 441
432 442
432 735
433 399
433 400
433 434
433 441
433 442
433 735
434 399
434 433
434 403
434 438
434 735
435 321
435 430
435 436
435 414
435 415
436 321
436 418
436 435
436 445
436 414
437 424
437 225
437 418
437 445
438 434
438 403
438 404
438 439
438 735
439 416
439 402
439 404
439 438
439 735
440 673
440 322
440 427
440 428
440 429
440 494
440 447
441 74
441 432
441 433
441 400
441 83
441 85
441 406
441 442
442 432
442 441
442 433
442 735
443 320
443 673
443 674
443 676
443 444
444 320
444 452
444 453
444 676
444 658
444 443
444 318
445 225
445 418
445 321
445 454
445 652
445 436
445 437
446 486
446 551
446 427
446 529
446 210
446 212
446 447
447 427
447 494
447 529
447 530
447 531
447 440
447 446
448 449
448 450
448 676
448 644
448 658
449 448
449 450
449 451
449 675
449 677
449 676
449 497
449 499
450 448
450 449
450 451
450 644
450 455
450 456
450 647
451 449
451 450
451 677
451 678
451 455
452 453
452 657
452 658
452 659
452 444
453 480
453 452
453 659
453 444
453 318
454 225
454 652
454 445
454 142
455 450
455 451
455 678
455 456
455 246
455 311
455 502
456 704
456 450
456 455
456 647
456 244
456 246
457 458
457 459
457 492
457 467
457 468
458 468
458 457
458 459
458 460
459 457
459 458
459 460
459 492
459 479
460 458
460 459
460 476
460 479
461 465
461 466
461 462
461 463
462 488
462 461
462 463
462 464
462 465
462 471
463 464
463 474
463 461
463 462
464 462
464 463
464 471
464 473
464 474
465 488
465 491
465 461
465 462
465 466
465 467
466 465
466 467
466 468
466 461
467 457
467 491
467 492
467 465
467 466
467 468
468 457
468 466
468 467
468 458
469 484
469 485
469 490
469 470
469 471
470 577
470 578
470 484
470 469
470 471
470 472
471 488
471 489
471 490
471 462
471 464
471 469
471 470
471 472
471 473
472 473
472 578
472 470
472 471
473 578
473 464
473 471
473 472
473 474
473 572
474 463
474 464
474 473
474 570
474 572
475 481
475 476
475 477
475 479
476 460
476 475
476 477
476 478
476 479
477 481
477 482
477 483
477 485
477 475
477 476
477 478
478 483
478 484
478 375
478 476
478 477
479 481
479 459
479 460
479 492
479 475
479 476
480 453
480 652
480 653
480 659
480 660
480 661
480 318
480 319
481 482
481 489
481 491
481 492
481 475
481 477
481 479
482 481
482 485
482 489
482 490
482 477
483 477
483 484
483 485
483 478
484 577
484 483
484 485
484 582
484 583
484 469
484 470
484 375
484 507
484 478
485 482
485 483
485 484
485 490
485 469
485 477
486 446
486 487
486 551
486 212
486 214
486 190
487 486
487 551
487 526
487 527
487 503
487 190
488 489
488 491
488 462
488 465
488 471
489 481
489 482
489 488
489 490
489 491
489 471
490 482
490 485
490 489
490 469
490 471
491 481
491 488
491 489
491 492
491 465
491 467
492 481
492 457
492 459
492 491
492 467
492 479
493 513
493 514
493 523
493 494
493 495
493 509
494 673
494 514
494 674
494 493
494 495
494 496
494 531
494 440
494 447
495 493
495 494
495 496
495 53
495 55
495 508
495 509
496 494
496 495
496 531
496 55
496 60
497 513
497 514
497 449
497 675
497 674
497 498
497 499
498 513
498 523
498 525
498 497
498 499
498 500
499 449
499 677
499 497
499 498
499 500
500 517
500 677
500 524
500 525
500 498
500 499
501 515
501 518
501 519
501 502
501 310
501 311
502 515
502 678
502 455
502 501
502 311
503 487
503 526
503 374
503 190
503 191
504 505
504 506
504 579
504 580
505 580
505 581
505 582
505 583
505 504
505 506
505 507
506 579
506 568
506 504
506 505
506 507
507 484
507 582
507 375
507 505
507 506
508 495
508 528
508 53
508 87
508 538
508 509
509 523
509 493
509 495
509 528
509 375
509 378
509 508
510 512
510 545
510 555
510 556
510 29
510 511
511 542
511 553
511 554
511 555
511 27
511 29
511 510
512 545
512 533
512 534
512 57
512 29
512 510
513 514
513 523
513 493
513 497
513 498
514 513
514 674
514 493
514 494
514 497
515 516
515 517
515 518
515 677
515 678
515 501
515 502
516 515
516 517
516 518
516 524
516 367
516 380
517 515
517 516
517 677
517 524
517 500
518 515
518 516
518 519
518 367
518 368
518 501
519 518
519 368
519 369
519 501
519 310
519 312
520 521
520 171
520 205
520 370
520 215
520 216
521 520
521 522
521 370
521 371
521 216
522 388
522 521
522 371
522 372
522 535
522 216
522 218
523 513
523 493
523 525
523 498
523 378
523 509
524 516
524 517
524 525
524 500
524 379
524 380
525 523
525 524
525 498
525 500
525 378
525 379
526 487
526 527
526 373
526 374
526 503
526 534
526 540
527 551
527 487
527 526
527 533
527 534
528 537
528 375
528 536
528 377
528 538
528 508
528 509
529 551
529 530
529 532
529 27
529 446
529 447
530 37
530 529
530 531
530 27
530 447
531 37
531 494
531 496
531 530
531 60
531 62
531 447
532 551
532 529
532 533
532 27
532 29
533 512
533 551
533 527
533 532
533 534
533 29
534 512
534 526
534 527
534 533
534 57
534 539
534 540
535 388
535 522
535 374
535 218
535 219
536 390
536 537
536 528
536 377
536 541
537 64
537 66
537 528
537 87
537 536
537 538
537 539
537 541
538 528
538 537
538 508
538 87
539 64
539 537
539 534
539 57
539 540
539 541
540 395
540 526
540 373
540 534
540 539
540 541
541 390
541 395
541 397
541 536
541 537
541 539
541 540
542 546
542 37
542 552
542 553
542 27
542 511
543 544
543 547
543 559
543 560
543 53
543 55
544 559
544 563
544 53
544 543
545 512
545 549
545 556
545 557
545 57
545 510
546 548
546 37
546 552
546 562
546 542
547 548
547 560
547 561
547 55
547 60
547 543
548 546
548 547
548 37
548 561
548 562
548 60
548 62
549 64
549 545
549 550
549 557
549 558
549 57
550 64
550 66
550 549
550 558
550 563
551 486
551 487
551 527
551 529
551 532
551 533
551 446
552 546
552 542
552 553
552 562
552 734
553 542
553 552
553 554
553 734
553 511
554 553
554 555
554 734
554 511
555 510
555 554
555 556
555 734
555 511
556 545
556 510
556 555
556 557
556 734
557 545
557 549
557 556
557 558
557 734
558 549
558 550
558 557
558 563
558 564
558 734
559 544
559 560
559 563
559 564
559 734
559 543
560 547
560 559
560 561
560 734
560 543
561 547
561 548
561 560
561 562
561 734
562 546
562 548
562 552
562 561
562 734
563 544
563 66
563 550
563 558
563 559
563 564
563 53
563 87
564 563
564 734
564 558
564 559
565 576
565 588
565 566
565 567
565 574
566 579
566 588
566 565
566 567
566 568
567 568
567 576
567 565
567 566
568 506
568 579
568 566
568 567
569 570
569 571
569 573
569 575
570 569
570 474
570 571
570 572
571 578
571 584
571 569
571 570
571 572
571 573
572 578
572 474
572 473
572 570
572 571
573 584
573 587
573 569
573 571
573 574
573 575
574 576
574 587
574 588
574 565
574 573
574 575
575 576
575 569
575 573
575 574
576 567
576 565
576 574
576 575
577 578
577 484
577 583
577 586
577 470
578 577
578 584
578 585
578 586
578 470
578 472
578 473
578 571
578 572
579 580
579 504
579 588
579 566
579 568
579 506
580 579
580 581
580 585
580 587
580 588
580 504
580 505
581 580
581 583
581 585
581 586
581 505
582 505
582 507
582 484
582 583
583 577
583 484
583 581
583 582
583 586
583 505
584 578
584 585
584 587
584 571
584 573
585 578
585 580
585 581
585 584
585 586
585 587
586 577
586 578
586 581
586 583
586 585
587 580
587 584
587 585
587 588
587 573
587 574
588 579
588 580
588 587
588 565
588 566
588 574
589 590
589 591
589 593
589 599
589 603
589 604
590 589
590 591
590 592
590 597
590 598
590 599
590 600
591 589
591 590
591 592
591 593
591 594
591 596
592 590
592 591
592 595
592 596
592 597
593 589
593 591
593 594
593 603
593 606
594 593
594 596
594 606
594 591
595 608
595 592
595 596
595 597
595 607
596 591
596 592
596 594
596 595
596 605
596 606
596 607
597 608
597 609
597 613
597 590
597 592
597 595
597 600
598 590
598 599
598 600
598 601
598 602
598 317
599 589
599 590
599 598
599 602
599 604
600 609
600 226
600 590
600 597
600 598
600 317
601 598
601 279
601 280
601 602
601 317
602 610
602 614
602 615
602 279
602 598
602 599
602 601
602 604
603 610
603 325
603 327
603 589
603 593
603 604
603 605
603 606
604 610
604 589
604 599
604 602
604 603
605 325
605 596
605 603
605 606
605 607
606 593
606 594
606 596
606 603
606 605
607 608
607 325
607 595
607 596
607 605
608 613
608 325
608 595
608 597
608 607
609 600
609 226
609 613
609 597
610 615
610 327
610 338
610 602
610 603
610 604
610 671
611 672
611 612
611 326
611 679
611 671
612 611
612 324
612 326
612 679
612 618
612 332
612 662
613 608
613 609
613 226
613 325
613 650
613 619
613 597
614 615
614 334
614 407
614 281
614 602
614 279
614 381
615 610
615 614
615 338
615 602
615 381
615 382
615 383
616 679
616 328
616 617
616 662
616 637
617 679
617 616
617 328
617 331
617 340
617 341
617 668
617 669
618 612
618 332
618 655
618 662
618 663
619 144
619 226
619 613
619 650
620 260
620 261
620 621
620 623
620 727
620 287
621 289
621 620
621 622
621 623
621 624
621 627
621 287
622 289
622 292
622 621
622 627
622 628
623 620
623 621
623 624
623 625
623 727
623 666
624 621
624 623
624 625
624 626
624 627
625 737
625 623
625 624
625 626
625 665
625 666
626 737
626 624
626 625
626 627
626 630
627 621
627 622
627 624
627 626
627 628
627 629
627 630
628 292
628 293
628 622
628 627
628 629
628 632
628 634
629 627
629 628
629 630
629 631
629 634
630 737
630 626
630 627
630 629
630 631
631 736
631 737
631 629
631 630
631 634
632 293
632 628
632 633
632 634
632 286
633 634
633 731
633 632
633 730
633 635
633 286
634 736
634 628
634 629
634 631
634 632
634 633
634 635
635 736
635 633
635 634
635 731
636 640
636 681
636 682
636 637
636 638
637 640
637 641
637 328
637 616
637 662
637 636
637 638
637 639
638 682
638 683
638 684
638 636
638 637
638 639
639 684
639 662
639 663
639 637
639 638
640 641
640 681
640 688
640 689
640 636
640 637
641 640
641 328
641 680
641 330
641 688
641 637
642 705
642 706
642 643
642 644
642 646
643 706
643 642
643 707
643 644
643 645
643 708
644 448
644 642
644 643
644 450
644 645
644 646
644 647
644 658
645 643
645 708
645 644
645 657
645 658
646 705
646 642
646 644
646 647
646 712
646 713
647 704
647 450
647 644
647 646
647 456
647 712
648 870
648 649
648 650
648 722
648 724
649 648
649 650
649 333
649 656
649 722
650 323
650 613
650 870
650 325
650 648
650 649
650 139
650 619
650 333
650 144
650 1233
651 652
651 653
651 887
651 732
651 733
652 480
652 321
652 454
652 136
652 651
652 653
652 142
652 1232
652 887
652 445
652 319
653 480
653 651
653 652
653 661
653 732
654 685
654 333
654 686
654 656
654 655
655 618
655 332
655 333
655 654
655 685
655 663
656 649
656 333
656 686
656 654
656 722
656 694
656 695
657 708
657 452
657 645
657 709
657 658
657 659
658 448
658 676
658 452
658 645
658 644
658 657
658 444
659 480
659 452
659 453
659 709
659 657
659 660
660 480
660 709
660 710
660 659
660 661
661 480
661 710
661 653
661 718
661 719
661 660
661 732
662 612
662 679
662 616
662 618
662 663
662 637
662 639
663 618
663 684
663 685
663 655
663 662
663 639
664 725
664 726
664 727
664 728
664 665
664 666
664 667
665 737
665 625
665 664
665 666
665 667
666 623
666 625
666 727
666 664
666 665
667 737
667 728
667 729
667 664
667 665
668 355
668 356
668 617
668 331
668 341
668 343
668 670
669 672
669 617
669 340
669 679
670 355
670 329
670 331
670 345
670 668
671 672
671 610
671 611
671 326
671 327
671 338
672 353
672 611
672 679
672 338
672 340
672 669
672 671
673 320
673 674
673 322
673 494
673 440
673 443
674 673
674 514
674 675
674 676
674 494
674 497
674 443
675 449
675 674
675 676
675 497
676 448
676 449
676 674
676 675
676 658
676 443
676 444
677 449
677 515
677 451
677 517
677 678
677 499
677 500
678 515
678 451
678 677
678 455
678 502
679 672
679 611
679 612
679 616
679 617
679 662
679 669
680 688
680 313
680 330
680 641
681 640
681 682
681 689
681 690
681 692
681 636
682 681
682 683
682 692
682 693
682 636
682 638
683 682
683 684
683 685
683 686
683 693
683 638
684 683
684 685
684 663
684 638
684 639
685 683
685 684
685 654
685 686
685 655
685 663
686 683
686 685
686 654
686 656
686 693
686 694
687 688
687 689
687 691
687 696
687 313
687 314
688 640
688 641
688 680
688 687
688 689
688 313
689 640
689 681
689 687
689 688
689 690
689 691
690 681
690 689
690 691
690 692
690 699
690 700
691 687
691 689
691 690
691 696
691 697
691 699
692 681
692 682
692 690
692 693
692 700
693 682
693 683
693 686
693 692
693 694
693 700
693 701
694 686
694 656
694 693
694 695
694 701
694 702
694 703
695 656
695 722
695 694
695 703
696 687
696 239
696 241
696 691
696 698
696 697
696 314
697 715
697 720
697 691
697 696
697 698
697 699
698 696
698 697
698 241
698 720
699 714
699 715
699 690
699 691
699 697
699 700
700 714
700 716
700 717
700 690
700 692
700 693
700 699
700 701
701 717
701 718
701 693
701 694
701 700
701 702
702 718
702 701
702 694
702 703
703 718
703 719
703 721
703 722
703 694
703 695
703 732
703 702
704 456
704 244
704 712
704 647
705 706
705 642
705 646
705 713
705 714
705 716
706 705
706 642
706 643
706 707
706 716
706 717
707 706
707 643
707 708
707 709
707 710
707 717
708 707
708 643
708 709
708 645
708 657
709 707
709 708
709 710
709 657
709 659
709 660
710 707
710 709
710 717
710 718
710 660
710 661
711 712
711 713
711 715
711 720
711 244
711 245
712 704
712 646
712 711
712 647
712 713
712 244
713 705
713 646
713 711
713 712
713 714
713 715
714 705
714 713
714 715
714 716
714 699
714 700
715 711
715 713
715 714
715 720
715 697
715 699
716 705
716 706
716 714
716 717
716 700
717 706
717 707
717 710
717 716
717 718
717 700
717 701
718 710
718 717
718 719
718 661
718 701
718 702
718 703
719 732
719 661
719 718
719 703
720 711
720 715
720 241
720 245
720 697
720 698
720 251
721 722
721 723
721 732
721 703
722 648
722 649
722 656
722 721
722 723
722 724
722 695
722 703
723 721
723 722
723 1235
723 724
723 1234
723 1236
723 732
723 733
724 870
724 648
724 1234
724 722
724 723
725 271
725 273
725 726
725 727
725 664
726 728
726 273
726 277
726 725
726 664
726 730
726 731
727 260
727 620
727 623
727 271
727 725
727 664
727 666
728 726
728 664
728 729
728 667
728 731
729 736
729 737
729 728
729 667
729 731
730 277
730 726
730 633
730 731
730 286
731 736
731 729
731 726
731 728
731 633
731 730
731 635
732 651
732 653
732 719
732 721
732 723
732 661
732 733
732 703
733 651
733 723
733 1236
733 887
733 732
734 552
734 553
734 554
734 555
734 556
734 557
734 558
734 559
734 560
734 561
734 562
734 564
735 416
735 417
735 421
735 422
735 423
735 426
735 432
735 433
735 434
735 438
735 439
735 442
736 737
736 631
736 729
736 634
736 635
736 731
737 736
737 625
737 626
737 665
737 630
737 631
737 729
737 667
738 739
738 740
738 742
738 743
738 744
738 747
739 738
739 740
739 741
739 744
739 786
739 787
739 788
739 791
740 738
740 739
740 741
740 747
740 748
740 825
740 826
740 827
740 829
741 739
741 740
741 786
741 826
741 796
741 830
741 831
742 738
742 743
742 746
742 747
742 851
743 738
743 742
743 744
743 745
743 746
743 791
743 795
744 738
744 739
744 791
744 743
745 805
745 743
745 746
745 792
745 793
745 794
745 795
746 805
746 742
746 743
746 745
746 851
747 738
747 740
747 838
747 742
747 748
747 851
748 740
748 837
748 838
748 747
748 829
749 770
749 771
749 750
749 751
749 765
749 766
750 771
750 772
750 749
750 751
750 752
750 753
751 749
751 750
751 752
751 765
751 895
752 750
752 751
752 753
752 754
752 894
752 895
753 772
753 750
753 752
753 754
753 755
753 759
754 896
754 897
754 752
754 753
754 755
754 756
754 894
755 753
755 754
755 756
755 757
755 758
755 759
755 760
756 896
756 899
756 754
756 755
756 760
757 769
757 755
757 758
757 760
757 762
758 768
758 769
758 868
758 776
758 755
758 757
758 759
758 767
759 772
759 776
759 753
759 755
759 758
760 899
760 755
760 756
760 757
760 761
760 762
761 899
761 900
761 760
761 762
761 763
762 769
762 757
762 760
762 761
762 763
762 764
763 900
763 901
763 761
763 762
763 764
763 765
763 766
764 769
764 773
764 774
764 762
764 763
764 766
765 898
765 901
765 749
765 751
765 763
765 766
765 895
766 770
766 773
766 749
766 763
766 764
766 765
767 768
767 784
767 868
767 758
768 769
768 779
768 780
768 781
768 784
768 1233
768 758
768 767
769 768
769 774
769 1233
769 757
769 758
769 762
769 764
770 771
770 773
770 749
770 1240
770 1241
770 766
771 770
771 772
771 871
771 749
771 750
771 849
771 1241
772 771
772 838
772 776
772 778
772 750
772 753
772 849
772 759
773 770
773 774
773 1233
773 1240
773 764
773 766
774 769
774 764
774 773
774 1233
775 867
775 868
775 776
775 777
775 889
775 890
776 868
776 772
776 775
776 777
776 778
776 758
776 759
777 837
777 775
777 776
777 841
777 778
777 877
777 889
778 772
778 837
778 838
778 776
778 777
779 768
779 1233
779 780
779 870
780 768
780 869
780 870
780 779
780 781
780 783
780 785
781 768
781 784
781 780
781 783
782 784
782 891
782 867
782 783
783 780
783 781
783 782
783 784
783 785
783 880
783 881
783 882
783 883
783 891
784 768
784 867
784 868
784 781
784 782
784 783
784 767
785 869
785 780
785 783
785 883
785 886
785 892
786 739
786 741
786 787
786 789
786 790
786 796
786 797
787 739
787 937
787 786
787 788
787 790
788 739
788 937
788 940
788 787
788 791
789 786
789 790
789 792
789 793
789 797
789 798
790 937
790 786
790 787
790 789
790 793
790 924
791 739
791 743
791 744
791 940
791 788
791 917
791 795
792 805
792 745
792 789
792 793
792 798
792 799
793 745
793 789
793 790
793 920
793 792
793 794
793 924
794 745
794 916
794 920
794 793
794 921
794 795
795 743
795 745
795 916
795 917
795 791
795 794
796 800
796 741
796 786
796 797
796 831
797 800
797 801
797 786
797 789
797 796
797 798
798 801
798 802
798 789
798 792
798 797
798 799
799 802
799 804
799 805
799 792
799 798
800 801
800 1266
800 1267
800 796
800 797
800 831
801 800
801 802
801 1267
801 1268
801 1269
801 797
801 798
802 801
802 804
802 1269
802 1245
802 798
802 799
803 1244
803 804
803 805
803 852
804 802
804 803
804 805
804 1244
804 1245
804 799
805 803
805 804
805 745
805 746
805 851
805 852
805 792
805 799
806 164
806 807
806 808
806 169
806 809
806 167
807 162
807 164
807 806
807 809
807 815
807 816
808 806
808 167
808 809
808 810
808 811
808 812
808 818
809 928
809 806
809 807
809 808
809 936
809 810
809 815
810 934
810 935
810 808
810 809
810 936
810 811
811 935
811 808
811 810
811 812
811 814
811 925
812 808
812 811
812 813
812 814
812 818
812 821
812 822
813 822
813 819
813 812
813 814
814 811
814 812
814 813
814 819
814 820
814 925
814 926
815 928
815 807
815 809
815 816
815 817
815 927
816 160
816 162
816 807
816 815
816 817
816 819
816 823
817 815
817 816
817 819
817 820
817 927
818 167
818 808
818 812
818 848
818 821
819 813
819 814
819 816
819 817
819 820
819 822
819 823
819 824
820 814
820 817
820 819
820 926
820 927
821 836
821 812
821 848
821 818
821 822
822 836
822 812
822 813
822 819
822 821
822 824
823 160
823 832
823 816
823 819
823 824
823 826
823 830
824 833
824 836
824 819
824 822
824 823
824 825
824 826
824 827
824 828
825 824
825 826
825 827
825 740
826 740
826 741
826 823
826 824
826 825
826 830
827 740
827 839
827 840
827 841
827 824
827 825
827 828
827 829
828 833
828 834
828 840
828 824
828 827
829 740
829 837
829 841
829 748
829 827
830 832
830 741
830 823
830 826
830 859
830 831
831 800
831 741
831 1266
831 859
831 796
831 830
832 160
832 161
832 823
832 857
832 859
832 830
833 834
833 835
833 836
833 824
833 828
834 833
834 835
834 840
834 875
834 876
834 828
835 833
835 834
835 836
835 133
835 875
835 848
835 853
836 833
836 835
836 848
836 821
836 822
836 824
837 838
837 841
837 778
837 777
837 748
837 829
838 772
838 837
838 778
838 747
838 748
838 849
838 851
839 840
839 841
839 827
839 877
840 834
840 839
840 876
840 877
840 827
840 828
841 837
841 839
841 777
841 877
841 827
841 829
842 1250
842 866
842 843
842 844
842 1262
842 1274
842 1243
843 842
843 844
843 1274
843 1278
844 872
844 842
844 843
844 855
844 1243
844 1278
845 1279
845 1277
845 846
845 847
846 1258
846 845
846 847
846 1265
846 1277
846 1244
846 1245
847 845
847 846
847 852
847 1270
847 1244
847 1279
848 835
848 836
848 167
848 855
848 818
848 853
848 821
848 854
849 771
849 772
849 838
849 871
849 850
849 851
850 871
850 849
850 851
850 852
850 1270
850 1242
851 805
851 838
851 742
851 746
851 747
851 849
851 850
851 852
852 803
852 805
852 847
852 850
852 851
852 1270
852 1244
853 835
853 132
853 133
853 874
853 848
853 854
854 872
854 873
854 874
854 848
854 853
854 855
855 166
855 167
855 872
855 844
855 848
855 854
855 1243
856 1248
856 857
856 858
856 860
856 861
857 832
857 161
857 856
857 858
857 859
857 861
858 1248
858 1249
858 1255
858 1256
858 1266
858 856
858 857
858 859
859 832
859 1266
859 857
859 858
859 830
859 831
860 1248
860 862
860 856
860 861
860 1246
860 1247
861 161
861 163
861 856
861 857
861 860
861 862
861 863
862 864
862 865
862 1247
862 1250
862 860
862 861
862 863
863 865
863 163
863 861
863 862
864 865
864 866
864 1250
864 862
865 864
865 866
865 163
865 165
865 862
865 863
866 864
866 865
866 1250
866 165
866 168
866 842
866 1243
867 868
867 775
867 782
867 784
867 890
867 891
868 867
868 775
868 776
868 784
868 758
868 767
869 870
869 780
869 785
869 1234
869 1235
869 892
870 869
870 648
870 650
870 779
870 780
870 1233
870 1234
870 724
871 771
871 849
871 850
871 1241
871 1242
872 1280
872 873
872 844
872 854
872 855
872 1278
873 1280
873 134
873 872
873 874
873 1238
873 854
874 132
874 873
874 853
874 1238
874 854
875 834
875 835
875 133
875 876
875 879
876 834
876 840
876 875
876 877
876 879
876 885
876 889
877 839
877 840
877 777
877 841
877 876
877 889
878 879
878 881
878 884
878 885
878 1239
878 123
879 133
879 875
879 876
879 878
879 885
879 123
879 124
880 881
880 891
880 884
880 783
881 878
881 783
881 880
881 882
881 884
881 1239
881 893
882 881
882 883
882 893
882 783
883 783
883 785
883 882
883 886
883 887
883 888
883 893
884 878
884 880
884 881
884 885
884 890
884 891
885 876
885 878
885 879
885 884
885 889
885 890
886 785
886 883
886 1235
886 1236
886 887
886 892
887 651
887 652
887 1232
887 883
887 1236
887 886
887 888
887 733
888 1232
888 883
888 893
888 887
889 775
889 777
889 876
889 877
889 885
889 890
890 867
890 775
890 884
890 885
890 889
890 891
891 867
891 782
891 783
891 880
891 884
891 890
892 785
892 1235
892 869
892 886
893 128
893 1232
893 881
893 882
893 883
893 1239
893 888
893 123
894 897
894 902
894 903
894 752
894 754
894 895
895 898
895 903
895 906
895 751
895 752
895 765
895 894
896 897
896 899
896 905
896 754
896 756
897 896
897 902
897 904
897 905
897 754
897 894
898 901
898 906
898 908
898 765
898 895
899 896
899 900
899 905
899 907
899 756
899 760
899 761
900 899
900 901
900 907
900 909
900 761
900 763
901 898
901 900
901 908
901 909
901 763
901 765
902 904
902 897
902 894
902 903
903 902
903 904
903 905
903 906
903 910
903 894
903 895
904 897
904 905
904 902
904 903
905 896
905 897
905 899
905 903
905 904
905 907
905 910
905 913
906 898
906 903
906 908
906 910
906 911
906 895
907 899
907 900
907 905
907 909
907 913
908 898
908 901
908 906
908 909
908 911
908 912
909 900
909 901
909 907
909 908
909 912
909 913
910 903
910 905
910 906
910 911
910 912
910 913
911 912
911 906
911 908
911 910
912 908
912 909
912 910
912 911
912 913
913 905
913 907
913 909
913 910
913 912
914 933
914 915
914 916
914 919
914 921
914 923
915 931
915 933
915 939
915 914
915 916
915 917
916 914
916 915
916 917
916 921
916 794
916 795
917 939
917 940
917 915
917 916
917 791
917 795
918 929
918 930
918 932
918 919
918 920
919 932
919 914
919 918
919 920
919 921
919 922
919 923
920 929
920 919
920 793
920 918
920 921
920 794
920 924
921 914
921 916
921 919
921 920
921 794
922 932
922 1125
922 1126
922 919
922 923
923 933
923 1126
923 914
923 919
923 922
924 929
924 937
924 790
924 920
924 793
925 935
925 811
925 942
925 814
925 975
925 926
926 814
926 975
926 974
926 820
926 925
926 927
927 928
927 974
927 815
927 817
927 820
927 926
927 959
928 936
928 809
928 815
928 959
928 927
929 930
929 937
929 938
929 918
929 920
929 924
930 929
930 931
930 932
930 938
930 939
930 918
931 930
931 932
931 933
931 939
931 915
932 930
932 931
932 933
932 1125
932 918
932 919
932 922
933 931
933 932
933 1125
933 1126
933 914
933 915
933 923
934 935
934 936
934 810
934 941
934 944
935 934
935 810
935 811
935 941
935 942
935 925
936 928
936 934
936 809
936 810
936 943
936 944
936 959
937 929
937 938
937 940
937 787
937 788
937 790
937 924
938 929
938 930
938 937
938 939
938 940
939 930
939 931
939 938
939 940
939 915
939 917
940 937
940 938
940 939
940 788
940 917
940 791
941 963
941 934
941 935
941 942
941 944
941 946
942 962
942 963
942 935
942 941
942 975
942 925
943 960
943 961
943 936
943 944
943 959
944 961
944 934
944 936
944 941
944 943
944 945
944 946
945 961
945 944
945 946
945 981
945 982
946 963
946 941
946 944
946 945
946 982
947 265
947 948
947 949
947 1213
947 255
948 947
948 949
948 950
948 1210
948 1211
948 1212
948 1213
949 256
949 947
949 948
949 950
949 983
949 255
950 1225
950 948
950 949
950 983
950 984
950 1211
951 1122
951 985
951 952
951 953
951 955
951 956
952 951
952 984
952 953
952 954
952 985
952 1215
953 1192
953 1193
953 951
953 952
953 954
953 956
954 1192
954 1167
954 1168
954 952
954 953
954 1215
955 1122
955 1123
955 951
955 956
955 957
955 958
956 1193
956 1194
956 951
956 953
956 955
956 958
957 1123
957 1124
957 965
957 967
957 955
957 958
958 1217
958 967
958 1194
958 955
958 956
958 957
959 928
959 960
959 936
959 974
959 943
959 927
960 961
960 962
960 974
960 943
960 975
960 959
961 960
961 962
961 963
961 943
961 944
961 945
961 981
962 960
962 961
962 963
962 942
962 975
963 961
963 962
963 941
963 942
963 946
963 981
963 982
964 1121
964 1218
964 1221
964 965
964 966
964 972
964 973
965 1121
965 964
965 1124
965 966
965 967
965 957
966 1216
966 1218
966 964
966 965
966 967
966 1196
967 1216
967 1217
967 965
967 966
967 957
967 958
968 1220
968 969
968 1200
968 1202
968 252
968 253
969 968
969 976
969 1202
969 1180
969 253
970 1222
970 971
970 972
970 976
970 253
970 254
971 263
971 970
971 267
971 972
971 973
971 254
972 1219
972 964
972 1221
972 1222
972 970
972 971
972 973
973 1121
973 964
973 971
973 972
973 267
974 960
974 975
974 959
974 926
974 927
975 960
975 962
975 974
975 942
975 925
975 926
976 1222
976 969
976 970
976 1177
976 1180
976 253
977 1226
977 1227
977 978
977 1204
977 1205
977 247
977 315
978 977
978 979
978 1205
978 1206
978 247
978 1182
979 1163
979 978
979 247
979 248
979 1207
979 1182
980 258
980 1189
980 1190
980 232
980 265
980 1209
980 1213
981 945
981 961
981 963
981 982
982 945
982 946
982 963
982 981
983 256
983 266
983 949
983 950
983 984
983 985
984 1225
984 950
984 983
984 952
984 985
984 1215
985 1122
985 266
985 983
985 952
985 951
985 984
986 987
986 988
986 1021
987 1002
987 1003
987 1021
987 986
987 988
987 989
988 986
988 1019
988 1228
988 1021
988 1017
988 1018
988 987
988 989
989 1228
989 987
989 988
989 1003
990 992
990 1034
990 1037
990 991
991 992
991 993
991 1060
991 1061
991 1037
991 1229
991 990
992 993
992 1034
992 1009
992 1010
992 990
992 991
993 992
993 1009
993 1229
993 991
994 995
994 996
994 1228
994 1015
994 1016
995 994
995 996
995 997
995 1001
995 1004
995 1228
995 1050
996 994
996 995
996 997
996 998
996 1040
996 1016
997 995
997 996
997 998
997 999
997 1000
997 1001
998 996
998 997
998 999
998 1040
998 1020
999 997
999 998
999 1000
999 1005
999 1006
999 1020
1000 1024
1000 997
1000 999
1000 1001
1000 1006
1000 1045
1001 995
1001 997
1001 1000
1001 1004
1001 1043
1001 1044
1001 1045
1002 1003
1002 1072
1002 1049
1002 987
1002 1021
1003 1002
1003 1228
1003 1048
1003 1049
1003 1050
1003 987
1003 989
1004 1001
1004 1050
1004 995
1004 1044
1005 999
1005 1006
1005 1039
1005 1007
1005 1020
1006 1024
1006 1025
1006 999
1006 1000
1006 1005
1006 1007
1006 1008
1007 1005
1007 1006
1007 1039
1007 1008
1007 1023
1008 1025
1008 1006
1008 1007
1008 1022
1008 1023
1009 992
1009 993
1009 1056
1009 1057
1009 1229
1009 1010
1009 1055
1010 992
1010 1057
1010 1034
1010 1009
1010 1079
1011 1032
1011 1033
1011 1229
1011 1012
1011 1013
1011 1055
1012 1035
1012 1229
1012 1011
1012 1013
1012 1014
1013 1030
1013 1031
1013 1032
1013 1038
1013 1011
1013 1012
1013 1014
1014 1035
1014 1036
1014 1038
1014 1012
1014 1013
1015 994
1015 1228
1015 1041
1015 1042
1015 1016
1016 994
1016 996
1016 1067
1016 1040
1016 1042
1016 1015
1017 1228
1017 1041
1017 1042
1017 1018
1017 988
1018 1068
1018 1042
1018 1017
1018 1019
1018 988
1018 1087
1019 1068
1019 1047
1019 1018
1019 988
1019 1021
1020 998
1020 999
1020 1066
1020 1005
1020 1039
1020 1040
1020 1085
1021 987
1021 1002
1021 1072
1021 1046
1021 1047
1021 986
1021 1019
1021 988
1022 1025
1022 1027
1022 1029
1022 1008
1022 1051
1022 1023
1023 1027
1023 1064
1023 1065
1023 1007
1023 1008
1023 1039
1023 1022
1024 1025
1024 1000
1024 1006
1024 1074
1024 1075
1024 1045
1025 1024
1025 1006
1025 1008
1025 1075
1025 1051
1025 1022
1026 1027
1026 1028
1026 1030
1026 1063
1026 1064
1027 1026
1027 1028
1027 1029
1027 1064
1027 1022
1027 1023
1028 1026
1028 1027
1028 1029
1028 1030
1028 1031
1028 1052
1028 1053
1029 1027
1029 1028
1029 1051
1029 1052
1029 1022
1030 1026
1030 1028
1030 1063
1030 1031
1030 1038
1030 1013
1031 1028
1031 1030
1031 1032
1031 1077
1031 1013
1031 1053
1032 1031
1032 1033
1032 1011
1032 1076
1032 1013
1032 1077
1033 1032
1033 1011
1033 1076
1033 1054
1033 1055
1034 992
1034 1037
1034 1010
1034 1079
1034 1083
1034 1084
1034 990
1035 1058
1035 1059
1035 1036
1035 1229
1035 1012
1035 1014
1036 1059
1036 1062
1036 1035
1036 1038
1036 1014
1037 1061
1037 1096
1037 1034
1037 1084
1037 990
1037 991
1038 1062
1038 1030
1038 1063
1038 1036
1038 1013
1038 1014
1039 1065
1039 1005
1039 1101
1039 1007
1039 1020
1039 1085
1039 1023
1040 996
1040 998
1040 1066
1040 1067
1040 1016
1040 1020
1041 1017
1041 1042
1041 1228
1041 1015
1042 1067
1042 1041
1042 1015
1042 1016
1042 1017
1042 1018
1042 1087
1043 1088
1043 1001
1043 1070
1043 1044
1043 1045
1044 1001
1044 1004
1044 1069
1044 1070
1044 1043
1044 1048
1044 1050
1045 1088
1045 1024
1045 1000
1045 1001
1045 1074
1045 1043
1046 1089
1046 1072
1046 1073
1046 1047
1046 1021
1047 1089
1047 1068
1047 1046
1047 1019
1047 1021
1048 1003
1048 1069
1048 1044
1048 1049
1048 1050
1049 1002
1049 1003
1049 1069
1049 1071
1049 1072
1049 1048
1050 995
1050 1003
1050 1228
1050 1004
1050 1044
1050 1048
1051 1025
1051 1091
1051 1029
1051 1075
1051 1052
1051 1022
1052 1091
1052 1028
1052 1029
1052 1092
1052 1051
1052 1053
1053 1028
1053 1093
1053 1092
1053 1031
1053 1077
1053 1052
1054 1056
1054 1094
1054 1033
1054 1076
1054 1078
1054 1055
1055 1056
1055 1033
1055 1229
1055 1009
1055 1011
1055 1054
1056 1057
1056 1009
1056 1078
1056 1054
1056 1055
1057 1056
1057 1009
1057 1010
1057 1078
1057 1079
1057 1081
1058 1035
1058 1059
1058 1060
1058 1229
1059 1058
1059 1060
1059 1061
1059 1062
1059 1097
1059 1035
1059 1036
1059 1080
1060 1058
1060 1059
1060 1061
1060 1229
1060 991
1061 1059
1061 1060
1061 1096
1061 1097
1061 1037
1061 991
1062 1059
1062 1063
1062 1099
1062 1036
1062 1038
1062 1080
1063 1026
1063 1062
1063 1030
1063 1064
1063 1099
1063 1100
1063 1038
1064 1026
1064 1027
1064 1063
1064 1065
1064 1100
1064 1101
1064 1023
1065 1064
1065 1039
1065 1101
1065 1023
1066 1067
1066 1040
1066 1020
1066 1085
1066 1086
1066 223
1067 1066
1067 1040
1067 176
1067 1042
1067 1016
1067 1086
1067 1087
1068 1089
1068 178
1068 1047
1068 1018
1068 1019
1068 1087
1069 1090
1069 1070
1069 1071
1069 1044
1069 1048
1069 1049
1070 1088
1070 1090
1070 1069
1070 1102
1070 1043
1070 1044
1071 1090
1071 1069
1071 1072
1071 1073
1071 1049
1072 1002
1072 1071
1072 1073
1072 1046
1072 1049
1072 1021
1073 1089
1073 1090
1073 193
1073 1071
1073 1072
1073 1105
1073 1046
1074 1024
1074 1088
1074 1103
1074 1104
1074 1075
1074 1045
1075 1024
1075 1025
1075 1091
1075 1104
1075 1074
1075 1051
1076 1094
1076 1032
1076 1033
1076 1106
1076 1077
1076 1054
1077 1093
1077 1031
1077 1032
1077 1106
1077 1076
1077 1053
1078 1056
1078 1057
1078 1094
1078 1107
1078 1081
1078 1054
1079 1057
1079 1034
1079 1010
1079 1081
1079 1082
1079 1083
1080 1059
1080 1062
1080 1097
1080 1098
1080 1099
1080 172
1081 1057
1081 1107
1081 1078
1081 1079
1081 1082
1082 1095
1082 1107
1082 1108
1082 1079
1082 1081
1082 1114
1082 1083
1083 1095
1083 1034
1083 1079
1083 1082
1083 1084
1084 1095
1084 1096
1084 1034
1084 1037
1084 173
1084 1083
1085 1066
1085 1101
1085 1039
1085 1020
1085 222
1085 223
1086 176
1086 1066
1086 1067
1086 223
1087 1067
1087 1068
1087 176
1087 1042
1087 178
1087 1018
1088 1102
1088 1070
1088 1103
1088 1074
1088 1043
1088 1045
1089 193
1089 1068
1089 1073
1089 178
1089 179
1089 1046
1089 1047
1090 1069
1090 1102
1090 1070
1090 1071
1090 1105
1090 1073
1090 1109
1091 1092
1091 1104
1091 1075
1091 1110
1091 1051
1091 1052
1092 1091
1092 1093
1092 1110
1092 1111
1092 1052
1092 1053
1093 1092
1093 1106
1093 1077
1093 1111
1093 1112
1093 1053
1094 1106
1094 1107
1094 1076
1094 1078
1094 1113
1094 1054
1095 1114
1095 173
1095 175
1095 1082
1095 1083
1095 1084
1096 1061
1096 1097
1096 1037
1096 173
1096 1084
1097 1059
1097 1061
1097 1096
1097 172
1097 173
1097 1080
1098 228
1098 1099
1098 172
1098 1100
1098 1080
1099 1062
1099 1063
1099 1098
1099 1100
1099 1080
1100 228
1100 1063
1100 1064
1100 1098
1100 1099
1100 1101
1100 222
1101 1064
1101 1065
1101 1100
1101 1039
1101 1085
1101 222
1102 1088
1102 1090
1102 1070
1102 1103
1102 1109
1102 1115
1103 1088
1103 1102
1103 1104
1103 1074
1103 1115
1103 1116
1104 1091
1104 1103
1104 1074
1104 1075
1104 1110
1104 1116
1105 192
1105 193
1105 1090
1105 1073
1105 1109
1106 1093
1106 1094
1106 1076
1106 1077
1106 1112
1106 1113
1107 1113
1107 1094
1107 1108
1107 1078
1107 1081
1107 1082
1107 1117
1108 1114
1108 199
1108 1107
1108 1082
1108 1117
1109 192
1109 1090
1109 197
1109 1102
1109 1105
1109 1115
1110 1091
1110 1092
1110 1104
1110 1111
1110 1116
1110 1118
1111 1092
1111 1093
1111 1110
1111 1112
1111 1118
1111 1119
1112 1120
1112 1093
1112 1106
1112 1111
1112 1113
1112 1119
1113 1120
1113 1094
1113 1106
1113 1107
1113 1112
1113 1117
1114 199
1114 1095
1114 175
1114 1108
1114 182
1114 1082
1115 197
1115 198
1115 1102
1115 1103
1115 1109
1115 1116
1116 198
1116 1103
1116 1104
1116 1110
1116 1115
1116 1118
1117 1120
1117 199
1117 200
1117 1107
1117 1108
1117 1113
1118 198
1118 207
1118 1110
1118 1111
1118 1116
1118 1119
1119 1120
1119 207
1119 209
1119 1111
1119 1112
1119 1118
1120 200
1120 209
1120 1112
1120 1113
1120 1117
1120 1119
1121 1124
1121 965
1121 964
1121 267
1121 268
1121 973
1122 1123
1122 266
1122 274
1122 951
1122 985
1122 955
1123 1122
1123 1124
1123 274
1123 276
1123 955
1123 957
1124 1121
1124 1123
1124 965
1124 268
1124 276
1124 957
1125 922
1125 932
1125 933
1125 1126
1126 922
1126 1125
1126 923
1126 933
1127 1187
1127 1191
1127 1128
1127 1129
1127 1210
1128 1127
1128 1129
1128 1130
1128 1210
1128 1212
1128 1214
1129 1127
1129 1128
1129 1191
1129 1130
1129 1133
1129 1134
1129 1231
1130 1128
1130 1129
1130 1164
1130 1133
1130 1214
1131 1164
1131 1132
1131 1133
1132 1160
1132 1161
1132 1162
1132 1131
1132 1164
1132 1133
1132 1134
1132 1231
1133 1129
1133 1130
1133 1131
1133 1132
1133 1164
1133 1134
1134 1129
1134 1132
1134 1133
1134 1231
1135 1136
1135 1137
1135 1177
1135 1180
1136 1152
1136 1153
1136 1135
1136 1137
1136 1138
1136 1177
1137 1230
1137 1135
1137 1136
1137 1201
1137 1138
1137 1202
1137 1180
1138 1136
1138 1137
1138 1152
1138 1230
1139 1158
1139 1159
1139 1231
1139 1140
1139 1141
1140 1159
1140 1139
1140 1141
1140 1142
1140 1143
1140 1183
1141 1191
1141 1231
1141 1139
1141 1140
1141 1142
1141 1146
1141 1147
1142 1140
1142 1141
1142 1143
1142 1144
1142 1145
1142 1146
1143 1163
1143 1140
1143 1142
1143 1144
1143 1183
1144 1163
1144 1142
1144 1143
1144 1145
1144 1148
1144 1150
1145 1188
1145 1167
1145 1142
1145 1144
1145 1146
1145 1150
1146 1186
1146 1187
1146 1188
1146 1141
1146 1142
1146 1145
1146 1147
1147 1146
1147 1187
1147 1141
1147 1191
1148 1163
1148 1144
1148 1150
1148 1149
1148 1182
1149 1166
1149 1150
1149 1148
1149 1182
1149 1151
1150 1167
1150 1168
1150 1144
1150 1145
1150 1148
1150 1149
1150 1151
1151 1165
1151 1166
1151 1168
1151 1149
1151 1150
1152 1153
1152 1195
1152 1197
1152 1198
1152 1230
1152 1136
1152 1138
1153 1152
1153 1219
1153 1198
1153 1136
1153 1177
1154 1155
1154 1156
1154 1195
1154 1230
1154 1175
1154 1176
1155 1154
1155 1156
1155 1157
1155 1173
1155 1174
1155 1175
1155 1181
1156 1154
1156 1155
1156 1157
1156 1230
1156 1178
1157 1155
1157 1156
1157 1178
1157 1179
1157 1181
1158 1184
1158 1185
1158 1159
1158 1231
1158 1139
1159 1185
1159 1158
1159 1139
1159 1140
1159 1208
1159 1183
1160 1184
1160 1185
1160 1161
1160 1132
1160 1231
1161 1185
1161 1160
1161 1224
1161 1162
1161 1132
1161 1209
1162 1190
1162 1161
1162 1132
1162 1164
1162 1209
1163 979
1163 1143
1163 1144
1163 1207
1163 1148
1163 1182
1163 1183
1164 1189
1164 1190
1164 1162
1164 1131
1164 1132
1164 1133
1164 1130
1164 1214
1165 1192
1165 1166
1165 1168
1165 1171
1165 1172
1165 1151
1166 1165
1166 1171
1166 1205
1166 1206
1166 1149
1166 1182
1166 1151
1167 1188
1167 1168
1167 1145
1167 954
1167 1150
1167 1215
1168 1192
1168 1165
1168 1167
1168 954
1168 1150
1168 1151
1169 1170
1169 1171
1169 1204
1169 1173
1169 1205
1170 1193
1170 1194
1170 1169
1170 1171
1170 1172
1170 1173
1170 1174
1171 1165
1171 1166
1171 1169
1171 1170
1171 1172
1171 1205
1172 1192
1172 1193
1172 1165
1172 1170
1172 1171
1173 1155
1173 1169
1173 1170
1173 1204
1173 1174
1173 1181
1174 1217
1174 1155
1174 1194
1174 1170
1174 1173
1174 1175
1175 1216
1175 1217
1175 1154
1175 1155
1175 1174
1175 1176
1176 1216
1176 1154
1176 1195
1176 1196
1176 1175
1177 1153
1177 1219
1177 1222
1177 1135
1177 1136
1177 976
1177 1180
1178 1156
1178 1157
1178 1230
1178 1199
1178 1200
1178 1179
1179 1157
1179 1200
1179 1203
1179 1178
1179 1181
1180 969
1180 1135
1180 976
1180 1137
1180 1202
1180 1177
1181 1155
1181 1157
1181 1203
1181 1204
1181 1173
1181 1179
1182 1163
1182 1166
1182 978
1182 979
1182 1206
1182 1148
1182 1149
1183 1159
1183 1163
1183 1140
1183 1143
1183 1207
1183 1208
1184 1160
1184 1185
1184 1158
1184 1231
1185 1184
1185 1158
1185 1159
1185 1160
1185 1161
1185 1224
1185 1208
1186 1187
1186 1188
1186 1225
1186 1146
1186 1211
1187 1186
1187 1127
1187 1191
1187 1210
1187 1211
1187 1146
1187 1147
1188 1186
1188 1225
1188 1167
1188 1145
1188 1146
1188 1215
1189 1190
1189 1164
1189 980
1189 1213
1189 1214
1190 1189
1190 1162
1190 1164
1190 980
1190 1209
1191 1187
1191 1127
1191 1129
1191 1231
1191 1141
1191 1147
1192 1193
1192 1165
1192 1168
1192 1172
1192 953
1192 954
1193 1192
1193 1194
1193 1170
1193 1172
1193 953
1193 956
1194 1217
1194 1193
1194 1170
1194 1174
1194 956
1194 958
1195 1152
1195 1154
1195 1196
1195 1197
1195 1230
1195 1176
1196 1216
1196 1218
1196 966
1196 1195
1196 1197
1196 1176
1197 1152
1197 1218
1197 1195
1197 1196
1197 1198
1198 1152
1198 1153
1198 1218
1198 1219
1198 1221
1198 1197
1199 1200
1199 1201
1199 1178
1199 1230
1200 1220
1200 968
1200 1199
1200 1201
1200 1202
1200 1203
1200 1178
1200 1179
1201 1230
1201 1199
1201 1200
1201 1137
1201 1202
1202 968
1202 969
1202 1200
1202 1201
1202 1137
1202 1180
1203 1220
1203 1227
1203 1200
1203 1204
1203 1179
1203 1181
1204 1227
1204 1169
1204 977
1204 1203
1204 1173
1204 1205
1204 1181
1205 1166
1205 1169
1205 977
1205 1171
1205 1204
1205 978
1205 1206
1206 978
1206 1182
1206 1205
1206 1166
1207 248
1207 1223
1207 1163
1207 979
1207 1208
1207 1183
1208 1185
1208 257
1208 1223
1208 1159
1208 1224
1208 1207
1208 1183
1209 258
1209 1190
1209 1224
1209 1161
1209 1162
1209 980
1210 1187
1210 1127
1210 1128
1210 948
1210 1211
1210 1212
1211 1186
1211 1187
1211 1225
1211 948
1211 950
1211 1210
1212 1128
1212 948
1212 1210
1212 1213
1212 1214
1213 1189
1213 265
1213 947
1213 980
1213 948
1213 1212
1213 1214
1214 1189
1214 1128
1214 1130
1214 1164
1214 1212
1214 1213
1215 1188
1215 1225
1215 1167
1215 952
1215 984
1215 954
1216 1217
1216 966
1216 967
1216 1196
1216 1175
1216 1176
1217 1216
1217 967
1217 1194
1217 1174
1217 1175
1217 958
1218 964
1218 1221
1218 966
1218 1196
1218 1197
1218 1198
1219 1153
1219 1221
1219 1222
1219 972
1219 1198
1219 1177
1220 968
1220 1226
1220 1227
1220 1200
1220 1203
1220 252
1221 1218
1221 1219
1221 964
1221 972
1221 1198
1222 1219
1222 970
1222 972
1222 976
1222 1177
1223 1208
1223 248
1223 257
1223 1207
1224 1185
1224 257
1224 258
1224 1161
1224 1208
1224 1209
1225 1186
1225 1188
1225 950
1225 984
1225 1211
1225 1215
1226 1220
1226 1227
1226 977
1226 315
1226 252
1227 1220
1227 1226
1227 977
1227 1203
1227 1204
1228 994
1228 995
1228 1003
1228 1041
1228 1015
1228 1017
1228 1050
1228 988
1228 989
1229 993
1229 1058
1229 1060
1229 1035
1229 1009
1229 1011
1229 1012
1229 991
1229 1055
1230 1152
1230 1154
1230 1156
1230 1195
1230 1199
1230 1137
1230 1138
1230 1201
1230 1178
1231 1184
1231 1158
1231 1191
1231 1160
1231 1129
1231 1132
1231 1134
1231 1139
1231 1141
1232 128
1232 130
1232 131
1232 134
1232 136
1232 652
1232 1237
1232 887
1232 888
1232 893
1233 768
1233 769
1233 773
1233 870
1233 774
1233 650
1233 779
1233 139
1233 138
1233 1240
1234 869
1234 870
1234 1235
1234 724
1234 723
1235 869
1235 1234
1235 723
1235 1236
1235 886
1235 892
1236 1235
1236 723
1236 886
1236 887
1236 733
1237 129
1237 130
1237 134
1237 1232
1237 1238
1238 129
1238 132
1238 134
1238 873
1238 874
1238 1237
1239 881
1239 123
1239 893
1239 878
1240 770
1240 773
1240 138
1240 1233
1240 1241
1241 770
1241 771
1241 871
1241 138
1241 1240
1241 1242
1242 1281
1242 871
1242 138
1242 850
1242 1270
1242 1241
1243 866
1243 166
1243 168
1243 842
1243 844
1243 855
1244 803
1244 804
1244 846
1244 847
1244 852
1244 1245
1245 802
1245 804
1245 1257
1245 1258
1245 846
1245 1269
1245 1244
1246 1248
1246 1259
1246 1261
1246 860
1246 1247
1247 1250
1247 1261
1247 1262
1247 860
1247 1246
1247 862
1248 1249
1248 1259
1248 1260
1248 856
1248 858
1248 860
1248 1246
1249 1248
1249 858
1249 1256
1249 1260
1250 864
1250 866
1250 842
1250 1262
1250 862
1250 1247
1251 1252
1251 1253
1251 1256
1251 1263
1251 1264
1252 1251
1252 1253
1252 1254
1252 1255
1252 1256
1252 1267
1253 1251
1253 1252
1253 1254
1253 1258
1253 1264
1253 1265
1254 1252
1254 1253
1254 1257
1254 1258
1254 1267
1254 1268
1254 1269
1255 1252
1255 1256
1255 1266
1255 1267
1255 858
1256 1249
1256 1251
1256 1252
1256 1255
1256 1260
1256 1263
1256 858
1257 1269
1257 1258
1257 1245
1257 1254
1258 1253
1258 1254
1258 1257
1258 846
1258 1265
1258 1245
1259 1248
1259 1260
1259 1261
1259 1271
1259 1272
1259 1246
1260 1248
1260 1249
1260 1256
1260 1259
1260 1263
1260 1271
1261 1259
1261 1262
1261 1272
1261 1273
1261 1246
1261 1247
1262 1250
1262 842
1262 1261
1262 1273
1262 1274
1262 1247
1263 1251
1263 1256
1263 1260
1263 1264
1263 1271
1263 1275
1264 1251
1264 1253
1264 1263
1264 1265
1264 1275
1264 1276
1265 1253
1265 1258
1265 846
1265 1264
1265 1276
1265 1277
1266 800
1266 1255
1266 1267
1266 858
1266 859
1266 831
1267 800
1267 801
1267 1252
1267 1254
1267 1255
1267 1266
1267 1268
1268 801
1268 1267
1268 1269
1268 1254
1269 801
1269 802
1269 1254
1269 1257
1269 1268
1269 1245
1270 1281
1270 847
1270 850
1270 852
1270 1242
1270 1279
1271 1259
1271 1260
1271 1263
1271 1296
1271 1272
1271 1275
1272 1259
1272 1292
1272 1261
1272 1296
1272 1271
1272 1273
1273 1286
1273 1291
1273 1292
1273 1261
1273 1262
1273 1272
1273 1274
1274 1286
1274 842
1274 843
1274 1262
1274 1273
1274 1278
1275 1263
1275 1264
1275 1296
1275 1299
1275 1271
1275 1276
1276 1288
1276 1264
1276 1265
1276 1297
1276 1299
1276 1275
1276 1277
1277 1288
1277 845
1277 846
1277 1265
1277 1276
1277 1279
1278 1280
1278 1286
1278 872
1278 843
1278 844
1278 1274
1279 1281
1279 1288
1279 845
1279 847
1279 1270
1279 1277
1280 1285
1280 1286
1280 134
1280 135
1280 873
1280 872
1280 1278
1281 1287
1281 1288
1281 138
1281 140
1281 1270
1281 1242
1281 1279
1282 1283
1282 1284
1282 1293
1282 1294
1282 1295
1282 152
1282 155
1282 158
1283 152
1283 1282
1283 1290
1283 1295
1284 1282
1284 1289
1284 1293
1284 154
1284 155
1285 1280
1285 1286
1285 135
1285 1289
1285 1291
1285 1293
1286 1280
1286 1285
1286 1291
1286 1273
1286 1274
1286 1278
1287 1281
1287 1288
1287 140
1287 1297
1287 1298
1287 1302
1288 1281
1288 1287
1288 1297
1288 1276
1288 1277
1288 1279
1289 1284
1289 1285
1289 135
1289 137
1289 1293
1289 154
1290 1283
1290 1295
1290 1298
1290 148
1290 1301
1290 150
1290 1300
1290 152
1291 1285
1291 1286
1291 1292
1291 1293
1291 1273
1292 1291
1292 1293
1292 1294
1292 1295
1292 1296
1292 1272
1292 1273
1293 1282
1293 1284
1293 1285
1293 1289
1293 1291
1293 1292
1293 1294
1294 1282
1294 1292
1294 1293
1294 1295
1295 1282
1295 1283
1295 1290
1295 1292
1295 1294
1295 1296
1295 1299
1295 1300
1296 1292
1296 1295
1296 1299
1296 1271
1296 1272
1296 1275
1297 1287
1297 1288
1297 1298
1297 1299
1297 1276
1298 1287
1298 1290
1298 1297
1298 1299
1298 1300
1298 1301
1298 1302
1299 1295
1299 1296
1299 1297
1299 1298
1299 1300
1299 1275
1299 1276
1300 1290
1300 1298
1300 1299
1300 1295
1301 1290
1301 1298
1301 146
1301 148
1301 1302
1302 1287
1302 140
1302 141
1302 146
1302 1298
1302 1301
1303 1368
1303 1351
1303 1352
1303 1430
1303 1304
1303 1305
1304 1349
1304 1350
1304 1351
1304 1303
1304 1305
1304 1306
1305 1368
1305 1446
1305 1447
1305 1367
1305 1304
1305 1306
1305 1307
1305 1303
1305 1373
1306 1349
1306 1304
1306 1305
1306 1307
1306 1372
1307 1305
1307 1306
1307 1372
1307 1373
1308 1410
1308 1412
1308 1415
1308 1309
1308 1310
1309 1412
1309 1445
1309 1417
1309 1423
1309 1308
1309 1310
1309 1311
1310 1312
1310 1414
1310 1415
1310 1308
1310 1309
1310 1311
1311 1312
1311 1442
1311 1443
1311 1416
1311 1422
1311 1423
1311 1309
1311 1310
1312 1416
1312 1414
1312 1310
1312 1311
1313 1314
1313 1315
1313 1323
1313 1328
1313 1329
1313 1332
1313 1333
1314 1313
1314 1315
1314 1316
1314 1328
1314 1337
1315 1313
1315 1314
1315 1316
1315 1332
1316 1337
1316 1314
1316 1315
1316 1439
1317 1344
1317 1318
1317 1319
1317 1361
1317 1338
1317 1339
1318 1317
1318 1319
1318 1320
1318 1328
1318 1329
1318 1339
1319 1317
1319 1318
1319 1320
1319 1357
1319 1361
1319 1362
1319 1363
1320 1348
1320 1318
1320 1319
1320 1357
1320 1329
1321 1322
1321 1323
1321 1326
1321 1327
1321 1333
1322 1347
1322 1321
1322 1323
1322 1324
1322 1326
1322 1360
1323 1313
1323 1321
1323 1322
1323 1324
1323 1329
1323 1333
1324 1329
1324 1322
1324 1323
1324 1347
1325 1358
1325 1326
1325 1327
1325 1334
1325 1435
1326 1321
1326 1322
1326 1325
1326 1358
1326 1327
1326 1360
1327 1321
1327 1325
1327 1326
1327 1333
1327 1334
1327 1335
1328 1313
1328 1314
1328 1318
1328 1329
1328 1336
1328 1337
1328 1339
1329 1313
1329 1347
1329 1348
1329 1318
1329 1320
1329 1323
1329 1324
1329 1328
1330 1331
1330 1332
1330 1341
1330 1340
1331 1330
1331 1332
1331 1333
1331 1335
1331 1341
1331 1342
1332 1313
1332 1315
1332 1330
1332 1331
1332 1333
1333 1313
1333 1321
1333 1323
1333 1327
1333 1331
1333 1332
1333 1335
1334 1325
1334 1327
1334 1335
1334 1432
1334 1435
1334 1342
1335 1327
1335 1331
1335 1333
1335 1334
1335 1342
1336 1352
1336 1328
1336 1366
1336 1337
1336 1339
1337 1314
1337 1316
1337 1352
1337 1328
1337 1429
1337 1336
1337 1439
1338 1344
1338 1317
1338 1339
1338 1371
1338 1343
1339 1317
1339 1318
1339 1328
1339 1366
1339 1336
1339 1338
1339 1371
1340 1330
1340 1444
1340 1341
1341 1444
1341 1330
1341 1331
1341 1340
1341 1436
1341 1342
1342 1331
1342 1334
1342 1335
1342 1432
1342 1369
1342 1436
1342 1341
1343 1344
1343 1338
1343 1371
1344 1361
1344 1338
1344 1317
1344 1343
1345 1346
1345 1347
1345 1359
1345 1360
1345 1369
1346 1345
1346 1347
1346 1348
1346 1364
1346 1369
1346 1370
1347 1345
1347 1346
1347 1348
1347 1322
1347 1324
1347 1360
1347 1329
1348 1346
1348 1347
1348 1320
1348 1357
1348 1329
1348 1364
1349 1304
1349 1306
1349 1372
1349 1350
1350 1304
1350 1371
1350 1349
1350 1351
1351 1350
1351 1352
1351 1366
1351 1303
1351 1304
1351 1371
1352 1351
1352 1429
1352 1366
1352 1430
1352 1336
1352 1337
1352 1303
1353 1354
1353 1355
1353 1427
1353 1428
1353 1407
1354 1353
1354 1355
1354 1356
1354 1402
1354 1406
1354 1407
1355 1379
1355 1380
1355 1353
1355 1354
1355 1356
1355 1426
1355 1427
1356 1380
1356 1354
1356 1355
1356 1386
1356 1402
1357 1348
1357 1319
1357 1320
1357 1363
1357 1364
1357 1365
1358 1325
1358 1326
1358 1359
1358 1360
1358 1435
1359 1345
1359 1358
1359 1360
1359 1432
1359 1369
1359 1435
1360 1345
1360 1347
1360 1322
1360 1326
1360 1358
1360 1359
1361 1344
1361 1362
1361 1317
1361 1319
1362 1361
1362 1363
1362 1374
1362 1319
1363 1319
1363 1357
1363 1362
1363 1365
1363 1374
1364 1346
1364 1348
1364 1357
1364 1365
1364 1431
1364 1370
1365 1357
1365 1363
1365 1364
1365 1431
1365 1374
1366 1351
1366 1352
1366 1371
1366 1336
1366 1339
1367 1368
1367 1305
1367 1429
1367 1447
1368 1429
1368 1430
1368 1303
1368 1305
1368 1367
1369 1345
1369 1346
1369 1359
1369 1432
1369 1370
1369 1436
1369 1342
1370 1346
1370 1364
1370 1431
1370 1369
1370 1436
1371 1350
1371 1351
1371 1366
1371 1338
1371 1339
1371 1343
1372 1306
1372 1307
1372 1373
1372 1349
1373 1305
1373 1307
1373 1372
1373 1446
1374 1362
1374 1363
1374 1365
1374 1431
1375 1376
1375 1377
1375 1385
1375 1386
1375 1419
1375 1388
1375 1390
1376 1377
1376 1378
1376 1388
1376 1375
1377 1376
1377 1378
1377 1385
1377 1394
1377 1375
1378 1376
1378 1377
1378 1394
1378 1440
1379 1380
1379 1355
1379 1425
1379 1426
1379 1395
1379 1396
1380 1379
1380 1385
1380 1386
1380 1355
1380 1356
1380 1396
1381 1382
1381 1383
1381 1391
1381 1403
1381 1437
1382 1381
1382 1383
1382 1384
1382 1390
1382 1391
1382 1392
1383 1381
1383 1382
1383 1384
1383 1420
1383 1403
1383 1404
1384 1382
1384 1383
1384 1419
1384 1420
1384 1390
1385 1377
1385 1380
1385 1386
1385 1393
1385 1394
1385 1396
1385 1375
1386 1380
1386 1385
1386 1418
1386 1419
1386 1356
1386 1400
1386 1402
1386 1375
1387 1397
1387 1388
1387 1389
1387 1398
1388 1376
1388 1387
1388 1389
1388 1390
1388 1375
1389 1387
1389 1388
1389 1421
1389 1390
1389 1392
1389 1398
1390 1382
1390 1384
1390 1419
1390 1388
1390 1389
1390 1392
1390 1375
1391 1381
1391 1382
1391 1421
1391 1392
1391 1434
1391 1437
1392 1382
1392 1421
1392 1390
1392 1389
1392 1391
1393 1413
1393 1385
1393 1417
1393 1394
1393 1396
1394 1440
1394 1377
1394 1378
1394 1417
1394 1385
1394 1393
1394 1433
1395 1379
1395 1411
1395 1424
1395 1425
1395 1396
1396 1379
1396 1380
1396 1413
1396 1411
1396 1385
1396 1393
1396 1395
1397 1441
1397 1387
1397 1398
1398 1441
1398 1387
1398 1389
1398 1421
1398 1397
1398 1438
1399 1409
1399 1400
1399 1401
1399 1404
1399 1405
1400 1418
1400 1386
1400 1420
1400 1399
1400 1401
1400 1402
1400 1404
1401 1408
1401 1409
1401 1399
1401 1400
1401 1402
1401 1406
1402 1386
1402 1354
1402 1356
1402 1400
1402 1401
1402 1406
1403 1381
1403 1383
1403 1404
1403 1405
1403 1437
1404 1383
1404 1420
1404 1399
1404 1400
1404 1403
1404 1405
1405 1409
1405 1399
1405 1434
1405 1403
1405 1404
1405 1437
1406 1408
1406 1354
1406 1431
1406 1401
1406 1402
1406 1407
1407 1353
1407 1354
1407 1428
1407 1431
1407 1406
1408 1409
1408 1406
1408 1431
1408 1401
1408 1438
1409 1408
1409 1421
1409 1399
1409 1401
1409 1434
1409 1405
1409 1438
1410 1411
1410 1412
1410 1308
1410 1415
1411 1410
1411 1412
1411 1413
1411 1424
1411 1395
1411 1396
1412 1410
1412 1411
1412 1413
1412 1417
1412 1308
1412 1309
1413 1411
1413 1412
1413 1417
1413 1393
1413 1396
1414 1416
1414 1312
1414 1310
1414 1415
1415 1410
1415 1308
1415 1414
1415 1310
1416 1312
1416 1443
1416 1414
1416 1311
1417 1412
1417 1413
1417 1445
1417 1393
1417 1394
1417 1433
1417 1309
1418 1400
1418 1386
1418 1419
1418 1420
1419 1384
1419 1386
1419 1418
1419 1420
1419 1390
1419 1375
1420 1383
1420 1384
1420 1418
1420 1419
1420 1400
1420 1404
1421 1409
1421 1389
1421 1391
1421 1392
1421 1398
1421 1434
1421 1438
1422 1423
1422 1433
1422 1442
1422 1311
1423 1445
1423 1422
1423 1433
1423 1309
1423 1311
1424 1425
1424 1395
1424 1411
1425 1424
1425 1379
1425 1426
1425 1395
1426 1425
1426 1355
1426 1379
1426 1427
1427 1353
1427 1426
1427 1355
1427 1428
1428 1431
1428 1353
1428 1427
1428 1407
1429 1447
1429 1352
1429 1430
1429 1367
1429 1368
1429 1337
1429 1439
1430 1352
1430 1368
1430 1429
1430 1303
1431 1408
1431 1374
1431 1441
1431 1438
1431 1444
1431 1364
1431 1365
1431 1428
1431 1370
1431 1436
1431 1406
1431 1407
1432 1359
1432 1334
1432 1369
1432 1435
1432 1342
1433 1440
1433 1442
1433 1445
1433 1417
1433 1422
1433 1423
1433 1394
1434 1409
1434 1421
1434 1391
1434 1405
1434 1437
1435 1325
1435 1358
1435 1359
1435 1334
1435 1432
1436 1444
1436 1431
1436 1369
1436 1370
1436 1341
1436 1342
1437 1381
1437 1391
1437 1434
1437 1403
1437 1405
1438 1408
1438 1409
1438 1441
1438 1421
1438 1398
1438 1431
1439 1337
1439 1316
1439 1429
1440 1433
1440 1378
1440 1394
1441 1398
1441 1397
1441 1438
1441 1431
1442 1433
1442 1443
1442 1422
1442 1311
1443 1416
1443 1442
1443 1311
1444 1436
1444 1341
1444 1340
1444 1431
1445 1433
1445 1417
1445 1309
1445 1423
1446 1305
1446 1373
1446 1447
1447 1305
1447 1429
1447 1446
1447 1367
