0 1
0 2
0 3
0 4
0 115
0 116
0 59
1 0
1 96
1 2
1 3
1 110
1 31
2 0
2 1
2 99
2 100
2 115
2 30
2 31
3 0
3 1
3 96
3 4
3 5
3 95
4 0
4 3
4 5
4 6
4 58
4 59
5 65
5 3
5 4
5 6
5 7
5 95
6 4
6 5
6 7
6 8
6 57
6 58
7 65
7 5
7 6
7 8
7 9
8 6
8 7
8 9
8 10
8 56
8 57
9 64
9 65
9 7
9 8
9 10
9 11
9 63
10 8
10 9
10 11
10 12
10 55
10 56
11 9
11 10
11 12
11 13
11 62
11 63
12 10
12 11
12 13
12 14
12 16
12 55
13 11
13 12
13 14
13 15
13 62
14 16
14 12
14 13
14 15
15 13
15 14
15 16
15 17
15 48
15 60
15 61
15 62
16 12
16 14
16 15
16 17
16 51
16 53
16 55
17 15
17 16
17 49
17 48
17 50
17 51
18 102
18 103
18 19
18 20
18 21
18 22
19 33
19 66
19 106
19 18
19 20
19 21
20 32
20 33
20 34
20 102
20 18
20 19
21 39
21 41
21 106
21 18
21 19
21 22
21 23
22 103
22 42
22 43
22 18
22 21
22 23
22 24
23 41
23 114
23 21
23 22
23 24
23 25
24 97
24 43
24 117
24 22
24 23
24 25
24 26
25 114
25 23
25 24
25 26
25 27
26 97
26 24
26 25
26 27
26 28
27 43
27 114
27 117
27 25
27 26
27 28
27 29
28 97
28 98
28 26
28 27
28 29
28 30
29 112
29 117
29 27
29 28
29 30
29 31
30 2
30 98
30 99
30 28
30 29
30 31
31 1
31 2
31 110
31 111
31 112
31 29
31 30
32 33
32 34
32 35
32 72
32 20
33 32
33 66
33 67
33 72
33 19
33 20
33 85
34 32
34 35
34 36
34 102
34 20
35 32
35 34
35 36
35 69
35 37
35 72
35 74
36 34
36 35
36 37
36 102
36 38
36 104
37 35
37 36
37 69
37 38
37 39
37 106
38 36
38 37
38 39
38 40
38 105
38 104
39 37
39 38
39 40
39 41
39 106
39 21
40 38
40 39
40 41
40 42
40 105
41 39
41 40
41 42
41 43
41 114
41 21
41 23
42 103
42 40
42 41
42 105
42 43
42 22
43 41
43 42
43 114
43 117
43 22
43 24
43 27
44 45
44 46
44 47
44 48
44 118
44 88
45 44
45 46
45 47
45 89
45 90
45 91
46 91
46 44
46 45
46 118
47 101
47 44
47 45
47 48
47 49
47 89
48 44
48 15
48 47
48 49
48 17
48 88
48 61
49 101
49 47
49 48
49 17
49 50
49 60
50 49
50 17
50 51
50 52
50 60
51 16
51 17
51 50
51 52
51 53
52 64
52 50
52 51
52 53
52 54
52 120
52 60
52 62
52 63
53 16
53 51
53 52
53 54
53 55
54 52
54 53
54 55
54 56
54 57
54 120
54 94
55 10
55 12
55 16
55 53
55 54
55 56
56 8
56 10
56 54
56 55
56 57
57 6
57 8
57 54
57 56
57 58
57 94
58 96
58 4
58 6
58 57
58 59
58 94
58 95
59 0
59 96
59 4
59 116
59 58
60 101
60 15
60 49
60 50
60 52
60 61
60 62
61 101
61 15
61 48
61 88
61 89
61 60
62 11
62 13
62 15
62 52
62 60
62 63
63 64
63 9
63 11
63 52
63 62
64 65
64 9
64 52
64 120
64 63
65 64
65 5
65 7
65 9
65 120
65 95
66 33
66 67
66 68
66 69
66 106
66 19
67 33
67 66
67 68
67 113
67 84
67 85
67 86
68 66
68 67
68 69
68 70
68 113
68 92
69 66
69 35
69 68
69 37
69 70
69 71
69 106
69 74
69 107
70 68
70 69
70 71
70 72
70 85
70 92
71 69
71 70
71 72
71 73
71 107
71 109
72 32
72 33
72 35
72 70
72 71
72 73
72 74
72 85
73 71
73 72
73 74
73 108
73 109
74 35
74 69
74 72
74 73
74 107
74 108
75 76
75 77
75 78
75 79
76 75
76 77
76 78
76 81
76 83
76 87
77 81
77 75
77 76
77 119
78 75
78 76
78 79
78 80
78 87
78 93
79 75
79 78
79 80
79 81
79 119
80 78
80 79
80 81
80 82
80 93
81 76
81 77
81 79
81 80
81 82
81 83
81 119
82 80
82 81
82 113
82 83
82 84
82 93
83 76
83 81
83 82
83 84
83 87
84 67
84 113
84 82
84 83
84 86
84 87
85 33
85 67
85 70
85 72
85 86
85 92
86 67
86 84
86 85
86 87
86 92
86 93
87 76
87 78
87 83
87 84
87 86
87 93
88 44
88 48
88 118
88 89
88 90
88 61
89 101
89 45
89 47
89 88
89 90
89 61
90 45
90 118
90 88
90 89
90 91
91 90
91 118
91 45
91 46
92 68
92 70
92 113
92 85
92 86
92 93
93 78
93 80
93 113
93 82
93 86
93 87
93 92
94 54
94 120
94 57
94 58
94 95
95 96
95 65
95 3
95 5
95 120
95 58
95 94
96 1
96 3
96 110
96 116
96 58
96 59
96 95
97 98
97 117
97 24
97 26
97 28
98 97
98 99
98 112
98 117
98 28
98 30
99 98
99 2
99 100
99 110
99 111
99 112
99 30
100 115
100 2
100 99
100 110
101 47
101 49
101 89
101 60
101 61
102 34
102 36
102 103
102 104
102 18
102 20
103 102
103 104
103 105
103 42
103 18
103 22
104 36
104 38
104 102
104 103
104 105
105 38
105 103
105 104
105 40
105 42
106 66
106 69
106 37
106 39
106 19
106 21
107 69
107 71
107 74
107 108
107 109
108 73
108 74
108 107
108 109
109 73
109 107
109 108
109 71
110 96
110 1
110 99
110 100
110 111
110 115
110 116
110 31
111 112
111 99
111 110
111 31
112 98
112 99
112 111
112 117
112 29
112 31
113 67
113 68
113 82
113 84
113 92
113 93
114 41
114 43
114 23
114 25
114 27
115 0
115 2
115 100
115 110
115 116
116 0
116 96
116 110
116 115
116 59
117 97
117 98
117 43
117 112
117 24
117 27
117 29
118 44
118 46
118 88
118 90
118 91
119 81
119 77
119 79
120 64
120 65
120 52
120 54
120 94
120 95
121 235
121 236
121 180
121 122
121 123
121 124
121 125
122 217
122 231
122 152
122 121
122 123
122 124
123 235
123 213
123 214
123 151
123 152
123 121
123 122
124 217
124 216
124 121
124 122
124 125
124 126
125 179
125 180
125 121
125 124
125 126
125 127
126 128
126 216
126 186
126 124
126 125
126 127
127 128
127 129
127 178
127 179
127 125
127 126
128 129
128 130
128 186
128 126
128 127
129 128
129 130
129 131
129 177
129 178
129 127
130 128
130 129
130 131
130 132
130 184
130 185
130 186
131 129
131 130
131 132
131 133
131 176
131 177
132 130
132 131
132 133
132 134
132 183
132 184
133 131
133 132
133 134
133 135
133 137
133 176
134 132
134 133
134 135
134 136
134 183
135 136
135 137
135 133
135 134
136 134
136 135
136 137
136 138
136 169
136 181
136 182
136 183
137 133
137 135
137 136
137 138
137 172
137 174
137 176
138 136
138 137
138 170
138 169
138 171
138 172
139 224
139 225
139 140
139 141
139 142
139 143
140 154
140 201
140 139
140 141
140 142
140 218
141 224
141 139
141 140
141 153
141 154
141 155
142 160
142 162
142 139
142 140
142 143
142 144
142 218
143 225
143 163
143 164
143 139
143 142
143 144
143 145
144 162
144 142
144 143
144 239
144 145
144 146
145 164
145 238
145 143
145 144
145 146
145 147
145 211
146 239
146 144
146 145
146 147
146 148
147 145
147 146
147 211
147 148
147 149
148 164
148 238
148 239
148 146
148 147
148 149
148 150
149 147
149 148
149 211
149 150
149 151
149 212
150 233
150 238
150 148
150 149
150 151
150 152
151 212
151 149
151 150
151 213
151 152
151 123
152 231
152 232
152 233
152 150
152 151
152 122
152 123
153 141
153 154
153 155
153 156
153 189
154 198
154 201
154 140
154 141
154 153
154 187
154 189
155 224
155 141
155 153
155 156
155 157
156 203
156 206
156 189
156 153
156 155
156 157
156 158
157 224
157 226
157 155
157 156
157 158
157 159
158 160
158 203
158 218
158 156
158 157
158 159
159 160
159 161
159 226
159 227
159 157
159 158
160 161
160 162
160 142
160 218
160 158
160 159
161 160
161 162
161 163
161 227
161 159
162 160
162 161
162 163
162 164
162 142
162 239
162 144
163 161
163 162
163 225
163 164
163 227
163 143
164 162
164 163
164 238
164 143
164 239
164 145
164 148
165 166
165 167
165 168
165 169
165 237
165 207
166 165
166 167
166 168
166 208
166 209
166 210
167 237
167 210
167 165
167 166
168 165
168 166
168 169
168 170
168 208
168 223
169 165
169 168
169 136
169 170
169 138
169 207
169 182
170 168
170 169
170 138
170 171
170 181
170 223
171 170
171 138
171 172
171 173
171 181
172 137
172 138
172 171
172 173
172 174
173 171
173 172
173 174
173 175
173 241
173 181
173 183
173 184
173 185
174 137
174 172
174 173
174 175
174 176
175 173
175 174
175 176
175 177
175 178
175 241
175 215
176 131
176 133
176 137
176 174
176 175
176 177
177 129
177 131
177 175
177 176
177 178
178 129
178 175
178 177
178 179
178 215
178 127
179 178
179 180
179 215
179 216
179 217
179 125
179 127
180 217
180 236
180 179
180 121
180 125
181 136
181 170
181 171
181 173
181 182
181 183
181 223
182 136
182 169
182 207
182 208
182 181
182 223
183 132
183 134
183 136
183 173
183 181
183 184
184 130
184 132
184 173
184 183
184 185
185 130
185 173
185 241
185 184
185 186
186 128
186 130
186 241
186 216
186 185
186 126
187 198
187 154
187 188
187 189
187 190
187 191
188 202
188 203
188 204
188 187
188 189
188 190
189 204
189 205
189 206
189 156
189 153
189 154
189 187
189 188
190 192
190 202
190 234
190 187
190 188
190 191
191 192
191 193
191 198
191 199
191 187
191 190
192 193
192 194
192 234
192 220
192 222
192 190
192 191
193 192
193 194
193 195
193 199
193 200
193 191
194 192
194 193
194 195
194 196
194 219
194 220
195 193
195 194
195 196
195 197
195 200
195 221
196 194
196 195
196 197
196 219
197 240
197 195
197 196
197 221
198 199
198 201
198 202
198 234
198 154
198 187
198 191
199 193
199 198
199 200
199 234
199 222
199 191
200 193
200 195
200 199
200 221
200 222
201 198
201 218
201 202
201 203
201 140
201 154
202 198
202 201
202 234
202 203
202 188
202 190
203 228
203 201
203 202
203 204
203 206
203 156
203 218
203 188
203 158
204 228
204 230
204 203
204 205
204 188
204 189
205 229
205 230
205 204
205 206
205 189
206 228
206 229
206 203
206 205
206 156
206 189
207 165
207 169
207 237
207 208
207 209
207 182
208 166
208 168
208 207
208 209
208 182
208 223
209 166
209 237
209 207
209 208
209 210
210 209
210 237
210 166
210 167
211 238
211 145
211 147
211 212
211 149
212 233
212 238
212 211
212 213
212 149
212 151
213 231
213 232
213 233
213 212
213 214
213 151
213 123
214 123
214 235
214 213
214 231
215 175
215 241
215 178
215 179
215 216
216 241
216 179
216 215
216 217
216 186
216 124
216 126
217 231
217 236
217 179
217 180
217 216
217 122
217 124
218 160
218 201
218 203
218 140
218 142
218 158
219 194
219 196
219 240
219 220
219 221
220 192
220 194
220 219
220 221
220 222
221 195
221 197
221 200
221 240
221 219
221 220
221 222
222 192
222 199
222 200
222 234
222 220
222 221
223 168
223 170
223 208
223 181
223 182
224 225
224 226
224 139
224 141
224 155
224 157
225 224
225 226
225 227
225 163
225 139
225 143
226 224
226 225
226 227
226 157
226 159
227 225
227 226
227 161
227 163
227 159
228 229
228 230
228 203
228 204
228 206
229 228
229 205
229 206
229 230
230 205
230 204
230 228
230 229
231 232
231 235
231 236
231 213
231 214
231 152
231 217
231 122
232 152
232 233
232 213
232 231
233 232
233 238
233 212
233 213
233 150
233 152
234 192
234 198
234 199
234 202
234 190
234 222
235 231
235 236
235 214
235 121
235 123
236 217
236 231
236 235
236 180
236 121
237 165
237 167
237 207
237 209
237 210
238 164
238 233
238 145
238 211
238 212
238 148
238 150
239 162
239 164
239 144
239 146
239 148
240 197
240 219
240 221
241 173
241 175
241 215
241 216
241 185
241 186
242 354
242 355
242 301
242 243
242 244
242 245
242 246
243 273
243 242
243 244
243 245
243 342
243 351
244 354
244 272
244 273
244 242
244 243
244 338
244 339
245 242
245 243
245 341
245 246
245 247
245 342
246 300
246 301
246 242
246 245
246 247
246 248
247 307
247 245
247 246
247 341
247 248
247 249
248 299
248 300
248 246
248 247
248 249
248 250
249 307
249 247
249 248
249 250
249 251
250 298
250 299
250 248
250 249
250 251
250 252
251 305
251 306
251 307
251 249
251 250
251 252
251 253
252 297
252 298
252 250
252 251
252 253
252 254
253 304
253 305
253 251
253 252
253 254
253 255
254 256
254 258
254 297
254 252
254 253
254 255
255 256
255 257
255 304
255 253
255 254
256 257
256 258
256 254
256 255
257 256
257 258
257 259
257 290
257 302
257 303
257 304
257 255
258 256
258 257
258 259
258 293
258 295
258 297
258 254
259 257
259 258
259 291
259 290
259 292
259 293
260 261
260 262
260 263
260 264
260 345
260 346
261 260
261 262
261 263
261 275
261 308
261 344
262 260
262 261
262 274
262 275
262 276
262 345
263 260
263 261
263 264
263 265
263 344
263 281
263 283
264 260
264 263
264 265
264 266
264 346
264 284
264 285
265 357
265 263
265 264
265 266
265 267
265 283
266 358
266 264
266 265
266 267
266 268
266 336
266 285
267 357
267 265
267 266
267 268
267 269
268 266
268 267
268 269
268 270
268 336
269 357
269 358
269 267
269 268
269 270
269 271
269 285
270 268
270 269
270 271
270 272
270 336
270 337
271 353
271 358
271 269
271 270
271 272
271 273
272 270
272 271
272 337
272 273
272 338
272 244
273 352
273 353
273 271
273 272
273 243
273 244
273 351
274 262
274 275
274 276
274 277
274 314
275 261
275 262
275 327
275 274
275 308
275 309
275 314
276 262
276 274
276 277
276 278
276 345
277 274
277 276
277 278
277 311
277 316
277 314
277 279
278 276
278 277
278 279
278 280
278 345
278 347
279 344
279 277
279 278
279 311
279 280
279 281
280 278
280 279
280 281
280 282
280 347
280 348
281 344
281 263
281 279
281 280
281 282
281 283
282 348
282 280
282 281
282 283
282 284
283 357
283 263
283 265
283 281
283 282
283 284
283 285
284 264
284 282
284 346
284 283
284 348
284 285
285 357
285 358
285 264
285 266
285 269
285 283
285 284
286 288
286 289
286 290
286 359
286 330
286 287
287 288
287 289
287 331
287 332
287 333
287 286
288 359
288 333
288 286
288 287
289 290
289 291
289 331
289 343
289 286
289 287
290 289
290 257
290 259
290 291
290 330
290 303
290 286
291 289
291 290
291 259
291 292
291 302
291 343
292 259
292 291
292 293
292 294
292 302
293 258
293 259
293 292
293 294
293 295
294 292
294 293
294 295
294 296
294 362
294 302
294 304
294 305
294 306
295 258
295 293
295 294
295 296
295 297
296 294
296 295
296 297
296 298
296 299
296 362
296 340
297 258
297 295
297 296
297 298
297 252
297 254
298 296
298 297
298 299
298 250
298 252
299 296
299 298
299 300
299 340
299 248
299 250
300 299
300 301
300 340
300 341
300 246
300 342
300 248
301 355
301 300
301 242
301 342
301 246
302 257
302 291
302 292
302 294
302 303
302 304
302 343
303 257
303 290
303 330
303 331
303 302
303 343
304 257
304 294
304 302
304 305
304 253
304 255
305 294
305 304
305 306
305 251
305 253
306 294
306 362
306 305
306 307
306 251
307 362
307 306
307 341
307 247
307 249
307 251
308 261
308 275
308 309
308 310
308 311
308 344
309 356
309 326
309 327
309 328
309 275
309 308
309 310
310 356
310 334
310 308
310 309
310 311
310 312
311 344
311 308
311 277
311 310
311 279
311 312
311 313
311 316
311 350
312 327
312 334
312 310
312 311
312 313
312 314
313 311
313 312
313 314
313 315
313 349
313 350
314 327
314 274
314 275
314 277
314 312
314 313
314 315
314 316
315 361
315 313
315 314
315 316
315 349
316 361
316 277
316 311
316 314
316 315
316 350
317 320
317 321
317 318
317 319
318 320
318 323
318 325
318 329
318 317
318 319
319 360
319 323
319 317
319 318
320 321
320 322
320 329
320 335
320 317
320 318
321 320
321 322
321 323
321 360
321 317
322 320
322 321
322 323
322 324
322 335
323 321
323 322
323 324
323 325
323 360
323 318
323 319
324 322
324 323
324 356
324 325
324 326
324 335
325 323
325 324
325 326
325 329
325 318
326 324
326 325
326 356
326 328
326 329
326 309
327 328
327 334
327 275
327 309
327 312
327 314
328 326
328 327
328 329
328 334
328 335
328 309
329 320
329 325
329 326
329 328
329 335
329 318
330 290
330 359
330 331
330 332
330 303
330 286
331 289
331 330
331 332
331 303
331 343
331 287
332 359
332 330
332 331
332 333
332 287
333 288
333 332
333 359
333 287
334 356
334 327
334 328
334 335
334 310
334 312
335 320
335 322
335 356
335 324
335 328
335 329
335 334
336 358
336 266
336 268
336 270
336 337
337 353
337 358
337 270
337 336
337 272
337 338
338 352
338 353
338 272
338 337
338 339
338 244
338 351
339 338
339 244
339 354
339 351
340 296
340 362
340 299
340 300
340 341
341 362
341 300
341 307
341 340
341 245
341 342
341 247
342 355
342 300
342 301
342 243
342 245
342 341
342 351
343 289
343 291
343 331
343 302
343 303
344 261
344 263
344 308
344 311
344 281
344 279
345 260
345 262
345 276
345 278
345 346
345 347
346 260
346 264
346 284
346 345
346 347
346 348
347 278
347 280
347 345
347 346
347 348
348 346
348 280
348 282
348 347
348 284
349 313
349 315
349 350
349 361
350 361
350 311
350 313
350 316
350 349
351 352
351 354
351 355
351 273
351 338
351 339
351 243
351 342
352 353
352 338
352 273
352 351
353 352
353 358
353 271
353 273
353 338
353 337
354 355
354 242
354 339
354 244
354 351
355 354
355 301
355 242
355 342
355 351
356 324
356 326
356 334
356 335
356 309
356 310
357 265
357 267
357 269
357 283
357 285
358 353
358 266
358 269
358 271
358 336
358 337
358 285
359 288
359 330
359 332
359 333
359 286
360 321
360 323
360 319
361 315
361 316
361 349
361 350
362 294
362 296
362 306
362 307
362 340
362 341
363 422
363 364
363 365
363 366
363 367
363 476
363 477
364 394
364 363
364 461
364 365
364 366
364 473
365 393
365 394
365 363
365 364
365 457
365 458
365 476
366 363
366 460
366 364
366 461
366 367
366 368
367 421
367 422
367 363
367 366
367 368
367 369
368 428
368 460
368 366
368 367
368 369
368 370
369 420
369 421
369 367
369 368
369 370
369 371
370 428
370 368
370 369
370 371
370 372
371 419
371 420
371 369
371 370
371 372
371 373
372 426
372 427
372 428
372 370
372 371
372 373
372 374
373 418
373 419
373 371
373 372
373 374
373 375
374 425
374 426
374 372
374 373
374 375
374 376
375 418
375 373
375 374
375 376
375 377
375 379
376 425
376 374
376 375
376 377
376 378
377 376
377 378
377 379
377 375
378 423
378 424
378 425
378 411
378 376
378 377
378 379
378 380
379 416
379 418
379 375
379 377
379 378
379 380
379 414
380 411
380 378
380 379
380 412
380 413
380 414
381 384
381 385
381 464
381 465
381 382
381 383
382 384
382 396
382 429
382 463
382 381
382 383
383 395
383 396
383 397
383 464
383 381
383 382
384 385
384 386
384 463
384 402
384 404
384 381
384 382
385 384
385 386
385 387
385 465
385 405
385 406
385 381
386 384
386 385
386 387
386 388
386 404
386 478
387 385
387 386
387 388
387 389
387 455
387 406
387 479
388 386
388 387
388 389
388 390
388 478
389 387
389 388
389 390
389 455
389 391
390 388
390 389
390 391
390 392
390 406
390 478
390 479
391 389
391 390
391 455
391 392
391 393
391 456
392 390
392 391
392 393
392 394
392 475
392 479
393 391
393 392
393 456
393 394
393 457
393 365
394 392
394 393
394 364
394 365
394 473
394 474
394 475
395 396
395 397
395 398
395 435
395 383
396 448
396 395
396 429
396 430
396 435
396 382
396 383
397 395
397 398
397 399
397 464
397 383
398 395
398 397
398 399
398 400
398 432
398 435
398 437
399 397
399 398
399 400
399 401
399 464
399 466
400 398
400 399
400 432
400 401
400 402
400 463
401 399
401 400
401 402
401 403
401 467
401 466
402 384
402 463
402 400
402 401
402 403
402 404
403 401
403 402
403 467
403 404
403 405
404 384
404 386
404 402
404 403
404 405
404 406
404 478
405 385
405 465
405 403
405 404
405 467
405 406
406 385
406 387
406 390
406 404
406 405
406 478
406 479
407 480
407 451
407 408
407 409
407 410
407 411
408 452
408 453
408 454
408 407
408 409
408 410
409 408
409 480
409 454
409 407
410 452
410 462
410 407
410 408
410 411
410 412
411 451
411 424
411 378
411 407
411 412
411 410
411 380
412 423
412 462
412 410
412 411
412 380
412 413
413 423
413 412
413 380
413 414
413 415
414 416
414 379
414 380
414 413
414 415
415 416
415 417
415 483
415 423
415 425
415 426
415 427
415 413
415 414
416 417
416 418
416 379
416 414
416 415
417 416
417 418
417 419
417 420
417 483
417 459
417 415
418 416
418 417
418 419
418 373
418 375
418 379
419 417
419 418
419 420
419 371
419 373
420 417
420 419
420 421
420 459
420 369
420 371
421 420
421 422
421 459
421 460
421 461
421 367
421 369
422 421
422 363
422 461
422 367
422 477
423 424
423 425
423 462
423 378
423 412
423 413
423 415
424 451
424 452
424 423
424 462
424 378
424 411
425 423
425 426
425 374
425 376
425 378
425 415
426 425
426 427
426 372
426 374
426 415
427 483
427 426
427 428
427 372
427 415
428 483
428 427
428 460
428 368
428 370
428 372
429 396
429 430
429 463
429 432
429 431
429 382
430 448
430 449
430 396
430 429
430 431
430 472
430 447
431 429
431 430
431 432
431 433
431 471
431 472
432 429
432 398
432 431
432 400
432 433
432 434
432 463
432 469
432 437
433 448
433 431
433 432
433 434
433 435
433 471
434 432
434 433
434 435
434 436
434 468
434 469
435 448
435 395
435 396
435 398
435 433
435 434
435 436
435 437
436 482
436 434
436 435
436 468
436 437
437 482
437 398
437 432
437 435
437 436
437 469
438 440
438 441
438 442
438 439
439 450
439 438
439 440
439 441
439 444
439 446
440 481
440 444
440 438
440 439
441 450
441 438
441 439
441 470
441 442
441 443
442 481
442 438
442 441
442 443
442 444
443 470
443 441
443 442
443 444
443 445
444 481
444 439
444 440
444 442
444 443
444 445
444 446
445 470
445 472
445 443
445 444
445 446
445 447
446 450
446 439
446 444
446 445
446 447
447 449
447 450
447 430
447 472
447 445
447 446
448 449
448 396
448 430
448 433
448 435
448 471
449 448
449 450
449 430
449 470
449 471
449 447
450 449
450 470
450 439
450 441
450 446
450 447
451 480
451 452
451 453
451 424
451 407
451 411
452 451
452 453
452 424
452 462
452 408
452 410
453 480
453 451
453 452
453 454
453 408
454 408
454 409
454 453
454 480
455 387
455 389
455 391
455 456
455 479
456 455
456 391
456 393
456 457
456 475
456 479
457 456
457 393
457 458
457 365
457 473
457 474
457 475
458 457
458 476
458 473
458 365
459 417
459 483
459 420
459 421
459 460
460 483
460 421
460 459
460 428
460 461
460 366
460 368
461 421
461 422
461 364
461 460
461 366
461 473
461 477
462 452
462 423
462 424
462 410
462 412
463 384
463 429
463 400
463 432
463 402
463 382
464 397
464 399
464 465
464 466
464 381
464 383
465 385
465 464
465 466
465 467
465 405
465 381
466 399
466 464
466 465
466 401
466 467
467 465
467 466
467 401
467 403
467 405
468 434
468 482
468 436
468 469
469 482
469 432
469 434
469 468
469 437
470 449
470 450
470 471
470 472
470 441
470 443
470 445
471 448
471 449
471 431
471 433
471 470
471 472
472 430
472 431
472 470
472 471
472 445
472 447
473 457
473 458
473 394
473 364
473 461
473 474
473 476
473 477
474 473
474 394
474 475
474 457
475 392
475 457
475 456
475 394
475 474
475 479
476 458
476 363
476 365
476 473
476 477
477 422
477 363
477 461
477 473
477 476
478 386
478 388
478 390
478 404
478 406
479 387
479 390
479 455
479 456
479 392
479 406
479 475
480 451
480 453
480 454
480 407
480 409
481 440
481 442
481 444
482 436
482 468
482 469
482 437
483 417
483 459
483 428
483 427
483 460
483 415
484 485
484 486
484 487
484 488
484 529
484 531
484 532
485 484
485 486
485 487
485 561
485 533
486 484
486 485
486 529
486 530
486 561
487 484
487 485
487 488
487 489
487 533
488 484
488 487
488 489
488 490
488 532
488 536
489 487
489 488
489 490
489 491
489 533
489 508
489 509
490 488
490 489
490 491
490 492
490 535
490 536
491 489
491 490
491 492
491 493
491 534
491 509
492 490
492 491
492 493
492 494
492 535
492 504
493 491
493 492
493 494
493 495
493 534
494 492
494 493
494 495
494 496
494 502
494 504
495 586
495 493
495 494
495 496
495 497
495 534
496 494
496 495
496 497
496 498
496 500
496 502
497 547
497 586
497 587
497 495
497 496
497 498
497 499
498 496
498 497
498 499
498 500
499 547
499 548
499 549
499 497
499 498
499 500
499 501
499 566
500 496
500 498
500 499
500 501
500 502
501 503
501 585
501 499
501 500
501 566
501 502
502 494
502 496
502 500
502 501
502 503
502 504
503 585
503 501
503 502
503 504
503 505
504 535
504 492
504 494
504 502
504 503
504 505
504 506
505 585
505 503
505 504
505 506
505 507
506 536
506 535
506 504
506 505
506 507
506 508
507 585
507 534
507 505
507 506
507 508
507 509
508 489
508 532
508 533
508 536
508 506
508 507
508 509
509 489
509 491
509 534
509 507
509 508
510 512
510 513
510 514
510 570
510 571
510 511
511 512
511 513
511 580
511 600
511 510
512 569
512 570
512 600
512 537
512 538
512 510
512 511
513 514
513 515
513 580
513 510
513 511
514 513
514 515
514 516
514 599
514 571
514 510
515 513
515 514
515 579
515 516
515 517
515 580
516 514
516 515
516 517
516 518
516 599
517 515
517 516
517 579
517 518
517 519
517 590
518 516
518 517
518 519
518 520
518 599
519 517
519 518
519 520
519 521
519 590
520 518
520 519
520 521
520 522
520 599
520 573
521 519
521 520
521 522
521 523
521 590
521 572
521 574
522 520
522 521
522 523
522 524
522 556
522 527
522 573
523 521
523 522
523 524
523 525
523 574
524 577
524 522
524 523
524 556
524 525
524 526
524 557
525 523
525 524
525 526
525 527
525 574
526 577
526 524
526 525
526 527
526 528
527 522
527 556
527 525
527 526
527 528
527 573
527 574
528 576
528 577
528 556
528 526
528 527
529 484
529 486
529 559
529 530
529 531
529 562
529 575
530 529
530 562
530 486
530 561
531 484
531 559
531 529
531 561
531 532
531 533
532 484
532 488
532 531
532 533
532 536
532 508
533 485
533 487
533 489
533 561
533 531
533 532
533 508
534 585
534 586
534 491
534 493
534 495
534 507
534 509
535 536
535 490
535 492
535 504
535 506
536 488
536 490
536 532
536 535
536 506
536 508
537 512
537 545
537 569
537 538
537 539
537 540
537 543
538 512
538 578
538 567
538 537
538 570
538 539
539 567
539 568
539 537
539 538
539 540
539 541
540 545
540 581
540 537
540 539
540 541
540 542
541 568
541 569
541 539
541 540
541 542
541 543
542 544
542 581
542 596
542 601
542 540
542 541
542 543
543 544
543 545
543 537
543 569
543 541
543 542
544 545
544 546
544 583
544 601
544 542
544 543
545 544
545 546
545 581
545 537
545 540
545 543
546 544
546 545
546 581
546 582
546 583
547 548
547 587
547 588
547 589
547 497
547 499
548 547
548 549
548 550
548 588
548 499
548 564
548 563
549 548
549 550
549 551
549 499
549 565
549 566
550 548
550 549
550 551
550 552
550 563
550 602
551 549
551 550
551 552
551 553
551 564
551 565
552 550
552 551
552 553
552 554
552 602
553 551
553 552
553 554
553 555
553 563
553 564
554 552
554 553
554 602
554 555
555 553
555 554
555 563
555 602
556 576
556 522
556 524
556 557
556 558
556 527
556 528
557 577
557 524
557 556
557 558
557 559
557 575
558 576
558 556
558 557
558 559
558 560
558 562
559 557
559 558
559 560
559 561
559 529
559 531
559 575
560 561
560 562
560 558
560 559
561 485
561 486
561 559
561 560
561 562
561 530
561 531
561 533
562 576
562 558
562 560
562 561
562 530
562 529
562 575
563 548
563 550
563 553
563 555
563 564
563 602
564 548
564 551
564 553
564 588
564 563
564 565
565 549
565 551
565 588
565 564
565 566
566 549
566 585
566 588
566 589
566 499
566 501
566 565
567 578
567 579
567 580
567 591
567 592
567 593
567 568
567 538
567 539
568 593
568 567
568 600
568 569
568 539
568 541
569 512
569 600
569 568
569 537
569 541
569 543
570 512
570 578
570 538
570 571
570 572
570 510
571 514
571 599
571 570
571 572
571 573
571 510
572 578
572 521
572 590
572 570
572 571
572 573
572 574
573 520
573 522
573 527
573 599
573 571
573 572
573 574
574 521
574 523
574 525
574 527
574 572
574 573
575 576
575 577
575 557
575 559
575 529
575 562
576 577
576 556
576 558
576 528
576 562
576 575
577 576
577 524
577 557
577 526
577 528
577 575
578 579
578 590
578 538
578 567
578 570
578 572
579 578
579 515
579 580
579 517
579 590
579 567
580 513
580 515
580 579
580 591
580 567
580 600
580 511
581 545
581 546
581 582
581 596
581 540
581 542
582 546
582 581
582 583
582 584
582 596
582 597
582 598
583 544
583 546
583 582
583 584
583 601
583 604
584 598
584 604
584 582
584 583
585 503
585 586
585 587
585 589
585 501
585 534
585 566
585 505
585 507
586 585
586 587
586 495
586 497
586 534
587 547
587 585
587 586
587 589
587 497
588 547
588 548
588 589
588 564
588 565
588 566
589 547
589 585
589 587
589 588
589 566
590 578
590 579
590 517
590 519
590 521
590 572
591 580
591 592
591 595
591 567
591 600
591 603
592 591
592 593
592 594
592 567
592 603
593 568
593 592
593 594
593 595
593 567
593 600
594 592
594 593
594 603
594 595
595 591
595 593
595 594
595 600
595 603
596 581
596 582
596 597
596 601
596 542
597 582
597 596
597 598
597 601
597 604
598 584
598 597
598 582
599 514
599 516
599 518
599 520
599 571
599 573
600 512
600 580
600 591
600 593
600 595
600 568
600 569
600 511
601 544
601 583
601 596
601 597
601 604
601 542
602 550
602 552
602 554
602 555
602 563
603 592
603 594
603 595
603 591
604 584
604 601
604 597
604 583
605 608
605 609
605 650
605 652
605 653
605 606
605 607
606 608
606 682
606 654
606 605
606 607
607 682
607 650
607 651
607 605
607 606
608 609
608 610
608 654
608 605
608 606
609 608
609 610
609 611
609 653
609 657
609 605
610 608
610 609
610 611
610 612
610 654
610 629
610 630
611 609
611 610
611 612
611 613
611 656
611 657
612 610
612 611
612 613
612 614
612 655
612 630
613 611
613 612
613 614
613 615
613 656
613 625
614 612
614 613
614 615
614 616
614 655
615 613
615 614
615 616
615 617
615 623
615 625
616 704
616 614
616 615
616 617
616 618
616 655
617 615
617 616
617 618
617 619
617 621
617 623
618 704
618 705
618 616
618 617
618 619
618 620
618 668
619 617
619 618
619 620
619 621
620 618
620 619
620 621
620 622
620 687
620 668
620 669
620 670
621 617
621 619
621 620
621 622
621 623
622 620
622 621
622 687
622 624
622 623
622 703
623 615
623 617
623 621
623 622
623 624
623 625
624 622
624 623
624 625
624 626
624 703
625 613
625 615
625 623
625 624
625 656
625 626
625 627
626 624
626 625
626 627
626 628
626 703
627 656
627 625
627 626
627 657
627 628
627 629
628 655
628 626
628 627
628 629
628 630
628 703
629 610
629 653
629 654
629 657
629 627
629 628
629 630
630 610
630 612
630 655
630 628
630 629
631 691
631 692
631 632
631 633
631 634
631 635
632 710
632 721
632 631
632 633
632 634
633 721
633 658
633 659
633 691
633 690
633 631
633 632
634 710
634 631
634 632
634 635
634 636
635 719
635 692
635 631
635 634
635 636
635 637
636 709
636 710
636 634
636 635
636 637
636 638
637 719
637 635
637 636
637 638
637 639
638 640
638 709
638 720
638 636
638 637
638 639
639 640
639 641
639 719
639 637
639 638
640 641
640 642
640 720
640 638
640 639
641 640
641 642
641 643
641 719
641 694
641 639
642 640
642 641
642 643
642 644
642 720
642 693
642 695
643 641
643 642
643 644
643 645
643 677
643 648
643 694
644 642
644 643
644 645
644 646
644 695
645 643
645 644
645 677
645 646
645 647
645 678
645 698
646 644
646 645
646 647
646 648
646 695
647 645
647 646
647 648
647 649
647 698
648 643
648 677
648 646
648 647
648 649
648 694
648 695
649 677
649 647
649 648
649 697
649 698
650 680
650 683
650 651
650 652
650 696
650 605
650 607
651 682
651 650
651 683
651 607
652 680
652 650
652 682
652 653
652 654
652 605
653 609
653 652
653 654
653 657
653 629
653 605
654 608
654 610
654 682
654 652
654 653
654 629
654 606
655 704
655 612
655 614
655 616
655 628
655 630
655 703
656 611
656 613
656 625
656 657
656 627
657 609
657 611
657 653
657 656
657 627
657 629
658 690
658 659
658 660
658 661
658 664
658 633
658 666
659 708
659 688
659 658
659 691
659 660
659 633
660 688
660 689
660 658
660 659
660 661
660 662
661 658
661 660
661 662
661 663
661 666
661 699
662 689
662 690
662 660
662 661
662 663
662 664
663 716
663 722
663 661
663 662
663 664
663 665
663 699
664 690
664 658
664 662
664 663
664 665
664 666
665 722
665 663
665 664
665 666
665 667
665 701
666 658
666 661
666 664
666 665
666 667
666 699
667 665
667 666
667 699
667 700
667 701
668 705
668 706
668 707
668 618
668 620
668 669
669 706
669 620
669 684
669 685
669 668
669 670
669 671
670 672
670 620
670 686
670 687
670 669
670 671
671 672
671 673
671 684
671 723
671 669
671 670
672 673
672 674
672 685
672 686
672 670
672 671
673 672
673 674
673 675
673 723
673 671
674 672
674 673
674 675
674 676
674 684
674 685
675 673
675 674
675 723
675 676
676 674
676 675
676 684
676 723
677 643
677 645
677 678
677 679
677 648
677 649
677 697
678 645
678 677
678 679
678 680
678 696
678 698
679 677
679 678
679 680
679 681
679 683
679 697
680 678
680 679
680 681
680 682
680 650
680 652
680 696
681 680
681 682
681 683
681 679
682 680
682 681
682 683
682 651
682 652
682 654
682 606
682 607
683 679
683 681
683 682
683 651
683 650
683 696
683 697
684 674
684 676
684 685
684 723
684 669
684 671
685 672
685 674
685 706
685 684
685 686
685 669
686 672
686 706
686 685
686 687
686 670
687 706
687 707
687 620
687 622
687 686
687 670
687 703
688 708
688 709
688 710
688 711
688 712
688 713
688 689
688 659
688 660
689 713
689 688
689 721
689 690
689 660
689 662
690 689
690 658
690 721
690 662
690 664
690 633
691 708
691 659
691 692
691 693
691 631
691 633
692 719
692 691
692 693
692 694
692 631
692 635
693 642
693 708
693 720
693 691
693 692
693 694
693 695
694 641
694 643
694 648
694 719
694 692
694 693
694 695
695 642
695 644
695 646
695 648
695 693
695 694
696 678
696 680
696 650
696 683
696 697
696 698
697 677
697 679
697 649
697 683
697 696
697 698
698 645
698 678
698 647
698 649
698 696
698 697
699 716
699 661
699 663
699 666
699 667
699 700
700 716
700 717
700 718
700 699
700 667
700 701
700 702
701 722
701 725
701 665
701 667
701 700
701 702
702 725
702 700
702 701
702 718
703 704
703 705
703 707
703 622
703 655
703 687
703 624
703 626
703 628
704 705
704 616
704 618
704 655
704 703
705 704
705 707
705 618
705 668
705 703
706 707
706 685
706 686
706 687
706 668
706 669
707 705
707 706
707 687
707 668
707 703
708 709
708 688
708 720
708 691
708 659
708 693
709 708
709 710
709 688
709 720
709 636
709 638
710 709
710 711
710 688
710 721
710 632
710 634
710 636
711 710
711 712
711 715
711 688
711 721
711 724
712 711
712 713
712 714
712 688
712 724
713 712
713 714
713 715
713 688
713 689
713 721
714 712
714 713
714 715
714 724
715 711
715 713
715 714
715 721
715 724
716 717
716 722
716 663
716 699
716 700
717 716
717 718
717 722
717 725
717 700
718 700
718 717
718 702
719 641
719 692
719 694
719 635
719 637
719 639
720 640
720 642
720 708
720 709
720 693
720 638
721 710
721 711
721 713
721 715
721 689
721 690
721 632
721 633
722 716
722 717
722 725
722 663
722 665
722 701
723 673
723 675
723 676
723 684
723 671
724 712
724 714
724 715
724 711
725 722
725 717
725 702
725 701
726 771
726 773
726 774
726 727
726 728
726 729
726 730
727 803
727 775
727 726
727 728
727 729
728 803
728 771
728 772
728 726
728 727
729 775
729 726
729 727
729 730
729 731
730 774
730 778
730 726
730 729
730 731
730 732
731 775
731 750
731 751
731 729
731 730
731 732
731 733
732 777
732 778
732 730
732 731
732 733
732 734
733 776
733 751
733 731
733 732
733 734
733 735
734 736
734 777
734 746
734 732
734 733
734 735
735 736
735 737
735 776
735 733
735 734
736 737
736 738
736 744
736 746
736 734
736 735
737 736
737 738
737 739
737 776
737 830
737 735
738 736
738 737
738 739
738 740
738 742
738 744
739 737
739 738
739 740
739 741
739 779
739 830
739 831
740 738
740 739
740 741
740 742
741 739
741 740
741 742
741 743
741 808
741 779
741 780
741 781
742 738
742 740
742 741
742 743
742 744
743 741
743 742
743 744
743 745
743 808
743 829
744 736
744 738
744 742
744 743
744 745
744 746
745 743
745 744
745 746
745 747
745 829
746 736
746 744
746 745
746 777
746 747
746 748
746 734
747 745
747 746
747 748
747 749
747 829
748 777
748 746
748 747
748 778
748 749
748 750
749 776
749 747
749 748
749 750
749 751
749 829
750 774
750 775
750 778
750 748
750 749
750 751
750 731
751 776
751 749
751 750
751 731
751 733
752 812
752 813
752 753
752 754
752 755
752 756
753 834
753 843
753 752
753 754
753 755
754 811
754 812
754 843
754 752
754 753
754 788
754 789
755 834
755 752
755 753
755 756
755 757
756 841
756 813
756 752
756 755
756 757
756 758
757 833
757 834
757 755
757 756
757 758
757 759
758 841
758 756
758 757
758 759
758 760
759 833
759 842
759 757
759 758
759 760
759 761
760 841
760 758
760 759
760 761
760 762
761 842
761 759
761 760
761 762
761 763
762 841
762 815
762 760
762 761
762 763
762 764
763 842
763 814
763 816
763 761
763 762
763 764
763 765
764 769
764 798
764 815
764 762
764 763
764 765
764 766
765 816
765 763
765 764
765 766
765 767
766 768
766 837
766 799
766 764
766 765
766 798
766 767
767 768
767 769
767 816
767 765
767 766
768 769
768 770
768 837
768 766
768 767
769 768
769 770
769 815
769 816
769 764
769 798
769 767
770 768
770 769
770 836
770 837
770 798
771 801
771 835
771 772
771 773
771 804
771 726
771 728
772 728
772 803
772 771
772 804
773 801
773 771
773 803
773 774
773 775
773 726
774 773
774 775
774 778
774 750
774 726
774 730
775 803
775 773
775 774
775 750
775 727
775 729
775 731
776 737
776 829
776 749
776 751
776 733
776 830
776 735
777 746
777 778
777 748
777 732
777 734
778 774
778 777
778 748
778 750
778 730
778 732
779 739
779 741
779 780
779 827
779 828
779 831
780 741
780 806
780 805
780 779
780 781
780 782
780 827
781 741
781 807
781 808
781 780
781 782
781 783
782 805
782 780
782 781
782 845
782 783
782 784
783 806
783 807
783 781
783 782
783 784
783 785
784 845
784 782
784 783
784 785
784 786
785 805
785 806
785 783
785 784
785 786
785 787
786 784
786 785
786 787
786 845
787 785
787 786
787 845
787 805
788 811
788 754
788 789
788 790
788 791
788 794
788 796
789 832
789 809
789 812
789 754
789 788
789 790
790 809
790 810
790 788
790 789
790 791
790 792
791 788
791 790
791 823
791 792
791 793
791 796
792 810
792 811
792 790
792 791
792 793
792 794
793 838
793 791
793 844
793 823
793 792
793 794
793 795
794 811
794 788
794 792
794 793
794 795
794 796
795 844
795 825
795 793
795 794
795 796
795 797
796 823
796 788
796 791
796 794
796 795
796 797
797 823
797 824
797 825
797 795
797 796
798 800
798 769
798 770
798 836
798 764
798 766
798 799
799 800
799 801
799 835
799 837
799 798
799 766
800 801
800 802
800 804
800 836
800 798
800 799
801 800
801 802
801 771
801 803
801 835
801 773
801 799
802 800
802 801
802 803
802 804
803 801
803 802
803 804
803 772
803 773
803 775
803 727
803 728
804 800
804 802
804 771
804 835
804 803
804 772
804 836
805 806
805 780
805 845
805 782
805 785
805 787
806 805
806 807
806 780
806 783
806 785
806 827
807 806
807 808
807 781
807 783
807 827
808 741
808 743
808 807
808 781
808 827
808 828
808 829
809 832
809 833
809 834
809 810
809 817
809 818
809 789
809 790
809 822
810 809
810 811
810 843
810 817
810 790
810 792
811 810
811 843
811 754
811 788
811 792
811 794
812 832
812 813
812 814
812 752
812 754
812 789
813 841
813 812
813 814
813 815
813 752
813 756
814 832
814 842
814 812
814 813
814 815
814 816
814 763
815 769
815 841
815 813
815 814
815 816
815 762
815 764
816 769
816 814
816 815
816 763
816 765
816 767
817 809
817 810
817 843
817 818
817 819
817 821
818 809
818 817
818 819
818 820
818 822
819 817
819 818
819 820
819 821
820 818
820 819
820 821
820 822
821 843
821 817
821 819
821 820
821 822
822 834
822 809
822 843
822 818
822 820
822 821
823 838
823 791
823 824
823 793
823 796
823 797
824 838
824 839
824 840
824 823
824 825
824 826
824 797
825 844
825 846
825 824
825 826
825 795
825 797
826 824
826 825
826 840
826 846
827 806
827 807
827 808
827 779
827 780
827 828
828 808
828 779
828 827
828 829
828 831
829 743
829 808
829 745
829 776
829 747
829 749
829 828
829 830
829 831
830 737
830 739
830 776
830 829
830 831
831 739
831 779
831 828
831 829
831 830
832 833
832 809
832 842
832 812
832 814
832 789
833 832
833 834
833 809
833 842
833 757
833 759
834 833
834 809
834 843
834 753
834 755
834 757
834 822
835 801
835 771
835 804
835 837
835 836
835 799
836 800
836 770
836 835
836 804
836 837
836 798
837 768
837 770
837 835
837 836
837 766
837 799
838 839
838 844
838 823
838 824
838 793
839 838
839 840
839 844
839 846
839 824
840 824
840 826
840 839
841 813
841 815
841 756
841 758
841 760
841 762
842 832
842 833
842 814
842 759
842 761
842 763
843 834
843 810
843 811
843 753
843 754
843 817
843 821
843 822
844 838
844 839
844 846
844 793
844 825
844 795
845 805
845 782
845 784
845 786
845 787
846 825
846 826
846 844
846 839
847 848
847 849
847 850
847 851
847 889
847 890
847 891
848 873
848 847
848 849
848 850
848 892
849 873
849 875
849 847
849 848
849 889
850 847
850 848
850 851
850 852
850 892
851 905
851 847
851 850
851 852
851 853
851 891
852 871
852 872
852 850
852 851
852 853
852 854
852 892
853 904
853 905
853 851
853 852
853 854
853 855
854 872
854 852
854 853
854 855
854 856
854 893
855 867
855 904
855 853
855 854
855 856
855 857
856 854
856 855
856 857
856 858
856 893
857 865
857 867
857 855
857 856
857 858
857 859
858 939
858 856
858 857
858 859
858 860
858 893
859 865
859 857
859 858
859 860
859 861
859 863
860 906
860 939
860 940
860 858
860 859
860 861
860 862
861 859
861 860
861 862
861 863
862 864
862 935
862 906
862 907
862 908
862 860
862 861
862 863
863 864
863 865
863 859
863 861
863 862
864 865
864 866
864 935
864 938
864 862
864 863
865 864
865 866
865 867
865 857
865 859
865 863
866 864
866 865
866 867
866 868
866 938
867 865
867 866
867 868
867 869
867 904
867 855
867 857
868 866
868 867
868 869
868 870
868 938
869 867
869 868
869 870
869 871
869 904
869 905
870 868
870 869
870 871
870 872
870 938
870 893
871 869
871 870
871 872
871 905
871 852
871 891
871 892
872 870
872 871
872 852
872 854
872 893
873 874
873 875
873 876
873 877
873 848
873 849
873 890
873 892
874 873
874 875
874 876
874 878
874 889
874 926
874 927
875 849
875 873
875 874
875 889
876 873
876 874
876 877
876 878
877 873
877 876
877 878
877 879
877 889
877 890
877 926
878 874
878 876
878 877
878 879
878 880
878 927
879 928
879 877
879 878
879 880
879 881
879 926
880 929
880 878
880 879
880 881
880 882
880 894
880 927
881 928
881 930
881 931
881 879
881 880
881 882
881 883
882 880
882 881
882 883
882 884
882 887
882 894
882 895
883 931
883 881
883 882
883 884
883 885
884 882
884 883
884 885
884 886
884 952
884 953
884 895
885 931
885 883
885 884
885 886
885 887
885 894
886 961
886 962
886 884
886 885
886 887
886 888
886 953
887 896
887 882
887 885
887 886
887 888
887 894
887 895
888 896
888 962
888 886
888 887
888 954
888 957
889 874
889 875
889 877
889 847
889 849
889 890
889 926
890 873
890 877
890 847
890 889
890 891
890 892
891 871
891 905
891 847
891 851
891 890
891 892
892 871
892 873
892 848
892 850
892 852
892 890
892 891
893 870
893 872
893 938
893 939
893 854
893 856
893 858
894 929
894 930
894 931
894 880
894 882
894 885
894 887
895 896
895 897
895 882
895 884
895 887
895 952
896 897
896 898
896 887
896 888
896 957
896 895
897 896
897 898
897 899
897 952
897 895
898 896
898 897
898 899
898 900
898 957
899 897
899 898
899 900
899 901
899 952
899 953
900 898
900 899
900 901
900 902
900 956
900 957
901 961
901 899
901 900
901 902
901 903
901 953
902 964
902 900
902 901
902 903
902 947
902 955
902 956
903 961
903 901
903 902
903 936
903 947
903 916
903 948
903 918
903 949
904 867
904 869
904 905
904 853
904 855
905 869
905 871
905 904
905 851
905 853
905 891
906 907
906 940
906 941
906 942
906 860
906 862
907 932
907 933
907 906
907 908
907 909
907 941
907 862
908 934
908 935
908 907
908 909
908 910
908 862
909 963
909 932
909 907
909 908
909 910
909 911
910 933
910 934
910 908
910 909
910 911
910 912
911 963
911 909
911 910
911 912
911 913
912 932
912 933
912 910
912 911
912 913
912 914
913 912
913 914
913 963
913 911
914 912
914 913
914 963
914 932
915 937
915 916
915 917
915 918
915 919
915 922
915 924
916 961
916 962
916 903
916 915
916 917
916 918
917 962
917 964
917 937
917 915
917 916
917 954
917 955
918 903
918 936
918 915
918 916
918 919
918 920
919 943
919 915
919 918
919 920
919 921
919 924
920 936
920 937
920 918
920 919
920 921
920 922
921 965
921 943
921 919
921 920
921 922
921 923
921 958
922 937
922 915
922 920
922 921
922 923
922 924
923 965
923 945
923 921
923 922
923 924
923 925
924 943
924 915
924 919
924 922
924 923
924 925
925 943
925 944
925 945
925 923
925 924
926 928
926 874
926 877
926 879
926 889
926 927
927 928
927 929
927 874
927 878
927 880
927 926
928 929
928 930
928 879
928 881
928 926
928 927
929 928
929 930
929 880
929 894
929 927
930 928
930 929
930 931
930 881
930 894
931 930
931 881
931 883
931 885
931 894
932 963
932 933
932 907
932 909
932 912
932 914
933 932
933 934
933 907
933 941
933 910
933 912
934 933
934 935
934 908
934 941
934 910
935 864
935 934
935 938
935 908
935 941
935 942
935 862
936 964
936 903
936 937
936 949
936 918
936 920
937 964
937 936
937 915
937 917
937 920
937 922
938 864
938 866
938 868
938 870
938 935
938 939
938 940
938 942
938 893
939 938
939 940
939 858
939 860
939 893
940 938
940 939
940 906
940 942
940 860
941 933
941 934
941 935
941 906
941 907
941 942
942 935
942 938
942 906
942 940
942 941
943 944
943 919
943 921
943 924
943 925
943 958
944 960
944 943
944 945
944 946
944 925
944 958
944 959
945 965
945 967
945 944
945 946
945 923
945 925
946 944
946 945
946 960
946 967
947 964
947 966
947 902
947 903
947 948
947 951
948 966
948 903
948 947
948 949
948 950
949 964
949 903
949 936
949 948
949 950
949 951
950 948
950 949
950 966
950 951
951 964
951 966
951 947
951 949
951 950
952 897
952 899
952 884
952 953
952 895
953 961
953 899
953 901
953 884
953 886
953 952
954 962
954 917
954 888
954 955
954 956
954 957
955 964
955 902
955 917
955 954
955 956
956 900
956 902
956 954
956 955
956 957
957 896
957 898
957 900
957 888
957 954
957 956
958 965
958 943
958 944
958 921
958 959
959 960
959 965
959 967
959 944
959 958
960 944
960 946
960 959
961 962
961 901
961 903
961 916
961 886
961 953
962 961
962 916
962 917
962 886
962 888
962 954
963 932
963 909
963 911
963 913
963 914
964 902
964 936
964 937
964 947
964 917
964 949
964 951
964 955
965 967
965 945
965 921
965 923
965 958
965 959
966 947
966 948
966 950
966 951
967 945
967 946
967 965
967 959
968 969
968 970
968 971
968 972
968 974
969 999
969 968
969 970
969 971
969 975
969 977
969 981
970 998
970 999
970 968
970 969
970 974
970 976
970 980
971 968
971 969
971 972
971 973
971 975
972 968
972 971
972 973
972 974
973 971
973 972
973 974
973 975
974 968
974 970
974 972
974 973
974 975
974 976
975 969
975 971
975 973
975 974
975 976
975 977
976 970
976 974
976 975
976 977
976 978
976 980
977 969
977 975
977 976
977 978
977 979
977 981
978 976
978 977
978 979
978 980
979 977
979 978
979 980
979 981
980 996
980 998
980 970
980 976
980 978
980 979
980 981
980 982
980 984
981 997
981 999
981 969
981 977
981 979
981 980
981 982
981 983
981 985
982 984
982 980
982 981
982 983
983 984
983 985
983 981
983 982
984 994
984 996
984 980
984 982
984 983
984 985
984 986
985 995
985 997
985 981
985 983
985 984
985 986
985 987
986 994
986 984
986 985
986 987
986 988
987 995
987 985
987 986
987 988
987 989
988 994
988 986
988 987
988 989
988 990
989 995
989 987
989 988
989 990
989 991
990 992
990 994
990 988
990 989
990 991
991 992
991 993
991 995
991 989
991 990
992 993
992 994
992 990
992 991
993 992
993 994
993 995
993 991
994 992
994 993
994 995
994 996
994 984
994 986
994 988
994 990
995 993
995 994
995 996
995 997
995 985
995 987
995 989
995 991
996 994
996 995
996 997
996 998
996 980
996 984
997 995
997 996
997 998
997 999
997 981
997 985
998 996
998 997
998 999
998 970
998 980
999 997
999 998
999 969
999 970
999 981
1000 1001
1000 1002
1000 1003
1000 1004
1000 1164
1000 1110
1000 1111
1001 1152
1001 1030
1001 1000
1001 1002
1001 1003
1001 1140
1002 1000
1002 1001
1002 1164
1002 1166
1002 1170
1002 1140
1002 1145
1002 1146
1002 1147
1002 1148
1002 1151
1003 1030
1003 1031
1003 1000
1003 1001
1003 1004
1003 1005
1004 1000
1004 1003
1004 1005
1004 1006
1004 1111
1004 1112
1004 1113
1005 1031
1005 1003
1005 1004
1005 1006
1005 1007
1005 1117
1006 1004
1006 1005
1006 1007
1006 1008
1006 1113
1007 1005
1007 1006
1007 1008
1007 1009
1007 1073
1007 1075
1007 1116
1007 1117
1008 1006
1008 1007
1008 1009
1008 1010
1008 1113
1009 1132
1009 1007
1009 1008
1009 1010
1009 1011
1009 1075
1009 1077
1010 1008
1010 1009
1010 1011
1010 1012
1010 1112
1010 1113
1011 1131
1011 1132
1011 1009
1011 1010
1011 1012
1011 1013
1012 1010
1012 1011
1012 1013
1012 1014
1012 1112
1013 1130
1013 1131
1013 1011
1013 1012
1013 1014
1013 1015
1014 1012
1014 1013
1014 1110
1014 1015
1014 1016
1014 1109
1014 1111
1014 1112
1015 1130
1015 1013
1015 1014
1015 1016
1015 1017
1016 1108
1016 1109
1016 1014
1016 1015
1016 1017
1016 1018
1016 1020
1017 1062
1017 1126
1017 1130
1017 1015
1017 1016
1017 1018
1017 1019
1018 1016
1018 1017
1018 1019
1018 1020
1019 1062
1019 1063
1019 1017
1019 1018
1019 1020
1019 1021
1020 1108
1020 1016
1020 1018
1020 1019
1020 1021
1020 1022
1021 1063
1021 1064
1021 1019
1021 1020
1021 1022
1021 1023
1022 1024
1022 1108
1022 1144
1022 1020
1022 1021
1022 1023
1023 1024
1023 1025
1023 1064
1023 1065
1023 1021
1023 1022
1024 1025
1024 1026
1024 1028
1024 1165
1024 1144
1024 1022
1024 1023
1025 1024
1025 1026
1025 1027
1025 1065
1025 1066
1025 1067
1025 1023
1026 1024
1026 1025
1026 1027
1026 1028
1027 1025
1027 1026
1027 1028
1027 1029
1027 1162
1027 1067
1027 1069
1027 1114
1028 1024
1028 1152
1028 1026
1028 1027
1028 1029
1028 1030
1028 1165
1029 1027
1029 1028
1029 1030
1029 1031
1029 1162
1030 1152
1030 1028
1030 1029
1030 1031
1030 1001
1030 1003
1031 1029
1031 1030
1031 1162
1031 1003
1031 1163
1031 1005
1031 1117
1032 1056
1032 1058
1032 1033
1032 1034
1032 1035
1032 1036
1032 1052
1033 1057
1033 1061
1033 1032
1033 1034
1033 1035
1033 1051
1033 1055
1034 1058
1034 1060
1034 1061
1034 1032
1034 1033
1035 1032
1035 1033
1035 1036
1035 1037
1035 1047
1035 1051
1036 1032
1036 1035
1036 1037
1036 1038
1036 1048
1036 1052
1037 1035
1037 1036
1037 1038
1037 1039
1037 1041
1037 1043
1037 1045
1037 1047
1038 1036
1038 1037
1038 1039
1038 1040
1038 1042
1038 1044
1038 1046
1038 1048
1039 1040
1039 1041
1039 1037
1039 1038
1040 1041
1040 1042
1040 1038
1040 1039
1041 1037
1041 1039
1041 1040
1041 1042
1041 1043
1042 1038
1042 1040
1042 1041
1042 1043
1042 1044
1043 1037
1043 1041
1043 1042
1043 1044
1043 1045
1044 1038
1044 1042
1044 1043
1044 1045
1044 1046
1045 1037
1045 1043
1045 1044
1045 1046
1045 1047
1046 1038
1046 1044
1046 1045
1046 1047
1046 1048
1047 1035
1047 1037
1047 1045
1047 1046
1047 1048
1047 1049
1047 1051
1048 1036
1048 1038
1048 1046
1048 1047
1048 1049
1048 1050
1048 1052
1049 1048
1049 1050
1049 1051
1049 1047
1050 1048
1050 1049
1050 1051
1050 1052
1051 1033
1051 1035
1051 1047
1051 1049
1051 1050
1051 1052
1051 1053
1051 1055
1052 1056
1052 1032
1052 1036
1052 1048
1052 1050
1052 1051
1052 1053
1052 1054
1053 1051
1053 1052
1053 1054
1053 1055
1054 1056
1054 1052
1054 1053
1054 1055
1055 1056
1055 1057
1055 1033
1055 1051
1055 1053
1055 1054
1056 1057
1056 1058
1056 1032
1056 1052
1056 1054
1056 1055
1057 1056
1057 1058
1057 1059
1057 1061
1057 1033
1057 1055
1058 1056
1058 1057
1058 1059
1058 1060
1058 1032
1058 1034
1059 1057
1059 1058
1059 1060
1059 1061
1060 1034
1060 1058
1060 1059
1060 1061
1061 1057
1061 1059
1061 1060
1061 1033
1061 1034
1062 1124
1062 1126
1062 1063
1062 1017
1062 1019
1063 1153
1063 1124
1063 1062
1063 1064
1063 1019
1063 1021
1064 1153
1064 1063
1064 1065
1064 1066
1064 1021
1064 1023
1065 1064
1065 1025
1065 1066
1065 1023
1066 1025
1066 1153
1066 1064
1066 1065
1066 1067
1066 1068
1066 1118
1067 1025
1067 1027
1067 1066
1067 1068
1067 1069
1068 1120
1068 1066
1068 1067
1068 1069
1068 1070
1068 1118
1068 1119
1069 1027
1069 1067
1069 1068
1069 1070
1069 1071
1069 1114
1070 1120
1070 1068
1070 1069
1070 1071
1070 1072
1071 1069
1071 1070
1071 1072
1071 1073
1071 1114
1071 1115
1072 1120
1072 1122
1072 1070
1072 1071
1072 1073
1072 1074
1073 1071
1073 1072
1073 1007
1073 1074
1073 1075
1073 1115
1073 1116
1074 1122
1074 1123
1074 1072
1074 1073
1074 1075
1074 1076
1074 1078
1075 1007
1075 1073
1075 1074
1075 1009
1075 1076
1075 1077
1076 1074
1076 1075
1076 1077
1076 1078
1077 1132
1077 1134
1077 1009
1077 1075
1077 1076
1077 1078
1077 1079
1078 1123
1078 1098
1078 1099
1078 1074
1078 1076
1078 1077
1078 1079
1078 1080
1079 1129
1079 1134
1079 1077
1079 1078
1079 1080
1079 1081
1080 1155
1080 1099
1080 1078
1080 1079
1080 1081
1081 1155
1081 1128
1081 1129
1081 1160
1081 1161
1081 1079
1081 1080
1082 1124
1082 1125
1082 1126
1082 1083
1082 1084
1082 1085
1082 1086
1083 1100
1083 1101
1083 1102
1083 1104
1083 1082
1083 1084
1083 1085
1084 1126
1084 1127
1084 1128
1084 1100
1084 1082
1084 1083
1085 1104
1085 1082
1085 1083
1085 1086
1085 1087
1086 1088
1086 1154
1086 1125
1086 1082
1086 1085
1086 1087
1087 1088
1087 1089
1087 1104
1087 1105
1087 1106
1087 1107
1087 1085
1087 1086
1088 1089
1088 1090
1088 1154
1088 1086
1088 1087
1089 1088
1089 1090
1089 1091
1089 1093
1089 1107
1089 1087
1090 1088
1090 1089
1090 1154
1090 1091
1090 1092
1090 1158
1090 1159
1091 1089
1091 1090
1091 1092
1091 1093
1092 1090
1092 1091
1092 1093
1092 1158
1092 1094
1093 1089
1093 1091
1093 1092
1093 1094
1093 1095
1093 1107
1094 1092
1094 1093
1094 1157
1094 1095
1094 1096
1094 1158
1095 1093
1095 1094
1095 1096
1095 1097
1095 1107
1096 1121
1096 1123
1096 1157
1096 1094
1096 1095
1096 1097
1096 1098
1097 1156
1097 1095
1097 1096
1097 1098
1097 1099
1097 1106
1097 1107
1098 1123
1098 1096
1098 1097
1098 1099
1098 1078
1099 1155
1099 1156
1099 1097
1099 1098
1099 1078
1099 1080
1100 1128
1100 1161
1100 1101
1100 1083
1100 1084
1101 1161
1101 1100
1101 1102
1101 1103
1101 1083
1102 1104
1102 1083
1102 1101
1102 1103
1103 1160
1103 1161
1103 1101
1103 1102
1103 1104
1103 1105
1104 1102
1104 1103
1104 1105
1104 1083
1104 1085
1104 1087
1105 1155
1105 1160
1105 1103
1105 1104
1105 1106
1105 1087
1106 1155
1106 1156
1106 1097
1106 1105
1106 1107
1106 1087
1107 1089
1107 1093
1107 1095
1107 1097
1107 1106
1107 1087
1108 1144
1108 1109
1108 1110
1108 1016
1108 1145
1108 1020
1108 1022
1109 1016
1109 1108
1109 1110
1109 1014
1110 1000
1110 1164
1110 1108
1110 1109
1110 1014
1110 1111
1110 1145
1111 1000
1111 1004
1111 1110
1111 1014
1111 1112
1112 1004
1112 1010
1112 1012
1112 1014
1112 1111
1112 1113
1113 1004
1113 1006
1113 1008
1113 1010
1113 1112
1114 1027
1114 1162
1114 1069
1114 1071
1114 1115
1115 1162
1115 1163
1115 1071
1115 1073
1115 1114
1115 1116
1116 1163
1116 1007
1116 1073
1116 1115
1116 1117
1117 1031
1117 1163
1117 1005
1117 1007
1117 1116
1118 1153
1118 1154
1118 1124
1118 1159
1118 1066
1118 1068
1118 1119
1119 1120
1119 1121
1119 1157
1119 1159
1119 1068
1119 1118
1120 1121
1120 1122
1120 1068
1120 1070
1120 1072
1120 1119
1121 1120
1121 1122
1121 1123
1121 1157
1121 1096
1121 1119
1122 1120
1122 1121
1122 1123
1122 1072
1122 1074
1123 1121
1123 1122
1123 1096
1123 1098
1123 1074
1123 1078
1124 1153
1124 1154
1124 1125
1124 1126
1124 1063
1124 1062
1124 1082
1124 1118
1125 1082
1125 1124
1125 1086
1125 1154
1126 1124
1126 1062
1126 1127
1126 1130
1126 1017
1126 1082
1126 1084
1127 1126
1127 1128
1127 1129
1127 1130
1127 1133
1127 1084
1128 1127
1128 1129
1128 1161
1128 1100
1128 1081
1128 1084
1129 1127
1129 1128
1129 1133
1129 1134
1129 1079
1129 1081
1130 1126
1130 1127
1130 1131
1130 1133
1130 1013
1130 1015
1130 1017
1131 1130
1131 1132
1131 1133
1131 1011
1131 1013
1132 1131
1132 1133
1132 1134
1132 1009
1132 1011
1132 1077
1133 1127
1133 1129
1133 1130
1133 1131
1133 1132
1133 1134
1134 1129
1134 1132
1134 1133
1134 1077
1134 1079
1135 1217
1135 1218
1135 1136
1135 1137
1135 1138
1135 1139
1135 1169
1136 1152
1136 1224
1136 1167
1136 1135
1136 1137
1136 1138
1137 1218
1137 1224
1137 1195
1137 1135
1137 1136
1138 1152
1138 1135
1138 1136
1138 1139
1138 1140
1139 1135
1139 1169
1139 1138
1139 1140
1139 1141
1140 1152
1140 1001
1140 1002
1140 1138
1140 1139
1140 1141
1140 1142
1140 1151
1141 1168
1141 1169
1141 1139
1141 1140
1141 1142
1141 1143
1142 1140
1142 1141
1142 1143
1142 1149
1142 1151
1143 1168
1143 1171
1143 1172
1143 1141
1143 1142
1143 1203
1143 1149
1144 1024
1144 1165
1144 1108
1144 1145
1144 1146
1144 1022
1145 1002
1145 1164
1145 1108
1145 1110
1145 1144
1145 1146
1146 1152
1146 1002
1146 1165
1146 1144
1146 1145
1146 1147
1147 1152
1147 1146
1147 1002
1147 1166
1148 1225
1148 1002
1148 1170
1148 1149
1148 1150
1148 1151
1149 1171
1149 1173
1149 1142
1149 1143
1149 1148
1149 1150
1149 1151
1150 1225
1150 1173
1150 1205
1150 1148
1150 1149
1151 1002
1151 1140
1151 1142
1151 1148
1151 1149
1152 1028
1152 1030
1152 1001
1152 1165
1152 1166
1152 1167
1152 1136
1152 1138
1152 1140
1152 1146
1152 1147
1153 1124
1153 1063
1153 1064
1153 1066
1153 1118
1154 1088
1154 1090
1154 1124
1154 1125
1154 1159
1154 1118
1154 1086
1155 1156
1155 1160
1155 1099
1155 1105
1155 1106
1155 1080
1155 1081
1156 1097
1156 1106
1156 1099
1156 1155
1157 1121
1157 1158
1157 1094
1157 1096
1157 1159
1157 1119
1158 1090
1158 1092
1158 1157
1158 1094
1158 1159
1159 1090
1159 1154
1159 1157
1159 1158
1159 1118
1159 1119
1160 1155
1160 1161
1160 1103
1160 1105
1160 1081
1161 1160
1161 1128
1161 1100
1161 1101
1161 1103
1161 1081
1162 1027
1162 1029
1162 1031
1162 1163
1162 1114
1162 1115
1163 1031
1163 1162
1163 1115
1163 1116
1163 1117
1164 1000
1164 1145
1164 1002
1164 1110
1165 1024
1165 1152
1165 1028
1165 1144
1165 1146
1166 1152
1166 1221
1166 1002
1166 1167
1166 1170
1166 1147
1167 1152
1167 1221
1167 1223
1167 1224
1167 1166
1167 1136
1168 1169
1168 1203
1168 1141
1168 1143
1169 1216
1169 1217
1169 1135
1169 1168
1169 1203
1169 1139
1169 1141
1170 1221
1170 1222
1170 1225
1170 1002
1170 1166
1170 1148
1171 1172
1171 1149
1171 1173
1171 1143
1172 1203
1172 1171
1172 1173
1172 1174
1172 1143
1173 1171
1173 1172
1173 1205
1173 1174
1173 1175
1173 1149
1173 1150
1174 1200
1174 1202
1174 1203
1174 1172
1174 1173
1174 1175
1174 1176
1175 1219
1175 1173
1175 1174
1175 1205
1175 1176
1175 1177
1176 1200
1176 1174
1176 1175
1176 1177
1176 1178
1177 1219
1177 1175
1177 1176
1177 1178
1177 1179
1178 1198
1178 1199
1178 1200
1178 1176
1178 1177
1178 1179
1178 1180
1178 1182
1179 1209
1179 1219
1179 1204
1179 1207
1179 1177
1179 1178
1179 1180
1179 1181
1180 1178
1180 1179
1180 1181
1180 1182
1181 1211
1181 1209
1181 1179
1181 1180
1181 1182
1181 1183
1182 1184
1182 1194
1182 1197
1182 1198
1182 1178
1182 1180
1182 1181
1182 1183
1183 1184
1183 1185
1183 1211
1183 1181
1183 1182
1183 1215
1184 1185
1184 1186
1184 1194
1184 1182
1184 1183
1185 1184
1185 1183
1185 1186
1185 1187
1185 1215
1186 1184
1186 1185
1186 1187
1186 1188
1186 1194
1186 1196
1187 1185
1187 1186
1187 1188
1187 1189
1187 1211
1187 1215
1188 1186
1188 1187
1188 1189
1188 1190
1188 1196
1188 1214
1189 1187
1189 1188
1189 1190
1189 1191
1189 1211
1189 1212
1190 1188
1190 1189
1190 1191
1190 1192
1190 1213
1190 1214
1191 1189
1191 1190
1191 1192
1191 1193
1191 1206
1191 1212
1192 1222
1192 1190
1192 1191
1192 1193
1192 1213
1193 1222
1193 1191
1193 1192
1193 1225
1193 1204
1193 1205
1193 1206
1194 1184
1194 1186
1194 1195
1194 1196
1194 1197
1194 1182
1195 1218
1195 1220
1195 1224
1195 1194
1195 1196
1195 1197
1195 1137
1196 1186
1196 1188
1196 1223
1196 1224
1196 1194
1196 1195
1196 1214
1197 1220
1197 1194
1197 1195
1197 1198
1197 1182
1198 1220
1198 1197
1198 1199
1198 1178
1198 1182
1199 1220
1199 1198
1199 1200
1199 1201
1199 1178
1200 1199
1200 1201
1200 1202
1200 1174
1200 1176
1200 1178
1201 1216
1201 1218
1201 1220
1201 1199
1201 1200
1201 1202
1201 1203
1202 1200
1202 1201
1202 1203
1202 1174
1203 1216
1203 1168
1203 1201
1203 1202
1203 1169
1203 1172
1203 1174
1203 1143
1204 1219
1204 1193
1204 1205
1204 1206
1204 1207
1204 1179
1205 1219
1205 1193
1205 1225
1205 1204
1205 1173
1205 1175
1205 1150
1206 1191
1206 1193
1206 1204
1206 1207
1206 1208
1206 1212
1207 1204
1207 1206
1207 1208
1207 1209
1207 1179
1208 1206
1208 1207
1208 1209
1208 1210
1208 1212
1209 1179
1209 1207
1209 1208
1209 1210
1209 1211
1209 1181
1210 1208
1210 1209
1210 1211
1210 1212
1211 1215
1211 1187
1211 1189
1211 1209
1211 1210
1211 1212
1211 1181
1211 1183
1212 1189
1212 1191
1212 1206
1212 1208
1212 1210
1212 1211
1213 1221
1213 1222
1213 1190
1213 1192
1213 1223
1213 1214
1214 1188
1214 1190
1214 1223
1214 1196
1214 1213
1215 1185
1215 1211
1215 1187
1215 1183
1216 1217
1216 1218
1216 1169
1216 1201
1216 1203
1217 1216
1217 1169
1217 1218
1217 1135
1218 1216
1218 1217
1218 1220
1218 1195
1218 1135
1218 1137
1218 1201
1219 1204
1219 1205
1219 1175
1219 1177
1219 1179
1220 1218
1220 1195
1220 1197
1220 1198
1220 1199
1220 1201
1221 1222
1221 1223
1221 1166
1221 1167
1221 1170
1221 1213
1222 1221
1222 1192
1222 1225
1222 1193
1222 1170
1222 1213
1223 1221
1223 1224
1223 1196
1223 1167
1223 1213
1223 1214
1224 1223
1224 1195
1224 1196
1224 1167
1224 1136
1224 1137
1225 1222
1225 1193
1225 1170
1225 1205
1225 1148
1225 1150
1226 1280
1226 1281
1226 1283
1226 1227
1226 1228
1226 1229
1226 1230
1227 1226
1227 1228
1227 1229
1227 1395
1227 1279
1228 1280
1228 1226
1228 1227
1228 1357
1228 1395
1229 1226
1229 1227
1229 1230
1229 1231
1229 1279
1230 1283
1230 1285
1230 1226
1230 1229
1230 1231
1230 1232
1231 1411
1231 1229
1231 1230
1231 1232
1231 1233
1231 1279
1232 1285
1232 1287
1232 1230
1232 1231
1232 1233
1232 1234
1233 1411
1233 1414
1233 1231
1233 1232
1233 1234
1233 1235
1234 1287
1234 1289
1234 1232
1234 1233
1234 1235
1234 1236
1235 1414
1235 1233
1235 1234
1235 1236
1235 1237
1235 1404
1235 1406
1236 1289
1236 1291
1236 1234
1236 1235
1236 1237
1236 1238
1237 1235
1237 1236
1237 1238
1237 1239
1237 1241
1237 1404
1238 1291
1238 1236
1238 1237
1238 1239
1238 1240
1239 1240
1239 1241
1239 1237
1239 1238
1240 1409
1240 1410
1240 1291
1240 1238
1240 1239
1240 1241
1240 1242
1241 1237
1241 1239
1241 1240
1241 1242
1241 1243
1241 1404
1242 1410
1242 1240
1242 1241
1242 1243
1242 1244
1243 1292
1243 1244
1243 1241
1243 1242
1243 1404
1243 1405
1244 1409
1244 1410
1244 1291
1244 1292
1244 1242
1244 1243
1245 1248
1245 1249
1245 1251
1245 1363
1245 1364
1245 1246
1245 1247
1246 1248
1246 1386
1246 1368
1246 1245
1246 1247
1247 1386
1247 1364
1247 1366
1247 1245
1247 1246
1248 1249
1248 1250
1248 1349
1248 1356
1248 1368
1248 1245
1248 1246
1249 1248
1249 1250
1249 1251
1249 1245
1250 1248
1250 1249
1250 1251
1250 1252
1250 1348
1250 1349
1251 1249
1251 1250
1251 1252
1251 1253
1251 1363
1251 1245
1252 1250
1252 1251
1252 1348
1252 1253
1252 1254
1252 1310
1253 1251
1253 1252
1253 1254
1253 1255
1253 1363
1253 1371
1254 1252
1254 1253
1254 1255
1254 1256
1254 1308
1254 1310
1255 1253
1255 1254
1255 1256
1255 1257
1255 1370
1255 1371
1256 1312
1256 1254
1256 1255
1256 1257
1256 1258
1256 1308
1257 1255
1257 1256
1257 1258
1257 1259
1257 1369
1257 1370
1258 1312
1258 1314
1258 1256
1258 1257
1258 1259
1258 1260
1259 1318
1259 1320
1259 1257
1259 1258
1259 1260
1259 1261
1259 1369
1259 1372
1260 1314
1260 1258
1260 1259
1260 1261
1260 1262
1261 1317
1261 1319
1261 1320
1261 1259
1261 1260
1261 1262
1262 1314
1262 1315
1262 1316
1262 1317
1262 1260
1262 1261
1263 1264
1263 1265
1263 1397
1263 1399
1264 1263
1264 1361
1264 1265
1264 1266
1264 1362
1264 1396
1264 1397
1265 1264
1265 1266
1265 1267
1265 1263
1266 1264
1266 1265
1266 1362
1266 1267
1266 1268
1267 1265
1267 1266
1267 1268
1267 1269
1268 1378
1268 1362
1268 1266
1268 1267
1268 1269
1268 1270
1269 1267
1269 1268
1269 1398
1269 1270
1269 1271
1270 1378
1270 1268
1270 1269
1270 1271
1270 1272
1271 1397
1271 1269
1271 1270
1271 1272
1271 1273
1271 1398
1272 1377
1272 1378
1272 1270
1272 1271
1272 1273
1272 1274
1273 1396
1273 1397
1273 1271
1273 1272
1273 1274
1273 1275
1274 1376
1274 1377
1274 1272
1274 1273
1274 1275
1274 1276
1275 1394
1275 1396
1275 1273
1275 1274
1275 1276
1275 1277
1276 1376
1276 1274
1276 1275
1276 1277
1276 1278
1277 1394
1277 1395
1277 1275
1277 1276
1277 1278
1277 1279
1278 1376
1278 1282
1278 1411
1278 1412
1278 1284
1278 1375
1278 1276
1278 1277
1278 1279
1279 1411
1279 1227
1279 1229
1279 1231
1279 1395
1279 1277
1279 1278
1280 1281
1280 1282
1280 1226
1280 1228
1280 1357
1280 1358
1280 1375
1281 1280
1281 1283
1281 1226
1281 1282
1282 1280
1282 1281
1282 1283
1282 1284
1282 1278
1282 1375
1283 1281
1283 1282
1283 1284
1283 1285
1283 1226
1283 1230
1284 1282
1284 1283
1284 1412
1284 1285
1284 1286
1284 1278
1285 1283
1285 1284
1285 1286
1285 1287
1285 1230
1285 1232
1286 1412
1286 1284
1286 1285
1286 1287
1286 1288
1286 1413
1287 1285
1287 1286
1287 1288
1287 1289
1287 1232
1287 1234
1288 1413
1288 1286
1288 1287
1288 1289
1288 1290
1288 1407
1289 1287
1289 1288
1289 1290
1289 1291
1289 1234
1289 1236
1290 1288
1290 1289
1290 1291
1290 1292
1290 1405
1290 1407
1291 1409
1291 1289
1291 1290
1291 1292
1291 1236
1291 1238
1291 1240
1291 1244
1292 1290
1292 1291
1292 1243
1292 1244
1292 1405
1293 1415
1293 1294
1293 1295
1293 1296
1293 1297
1293 1400
1293 1401
1293 1307
1294 1381
1294 1293
1294 1295
1294 1296
1294 1306
1295 1306
1295 1307
1295 1293
1295 1294
1296 1381
1296 1382
1296 1293
1296 1294
1296 1297
1296 1298
1297 1415
1297 1293
1297 1296
1297 1298
1297 1299
1298 1382
1298 1296
1298 1297
1298 1299
1298 1300
1299 1415
1299 1297
1299 1298
1299 1300
1299 1301
1299 1401
1300 1382
1300 1298
1300 1299
1300 1301
1300 1302
1301 1299
1301 1300
1301 1302
1301 1303
1301 1400
1301 1401
1302 1382
1302 1300
1302 1301
1302 1303
1302 1304
1303 1400
1303 1301
1303 1302
1303 1304
1303 1305
1304 1381
1304 1382
1304 1302
1304 1303
1304 1305
1304 1306
1305 1400
1305 1303
1305 1304
1305 1306
1305 1307
1306 1381
1306 1294
1306 1295
1306 1304
1306 1305
1306 1307
1307 1293
1307 1295
1307 1400
1307 1305
1307 1306
1308 1312
1308 1254
1308 1256
1308 1309
1308 1310
1308 1311
1309 1348
1309 1390
1309 1365
1309 1366
1309 1308
1309 1310
1309 1311
1310 1348
1310 1252
1310 1254
1310 1308
1310 1309
1311 1312
1311 1313
1311 1390
1311 1308
1311 1309
1311 1374
1312 1313
1312 1314
1312 1256
1312 1258
1312 1308
1312 1311
1313 1312
1313 1314
1313 1315
1313 1374
1313 1311
1314 1312
1314 1313
1314 1315
1314 1258
1314 1260
1314 1262
1315 1313
1315 1314
1315 1316
1315 1262
1315 1373
1315 1374
1316 1315
1316 1317
1316 1318
1316 1262
1316 1402
1316 1373
1317 1316
1317 1318
1317 1319
1317 1261
1317 1262
1318 1316
1318 1317
1318 1319
1318 1320
1318 1259
1318 1402
1318 1372
1319 1320
1319 1261
1319 1317
1319 1318
1320 1259
1320 1261
1320 1318
1320 1319
1321 1384
1321 1322
1321 1323
1321 1332
1322 1408
1322 1321
1322 1323
1322 1324
1323 1321
1323 1322
1323 1324
1323 1325
1323 1332
1323 1333
1323 1334
1324 1408
1324 1322
1324 1323
1324 1325
1324 1326
1325 1380
1325 1323
1325 1324
1325 1326
1325 1327
1325 1334
1325 1367
1326 1408
1326 1385
1326 1324
1326 1325
1326 1327
1326 1328
1327 1380
1327 1325
1327 1326
1327 1328
1327 1329
1328 1385
1328 1326
1328 1327
1328 1329
1328 1330
1329 1379
1329 1380
1329 1327
1329 1328
1329 1330
1329 1331
1330 1383
1330 1385
1330 1328
1330 1329
1330 1331
1330 1332
1331 1379
1331 1352
1331 1329
1331 1330
1331 1332
1331 1333
1332 1383
1332 1384
1332 1321
1332 1323
1332 1330
1332 1331
1332 1333
1333 1350
1333 1351
1333 1352
1333 1323
1333 1331
1333 1332
1333 1334
1334 1350
1334 1323
1334 1325
1334 1333
1334 1367
1335 1403
1335 1336
1335 1337
1335 1338
1335 1339
1336 1345
1336 1346
1336 1347
1336 1389
1336 1392
1336 1335
1336 1337
1336 1338
1337 1336
1337 1403
1337 1392
1337 1335
1338 1387
1338 1389
1338 1335
1338 1336
1338 1339
1338 1340
1339 1335
1339 1338
1339 1403
1339 1340
1339 1341
1340 1387
1340 1388
1340 1338
1340 1339
1340 1341
1340 1342
1341 1393
1341 1403
1341 1339
1341 1340
1341 1342
1341 1343
1342 1344
1342 1388
1342 1340
1342 1341
1342 1343
1343 1344
1343 1345
1343 1393
1343 1341
1343 1342
1344 1345
1344 1346
1344 1388
1344 1391
1344 1342
1344 1343
1345 1344
1345 1346
1345 1392
1345 1393
1345 1336
1345 1343
1346 1344
1346 1345
1346 1347
1346 1391
1346 1336
1347 1336
1347 1346
1347 1389
1347 1391
1348 1250
1348 1252
1348 1349
1348 1353
1348 1354
1348 1355
1348 1366
1348 1309
1348 1310
1349 1248
1349 1250
1349 1348
1349 1355
1349 1356
1350 1351
1350 1356
1350 1333
1350 1334
1350 1367
1350 1368
1351 1350
1351 1352
1351 1353
1351 1386
1351 1333
1351 1368
1352 1379
1352 1351
1352 1353
1352 1354
1352 1331
1352 1333
1353 1348
1353 1351
1353 1352
1353 1354
1353 1386
1353 1366
1354 1379
1354 1348
1354 1352
1354 1353
1354 1355
1355 1379
1355 1348
1355 1349
1355 1380
1355 1354
1355 1356
1355 1367
1356 1248
1356 1349
1356 1350
1356 1355
1356 1367
1356 1368
1357 1280
1357 1228
1357 1358
1357 1359
1357 1394
1357 1395
1358 1280
1358 1376
1358 1357
1358 1359
1358 1360
1358 1375
1359 1357
1359 1358
1359 1360
1359 1361
1359 1394
1359 1396
1360 1376
1360 1377
1360 1358
1360 1359
1360 1361
1360 1362
1361 1359
1361 1360
1361 1264
1361 1362
1361 1396
1362 1377
1362 1378
1362 1360
1362 1361
1362 1264
1362 1266
1362 1268
1363 1251
1363 1253
1363 1364
1363 1365
1363 1371
1363 1245
1364 1363
1364 1365
1364 1366
1364 1245
1364 1247
1365 1390
1365 1363
1365 1364
1365 1366
1365 1371
1365 1309
1366 1348
1366 1353
1366 1386
1366 1364
1366 1365
1366 1309
1366 1247
1367 1380
1367 1350
1367 1355
1367 1356
1367 1325
1367 1334
1368 1248
1368 1350
1368 1351
1368 1386
1368 1356
1368 1246
1369 1257
1369 1259
1369 1370
1369 1372
1369 1373
1369 1374
1370 1255
1370 1257
1370 1390
1370 1369
1370 1371
1370 1374
1371 1253
1371 1255
1371 1390
1371 1363
1371 1365
1371 1370
1372 1318
1372 1259
1372 1369
1372 1402
1372 1373
1373 1315
1373 1316
1373 1369
1373 1402
1373 1372
1373 1374
1374 1313
1374 1315
1374 1390
1374 1369
1374 1370
1374 1373
1374 1311
1375 1280
1375 1376
1375 1282
1375 1358
1375 1278
1376 1377
1376 1358
1376 1360
1376 1274
1376 1276
1376 1278
1376 1375
1377 1376
1377 1378
1377 1360
1377 1362
1377 1272
1377 1274
1378 1377
1378 1362
1378 1268
1378 1270
1378 1272
1379 1380
1379 1352
1379 1354
1379 1355
1379 1329
1379 1331
1380 1379
1380 1355
1380 1325
1380 1327
1380 1329
1380 1367
1381 1382
1381 1294
1381 1296
1381 1304
1381 1306
1382 1381
1382 1296
1382 1298
1382 1300
1382 1302
1382 1304
1383 1384
1383 1385
1383 1330
1383 1332
1384 1321
1384 1332
1384 1383
1385 1408
1385 1383
1385 1326
1385 1328
1385 1330
1386 1351
1386 1353
1386 1366
1386 1368
1386 1246
1386 1247
1387 1388
1387 1389
1387 1391
1387 1338
1387 1340
1388 1344
1388 1387
1388 1391
1388 1340
1388 1342
1389 1347
1389 1387
1389 1391
1389 1336
1389 1338
1390 1365
1390 1370
1390 1371
1390 1309
1390 1374
1390 1311
1391 1344
1391 1346
1391 1347
1391 1387
1391 1388
1391 1389
1392 1345
1392 1393
1392 1336
1392 1337
1392 1403
1393 1345
1393 1392
1393 1403
1393 1341
1393 1343
1394 1357
1394 1359
1394 1395
1394 1396
1394 1275
1394 1277
1395 1227
1395 1228
1395 1357
1395 1394
1395 1277
1395 1279
1396 1359
1396 1264
1396 1361
1396 1394
1396 1397
1396 1273
1396 1275
1397 1263
1397 1264
1397 1396
1397 1398
1397 1271
1397 1273
1397 1399
1398 1399
1398 1397
1398 1269
1398 1271
1399 1397
1399 1398
1399 1263
1400 1305
1400 1293
1400 1301
1400 1303
1400 1401
1400 1307
1401 1415
1401 1293
1401 1299
1401 1301
1401 1400
1402 1316
1402 1373
1402 1318
1402 1372
1403 1392
1403 1393
1403 1335
1403 1337
1403 1339
1403 1341
1404 1235
1404 1237
1404 1241
1404 1243
1404 1405
1404 1406
1405 1290
1405 1292
1405 1243
1405 1404
1405 1406
1405 1407
1406 1414
1406 1235
1406 1404
1406 1405
1406 1407
1407 1413
1407 1414
1407 1288
1407 1290
1407 1405
1407 1406
1408 1385
1408 1322
1408 1324
1408 1326
1409 1240
1409 1410
1409 1291
1409 1244
1410 1240
1410 1409
1410 1242
1410 1244
1411 1412
1411 1413
1411 1414
1411 1231
1411 1233
1411 1278
1411 1279
1412 1411
1412 1284
1412 1413
1412 1286
1412 1278
1413 1411
1413 1412
1413 1286
1413 1414
1413 1288
1413 1407
1414 1411
1414 1413
1414 1233
1414 1235
1414 1406
1414 1407
1415 1297
1415 1299
1415 1293
1415 1401
