0.026225 0.057456 0.000011
-0.023903 0.023612 0.026919
0.052505 0.023612 0.058482
-0.010576 0.023612 -0.045835
0.076087 0.023612 -0.030003
0.026225 0.109165 0.000011
0.087762 0.059530 -0.004787
-0.021361 0.061064 0.033565
-0.058204 0.016745 0.037803
0.070488 0.016745 0.089653
-0.030596 0.016745 -0.075739
0.110124 0.016745 -0.047135
0.026225 0.150401 0.001008
0.026225 0.140320 0.061568
0.026225 0.140321 -0.061546
-0.035395 0.148001 0.000904
0.087845 0.148001 0.000904
0.149299 0.059530 -0.004787
-0.073182 0.061064 0.033565
0.210836 0.059530 -0.004787
-0.125003 0.061064 0.033565
0.272373 0.059530 -0.004787
-0.176823 0.061064 0.033565
0.333910 0.059530 -0.004787
-0.228644 0.061064 0.033565
0.395447 0.059530 -0.004787
-0.280465 0.061064 0.033565
-0.332285 0.061064 0.033565
-0.384106 0.061064 0.033565
-0.435926 0.061064 0.033565
-0.487747 0.061064 0.033565
