0.000063 0.196821 0.213453
-0.089103 0.150878 0.148256
0.089229 0.150877 0.148256
0.000063 0.212778 0.040400
0.000063 0.226743 0.315587
-0.075932 0.245027 0.267003
0.076059 0.245028 0.267003
-0.067455 0.158890 0.259860
0.067581 0.158890 0.259860
-0.052945 0.182830 0.061806
0.053071 0.182830 0.061806
-0.157491 0.098049 0.176066
0.157559 0.097975 0.176066
0.000063 0.277277 0.320731
-0.067455 0.148174 0.309492
0.067581 0.148174 0.309492
-0.090528 0.120313 -0.046387
0.090654 0.120313 -0.046387
-0.245789 0.029841 0.110117
0.245783 0.029671 0.110117
