0 1
0 2
0 39
0 40
0 13
0 15
0 21
0 22
0 55
1 0
1 2
1 3
1 5
1 21
1 24
2 0
2 1
2 3
2 4
2 12
2 13
3 1
3 2
3 4
3 5
4 2
4 3
4 5
4 6
4 12
4 20
5 1
5 3
5 4
5 6
5 7
5 24
6 4
6 5
6 7
6 8
6 9
6 18
6 19
6 20
7 34
7 5
7 6
7 8
7 24
8 33
8 34
8 6
8 7
8 9
8 10
9 6
9 8
9 10
9 11
9 18
9 28
10 33
10 8
10 9
10 41
10 11
11 9
11 10
11 41
11 26
11 27
11 28
12 2
12 4
12 13
12 14
12 20
12 30
12 31
13 0
13 2
13 12
13 14
13 15
14 12
14 13
14 15
14 16
14 29
14 30
15 0
15 13
15 14
15 16
15 17
15 48
15 55
16 14
16 15
16 17
16 25
16 27
16 29
17 41
17 15
17 16
17 48
17 27
18 931
18 932
18 933
18 6
18 934
18 9
18 19
18 28
19 934
19 6
19 18
19 20
19 31
20 4
20 6
20 12
20 19
20 31
21 0
21 1
21 32
21 22
21 23
21 24
22 0
22 38
22 39
22 21
22 23
23 32
23 37
23 38
23 21
23 22
24 32
24 1
24 34
24 35
24 36
24 5
24 7
24 21
25 969
25 16
25 948
25 26
25 27
25 29
26 967
26 969
26 970
26 11
26 25
26 27
26 28
27 41
27 11
27 16
27 17
27 25
27 26
28 931
28 967
28 9
28 11
28 18
28 26
29 14
29 16
29 948
29 949
29 25
29 30
30 12
30 14
30 949
30 951
30 29
30 31
31 934
31 936
31 12
31 19
31 20
31 951
31 956
31 30
32 36
32 37
32 21
32 23
32 24
33 64
33 34
33 35
33 8
33 41
33 10
33 60
33 61
34 33
34 35
34 7
34 8
34 24
35 64
35 33
35 34
35 36
35 722
35 24
35 729
35 733
36 32
36 35
36 37
36 49
36 51
36 724
36 725
36 24
36 729
37 32
37 36
37 38
37 49
37 50
37 52
37 23
38 37
38 39
38 52
38 22
38 23
39 0
39 38
39 40
39 52
39 54
39 22
40 0
40 39
40 728
40 724
40 53
40 54
40 55
40 56
40 726
41 33
41 42
41 43
41 10
41 11
41 47
41 48
41 17
41 27
41 61
42 41
42 43
42 44
42 61
43 41
43 42
43 44
43 45
43 46
43 47
44 42
44 43
44 45
44 46
44 59
44 61
45 43
45 44
45 46
46 43
46 44
46 45
46 47
46 59
46 62
46 63
47 41
47 43
47 46
47 48
47 62
48 41
48 15
48 47
48 17
48 55
48 56
48 57
48 62
49 50
49 51
49 36
49 37
50 49
50 51
50 52
50 37
51 36
51 49
51 50
51 52
51 53
51 724
52 37
52 38
52 39
52 50
52 51
52 53
52 54
53 40
53 51
53 724
53 52
53 54
54 40
54 52
54 53
54 39
55 0
55 40
55 15
55 48
55 56
56 40
56 48
56 55
56 728
56 57
57 719
57 48
57 720
57 728
57 56
57 62
57 63
58 64
58 717
58 718
58 721
58 723
58 59
58 60
58 63
59 44
59 46
59 58
59 60
59 61
59 63
60 64
60 33
60 58
60 59
60 61
61 33
61 41
61 42
61 44
61 59
61 60
62 46
62 47
62 48
62 57
62 63
63 46
63 720
63 721
63 57
63 58
63 59
63 62
64 33
64 35
64 722
64 723
64 58
64 60
65 162
65 66
65 67
65 136
66 65
66 67
66 68
66 136
66 105
66 138
67 65
67 162
67 66
67 68
67 69
67 146
68 66
68 67
68 69
68 70
68 105
68 106
69 67
69 68
69 70
69 71
69 146
69 148
70 68
70 69
70 71
70 72
70 106
70 107
70 108
71 69
71 70
71 72
71 73
71 148
71 85
72 70
72 71
72 73
72 74
72 108
72 76
73 71
73 72
73 74
73 75
73 85
73 87
73 88
73 89
74 72
74 73
74 75
74 76
75 73
75 74
75 76
75 77
75 89
75 90
76 72
76 74
76 75
76 108
76 77
76 78
77 75
77 76
77 78
77 79
77 90
77 91
78 108
78 76
78 77
78 79
78 80
78 109
79 77
79 78
79 80
79 81
79 91
79 92
80 109
80 78
80 79
80 81
80 82
80 125
81 79
81 80
81 82
81 83
81 92
81 93
82 103
82 104
82 80
82 81
82 83
82 125
83 102
83 103
83 81
83 82
83 93
83 94
84 169
84 85
84 86
84 187
84 191
85 71
85 73
85 169
85 147
85 148
85 84
85 86
85 87
86 170
86 84
86 85
86 87
86 88
86 378
86 379
86 191
87 88
87 73
87 85
87 86
88 73
88 170
88 110
88 111
88 112
88 86
88 87
88 89
89 73
89 75
89 112
89 114
89 88
89 90
90 131
90 75
90 77
90 114
90 116
90 89
90 91
91 130
91 131
91 77
91 79
91 90
91 92
92 130
92 79
92 81
92 91
92 93
93 128
93 130
93 81
93 83
93 92
93 94
94 128
94 161
94 100
94 101
94 102
94 83
94 93
94 126
95 96
95 97
95 165
95 154
95 104
95 153
95 122
95 123
96 97
96 98
96 165
96 143
96 144
96 95
97 96
97 98
97 99
97 154
97 95
98 96
98 97
98 161
98 99
98 100
98 144
99 97
99 98
99 100
99 101
99 171
99 154
100 161
100 98
100 99
100 101
100 94
101 99
101 100
101 102
101 171
101 471
101 94
102 516
102 101
102 517
102 103
102 484
102 83
102 471
102 94
103 419
103 483
103 484
103 102
103 104
103 82
103 83
103 153
104 103
104 82
104 153
104 123
104 125
104 95
105 66
105 68
105 138
105 106
105 119
106 68
106 70
106 105
106 107
106 119
106 120
106 121
107 70
107 106
107 108
107 109
107 121
107 124
108 70
108 72
108 107
108 76
108 109
108 78
109 107
109 108
109 78
109 80
109 124
109 125
110 388
110 170
110 111
110 88
110 382
111 110
111 112
111 113
111 88
111 152
111 382
112 111
112 113
112 114
112 88
112 89
113 111
113 112
113 114
113 115
113 150
113 151
113 152
114 112
114 113
114 115
114 116
114 89
114 90
115 113
115 114
115 116
115 117
115 149
115 150
116 131
116 114
116 115
116 117
116 118
116 90
117 115
117 116
117 149
117 118
117 156
117 157
118 131
118 166
118 116
118 117
118 157
119 105
119 106
119 139
119 138
119 120
120 164
120 106
120 139
120 141
120 119
120 121
120 122
121 106
121 107
121 120
121 122
121 123
121 124
122 164
122 165
122 120
122 121
122 123
122 95
123 104
123 121
123 122
123 124
123 125
123 95
124 107
124 109
124 121
124 123
124 125
125 104
125 109
125 80
125 82
125 123
125 124
126 128
126 161
126 160
126 94
126 127
127 128
127 129
127 160
127 126
127 159
128 129
128 130
128 94
128 93
128 126
128 127
129 128
129 159
129 130
129 131
129 166
129 158
129 127
130 128
130 129
130 131
130 91
130 92
130 93
131 129
131 130
131 166
131 116
131 118
131 90
131 91
132 385
132 133
132 134
132 167
132 145
132 275
133 132
133 134
133 167
133 135
133 168
133 155
134 162
134 163
134 132
134 133
134 135
134 136
134 145
135 133
135 134
135 136
135 137
135 155
135 156
136 65
136 162
136 66
136 134
136 135
136 137
136 138
137 135
137 136
137 138
137 139
137 140
137 156
137 157
137 158
138 66
138 136
138 137
138 105
138 139
138 119
139 137
139 138
139 140
139 141
139 119
139 120
140 137
140 139
140 141
140 142
140 158
140 159
141 164
141 139
141 140
141 142
141 143
141 120
142 160
142 140
142 141
142 143
142 144
142 159
143 96
143 164
143 165
143 141
143 142
143 144
144 96
144 160
144 98
144 161
144 142
144 143
145 385
145 163
145 132
145 134
145 146
145 147
145 186
145 383
146 162
146 67
146 163
146 69
146 145
146 147
146 148
147 169
147 145
147 146
147 148
147 85
147 186
148 69
148 71
148 146
148 147
148 85
149 115
149 156
149 117
149 150
150 113
150 115
150 149
150 151
150 155
150 156
151 152
151 113
151 155
151 150
152 168
152 111
152 113
152 151
152 155
152 380
152 381
152 382
153 419
153 420
153 103
153 104
153 407
153 409
153 154
153 95
154 97
154 99
154 420
154 171
154 153
154 95
155 133
155 135
155 168
155 150
155 151
155 152
155 156
156 135
156 137
156 149
156 150
156 117
156 155
156 157
157 166
157 137
157 117
157 118
157 156
157 158
158 129
158 166
158 137
158 140
158 157
158 159
159 160
159 129
159 140
159 142
159 158
159 127
160 159
160 161
160 142
160 144
160 126
160 127
161 160
161 98
161 100
161 144
161 126
161 94
162 65
162 67
162 163
162 134
162 136
162 146
163 145
163 162
163 134
163 146
164 165
164 141
164 143
164 120
164 122
165 96
165 164
165 143
165 122
165 95
166 129
166 131
166 118
166 157
166 158
167 132
167 133
167 168
167 275
167 276
167 283
168 133
168 167
168 155
168 152
168 283
168 380
169 147
169 84
169 85
169 186
169 187
170 388
170 110
170 86
170 88
170 378
171 99
171 420
171 101
171 470
171 471
171 154
172 173
172 174
172 274
172 188
172 189
172 254
173 172
173 174
173 175
173 180
173 189
173 190
174 172
174 173
174 175
174 176
174 273
174 274
174 277
175 173
175 174
175 176
175 177
175 179
175 180
176 174
176 175
176 208
176 177
176 210
176 277
177 175
177 176
177 210
177 178
177 179
177 212
178 392
178 177
178 179
178 212
179 392
179 175
179 177
179 178
179 180
179 182
180 173
180 175
180 179
180 181
180 182
180 190
181 180
181 182
181 185
181 187
181 190
181 191
182 392
182 179
182 180
182 181
182 379
182 191
183 384
183 387
183 199
183 200
183 184
183 185
184 384
184 183
184 185
184 186
184 383
185 192
185 200
185 181
185 183
185 184
185 186
185 187
185 190
186 169
186 145
186 147
186 184
186 185
186 187
186 383
187 169
187 84
187 181
187 185
187 186
187 191
188 194
188 172
188 206
188 189
188 254
189 192
189 193
189 194
189 172
189 173
189 188
189 190
190 192
190 173
190 180
190 181
190 185
190 189
191 187
191 84
191 181
191 86
191 182
191 379
192 193
192 200
192 983
192 185
192 189
192 190
193 192
193 194
193 195
193 202
193 203
193 204
193 205
193 979
193 981
193 983
193 189
194 193
194 195
194 196
194 206
194 188
194 189
195 193
195 194
195 196
195 197
195 972
195 205
195 973
195 977
195 979
195 981
196 194
196 195
196 197
196 198
196 206
197 195
197 196
197 198
197 236
197 205
198 256
198 196
198 197
198 236
198 206
198 282
198 254
199 386
199 387
199 200
199 183
199 987
199 991
200 192
200 199
200 983
200 183
200 185
200 991
201 389
201 202
201 203
201 982
201 984
202 193
202 201
202 203
202 979
202 980
202 982
203 193
203 389
203 201
203 202
203 234
203 204
204 193
204 234
204 203
204 235
204 205
205 193
205 195
205 197
205 235
205 236
205 204
206 194
206 196
206 198
206 188
206 254
207 264
207 239
207 208
207 209
207 213
207 278
208 207
208 176
208 209
208 210
208 277
208 278
208 280
209 207
209 208
209 210
209 211
209 213
209 214
210 208
210 209
210 176
210 211
210 212
210 177
211 390
211 393
211 209
211 210
211 212
211 214
212 392
212 393
212 177
212 178
212 210
212 211
213 227
213 237
213 238
213 239
213 207
213 209
213 214
214 390
214 237
214 209
214 211
214 213
214 247
215 386
215 387
215 389
215 275
215 276
215 216
215 217
216 389
216 234
216 215
216 217
216 218
216 220
217 276
217 246
217 215
217 216
217 218
217 219
218 216
218 217
218 219
218 220
219 246
219 217
219 218
219 251
219 220
219 221
220 234
220 216
220 218
220 219
220 221
220 222
221 225
221 226
221 251
221 219
221 220
221 222
221 223
222 224
222 234
222 235
222 236
222 242
222 220
222 221
222 223
223 224
223 226
223 228
223 221
223 222
224 259
224 228
224 230
224 232
224 242
224 222
224 223
225 226
225 227
225 240
225 241
225 251
225 221
226 225
226 227
226 228
226 221
226 223
227 1056
227 225
227 226
227 228
227 229
227 237
227 238
227 241
227 213
227 1051
227 1055
228 224
228 226
228 227
228 229
228 230
228 223
229 227
229 228
229 230
229 231
229 238
229 1044
229 1045
229 1050
229 1051
229 1055
230 224
230 228
230 229
230 231
230 232
231 229
231 230
231 232
231 233
231 238
232 224
232 259
232 261
232 230
232 231
232 264
232 233
233 231
233 232
233 264
233 238
233 239
234 389
234 235
234 204
234 203
234 216
234 220
234 222
235 234
235 204
235 236
235 205
235 222
236 197
236 198
236 235
236 205
236 242
236 282
236 222
237 1056
237 227
237 245
237 213
237 214
237 247
238 227
238 229
238 231
238 233
238 239
238 213
239 264
239 233
239 238
239 207
239 213
240 225
240 241
240 251
240 1053
240 1054
241 225
241 227
241 240
241 1051
241 1052
241 1053
242 224
242 259
242 260
242 236
242 282
242 222
243 391
243 244
243 245
243 247
243 248
243 249
244 1057
244 1059
244 243
244 245
244 249
244 250
245 1056
245 1057
245 237
245 243
245 244
245 247
246 249
246 219
246 251
246 276
246 217
246 250
246 283
247 388
247 390
247 391
247 237
247 243
247 245
247 214
247 382
248 391
248 243
248 249
248 283
248 380
248 381
249 243
249 244
249 246
249 248
249 250
249 283
250 1059
250 1060
250 1062
250 1063
250 244
250 246
250 249
250 251
251 225
251 1058
251 1062
251 240
251 246
251 250
251 219
251 221
251 1054
252 272
252 273
252 274
252 285
252 253
252 254
253 1190
253 311
253 252
253 285
253 254
253 255
254 256
254 198
254 172
254 206
254 274
254 188
254 252
254 253
254 255
255 256
255 257
255 1188
255 1189
255 1190
255 1191
255 253
255 254
256 257
256 258
256 260
256 198
256 262
256 270
256 282
256 254
256 255
257 256
257 258
257 1189
257 1194
257 299
257 1310
257 255
258 256
258 257
258 299
258 300
258 270
259 224
259 260
259 261
259 232
259 242
260 256
260 259
260 261
260 262
260 242
260 282
261 259
261 260
261 262
261 264
261 265
261 266
261 267
261 268
261 232
262 256
262 260
262 261
262 268
262 269
262 270
263 1314
263 264
263 265
263 306
263 310
263 279
264 261
264 263
264 232
264 265
264 233
264 207
264 239
264 278
264 279
265 1314
265 261
265 263
265 264
265 1320
265 266
265 1321
265 1327
266 1312
266 1315
266 293
266 261
266 265
266 267
266 1327
267 293
267 261
267 295
267 266
267 268
268 261
268 262
268 295
268 296
268 267
268 269
269 262
269 296
269 268
269 302
269 270
269 305
270 256
270 258
270 262
270 300
270 269
270 305
271 289
271 272
271 273
271 277
271 280
271 281
272 289
272 271
272 273
272 252
272 285
272 287
273 174
273 271
273 272
273 274
273 277
273 252
274 172
274 174
274 273
274 252
274 254
275 384
275 385
275 387
275 132
275 167
275 276
275 215
276 167
276 275
276 246
276 215
276 217
276 283
277 174
277 271
277 176
277 273
277 208
277 280
278 264
278 207
278 208
278 279
278 280
279 263
279 264
279 306
279 278
279 280
279 281
280 271
280 208
280 277
280 278
280 279
280 281
281 289
281 271
281 306
281 307
281 279
281 280
282 256
282 260
282 198
282 236
282 242
283 167
283 168
283 276
283 246
283 248
283 249
283 380
284 870
284 746
284 748
284 788
284 311
284 1307
284 285
284 286
284 1311
285 272
285 252
285 311
285 284
285 253
285 286
285 287
286 288
286 774
286 746
286 284
286 285
286 287
287 288
287 289
287 272
287 285
287 286
288 289
288 290
288 774
288 776
288 813
288 286
288 287
289 288
289 290
289 291
289 271
289 272
289 307
289 281
289 287
290 288
290 289
290 291
290 813
291 289
291 290
291 813
291 814
291 816
291 307
291 308
292 869
292 293
292 294
292 1227
292 1231
292 1232
293 1312
293 292
293 294
293 295
293 266
293 267
293 1232
294 292
294 293
294 869
294 295
294 296
294 301
294 824
294 825
295 293
295 294
295 296
295 267
295 268
296 294
296 295
296 268
296 301
296 269
296 302
297 870
297 298
297 299
297 1298
297 1299
297 1309
298 870
298 297
298 299
298 300
298 304
298 305
298 787
298 788
299 257
299 258
299 297
299 298
299 300
299 1309
299 1310
300 258
300 298
300 299
300 270
300 305
301 294
301 296
301 302
301 847
301 303
301 825
302 296
302 269
302 301
302 303
302 304
302 305
303 844
303 301
303 846
303 302
303 304
303 847
304 298
304 844
304 302
304 303
304 305
304 787
305 298
305 300
305 269
305 302
305 270
305 304
306 263
306 307
306 308
306 309
306 310
306 279
306 281
307 289
307 291
307 306
307 308
307 281
308 291
308 816
308 306
308 307
308 756
308 309
309 1313
309 869
309 306
309 1235
309 308
309 757
309 310
309 756
309 824
310 1313
310 1314
310 263
310 306
310 309
311 1190
311 285
311 284
311 253
311 1311
312 513
312 514
312 333
312 334
312 313
312 314
313 356
313 334
313 337
313 312
313 314
313 315
314 514
314 515
314 501
314 312
314 313
314 315
314 316
315 356
315 335
315 313
315 314
315 316
315 317
316 501
316 502
316 314
316 315
316 317
316 318
317 335
317 336
317 315
317 316
317 318
317 319
318 320
318 453
318 522
318 469
318 502
318 316
318 317
318 319
319 320
319 321
319 329
319 330
319 336
319 342
319 317
319 318
320 321
320 322
320 453
320 318
320 319
321 320
321 322
321 323
321 330
321 319
322 320
322 321
322 450
322 323
322 324
322 451
322 452
322 453
323 321
323 322
323 324
323 326
323 330
323 331
323 332
324 322
324 323
324 450
324 332
324 333
324 500
325 357
325 326
325 327
325 331
325 338
325 339
325 371
325 375
325 347
326 323
326 325
326 327
326 328
326 330
326 331
327 325
327 326
327 328
327 329
327 339
327 340
328 329
328 330
328 326
328 327
329 327
329 328
329 330
329 340
329 342
329 319
330 321
330 323
330 326
330 328
330 329
330 319
331 323
331 325
331 326
331 332
331 338
332 323
332 324
332 331
332 333
332 334
332 338
333 513
333 324
333 332
333 334
333 500
333 312
334 332
334 333
334 337
334 338
334 312
334 313
335 356
335 336
335 368
335 315
335 317
336 366
336 335
336 368
336 342
336 317
336 319
337 355
337 356
337 334
337 338
337 313
338 355
338 325
338 331
338 332
338 334
338 337
338 375
339 325
339 327
339 340
339 341
339 347
339 348
340 327
340 329
340 364
340 366
340 367
340 339
340 341
340 342
341 360
341 364
341 339
341 340
341 348
342 329
342 366
342 336
342 340
342 319
343 344
343 345
343 356
343 374
344 352
344 354
344 356
344 343
344 345
344 346
345 352
345 374
345 343
345 344
345 346
345 350
346 344
346 345
346 352
347 357
347 325
347 358
347 339
347 348
348 358
348 360
348 339
348 341
348 347
349 617
349 619
349 620
349 622
349 369
349 370
349 350
349 351
350 352
350 370
350 374
350 345
350 349
350 351
351 352
351 353
351 616
351 617
351 377
351 349
351 350
352 353
352 354
352 344
352 345
352 346
352 350
352 351
353 352
353 354
353 355
353 377
353 351
354 352
354 353
354 355
354 356
354 344
355 353
355 354
355 356
355 337
355 338
355 375
355 376
355 377
356 354
356 355
356 335
356 368
356 337
356 374
356 343
356 344
356 313
356 315
357 325
357 358
357 359
357 371
357 372
357 347
358 357
358 359
358 360
358 347
358 348
359 357
359 358
359 360
359 361
359 363
359 372
359 373
360 358
360 359
360 361
360 362
360 364
360 341
360 348
361 360
361 362
361 363
361 359
362 360
362 361
362 363
362 364
363 359
363 361
363 362
363 364
363 365
363 373
364 611
364 615
364 360
364 362
364 363
364 365
364 367
364 340
364 341
365 609
365 615
365 363
365 364
365 371
365 373
366 367
366 368
366 336
366 340
366 342
367 611
367 612
367 614
367 364
367 366
367 368
367 369
367 340
368 356
368 366
368 367
368 335
368 369
368 370
368 336
368 374
369 614
369 622
369 367
369 368
369 370
369 349
370 368
370 369
370 374
370 349
370 350
371 609
371 610
371 357
371 325
371 365
371 372
371 373
371 375
371 376
372 373
372 371
372 357
372 359
373 359
373 363
373 365
373 371
373 372
374 356
374 368
374 370
374 343
374 345
374 350
375 355
375 325
375 338
375 371
375 376
376 610
376 355
376 371
376 375
376 377
377 353
377 610
377 355
377 616
377 596
377 376
377 351
378 388
378 390
378 393
378 170
378 86
378 379
379 392
379 393
379 182
379 86
379 378
379 191
380 248
380 168
380 152
380 283
380 381
381 248
381 391
381 152
381 380
381 382
382 388
382 391
382 110
382 111
382 247
382 152
382 381
383 384
383 385
383 145
383 184
383 186
384 385
384 387
384 275
384 183
384 184
384 383
385 384
385 132
385 145
385 275
385 383
386 387
386 389
386 199
386 215
386 985
386 986
386 987
386 990
387 384
387 386
387 199
387 275
387 183
387 215
388 390
388 170
388 110
388 247
388 378
388 382
389 386
389 201
389 234
389 203
389 215
389 984
389 989
389 990
389 216
390 388
390 393
390 211
390 214
390 247
390 378
391 243
391 247
391 248
391 381
391 382
392 393
392 178
392 179
392 212
392 182
392 379
393 390
393 392
393 211
393 212
393 378
393 379
394 416
394 417
394 395
394 396
394 524
394 527
395 417
395 424
395 425
395 394
395 396
395 397
396 512
396 394
396 395
396 524
396 397
396 398
397 425
397 426
397 395
397 396
397 398
397 399
398 512
398 396
398 397
398 399
398 400
398 496
399 426
399 427
399 397
399 398
399 400
399 401
400 493
400 398
400 399
400 496
400 401
400 402
401 427
401 428
401 399
401 400
401 402
401 403
402 487
402 493
402 400
402 401
402 403
402 404
403 418
403 428
403 401
403 402
403 404
403 405
404 486
404 487
404 402
404 403
404 405
404 406
405 418
405 419
405 403
405 404
405 406
405 407
406 517
406 486
406 404
406 405
406 407
406 408
407 153
407 419
407 405
407 406
407 408
407 409
408 516
408 517
408 406
408 407
408 409
408 410
409 420
409 407
409 408
409 153
409 410
409 411
410 516
410 473
410 408
410 409
410 411
410 412
411 420
411 421
411 409
411 410
411 412
411 413
412 410
412 473
412 474
412 411
412 413
412 414
413 421
413 422
413 411
413 412
413 414
413 415
414 416
414 477
414 474
414 412
414 413
414 415
415 416
415 417
415 422
415 423
415 413
415 414
416 417
416 394
416 527
416 477
416 414
416 415
417 416
417 423
417 424
417 394
417 395
417 415
418 419
418 483
418 491
418 428
418 403
418 405
419 418
419 483
419 103
419 405
419 407
419 153
420 153
420 421
420 171
420 470
420 409
420 154
420 411
421 420
421 422
421 429
421 470
421 475
421 411
421 413
422 421
422 423
422 429
422 430
422 413
422 415
423 417
423 422
423 424
423 430
423 431
423 415
424 417
424 423
424 425
424 395
424 431
424 432
424 433
425 519
425 424
425 426
425 395
425 397
425 433
425 506
425 507
426 519
426 425
426 427
426 397
426 399
426 510
427 426
427 428
427 494
427 399
427 401
427 510
428 418
428 427
428 491
428 494
428 401
428 403
429 421
429 422
429 430
429 472
429 475
429 476
430 422
430 423
430 488
430 429
430 431
430 476
431 423
431 424
431 488
431 489
431 430
431 432
432 424
432 489
432 490
432 431
432 433
432 434
433 424
433 425
433 432
433 434
433 435
433 506
434 490
434 432
434 433
434 435
434 436
434 445
435 523
435 433
435 434
435 436
435 437
435 506
436 434
436 435
436 437
436 438
436 444
436 445
437 523
437 435
437 436
437 438
437 439
438 436
438 437
438 439
438 440
438 442
438 444
439 523
439 437
439 438
439 440
439 441
440 441
440 442
440 438
440 439
441 523
441 439
441 440
441 442
441 443
441 508
442 438
442 440
442 441
442 443
442 444
443 509
443 508
443 441
443 442
443 444
443 445
444 436
444 438
444 442
444 443
444 445
445 490
445 434
445 436
445 443
445 444
445 509
446 448
446 520
446 521
446 497
446 498
446 447
447 448
447 449
447 446
447 520
447 525
447 526
447 478
448 449
448 450
448 498
448 499
448 446
448 447
449 448
449 450
449 451
449 479
449 478
449 447
450 448
450 449
450 322
450 451
450 324
450 499
450 500
451 480
451 449
451 450
451 322
451 452
451 481
451 479
452 481
452 482
452 322
452 451
452 453
452 454
453 320
453 322
453 452
453 454
453 455
453 469
453 318
454 482
454 452
454 453
454 455
454 456
454 525
455 453
455 454
455 456
455 457
455 469
456 454
456 455
456 520
456 457
456 458
456 525
456 463
457 455
457 456
457 458
457 459
457 468
457 469
458 456
458 457
458 459
458 460
458 462
458 463
459 457
459 458
459 460
459 461
459 467
459 468
460 458
460 459
460 461
460 462
461 459
461 460
461 462
461 463
461 466
461 467
462 458
462 460
462 461
462 463
463 456
463 520
463 458
463 521
463 461
463 462
463 464
463 465
463 466
464 521
464 463
464 528
464 465
464 504
464 505
465 463
465 464
465 466
465 502
465 503
465 504
466 522
466 461
466 463
466 465
466 467
466 502
467 522
467 459
467 461
467 466
467 468
468 457
468 522
468 459
468 467
468 469
469 453
469 455
469 457
469 522
469 468
469 318
470 420
470 421
470 171
470 471
470 472
470 475
471 516
471 101
471 102
471 171
471 470
471 472
471 473
472 429
472 470
472 471
472 473
472 474
472 475
472 476
473 516
473 410
473 471
473 472
473 474
473 412
474 414
474 472
474 473
474 476
474 477
474 412
475 472
475 421
475 470
475 429
476 488
476 429
476 430
476 472
476 474
476 477
477 416
477 488
477 527
477 474
477 476
477 414
478 449
478 482
478 447
478 526
478 479
479 480
479 449
479 481
479 451
479 482
479 478
480 481
480 451
480 479
481 480
481 482
481 451
481 452
481 479
482 481
482 452
482 454
482 525
482 526
482 478
482 479
483 418
483 419
483 484
483 485
483 103
483 491
484 483
484 517
484 485
484 486
484 103
484 102
485 483
485 484
485 486
485 487
485 491
485 492
486 484
486 485
486 517
486 487
486 404
486 406
487 485
487 486
487 492
487 493
487 402
487 404
488 489
488 430
488 527
488 431
488 476
488 477
489 518
489 488
489 490
489 524
489 431
489 432
489 527
490 509
490 518
490 489
490 432
490 434
490 445
491 418
491 483
491 485
491 428
491 492
491 494
492 485
492 487
492 491
492 493
492 494
492 495
493 487
493 492
493 495
493 400
493 496
493 402
494 427
494 491
494 428
494 492
494 495
494 510
495 492
495 493
495 494
495 496
495 510
495 511
496 512
496 493
496 398
496 495
496 400
496 511
497 577
497 578
497 579
497 521
497 528
497 498
497 446
498 448
498 579
498 580
498 497
498 499
498 446
499 448
499 450
499 580
499 498
499 500
499 574
500 513
500 450
500 324
500 333
500 499
500 574
501 515
501 552
501 502
501 503
501 314
501 316
502 522
502 465
502 466
502 501
502 503
502 316
502 318
503 546
503 552
503 465
503 501
503 502
503 504
504 545
504 546
504 464
504 465
504 503
504 505
505 545
505 590
505 528
505 464
505 535
505 504
506 425
506 523
506 433
506 435
506 507
506 508
507 518
507 519
507 425
507 506
507 508
507 509
508 523
508 507
508 441
508 506
508 443
508 509
509 518
509 490
509 443
509 507
509 508
509 445
510 519
510 426
510 427
510 494
510 495
510 511
511 512
511 518
511 519
511 495
511 496
511 510
512 518
512 524
512 396
512 398
512 496
512 511
513 514
513 583
513 333
513 500
513 312
513 574
513 575
514 513
514 515
514 582
514 583
514 312
514 314
515 514
515 547
515 581
515 582
515 552
515 501
515 314
516 517
516 102
516 471
516 408
516 473
516 410
517 516
517 484
517 102
517 486
517 406
517 408
518 512
518 519
518 489
518 490
518 524
518 507
518 509
518 511
519 518
519 425
519 426
519 507
519 510
519 511
520 456
520 521
520 525
520 463
520 446
520 447
521 520
521 463
521 464
521 497
521 528
521 446
522 466
522 467
522 468
522 469
522 502
522 318
523 435
523 437
523 439
523 441
523 506
523 508
524 512
524 518
524 489
524 394
524 396
524 527
525 482
525 454
525 456
525 520
525 526
525 447
526 482
526 525
526 478
526 447
527 416
527 488
527 489
527 394
527 524
527 477
528 577
528 584
528 521
528 587
528 589
528 464
528 497
528 535
528 505
529 530
529 531
529 884
529 886
529 887
530 529
530 531
530 532
530 533
530 534
530 884
531 900
531 529
531 530
531 532
531 887
532 900
532 902
532 530
532 531
532 534
533 530
533 882
533 884
533 534
533 895
534 902
534 530
534 532
534 533
534 895
535 581
535 584
535 505
535 590
535 528
535 536
535 537
536 547
536 581
536 535
536 537
536 538
537 590
537 594
537 535
537 536
537 538
537 539
538 547
538 548
538 536
538 537
538 539
538 540
539 594
539 537
539 538
539 540
539 541
540 548
540 549
540 538
540 539
540 541
540 542
541 594
541 539
541 540
541 542
541 543
542 544
542 549
542 550
542 540
542 541
542 543
543 544
543 545
543 590
543 594
543 541
543 542
544 545
544 546
544 550
544 551
544 552
544 542
544 543
545 544
545 546
545 590
545 504
545 505
545 543
546 544
546 545
546 552
546 503
546 504
547 515
547 548
547 581
547 551
547 552
547 536
547 538
548 547
548 549
548 551
548 538
548 540
549 548
549 550
549 551
549 540
549 542
550 544
550 549
550 542
550 551
551 544
551 547
551 548
551 549
551 550
551 552
552 544
552 546
552 515
552 547
552 551
552 501
552 503
553 577
553 554
553 555
553 564
553 565
554 553
554 555
554 556
554 562
554 564
555 576
555 577
555 553
555 554
555 556
555 557
556 554
556 555
556 557
556 558
556 560
556 562
557 576
557 555
557 556
557 558
557 559
557 574
557 575
558 560
558 556
558 557
558 559
559 580
559 557
559 558
559 560
559 561
559 574
560 556
560 558
560 559
560 561
560 562
561 579
561 580
561 559
561 560
561 562
561 563
562 554
562 556
562 560
562 561
562 563
562 564
563 578
563 579
563 561
563 562
563 564
563 565
564 553
564 554
564 562
564 563
564 565
565 577
565 578
565 553
565 563
565 564
566 585
566 592
566 593
566 567
566 568
567 584
567 585
567 587
567 588
567 566
567 568
567 569
567 572
567 573
568 582
568 583
568 586
568 591
568 592
568 566
568 567
568 569
568 570
569 567
569 568
569 570
569 571
569 572
569 573
570 583
570 588
570 589
570 568
570 569
570 571
570 572
571 569
571 570
571 572
572 588
572 567
572 569
572 570
572 571
572 573
573 569
573 572
573 567
574 513
574 580
574 557
574 559
574 499
574 500
574 575
575 576
575 513
575 583
575 557
575 574
576 577
576 583
576 555
576 557
576 575
577 576
577 578
577 583
577 553
577 555
577 589
577 528
577 497
577 565
578 577
578 579
578 497
578 563
578 565
579 578
579 580
579 561
579 498
579 563
579 497
580 579
580 559
580 561
580 498
580 499
580 574
581 515
581 547
581 582
581 584
581 585
581 586
581 535
581 536
582 514
582 515
582 581
582 583
582 586
582 568
583 576
583 513
583 514
583 577
583 582
583 589
583 568
583 570
583 575
584 581
584 567
584 585
584 587
584 528
584 535
585 581
585 584
585 586
585 591
585 593
585 566
585 567
586 581
586 582
586 585
586 591
586 568
587 584
587 588
587 589
587 528
587 567
588 587
588 589
588 567
588 570
588 572
589 577
589 583
589 587
589 588
589 528
589 570
590 545
590 537
590 594
590 535
590 505
590 543
591 585
591 586
591 592
591 593
591 568
592 568
592 593
592 566
592 591
593 592
593 585
593 566
593 591
594 590
594 537
594 539
594 541
594 543
595 613
595 623
595 625
595 626
595 596
595 597
596 610
596 616
596 623
596 595
596 597
596 598
596 377
597 1068
597 625
597 595
597 596
597 1236
597 598
597 599
598 610
598 596
598 597
598 599
598 600
598 601
599 1066
599 1068
599 597
599 598
599 600
600 1060
600 1061
600 1066
600 598
600 599
600 601
600 602
600 603
601 609
601 610
601 615
601 624
601 598
601 600
601 602
602 624
602 600
602 601
602 603
602 604
602 605
603 1060
603 1063
603 600
603 602
603 604
604 1063
604 1065
604 1067
604 602
604 603
604 605
604 606
604 607
605 611
605 615
605 624
605 602
605 604
605 606
606 608
606 611
606 612
606 604
606 605
606 607
607 608
607 1067
607 604
607 606
608 612
608 613
608 614
608 1067
608 1069
608 626
608 1237
608 606
608 607
609 610
609 615
609 365
609 371
609 601
610 609
610 377
610 371
610 596
610 598
610 376
610 601
611 612
611 615
611 364
611 367
611 605
611 606
612 608
612 611
612 614
612 367
612 606
613 608
613 614
613 621
613 623
613 626
613 595
614 608
614 612
614 613
614 621
614 622
614 367
614 369
615 609
615 611
615 364
615 365
615 624
615 601
615 605
616 617
616 618
616 623
616 596
616 377
616 351
617 616
617 618
617 619
617 349
617 351
618 616
618 617
618 619
618 620
618 621
618 623
619 617
619 618
619 620
619 349
620 618
620 619
620 621
620 622
620 349
621 613
621 614
621 618
621 620
621 622
621 623
622 614
622 620
622 621
622 369
622 349
623 613
623 616
623 618
623 621
623 595
623 596
624 601
624 602
624 605
624 615
625 1248
625 626
625 595
625 1236
625 597
625 1238
625 1244
625 1246
625 1247
626 608
626 1250
626 1251
626 613
626 1253
626 625
626 595
626 1237
626 1245
626 1246
627 685
627 696
627 628
627 629
627 662
627 663
627 664
627 763
627 767
628 677
628 627
628 629
628 630
628 664
629 644
629 645
629 627
629 628
629 630
629 631
629 763
630 677
630 683
630 659
630 628
630 629
630 660
630 631
630 632
631 645
631 629
631 630
631 632
631 633
631 635
632 680
632 681
632 682
632 683
632 630
632 631
632 633
632 634
632 669
633 632
633 634
633 635
633 631
634 632
634 633
634 635
634 636
634 669
634 670
635 645
635 647
635 631
635 633
635 634
635 636
635 637
636 638
636 634
636 635
636 637
636 670
637 647
637 649
637 635
637 636
637 638
637 639
638 640
638 666
638 636
638 637
638 670
638 639
639 640
639 641
639 649
639 637
639 638
640 641
640 642
640 665
640 666
640 638
640 639
641 640
641 642
641 643
641 649
641 651
641 639
642 640
642 641
642 643
642 694
642 665
643 641
643 642
643 650
643 651
643 652
643 653
643 691
643 693
643 694
644 645
644 646
644 629
644 763
644 764
644 765
645 644
645 646
645 647
645 629
645 631
645 635
646 644
646 645
646 647
646 648
646 697
646 765
647 645
647 646
647 648
647 649
647 635
647 637
648 646
648 647
648 649
648 650
648 697
648 698
649 641
649 647
649 648
649 650
649 651
649 637
649 639
650 643
650 648
650 649
650 651
650 652
650 698
651 641
651 649
651 650
651 643
652 643
652 707
652 708
652 650
652 653
652 654
652 698
652 699
653 643
653 652
653 654
653 655
653 691
654 652
654 653
654 655
654 656
654 699
654 700
654 701
655 653
655 654
655 656
655 657
655 691
655 692
656 704
656 654
656 655
656 657
656 658
656 701
656 703
657 655
657 656
657 658
657 692
657 700
657 702
658 704
658 705
658 656
658 657
658 853
658 702
659 1440
659 677
659 681
659 682
659 660
659 661
659 630
659 695
659 1435
660 683
660 684
660 685
660 659
660 661
660 662
660 630
661 695
661 686
661 659
661 660
661 662
661 663
662 685
662 627
662 660
662 661
662 663
663 686
663 687
663 627
663 661
663 662
663 664
664 677
664 663
664 687
664 627
664 628
664 855
664 1432
664 1433
664 796
664 766
665 640
665 642
665 706
665 678
665 694
665 666
665 667
666 640
666 638
666 665
666 667
666 668
666 670
667 665
667 666
667 668
667 678
668 678
668 679
668 680
668 666
668 667
668 669
668 670
669 680
669 632
669 634
669 668
669 670
670 636
670 666
670 634
670 668
670 669
670 638
671 672
671 673
671 675
671 1444
671 709
672 673
672 674
672 1444
672 689
672 690
672 671
673 672
673 674
673 675
673 671
674 672
674 673
674 675
674 676
674 688
674 689
675 800
675 673
675 674
675 676
675 709
675 671
676 800
676 674
676 675
676 688
676 798
676 799
677 659
677 628
677 630
677 664
677 1433
677 1435
678 706
678 679
678 1449
678 665
678 667
678 668
679 1441
679 678
679 680
679 1449
679 668
680 1441
680 679
680 681
680 632
680 668
680 669
681 1440
681 1441
681 680
681 682
681 659
681 632
682 681
682 683
682 684
682 659
682 695
682 632
683 682
683 684
683 660
683 630
683 632
684 682
684 683
684 685
684 686
684 660
684 695
685 684
685 686
685 687
685 627
685 660
685 662
685 696
686 695
686 684
686 685
686 687
686 661
686 663
687 664
687 685
687 686
687 663
687 696
687 766
688 674
688 676
688 710
688 689
688 690
688 798
689 688
689 690
689 674
689 672
690 672
690 1444
690 710
690 688
690 689
691 643
691 653
691 655
691 692
691 693
691 699
692 655
692 657
692 691
692 699
692 700
693 643
693 1448
693 691
693 694
693 699
693 1439
694 642
694 643
694 706
694 1448
694 693
694 665
695 682
695 684
695 686
695 659
695 661
696 685
696 687
696 627
696 766
696 767
697 646
697 648
697 779
697 755
697 698
697 765
698 708
698 648
698 650
698 652
698 755
698 697
698 703
699 707
699 652
699 654
699 691
699 692
699 693
699 700
699 1438
699 1439
700 654
700 657
700 692
700 699
700 701
700 702
701 654
701 656
701 700
701 702
701 703
702 705
702 657
702 658
702 700
702 701
702 703
703 704
703 705
703 708
703 656
703 754
703 755
703 698
703 701
703 702
704 656
704 658
704 754
704 853
704 703
705 707
705 708
705 1446
705 1447
705 658
705 853
705 789
705 791
705 702
705 703
706 678
706 1448
706 1449
706 694
706 665
707 705
707 708
707 1447
707 652
707 699
707 1438
708 705
708 707
708 652
708 698
708 703
709 800
709 801
709 675
709 1443
709 1444
709 671
710 1443
710 1444
710 688
710 690
710 798
710 863
711 736
711 1216
711 1217
711 712
711 713
711 1203
711 1204
711 1211
711 1214
711 735
712 711
712 713
712 714
712 719
712 734
712 735
713 736
713 711
713 712
713 714
713 715
713 722
714 712
714 713
714 715
714 716
714 719
714 720
715 713
715 714
715 716
715 717
715 722
715 723
716 714
716 715
716 717
716 718
716 720
716 721
717 715
717 716
717 718
717 723
717 58
718 721
718 58
718 716
718 717
719 738
719 712
719 714
719 720
719 728
719 57
719 734
720 714
720 716
720 719
720 721
720 57
720 63
721 716
721 718
721 720
721 58
721 63
722 64
722 736
722 35
722 713
722 715
722 723
722 733
723 64
723 715
723 717
723 722
723 58
724 36
724 40
724 51
724 53
724 725
724 726
725 36
725 724
725 726
725 727
725 729
725 730
725 731
726 40
726 724
726 725
726 727
726 728
727 738
727 740
727 725
727 726
727 728
727 731
727 732
728 738
728 40
728 719
728 726
728 727
728 56
728 57
729 737
729 35
729 36
729 725
729 730
729 733
730 737
730 742
730 725
730 729
730 731
730 732
731 730
731 732
731 725
731 727
732 740
732 741
732 742
732 727
732 730
732 731
733 736
733 737
733 35
733 722
733 729
734 738
734 739
734 712
734 1289
734 1198
734 719
734 735
735 1217
735 711
735 712
735 1198
735 1199
735 1200
735 1210
735 734
735 1215
736 737
736 711
736 743
736 713
736 1287
736 1291
736 722
736 1203
736 733
737 736
737 742
737 743
737 729
737 730
737 733
738 739
738 740
738 719
738 727
738 728
738 734
739 738
739 740
739 1289
739 1290
739 734
740 738
740 739
740 741
740 1288
740 1290
740 727
740 985
740 732
741 740
741 742
741 985
741 986
741 732
742 737
742 986
742 741
742 1286
742 743
742 1287
742 730
742 732
743 736
743 737
743 742
743 1287
744 1445
744 1446
744 745
744 746
744 811
744 812
744 1451
744 1461
744 1466
745 744
745 809
745 746
745 747
745 1451
746 774
746 775
746 744
746 745
746 747
746 748
746 811
746 284
746 286
747 745
747 746
747 809
747 748
747 749
747 810
747 811
748 746
748 747
748 749
748 750
748 848
748 788
748 284
749 835
749 839
749 840
749 811
749 747
749 748
749 750
749 751
749 790
750 808
750 748
750 749
750 751
750 752
750 848
751 840
751 749
751 750
751 752
751 753
751 792
751 793
751 794
752 865
752 807
752 808
752 750
752 751
752 753
752 754
752 854
753 751
753 752
753 754
753 755
753 790
753 791
753 792
754 704
754 752
754 753
754 755
754 853
754 854
754 703
755 775
755 779
755 753
755 754
755 790
755 697
755 698
755 703
756 836
756 816
756 817
756 308
756 757
756 758
756 309
756 760
756 762
757 756
757 820
757 758
757 759
757 824
757 822
757 309
758 836
758 837
758 838
758 756
758 757
758 759
758 760
759 841
759 842
759 843
759 819
759 820
759 757
759 758
759 760
759 761
760 838
760 817
760 818
760 756
760 758
760 759
760 761
760 762
761 841
761 759
761 760
761 762
761 795
761 796
761 797
761 763
762 814
762 815
762 816
762 756
762 760
762 761
762 763
762 764
763 644
763 627
763 629
763 761
763 762
763 795
763 764
763 767
764 644
764 778
764 815
764 762
764 763
764 765
765 644
765 646
765 778
765 779
765 697
765 764
766 768
766 664
766 687
766 856
766 855
766 696
766 767
767 768
767 769
767 795
767 627
767 696
767 763
767 766
768 769
768 770
768 843
768 856
768 857
768 859
768 766
768 767
769 768
769 770
769 771
769 819
769 820
769 821
769 822
769 795
769 767
770 768
770 769
770 864
770 771
770 772
770 859
771 769
771 770
771 772
771 773
771 821
771 858
772 864
772 770
772 771
772 773
773 864
773 858
773 771
773 772
774 288
774 775
774 776
774 746
774 286
775 774
775 776
775 777
775 746
775 811
775 779
775 755
775 790
776 288
776 774
776 775
776 777
776 778
776 813
777 776
777 778
777 779
777 775
778 776
778 777
778 779
778 813
778 814
778 815
778 764
778 765
779 775
779 777
779 778
779 755
779 697
779 765
780 861
780 860
780 781
780 782
781 802
781 780
781 782
781 783
781 860
781 830
782 780
782 781
782 783
782 784
782 861
783 802
783 781
783 782
783 784
783 785
784 808
784 861
784 782
784 783
784 785
784 786
784 827
784 828
784 829
784 830
785 800
785 801
785 802
785 844
785 845
785 783
785 784
785 786
785 787
785 799
786 808
786 784
786 785
786 848
786 787
786 788
787 298
787 844
787 304
787 785
787 786
787 788
788 870
788 298
788 748
788 848
788 786
788 787
788 284
789 705
789 835
789 1446
789 790
789 791
790 835
790 775
790 811
790 749
790 753
790 755
790 789
790 791
791 705
791 753
791 853
791 789
791 790
791 792
792 751
792 753
792 853
792 791
792 793
793 751
793 853
793 854
793 792
793 794
794 840
794 751
794 854
794 793
794 862
795 769
795 819
795 855
795 856
795 761
795 763
795 796
795 857
795 767
796 1432
796 855
796 664
796 761
796 795
796 797
797 838
797 841
797 1432
797 761
797 796
798 832
798 676
798 710
798 688
798 852
798 831
798 863
798 799
799 800
799 676
799 845
799 785
799 798
799 831
800 801
800 675
800 676
800 709
800 785
800 799
801 800
801 802
801 1442
801 1443
801 709
801 785
802 801
802 1442
802 1452
802 781
802 1453
802 783
802 1454
802 785
802 830
803 865
803 804
803 805
803 807
804 865
804 803
804 805
804 806
804 862
805 803
805 804
805 806
805 807
806 804
806 805
806 807
806 808
806 862
807 865
807 803
807 805
807 806
807 808
807 752
808 806
808 807
808 750
808 752
808 784
808 786
808 848
808 826
808 828
808 862
809 835
809 839
809 745
809 810
809 747
809 1451
810 835
810 1446
810 809
810 747
810 812
810 811
811 775
811 744
811 746
811 810
811 747
811 812
811 749
811 790
812 744
812 810
812 811
812 1446
813 288
813 290
813 291
813 776
813 778
813 814
814 291
814 778
814 813
814 815
814 816
814 762
815 778
815 762
815 764
815 814
816 291
816 814
816 756
816 308
816 762
817 836
817 1445
817 1432
817 818
817 756
817 1461
817 1460
817 1462
817 760
818 760
818 817
818 1432
818 838
819 769
819 843
819 820
819 759
819 857
819 795
820 769
820 819
820 757
820 822
820 759
821 832
821 769
821 833
821 771
821 834
821 822
821 823
821 858
821 859
822 769
822 820
822 821
822 757
822 823
822 824
823 832
823 821
823 822
823 824
823 825
823 831
824 869
824 294
824 757
824 822
824 823
824 309
824 825
825 294
825 301
825 847
825 823
825 824
825 831
826 808
826 862
826 827
826 828
826 830
827 784
827 826
827 828
827 829
827 830
828 808
828 784
828 826
828 827
828 829
829 784
829 827
829 828
830 802
830 1452
830 781
830 784
830 826
830 827
830 860
830 861
830 862
831 832
831 845
831 847
831 823
831 825
831 798
831 799
832 833
832 867
832 868
832 850
832 851
832 852
832 821
832 823
832 798
832 831
833 832
833 834
833 867
833 868
833 821
834 833
834 867
834 850
834 821
834 859
835 1446
835 839
835 809
835 810
835 749
835 789
835 790
836 837
836 817
836 756
836 758
836 1462
837 836
837 838
837 841
837 758
837 1462
838 837
838 1432
838 841
838 818
838 758
838 760
838 797
839 835
839 840
839 809
839 1451
839 749
840 839
840 1451
840 749
840 751
840 794
840 862
841 837
841 838
841 842
841 1462
841 759
841 761
841 797
842 841
842 843
842 1462
842 759
843 768
843 842
843 819
843 1462
843 759
843 857
843 859
844 845
844 846
844 303
844 304
844 785
844 787
845 844
845 846
845 847
845 785
845 831
845 799
846 303
846 844
846 845
846 847
847 845
847 846
847 303
847 301
847 825
847 831
848 808
848 748
848 750
848 786
848 788
849 850
849 851
849 866
849 863
850 832
850 834
850 867
850 1450
850 849
850 851
850 1464
850 859
850 863
851 832
851 866
851 849
851 850
851 852
852 832
852 866
852 851
852 798
852 863
853 704
853 705
853 754
853 658
853 854
853 791
853 792
853 793
854 865
854 752
854 754
854 853
854 793
854 794
854 862
855 664
855 856
855 795
855 796
855 766
856 768
856 855
856 857
856 795
856 766
857 768
857 843
857 819
857 856
857 795
858 864
858 771
858 773
858 821
858 859
859 864
859 768
859 770
859 834
859 843
859 850
859 821
859 1462
859 1464
859 858
860 781
860 780
860 861
860 830
861 780
861 782
861 784
861 860
861 830
862 865
862 804
862 806
862 808
862 840
862 1451
862 1452
862 854
862 826
862 794
862 830
863 866
863 1442
863 1443
863 710
863 1450
863 849
863 850
863 852
863 798
864 770
864 772
864 773
864 858
864 859
865 803
865 804
865 807
865 752
865 854
865 862
866 849
866 851
866 852
866 863
867 832
867 833
867 834
867 868
867 850
868 832
868 833
868 867
869 292
869 294
869 1227
869 1228
869 1234
869 1235
869 309
869 824
870 297
870 298
870 1299
870 788
870 1303
870 1306
870 1307
870 284
871 872
871 873
871 912
871 913
871 914
872 871
872 873
872 874
872 913
872 925
873 871
873 872
873 874
873 875
873 912
874 872
874 873
874 875
874 876
874 878
874 925
875 873
875 874
875 876
875 877
875 911
875 912
876 874
876 875
876 877
876 878
877 875
877 876
877 910
877 878
877 879
877 911
878 874
878 876
878 877
878 879
878 880
878 925
878 926
879 877
879 910
879 878
879 880
879 948
879 949
879 950
880 905
880 878
880 879
880 948
880 926
881 896
881 897
881 898
881 908
881 882
881 883
881 922
882 896
882 881
882 883
882 884
882 533
882 895
883 908
883 881
883 882
883 884
883 885
884 529
884 882
884 883
884 530
884 533
884 885
884 886
885 899
885 970
885 908
885 883
885 884
885 886
885 887
886 529
886 884
886 885
886 887
887 899
887 900
887 529
887 531
887 885
887 886
888 909
888 918
888 889
888 890
888 923
888 924
888 893
888 894
888 922
889 905
889 906
889 907
889 920
889 918
889 919
889 888
889 890
889 891
890 888
890 889
890 891
890 892
890 893
890 894
891 904
891 905
891 924
891 889
891 890
891 892
891 893
892 890
892 891
892 893
893 924
893 888
893 890
893 891
893 892
893 894
894 888
894 890
894 893
895 896
895 902
895 882
895 533
895 534
896 897
896 902
896 903
896 881
896 882
896 895
897 896
897 929
897 898
897 928
897 903
897 881
898 928
898 897
898 963
898 904
898 881
898 915
898 917
898 922
898 923
899 900
899 901
899 966
899 967
899 970
899 885
899 887
900 899
900 901
900 902
900 531
900 532
900 887
901 899
901 900
901 966
901 902
901 903
902 896
902 900
902 901
902 903
902 532
902 534
902 895
903 896
903 897
903 929
903 901
903 902
903 966
904 898
904 923
904 905
904 915
904 891
904 924
905 904
905 969
905 906
905 880
905 915
905 948
905 889
905 891
905 926
906 905
906 970
906 907
906 908
906 969
906 889
907 906
907 908
907 909
907 920
907 889
908 906
908 907
908 970
908 909
908 881
908 883
908 885
908 922
909 907
909 908
909 888
909 918
909 920
909 921
909 922
910 968
910 877
910 911
910 879
910 950
910 927
911 875
911 877
911 910
911 912
911 927
912 871
912 873
912 875
912 911
912 914
912 916
912 927
913 871
913 872
913 914
913 915
913 925
914 871
914 912
914 913
914 915
914 916
915 898
915 904
915 905
915 913
915 914
915 916
915 917
915 925
915 926
916 912
916 914
916 915
916 917
916 927
917 898
917 963
917 965
917 968
917 915
917 916
917 927
918 909
918 919
918 888
918 889
918 921
919 920
919 889
919 921
919 918
920 907
920 909
920 919
920 889
920 921
921 920
921 909
921 918
921 919
922 898
922 908
922 909
922 881
922 888
922 923
923 898
923 904
923 888
923 922
923 924
924 923
924 904
924 888
924 891
924 893
925 872
925 874
925 878
925 913
925 915
925 926
926 905
926 878
926 880
926 915
926 925
927 968
927 910
927 911
927 912
927 916
927 917
928 897
928 930
928 929
928 898
928 963
928 947
929 928
929 897
929 930
929 931
929 966
929 903
930 928
930 929
930 931
930 932
930 946
930 947
931 929
931 930
931 932
931 966
931 967
931 18
931 28
932 930
932 931
932 933
932 942
932 944
932 18
932 946
933 932
933 934
933 935
933 941
933 942
933 18
934 933
934 935
934 936
934 18
934 19
934 31
935 933
935 934
935 936
935 937
935 941
935 959
936 934
936 935
936 937
936 938
936 956
936 31
937 935
937 936
937 938
937 939
937 958
937 959
938 936
938 937
938 939
938 940
938 971
938 956
939 937
939 938
939 940
939 955
939 957
939 958
940 938
940 939
940 971
940 953
940 955
940 956
941 960
941 933
941 935
941 942
941 943
941 959
942 932
942 933
942 941
942 943
942 944
943 960
943 961
943 941
943 942
943 944
943 945
944 932
944 942
944 943
944 945
944 946
945 961
945 962
945 943
945 944
945 946
945 947
946 930
946 932
946 944
946 945
946 947
947 928
947 960
947 930
947 962
947 963
947 964
947 945
947 946
947 959
948 905
948 969
948 879
948 880
948 949
948 25
948 29
949 879
949 948
949 950
949 951
949 29
949 30
950 968
950 910
950 879
950 949
950 951
950 952
951 949
951 950
951 952
951 953
951 956
951 30
951 31
952 965
952 968
952 950
952 951
952 953
952 954
953 940
953 951
953 952
953 954
953 955
953 956
954 964
954 965
954 952
954 953
954 955
954 957
954 958
955 939
955 940
955 953
955 954
955 957
956 936
956 938
956 971
956 940
956 951
956 953
956 31
957 954
957 955
957 939
957 958
958 964
958 937
958 939
958 954
958 957
958 959
959 960
959 964
959 935
959 937
959 941
959 947
959 958
960 961
960 962
960 941
960 943
960 947
960 959
961 960
961 945
961 962
961 943
962 960
962 961
962 945
962 947
963 928
963 898
963 964
963 965
963 947
963 917
964 963
964 965
964 947
964 954
964 958
964 959
965 963
965 964
965 968
965 917
965 952
965 954
966 929
966 931
966 899
966 901
966 967
966 903
967 931
967 899
967 966
967 970
967 26
967 28
968 965
968 910
968 917
968 950
968 952
968 927
969 905
969 970
969 906
969 948
969 25
969 26
970 899
970 967
970 969
970 906
970 908
970 885
970 26
971 938
971 940
971 956
972 195
972 973
972 974
972 977
972 978
972 1202
973 195
973 972
973 974
973 975
973 980
973 981
974 972
974 973
974 975
974 976
974 1202
974 1207
975 973
975 974
975 976
975 977
975 979
975 980
976 974
976 975
976 977
976 978
976 1206
976 1207
977 195
977 972
977 975
977 976
977 978
977 979
978 972
978 976
978 977
978 1202
978 1201
978 1206
979 193
979 195
979 202
979 975
979 977
979 980
980 202
980 973
980 975
980 979
980 981
980 982
981 193
981 195
981 973
981 980
981 982
981 983
982 201
982 202
982 980
982 981
982 983
982 984
983 192
983 193
983 200
983 981
983 982
983 984
983 991
984 389
984 201
984 982
984 983
984 989
984 991
985 386
985 740
985 741
985 1288
985 986
985 990
986 386
986 741
986 742
986 1286
986 985
986 987
986 988
987 386
987 199
987 986
987 988
987 989
987 991
988 1286
988 1288
988 986
988 987
988 989
988 990
989 389
989 984
989 987
989 988
989 990
989 991
990 386
990 389
990 1288
990 985
990 988
990 989
991 199
991 200
991 983
991 984
991 987
991 989
992 1024
992 993
992 994
992 1123
992 1121
992 1033
993 992
993 994
993 995
993 1031
993 1032
993 1033
994 992
994 993
994 1024
994 995
994 996
994 1023
995 993
995 994
995 996
995 997
995 1029
995 1031
995 1005
996 994
996 995
996 997
996 998
996 1018
996 1019
996 1023
997 995
997 996
997 998
997 999
997 1001
997 1003
997 1005
998 996
998 997
998 999
998 1000
998 1019
998 1022
999 1000
999 1001
999 997
999 998
1000 998
1000 999
1000 1001
1000 1002
1000 1021
1000 1022
1001 997
1001 999
1001 1000
1001 1002
1001 1003
1002 1000
1002 1001
1002 1003
1002 1004
1002 1021
1003 997
1003 1001
1003 1002
1003 1004
1003 1005
1004 1027
1004 1002
1004 1003
1004 1005
1004 1008
1004 1041
1004 1020
1004 1021
1005 1027
1005 1028
1005 1029
1005 995
1005 997
1005 1003
1005 1004
1006 1316
1006 1317
1006 1034
1006 1007
1006 1008
1007 1316
1007 1006
1007 1039
1007 1008
1007 1009
1007 1043
1008 1027
1008 1034
1008 1004
1008 1006
1008 1007
1008 1009
1008 1010
1008 1041
1009 1007
1009 1008
1009 1039
1009 1042
1009 1010
1009 1011
1010 1008
1010 1009
1010 1041
1010 1011
1010 1012
1011 1030
1011 1009
1011 1010
1011 1042
1011 1012
1011 1013
1012 1041
1012 1010
1012 1011
1012 1013
1012 1014
1012 1018
1012 1019
1012 1020
1013 1029
1013 1030
1013 1011
1013 1012
1013 1014
1013 1015
1014 1012
1014 1013
1014 1015
1014 1016
1014 1017
1014 1018
1015 1029
1015 1031
1015 1032
1015 1013
1015 1014
1015 1016
1016 1026
1016 1032
1016 1014
1016 1015
1016 1017
1017 1025
1017 1026
1017 1014
1017 1016
1017 1018
1017 1023
1018 996
1018 1012
1018 1014
1018 1017
1018 1019
1018 1023
1019 996
1019 998
1019 1012
1019 1018
1019 1020
1019 1021
1019 1022
1020 1004
1020 1041
1020 1012
1020 1019
1020 1021
1021 1000
1021 1002
1021 1004
1021 1019
1021 1020
1021 1022
1022 1000
1022 1019
1022 1021
1022 998
1023 1024
1023 1025
1023 994
1023 996
1023 1017
1023 1018
1024 992
1024 1025
1024 994
1024 1121
1024 1122
1024 1023
1025 1024
1025 1026
1025 1122
1025 1017
1025 1023
1026 1025
1026 1122
1026 1032
1026 1040
1026 1016
1026 1017
1026 1115
1027 1028
1027 1034
1027 1035
1027 1004
1027 1005
1027 1036
1027 1008
1028 1027
1028 1029
1028 1030
1028 1036
1028 1005
1029 995
1029 1028
1029 1030
1029 1031
1029 1005
1029 1013
1029 1015
1030 1218
1030 1028
1030 1029
1030 1220
1030 1222
1030 1036
1030 1042
1030 1011
1030 1013
1031 993
1031 995
1031 1029
1031 1032
1031 1015
1032 993
1032 1026
1032 1031
1032 1033
1032 1040
1032 1015
1032 1016
1033 992
1033 993
1033 1123
1033 1124
1033 1032
1033 1040
1034 1027
1034 1317
1034 1035
1034 1006
1034 1038
1034 1008
1035 1027
1035 1034
1035 1036
1035 1037
1035 1038
1036 1027
1036 1028
1036 1030
1036 1222
1036 1224
1036 1035
1036 1037
1037 1224
1037 1226
1037 1035
1037 1036
1037 1038
1037 1039
1038 1317
1038 1034
1038 1035
1038 1322
1038 1037
1038 1039
1038 1043
1039 1226
1039 1037
1039 1038
1039 1007
1039 1009
1039 1042
1039 1043
1040 1026
1040 1124
1040 1032
1040 1033
1040 1114
1040 1115
1041 1004
1041 1008
1041 1010
1041 1012
1041 1020
1042 1218
1042 1030
1042 1226
1042 1039
1042 1009
1042 1011
1043 1316
1043 1322
1043 1325
1043 1038
1043 1007
1043 1039
1044 229
1044 1242
1044 1045
1044 1046
1044 1049
1044 1050
1045 229
1045 1044
1045 1046
1045 1047
1045 1048
1045 1051
1046 1044
1046 1045
1046 1047
1046 1240
1046 1241
1046 1242
1047 1241
1047 1045
1047 1046
1047 1048
1047 1049
1047 1243
1048 1045
1048 1047
1048 1049
1048 1050
1048 1051
1048 1052
1049 1050
1049 1044
1049 1047
1049 1048
1049 1242
1049 1243
1050 229
1050 1044
1050 1048
1050 1049
1050 1052
1050 1055
1051 227
1051 229
1051 241
1051 1045
1051 1048
1051 1052
1052 241
1052 1048
1052 1050
1052 1051
1052 1053
1052 1055
1053 1056
1053 240
1053 241
1053 1052
1053 1054
1053 1055
1054 1056
1054 1057
1054 1058
1054 240
1054 251
1054 1053
1055 1056
1055 227
1055 229
1055 1050
1055 1052
1055 1053
1056 1057
1056 227
1056 237
1056 245
1056 1053
1056 1054
1056 1055
1057 1056
1057 1058
1057 1059
1057 244
1057 245
1057 1054
1058 1057
1058 1059
1058 1062
1058 1064
1058 251
1058 1054
1059 1057
1059 1058
1059 1063
1059 1064
1059 244
1059 250
1060 1061
1060 1062
1060 1063
1060 600
1060 250
1060 603
1061 1060
1061 1062
1061 1064
1061 1065
1061 1066
1061 600
1062 1058
1062 1060
1062 1061
1062 1064
1062 250
1062 251
1063 1059
1063 1060
1063 1064
1063 1065
1063 250
1063 603
1063 604
1064 1058
1064 1059
1064 1061
1064 1062
1064 1063
1064 1065
1065 1061
1065 1063
1065 1064
1065 1066
1065 1067
1065 604
1066 1061
1066 1065
1066 1067
1066 1068
1066 599
1066 600
1067 608
1067 1065
1067 1066
1067 1068
1067 1069
1067 604
1067 607
1068 1066
1068 1067
1068 1069
1068 1236
1068 597
1068 599
1069 608
1069 1067
1069 1068
1069 1236
1069 1237
1070 1089
1070 1090
1070 1071
1070 1072
1070 1085
1070 1087
1071 1089
1071 1096
1071 1097
1071 1099
1071 1070
1071 1072
1071 1073
1072 1070
1072 1071
1072 1073
1072 1074
1072 1083
1072 1085
1073 1099
1073 1071
1073 1072
1073 1074
1073 1075
1073 1080
1074 1072
1074 1073
1074 1075
1074 1076
1074 1081
1074 1083
1075 1073
1075 1074
1075 1076
1075 1077
1075 1079
1075 1080
1076 1074
1076 1075
1076 1077
1076 1078
1076 1081
1077 1075
1077 1076
1077 1078
1077 1079
1078 1098
1078 1076
1078 1077
1078 1079
1078 1080
1078 1081
1078 1082
1078 1084
1079 1080
1079 1075
1079 1077
1079 1078
1080 1098
1080 1099
1080 1073
1080 1075
1080 1078
1080 1079
1081 1074
1081 1076
1081 1078
1081 1082
1081 1083
1082 1081
1082 1083
1082 1084
1082 1078
1083 1072
1083 1074
1083 1081
1083 1082
1083 1084
1083 1085
1084 1098
1084 1078
1084 1082
1084 1083
1084 1085
1084 1086
1085 1070
1085 1072
1085 1083
1085 1084
1085 1086
1085 1087
1086 1088
1086 1093
1086 1098
1086 1084
1086 1085
1086 1087
1087 1088
1087 1090
1087 1091
1087 1070
1087 1085
1087 1086
1088 1091
1088 1092
1088 1093
1088 1086
1088 1087
1089 1090
1089 1097
1089 1100
1089 1070
1089 1071
1090 1089
1090 1091
1090 1100
1090 1101
1090 1070
1090 1087
1091 1088
1091 1090
1091 1092
1091 1094
1091 1101
1091 1103
1091 1105
1091 1087
1092 1088
1092 1091
1092 1093
1092 1094
1092 1095
1092 1096
1093 1088
1093 1092
1093 1096
1093 1098
1093 1099
1093 1086
1094 1091
1094 1092
1094 1095
1094 1105
1094 1117
1095 1092
1095 1094
1095 1096
1095 1097
1095 1116
1095 1117
1096 1092
1096 1093
1096 1095
1096 1097
1096 1099
1096 1071
1097 1089
1097 1095
1097 1096
1097 1100
1097 1071
1097 1116
1098 1093
1098 1099
1098 1078
1098 1080
1098 1084
1098 1086
1099 1093
1099 1096
1099 1098
1099 1071
1099 1073
1099 1080
1100 1089
1100 1090
1100 1122
1100 1097
1100 1101
1100 1102
1100 1113
1100 1115
1100 1116
1101 1090
1101 1091
1101 1100
1101 1102
1101 1103
1102 1120
1102 1121
1102 1122
1102 1100
1102 1101
1102 1103
1102 1104
1103 1091
1103 1101
1103 1102
1103 1104
1103 1105
1104 1120
1104 1131
1104 1102
1104 1103
1104 1105
1104 1106
1105 1091
1105 1094
1105 1103
1105 1104
1105 1106
1105 1107
1105 1111
1105 1117
1106 1130
1106 1131
1106 1423
1106 1104
1106 1105
1106 1107
1107 1423
1107 1105
1107 1106
1107 1365
1107 1109
1107 1111
1108 1352
1108 1353
1108 1393
1108 1109
1108 1366
1108 1110
1109 1107
1109 1108
1109 1365
1109 1110
1109 1111
1109 1366
1110 1351
1110 1352
1110 1108
1110 1109
1110 1111
1110 1112
1111 1105
1111 1107
1111 1109
1111 1110
1111 1112
1111 1113
1111 1116
1111 1117
1112 1124
1112 1126
1112 1351
1112 1110
1112 1111
1112 1113
1112 1114
1113 1100
1113 1111
1113 1112
1113 1114
1113 1115
1113 1116
1114 1124
1114 1040
1114 1112
1114 1113
1114 1115
1115 1026
1115 1122
1115 1100
1115 1040
1115 1113
1115 1114
1116 1095
1116 1097
1116 1100
1116 1111
1116 1113
1116 1117
1117 1094
1117 1095
1117 1105
1117 1111
1117 1116
1118 1120
1118 1350
1118 1351
1118 1129
1118 1119
1119 1120
1119 1121
1119 1123
1119 1129
1119 1118
1120 1121
1120 1351
1120 1352
1120 1131
1120 1102
1120 1104
1120 1118
1120 1119
1121 1120
1121 992
1121 1122
1121 1123
1121 1024
1121 1102
1121 1119
1122 1024
1122 1121
1122 1025
1122 1026
1122 1100
1122 1102
1122 1115
1123 992
1123 1121
1123 1124
1123 1125
1123 1128
1123 1033
1123 1129
1123 1119
1124 1123
1124 1125
1124 1126
1124 1033
1124 1040
1124 1112
1124 1114
1125 1123
1125 1124
1125 1126
1125 1127
1125 1128
1126 1124
1126 1125
1126 1350
1126 1127
1126 1351
1126 1112
1127 1125
1127 1350
1127 1126
1127 1128
1127 1425
1128 1123
1128 1125
1128 1127
1128 1129
1128 1425
1129 1123
1129 1350
1129 1128
1129 1425
1129 1118
1129 1119
1130 1353
1130 1354
1130 1131
1130 1355
1130 1423
1130 1106
1131 1120
1131 1352
1131 1353
1131 1130
1131 1104
1131 1106
1132 1184
1132 1185
1132 1133
1132 1134
1132 1197
1132 1181
1133 1132
1133 1134
1133 1135
1133 1300
1133 1174
1133 1181
1133 1182
1134 1193
1134 1132
1134 1133
1134 1197
1134 1135
1134 1136
1134 1149
1135 1133
1135 1134
1135 1136
1135 1137
1135 1300
1135 1304
1136 1134
1136 1135
1136 1137
1136 1138
1136 1149
1137 1135
1137 1136
1137 1138
1137 1139
1137 1173
1137 1304
1137 1305
1138 1136
1138 1137
1138 1139
1138 1140
1138 1149
1138 1150
1138 1151
1139 1137
1139 1138
1139 1140
1139 1141
1139 1173
1140 1152
1140 1153
1140 1138
1140 1139
1140 1141
1140 1142
1140 1151
1141 1139
1141 1140
1141 1173
1141 1142
1141 1143
1141 1171
1141 1180
1142 1153
1142 1160
1142 1162
1142 1140
1142 1141
1142 1143
1142 1144
1143 1141
1143 1142
1143 1144
1143 1145
1143 1180
1144 1158
1144 1160
1144 1142
1144 1143
1144 1145
1144 1146
1145 1178
1145 1179
1145 1143
1145 1144
1145 1146
1145 1147
1145 1180
1146 1158
1146 1396
1146 1397
1146 1144
1146 1145
1146 1147
1147 1178
1147 1419
1147 1421
1147 1397
1147 1145
1147 1146
1148 1184
1148 1193
1148 1149
1148 1181
1148 1150
1149 1193
1149 1134
1149 1136
1149 1138
1149 1148
1149 1150
1150 1183
1150 1167
1150 1138
1150 1181
1150 1148
1150 1149
1150 1182
1150 1151
1151 1152
1151 1166
1151 1167
1151 1138
1151 1140
1151 1176
1151 1177
1151 1150
1152 1153
1152 1154
1152 1140
1152 1177
1152 1151
1153 1152
1153 1154
1153 1155
1153 1157
1153 1162
1153 1140
1153 1142
1154 1152
1154 1153
1154 1155
1154 1156
1154 1177
1155 1153
1155 1154
1155 1156
1155 1157
1156 1154
1156 1155
1156 1157
1156 1175
1156 1176
1156 1177
1157 1153
1157 1155
1157 1156
1157 1162
1157 1164
1157 1175
1158 1159
1158 1160
1158 1396
1158 1144
1158 1146
1158 1407
1159 1158
1159 1160
1159 1161
1159 1168
1159 1427
1159 1407
1160 1158
1160 1159
1160 1161
1160 1162
1160 1142
1160 1144
1161 1159
1161 1160
1161 1162
1161 1163
1161 1168
1161 1169
1162 1153
1162 1157
1162 1160
1162 1161
1162 1163
1162 1164
1162 1142
1163 1161
1163 1162
1163 1164
1163 1165
1163 1169
1163 1170
1164 1157
1164 1162
1164 1163
1164 1165
1164 1166
1164 1175
1164 1176
1165 1163
1165 1164
1165 1166
1165 1167
1165 1170
1165 1171
1165 1172
1165 1183
1166 1164
1166 1165
1166 1167
1166 1176
1166 1151
1167 1165
1167 1166
1167 1151
1167 1150
1167 1183
1168 1159
1168 1161
1168 1169
1168 1427
1168 1178
1169 1161
1169 1163
1169 1168
1169 1170
1169 1178
1169 1179
1170 1163
1170 1165
1170 1169
1170 1171
1170 1179
1170 1180
1171 1165
1171 1170
1171 1172
1171 1173
1171 1141
1171 1180
1172 1165
1172 1171
1172 1173
1172 1174
1172 1182
1172 1183
1173 1292
1173 1293
1173 1137
1173 1171
1173 1172
1173 1141
1173 1174
1173 1139
1173 1305
1174 1292
1174 1133
1174 1300
1174 1172
1174 1173
1174 1182
1175 1176
1175 1156
1175 1164
1175 1157
1176 1156
1176 1164
1176 1166
1176 1175
1176 1177
1176 1151
1177 1152
1177 1154
1177 1156
1177 1176
1177 1151
1178 1147
1178 1421
1178 1168
1178 1169
1178 1427
1178 1145
1178 1179
1179 1169
1179 1170
1179 1145
1179 1178
1179 1180
1180 1170
1180 1171
1180 1141
1180 1143
1180 1145
1180 1179
1181 1184
1181 1132
1181 1133
1181 1150
1181 1148
1181 1182
1182 1133
1182 1172
1182 1174
1182 1181
1182 1150
1182 1183
1183 1165
1183 1167
1183 1172
1183 1182
1183 1150
1184 1185
1184 1186
1184 1193
1184 1132
1184 1148
1184 1181
1185 1184
1185 1186
1185 1187
1185 1132
1185 1196
1185 1197
1186 1184
1186 1185
1186 1187
1186 1188
1186 1192
1186 1193
1187 1185
1187 1186
1187 1188
1187 1189
1187 1195
1187 1196
1188 1186
1188 1187
1188 1189
1188 1191
1188 1192
1188 255
1189 257
1189 1187
1189 1188
1189 1194
1189 1195
1189 255
1190 1311
1190 1191
1190 1194
1190 1195
1190 311
1190 253
1190 1310
1190 255
1191 1188
1191 1190
1191 1192
1191 1195
1191 1196
1191 255
1192 1186
1192 1188
1192 1191
1192 1193
1192 1196
1192 1197
1193 1184
1193 1186
1193 1192
1193 1197
1193 1134
1193 1148
1193 1149
1194 257
1194 1189
1194 1190
1194 1195
1194 1310
1195 1187
1195 1189
1195 1190
1195 1191
1195 1194
1195 1196
1196 1185
1196 1187
1196 1191
1196 1192
1196 1195
1196 1197
1197 1185
1197 1192
1197 1193
1197 1196
1197 1132
1197 1134
1198 1289
1198 1291
1198 1199
1198 1203
1198 734
1198 735
1199 1198
1199 1200
1199 1201
1199 1203
1199 1205
1199 735
1200 1199
1200 1201
1200 1202
1200 1204
1200 1207
1200 1210
1200 1211
1200 735
1201 1199
1201 1200
1201 978
1201 1202
1201 1205
1201 1206
1202 972
1202 974
1202 1200
1202 1201
1202 978
1202 1207
1203 736
1203 711
1203 1291
1203 1198
1203 1199
1203 1204
1203 1205
1204 711
1204 1200
1204 1203
1204 1205
1204 1206
1204 1207
1204 1211
1205 1199
1205 1201
1205 1203
1205 1204
1205 1206
1206 976
1206 1201
1206 978
1206 1204
1206 1205
1206 1207
1207 974
1207 976
1207 1200
1207 1202
1207 1204
1207 1206
1208 1209
1208 1210
1208 1212
1208 1213
1208 1215
1209 1208
1209 1210
1209 1211
1209 1212
1210 1215
1210 1200
1210 1208
1210 1209
1210 1211
1210 735
1211 711
1211 1200
1211 1204
1211 1209
1211 1210
1211 1212
1211 1214
1212 1208
1212 1209
1212 1211
1212 1213
1212 1214
1213 1208
1213 1212
1213 1214
1213 1215
1214 1216
1214 711
1214 1211
1214 1212
1214 1213
1214 1215
1215 1216
1215 1217
1215 1208
1215 1210
1215 1213
1215 1214
1215 735
1216 1217
1216 711
1216 1214
1216 1215
1217 1216
1217 735
1217 711
1217 1215
1218 1219
1218 1220
1218 1030
1218 1225
1218 1226
1218 1042
1219 1218
1219 1220
1219 1221
1219 1225
1219 1228
1219 1229
1219 1233
1220 1218
1220 1219
1220 1221
1220 1222
1220 1030
1221 1219
1221 1220
1221 1222
1221 1223
1221 1230
1221 1233
1222 1220
1222 1221
1222 1030
1222 1223
1222 1224
1222 1036
1223 1221
1223 1222
1223 1224
1223 1225
1223 1229
1223 1230
1224 1222
1224 1223
1224 1225
1224 1226
1224 1036
1224 1037
1225 1218
1225 1219
1225 1223
1225 1224
1225 1226
1225 1229
1226 1218
1226 1224
1226 1225
1226 1037
1226 1039
1226 1042
1227 292
1227 869
1227 1228
1227 1229
1227 1230
1227 1231
1228 1219
1228 869
1228 1227
1228 1229
1228 1233
1228 1234
1229 1219
1229 1223
1229 1225
1229 1227
1229 1228
1229 1230
1230 1221
1230 1223
1230 1227
1230 1229
1230 1231
1230 1233
1231 292
1231 1227
1231 1230
1231 1232
1231 1233
1231 1234
1232 1312
1232 292
1232 293
1232 1231
1232 1234
1232 1235
1233 1219
1233 1221
1233 1228
1233 1230
1233 1231
1233 1234
1234 869
1234 1228
1234 1231
1234 1232
1234 1233
1234 1235
1235 1312
1235 1313
1235 869
1235 1232
1235 1234
1235 309
1236 1068
1236 1069
1236 625
1236 1237
1236 597
1236 1238
1237 608
1237 1069
1237 626
1237 1236
1237 1238
1237 1239
1237 1245
1238 625
1238 1236
1238 1237
1238 1239
1238 1240
1238 1244
1239 1237
1239 1238
1239 1240
1239 1241
1239 1245
1240 1242
1240 1046
1240 1238
1240 1241
1240 1239
1240 1244
1241 1046
1241 1047
1241 1240
1241 1239
1241 1243
1241 1245
1242 1044
1242 1046
1242 1240
1242 1049
1242 1243
1242 1244
1243 1241
1243 1047
1243 1049
1243 1242
1243 1244
1243 1245
1244 1248
1244 1250
1244 625
1244 1238
1244 1240
1244 1242
1244 1243
1244 1245
1245 1250
1245 626
1245 1237
1245 1239
1245 1241
1245 1243
1245 1244
1246 625
1246 626
1246 1253
1246 1247
1247 1248
1247 1249
1247 1251
1247 1253
1247 1255
1247 625
1247 1246
1248 1249
1248 1250
1248 1254
1248 625
1248 1244
1248 1247
1249 1248
1249 1252
1249 1254
1249 1255
1249 1247
1250 1248
1250 1251
1250 1252
1250 1254
1250 626
1250 1244
1250 1245
1251 1250
1251 1252
1251 1253
1251 1255
1251 626
1251 1247
1252 1249
1252 1250
1252 1251
1252 1254
1252 1255
1253 626
1253 1251
1253 1246
1253 1247
1254 1248
1254 1249
1254 1250
1254 1252
1255 1249
1255 1251
1255 1252
1255 1247
1256 1257
1256 1258
1256 1390
1256 1270
1256 1431
1257 1256
1257 1258
1257 1259
1257 1430
1257 1431
1257 1279
1258 1256
1258 1257
1258 1259
1258 1260
1258 1270
1258 1271
1259 1280
1259 1257
1259 1258
1259 1260
1259 1261
1259 1279
1260 1258
1260 1259
1260 1261
1260 1262
1260 1271
1260 1273
1261 1280
1261 1281
1261 1259
1261 1260
1261 1262
1261 1263
1262 1260
1262 1261
1262 1263
1262 1264
1262 1273
1262 1275
1263 1281
1263 1261
1263 1262
1263 1264
1263 1265
1263 1267
1264 1262
1264 1263
1264 1265
1264 1266
1264 1268
1264 1275
1264 1277
1264 1278
1265 1264
1265 1266
1265 1267
1265 1263
1266 1264
1266 1265
1266 1267
1266 1268
1267 1281
1267 1263
1267 1265
1267 1266
1267 1268
1267 1269
1268 1264
1268 1266
1268 1267
1268 1269
1268 1278
1269 1281
1269 1284
1269 1267
1269 1268
1269 1276
1269 1278
1270 1285
1270 1256
1270 1258
1270 1390
1270 1428
1270 1429
1270 1271
1270 1272
1271 1258
1271 1260
1271 1270
1271 1272
1271 1273
1272 1283
1272 1285
1272 1270
1272 1271
1272 1273
1272 1274
1273 1260
1273 1262
1273 1271
1273 1272
1273 1274
1273 1275
1274 1283
1274 1284
1274 1272
1274 1273
1274 1275
1274 1276
1275 1262
1275 1264
1275 1273
1275 1274
1275 1276
1275 1277
1276 1284
1276 1269
1276 1274
1276 1275
1276 1277
1276 1278
1277 1264
1277 1275
1277 1276
1277 1278
1278 1264
1278 1268
1278 1269
1278 1276
1278 1277
1279 1280
1279 1282
1279 1257
1279 1259
1279 1422
1279 1430
1280 1281
1280 1282
1280 1283
1280 1284
1280 1259
1280 1261
1280 1279
1281 1280
1281 1284
1281 1261
1281 1263
1281 1267
1281 1269
1282 1280
1282 1283
1282 1285
1282 1422
1282 1279
1283 1280
1283 1282
1283 1284
1283 1285
1283 1272
1283 1274
1284 1280
1284 1281
1284 1283
1284 1269
1284 1274
1284 1276
1285 1282
1285 1283
1285 1422
1285 1428
1285 1270
1285 1272
1286 742
1286 1287
1286 1288
1286 1290
1286 986
1286 988
1287 736
1287 742
1287 743
1287 1286
1287 1289
1287 1290
1287 1291
1288 740
1288 1286
1288 1290
1288 985
1288 988
1288 990
1289 739
1289 1287
1289 1290
1289 1291
1289 1198
1289 734
1290 739
1290 740
1290 1286
1290 1287
1290 1288
1290 1289
1291 736
1291 1287
1291 1289
1291 1198
1291 1203
1292 1293
1292 1294
1292 1300
1292 1301
1292 1174
1292 1173
1293 1292
1293 1294
1293 1295
1293 1173
1293 1305
1294 1292
1294 1293
1294 1295
1294 1296
1294 1301
1294 1302
1294 1303
1295 1293
1295 1294
1295 1296
1295 1297
1295 1305
1295 1308
1296 1294
1296 1295
1296 1297
1296 1298
1296 1303
1296 1306
1297 1295
1297 1296
1297 1298
1297 1299
1297 1302
1297 1308
1298 297
1298 1296
1298 1297
1298 1299
1298 1306
1298 1309
1299 870
1299 297
1299 1297
1299 1298
1299 1302
1299 1303
1300 1292
1300 1133
1300 1135
1300 1301
1300 1174
1300 1304
1301 1292
1301 1294
1301 1300
1301 1302
1301 1304
1301 1308
1302 1294
1302 1297
1302 1299
1302 1301
1302 1303
1302 1308
1303 870
1303 1294
1303 1296
1303 1299
1303 1302
1303 1306
1304 1135
1304 1137
1304 1300
1304 1301
1304 1305
1304 1308
1305 1293
1305 1295
1305 1137
1305 1173
1305 1304
1305 1308
1306 870
1306 1296
1306 1298
1306 1303
1306 1307
1306 1309
1307 870
1307 1306
1307 284
1307 1309
1307 1310
1307 1311
1308 1295
1308 1297
1308 1301
1308 1302
1308 1304
1308 1305
1309 297
1309 299
1309 1298
1309 1306
1309 1307
1309 1310
1310 257
1310 1190
1310 1194
1310 299
1310 1307
1310 1309
1310 1311
1311 1190
1311 311
1311 1307
1311 284
1311 1310
1312 1313
1312 1314
1312 1315
1312 293
1312 266
1312 1232
1312 1235
1313 1312
1313 1314
1313 1235
1313 309
1313 310
1314 1312
1314 1313
1314 1315
1314 263
1314 265
1314 1321
1314 1324
1314 310
1315 1312
1315 1314
1315 266
1315 1324
1315 1327
1316 1317
1316 1318
1316 1325
1316 1006
1316 1007
1316 1043
1317 1316
1317 1318
1317 1319
1317 1322
1317 1034
1317 1006
1317 1038
1318 1316
1318 1317
1318 1319
1318 1320
1318 1325
1318 1326
1319 1317
1319 1318
1319 1320
1319 1321
1319 1322
1319 1323
1320 1318
1320 1319
1320 1321
1320 265
1320 1326
1320 1327
1321 1314
1321 1319
1321 1320
1321 265
1321 1323
1321 1324
1322 1317
1322 1319
1322 1323
1322 1325
1322 1038
1322 1043
1323 1319
1323 1321
1323 1322
1323 1324
1323 1325
1323 1326
1324 1314
1324 1315
1324 1321
1324 1323
1324 1326
1324 1327
1325 1316
1325 1318
1325 1322
1325 1323
1325 1326
1325 1043
1326 1318
1326 1320
1326 1323
1326 1324
1326 1325
1326 1327
1327 1315
1327 1320
1327 265
1327 266
1327 1324
1327 1326
1328 1329
1328 1330
1328 1396
1328 1398
1328 1400
1329 1328
1329 1330
1329 1331
1329 1400
1330 1328
1330 1329
1330 1331
1330 1396
1330 1332
1330 1406
1331 1329
1331 1330
1331 1332
1331 1333
1331 1399
1331 1400
1332 1330
1332 1331
1332 1333
1332 1334
1332 1406
1333 1414
1333 1418
1333 1331
1333 1332
1333 1334
1333 1335
1333 1399
1334 1408
1334 1391
1334 1332
1334 1333
1334 1335
1334 1336
1334 1406
1334 1407
1335 1414
1335 1415
1335 1333
1335 1334
1335 1336
1335 1337
1336 1389
1336 1391
1336 1334
1336 1335
1336 1337
1336 1338
1337 1415
1337 1417
1337 1335
1337 1336
1337 1338
1337 1339
1338 1387
1338 1389
1338 1336
1338 1337
1338 1339
1338 1340
1339 1382
1339 1417
1339 1337
1339 1338
1339 1340
1339 1341
1340 1385
1340 1387
1340 1338
1340 1339
1340 1341
1340 1342
1341 1380
1341 1381
1341 1382
1341 1339
1341 1340
1341 1342
1341 1343
1342 1344
1342 1385
1342 1340
1342 1341
1342 1343
1343 1344
1343 1345
1343 1378
1343 1380
1343 1341
1343 1342
1344 1345
1344 1346
1344 1383
1344 1385
1344 1404
1344 1342
1344 1343
1345 1344
1345 1376
1345 1346
1345 1347
1345 1378
1345 1392
1345 1343
1346 1344
1346 1345
1346 1347
1346 1348
1346 1404
1347 1345
1347 1346
1347 1348
1347 1349
1347 1392
1348 1346
1348 1347
1348 1349
1348 1404
1348 1405
1349 1376
1349 1377
1349 1347
1349 1348
1349 1392
1349 1405
1350 1126
1350 1127
1350 1351
1350 1129
1350 1425
1350 1118
1351 1120
1351 1350
1351 1126
1351 1352
1351 1110
1351 1112
1351 1118
1352 1120
1352 1351
1352 1353
1352 1131
1352 1108
1352 1110
1353 1352
1353 1130
1353 1131
1353 1354
1353 1393
1353 1108
1354 1353
1354 1130
1354 1355
1354 1356
1354 1393
1354 1394
1355 1411
1355 1354
1355 1130
1355 1356
1355 1357
1355 1423
1356 1354
1356 1355
1356 1357
1356 1358
1356 1394
1356 1395
1356 1370
1357 1411
1357 1355
1357 1356
1357 1358
1357 1359
1358 1356
1358 1357
1358 1359
1358 1360
1358 1424
1358 1395
1359 1409
1359 1410
1359 1411
1359 1357
1359 1358
1359 1360
1359 1361
1360 1358
1360 1359
1360 1424
1360 1361
1360 1362
1360 1426
1360 1375
1361 1409
1361 1359
1361 1360
1361 1362
1361 1363
1362 1360
1362 1361
1362 1426
1362 1363
1362 1364
1363 1409
1363 1361
1363 1362
1363 1364
1363 1373
1364 1362
1364 1363
1364 1426
1364 1373
1364 1374
1364 1375
1365 1411
1365 1423
1365 1107
1365 1109
1365 1366
1365 1367
1366 1393
1366 1108
1366 1109
1366 1365
1366 1367
1366 1368
1367 1410
1367 1411
1367 1365
1367 1366
1367 1368
1367 1369
1368 1393
1368 1394
1368 1366
1368 1367
1368 1369
1368 1370
1369 1409
1369 1410
1369 1367
1369 1368
1369 1370
1369 1371
1370 1356
1370 1394
1370 1395
1370 1368
1370 1369
1370 1371
1370 1372
1371 1409
1371 1369
1371 1370
1371 1372
1371 1373
1372 1424
1372 1395
1372 1370
1372 1371
1372 1373
1372 1374
1373 1409
1373 1363
1373 1364
1373 1371
1373 1372
1373 1374
1374 1424
1374 1364
1374 1372
1374 1373
1374 1375
1375 1424
1375 1360
1375 1426
1375 1364
1375 1374
1376 1345
1376 1377
1376 1378
1376 1349
1376 1392
1377 1376
1377 1378
1377 1379
1377 1349
1377 1405
1378 1376
1378 1377
1378 1345
1378 1379
1378 1380
1378 1343
1379 1377
1379 1378
1379 1380
1379 1381
1379 1403
1379 1405
1380 1378
1380 1379
1380 1381
1380 1341
1380 1343
1381 1379
1381 1380
1381 1382
1381 1401
1381 1402
1381 1403
1381 1341
1382 1381
1382 1417
1382 1401
1382 1339
1382 1341
1383 1344
1383 1384
1383 1385
1383 1402
1383 1404
1384 1383
1384 1416
1384 1385
1384 1386
1384 1401
1384 1402
1385 1344
1385 1383
1385 1384
1385 1386
1385 1387
1385 1340
1385 1342
1386 1413
1386 1384
1386 1385
1386 1416
1386 1387
1386 1388
1387 1385
1387 1386
1387 1388
1387 1389
1387 1338
1387 1340
1388 1412
1388 1413
1388 1386
1388 1387
1388 1389
1388 1390
1389 1387
1389 1388
1389 1390
1389 1391
1389 1336
1389 1338
1390 1412
1390 1256
1390 1388
1390 1389
1390 1391
1390 1429
1390 1270
1390 1431
1391 1408
1391 1389
1391 1390
1391 1429
1391 1334
1391 1336
1392 1376
1392 1345
1392 1347
1392 1349
1393 1353
1393 1354
1393 1394
1393 1108
1393 1366
1393 1368
1394 1354
1394 1356
1394 1393
1394 1368
1394 1370
1395 1356
1395 1358
1395 1424
1395 1370
1395 1372
1396 1158
1396 1328
1396 1330
1396 1397
1396 1398
1396 1146
1396 1406
1396 1407
1397 1418
1397 1419
1397 1396
1397 1398
1397 1399
1397 1146
1397 1147
1398 1328
1398 1396
1398 1397
1398 1399
1398 1400
1399 1418
1399 1331
1399 1397
1399 1398
1399 1333
1399 1400
1400 1328
1400 1329
1400 1331
1400 1398
1400 1399
1401 1381
1401 1382
1401 1416
1401 1384
1401 1417
1401 1402
1402 1381
1402 1383
1402 1384
1402 1401
1402 1403
1402 1404
1403 1379
1403 1381
1403 1402
1403 1404
1403 1405
1404 1344
1404 1346
1404 1348
1404 1383
1404 1402
1404 1403
1404 1405
1405 1377
1405 1379
1405 1348
1405 1349
1405 1403
1405 1404
1406 1330
1406 1332
1406 1396
1406 1334
1406 1407
1407 1408
1407 1158
1407 1159
1407 1427
1407 1396
1407 1334
1407 1406
1408 1422
1408 1391
1408 1427
1408 1428
1408 1429
1408 1334
1408 1407
1409 1410
1409 1359
1409 1361
1409 1363
1409 1369
1409 1371
1409 1373
1410 1409
1410 1411
1410 1359
1410 1367
1410 1369
1411 1410
1411 1355
1411 1357
1411 1359
1411 1423
1411 1365
1411 1367
1412 1413
1412 1414
1412 1418
1412 1388
1412 1420
1412 1390
1412 1430
1412 1431
1413 1412
1413 1414
1413 1415
1413 1416
1413 1386
1413 1388
1414 1412
1414 1413
1414 1415
1414 1418
1414 1333
1414 1335
1415 1413
1415 1414
1415 1416
1415 1417
1415 1335
1415 1337
1416 1413
1416 1415
1416 1384
1416 1417
1416 1386
1416 1401
1417 1382
1417 1415
1417 1416
1417 1401
1417 1337
1417 1339
1418 1412
1418 1414
1418 1419
1418 1420
1418 1397
1418 1333
1418 1399
1419 1418
1419 1420
1419 1421
1419 1397
1419 1147
1420 1412
1420 1418
1420 1419
1420 1421
1420 1422
1420 1430
1421 1419
1421 1420
1421 1422
1421 1427
1421 1178
1421 1147
1422 1408
1422 1282
1422 1285
1422 1420
1422 1421
1422 1427
1422 1428
1422 1430
1422 1279
1423 1411
1423 1130
1423 1355
1423 1106
1423 1107
1423 1365
1424 1358
1424 1360
1424 1395
1424 1372
1424 1374
1424 1375
1425 1128
1425 1129
1425 1350
1425 1127
1426 1360
1426 1362
1426 1364
1426 1375
1427 1408
1427 1159
1427 1421
1427 1422
1427 1168
1427 1178
1427 1407
1428 1408
1428 1285
1428 1422
1428 1429
1428 1270
1429 1408
1429 1390
1429 1391
1429 1428
1429 1270
1430 1412
1430 1257
1430 1420
1430 1422
1430 1431
1430 1279
1431 1412
1431 1256
1431 1257
1431 1390
1431 1430
1432 1445
1432 838
1432 817
1432 818
1432 664
1432 1433
1432 1434
1432 796
1432 797
1433 1432
1433 677
1433 664
1433 1434
1433 1435
1434 1445
1434 1446
1434 1447
1434 1432
1434 1433
1434 1435
1434 1436
1434 1438
1435 1440
1435 677
1435 659
1435 1433
1435 1434
1435 1436
1435 1437
1436 1434
1436 1435
1436 1437
1436 1438
1437 1440
1437 1441
1437 1448
1437 1449
1437 1435
1437 1436
1437 1438
1437 1439
1438 707
1438 1447
1438 1434
1438 699
1438 1436
1438 1437
1438 1439
1439 1448
1439 693
1439 699
1439 1437
1439 1438
1440 1441
1440 681
1440 659
1440 1435
1440 1437
1441 1440
1441 679
1441 680
1441 681
1441 1449
1441 1437
1442 801
1442 802
1442 1443
1442 1450
1442 1454
1442 1455
1442 1456
1442 863
1443 801
1443 1442
1443 1444
1443 709
1443 710
1443 863
1444 672
1444 1443
1444 709
1444 710
1444 690
1444 671
1445 1446
1445 744
1445 817
1445 1461
1445 1432
1445 1434
1446 705
1446 835
1446 1445
1446 1447
1446 744
1446 810
1446 812
1446 789
1446 1434
1447 705
1447 707
1447 1446
1447 1434
1447 1438
1448 706
1448 1449
1448 693
1448 694
1448 1437
1448 1439
1449 1441
1449 706
1449 678
1449 679
1449 1448
1449 1437
1450 1442
1450 1456
1450 850
1450 1463
1450 1464
1450 863
1451 839
1451 840
1451 744
1451 809
1451 745
1451 1452
1451 1453
1451 1465
1451 1466
1451 862
1452 802
1452 1451
1452 1453
1452 862
1452 830
1453 802
1453 1451
1453 1452
1453 1454
1453 1465
1454 1442
1454 802
1454 1453
1454 1455
1454 1457
1454 1465
1455 1456
1455 1457
1455 1442
1455 1454
1456 1442
1456 1450
1456 1455
1456 1457
1456 1458
1456 1463
1457 1454
1457 1455
1457 1456
1457 1458
1457 1459
1457 1465
1458 1456
1458 1457
1458 1459
1458 1460
1458 1462
1458 1463
1459 1457
1459 1458
1459 1460
1459 1461
1459 1465
1459 1466
1460 817
1460 1458
1460 1459
1460 1461
1460 1462
1461 1445
1461 744
1461 817
1461 1459
1461 1460
1461 1466
1462 836
1462 837
1462 841
1462 842
1462 843
1462 817
1462 1458
1462 1460
1462 1463
1462 1464
1462 859
1463 1450
1463 1456
1463 1458
1463 1462
1463 1464
1464 1450
1464 850
1464 1462
1464 1463
1464 859
1465 1451
1465 1453
1465 1454
1465 1457
1465 1459
1465 1466
1466 744
1466 1451
1466 1459
1466 1461
1466 1465
