-0.277709 0.364966 -0.214132 0.691222 -0.484315 -0.536331
-0.464076 0.276304 0.052109 -0.068045 -0.872818 0.483278
-0.381246 0.315709 -0.095803 0.429601 -0.903019 0.000000
-0.401954 0.305858 -0.125385 0.429601 -0.903019 0.000000
-0.464076 0.276304 -0.214132 -0.758940 -0.436409 -0.483278
-0.443369 0.286155 -0.095803 0.429601 -0.903019 -0.000000
-0.381246 0.315709 -0.184550 0.429601 -0.903019 -0.000000
-0.277709 0.364966 0.052109 0.691220 0.484318 0.536330
-0.360539 0.325561 0.022527 0.429601 -0.903019 0.000000
-0.339831 0.335412 -0.036638 0.429601 -0.903019 -0.000000
-0.360539 0.325561 -0.066220 0.429601 -0.903019 -0.000000
-0.298416 0.355115 -0.066220 0.429601 -0.903019 -0.000000
-0.464076 0.453627 -0.214132 -0.068048 0.872819 -0.483277
-0.360539 0.404371 -0.095803 0.429597 0.903021 -0.000000
-0.339831 0.394520 -0.125385 0.429597 0.903021 0.000000
-0.298416 0.374817 -0.095803 0.429597 0.903021 0.000000
-0.360539 0.404371 -0.184550 0.429597 0.903021 0.000000
-0.464076 0.453627 0.052109 -0.758940 0.436409 0.483277
-0.381246 0.414222 0.022527 0.429597 0.903021 0.000000
-0.401954 0.424073 -0.036638 0.429597 0.903021 0.000000
-0.381246 0.414222 -0.066220 0.429597 0.903021 -0.000000
-0.443369 0.443776 -0.066220 0.429597 0.903021 0.000000
0.241203 0.483520 0.179191 0.394439 -0.913093 -0.103338
0.176470 0.488643 0.349512 0.224688 -0.874595 0.429650
0.193420 0.482653 0.256455 0.169979 -0.980944 0.094108
0.162588 0.475795 0.240663 0.169979 -0.980944 0.094108
0.070092 0.455222 0.193286 0.000166 -0.993846 -0.110769
0.136383 0.473220 0.261154 0.169979 -0.980944 0.094108
0.157961 0.471512 0.204380 0.169979 -0.980944 0.094108
0.313513 0.571564 0.335968 0.764452 -0.508304 0.396536
0.244571 0.524928 0.324568 0.520700 -0.824185 0.222690
0.243729 0.514576 0.288224 0.520701 -0.824185 0.222690
0.220467 0.495580 0.272309 0.520700 -0.824185 0.222690
0.266148 0.523220 0.267794 0.520701 -0.824185 0.222690
0.337579 0.564072 0.142890 0.861080 -0.493962 -0.120597
0.316175 0.558452 0.232736 0.661659 -0.741506 0.111244
0.297432 0.539719 0.219350 0.661659 -0.741506 0.111244
0.284049 0.531601 0.244836 0.661660 -0.741506 0.111244
0.292071 0.529104 0.180477 0.661659 -0.741506 0.111245
0.205188 0.582245 0.439808 0.374805 -0.363310 0.852952
0.204461 0.539457 0.388139 0.468869 -0.683522 0.559427
0.231724 0.547484 0.375096 0.468869 -0.683522 0.559427
0.240569 0.535897 0.353525 0.468869 -0.683522 0.559427
0.250142 0.567098 0.383624 0.468869 -0.683522 0.559427
0.069821 0.582245 0.461031 0.000001 -0.512299 0.858807
0.132261 0.540644 0.409109 0.109493 -0.707304 0.698378
0.150493 0.551044 0.416784 0.109492 -0.707305 0.698378
0.177384 0.540644 0.402035 0.109492 -0.707305 0.698378
0.141834 0.571845 0.439208 0.109492 -0.707305 0.698377
-0.036872 0.488643 0.349515 -0.224674 -0.874597 0.429653
-0.101599 0.483520 0.179191 -0.394327 -0.913150 -0.103261
-0.053755 0.482653 0.256457 -0.169406 -0.981064 0.093886
-0.022793 0.475795 0.240664 -0.169406 -0.981064 0.093886
-0.018100 0.471512 0.204380 -0.169406 -0.981064 0.093886
0.003476 0.473220 0.261155 -0.169406 -0.981064 0.093886
-0.173829 0.571564 0.335968 -0.764376 -0.508370 0.396597
-0.126509 0.523220 0.267795 -0.520938 -0.824018 0.222753
-0.104100 0.514576 0.288225 -0.520937 -0.824018 0.222753
-0.080857 0.495580 0.272310 -0.520937 -0.824018 0.222753
-0.104934 0.524928 0.324569 -0.520937 -0.824018 0.222753
0.360417 0.702037 0.251507 0.964312 0.203395 0.169509
0.337033 0.628720 0.276977 0.956840 -0.260235 0.129362
0.337170 0.612558 0.243455 0.956840 -0.260235 0.129362
0.329421 0.582731 0.240771 0.956840 -0.260235 0.129362
0.345055 0.626222 0.212617 0.956840 -0.260235 0.129362
0.289091 0.720056 0.404065 0.672390 0.265855 0.690806
0.307870 0.652057 0.356849 0.902681 -0.047661 0.427663
0.321007 0.664552 0.330513 0.902681 -0.047661 0.427663
0.331646 0.646051 0.305996 0.902681 -0.047661 0.427663
0.323505 0.695548 0.328695 0.902681 -0.047661 0.427663
-0.220824 0.702037 0.251507 -0.964326 0.203251 0.169602
-0.192012 0.646051 0.305996 -0.902627 -0.048239 0.427712
-0.181383 0.664552 0.330513 -0.902627 -0.048240 0.427712
-0.149497 0.720056 0.404065 -0.672443 0.265643 0.690835
-0.168236 0.652057 0.356849 -0.902627 -0.048240 0.427712
-0.183901 0.695548 0.328695 -0.902627 -0.048240 0.427712
-0.197985 0.564072 0.142893 -0.861055 -0.494041 -0.120447
-0.189787 0.582731 0.240772 -0.956691 -0.260562 0.129804
-0.197546 0.612558 0.243456 -0.956691 -0.260562 0.129804
-0.197400 0.628720 0.276977 -0.956691 -0.260562 0.129804
-0.205452 0.626222 0.212619 -0.956691 -0.260562 0.129804
0.069832 0.484930 0.332155 0.000003 -0.977875 0.209192
0.069897 0.477503 0.297438 0.000003 -0.977875 0.209192
0.034372 0.473789 0.280080 0.000003 -0.977875 0.209192
0.105486 0.473789 0.280079 0.000003 -0.977875 0.209192
0.034252 0.530244 0.399077 0.000009 -0.765951 0.642899
0.069806 0.519844 0.386686 0.000009 -0.765951 0.642899
0.069801 0.499043 0.361904 0.000009 -0.765951 0.642899
0.105366 0.530244 0.399076 0.000009 -0.765951 0.642899
-0.065546 0.582245 0.439808 -0.374857 -0.363361 0.852907
-0.037761 0.540644 0.402036 -0.109498 -0.707268 0.698414
-0.010866 0.551044 0.416785 -0.109498 -0.707268 0.698414
0.007361 0.540644 0.409110 -0.109498 -0.707268 0.698414
-0.002197 0.571845 0.439208 -0.109498 -0.707268 0.698414
-0.100928 0.535897 0.353527 -0.469082 -0.683364 0.559442
-0.092082 0.547484 0.375097 -0.469082 -0.683364 0.559443
-0.064833 0.539457 0.388140 -0.469081 -0.683364 0.559443
-0.110486 0.567098 0.383624 -0.469082 -0.683363 0.559443
-0.464076 0.374817 -0.095803 -1.000000 0.000000 0.000000
-0.464076 0.394519 -0.125385 -1.000000 0.000000 0.000000
-0.464076 0.433924 -0.095803 -1.000000 0.000000 0.000000
-0.464076 0.374817 -0.184550 -1.000000 0.000000 0.000000
-0.464076 0.355114 0.022527 -1.000000 0.000000 0.000000
-0.464076 0.335412 -0.036638 -1.000000 0.000000 0.000000
-0.464076 0.355114 -0.066220 -1.000000 0.000000 0.000000
-0.464076 0.296007 -0.066220 -1.000000 0.000000 0.000000
0.254514 0.642308 0.412384 0.663920 -0.218743 0.715095
0.269264 0.624622 0.393280 0.663920 -0.218743 0.715096
0.262655 0.592810 0.389685 0.663920 -0.218743 0.715096
0.290623 0.638747 0.377771 0.663920 -0.218743 0.715096
-0.114889 0.642308 0.412384 -0.663991 -0.219060 0.714933
-0.129624 0.624622 0.393280 -0.663991 -0.219059 0.714933
-0.150983 0.638747 0.377771 -0.663990 -0.219060 0.714933
-0.123000 0.592810 0.389685 -0.663991 -0.219059 0.714933
-0.152463 0.529104 0.180478 -0.661663 -0.741457 0.111553
-0.157804 0.539719 0.219351 -0.661662 -0.741457 0.111553
-0.144411 0.531601 0.244837 -0.661663 -0.741457 0.111553
-0.176539 0.558452 0.232737 -0.661663 -0.741457 0.111553
-0.381246 0.335412 -0.214132 0.000000 0.000000 -1.000000
-0.401954 0.364966 -0.214132 0.000000 0.000000 -1.000000
-0.443369 0.364966 -0.214132 0.000000 0.000000 -1.000000
-0.381246 0.394520 -0.214132 0.000000 0.000000 -1.000000
-0.443369 0.364966 0.052109 0.000000 0.000000 1.000000
-0.401954 0.364966 0.052109 0.000000 0.000000 1.000000
-0.381246 0.335412 0.052109 0.000000 0.000000 1.000000
-0.381246 0.394520 0.052109 0.000000 0.000000 1.000000
0.217385 0.191460 0.054917 0.624840 -0.601029 0.498337
0.202233 0.139772 -0.052752 0.830282 -0.526830 0.181885
0.214053 0.170595 -0.010120 0.866300 -0.486850 0.111807
0.222541 0.180553 -0.032525 0.866300 -0.486851 0.111807
0.248004 0.210426 -0.099739 0.840497 -0.505003 -0.196308
0.224259 0.176917 -0.061672 0.866300 -0.486851 0.111807
0.229310 0.194146 -0.025782 0.866300 -0.486851 0.111807
0.139518 0.140990 0.059738 0.196031 -0.855122 0.479936
0.176043 0.146056 0.009207 0.531245 -0.790515 0.304737
0.186379 0.157407 0.020634 0.531245 -0.790515 0.304737
0.201999 0.162880 0.007600 0.531245 -0.790515 0.304737
0.181094 0.163286 0.045096 0.531245 -0.790515 0.304737
0.069795 0.186273 0.096051 -0.000001 -0.438735 0.898616
0.117182 0.166724 0.075341 0.264686 -0.321523 0.909156
0.142233 0.172908 0.070235 0.264686 -0.321523 0.909156
0.166379 0.168453 0.061630 0.264686 -0.321523 0.909156
0.143138 0.183547 0.073734 0.264686 -0.321522 0.909156
0.000073 0.140990 0.059738 -0.236524 -0.814937 0.529088
0.069795 0.146021 0.063773 0.000000 -0.625605 0.780140
0.069795 0.156084 0.071842 0.000000 -0.625604 0.780141
0.093036 0.161116 0.075877 0.000000 -0.625604 0.780141
0.046554 0.161116 0.075877 -0.000000 -0.625604 0.780141
-0.077794 0.191460 0.054917 -0.624838 -0.601031 0.498337
-0.026788 0.168453 0.061630 -0.264687 -0.321525 0.909155
-0.002642 0.172908 0.070235 -0.264687 -0.321525 0.909155
0.022409 0.166724 0.075341 -0.264687 -0.321525 0.909155
-0.003547 0.183547 0.073734 -0.264687 -0.321525 0.909155
-0.062642 0.139772 -0.052752 -0.830281 -0.526829 0.181891
-0.036452 0.146056 0.009207 -0.531245 -0.790515 0.304737
-0.046788 0.157407 0.020634 -0.531245 -0.790515 0.304737
-0.041503 0.163286 0.045096 -0.531245 -0.790515 0.304737
-0.062408 0.162880 0.007600 -0.531245 -0.790515 0.304737
-0.108414 0.210426 -0.099739 -0.840497 -0.505002 -0.196309
-0.084669 0.176917 -0.061672 -0.866296 -0.486857 0.111811
-0.082950 0.180553 -0.032525 -0.866296 -0.486857 0.111811
-0.074462 0.170595 -0.010120 -0.866296 -0.486858 0.111811
-0.089719 0.194146 -0.025782 -0.866296 -0.486857 0.111811
0.069798 0.726799 0.460595 -0.068370 0.309460 0.948451
-0.199198 0.906904 0.343657 -0.201383 0.303830 0.931199
-0.079644 0.804940 0.402781 -0.201386 0.303827 0.931200
-0.109533 0.781116 0.404090 -0.201385 0.303827 0.931200
-0.199198 0.709644 0.408018 -0.201385 0.303827 0.931200
-0.169310 0.799221 0.385255 -0.201385 0.303827 0.931200
-0.079644 0.739186 0.424234 -0.201385 0.303827 0.931200
0.069798 0.924058 0.396233 0.068373 0.309460 0.948451
-0.049756 0.894516 0.380017 -0.201381 0.303833 0.931199
-0.019867 0.852587 0.400162 -0.201381 0.303833 0.931199
-0.049756 0.828763 0.401471 -0.201381 0.303833 0.931199
0.039910 0.834481 0.418997 -0.201381 0.303833 0.931199
0.338793 0.709644 0.408018 0.201384 0.303830 0.931199
0.189351 0.806845 0.408622 0.201386 0.303833 0.931198
0.159463 0.786834 0.421615 0.201386 0.303833 0.931198
0.099686 0.812564 0.426148 0.201386 0.303833 0.931198
0.189351 0.741092 0.430076 0.201386 0.303833 0.931198
0.338793 0.906904 0.343657 0.201382 0.303828 0.931200
0.219240 0.892610 0.374175 0.201382 0.303828 0.931200
0.249128 0.846869 0.382636 0.201382 0.303827 0.931201
0.219240 0.826857 0.395629 0.201381 0.303827 0.931201
0.308905 0.821139 0.378104 0.201382 0.303827 0.931200
0.126373 0.127484 0.001151 -0.183690 -0.841845 0.507499
0.140644 0.134852 0.021200 0.267064 -0.950441 0.159184
0.156041 0.136082 0.002712 0.267064 -0.950441 0.159184
0.161549 0.134446 -0.016296 0.267064 -0.950441 0.159183
0.165931 0.138948 0.003233 0.267065 -0.950440 0.159184
0.013218 0.127484 0.001151 0.125223 -0.907655 0.400602
0.077542 0.128985 0.007661 0.000000 -0.974442 0.224638
0.093036 0.131986 0.020680 0.000000 -0.974442 0.224638
0.119642 0.133487 0.027190 -0.000000 -0.974442 0.224637
0.081924 0.133487 0.027190 0.000000 -0.974443 0.224637
0.021409 0.134987 0.033699 0.000000 -0.974442 0.224637
0.050936 0.136488 0.040209 0.000000 -0.974442 0.224637
0.067891 0.134987 0.033699 -0.000000 -0.974442 0.224638
0.063509 0.139489 0.053228 0.000000 -0.974442 0.224637
-0.021958 0.134446 -0.016296 -0.267064 -0.950441 0.159184
-0.016450 0.136082 0.002712 -0.267064 -0.950441 0.159184
-0.001053 0.134852 0.021200 -0.267064 -0.950441 0.159184
-0.026340 0.138948 0.003233 -0.267065 -0.950440 0.159184
-0.322114 0.382861 -0.027764 0.207552 0.978224 0.000000
-0.237772 0.364966 -0.134260 0.207552 0.978224 0.000000
-0.284629 0.374908 -0.086928 0.207551 0.978224 -0.000000
-0.294000 0.376896 -0.098761 0.207551 0.978224 0.000000
-0.322114 0.382861 -0.134260 0.207551 0.978224 -0.000000
-0.284629 0.374908 -0.122427 0.207551 0.978224 0.000000
-0.312743 0.380873 -0.086928 0.207552 0.978224 -0.000000
-0.237772 0.364966 -0.027764 -0.000000 1.000000 -0.000000
-0.247143 0.366954 -0.075096 0.207551 0.978224 -0.000000
-0.265886 0.370931 -0.063263 0.207551 0.978224 0.000000
-0.275257 0.372919 -0.075096 0.207551 0.978224 0.000000
-0.275257 0.372919 -0.039597 0.207551 0.978224 -0.000000
-0.322114 0.347071 -0.027764 0.866927 0.000000 -0.498435
-0.284629 0.355024 -0.086928 0.207552 -0.978224 0.000000
-0.294000 0.353036 -0.098761 0.207552 -0.978224 -0.000000
-0.322114 0.347071 -0.134260 0.207552 -0.978224 0.000000
-0.312743 0.349059 -0.086928 0.207552 -0.978224 0.000000
-0.284629 0.355024 -0.122427 0.207552 -0.978224 -0.000000
-0.275257 0.357013 -0.075096 -0.207552 0.978224 -0.000000
-0.265886 0.359001 -0.063263 -0.207552 0.978224 -0.000000
-0.275257 0.357013 -0.039597 -0.207552 0.978224 0.000000
-0.247143 0.362978 -0.075096 -0.207551 0.978224 0.000000
0.069797 0.733490 0.477073 0.000002 0.432125 0.901814
-0.130215 0.776902 0.338131 -0.612795 0.567077 0.550368
-0.043463 0.751292 0.407209 -0.243959 0.768632 0.591345
-0.069972 0.743483 0.406423 -0.243959 0.768632 0.591344
-0.116561 0.746814 0.382873 -0.243958 0.768633 0.591344
-0.049891 0.732343 0.429187 -0.243958 0.768633 0.591344
0.069798 0.783395 0.411373 -0.000003 0.496891 0.867813
-0.019097 0.774964 0.386121 -0.240111 0.773026 0.587177
0.003127 0.764596 0.408859 -0.240111 0.773026 0.587178
-0.019097 0.758329 0.408021 -0.240111 0.773025 0.587179
0.047574 0.760494 0.432435 -0.240111 0.773026 0.587178
0.269812 0.776898 0.338134 0.612691 0.567294 0.550261
0.158693 0.774962 0.386122 0.240118 0.773021 0.587182
0.136469 0.764594 0.408860 0.240118 0.773021 0.587182
0.092021 0.760493 0.432435 0.240118 0.773021 0.587182
0.158693 0.758327 0.408022 0.240117 0.773021 0.587181
-0.014721 0.664777 0.452399 -0.318301 0.051607 0.946584
-0.048415 0.678597 0.440315 -0.318301 0.051607 0.946584
-0.042705 0.710714 0.440484 -0.318301 0.051607 0.946584
-0.087819 0.660299 0.428063 -0.318301 0.051607 0.946584
0.054770 0.649465 0.465803 -0.154045 -0.104240 0.982550
0.024691 0.632660 0.459304 -0.154045 -0.104240 0.982550
0.009647 0.649465 0.458728 -0.154045 -0.104240 0.982550
0.009655 0.599050 0.453381 -0.154045 -0.104240 0.982550
0.129973 0.649465 0.458728 0.154046 -0.104192 0.982555
0.114935 0.632660 0.459304 0.154046 -0.104192 0.982555
0.084851 0.649465 0.465803 0.154046 -0.104192 0.982555
0.129981 0.599050 0.453381 0.154046 -0.104192 0.982555
0.182304 0.710714 0.440484 0.318305 0.051714 0.946577
0.188025 0.678597 0.440315 0.318305 0.051714 0.946577
0.154337 0.664777 0.452399 0.318305 0.051714 0.946577
0.227435 0.660299 0.428063 0.318305 0.051714 0.946577
-0.177470 0.741953 0.280065 -0.732794 0.648511 0.206027
-0.181370 0.746921 0.250557 -0.732794 0.648511 0.206028
-0.193070 0.761823 0.162034 -0.919178 0.392949 -0.026530
-0.168218 0.761882 0.250241 -0.732794 0.648510 0.206028
-0.198421 0.736927 0.221366 -0.732794 0.648511 0.206028
-0.148852 0.743319 0.357810 -0.757575 0.587328 0.284826
-0.166845 0.732998 0.331234 -0.757575 0.587328 0.284826
-0.172628 0.737312 0.306957 -0.757575 0.587328 0.284826
-0.179055 0.718364 0.328935 -0.757575 0.587329 0.284826
0.256157 0.746812 0.382874 0.243957 0.768637 0.591340
0.209567 0.743481 0.406424 0.243957 0.768637 0.591340
0.183059 0.751290 0.407210 0.243958 0.768636 0.591340
0.189485 0.732342 0.429187 0.243957 0.768637 0.591339
0.312223 0.737311 0.306959 0.757583 0.587317 0.284826
0.306440 0.732997 0.331235 0.757583 0.587318 0.284826
0.288448 0.743317 0.357811 0.757583 0.587318 0.284826
0.318649 0.718363 0.328936 0.757583 0.587318 0.284826
0.273342 0.915462 0.230904 0.773805 0.577868 0.259413
0.278365 0.836807 0.270910 0.925004 0.217520 0.311534
0.291940 0.818061 0.243691 0.925004 0.217520 0.311534
0.332666 0.761823 0.162034 0.920757 0.389423 -0.023573
0.298139 0.785594 0.247953 0.925004 0.217520 0.311534
0.299316 0.831782 0.212210 0.925004 0.217520 0.311534
0.153866 0.926930 0.353539 0.310325 0.676057 0.668316
0.218673 0.858975 0.333066 0.660696 0.448809 0.601707
0.232340 0.873097 0.307526 0.660695 0.448809 0.601707
0.258498 0.855152 0.292188 0.660695 0.448809 0.601707
0.219849 0.905163 0.297323 0.660696 0.448809 0.601707
0.129385 0.846466 0.377531 0.343678 0.170782 0.923428
0.164492 0.829074 0.367682 0.343678 0.170782 0.923428
0.168034 0.796456 0.372396 0.343678 0.170781 0.923428
0.196057 0.844301 0.353118 0.343679 0.170782 0.923428
-0.014414 0.926930 0.353539 -0.310383 0.675940 0.668407
0.041711 0.863137 0.379243 -0.000000 0.373729 0.927538
0.069750 0.879085 0.372817 -0.000000 0.373729 0.927538
0.097805 0.863137 0.379243 0.000000 0.373729 0.927538
0.069734 0.910982 0.359965 -0.000000 0.373729 0.927538
-0.056524 0.844303 0.353117 -0.343699 0.170447 0.923482
-0.024944 0.829076 0.367681 -0.343699 0.170447 0.923482
-0.028454 0.796458 0.372395 -0.343699 0.170446 0.923482
0.010147 0.846467 0.377531 -0.343699 0.170447 0.923482
-0.133888 0.915462 0.230904 -0.774898 0.578814 0.253986
-0.118981 0.855154 0.292187 -0.660867 0.448282 0.601912
-0.092839 0.873098 0.307525 -0.660867 0.448282 0.601912
-0.079156 0.858977 0.333065 -0.660867 0.448282 0.601913
-0.080380 0.905163 0.297323 -0.660867 0.448282 0.601912
-0.158559 0.785596 0.247952 -0.925159 0.216665 0.311668
-0.152391 0.818062 0.243690 -0.925159 0.216665 0.311668
-0.138831 0.836809 0.270908 -0.925159 0.216665 0.311668
-0.159783 0.831782 0.212209 -0.925159 0.216665 0.311668
0.338016 0.736926 0.221366 0.732803 0.648496 0.206040
0.320965 0.746919 0.250558 0.732803 0.648496 0.206039
0.307814 0.761880 0.250242 0.732803 0.648496 0.206039
0.317065 0.741951 0.280066 0.732803 0.648496 0.206039
-0.074174 0.409058 -0.004903 -0.632219 0.521367 0.573129
-0.046813 0.485372 -0.106310 -0.940395 0.334729 -0.060108
-0.060984 0.445244 -0.066949 -0.947265 0.320116 -0.014682
-0.061965 0.441301 -0.089635 -0.947265 0.320116 -0.014681
-0.064907 0.429473 -0.157691 -0.752980 0.427806 -0.500004
-0.057895 0.452049 -0.117879 -0.947265 0.320116 -0.014681
-0.067015 0.426611 -0.084076 -0.947265 0.320116 -0.014681
-0.014353 0.450694 0.009999 -0.733487 0.191111 0.652283
-0.035426 0.461480 -0.043350 -0.590506 0.713312 0.377478
-0.045113 0.448375 -0.033738 -0.590506 0.713312 0.377478
-0.055367 0.447602 -0.048317 -0.590505 0.713312 0.377478
-0.044547 0.436042 -0.009547 -0.590505 0.713312 0.377477
-0.010289 0.332546 0.088230 -0.353727 0.311009 0.882128
-0.019194 0.393558 0.043113 -0.504595 0.464514 0.727744
-0.032939 0.397433 0.031109 -0.504595 0.464514 0.727744
-0.040489 0.419062 0.012068 -0.504595 0.464514 0.727744
-0.039134 0.379679 0.038145 -0.504594 0.464514 0.727744
0.069795 0.441127 0.051564 -0.000005 0.044227 0.999021
0.023498 0.433314 0.037165 -0.332687 0.512656 0.791519
0.015051 0.408122 0.049931 -0.332687 0.512656 0.791519
-0.003197 0.397121 0.049387 -0.332687 0.512656 0.791519
0.024852 0.393932 0.063242 -0.332687 0.512656 0.791519
0.149880 0.332546 0.088231 0.353734 0.311008 0.882126
0.096490 0.380804 0.071934 -0.000006 0.319939 0.947438
0.069795 0.368740 0.076008 -0.000006 0.319939 0.947438
0.043100 0.380804 0.071934 -0.000006 0.319939 0.947438
0.069795 0.344611 0.084156 -0.000006 0.319938 0.947438
0.213765 0.409058 -0.004903 0.632167 0.521519 0.573047
0.224825 0.328770 0.030777 0.894961 0.203808 0.396871
0.221078 0.362706 0.001664 0.984224 0.164513 0.065105
0.224645 0.350289 -0.020883 0.984224 0.164513 0.065105
0.235346 0.313039 -0.088524 0.770151 -0.636391 -0.043289
0.228272 0.330699 -0.026210 0.984224 0.164514 0.065105
0.224585 0.357462 -0.038103 0.984224 0.164513 0.065105
0.190287 0.339369 0.052348 0.570725 0.397844 0.718327
0.196157 0.356791 0.038035 0.570725 0.397844 0.718327
0.211582 0.364873 0.021303 0.570725 0.397844 0.718326
0.186601 0.366132 0.040454 0.570725 0.397844 0.718327
0.153945 0.450694 0.009999 0.733489 0.191106 0.652283
0.158785 0.393558 0.043113 0.504602 0.464513 0.727739
0.172530 0.397433 0.031109 0.504601 0.464513 0.727740
0.178725 0.379679 0.038146 0.504601 0.464514 0.727740
0.180080 0.419062 0.012068 0.504601 0.464513 0.727740
0.114738 0.393932 0.063242 0.332679 0.512661 0.791520
0.124540 0.408122 0.049931 0.332679 0.512661 0.791520
0.142788 0.397121 0.049387 0.332679 0.512661 0.791520
0.116093 0.433314 0.037165 0.332679 0.512661 0.791520
0.000652 0.402616 -0.234034 -0.290947 0.326635 -0.899255
0.137876 0.506709 -0.187662 0.434764 0.426747 -0.793011
0.077006 0.448880 -0.213424 -0.000000 0.406933 -0.913458
0.092489 0.437314 -0.218577 0.000000 0.406933 -0.913458
0.138939 0.402616 -0.234034 0.349306 0.305772 -0.885714
0.123101 0.448880 -0.213424 0.000000 0.406933 -0.913458
0.077360 0.414182 -0.228882 0.000000 0.406933 -0.913458
0.001710 0.506709 -0.187662 -0.434711 0.428916 -0.791870
0.062111 0.495143 -0.192814 -0.000000 0.406933 -0.913458
0.046746 0.472011 -0.203119 -0.000000 0.406933 -0.913458
0.061758 0.460445 -0.208272 0.000000 0.406933 -0.913458
0.016369 0.460445 -0.208272 -0.000000 0.406933 -0.913458
-0.028015 0.460816 -0.179494 -0.664816 0.309610 -0.679825
-0.020848 0.446266 -0.193129 -0.664816 0.309610 -0.679825
-0.006162 0.451864 -0.204942 -0.664816 0.309610 -0.679825
-0.028368 0.426118 -0.194951 -0.664816 0.309610 -0.679825
-0.027258 0.488644 -0.148175 -0.775334 0.544722 -0.319584
-0.036670 0.473851 -0.150554 -0.775334 0.544723 -0.319584
-0.033289 0.470011 -0.165302 -0.775334 0.544723 -0.319584
-0.049463 0.462899 -0.138185 -0.775334 0.544723 -0.319584
0.186408 0.485372 -0.106310 0.940455 0.334570 -0.060067
0.194960 0.447602 -0.048317 0.590510 0.713301 0.377491
0.184706 0.448375 -0.033738 0.590511 0.713301 0.377491
0.175020 0.461480 -0.043350 0.590511 0.713301 0.377491
0.184139 0.436042 -0.009547 0.590511 0.713301 0.377491
0.204498 0.429472 -0.157691 0.752974 0.427802 -0.500015
0.197488 0.452048 -0.117879 0.947284 0.320058 -0.014692
0.201557 0.441301 -0.089635 0.947284 0.320059 -0.014692
0.200577 0.445244 -0.066949 0.947284 0.320058 -0.014692
0.206607 0.426610 -0.084076 0.947284 0.320059 -0.014692
-0.085233 0.328768 0.030782 -0.894955 0.203810 0.396885
-0.081487 0.362705 0.001666 -0.984225 0.164504 0.065112
-0.085054 0.350290 -0.020882 -0.984225 0.164504 0.065112
-0.095754 0.313043 -0.088524 -0.770028 -0.636532 -0.043392
-0.084994 0.357464 -0.038103 -0.984225 0.164504 0.065111
-0.088680 0.330700 -0.026208 -0.984225 0.164504 0.065112
-0.047009 0.366132 0.040454 -0.570694 0.397871 0.718336
-0.056565 0.356791 0.038036 -0.570694 0.397872 0.718336
-0.071991 0.364872 0.021305 -0.570694 0.397872 0.718336
-0.050696 0.339368 0.052349 -0.570694 0.397872 0.718336
0.172878 0.470011 -0.165302 0.775309 0.544716 -0.319657
0.176261 0.473851 -0.150554 0.775309 0.544716 -0.319657
0.166848 0.488644 -0.148175 0.775309 0.544716 -0.319657
0.189056 0.462898 -0.138185 0.775309 0.544716 -0.319657
0.145751 0.451864 -0.204942 0.664804 0.309640 -0.679822
0.160438 0.446266 -0.193129 0.664805 0.309640 -0.679822
0.167604 0.460816 -0.179494 0.664805 0.309640 -0.679821
0.167958 0.426118 -0.194951 0.664805 0.309640 -0.679822
-0.068807 0.221783 -0.241128 -0.684780 0.211113 -0.697501
-0.059356 0.334182 -0.203257 -0.674954 0.285938 -0.680203
-0.044354 0.351291 -0.210951 -0.674954 0.285938 -0.680203
-0.036203 0.394460 -0.200892 -0.674954 0.285938 -0.680203
-0.037503 0.325230 -0.228704 -0.674954 0.285938 -0.680203
-0.119158 0.193614 -0.111142 -0.988556 0.145917 -0.038291
-0.089452 0.301570 -0.146273 -0.932482 0.149595 -0.328785
-0.084291 0.281623 -0.169987 -0.932482 0.149595 -0.328785
-0.072668 0.310960 -0.189602 -0.932482 0.149596 -0.328785
-0.090752 0.232340 -0.174086 -0.932481 0.149595 -0.328785
-0.092446 0.311710 -0.129317 -0.974524 0.207222 -0.085797
-0.093273 0.312043 -0.119119 -0.974524 0.207222 -0.085797
-0.102728 0.272900 -0.106262 -0.974524 0.207222 -0.085796
-0.084645 0.351520 -0.121778 -0.974524 0.207222 -0.085796
0.195527 0.063421 -0.070842 0.988325 -0.129497 -0.080273
0.173334 0.132777 -0.150191 0.558119 -0.404422 -0.724531
0.186409 0.102729 -0.104098 0.958916 -0.017131 -0.283171
0.190365 0.111990 -0.091262 0.958916 -0.017131 -0.283171
0.188644 0.128180 -0.098068 0.958916 -0.017130 -0.283171
0.196042 0.105061 -0.071619 0.958916 -0.017131 -0.283171
0.142094 0.036937 -0.134980 0.037395 -0.281198 -0.958921
0.161915 0.082475 -0.134614 0.786979 -0.338403 -0.515894
0.170318 0.077712 -0.118671 0.786980 -0.338403 -0.515894
0.179726 0.091303 -0.113235 0.786980 -0.338402 -0.515894
0.169313 0.059357 -0.108164 0.786979 -0.338403 -0.515894
0.195865 0.000000 -0.075985 0.929014 -0.361961 -0.076918
0.171929 0.023463 -0.101634 0.755371 0.056965 -0.652817
0.177829 0.033453 -0.093936 0.755371 0.056965 -0.652817
0.171817 0.044604 -0.099919 0.755371 0.056965 -0.652817
0.189740 0.032291 -0.080254 0.755371 0.056965 -0.652817
0.142091 0.000000 -0.125660 -0.355798 -0.773703 -0.524205
0.148067 0.016416 -0.124283 0.667187 -0.182291 -0.722241
0.160017 0.012312 -0.112208 0.667187 -0.182291 -0.722241
0.165992 0.016416 -0.107724 0.667187 -0.182291 -0.722241
0.165991 0.004104 -0.104618 0.667187 -0.182291 -0.722241
0.162240 0.000000 -0.025842 0.063147 -0.850285 0.522521
0.157021 0.000000 -0.075777 0.000000 -1.000000 0.000000
0.166732 0.000000 -0.075829 0.000000 -1.000000 0.000000
0.168229 0.000000 -0.092491 0.000000 -1.000000 0.000000
0.174946 0.000000 -0.059219 0.000000 -1.000000 0.000000
0.113588 0.000000 -0.070427 -0.836312 -0.422024 0.349969
0.131662 0.000000 -0.090021 0.000000 -1.000000 0.000000
0.139306 0.000000 -0.073976 0.000000 -1.000000 0.000000
0.147879 0.000000 -0.075159 0.000000 -1.000000 0.000000
0.138378 0.000000 -0.056748 0.000000 -1.000000 0.000000
0.161267 0.063421 -0.020689 0.216810 -0.177059 0.960023
0.140184 0.028187 -0.043367 -0.673958 -0.070095 0.735436
0.145698 0.021140 -0.038986 -0.673958 -0.070094 0.735436
0.140509 0.007047 -0.045085 -0.673959 -0.070094 0.735436
0.156402 0.028187 -0.028506 -0.673959 -0.070095 0.735436
0.109347 0.063281 -0.076737 -0.971232 -0.231188 0.057101
0.117001 0.035172 -0.067705 -0.733502 0.018591 0.679433
0.128067 0.042234 -0.055951 -0.733502 0.018591 0.679433
0.134307 0.035218 -0.049022 -0.733502 0.018591 0.679433
0.132894 0.056312 -0.051126 -0.733502 0.018591 0.679433
0.122683 0.091831 -0.035893 -0.619719 -0.533716 0.575409
0.132329 0.084729 -0.032092 -0.619719 -0.533716 0.575409
0.134314 0.070477 -0.043173 -0.619719 -0.533716 0.575409
0.139990 0.091878 -0.017210 -0.619719 -0.533716 0.575409
0.097305 0.118869 -0.123274 -0.217604 -0.957359 -0.190032
0.105887 0.095120 -0.088766 -0.973299 -0.019365 0.228722
0.111008 0.103211 -0.066287 -0.973299 -0.019365 0.228722
0.115576 0.097992 -0.047291 -0.973299 -0.019365 0.228722
0.111562 0.116521 -0.062803 -0.973299 -0.019365 0.228722
0.069795 0.073182 -0.327011 -0.000003 -0.999197 0.040065
0.078965 0.098564 -0.213824 0.000000 -0.975767 0.218811
0.069796 0.103640 -0.191186 0.000000 -0.975767 0.218811
0.042287 0.118869 -0.123274 0.257579 -0.934835 -0.244411
0.069796 0.113793 -0.145911 0.000000 -0.975767 0.218811
0.060626 0.098564 -0.213824 0.000000 -0.975767 0.218811
0.121280 0.100581 -0.330678 0.945321 -0.153881 -0.287557
0.104904 0.105665 -0.238091 0.472995 -0.871198 0.131495
0.096127 0.097544 -0.260321 0.472995 -0.871198 0.131495
0.087742 0.096532 -0.236869 0.472995 -0.871198 0.131495
0.095734 0.090436 -0.306003 0.472995 -0.871198 0.131495
0.069795 0.099059 -0.477073 -0.000016 -0.427626 -0.903956
0.092677 0.096860 -0.395335 0.455971 -0.877050 -0.151240
0.086957 0.090941 -0.378254 0.455972 -0.877050 -0.151240
0.092677 0.088235 -0.345314 0.455971 -0.877050 -0.151240
0.075516 0.087727 -0.394113 0.455972 -0.877050 -0.151240
0.069795 0.150216 -0.334379 -0.000005 0.911635 -0.411001
0.092677 0.122472 -0.348589 0.681706 0.688704 -0.246906
0.086957 0.116619 -0.380710 0.681706 0.688704 -0.246906
0.092677 0.105420 -0.396154 0.681706 0.688704 -0.246906
0.075516 0.121965 -0.397387 0.681706 0.688705 -0.246906
0.018311 0.100581 -0.330678 -0.945322 -0.153882 -0.287553
0.046913 0.122472 -0.348589 -0.681713 0.688698 -0.246904
0.052634 0.116619 -0.380710 -0.681713 0.688698 -0.246904
0.064075 0.121965 -0.397387 -0.681713 0.688698 -0.246904
0.046913 0.105420 -0.396154 -0.681713 0.688698 -0.246904
0.069795 0.201189 -0.241263 -0.000002 0.200181 -0.979759
0.064075 0.167356 -0.292583 -0.660707 0.658444 -0.360441
0.052634 0.150662 -0.302107 -0.660707 0.658444 -0.360441
0.046913 0.133820 -0.322388 -0.660707 0.658444 -0.360442
0.046913 0.150811 -0.291349 -0.660708 0.658443 -0.360441
-0.045915 0.165200 -0.178833 -0.668773 -0.513705 -0.537447
0.012648 0.174015 -0.223451 -0.493874 0.705039 -0.508930
0.014064 0.155657 -0.250258 -0.493874 0.705039 -0.508930
0.034057 0.152476 -0.274066 -0.493874 0.705039 -0.508930
-0.004513 0.140479 -0.253256 -0.493874 0.705038 -0.508930
-0.053266 0.237846 -0.220383 -0.482280 -0.415994 -0.770944
0.002245 0.213482 -0.225046 -0.287049 -0.497309 -0.818710
-0.009795 0.201412 -0.213493 -0.287049 -0.497309 -0.818710
0.004695 0.189267 -0.211196 -0.287049 -0.497309 -0.818710
-0.036325 0.201486 -0.204236 -0.287049 -0.497309 -0.818710
-0.076959 0.217588 -0.162147 -0.822474 -0.342824 -0.453881
-0.069198 0.204491 -0.166318 -0.822474 -0.342824 -0.453881
-0.056126 0.202512 -0.188511 -0.822474 -0.342824 -0.453881
-0.074509 0.193372 -0.148297 -0.822474 -0.342824 -0.453881
0.031902 0.063281 -0.076738 0.972541 -0.227450 0.049294
0.034442 0.095120 -0.088766 0.973870 0.008065 0.226964
0.029136 0.103211 -0.066287 0.973870 0.008065 0.226964
0.028214 0.116521 -0.062803 0.973870 0.008065 0.226964
0.024752 0.097992 -0.047291 0.973870 0.008065 0.226964
-0.002504 0.036937 -0.134980 -0.040982 -0.277695 -0.959795
0.021226 0.076278 -0.123306 0.851538 -0.420849 -0.312681
0.023895 0.073029 -0.111664 0.851538 -0.420849 -0.312681
0.032695 0.085060 -0.103892 0.851538 -0.420849 -0.312681
0.017764 0.057749 -0.107794 0.851538 -0.420849 -0.312681
-0.002501 0.000000 -0.125660 0.347186 -0.771254 -0.533506
0.001320 0.023448 -0.124366 0.877377 -0.117318 -0.465238
0.008966 0.033406 -0.112459 0.877377 -0.117318 -0.465238
0.012788 0.044541 -0.108059 0.877377 -0.117318 -0.465238
0.012789 0.032229 -0.104952 0.877377 -0.117318 -0.465238
-0.056276 0.000000 -0.075985 -0.927746 -0.365759 -0.074220
-0.026402 0.016416 -0.107724 -0.667180 -0.182292 -0.722247
-0.020427 0.012312 -0.112208 -0.667180 -0.182293 -0.722247
-0.008477 0.016416 -0.124283 -0.667180 -0.182292 -0.722247
-0.026401 0.004104 -0.104618 -0.667180 -0.182293 -0.722247
-0.021820 0.000000 -0.025842 -0.062515 -0.847945 0.526385
-0.034987 0.000000 -0.059219 0.000000 -1.000000 0.000000
-0.026866 0.000000 -0.075829 0.000000 -1.000000 0.000000
-0.028548 0.000000 -0.092491 0.000000 -1.000000 0.000000
-0.017062 0.000000 -0.075777 0.000000 -1.000000 0.000000
-0.021675 0.063421 -0.020689 -0.218902 -0.175622 0.959812
-0.037069 0.028187 -0.045838 -0.823373 -0.044088 0.565785
-0.033257 0.021140 -0.040839 -0.823373 -0.044088 0.565785
-0.037118 0.007047 -0.047555 -0.823373 -0.044088 0.565785
-0.025584 0.028187 -0.029123 -0.823373 -0.044088 0.565785
0.027661 0.000000 -0.070427 0.834731 -0.423098 0.352438
0.000236 0.028187 -0.043367 0.668118 -0.061774 0.741486
-0.005278 0.021140 -0.038986 0.668118 -0.061774 0.741486
-0.016258 0.028187 -0.028506 0.668118 -0.061774 0.741486
0.000188 0.007047 -0.045085 0.668118 -0.061774 0.741486
0.007619 0.056312 -0.051126 0.722742 0.020458 0.690815
0.012629 0.042234 -0.055951 0.722742 0.020458 0.690815
0.006205 0.035218 -0.049022 0.722742 0.020458 0.690815
0.024064 0.035172 -0.067705 0.722742 0.020458 0.690815
0.016141 0.028125 -0.097780 0.872716 -0.106017 -0.476578
0.019021 0.021094 -0.090942 0.872716 -0.106017 -0.476578
0.026195 0.028125 -0.079369 0.872716 -0.106017 -0.476578
0.014727 0.007031 -0.095676 0.872716 -0.106017 -0.476578
0.092677 0.150811 -0.291349 0.660700 0.658449 -0.360444
0.086957 0.150662 -0.302107 0.660700 0.658449 -0.360445
0.092677 0.133820 -0.322388 0.660700 0.658449 -0.360445
0.075516 0.167356 -0.292583 0.660699 0.658450 -0.360445
0.185506 0.165200 -0.178831 0.668770 -0.513707 -0.537450
0.144104 0.140479 -0.253255 0.493876 0.705040 -0.508925
0.125527 0.155657 -0.250257 0.493876 0.705041 -0.508925
0.105534 0.152476 -0.274066 0.493876 0.705040 -0.508925
0.126943 0.174015 -0.223450 0.493876 0.705041 -0.508925
0.192858 0.237846 -0.220383 0.482279 -0.416008 -0.770938
0.175917 0.201486 -0.204235 0.287048 -0.497329 -0.818699
0.149386 0.201412 -0.213492 0.287048 -0.497329 -0.818699
0.134896 0.189267 -0.211195 0.287048 -0.497329 -0.818699
0.137346 0.213482 -0.225046 0.287048 -0.497329 -0.818699
0.214100 0.193372 -0.148296 0.822473 -0.342842 -0.453871
0.208789 0.204491 -0.166318 0.822473 -0.342841 -0.453871
0.195718 0.202512 -0.188511 0.822473 -0.342841 -0.453871
0.216550 0.217588 -0.162147 0.822473 -0.342841 -0.453871
-0.033744 0.132777 -0.150191 -0.558129 -0.404426 -0.724521
-0.011412 0.088636 -0.140440 0.326335 -0.043493 -0.944253
0.002013 0.096194 -0.136148 0.326335 -0.043493 -0.944253
0.003519 0.115947 -0.136538 0.326335 -0.043492 -0.944253
0.013932 0.084000 -0.131467 0.326335 -0.043493 -0.944253
-0.055937 0.063421 -0.070842 -0.988327 -0.129489 -0.080262
-0.040136 0.091303 -0.113235 -0.786980 -0.338402 -0.515894
-0.030728 0.077712 -0.118671 -0.786980 -0.338403 -0.515894
-0.022325 0.082475 -0.134614 -0.786979 -0.338403 -0.515894
-0.029723 0.059357 -0.108164 -0.786980 -0.338403 -0.515894
-0.050151 0.032291 -0.080254 -0.755368 0.056977 -0.652819
-0.038239 0.033453 -0.093936 -0.755368 0.056977 -0.652819
-0.032227 0.044604 -0.099919 -0.755368 0.056977 -0.652819
-0.032340 0.023463 -0.101634 -0.755368 0.056977 -0.652820
-0.040747 0.056374 -0.049123 -0.825011 -0.041295 0.563606
-0.044629 0.042281 -0.055839 -0.825011 -0.041295 0.563606
-0.052281 0.035234 -0.067555 -0.825011 -0.041295 0.563606
-0.040860 0.035234 -0.050838 -0.825011 -0.041294 0.563606
0.124371 0.028125 -0.097779 -0.883765 -0.104705 -0.456067
0.121675 0.021094 -0.090941 -0.883765 -0.104705 -0.456067
0.125785 0.007031 -0.095676 -0.883765 -0.104705 -0.456067
0.114870 0.028125 -0.079368 -0.883765 -0.104705 -0.456067
0.138454 0.023448 -0.124366 -0.887041 -0.112887 -0.447677
0.131177 0.033406 -0.112459 -0.887041 -0.112887 -0.447677
0.127538 0.032229 -0.104952 -0.887041 -0.112886 -0.447677
0.127539 0.044541 -0.108059 -0.887041 -0.112887 -0.447677
0.118549 0.076278 -0.123306 -0.856879 -0.427195 -0.288553
0.116249 0.073029 -0.111664 -0.856879 -0.427195 -0.288553
0.122563 0.057749 -0.107794 -0.856879 -0.427195 -0.288553
0.107634 0.085060 -0.103892 -0.856879 -0.427195 -0.288553
0.151002 0.088636 -0.140440 -0.326343 -0.043490 -0.944251
0.137578 0.096194 -0.136148 -0.326343 -0.043489 -0.944250
0.125659 0.084000 -0.131467 -0.326343 -0.043490 -0.944250
0.136072 0.115947 -0.136538 -0.326343 -0.043489 -0.944250
0.139169 0.137429 -0.171011 0.526029 -0.839708 0.134849
0.134697 0.128217 -0.210928 0.526029 -0.839708 0.134848
0.117761 0.115889 -0.221627 0.526029 -0.839708 0.134849
0.147161 0.131333 -0.240146 0.526029 -0.839708 0.134849
0.140896 0.130198 -0.141410 -0.158863 -0.619453 -0.768792
0.152048 0.138949 -0.150765 -0.158863 -0.619453 -0.768792
0.144953 0.141006 -0.150957 -0.158863 -0.619453 -0.768792
0.170296 0.145642 -0.159929 -0.158863 -0.619453 -0.768792
0.187530 0.139488 -0.110067 0.838133 -0.502365 -0.212514
0.187024 0.145916 -0.127258 0.838133 -0.502365 -0.212514
0.181955 0.147964 -0.152093 0.838133 -0.502365 -0.212514
0.191588 0.150296 -0.119614 0.838134 -0.502364 -0.212514
0.063163 0.123655 -0.054149 0.000000 -0.997612 0.069073
0.078965 0.124612 -0.040324 -0.000000 -0.997612 0.069073
0.100881 0.123655 -0.054149 -0.000000 -0.997612 0.069073
0.072852 0.126527 -0.012674 0.000000 -0.997612 0.069073
0.063510 0.119826 -0.109449 -0.000000 -0.997612 0.069073
0.050937 0.121741 -0.081799 -0.000000 -0.997612 0.069073
0.053820 0.122698 -0.067974 -0.000000 -0.997612 0.069073
0.035481 0.122698 -0.067974 0.000000 -0.997612 0.069073
0.046913 0.088235 -0.345314 -0.455978 -0.877046 -0.151240
0.052634 0.090941 -0.378254 -0.455979 -0.877046 -0.151240
0.046913 0.096860 -0.395335 -0.455978 -0.877046 -0.151240
0.064075 0.087727 -0.394113 -0.455979 -0.877046 -0.151240
0.034687 0.105665 -0.238091 -0.473002 -0.871193 0.131497
0.043464 0.097544 -0.260321 -0.473002 -0.871193 0.131497
0.043857 0.090436 -0.306003 -0.473002 -0.871193 0.131497
0.051849 0.096532 -0.236869 -0.473002 -0.871193 0.131497
0.000422 0.137429 -0.171012 -0.526028 -0.839708 0.134851
0.004894 0.128217 -0.210928 -0.526028 -0.839708 0.134851
-0.007570 0.131333 -0.240146 -0.526028 -0.839708 0.134851
0.021831 0.115889 -0.221627 -0.526028 -0.839708 0.134851
-0.030705 0.145642 -0.159930 0.158843 -0.619490 -0.768766
-0.012457 0.138949 -0.150766 0.158843 -0.619490 -0.768766
-0.005362 0.141006 -0.150958 0.158843 -0.619490 -0.768766
-0.001305 0.130198 -0.141410 0.158843 -0.619490 -0.768766
-0.051997 0.150296 -0.119615 -0.838143 -0.502351 -0.212509
-0.047434 0.145916 -0.127259 -0.838142 -0.502351 -0.212509
-0.042364 0.147964 -0.152094 -0.838143 -0.502351 -0.212510
-0.047940 0.139488 -0.110067 -0.838142 -0.502352 -0.212509
-0.075551 0.182475 -0.129671 -0.742246 -0.630966 -0.225726
-0.072324 0.171799 -0.110441 -0.742246 -0.630966 -0.225726
-0.060294 0.158924 -0.114009 -0.742246 -0.630966 -0.225726
-0.081127 0.173999 -0.087644 -0.742246 -0.630966 -0.225726
0.069795 0.252755 -0.260363 -0.000002 -0.347339 -0.937740
0.083469 0.228180 -0.247432 0.253960 -0.335951 -0.906996
0.110816 0.230597 -0.240670 0.253960 -0.335950 -0.906996
0.124490 0.240399 -0.240472 0.253960 -0.335951 -0.906996
0.124490 0.223211 -0.234105 0.253959 -0.335951 -0.906996
0.015101 0.240399 -0.240472 -0.253963 -0.335951 -0.906995
0.028775 0.230597 -0.240670 -0.253963 -0.335950 -0.906995
0.056122 0.228180 -0.247432 -0.253964 -0.335950 -0.906995
0.015101 0.223211 -0.234105 -0.253963 -0.335950 -0.906995
-0.056451 0.105061 -0.071619 -0.958919 -0.017120 -0.283163
-0.050774 0.111990 -0.091262 -0.958919 -0.017120 -0.283163
-0.049053 0.128180 -0.098068 -0.958919 -0.017120 -0.283163
-0.046818 0.102729 -0.104098 -0.958919 -0.017120 -0.283163
-0.043689 0.097355 -0.040512 -0.808708 -0.201917 0.552468
-0.046751 0.088871 -0.048094 -0.808708 -0.201917 0.552468
-0.055110 0.097355 -0.057229 -0.808708 -0.201917 0.552468
-0.041454 0.071904 -0.046542 -0.808708 -0.201917 0.552468
-0.010719 0.100377 -0.014545 -0.575144 0.034626 0.817319
-0.023700 0.110226 -0.024097 -0.575144 0.034626 0.817319
-0.024375 0.125827 -0.025233 -0.575144 0.034626 0.817319
-0.036006 0.104473 -0.032513 -0.575144 0.034626 0.817319
0.017645 0.091831 -0.035893 0.611184 -0.532517 0.585559
0.007815 0.084729 -0.032092 0.611184 -0.532517 0.585559
-0.000214 0.091878 -0.017210 0.611184 -0.532517 0.585559
0.006014 0.070477 -0.043173 0.611184 -0.532517 0.585559
0.176752 0.028187 -0.045838 0.830108 -0.032493 0.556656
0.173124 0.021140 -0.040839 0.830108 -0.032493 0.556656
0.165544 0.028187 -0.029123 0.830108 -0.032493 0.556656
0.177076 0.007047 -0.047555 0.830108 -0.032493 0.556656
0.180338 0.056374 -0.049123 0.825026 -0.041305 0.563583
0.184220 0.042281 -0.055839 0.825026 -0.041306 0.563583
0.180451 0.035234 -0.050838 0.825026 -0.041306 0.563583
0.191871 0.035234 -0.067555 0.825026 -0.041306 0.563583
0.183281 0.097355 -0.040512 0.808722 -0.201923 0.552446
0.186342 0.088871 -0.048094 0.808722 -0.201923 0.552446
0.181045 0.071904 -0.046542 0.808722 -0.201923 0.552446
0.194701 0.097355 -0.057229 0.808722 -0.201923 0.552446
0.150310 0.100377 -0.014545 0.575143 0.034635 0.817319
0.163291 0.110226 -0.024097 0.575143 0.034635 0.817319
0.175597 0.104473 -0.032513 0.575143 0.034634 0.817319
0.163966 0.125827 -0.025233 0.575143 0.034635 0.817319
0.220717 0.173999 -0.087644 0.742250 -0.630960 -0.225729
0.211914 0.171799 -0.110441 0.742250 -0.630960 -0.225729
0.199884 0.158924 -0.114008 0.742251 -0.630960 -0.225729
0.215141 0.182475 -0.129670 0.742250 -0.630960 -0.225729
-0.007736 0.000000 -0.075159 0.000000 -1.000000 0.000000
0.001113 0.000000 -0.073976 0.000000 -1.000000 0.000000
0.008758 0.000000 -0.090021 0.000000 -1.000000 0.000000
0.002318 0.000000 -0.056748 0.000000 -1.000000 0.000000
-0.211439 0.685341 0.072714 -0.923418 0.035040 -0.382192
-0.213569 0.701259 0.162102 -0.944249 0.319514 -0.079401
-0.208444 0.716400 0.162085 -0.944249 0.319513 -0.079401
-0.207446 0.726753 0.191875 -0.944249 0.319513 -0.079401
-0.204318 0.721188 0.132278 -0.944249 0.319513 -0.079401
-0.209631 0.638864 0.183368 -0.990354 -0.132782 -0.039585
-0.210083 0.650483 0.155705 -0.990355 -0.132781 -0.039585
-0.214115 0.679287 0.159975 -0.990355 -0.132782 -0.039585
-0.206502 0.633299 0.123771 -0.990354 -0.132782 -0.039585
-0.121610 0.561625 0.009538 -0.497752 -0.637547 -0.588028
-0.165535 0.576459 0.075826 -0.813659 -0.356164 -0.459463
-0.177011 0.603679 0.075048 -0.813659 -0.356164 -0.459463
-0.195478 0.617697 0.096885 -0.813659 -0.356164 -0.459463
-0.170020 0.616882 0.052433 -0.813659 -0.356164 -0.459463
-0.146661 0.527999 0.144208 -0.543943 -0.784755 -0.297127
-0.140398 0.536406 0.110541 -0.543944 -0.784755 -0.297127
-0.153331 0.554034 0.087657 -0.543943 -0.784756 -0.297127
-0.121202 0.527184 0.099757 -0.543944 -0.784755 -0.297127
0.004870 0.510409 0.060399 -0.383950 -0.915007 0.123875
-0.056503 0.504149 0.107544 -0.207143 -0.897710 -0.388855
-0.072780 0.518518 0.083043 -0.207144 -0.897710 -0.388855
-0.098663 0.521221 0.090591 -0.207144 -0.897710 -0.388855
-0.063173 0.530184 0.050993 -0.207144 -0.897710 -0.388856
-0.013462 0.473931 0.172256 -0.127578 -0.936601 -0.326347
-0.008879 0.483050 0.144292 -0.127578 -0.936601 -0.326347
-0.035203 0.492326 0.127961 -0.127578 -0.936601 -0.326347
0.022028 0.482894 0.132659 -0.127579 -0.936601 -0.326347
0.134725 0.510409 0.060399 0.384028 -0.914985 0.123795
0.091571 0.485881 0.119460 -0.000000 -0.923527 -0.383534
0.069896 0.492013 0.104695 -0.000000 -0.923527 -0.383534
0.048286 0.485881 0.119460 -0.000000 -0.923527 -0.383534
0.069830 0.504277 0.075164 0.000000 -0.923527 -0.383534
0.153323 0.473931 0.172256 0.127958 -0.936440 -0.326661
0.148673 0.483050 0.144292 0.127958 -0.936440 -0.326661
0.117830 0.482894 0.132659 0.127958 -0.936440 -0.326661
0.174867 0.492326 0.127961 0.127958 -0.936440 -0.326661
0.261212 0.561625 0.009538 0.497790 -0.637552 -0.587990
0.238265 0.521221 0.090591 0.207132 -0.897711 -0.388860
0.212380 0.518518 0.083043 0.207131 -0.897711 -0.388859
0.196103 0.504149 0.107544 0.207130 -0.897711 -0.388859
0.202772 0.530184 0.050993 0.207131 -0.897711 -0.388860
0.286260 0.527999 0.144207 0.543976 -0.784735 -0.297120
0.279998 0.536406 0.110540 0.543976 -0.784735 -0.297120
0.260804 0.527184 0.099756 0.543976 -0.784735 -0.297120
0.292930 0.554034 0.087656 0.543976 -0.784735 -0.297120
0.351034 0.685341 0.072714 0.923425 0.035042 -0.382175
0.335074 0.617697 0.096884 0.813681 -0.356147 -0.459437
0.316608 0.603679 0.075047 0.813681 -0.356147 -0.459437
0.305133 0.576459 0.075825 0.813681 -0.356147 -0.459437
0.309618 0.616882 0.052433 0.813681 -0.356147 -0.459437
-0.279357 0.409430 -0.081011 0.452504 0.891762 0.000008
-0.214168 0.422939 -0.081011 -0.202917 0.979196 0.000010
-0.243141 0.411322 -0.086624 -0.144986 0.699642 -0.699628
-0.235898 0.401598 -0.097849 -0.144985 0.699642 -0.699628
-0.214168 0.372425 -0.131526 -0.202929 0.000003 -0.979194
-0.221411 0.398987 -0.103462 -0.144985 0.699642 -0.699629
-0.243141 0.394484 -0.103462 -0.144986 0.699642 -0.699629
-0.214168 0.372425 -0.030498 -0.202918 0.000003 0.979196
-0.221411 0.398987 -0.058561 -0.144983 0.699629 0.699643
-0.235898 0.401598 -0.064173 -0.144983 0.699629 0.699642
-0.243141 0.411322 -0.075398 -0.144983 0.699629 0.699642
-0.243141 0.394484 -0.058561 -0.144983 0.699628 0.699643
-0.279357 0.372425 -0.044007 0.452499 -0.000000 0.891765
-0.250384 0.376537 -0.042115 -0.144986 0.699626 0.699645
-0.257627 0.384760 -0.051839 -0.144986 0.699626 0.699645
-0.250384 0.388872 -0.054449 -0.144986 0.699626 0.699645
-0.272114 0.388872 -0.058952 -0.144986 0.699626 0.699645
-0.279357 0.335420 -0.081011 0.452502 -0.891764 0.000008
-0.250384 0.355978 -0.054449 -0.144986 -0.699626 0.699644
-0.257627 0.360090 -0.051839 -0.144986 -0.699626 0.699645
-0.250384 0.368313 -0.042115 -0.144986 -0.699626 0.699645
-0.272114 0.355978 -0.058952 -0.144987 -0.699626 0.699645
-0.279357 0.360090 -0.064565 1.000000 0.000000 0.000000
-0.279357 0.372425 -0.068676 1.000000 0.000000 0.000000
-0.279357 0.372425 -0.076899 1.000000 0.000000 0.000000
-0.279357 0.384760 -0.064565 1.000000 0.000000 0.000000
-0.279357 0.372425 -0.085123 1.000000 0.000000 0.000000
-0.279357 0.372425 -0.093346 1.000000 0.000000 0.000000
-0.279357 0.372425 -0.118016 0.452496 -0.000000 -0.891767
-0.279357 0.360090 -0.097458 1.000000 0.000000 0.000000
-0.279357 0.384760 -0.097458 1.000000 0.000000 0.000000
-0.250384 0.376537 -0.119909 -0.144995 0.699634 -0.699635
-0.257627 0.384760 -0.110184 -0.144995 0.699634 -0.699634
-0.272114 0.388872 -0.103070 -0.144995 0.699634 -0.699634
-0.250384 0.388872 -0.107574 -0.144994 0.699635 -0.699634
-0.272114 0.355978 -0.103070 -0.144995 -0.699635 -0.699634
-0.257627 0.360090 -0.110184 -0.144995 -0.699634 -0.699634
-0.250384 0.368313 -0.119909 -0.144995 -0.699634 -0.699635
-0.250384 0.355978 -0.107574 -0.144994 -0.699635 -0.699634
-0.214168 0.321910 -0.081011 -0.202931 -0.979193 0.000010
-0.243141 0.333527 -0.086624 -0.144995 -0.699634 -0.699634
-0.235898 0.343252 -0.097849 -0.144995 -0.699634 -0.699634
-0.243141 0.350366 -0.103462 -0.144995 -0.699635 -0.699634
-0.221411 0.345862 -0.103462 -0.144995 -0.699634 -0.699634
-0.243141 0.350366 -0.058561 -0.144992 -0.699621 0.699648
-0.235898 0.343252 -0.064173 -0.144992 -0.699621 0.699649
-0.243141 0.333527 -0.075398 -0.144992 -0.699621 0.699649
-0.221411 0.345862 -0.058561 -0.144992 -0.699621 0.699648
-0.136572 0.898924 0.064806 -0.749863 0.581183 -0.316121
-0.161384 0.839828 0.126474 -0.929659 0.367787 -0.021597
-0.154510 0.858736 0.152581 -0.929659 0.367787 -0.021597
-0.160489 0.845340 0.181840 -0.929659 0.367787 -0.021597
-0.141657 0.891041 0.149430 -0.929659 0.367787 -0.021597
-0.147442 0.747571 0.004407 -0.789253 0.281132 -0.545935
-0.166513 0.770722 0.081174 -0.939871 0.182661 -0.288578
-0.159028 0.802773 0.077082 -0.939871 0.182661 -0.288578
-0.162890 0.821173 0.101307 -0.939871 0.182660 -0.288578
-0.147681 0.816423 0.048765 -0.939871 0.182661 -0.288578
-0.019753 0.885206 -0.056688 -0.405812 0.460491 -0.789471
-0.089484 0.825559 -0.016035 -0.665404 0.317409 -0.675639
-0.101256 0.843900 0.004175 -0.665404 0.317410 -0.675639
-0.128423 0.830132 0.024463 -0.665404 0.317409 -0.675639
-0.085860 0.876010 0.004098 -0.665404 0.317409 -0.675639
-0.105456 0.672867 -0.055622 -0.649672 -0.023865 -0.759840
-0.114594 0.729662 -0.029061 -0.622050 0.247339 -0.742884
-0.090884 0.768548 -0.035968 -0.622050 0.247339 -0.742884
-0.086026 0.800442 -0.029416 -0.622050 0.247339 -0.742884
-0.072031 0.775540 -0.049426 -0.622050 0.247339 -0.742884
-0.005739 0.668486 -0.113150 -0.462398 0.079208 -0.883128
-0.051615 0.694513 -0.081308 -0.484188 0.191139 -0.853831
-0.043649 0.742186 -0.075153 -0.484188 0.191139 -0.853831
-0.056286 0.766753 -0.062488 -0.484188 0.191139 -0.853831
-0.023047 0.765293 -0.081664 -0.484188 0.191139 -0.853831
-0.101556 0.622939 -0.033054 -0.472325 -0.393422 -0.788751
-0.077602 0.634326 -0.053078 -0.472325 -0.393422 -0.788751
-0.062932 0.658560 -0.073950 -0.472325 -0.393422 -0.788751
-0.068317 0.621479 -0.052230 -0.472325 -0.393422 -0.788751
-0.039809 0.566222 -0.022854 -0.894406 -0.399875 -0.200343
-0.072379 0.575542 -0.018490 -0.269895 -0.585230 -0.764632
-0.055719 0.598778 -0.042155 -0.269895 -0.585230 -0.764633
-0.061023 0.609630 -0.048589 -0.269895 -0.585229 -0.764633
-0.033756 0.611162 -0.059386 -0.269895 -0.585230 -0.764632
0.372497 0.310024 -0.082277 0.686058 -0.678595 -0.262360
0.313141 0.382872 -0.147531 0.045972 0.088605 -0.995005
0.346117 0.350075 -0.117903 0.030237 -0.653129 -0.756642
0.352712 0.357330 -0.123902 0.030237 -0.653129 -0.756642
0.372497 0.379093 -0.141897 0.632490 0.062527 -0.772041
0.346117 0.373098 -0.137777 0.030237 -0.653130 -0.756642
0.365902 0.348816 -0.116025 0.030237 -0.653130 -0.756642
0.298580 0.311616 -0.085390 -0.000677 -0.994692 0.102899
0.313265 0.343108 -0.112662 0.017464 -0.659182 -0.751780
0.328073 0.334837 -0.105066 0.017464 -0.659182 -0.751781
0.337904 0.342578 -0.111625 0.017463 -0.659182 -0.751780
0.333050 0.318826 -0.090911 0.017464 -0.659182 -0.751781
0.372497 0.379113 -0.020152 0.380338 0.056210 0.923138
0.339645 0.341438 -0.056049 -0.045669 -0.667939 0.742813
0.347858 0.333584 -0.062606 -0.045670 -0.667939 0.742813
0.339645 0.318408 -0.076758 -0.045669 -0.667939 0.742813
0.364284 0.340907 -0.055012 -0.045670 -0.667939 0.742813
0.320015 0.376753 -0.015101 0.045305 0.041847 0.998096
0.316320 0.348065 -0.046902 0.097044 -0.744595 0.660424
0.330364 0.355827 -0.040214 0.097044 -0.744595 0.660424
0.333814 0.348852 -0.048585 0.097043 -0.744595 0.660424
0.340959 0.370564 -0.025156 0.097044 -0.744595 0.660424
0.287717 0.432385 -0.085616 0.142496 0.982490 0.120032
0.311492 0.401741 -0.047002 0.023429 0.790062 0.612579
0.326743 0.396084 -0.040290 0.023429 0.790062 0.612579
0.339752 0.383983 -0.025181 0.023429 0.790062 0.612579
0.328986 0.402527 -0.048686 0.023429 0.790062 0.612579
0.272296 0.378540 -0.015329 0.051929 -0.202002 0.978008
0.295218 0.383729 -0.023037 0.026689 0.790715 0.611602
0.293343 0.395893 -0.038682 0.026689 0.790716 0.611602
0.300358 0.401677 -0.046466 0.026689 0.790716 0.611601
0.284452 0.402273 -0.046542 0.026688 0.790716 0.611602
-0.023764 0.969773 0.061694 -0.197183 0.903473 -0.380599
0.159201 0.885206 -0.056688 0.305989 0.494596 -0.813478
0.057999 0.922791 -0.004074 -0.000000 0.813706 -0.581277
0.038561 0.913395 -0.017227 -0.000000 0.813706 -0.581277
0.059336 0.894602 -0.043534 0.000000 0.813706 -0.581277
-0.001652 0.922791 -0.004074 0.000000 0.813706 -0.581277
0.164642 0.969773 0.061694 0.234519 0.913125 -0.333472
0.141290 0.932188 0.009080 -0.000000 0.813706 -0.581277
0.100026 0.941584 0.022233 -0.000000 0.813706 -0.581277
0.078488 0.932188 0.009080 -0.000000 0.813706 -0.581277
0.080301 0.960377 0.048540 0.000000 0.813706 -0.581277
0.069726 1.000000 0.211910 0.000065 0.992477 0.122428
0.101523 0.983207 0.128457 0.000000 0.980349 -0.197269
0.070201 0.979849 0.111766 0.000000 0.980349 -0.197270
0.070360 0.973132 0.078385 -0.000000 0.980349 -0.197270
0.038721 0.983207 0.128457 -0.000000 0.980349 -0.197269
0.182135 0.981786 0.184351 0.402324 0.912619 0.072542
0.161870 0.978471 0.132899 0.131308 0.984630 -0.115161
0.138834 0.983853 0.152652 0.131309 0.984630 -0.115161
0.124401 0.984542 0.142085 0.131309 0.984630 -0.115161
0.130232 0.988546 0.182971 0.131309 0.984630 -0.115162
0.157081 0.959429 0.262608 0.230127 0.913783 0.334728
0.135242 0.969572 0.249933 0.230127 0.913783 0.334728
0.129034 0.983786 0.215398 0.230127 0.913783 0.334728
0.119611 0.965501 0.271794 0.230127 0.913783 0.334728
0.219530 0.946214 0.223840 0.431812 0.834336 0.342668
0.203114 0.941393 0.256265 0.431813 0.834336 0.342668
0.179705 0.950036 0.264718 0.431813 0.834336 0.342668
0.210107 0.927928 0.280236 0.431812 0.834337 0.342667
0.066011 0.788886 -0.081782 0.000000 0.252114 -0.967698
0.044570 0.812966 -0.075509 0.000000 0.252114 -0.967698
0.006359 0.788886 -0.081782 -0.000000 0.252114 -0.967698
0.061339 0.861126 -0.062962 -0.000000 0.252114 -0.967698
0.145425 0.668486 -0.113150 0.465119 0.104840 -0.879018
0.079772 0.692566 -0.106876 -0.000000 0.252114 -0.967698
0.099629 0.740726 -0.094329 -0.000000 0.252114 -0.967698
0.084364 0.764806 -0.088056 -0.000000 0.252114 -0.967698
0.134752 0.764806 -0.088056 0.000000 0.252114 -0.967698
0.245052 0.672867 -0.055627 0.649734 -0.023671 -0.759793
0.191234 0.694513 -0.081311 0.484426 0.191594 -0.853594
0.183226 0.742186 -0.075155 0.484426 0.191594 -0.853594
0.162617 0.765293 -0.081664 0.484426 0.191594 -0.853594
0.195826 0.766753 -0.062490 0.484426 0.191594 -0.853594
0.207956 0.621479 -0.052231 0.472633 -0.393312 -0.788622
0.217230 0.634326 -0.053080 0.472633 -0.393312 -0.788622
0.202569 0.658560 -0.073952 0.472633 -0.393312 -0.788622
0.241165 0.622939 -0.033056 0.472633 -0.393312 -0.788622
0.299337 0.628970 0.030376 0.759401 -0.243190 -0.603464
0.285766 0.639944 0.008875 0.759401 -0.243189 -0.603465
0.264010 0.624812 -0.012405 0.759401 -0.243189 -0.603465
0.293951 0.666051 0.008654 0.759401 -0.243189 -0.603465
-0.027780 0.575739 -0.100077 -0.969117 0.212721 -0.124746
-0.030787 0.573360 -0.080771 -0.969117 0.212721 -0.124746
-0.039136 0.541651 -0.069978 -0.969117 0.212721 -0.124746
-0.025445 0.602689 -0.072258 -0.969117 0.212721 -0.124746
-0.020683 0.515201 -0.143226 -0.865026 0.176489 -0.469662
-0.016947 0.553522 -0.135707 -0.865026 0.176489 -0.469662
-0.023166 0.569127 -0.118389 -0.865026 0.176489 -0.469661
-0.006992 0.576239 -0.145506 -0.865026 0.176489 -0.469662
0.064756 0.596585 -0.146266 -0.000000 0.418344 -0.908289
0.047132 0.614560 -0.137987 -0.000000 0.418344 -0.908289
0.014368 0.596585 -0.146266 0.000000 0.418344 -0.908289
0.062273 0.650511 -0.121429 -0.000000 0.418344 -0.908289
0.078197 0.524684 -0.179383 -0.000000 0.418344 -0.908289
0.095004 0.560635 -0.162825 -0.000000 0.418344 -0.908289
0.080713 0.578610 -0.154546 0.000000 0.418344 -0.908289
0.126102 0.578610 -0.154546 -0.000000 0.418344 -0.908289
0.160285 0.515201 -0.143226 0.865007 0.176047 -0.469862
0.156570 0.553522 -0.135707 0.865007 0.176047 -0.469862
0.146624 0.576239 -0.145506 0.865007 0.176047 -0.469862
0.162801 0.569127 -0.118389 0.865007 0.176047 -0.469862
-0.148126 0.432385 -0.085616 -0.142634 0.982457 0.120144
-0.102923 0.428499 -0.108681 0.155547 0.977844 0.140091
-0.095736 0.423639 -0.082737 0.155547 0.977844 0.140091
-0.106012 0.421694 -0.057752 0.155547 0.977844 0.140091
-0.078272 0.420723 -0.081777 0.155547 0.977844 0.140091
-0.137764 0.382876 -0.146847 -0.073887 -0.120906 -0.989910
-0.134274 0.410057 -0.120838 -0.493800 0.633444 -0.595743
-0.116932 0.414911 -0.130051 -0.493800 0.633444 -0.595743
-0.109988 0.425590 -0.124453 -0.493801 0.633444 -0.595743
-0.106534 0.409087 -0.144863 -0.493801 0.633444 -0.595743
-0.110998 0.357017 -0.122131 0.225445 -0.541048 -0.810211
-0.099475 0.375131 -0.131021 0.225445 -0.541048 -0.810211
-0.100715 0.395827 -0.145186 0.225445 -0.541047 -0.810211
-0.086712 0.372549 -0.125745 0.225446 -0.541048 -0.810211
-0.158989 0.311616 -0.085396 0.000662 -0.994697 0.102842
-0.142530 0.343446 -0.113055 -0.022974 -0.648956 -0.760479
-0.130836 0.335845 -0.106922 -0.022973 -0.648956 -0.760479
-0.121451 0.343921 -0.114098 -0.022973 -0.648956 -0.760479
-0.128526 0.320168 -0.093614 -0.022973 -0.648956 -0.760479
-0.132522 0.378540 -0.015329 -0.051989 -0.202352 0.977932
-0.140200 0.341519 -0.054603 0.050141 -0.731622 0.679864
-0.129088 0.334400 -0.063083 0.050141 -0.731622 0.679864
-0.127944 0.319686 -0.079001 0.050141 -0.731622 0.679864
-0.119121 0.341994 -0.055645 0.050140 -0.731622 0.679864
0.041679 0.959406 0.290593 -0.000000 0.888694 0.458500
0.069726 0.951287 0.306329 -0.000000 0.888694 0.458500
0.069726 0.935049 0.337802 0.000000 0.888694 0.458500
0.097773 0.959406 0.290593 0.000000 0.888694 0.458500
-0.042682 0.981786 0.184351 -0.404184 0.912081 0.068873
-0.017629 0.959429 0.262608 -0.230129 0.913783 0.334727
0.004210 0.969572 0.249933 -0.230129 0.913783 0.334727
0.019841 0.965501 0.271794 -0.230129 0.913783 0.334727
0.010418 0.983786 0.215398 -0.230129 0.913783 0.334727
-0.021784 0.978471 0.132899 -0.130933 0.984508 -0.116617
0.001093 0.983853 0.152652 -0.130934 0.984508 -0.116617
0.009379 0.988546 0.182971 -0.130933 0.984508 -0.116618
0.015685 0.984542 0.142085 -0.130934 0.984508 -0.116617
-0.082309 0.943624 0.117591 -0.527958 0.833470 -0.163060
-0.067673 0.950161 0.103617 -0.527958 0.833470 -0.163059
-0.044706 0.967240 0.116554 -0.527959 0.833469 -0.163060
-0.076003 0.939619 0.076706 -0.527958 0.833470 -0.163059
-0.072118 0.900699 0.010463 -0.462815 0.713822 -0.525605
-0.060030 0.917968 0.023271 -0.462815 0.713822 -0.525605
-0.073455 0.928888 0.049924 -0.462815 0.713822 -0.525604
-0.034516 0.924316 0.009426 -0.462815 0.713822 -0.525605
0.418947 0.409430 -0.081011 0.677812 0.735236 0.000007
0.353759 0.372425 -0.131526 0.202932 0.000003 -0.979193
0.382731 0.394484 -0.103462 0.144988 0.699642 -0.699629
0.375488 0.401598 -0.097849 0.144988 0.699642 -0.699628
0.353759 0.422939 -0.081011 0.202920 0.979195 0.000010
0.361002 0.398987 -0.103462 0.144987 0.699642 -0.699628
0.382731 0.411322 -0.086624 0.144988 0.699642 -0.699628
0.418947 0.372425 -0.118016 0.677815 -0.000000 -0.735232
0.389975 0.376537 -0.119909 0.144997 0.699634 -0.699634
0.397218 0.384760 -0.110184 0.144997 0.699634 -0.699634
0.389975 0.388872 -0.107574 0.144997 0.699634 -0.699634
0.411704 0.388872 -0.103070 0.144997 0.699634 -0.699634
0.418947 0.335420 -0.081011 0.677816 -0.735231 0.000007
0.418947 0.360090 -0.097458 1.000000 0.000000 0.000000
0.418947 0.372425 -0.093346 1.000000 0.000000 0.000000
0.418947 0.384760 -0.097458 1.000000 0.000000 0.000000
0.418947 0.372425 -0.085123 1.000000 0.000000 0.000000
0.389975 0.368313 -0.119909 0.144997 -0.699634 -0.699634
0.397218 0.360090 -0.110184 0.144997 -0.699634 -0.699634
0.411704 0.355978 -0.103070 0.144997 -0.699634 -0.699634
0.389975 0.355978 -0.107574 0.144996 -0.699635 -0.699634
0.353759 0.321910 -0.081011 0.202934 -0.979192 0.000010
0.361002 0.345862 -0.103462 0.144997 -0.699634 -0.699634
0.375488 0.343252 -0.097849 0.144997 -0.699634 -0.699634
0.382731 0.350366 -0.103462 0.144997 -0.699634 -0.699634
0.382731 0.333527 -0.086624 0.144997 -0.699634 -0.699634
0.245603 0.421694 -0.057752 -0.155554 0.977844 0.140085
0.235327 0.423638 -0.082737 -0.155554 0.977844 0.140085
0.242514 0.428498 -0.108681 -0.155554 0.977844 0.140084
0.217863 0.420723 -0.081777 -0.155554 0.977844 0.140084
0.272646 0.405862 -0.045409 0.450612 0.658200 0.603094
0.257926 0.406661 -0.035283 0.450612 0.658199 0.603094
0.253136 0.416035 -0.041934 0.450612 0.658199 0.603094
0.247996 0.398086 -0.018505 0.450612 0.658200 0.603093
0.249370 0.352819 -0.046702 -0.221946 -0.668255 0.710053
0.240469 0.366879 -0.036252 -0.221947 -0.668255 0.710053
0.242177 0.384826 -0.018828 -0.221947 -0.668255 0.710053
0.229860 0.362992 -0.043226 -0.221948 -0.668255 0.710052
0.279872 0.341518 -0.054600 -0.050162 -0.731532 0.679959
0.268741 0.334398 -0.063081 -0.050162 -0.731532 0.679959
0.258794 0.341992 -0.055645 -0.050163 -0.731532 0.679959
0.267556 0.319684 -0.078998 -0.050162 -0.731533 0.679959
0.277355 0.382876 -0.146847 0.073927 -0.120922 -0.989905
0.282121 0.343445 -0.113052 0.023086 -0.648972 -0.760462
0.270427 0.335844 -0.106920 0.023086 -0.648972 -0.760462
0.268118 0.320166 -0.093611 0.023086 -0.648972 -0.760462
0.261043 0.343920 -0.114097 0.023085 -0.648972 -0.760462
0.278877 0.898924 0.064806 0.751590 0.579914 -0.314343
0.302168 0.839828 0.126474 0.932106 0.362151 -0.004997
0.294962 0.858736 0.152581 0.932106 0.362150 -0.004997
0.282394 0.891041 0.149430 0.932106 0.362150 -0.004997
0.300323 0.845340 0.181840 0.932106 0.362151 -0.004998
0.287039 0.747571 0.004407 0.789412 0.276163 -0.548236
0.288481 0.816423 0.048765 0.943169 0.165792 -0.288002
0.299527 0.802773 0.077082 0.943169 0.165792 -0.288002
0.303690 0.821173 0.101307 0.943169 0.165792 -0.288002
0.306411 0.770722 0.081174 0.943169 0.165792 -0.288002
0.320551 0.721497 0.052280 0.806092 0.521117 -0.280450
0.323580 0.731578 0.079718 0.806092 0.521117 -0.280450
0.314428 0.746991 0.082053 0.806092 0.521118 -0.280450
0.335760 0.726247 0.104822 0.806092 0.521117 -0.280450
0.275489 0.707455 -0.014685 0.764303 0.084212 -0.639335
0.294375 0.701926 0.007165 0.764303 0.084213 -0.639334
0.310816 0.711613 0.028095 0.764303 0.084213 -0.639335
0.296820 0.686711 0.008084 0.764303 0.084212 -0.639335
-0.232907 0.379113 -0.020152 0.326680 0.057436 0.943388
-0.195227 0.408271 -0.056150 -0.011911 0.783077 0.621811
-0.204647 0.413314 -0.062682 -0.011911 0.783077 0.621811
-0.232907 0.428444 -0.082277 -0.074799 0.963940 -0.255391
-0.195227 0.424714 -0.076858 -0.011912 0.783077 0.621810
-0.223487 0.406957 -0.055037 -0.011912 0.783077 0.621811
-0.180423 0.376753 -0.015101 -0.045309 0.041810 0.998098
-0.171900 0.401741 -0.047002 -0.023429 0.790062 0.612579
-0.187152 0.396084 -0.040290 -0.023428 0.790062 0.612579
-0.189395 0.402527 -0.048686 -0.023428 0.790061 0.612580
-0.200161 0.383983 -0.025181 -0.023428 0.790062 0.612579
-0.176728 0.348065 -0.046904 -0.097038 -0.744622 0.660395
-0.190773 0.355827 -0.040216 -0.097038 -0.744622 0.660395
-0.201368 0.370564 -0.025156 -0.097038 -0.744622 0.660395
-0.194223 0.348852 -0.048588 -0.097038 -0.744622 0.660396
-0.156752 0.370310 -0.023013 0.030436 -0.728522 0.684346
-0.157311 0.355636 -0.038609 0.030436 -0.728522 0.684346
-0.165574 0.348002 -0.046369 0.030435 -0.728522 0.684346
-0.149607 0.348597 -0.046445 0.030436 -0.728522 0.684346
0.353759 0.372425 -0.030498 0.202921 0.000003 0.979195
0.382731 0.394484 -0.058561 0.144985 0.699628 0.699643
0.375488 0.401598 -0.064173 0.144985 0.699629 0.699642
0.382731 0.411322 -0.075398 0.144985 0.699629 0.699642
0.361002 0.398987 -0.058561 0.144985 0.699628 0.699642
0.418947 0.372425 -0.044007 0.677805 -0.000000 0.735242
0.411704 0.388872 -0.058952 0.144988 0.699625 0.699645
0.397218 0.384760 -0.051839 0.144988 0.699625 0.699645
0.389975 0.388872 -0.054449 0.144988 0.699625 0.699645
0.389975 0.376537 -0.042115 0.144988 0.699626 0.699645
0.411704 0.355978 -0.058952 0.144988 -0.699626 0.699644
0.397218 0.360090 -0.051839 0.144988 -0.699626 0.699644
0.389975 0.368313 -0.042115 0.144988 -0.699626 0.699645
0.389975 0.355978 -0.054449 0.144988 -0.699626 0.699644
0.418947 0.384760 -0.064565 1.000000 0.000000 0.000000
0.418947 0.372425 -0.068676 1.000000 0.000000 0.000000
0.418947 0.360090 -0.064565 1.000000 0.000000 0.000000
0.418947 0.372425 -0.076899 1.000000 0.000000 0.000000
0.372497 0.428444 -0.082277 0.669396 0.718126 -0.190274
0.346117 0.402706 -0.117903 0.108917 0.765746 -0.633853
0.352712 0.396803 -0.123902 0.108917 0.765746 -0.633853
0.365902 0.401447 -0.116025 0.108917 0.765746 -0.633853
0.346117 0.386256 -0.137777 0.108917 0.765746 -0.633853
0.328222 0.425132 -0.091011 0.060744 0.791561 -0.608063
0.324452 0.414567 -0.105141 0.060744 0.791561 -0.608063
0.336697 0.408628 -0.111650 0.060744 0.791561 -0.608063
0.308437 0.409941 -0.112763 0.060744 0.791561 -0.608063
0.285937 0.404880 -0.119709 -0.011907 0.778540 -0.627482
0.292738 0.399378 -0.126665 -0.011906 0.778540 -0.627482
0.297865 0.404878 -0.119937 -0.011905 0.778540 -0.627482
0.294411 0.388375 -0.140348 -0.011906 0.778540 -0.627482
-0.173542 0.382876 -0.147531 -0.045976 0.088635 -0.995003
-0.163099 0.351205 -0.119839 0.014435 -0.655456 -0.755096
-0.156765 0.359123 -0.126591 0.014436 -0.655456 -0.755095
-0.156024 0.374958 -0.140323 0.014436 -0.655456 -0.755096
-0.151173 0.351205 -0.119611 0.014437 -0.655456 -0.755095
-0.232907 0.310023 -0.082277 -0.000928 -0.932705 -0.360639
-0.198309 0.342579 -0.111625 -0.017519 -0.659130 -0.751825
-0.188479 0.334838 -0.105068 -0.017518 -0.659130 -0.751825
-0.173670 0.343110 -0.112665 -0.017519 -0.659130 -0.751825
-0.193458 0.318826 -0.090914 -0.017519 -0.659130 -0.751825
-0.224694 0.340907 -0.055012 0.045738 -0.667932 0.742815
-0.208268 0.333584 -0.062608 0.045738 -0.667932 0.742816
-0.200055 0.318408 -0.076760 0.045738 -0.667932 0.742816
-0.200055 0.341438 -0.056052 0.045738 -0.667932 0.742815
0.307858 0.901823 0.037597 0.572783 0.714532 0.401701
0.354138 0.825136 -0.019469 0.823131 -0.398160 -0.404876
0.333565 0.866137 0.005698 0.788174 0.017866 0.615193
0.338699 0.871451 -0.001034 0.788175 0.017867 0.615192
0.354102 0.887394 -0.021231 -0.145108 0.441172 -0.885613
0.348980 0.861327 -0.013911 0.788175 0.017867 0.615192
0.333553 0.886889 0.005111 0.788175 0.017867 0.615192
0.336015 0.781330 0.036982 0.969890 0.199573 0.139586
0.340941 0.814187 0.011961 0.875774 0.202415 0.438232
0.332670 0.836096 0.018370 0.875774 0.202415 0.438233
0.331555 0.854352 0.012166 0.875774 0.202416 0.438232
0.325514 0.839750 0.030983 0.875774 0.202415 0.438233
0.256386 0.822460 0.197881 0.407814 0.875777 0.258270
0.297496 0.812998 0.108561 0.896785 0.207568 0.390759
0.300086 0.835204 0.090820 0.896785 0.207568 0.390759
0.314653 0.839452 0.055133 0.896785 0.207568 0.390759
0.288110 0.853162 0.108766 0.896785 0.207568 0.390759
0.179400 0.566222 -0.022852 0.894375 -0.400027 -0.200179
0.168635 0.540905 0.017747 0.147780 -0.856345 -0.494807
0.191779 0.546085 0.015695 0.147780 -0.856345 -0.494807
0.210797 0.557977 0.000794 0.147780 -0.856346 -0.494806
0.195905 0.539373 0.028544 0.147779 -0.856345 -0.494807
0.163123 0.508675 0.000999 0.898787 -0.075227 0.431882
0.156023 0.509108 0.015849 0.898787 -0.075227 0.431883
0.156716 0.528580 0.017799 0.898787 -0.075227 0.431883
0.148231 0.490070 0.028749 0.898787 -0.075227 0.431883
0.114409 0.453077 0.034072 0.428885 -0.498053 0.753658
0.119488 0.467410 0.040654 0.428885 -0.498053 0.753658
0.136053 0.476171 0.037017 0.428885 -0.498053 0.753658
0.108003 0.472982 0.050872 0.428885 -0.498053 0.753659
-0.154354 0.666051 0.008656 -0.759383 -0.243213 -0.603477
-0.146168 0.639944 0.008877 -0.759383 -0.243213 -0.603477
-0.124411 0.624812 -0.012402 -0.759383 -0.243213 -0.603477
-0.159739 0.628970 0.030376 -0.759383 -0.243213 -0.603477
-0.135892 0.707455 -0.014683 -0.764289 0.084203 -0.639353
-0.154779 0.701926 0.007166 -0.764289 0.084203 -0.639353
-0.157225 0.686711 0.008086 -0.764289 0.084203 -0.639353
-0.171220 0.711613 0.028096 -0.764289 0.084203 -0.639353
-0.174832 0.746991 0.082053 -0.806082 0.521131 -0.280454
-0.183984 0.731578 0.079718 -0.806083 0.521130 -0.280454
-0.180955 0.721497 0.052280 -0.806083 0.521130 -0.280454
-0.196164 0.726247 0.104822 -0.806083 0.521130 -0.280453
-0.029041 0.540905 0.017746 -0.147802 -0.856355 -0.494782
-0.052183 0.546085 0.015694 -0.147802 -0.856355 -0.494783
-0.056308 0.539373 0.028544 -0.147801 -0.856355 -0.494783
-0.071201 0.557977 0.000793 -0.147802 -0.856356 -0.494782
-0.008638 0.490070 0.028749 -0.898772 -0.075215 0.431916
-0.016431 0.509108 0.015848 -0.898772 -0.075215 0.431916
-0.017123 0.528580 0.017798 -0.898772 -0.075215 0.431916
-0.023531 0.508675 0.000998 -0.898772 -0.075215 0.431916
-0.031608 0.478943 -0.045344 -0.963102 -0.148358 0.224553
-0.033658 0.500763 -0.039722 -0.963102 -0.148358 0.224553
-0.029273 0.505893 -0.017526 -0.963102 -0.148358 0.224553
-0.040093 0.517452 -0.056295 -0.963102 -0.148358 0.224553
-0.146535 0.829247 -0.011040 0.423486 0.340959 -0.839289
-0.214541 0.825136 -0.019469 -0.868231 -0.351041 -0.350634
-0.184312 0.833881 -0.015919 0.124630 -0.028138 -0.991804
-0.191861 0.847259 -0.017247 0.124630 -0.028138 -0.991804
-0.214507 0.887394 -0.021231 -0.080003 0.497651 -0.863680
-0.206970 0.853263 -0.019316 0.124630 -0.028138 -0.991804
-0.184301 0.854633 -0.016506 0.124630 -0.028138 -0.991804
-0.196418 0.781330 0.036982 -0.975041 0.177781 0.133001
-0.198930 0.806123 0.006557 0.124640 -0.764093 -0.632951
-0.185831 0.811904 0.002158 0.124641 -0.764093 -0.632950
-0.182302 0.822096 -0.009450 0.124641 -0.764092 -0.632951
-0.176261 0.807494 0.009367 0.124641 -0.764093 -0.632951
-0.165400 0.807196 0.033517 -0.628662 0.769204 0.114497
-0.153247 0.811012 0.074608 -0.628663 0.769203 0.114497
-0.116789 0.822460 0.197881 -0.396227 0.882172 0.254515
-0.155485 0.804934 0.103157 -0.628662 0.769204 0.114497
-0.138857 0.820906 0.087150 -0.628662 0.769203 0.114497
0.286130 0.829247 0.002960 -0.533389 0.296954 -0.792032
0.323896 0.854633 -0.010284 -0.314565 -0.027036 -0.948851
0.331457 0.847259 -0.012580 -0.314565 -0.027036 -0.948851
0.346566 0.853263 -0.017760 -0.314565 -0.027036 -0.948851
0.323908 0.833881 -0.009696 -0.314565 -0.027036 -0.948851
0.325997 0.887346 0.007603 -0.628533 0.480182 -0.611859
0.316030 0.872821 0.006442 -0.628533 0.480183 -0.611859
0.318754 0.863154 -0.003943 -0.628533 0.480182 -0.611859
0.303339 0.867964 0.015666 -0.628533 0.480182 -0.611859
0.282567 0.858487 0.104986 -0.931047 0.340880 -0.130204
0.283458 0.851177 0.079479 -0.931047 0.340879 -0.130204
0.292482 0.860749 0.040012 -0.931047 0.340879 -0.130204
0.275325 0.834295 0.093440 -0.931047 0.340879 -0.130204
-0.324481 0.398589 0.243801 -0.969264 -0.060445 0.238481
-0.117866 0.577610 0.346934 0.440021 -0.772048 0.458611
-0.212872 0.499937 0.300580 -0.280496 -0.215164 0.935429
-0.196269 0.523611 0.311004 -0.280495 -0.215165 0.935429
-0.146459 0.594634 0.342276 -0.755958 0.445558 0.479589
-0.153531 0.565285 0.333405 -0.280495 -0.215166 0.935429
-0.222403 0.505611 0.299027 -0.280494 -0.215166 0.935429
-0.136173 0.586529 0.312503 0.131690 0.221278 -0.966278
-0.148960 0.561683 0.320172 0.695603 -0.513170 -0.502785
-0.192840 0.520909 0.301079 0.695603 -0.513171 -0.502784
-0.211729 0.499036 0.297271 0.695603 -0.513172 -0.502783
-0.217831 0.502009 0.285794 0.695603 -0.513170 -0.502786
-0.161668 0.569249 0.318102 -0.573425 0.718464 -0.393692
-0.202371 0.526584 0.299527 -0.573425 0.718463 -0.393693
-0.221008 0.503901 0.285277 -0.573424 0.718463 -0.393694
-0.224437 0.506602 0.295201 -0.573427 0.718464 -0.393690
-0.261995 0.353489 0.356782 -0.769582 0.058094 -0.635900
-0.081135 0.532501 0.340477 0.586707 -0.537603 0.605605
-0.164851 0.454452 0.346914 -0.133571 0.222904 0.965646
-0.151422 0.477365 0.343482 -0.133570 0.222904 0.965646
-0.111137 0.546104 0.333187 -0.728361 0.608940 0.314138
-0.114565 0.518657 0.339049 -0.133570 0.222903 0.965647
-0.174851 0.458986 0.344484 -0.133569 0.222903 0.965647
-0.091913 0.544534 0.312304 -0.052807 -0.181600 -0.981954
-0.106021 0.517959 0.329767 0.587213 -0.638579 -0.497392
-0.145014 0.476841 0.336521 0.587213 -0.638579 -0.497392
-0.162715 0.454277 0.344593 0.587213 -0.638579 -0.497392
-0.166307 0.458288 0.335202 0.587212 -0.638579 -0.497392
-0.119355 0.524005 0.326527 -0.647768 0.430329 -0.628660
-0.155015 0.481376 0.334091 -0.647768 0.430329 -0.628660
-0.169641 0.459800 0.334392 -0.647769 0.430330 -0.628659
-0.176049 0.460323 0.341353 -0.647768 0.430329 -0.628661
0.401592 0.353489 0.356782 0.769551 0.058036 -0.635943
0.231508 0.544534 0.312304 0.052791 -0.181613 -0.981952
0.309237 0.459800 0.334392 0.647757 0.430321 -0.628677
0.294611 0.481376 0.334091 0.647756 0.430320 -0.628679
0.250733 0.546104 0.333187 0.728362 0.608944 0.314127
0.258951 0.524005 0.326527 0.647756 0.430321 -0.628678
0.315645 0.460323 0.341353 0.647756 0.430320 -0.628679
0.220731 0.532501 0.340477 -0.586702 -0.537601 0.605613
0.245616 0.517959 0.329767 -0.587218 -0.638586 -0.497376
0.284610 0.476841 0.336521 -0.587218 -0.638586 -0.497375
0.305903 0.458288 0.335202 -0.587218 -0.638586 -0.497376
0.302311 0.454277 0.344593 -0.587218 -0.638586 -0.497376
0.254161 0.518657 0.339049 0.133570 0.222904 0.965646
0.291019 0.477365 0.343482 0.133570 0.222904 0.965646
0.304447 0.454452 0.346914 0.133571 0.222905 0.965646
0.314448 0.458986 0.344484 0.133569 0.222903 0.965647
0.464076 0.398589 0.243801 0.969264 -0.060441 0.238484
0.275768 0.586529 0.312503 -0.131690 0.221279 -0.966278
0.360603 0.503901 0.285277 0.573425 0.718463 -0.393693
0.341966 0.526584 0.299527 0.573425 0.718463 -0.393693
0.286054 0.594634 0.342276 0.755957 0.445558 0.479589
0.301263 0.569249 0.318102 0.573426 0.718464 -0.393691
0.364032 0.506602 0.295201 0.573427 0.718464 -0.393689
0.257461 0.577610 0.346934 -0.440021 -0.772048 0.458611
0.288555 0.561683 0.320172 -0.695603 -0.513170 -0.502785
0.332435 0.520909 0.301079 -0.695603 -0.513170 -0.502785
0.357426 0.502009 0.285794 -0.695603 -0.513170 -0.502786
0.351324 0.499036 0.297271 -0.695603 -0.513171 -0.502784
0.293126 0.565285 0.333405 0.280495 -0.215165 0.935429
0.335864 0.523611 0.311004 0.280495 -0.215165 0.935429
0.352467 0.499937 0.300580 0.280495 -0.215165 0.935428
0.361998 0.505611 0.299027 0.280494 -0.215166 0.935429
0.235266 0.937589 0.136392 0.606544 0.792878 -0.058733
0.244785 0.932057 0.160020 0.606544 0.792878 -0.058733
0.233421 0.943102 0.191758 0.606544 0.792878 -0.058733
0.265668 0.915481 0.151910 0.606543 0.792878 -0.058733
0.185109 0.967240 0.116554 0.523634 0.837409 -0.156695
0.208551 0.950161 0.103617 0.523633 0.837410 -0.156695
0.223188 0.943624 0.117591 0.523633 0.837410 -0.156695
0.217357 0.939619 0.076706 0.523633 0.837410 -0.156695
0.174917 0.924316 0.009426 0.457076 0.713662 -0.530818
0.200907 0.917968 0.023271 0.457077 0.713662 -0.530817
0.214809 0.928888 0.049924 0.457077 0.713662 -0.530817
0.212995 0.900699 0.010463 0.457077 0.713662 -0.530818
0.295082 0.804934 0.104712 0.641966 0.756590 0.124305
0.292844 0.811012 0.079274 0.641966 0.756590 0.124305
0.304996 0.807196 0.039739 0.641966 0.756590 0.124305
0.278453 0.820906 0.093372 0.641966 0.756590 0.124305
0.338527 0.806123 0.008112 -0.255587 -0.722331 -0.642583
0.325428 0.811904 0.006824 -0.255588 -0.722331 -0.642582
0.315858 0.807494 0.015589 -0.255588 -0.722331 -0.642583
0.321899 0.822096 -0.003228 -0.255588 -0.722331 -0.642583
0.229315 0.825559 -0.016035 0.659905 0.308907 -0.684910
0.241706 0.843900 0.004175 0.659905 0.308907 -0.684910
0.226595 0.876010 0.004098 0.659905 0.308907 -0.684910
0.269207 0.830132 0.024463 0.659905 0.308907 -0.684910
0.211561 0.775540 -0.049428 0.621747 0.247667 -0.743029
0.230431 0.768548 -0.035969 0.621747 0.247666 -0.743029
0.225557 0.800442 -0.029417 0.621747 0.247667 -0.743029
0.254174 0.729662 -0.029063 0.621747 0.247667 -0.743029
0.031590 0.472982 0.050872 -0.428896 -0.498033 0.753665
0.020104 0.467410 0.040654 -0.428896 -0.498033 0.753665
0.003540 0.476171 0.037017 -0.428896 -0.498033 0.753665
0.025182 0.453077 0.034072 -0.428896 -0.498033 0.753665
0.069797 0.502711 0.059417 0.000000 -0.126498 0.991967
0.069797 0.487315 0.057454 0.000000 -0.126498 0.991967
0.048154 0.479617 0.056472 -0.000000 -0.126498 0.991967
0.091439 0.479617 0.056472 0.000000 -0.126498 0.991967
0.372497 0.370332 -0.075374 1.000000 0.000000 0.000000
0.372497 0.372527 -0.061569 1.000000 0.000000 0.000000
0.372497 0.393361 -0.054666 1.000000 0.000000 0.000000
0.372497 0.353888 -0.054666 1.000000 0.000000 0.000000
0.372497 0.393352 -0.108775 1.000000 0.000000 0.000000
0.372497 0.372520 -0.102150 1.000000 0.000000 0.000000
0.372497 0.370329 -0.088901 1.000000 0.000000 0.000000
0.372497 0.353879 -0.108775 1.000000 0.000000 0.000000
-0.206523 0.402708 -0.117903 -0.108952 0.765743 -0.633851
-0.213119 0.396804 -0.123902 -0.108952 0.765743 -0.633851
-0.232907 0.379093 -0.141897 -0.632484 0.062529 -0.772045
-0.206523 0.386258 -0.137777 -0.108952 0.765743 -0.633851
-0.226311 0.401447 -0.116025 -0.108952 0.765743 -0.633851
-0.168842 0.409943 -0.112763 -0.060743 0.791582 -0.608036
-0.184858 0.414568 -0.105141 -0.060743 0.791582 -0.608036
-0.197102 0.408629 -0.111650 -0.060743 0.791582 -0.608036
-0.188630 0.425132 -0.091011 -0.060743 0.791582 -0.608036
-0.232907 0.370329 -0.088901 -1.000000 0.000000 0.000000
-0.232907 0.372520 -0.102150 -1.000000 0.000000 0.000000
-0.232907 0.393352 -0.108775 -1.000000 0.000000 0.000000
-0.232907 0.353879 -0.108775 -1.000000 0.000000 0.000000
-0.232907 0.370331 -0.075374 1.000000 0.000000 0.000000
-0.232907 0.372527 -0.061569 1.000000 0.000000 0.000000
-0.232907 0.393361 -0.054666 1.000000 0.000000 0.000000
-0.232907 0.353888 -0.054666 1.000000 0.000000 0.000000
-0.080077 0.946214 0.223840 -0.431817 0.834335 0.342666
-0.063661 0.941393 0.256265 -0.431817 0.834335 0.342665
-0.070654 0.927928 0.280236 -0.431817 0.834335 0.342665
-0.040252 0.950036 0.264718 -0.431817 0.834335 0.342665
-0.124947 0.915481 0.151910 -0.609464 0.789824 -0.068793
-0.104381 0.932057 0.160020 -0.609464 0.789824 -0.068792
-0.093650 0.943102 0.191758 -0.609464 0.789824 -0.068793
-0.094545 0.937589 0.136392 -0.609464 0.789823 -0.068792
-0.102504 0.384826 -0.018828 0.222681 -0.668249 0.709828
-0.100817 0.366880 -0.036252 0.222681 -0.668249 0.709828
-0.109698 0.352821 -0.046702 0.222680 -0.668250 0.709828
-0.090248 0.362994 -0.043226 0.222681 -0.668249 0.709828
-0.132974 0.405862 -0.045409 -0.451536 0.657085 0.603618
-0.118274 0.406661 -0.035283 -0.451536 0.657085 0.603618
-0.108323 0.398086 -0.018505 -0.451536 0.657085 0.603618
-0.113525 0.416035 -0.041934 -0.451536 0.657085 0.603618
-0.168261 0.901823 0.037597 -0.567460 0.723858 0.392453
-0.193968 0.866137 0.005698 -0.788159 0.017842 0.615213
-0.199103 0.871451 -0.001034 -0.788159 0.017842 0.615213
-0.193957 0.886889 0.005111 -0.788159 0.017842 0.615213
-0.209384 0.861327 -0.013911 -0.788159 0.017842 0.615213
-0.185917 0.839750 0.030983 -0.875774 0.202416 0.438233
-0.193073 0.836096 0.018370 -0.875774 0.202416 0.438233
-0.191958 0.854352 0.012166 -0.875774 0.202416 0.438233
-0.201344 0.814187 0.011961 -0.875774 0.202416 0.438233
0.353163 0.701259 0.162102 0.944259 0.319489 -0.079389
0.348039 0.716400 0.162085 0.944259 0.319489 -0.079389
0.343913 0.721188 0.132278 0.944259 0.319489 -0.079389
0.347041 0.726753 0.191875 0.944259 0.319489 -0.079389
0.346097 0.633299 0.123769 0.990355 -0.132782 -0.039574
0.349677 0.650483 0.155704 0.990355 -0.132782 -0.039574
0.353709 0.679287 0.159975 0.990355 -0.132782 -0.039574
0.349224 0.638864 0.183367 0.990355 -0.132782 -0.039574
-0.163743 0.867964 0.009444 0.573958 0.567466 -0.590385
-0.176434 0.872821 0.001775 0.573958 0.567466 -0.590386
-0.179159 0.863154 -0.010165 0.573958 0.567466 -0.590385
-0.186401 0.887346 0.006047 0.573958 0.567466 -0.590385
-0.135729 0.834295 0.087218 0.926034 0.357782 -0.120225
-0.143862 0.851177 0.074813 0.926033 0.357782 -0.120225
-0.152886 0.860749 0.033790 0.926033 0.357782 -0.120225
-0.142971 0.858487 0.103430 0.926033 0.357782 -0.120225
0.173390 0.611162 -0.059386 0.269783 -0.585431 -0.764518
0.195346 0.598778 -0.042155 0.269784 -0.585431 -0.764518
0.200661 0.609630 -0.048589 0.269784 -0.585431 -0.764518
0.211986 0.575542 -0.018490 0.269783 -0.585432 -0.764518
0.167415 0.575739 -0.100077 0.969273 0.212292 -0.124268
0.170411 0.573360 -0.080771 0.969273 0.212292 -0.124268
0.165079 0.602689 -0.072258 0.969273 0.212292 -0.124268
0.178740 0.541651 -0.069978 0.969273 0.212292 -0.124268
0.246125 0.409086 -0.144863 0.493794 0.633447 -0.595745
0.256523 0.414911 -0.130051 0.493794 0.633448 -0.595744
0.249579 0.425589 -0.124453 0.493794 0.633447 -0.595745
0.273865 0.410057 -0.120838 0.493794 0.633447 -0.595745
0.226303 0.372547 -0.125745 -0.225430 -0.541038 -0.810222
0.239066 0.375129 -0.131021 -0.225430 -0.541038 -0.810222
0.240306 0.395826 -0.145186 -0.225430 -0.541038 -0.810222
0.250589 0.357015 -0.122131 -0.225430 -0.541038 -0.810222
-0.158271 0.404880 -0.119937 0.011997 0.778546 -0.627472
-0.153144 0.399379 -0.126665 0.011996 0.778547 -0.627472
-0.146345 0.404880 -0.119709 0.011995 0.778546 -0.627472
-0.154817 0.388377 -0.140348 0.011996 0.778547 -0.627472
-0.206523 0.350077 -0.117903 -0.030189 -0.653125 -0.756648
-0.213119 0.357331 -0.123902 -0.030189 -0.653125 -0.756648
-0.226311 0.348816 -0.116025 -0.030189 -0.653125 -0.756648
-0.206523 0.373100 -0.137777 -0.030189 -0.653125 -0.756648
-0.144779 0.402273 -0.046542 -0.026586 0.790695 0.611633
-0.153690 0.395893 -0.038682 -0.026586 0.790695 0.611633
-0.160746 0.401677 -0.046466 -0.026587 0.790695 0.611632
-0.155545 0.383729 -0.023037 -0.026587 0.790695 0.611633
-0.157899 0.812998 0.108561 -0.896785 0.207567 0.390760
-0.160489 0.835204 0.090820 -0.896785 0.207568 0.390759
-0.148513 0.853162 0.108766 -0.896785 0.207568 0.390760
-0.175056 0.839452 0.055133 -0.896785 0.207568 0.390759
0.171201 0.478943 -0.045344 0.963098 -0.148345 0.224581
0.173251 0.500763 -0.039721 0.963098 -0.148345 0.224581
0.179686 0.517452 -0.056294 0.963098 -0.148344 0.224580
0.168865 0.505893 -0.017525 0.963098 -0.148345 0.224581
0.363077 0.406957 -0.055037 0.011912 0.783077 0.621811
0.344237 0.413314 -0.062682 0.011912 0.783077 0.621811
0.334817 0.424714 -0.076858 0.011912 0.783077 0.621810
0.334817 0.408271 -0.056150 0.011911 0.783077 0.621811
0.289280 0.348597 -0.046442 -0.030551 -0.728473 0.684393
0.296964 0.355636 -0.038607 -0.030550 -0.728472 0.684394
0.305186 0.348002 -0.046366 -0.030550 -0.728472 0.684394
0.296425 0.370310 -0.023012 -0.030550 -0.728472 0.684394
0.302693 0.351203 -0.119837 -0.014505 -0.655503 -0.755053
0.296359 0.359121 -0.126589 -0.014506 -0.655503 -0.755053
0.290765 0.351204 -0.119609 -0.014506 -0.655503 -0.755053
0.295618 0.374956 -0.140322 -0.014506 -0.655503 -0.755053
0.382731 0.333527 -0.075398 0.144994 -0.699620 0.699648
0.375488 0.343252 -0.064173 0.144994 -0.699620 0.699648
0.382731 0.350366 -0.058561 0.144994 -0.699621 0.699648
0.361002 0.345862 -0.058561 0.144995 -0.699621 0.699648
-0.101480 0.266952 -0.045552 -0.981576 0.180467 0.062774
-0.100048 0.278475 -0.056295 -0.981576 0.180467 0.062774
-0.093678 0.306762 -0.038012 -0.981576 0.180467 0.062774
-0.104987 0.261711 -0.085320 -0.981576 0.180467 0.062774
-0.083590 0.168761 0.065330 -0.706791 0.080261 0.702855
-0.088272 0.242637 0.030367 -0.978809 0.033566 0.202006
-0.095994 0.230381 -0.005010 -0.978809 0.033566 0.202006
-0.100128 0.250921 -0.028457 -0.978809 0.033566 0.202006
-0.099581 0.197585 -0.016941 -0.978809 0.033566 0.202006
-0.051194 0.259333 0.071669 -0.605464 0.162025 0.779205
-0.059704 0.276692 0.061447 -0.605464 0.162025 0.779205
-0.051742 0.312669 0.060153 -0.605464 0.162026 0.779205
-0.076176 0.258074 0.052520 -0.605464 0.162025 0.779205
0.069795 0.161244 0.122051 -0.000003 0.083994 0.996466
0.017159 0.238213 0.100717 -0.345727 0.023574 0.938039
-0.008028 0.220850 0.091870 -0.345727 0.023574 0.938039
-0.033969 0.240719 0.081810 -0.345727 0.023574 0.938039
-0.007274 0.183618 0.093084 -0.345727 0.023574 0.938039
0.096490 0.256412 0.103262 -0.000006 0.193693 0.981062
0.069795 0.275445 0.099504 -0.000006 0.193693 0.981062
0.069795 0.313512 0.091988 -0.000006 0.193693 0.981062
0.043100 0.256412 0.103262 -0.000006 0.193693 0.981062
0.223181 0.168761 0.065330 0.706801 0.080263 0.702844
0.173560 0.240719 0.081811 0.345725 0.023567 0.938040
0.147619 0.220850 0.091871 0.345725 0.023567 0.938040
0.122431 0.238213 0.100718 0.345725 0.023567 0.938040
0.146865 0.183618 0.093084 0.345725 0.023567 0.938040
0.215767 0.258074 0.052518 0.605495 0.162038 0.779179
0.199295 0.276692 0.061446 0.605495 0.162038 0.779179
0.191333 0.312669 0.060151 0.605495 0.162038 0.779179
0.190785 0.259333 0.071669 0.605495 0.162038 0.779179
0.258749 0.193614 -0.111142 0.988555 0.145917 -0.038292
0.239720 0.250922 -0.028459 0.978809 0.033565 0.202006
0.235585 0.230382 -0.005012 0.978809 0.033565 0.202006
0.227864 0.242638 0.030365 0.978809 0.033565 0.202007
0.239172 0.197586 -0.016941 0.978809 0.033565 0.202006
0.069795 0.231611 -0.284595 -0.000001 0.204200 -0.978929
0.023665 0.306521 -0.257294 -0.305600 0.154242 -0.939584
0.000547 0.285337 -0.253252 -0.305600 0.154242 -0.939584
0.000512 0.246244 -0.259658 -0.305600 0.154242 -0.939584
-0.022536 0.303245 -0.242805 -0.305600 0.154242 -0.939584
0.092843 0.326614 -0.256506 -0.000000 0.283536 -0.958962
0.069795 0.345614 -0.250888 0.000000 0.283536 -0.958962
0.046747 0.326614 -0.256506 0.000000 0.283536 -0.958962
0.069795 0.383615 -0.239652 0.000000 0.283536 -0.958962
0.208399 0.221783 -0.241128 0.684781 0.211116 -0.697499
0.162127 0.303245 -0.242805 0.305596 0.154242 -0.939585
0.139044 0.285337 -0.253252 0.305596 0.154242 -0.939585
0.139079 0.246244 -0.259658 0.305596 0.154243 -0.939585
0.115926 0.306521 -0.257294 0.305596 0.154242 -0.939585
0.198947 0.334182 -0.203257 0.674955 0.285942 -0.680201
0.183945 0.351290 -0.210951 0.674955 0.285942 -0.680201
0.177094 0.325230 -0.228704 0.674954 0.285942 -0.680201
0.175794 0.394459 -0.200892 0.674955 0.285942 -0.680201
0.229043 0.301570 -0.146273 0.932484 0.149598 -0.328778
0.223882 0.281623 -0.169987 0.932483 0.149598 -0.328778
0.230343 0.232340 -0.174086 0.932483 0.149598 -0.328778
0.212260 0.310959 -0.189602 0.932483 0.149598 -0.328778
0.242320 0.272898 -0.106262 0.974524 0.207222 -0.085802
0.232864 0.312042 -0.119119 0.974524 0.207222 -0.085802
0.232037 0.311709 -0.129317 0.974524 0.207222 -0.085802
0.224236 0.351518 -0.121778 0.974524 0.207222 -0.085802
0.244578 0.261709 -0.085321 0.981576 0.180466 0.062768
0.239640 0.278474 -0.056296 0.981576 0.180466 0.062768
0.233270 0.306761 -0.038014 0.981576 0.180466 0.062768
0.241071 0.266953 -0.045554 0.981576 0.180466 0.062768
