0 1
0 2
0 3
0 4
0 6
0 7
0 9
0 10
0 11
0 12
0 14
0 15
0 16
0 56
0 61
0 66
0 67
0 69
0 71
0 72
0 73
0 212
0 213
0 215
1 0
1 2
1 3
1 4
1 5
1 7
1 8
1 9
1 10
1 146
1 147
1 148
1 37
1 42
1 74
1 75
1 77
1 79
1 80
1 81
1 82
1 84
1 85
1 86
2 0
2 1
2 3
3 0
3 1
3 2
3 4
3 5
3 6
4 0
4 1
4 3
4 5
4 6
4 70
4 71
4 73
4 42
4 75
4 76
4 77
4 216
4 217
4 219
4 61
5 1
5 3
5 4
6 0
6 3
6 4
7 0
7 1
7 8
7 9
7 11
7 12
7 13
7 14
7 15
7 17
7 18
7 19
7 20
7 82
7 145
7 146
7 148
7 151
7 150
7 152
8 1
8 9
8 7
9 0
9 1
9 7
9 8
9 10
9 11
10 0
10 1
10 9
11 0
11 9
11 7
12 0
12 7
12 13
12 14
12 16
12 17
12 19
12 20
12 21
12 22
12 24
12 25
12 26
12 32
12 47
12 48
12 50
12 51
12 53
12 54
12 55
12 56
12 58
12 59
12 60
12 213
12 214
12 215
13 12
13 14
13 7
14 0
14 7
14 12
14 13
14 15
14 16
15 0
15 14
15 7
16 0
16 12
16 14
17 223
17 221
17 7
17 152
17 222
17 12
17 18
17 19
17 82
17 21
17 22
17 23
17 24
17 25
17 149
17 27
17 28
17 29
17 30
17 150
18 17
18 19
18 7
19 7
19 12
19 17
19 18
19 20
19 21
20 19
20 12
20 7
21 17
21 19
21 12
22 32
22 34
22 35
22 36
22 12
22 48
22 17
22 49
22 50
22 23
22 24
22 26
22 27
22 29
22 30
22 31
23 24
23 17
23 22
24 12
24 17
24 22
24 23
24 25
24 26
25 24
25 17
25 12
26 24
26 12
26 22
27 32
27 33
27 34
27 35
27 223
27 37
27 38
27 39
27 40
27 17
27 82
27 220
27 22
27 87
27 88
27 221
27 90
27 28
27 29
27 31
28 17
28 27
28 29
29 17
29 22
29 27
29 28
29 30
29 31
30 17
30 29
30 22
31 27
31 29
31 22
32 12
32 22
32 154
32 27
32 155
32 156
32 33
32 34
32 36
32 37
32 39
32 40
32 41
32 42
32 44
32 45
32 46
32 47
32 48
32 49
32 51
32 52
32 53
32 54
33 32
33 34
33 27
34 32
34 33
34 35
34 36
34 22
34 27
35 34
35 27
35 22
36 32
36 34
36 22
37 32
37 1
37 38
37 39
37 41
37 42
37 43
37 44
37 45
37 78
37 79
37 81
37 82
37 83
37 84
37 85
37 87
37 88
37 89
37 27
38 27
38 37
38 39
39 32
39 37
39 38
39 40
39 41
39 27
40 32
40 27
40 39
41 32
41 37
41 39
42 1
42 4
42 153
42 154
42 155
42 157
42 158
42 159
42 32
42 37
42 43
42 44
42 46
42 51
42 61
42 74
42 75
42 76
42 78
42 79
42 80
42 216
42 217
42 218
43 42
43 44
43 37
44 32
44 37
44 42
44 43
44 45
44 46
45 32
45 44
45 37
46 32
46 42
46 44
47 32
47 48
47 12
48 32
48 12
48 47
48 49
48 50
48 22
49 32
49 48
49 22
50 48
50 12
50 22
51 32
51 64
51 153
51 159
51 160
51 154
51 158
51 42
51 12
51 52
51 53
51 55
51 56
51 57
51 58
51 59
51 156
51 61
51 62
51 63
52 32
52 51
52 53
53 32
53 12
53 51
53 52
53 54
53 55
54 32
54 12
54 53
55 51
55 12
55 53
56 64
56 65
56 0
56 67
56 68
56 69
56 12
56 51
56 212
56 213
56 214
56 57
56 58
56 60
56 61
56 63
57 56
57 58
57 51
58 12
58 51
58 56
58 57
58 59
58 60
59 58
59 51
59 12
60 56
60 58
60 12
61 0
61 65
61 66
61 67
61 68
61 4
61 70
61 71
61 72
61 160
61 42
61 219
61 51
61 56
61 217
61 218
61 158
61 157
61 62
61 63
62 51
62 61
62 63
63 64
63 65
63 51
63 56
63 61
63 62
64 56
64 51
64 63
65 56
65 61
65 63
66 0
66 67
66 61
67 0
67 66
67 68
67 69
67 56
67 61
68 56
68 67
68 61
69 0
69 56
69 67
70 4
70 61
70 71
71 0
71 4
71 70
71 72
71 73
71 61
72 0
72 61
72 71
73 0
73 4
73 71
74 1
74 42
74 75
75 1
75 4
75 42
75 74
75 76
75 77
76 42
76 75
76 4
77 1
77 75
77 4
78 42
78 37
78 79
79 1
79 37
79 42
79 78
79 80
79 81
80 1
80 42
80 79
81 1
81 37
81 79
82 220
82 1
82 37
82 221
82 7
82 222
82 145
82 146
82 83
82 84
82 147
82 86
82 17
82 88
82 89
82 90
82 27
82 149
82 150
82 151
83 82
83 84
83 37
84 1
84 37
84 82
84 83
84 85
84 86
85 1
85 84
85 37
86 1
86 82
86 84
87 88
87 27
87 37
88 37
88 82
88 87
88 89
88 90
88 27
89 88
89 82
89 37
90 88
90 82
90 27
91 547
91 556
91 92
91 93
91 94
91 95
91 97
91 98
91 100
91 101
91 102
91 103
91 105
91 106
91 107
91 757
91 758
91 760
91 761
91 762
91 763
91 765
91 766
91 767
92 130
92 131
92 132
92 134
92 135
92 137
92 138
92 139
92 140
92 142
92 143
92 144
92 170
92 171
92 173
92 175
92 176
92 177
92 91
92 93
92 94
92 95
92 96
92 98
92 99
92 100
92 101
92 108
93 91
93 92
93 94
94 96
94 97
94 91
94 92
94 93
94 95
95 96
95 97
95 130
95 547
95 132
95 133
95 134
95 753
95 754
95 755
95 757
95 758
95 759
95 91
95 92
95 94
96 92
96 94
96 95
97 91
97 94
97 95
98 99
98 100
98 102
98 103
98 104
98 105
98 106
98 108
98 109
98 110
98 111
98 174
98 175
98 177
98 91
98 92
99 100
99 98
99 92
100 98
100 99
100 101
100 102
100 91
100 92
101 100
101 91
101 92
102 98
102 91
102 100
103 768
103 556
103 1230
103 91
103 481
103 98
103 483
103 484
103 485
103 1252
103 1253
103 104
103 105
103 1255
103 107
103 108
103 1256
103 110
103 111
103 112
103 1257
103 1258
103 765
103 766
104 105
104 98
104 103
105 98
105 103
105 104
105 106
105 107
105 91
106 105
106 98
106 91
107 105
107 91
107 103
108 512
108 513
108 140
108 170
108 171
108 172
108 174
108 175
108 176
108 92
108 481
108 98
108 482
108 483
108 484
108 486
108 103
108 487
108 488
108 489
108 109
108 110
108 112
108 511
109 98
109 108
109 110
110 98
110 103
110 108
110 109
110 111
110 112
111 98
111 110
111 103
112 108
112 110
112 103
113 128
113 129
113 161
113 162
113 163
113 164
113 166
113 167
113 168
113 114
113 115
113 116
113 117
113 119
113 120
113 122
113 123
113 124
113 125
113 127
114 302
114 303
114 304
114 113
114 115
114 116
114 117
114 118
114 120
114 121
114 122
114 123
115 113
115 114
115 116
116 113
116 114
116 115
116 117
116 118
116 119
117 161
117 163
117 164
117 165
117 311
117 301
117 302
117 303
117 113
117 114
117 305
117 116
117 306
117 118
117 119
117 120
117 307
117 309
117 310
117 125
118 114
118 116
118 117
119 113
119 116
119 117
120 128
120 301
120 302
120 304
120 113
120 114
120 307
120 306
120 117
120 308
120 121
120 122
120 124
120 125
120 126
120 127
121 120
121 114
121 122
122 113
122 114
122 120
122 121
122 123
122 124
123 113
123 114
123 122
124 120
124 113
124 122
125 129
125 161
125 312
125 166
125 167
125 169
125 113
125 305
125 306
125 308
125 117
125 310
125 311
125 120
125 126
125 127
126 120
126 125
126 127
127 128
127 129
127 113
127 120
127 125
127 126
128 120
128 113
128 127
129 113
129 125
129 127
130 131
130 132
130 133
130 135
130 136
130 137
130 138
130 534
130 539
130 540
130 542
130 543
130 544
130 545
130 547
130 548
130 549
130 550
130 830
130 202
130 203
130 204
130 205
130 207
130 209
130 210
130 211
130 92
130 860
130 861
130 95
130 863
130 864
130 865
130 866
130 754
130 371
130 755
130 756
130 381
131 132
131 130
131 92
132 130
132 131
132 133
132 134
132 92
132 95
133 130
133 132
133 95
134 132
134 92
134 95
135 130
135 514
135 515
135 517
135 518
135 519
135 136
135 137
135 520
135 139
135 140
135 141
135 142
135 143
135 522
135 523
135 524
135 825
135 202
135 975
135 208
135 209
135 976
135 211
135 978
135 981
135 980
135 982
135 92
135 486
135 365
135 366
135 368
135 369
135 370
135 496
135 250
135 252
135 253
135 254
136 137
136 130
136 135
137 130
137 135
137 136
137 138
137 139
137 92
138 137
138 130
138 92
139 137
139 92
139 135
140 512
140 514
140 515
140 516
140 486
140 135
140 171
140 108
140 141
140 142
140 172
140 144
140 173
140 92
140 510
140 511
141 140
141 142
141 135
142 135
142 140
142 141
142 143
142 144
142 92
143 92
143 142
143 135
144 140
144 92
144 142
145 82
145 146
145 7
146 1
146 7
146 145
146 82
146 147
146 148
147 1
147 82
147 146
148 1
148 146
148 7
149 17
149 82
149 150
150 7
150 17
150 82
150 149
150 151
150 152
151 82
151 150
151 7
152 17
152 150
152 7
153 42
153 51
153 154
154 32
154 42
154 51
154 153
154 155
154 156
155 32
155 42
155 154
156 32
156 154
156 51
157 42
157 61
157 158
158 160
158 42
158 51
158 157
158 61
158 159
159 42
159 51
159 158
160 51
160 61
160 158
161 162
161 163
161 165
161 167
161 168
161 169
161 113
161 117
161 309
161 310
161 312
161 125
162 161
162 163
162 113
163 161
163 162
163 164
163 165
163 113
163 117
164 113
164 163
164 117
165 161
165 163
165 117
166 113
166 125
166 167
167 161
167 166
167 168
167 169
167 113
167 125
168 113
168 161
168 167
169 161
169 125
169 167
170 108
170 171
170 92
171 170
171 140
171 172
171 108
171 173
171 92
172 140
172 171
172 108
173 171
173 140
173 92
174 98
174 108
174 175
175 98
175 108
175 174
175 176
175 177
175 92
176 175
176 108
176 92
177 98
177 92
177 175
178 179
178 180
178 181
178 182
178 919
178 184
178 185
178 918
178 187
178 188
178 189
178 920
179 921
179 924
179 178
179 180
179 181
179 182
179 183
179 185
179 186
179 187
179 188
179 922
180 178
180 179
180 181
181 178
181 179
181 180
181 182
181 183
181 184
182 923
182 178
182 179
182 181
182 917
182 183
182 184
182 185
182 918
182 920
182 924
182 922
183 179
183 181
183 182
184 178
184 181
184 182
185 923
185 919
185 178
185 179
185 917
185 182
185 918
185 921
185 186
185 187
185 189
185 922
186 185
186 179
186 187
187 178
187 179
187 185
187 186
187 188
187 189
188 178
188 179
188 187
189 185
189 178
189 187
190 192
190 193
190 194
190 928
190 196
190 197
190 199
190 200
190 201
190 927
190 926
190 191
191 192
191 193
191 194
191 195
191 929
191 197
191 198
191 199
191 200
191 930
191 932
191 190
192 193
192 190
192 191
193 192
193 194
193 195
193 196
193 190
193 191
194 928
194 193
194 930
194 195
194 196
194 197
194 931
194 932
194 926
194 925
194 190
194 191
195 193
195 194
195 191
196 193
196 194
196 190
197 929
197 194
197 930
197 931
197 198
197 199
197 201
197 926
197 927
197 925
197 190
197 191
198 199
198 197
198 191
199 197
199 198
199 200
199 201
199 190
199 191
200 199
200 190
200 191
201 197
201 190
201 199
202 130
202 135
202 825
202 826
202 827
202 828
202 830
202 831
202 832
202 833
202 203
202 204
202 205
202 206
202 208
202 209
202 210
202 857
202 858
202 859
202 250
202 251
202 252
202 253
203 202
203 130
203 204
204 130
204 202
204 203
204 205
204 206
204 207
205 130
205 202
205 204
205 206
205 207
205 862
205 856
205 857
205 858
205 860
205 861
205 830
206 202
206 204
206 205
207 130
207 204
207 205
208 209
208 202
208 135
209 130
209 135
209 202
209 208
209 210
209 211
210 209
210 202
210 130
211 209
211 130
211 135
212 0
212 56
212 213
213 0
213 12
213 212
213 214
213 215
213 56
214 56
214 12
214 213
215 0
215 12
215 213
216 217
216 42
216 4
217 4
217 42
217 216
217 218
217 219
217 61
218 217
218 42
218 61
219 217
219 4
219 61
220 82
220 27
220 221
221 17
221 82
221 27
221 220
221 222
221 223
222 17
222 82
222 221
223 17
223 27
223 221
224 225
224 226
224 227
224 228
224 259
224 230
224 231
224 260
224 233
224 234
224 235
224 236
224 262
224 263
224 264
224 265
225 224
225 226
225 227
225 228
225 229
225 263
225 264
225 266
225 236
225 237
225 238
225 240
226 224
226 225
226 227
227 224
227 225
227 226
227 228
227 229
227 230
228 224
228 225
228 227
228 229
228 230
228 231
228 232
228 233
228 235
228 236
228 238
228 239
228 240
228 241
228 242
228 243
228 245
228 247
228 248
228 249
229 225
229 227
229 228
230 224
230 227
230 228
231 224
231 256
231 257
231 259
231 228
231 260
231 261
231 232
231 233
231 234
231 236
231 243
231 246
231 247
231 248
231 255
232 233
232 228
232 231
233 224
233 228
233 231
233 232
233 234
233 235
234 224
234 233
234 231
235 224
235 233
235 228
236 256
236 225
236 258
236 224
236 228
236 261
236 260
236 231
236 262
236 265
236 264
236 266
236 237
236 238
236 239
236 241
236 242
236 243
236 244
236 255
237 225
237 236
237 238
238 225
238 228
238 236
238 237
238 239
238 240
239 236
239 228
239 238
240 225
240 228
240 238
241 242
241 228
241 236
242 228
242 236
242 241
242 243
242 244
242 245
243 256
243 257
243 258
243 228
243 231
243 236
243 242
243 244
243 245
243 246
243 247
243 249
244 242
244 243
244 236
245 242
245 243
245 228
246 247
246 243
246 231
247 228
247 231
247 243
247 246
247 248
247 249
248 247
248 228
248 231
249 243
249 228
249 247
250 827
250 828
250 135
250 202
250 976
250 977
250 978
250 825
250 251
250 252
250 829
250 254
251 202
251 250
251 252
252 135
252 202
252 250
252 251
252 253
252 254
253 202
253 252
253 135
254 250
254 252
254 135
255 256
255 236
255 231
256 257
256 258
256 231
256 236
256 243
256 255
257 256
257 243
257 231
258 256
258 243
258 236
259 224
259 260
259 231
260 224
260 259
260 261
260 262
260 231
260 236
261 236
261 260
261 231
262 224
262 236
262 260
263 224
263 225
263 264
264 224
264 225
264 263
264 265
264 266
264 236
265 224
265 264
265 236
266 264
266 225
266 236
267 1025
267 268
267 269
267 270
267 271
267 941
267 273
267 274
267 946
267 276
267 277
267 278
267 279
267 947
267 281
267 282
267 283
267 949
267 1022
267 1023
268 267
268 269
268 270
268 271
268 272
268 941
268 274
268 275
268 276
268 277
268 1014
268 1015
268 1016
268 1019
268 1020
268 1021
269 267
269 268
269 270
270 267
270 268
270 269
270 271
270 272
270 273
271 1024
271 267
271 268
271 941
271 270
271 272
271 273
271 1018
271 1019
271 1020
271 1022
271 1023
272 268
272 270
272 271
273 267
273 270
273 271
274 267
274 268
274 941
274 943
274 944
274 945
274 275
274 276
274 1015
274 278
274 279
274 280
274 281
274 282
274 1017
274 1016
275 274
275 268
275 276
276 267
276 268
276 274
276 275
276 277
276 278
277 267
277 268
277 276
278 274
278 267
278 276
279 267
279 941
279 942
279 943
279 945
279 274
279 947
279 948
279 949
279 280
279 281
279 283
280 281
280 274
280 279
281 267
281 274
281 279
281 280
281 282
281 283
282 281
282 274
282 267
283 281
283 267
283 279
284 288
284 290
284 291
284 293
284 294
284 295
284 296
284 969
284 298
284 299
284 300
284 968
284 970
284 958
284 950
284 955
284 956
284 285
284 286
284 287
285 288
285 289
285 291
285 292
285 293
285 294
285 971
285 972
285 974
285 1010
285 1011
285 1013
285 950
285 284
285 286
285 287
286 284
286 285
286 287
287 288
287 289
287 290
287 284
287 285
287 286
288 289
288 290
288 967
288 968
288 970
288 972
288 973
288 974
288 950
288 284
288 285
288 287
289 288
289 285
289 287
290 288
290 284
290 287
291 292
291 293
291 295
291 296
291 297
291 298
291 299
291 1010
291 1011
291 1012
291 950
291 952
291 953
291 954
291 284
291 285
292 293
292 291
292 285
293 291
293 292
293 294
293 295
293 284
293 285
294 293
294 284
294 285
295 291
295 284
295 293
296 291
296 297
296 298
296 956
296 300
296 950
296 951
296 952
296 954
296 284
296 957
296 958
297 296
297 298
297 291
298 291
298 296
298 297
298 299
298 300
298 284
299 298
299 291
299 284
300 296
300 298
300 284
301 120
301 117
301 302
302 301
302 303
302 304
302 114
302 117
302 120
303 114
303 117
303 302
304 120
304 114
304 302
305 117
305 306
305 125
306 305
306 307
306 308
306 117
306 120
306 125
307 120
307 306
307 117
308 120
308 306
308 125
309 161
309 117
309 310
310 161
310 309
310 117
310 311
310 312
310 125
311 125
311 117
311 310
312 161
312 125
312 310
313 640
313 642
313 643
313 644
313 386
313 905
313 906
313 907
313 909
313 910
313 911
313 314
313 315
313 316
313 317
313 319
313 320
313 322
313 323
313 324
313 325
313 327
313 328
313 329
313 467
313 472
313 477
313 478
313 480
313 632
313 637
313 638
314 770
314 776
314 1050
314 1051
314 1053
314 937
314 938
314 940
314 313
314 315
314 316
314 317
314 318
314 320
314 321
314 322
314 323
314 852
314 853
314 855
314 606
314 611
314 612
314 614
314 616
314 617
314 618
314 491
314 496
314 501
314 502
314 504
314 505
314 507
314 508
314 509
315 313
315 314
315 316
316 313
316 314
316 315
316 317
316 318
316 319
317 386
317 740
317 933
317 934
317 776
317 936
317 906
317 907
317 908
317 749
317 750
317 939
317 752
317 938
317 940
317 313
317 314
317 316
317 318
317 319
318 314
318 316
318 317
319 313
319 316
319 317
320 1073
320 313
320 314
320 1085
320 321
320 322
320 1090
320 324
320 325
320 326
320 327
320 328
320 1091
320 330
320 331
320 332
320 333
320 1093
320 1096
320 1095
320 1097
320 1100
320 1099
320 1101
320 606
320 615
320 616
320 618
321 320
321 314
321 322
322 320
322 321
322 323
322 324
322 313
322 314
323 313
323 314
323 322
324 320
324 313
324 322
325 640
325 313
325 320
325 326
325 327
325 329
325 330
325 332
325 333
325 334
325 335
325 337
325 338
325 339
325 623
325 628
325 629
325 631
325 632
325 634
325 635
325 636
325 638
325 639
326 320
326 325
326 327
327 320
327 325
327 326
327 328
327 329
327 313
328 320
328 313
328 327
329 313
329 325
329 327
330 1070
330 1071
330 1072
330 1073
330 1075
330 1076
330 1078
330 1079
330 1080
330 1082
330 1083
330 700
330 1084
330 320
330 705
330 706
330 708
330 325
330 709
330 710
330 711
330 1098
330 331
330 332
330 1099
330 334
330 335
330 336
330 337
330 338
330 1101
330 340
330 341
330 342
330 343
330 606
331 320
331 330
331 332
332 320
332 325
332 330
332 331
332 333
332 334
333 320
333 332
333 325
334 330
334 332
334 325
335 442
335 325
335 330
335 336
335 337
335 339
335 340
335 342
335 343
335 344
335 345
335 347
335 348
335 349
335 619
335 620
335 622
335 623
335 625
335 626
335 627
335 629
335 630
335 631
336 337
336 330
336 335
337 325
337 330
337 335
337 336
337 338
337 339
338 337
338 330
338 325
339 337
339 325
339 335
340 691
340 696
340 697
340 699
340 700
340 701
340 702
340 703
340 705
340 706
340 707
340 330
340 335
340 341
340 342
340 344
340 345
340 346
340 347
340 348
340 350
340 351
340 352
340 353
341 330
341 340
341 342
342 330
342 335
342 340
342 341
342 343
342 344
343 330
343 342
343 335
344 340
344 342
344 335
345 1030
345 1031
345 1033
345 1035
345 1036
345 1037
345 422
345 442
345 335
345 340
345 346
345 347
345 349
345 350
345 352
345 353
345 354
345 355
345 357
345 358
345 359
345 620
345 621
345 622
346 345
346 347
346 340
347 335
347 340
347 345
347 346
347 348
347 349
348 347
348 340
348 335
349 345
349 347
349 335
350 691
350 692
350 693
350 694
350 696
350 697
350 698
350 447
350 448
350 449
350 450
350 452
350 453
350 454
350 455
350 340
350 345
350 351
350 352
350 354
350 355
350 356
350 357
350 358
350 360
350 361
350 362
350 363
351 352
351 340
351 350
352 353
352 354
352 340
352 345
352 350
352 351
353 352
353 345
353 340
354 352
354 345
354 350
355 1031
355 1032
355 1033
355 411
355 412
355 413
355 414
355 416
355 417
355 419
355 420
355 421
355 422
355 424
355 425
355 426
355 345
355 350
355 356
355 357
355 359
355 360
355 362
355 363
355 364
355 881
355 882
355 883
356 355
356 357
356 350
357 355
357 356
357 358
357 359
357 345
357 350
358 345
358 357
358 350
359 345
359 355
359 357
360 1042
360 1043
360 1044
360 414
360 561
360 562
360 563
360 564
360 565
360 567
360 568
360 569
360 570
360 447
360 449
360 450
360 451
360 350
360 355
360 361
360 362
360 364
360 880
360 881
360 882
360 884
360 885
360 886
361 360
361 362
361 350
362 355
362 360
362 361
362 363
362 364
362 350
363 362
363 355
363 350
364 360
364 362
364 355
365 135
365 522
365 523
365 525
365 526
365 527
365 528
365 530
365 531
365 532
365 366
365 367
365 368
365 496
365 370
365 371
365 373
365 374
365 375
365 376
365 505
365 378
365 379
365 380
366 135
366 534
366 536
366 537
366 538
366 825
366 830
366 835
366 836
366 838
366 840
366 841
366 842
366 979
366 980
366 982
366 365
366 367
366 368
366 369
366 371
366 372
366 373
366 374
367 368
367 365
367 366
368 135
368 365
368 366
368 367
368 369
368 370
369 368
369 366
369 135
370 368
370 365
370 135
371 384
371 130
371 534
371 535
371 536
371 538
371 540
371 541
371 542
371 544
371 545
371 546
371 365
371 366
371 372
371 373
371 375
371 376
371 377
371 378
371 379
371 381
371 382
371 383
372 371
372 373
372 366
373 365
373 366
373 371
373 372
373 374
373 375
374 373
374 365
374 366
375 373
375 371
375 365
376 384
376 385
376 386
376 388
376 389
376 390
376 530
376 531
376 533
376 592
376 593
376 594
376 596
376 597
376 599
376 600
376 601
376 603
376 604
376 605
376 377
376 365
376 371
376 505
376 378
376 380
376 381
376 383
377 376
377 378
377 371
378 365
378 371
378 376
378 377
378 379
378 380
379 378
379 371
379 365
380 376
380 378
380 365
381 385
381 386
381 387
381 388
381 389
381 130
381 391
381 392
381 393
381 394
381 543
381 544
381 546
381 547
381 549
381 550
381 551
381 553
381 554
381 555
381 371
381 376
381 382
381 383
382 371
382 381
382 383
383 384
383 385
383 371
383 376
383 381
383 382
384 376
384 371
384 383
385 376
385 381
385 383
386 387
386 388
386 390
386 391
386 393
386 394
386 395
386 396
386 905
386 398
386 399
386 400
386 906
386 908
386 911
386 910
386 912
386 915
386 914
386 916
386 313
386 317
386 592
386 594
386 595
386 596
386 472
386 740
386 745
386 746
386 748
386 750
386 751
386 752
386 376
386 381
387 386
387 388
387 381
388 386
388 387
388 389
388 390
388 376
388 381
389 376
389 388
389 381
390 376
390 386
390 388
391 386
391 392
391 393
391 395
391 396
391 397
391 398
391 399
391 401
391 402
391 403
391 404
391 547
391 552
391 553
391 555
391 556
391 558
391 559
391 560
391 1261
391 1262
391 1263
391 381
392 393
392 381
392 391
393 386
393 391
393 392
393 394
393 395
393 381
394 393
394 386
394 381
395 393
395 386
395 391
396 386
396 391
396 397
396 398
396 400
396 401
396 403
396 404
396 405
396 406
396 408
396 409
396 410
396 735
396 736
396 737
396 739
396 740
396 742
396 743
396 744
396 746
396 747
396 748
397 396
397 398
397 391
398 386
398 391
398 396
398 397
398 399
398 400
399 386
399 398
399 391
400 386
400 396
400 398
401 391
401 396
401 556
401 1260
401 1261
401 1263
401 1265
401 402
401 403
401 1266
401 405
401 406
401 407
401 408
401 409
401 1267
402 401
402 403
402 391
403 391
403 396
403 401
403 402
403 404
403 405
404 403
404 396
404 391
405 401
405 403
405 396
406 396
406 401
406 407
406 408
406 410
406 556
406 1230
406 1235
406 1240
406 1241
406 1243
406 1245
406 1246
406 1247
406 735
406 737
406 738
406 739
406 1250
406 1249
406 1251
406 1264
406 1265
406 1267
407 408
407 401
407 406
408 396
408 401
408 406
408 407
408 409
408 410
409 408
409 401
409 396
410 408
410 396
410 406
411 412
411 413
411 414
411 415
411 417
411 418
411 419
411 420
411 805
411 811
411 812
411 814
411 815
411 816
411 817
411 818
411 820
411 821
411 822
411 823
411 355
411 876
411 877
411 879
412 355
412 411
412 413
413 416
413 355
413 411
413 412
413 414
413 415
414 411
414 413
414 415
414 416
414 820
414 437
414 564
414 960
414 961
414 962
414 582
414 355
414 868
414 869
414 871
414 360
414 873
414 874
414 875
414 877
414 878
414 879
414 880
414 881
414 883
414 885
414 886
414 887
414 888
414 890
414 891
414 892
415 411
415 413
415 414
416 355
416 413
416 414
417 896
417 411
417 418
417 419
417 421
417 422
417 423
417 424
417 425
417 805
417 427
417 428
417 429
417 430
417 806
417 807
417 808
417 809
417 811
417 812
417 813
417 355
417 894
417 895
418 417
418 411
418 419
419 417
419 418
419 355
419 420
419 421
419 411
420 355
420 411
420 419
421 417
421 355
421 419
422 1030
422 1031
422 1032
422 1034
422 1035
422 1036
422 1055
422 1056
422 417
422 1057
422 423
422 424
422 426
422 427
422 429
422 430
422 431
422 432
422 434
422 435
422 436
422 442
422 345
422 355
423 424
423 417
423 422
424 417
424 355
424 422
424 423
424 425
424 426
425 424
425 417
425 355
426 424
426 355
426 422
427 896
427 898
427 899
427 900
427 902
427 903
427 904
427 417
427 1058
427 1059
427 1060
427 422
427 808
427 428
427 429
427 431
427 432
427 433
427 434
427 435
427 815
427 437
427 438
427 439
427 440
427 820
427 893
427 894
428 417
428 427
428 429
429 417
429 422
429 427
429 428
429 430
429 431
430 417
430 429
430 422
431 427
431 429
431 422
432 1056
432 422
432 427
432 433
432 434
432 436
432 437
432 1054
432 439
432 440
432 441
432 442
432 444
432 445
432 446
432 1055
433 432
433 434
433 427
434 422
434 427
434 432
434 433
434 435
434 436
435 434
435 427
435 422
436 432
436 434
436 422
437 645
437 646
437 647
437 649
437 650
437 651
437 652
437 414
437 1059
437 1060
437 1061
437 427
437 687
437 432
437 688
437 690
437 820
437 438
437 439
437 441
437 442
437 443
437 444
437 445
437 582
437 868
437 869
437 870
437 872
437 873
437 874
437 623
438 427
438 437
438 439
439 427
439 432
439 437
439 438
439 440
439 441
440 432
440 427
440 439
441 432
441 437
441 439
442 646
442 647
442 648
442 1034
442 1035
442 1037
442 1054
442 1055
442 1057
442 422
442 432
442 437
442 443
442 444
442 446
442 335
442 345
442 619
442 620
442 621
442 623
442 624
442 625
442 626
443 442
443 444
443 437
444 432
444 437
444 442
444 443
444 445
444 446
445 432
445 444
445 437
446 432
446 442
446 444
447 1039
447 1040
447 1041
447 1042
447 1043
447 1045
447 672
447 673
447 674
447 567
447 448
447 449
447 451
447 452
447 454
447 455
447 456
447 457
447 459
447 460
447 461
447 587
447 350
447 360
448 449
448 350
448 447
449 448
449 450
449 451
449 360
449 350
449 447
450 360
450 449
450 350
451 360
451 449
451 447
452 691
452 693
452 694
452 695
452 447
452 453
452 454
452 456
452 457
452 458
452 459
452 460
452 713
452 462
452 463
452 464
452 465
452 714
452 715
452 716
452 718
452 719
452 720
452 350
453 452
453 454
453 350
454 452
454 453
454 455
454 456
454 350
454 447
455 454
455 350
455 447
456 452
456 454
456 447
457 658
457 667
457 668
457 670
457 671
457 672
457 673
457 675
457 676
457 677
457 447
457 452
457 458
457 459
457 587
457 461
457 462
457 464
457 465
457 466
457 467
457 469
457 470
457 471
458 457
458 459
458 452
459 452
459 457
459 458
459 460
459 461
459 447
460 459
460 452
460 447
461 457
461 459
461 447
462 1152
462 1182
462 1183
462 801
462 802
462 1185
462 804
462 1188
462 1187
462 1189
462 1103
462 1202
462 1203
462 1205
462 1218
462 1219
462 452
462 1220
462 457
462 713
462 715
462 716
462 717
462 463
462 464
462 592
462 466
462 467
462 468
462 469
462 470
462 1106
462 472
462 473
462 474
462 475
463 464
463 452
463 462
464 452
464 457
464 462
464 463
464 465
464 466
465 464
465 457
465 452
466 464
466 457
466 462
467 641
467 642
467 644
467 658
467 663
467 664
467 666
467 668
467 669
467 670
467 313
467 457
467 462
467 468
467 469
467 471
467 472
467 474
467 475
467 476
467 478
467 479
467 480
467 632
468 467
468 469
468 462
469 457
469 462
469 467
469 468
469 470
469 471
470 457
470 469
470 462
471 457
471 467
471 469
472 1152
472 386
472 909
472 910
472 912
472 913
472 914
472 915
472 1186
472 1187
472 1189
472 1190
472 1191
472 1193
472 1195
472 1196
472 1197
472 313
472 462
472 592
472 467
472 1109
472 473
472 474
472 476
472 477
472 478
472 479
473 472
473 474
473 462
474 462
474 467
474 472
474 473
474 475
474 476
475 474
475 467
475 462
476 472
476 474
476 467
477 472
477 313
477 478
478 480
478 467
478 472
478 313
478 477
478 479
479 472
479 467
479 478
480 313
480 467
480 478
481 773
481 1222
481 1223
481 1225
481 843
481 1228
481 1227
481 1229
481 1230
481 1232
481 1233
481 1234
481 482
481 483
481 485
481 486
481 103
481 488
481 489
481 490
481 491
481 108
481 493
481 494
481 495
481 1256
481 1257
481 1259
482 481
482 483
482 108
483 481
483 482
483 484
483 485
483 103
483 108
484 483
484 108
484 103
485 481
485 483
485 103
486 513
486 515
486 516
486 517
486 135
486 520
486 519
486 521
486 140
486 481
486 487
486 488
486 490
486 491
486 108
486 492
486 493
486 494
486 496
486 497
486 498
486 499
486 510
486 511
487 488
487 108
487 486
488 481
488 486
488 487
488 489
488 490
488 108
489 488
489 481
489 108
490 488
490 481
490 486
491 770
491 314
491 1223
491 1224
491 1225
491 843
491 848
491 849
491 851
491 852
491 853
491 854
491 481
491 486
491 492
491 493
491 495
491 496
491 498
491 499
491 500
491 502
491 503
491 504
492 491
492 493
492 486
493 481
493 486
493 491
493 492
493 494
493 495
494 481
494 493
494 486
495 481
495 491
495 493
496 518
496 135
496 519
496 521
496 523
496 524
496 525
496 527
496 528
496 529
496 314
496 486
496 491
496 365
496 497
496 498
496 500
496 501
496 502
496 503
496 505
496 506
496 507
496 508
497 496
497 498
497 486
498 486
498 491
498 496
498 497
498 499
498 500
499 498
499 491
499 486
500 496
500 498
500 491
501 496
501 314
501 502
502 491
502 496
502 501
502 503
502 504
502 314
503 496
503 491
503 502
504 314
504 491
504 502
505 526
505 527
505 529
505 531
505 532
505 533
505 314
505 597
505 602
505 603
505 605
505 606
505 608
505 609
505 610
505 612
505 613
505 614
505 365
505 496
505 376
505 506
505 507
505 509
506 496
506 505
506 507
507 314
507 496
507 505
507 506
507 508
507 509
508 496
508 314
508 507
509 505
509 314
509 507
510 140
510 486
510 511
511 512
511 513
511 486
511 108
511 140
511 510
512 108
512 140
512 511
513 108
513 486
513 511
514 515
514 140
514 135
515 514
515 516
515 517
515 486
515 135
515 140
516 515
516 140
516 486
517 515
517 486
517 135
518 496
518 519
518 135
519 486
519 518
519 520
519 135
519 521
519 496
520 519
520 486
520 135
521 496
521 486
521 519
522 523
522 365
522 135
523 135
523 522
523 524
523 365
523 525
523 496
524 496
524 523
524 135
525 496
525 523
525 365
526 505
526 365
526 527
527 365
527 526
527 496
527 528
527 529
527 505
528 496
528 365
528 527
529 496
529 505
529 527
530 376
530 531
530 365
531 365
531 530
531 532
531 533
531 376
531 505
532 505
532 531
532 365
533 376
533 505
533 531
534 864
534 865
534 130
534 867
534 839
534 840
534 842
534 366
534 371
534 535
534 536
534 537
534 539
534 540
534 541
534 830
535 536
535 371
535 534
536 366
536 371
536 534
536 535
536 537
536 538
537 536
537 366
537 534
538 536
538 371
538 366
539 130
539 540
539 534
540 130
540 371
540 534
540 539
540 541
540 542
541 371
541 540
541 534
542 130
542 371
542 540
543 544
543 130
543 381
544 545
544 130
544 546
544 371
544 381
544 543
545 544
545 130
545 371
546 544
546 371
546 381
547 130
547 391
547 548
547 549
547 551
547 552
547 553
547 554
547 556
547 557
547 558
547 559
547 91
547 95
547 753
547 754
547 756
547 758
547 759
547 760
547 762
547 763
547 764
547 381
548 130
548 547
548 549
549 130
549 547
549 548
549 550
549 551
549 381
550 130
550 549
550 381
551 549
551 547
551 381
552 553
552 547
552 391
553 547
553 391
553 552
553 554
553 555
553 381
554 553
554 547
554 381
555 553
555 381
555 391
556 768
556 391
556 401
556 406
556 547
556 557
556 558
556 560
556 1230
556 91
556 1248
556 1249
556 1250
556 1252
556 1253
556 1254
556 103
556 1260
556 1261
556 1262
556 1264
556 1265
556 1266
556 761
556 762
556 764
556 766
556 767
557 547
557 556
557 558
558 547
558 391
558 556
558 557
558 559
558 560
559 547
559 558
559 391
560 556
560 558
560 391
561 562
561 563
561 564
561 566
561 567
561 569
561 570
561 571
561 572
561 574
561 575
561 576
561 988
561 993
561 994
561 995
561 997
561 998
561 999
561 360
561 1000
561 1003
561 1004
561 1005
562 360
562 561
562 563
563 360
563 561
563 562
563 564
563 565
563 566
564 414
564 561
564 563
564 565
564 566
564 983
564 984
564 985
564 986
564 988
564 989
564 990
564 991
564 994
564 995
564 996
564 360
564 884
564 885
564 887
564 888
564 889
564 890
564 891
565 360
565 563
565 564
566 561
566 563
566 564
567 1038
567 1039
567 1041
567 1043
567 1044
567 1045
567 1062
567 1063
567 1065
567 561
567 568
567 569
567 571
567 572
567 573
567 574
567 447
567 575
567 577
567 578
567 579
567 580
567 587
567 360
568 360
568 569
568 567
569 360
569 561
569 567
569 568
569 570
569 571
570 360
570 561
570 569
571 561
571 569
571 567
572 1066
572 1067
572 1069
572 561
572 567
572 573
572 574
572 576
572 577
572 579
572 580
572 581
572 582
572 963
572 584
572 585
572 586
572 964
572 966
572 983
572 997
572 1002
572 1003
572 1004
572 1006
572 1007
572 1008
572 888
573 572
573 574
573 567
574 576
574 561
574 567
574 572
574 573
574 575
575 561
575 574
575 567
576 561
576 572
576 574
577 578
577 579
577 581
577 582
577 583
577 584
577 585
577 1062
577 587
577 588
577 589
577 590
577 1063
577 1064
577 567
577 572
578 577
578 579
578 567
579 577
579 578
579 580
579 581
579 567
579 572
580 579
580 572
580 567
581 577
581 579
581 572
582 649
582 658
582 414
582 679
582 680
582 682
582 684
582 685
582 686
582 688
582 689
582 690
582 437
582 572
582 959
582 960
582 577
582 962
582 964
582 965
582 966
582 583
582 584
582 586
582 587
582 589
582 590
582 591
582 869
582 870
582 871
582 888
583 584
583 577
583 582
584 577
584 582
584 583
584 585
584 586
584 572
585 584
585 577
585 572
586 584
586 572
586 582
587 1038
587 1039
587 1040
587 658
587 671
587 672
587 674
587 676
587 677
587 678
587 1063
587 680
587 681
587 682
587 1064
587 1065
587 567
587 447
587 577
587 582
587 457
587 588
587 589
587 591
588 577
588 587
588 589
589 577
589 582
589 587
589 588
589 590
589 591
590 577
590 589
590 582
591 587
591 589
591 582
592 386
592 913
592 914
592 916
592 793
592 794
592 796
592 797
592 798
592 799
592 801
592 802
592 803
592 1194
592 1195
592 1197
592 1198
592 1199
592 1201
592 1203
592 1204
592 1205
592 713
592 462
592 1103
592 593
592 594
592 595
592 722
592 597
592 598
592 599
592 600
592 472
592 1109
592 376
593 376
593 594
593 592
594 386
594 592
594 593
594 595
594 596
594 376
595 592
595 386
595 594
596 376
596 386
596 594
597 608
597 609
597 795
597 794
597 791
597 505
597 793
597 592
597 722
597 789
597 598
597 599
597 376
597 601
597 602
597 603
597 604
597 790
597 606
597 607
598 592
598 597
598 599
599 376
599 592
599 597
599 598
599 600
599 601
600 592
600 376
600 599
601 376
601 597
601 599
602 505
602 603
602 597
603 597
603 376
603 505
603 602
603 604
603 605
604 376
604 603
604 597
605 376
605 505
605 603
606 790
606 791
606 792
606 1076
606 1081
606 314
606 1082
606 700
606 1084
606 1085
606 1087
606 320
606 1088
606 1089
606 1091
606 1092
606 709
606 710
606 1093
606 712
606 330
606 722
606 597
606 731
606 732
606 734
606 607
606 608
606 610
606 611
606 612
606 613
606 615
606 616
606 617
606 505
607 608
607 597
607 606
608 609
608 610
608 597
608 505
608 606
608 607
609 608
609 505
609 597
610 608
610 505
610 606
611 314
611 612
611 606
612 611
612 613
612 614
612 505
612 314
612 606
613 505
613 612
613 606
614 505
614 314
614 612
615 320
615 616
615 606
616 320
616 615
616 617
616 618
616 314
616 606
617 616
617 314
617 606
618 320
618 314
618 616
619 442
619 620
619 335
620 619
620 621
620 622
620 335
620 345
620 442
621 345
621 442
621 620
622 345
622 620
622 335
623 645
623 646
623 648
623 649
623 651
623 652
623 653
623 655
623 656
623 657
623 437
623 442
623 325
623 335
623 624
623 625
623 627
623 628
623 629
623 630
623 632
623 633
623 634
623 635
624 625
624 442
624 623
625 335
625 624
625 623
625 626
625 627
625 442
626 625
626 442
626 335
627 625
627 623
627 335
628 629
628 325
628 623
629 325
629 335
629 623
629 628
629 630
629 631
630 629
630 335
630 623
631 629
631 325
631 335
632 641
632 642
632 643
632 649
632 654
632 655
632 657
632 658
632 660
632 661
632 662
632 664
632 665
632 666
632 313
632 325
632 467
632 623
632 633
632 634
632 636
632 637
632 638
632 639
633 632
633 634
633 623
634 325
634 623
634 632
634 633
634 635
634 636
635 634
635 325
635 623
636 632
636 634
636 325
637 632
637 313
637 638
638 640
638 325
638 632
638 313
638 637
638 639
639 632
639 325
639 638
640 313
640 325
640 638
641 632
641 642
641 467
642 641
642 643
642 644
642 467
642 632
642 313
643 632
643 313
643 642
644 313
644 642
644 467
645 437
645 646
645 623
646 645
646 647
646 648
646 623
646 437
646 442
647 442
647 437
647 646
648 442
648 646
648 623
649 687
649 582
649 650
649 651
649 683
649 653
649 654
649 623
649 655
649 656
649 658
649 659
649 660
649 437
649 661
649 684
649 632
649 688
649 689
649 686
650 649
650 651
650 437
651 649
651 650
651 652
651 653
651 623
651 437
652 651
652 437
652 623
653 649
653 651
653 623
654 632
654 649
654 655
655 649
655 654
655 623
655 656
655 657
655 632
656 655
656 649
656 623
657 632
657 655
657 623
658 649
658 659
658 660
658 662
658 663
658 664
658 665
658 667
658 668
658 669
658 675
658 676
658 678
658 679
658 680
658 681
658 683
658 684
658 685
658 582
658 457
658 587
658 467
658 632
659 649
659 658
659 660
660 649
660 658
660 659
660 661
660 662
660 632
661 632
661 649
661 660
662 632
662 658
662 660
663 664
663 658
663 467
664 658
664 467
664 663
664 632
664 665
664 666
665 632
665 658
665 664
666 632
666 467
666 664
667 457
667 658
667 668
668 457
668 658
668 467
668 667
668 669
668 670
669 658
669 467
669 668
670 457
670 467
670 668
671 672
671 457
671 587
672 673
672 674
672 457
672 587
672 671
672 447
673 672
673 457
673 447
674 672
674 587
674 447
675 457
675 658
675 676
676 675
676 677
676 678
676 457
676 587
676 658
677 457
677 587
677 676
678 658
678 587
678 676
679 680
679 658
679 582
680 582
680 679
680 681
680 682
680 587
680 658
681 680
681 658
681 587
682 680
682 587
682 582
683 649
683 658
683 684
684 582
684 649
684 683
684 685
684 686
684 658
685 658
685 684
685 582
686 649
686 684
686 582
687 688
687 649
687 437
688 582
688 649
688 687
688 689
688 690
688 437
689 688
689 649
689 582
690 688
690 437
690 582
691 692
691 693
691 695
691 697
691 698
691 699
691 700
691 702
691 703
691 704
691 452
691 713
691 718
691 719
691 721
691 722
691 723
691 340
691 724
691 725
691 727
691 728
691 729
691 350
692 691
692 693
692 350
693 452
693 691
693 692
693 694
693 695
693 350
694 452
694 693
694 350
695 691
695 452
695 693
696 697
696 340
696 350
697 691
697 340
697 696
697 698
697 699
697 350
698 697
698 691
698 350
699 697
699 691
699 340
700 704
700 706
700 707
700 708
700 710
700 711
700 712
700 606
700 330
700 733
700 722
700 691
700 340
700 727
700 728
700 730
700 731
700 732
700 701
700 702
701 700
701 702
701 340
702 704
702 691
702 340
702 700
702 701
702 703
703 691
703 340
703 702
704 691
704 700
704 702
705 706
705 330
705 340
706 705
706 707
706 708
706 330
706 340
706 700
707 706
707 700
707 340
708 706
708 330
708 700
709 330
709 710
709 606
710 709
710 711
710 712
710 330
710 700
710 606
711 330
711 700
711 710
712 700
712 710
712 606
713 800
713 802
713 803
713 452
713 804
713 714
713 715
713 717
713 462
713 719
713 720
713 721
713 722
713 691
713 724
713 725
713 726
713 592
713 797
713 798
714 713
714 715
714 452
715 452
715 713
715 714
715 716
715 717
715 462
716 715
716 452
716 462
717 713
717 715
717 462
718 691
718 452
718 719
719 452
719 713
719 718
719 720
719 721
719 691
720 713
720 452
720 719
721 713
721 691
721 719
722 789
722 790
722 792
722 794
722 795
722 796
722 798
722 799
722 800
722 691
722 700
722 713
722 592
722 723
722 724
722 597
722 726
722 728
722 729
722 730
722 732
722 733
722 734
722 606
723 722
723 691
723 724
724 713
724 722
724 691
724 723
724 725
724 726
725 713
725 691
725 724
726 713
726 722
726 724
727 728
727 691
727 700
728 722
728 691
728 727
728 729
728 730
728 700
729 728
729 722
729 691
730 728
730 722
730 700
731 732
731 700
731 606
732 734
732 722
732 731
732 700
732 733
732 606
733 722
733 732
733 700
734 722
734 732
734 606
735 769
735 776
735 396
735 781
735 782
735 784
735 786
735 787
735 788
735 406
735 1235
735 1244
735 1245
735 1247
735 736
735 737
735 738
735 740
735 741
735 742
735 743
735 1272
735 1273
735 1275
736 737
736 396
736 735
737 736
737 738
737 739
737 396
737 406
737 735
738 737
738 406
738 735
739 737
739 396
739 406
740 386
740 741
740 742
740 935
740 744
740 745
740 746
740 747
740 396
740 749
740 750
740 751
740 776
740 785
740 786
740 936
740 788
740 934
740 317
740 735
741 740
741 742
741 735
742 740
742 741
742 743
742 744
742 396
742 735
743 396
743 742
743 735
744 396
744 740
744 742
745 386
745 746
745 740
746 386
746 740
746 745
746 747
746 396
746 748
747 396
747 746
747 740
748 386
748 746
748 396
749 740
749 317
749 750
750 386
750 740
750 749
750 751
750 752
750 317
751 386
751 740
751 750
752 386
752 317
752 750
753 754
753 547
753 95
754 130
754 547
754 753
754 755
754 756
754 95
755 130
755 754
755 95
756 754
756 130
756 547
757 91
757 758
757 95
758 547
758 757
758 759
758 760
758 91
758 95
759 547
759 758
759 95
760 91
760 547
760 758
761 762
761 91
761 556
762 547
762 556
762 761
762 91
762 764
762 763
763 547
763 762
763 91
764 762
764 547
764 556
765 91
765 766
765 103
766 768
766 103
766 556
766 91
766 765
766 767
767 91
767 556
767 766
768 556
768 766
768 103
769 770
769 771
769 772
769 773
769 775
769 776
769 778
769 779
769 780
769 782
769 783
769 784
769 1235
769 1268
769 1269
769 1270
769 1272
769 1273
769 1274
769 735
770 769
770 771
770 772
770 773
770 774
770 776
770 777
770 778
770 779
770 1050
770 1051
770 1052
770 314
770 843
770 844
770 845
770 847
770 849
770 850
770 851
770 853
770 854
770 855
770 491
771 769
771 770
771 772
772 769
772 770
772 771
772 773
772 774
772 775
773 769
773 770
773 772
773 774
773 775
773 1226
773 843
773 1227
773 845
773 846
773 847
773 1229
773 1230
773 1231
773 1232
773 1233
773 1235
773 1236
773 1237
773 1238
773 481
773 1269
773 1270
773 1271
774 770
774 772
774 773
775 769
775 772
775 773
776 769
776 770
776 777
776 778
776 780
776 781
776 782
776 783
776 785
776 786
776 787
776 1051
776 1052
776 1053
776 933
776 934
776 935
776 937
776 938
776 939
776 314
776 317
776 735
776 740
777 776
777 770
777 778
778 769
778 770
778 776
778 777
778 779
778 780
779 769
779 770
779 778
780 776
780 769
780 778
781 776
781 782
781 735
782 769
782 776
782 781
782 783
782 784
782 735
783 776
783 769
783 782
784 769
784 782
784 735
785 776
785 786
785 740
786 740
786 776
786 785
786 787
786 788
786 735
787 776
787 786
787 735
788 786
788 740
788 735
789 722
789 597
789 790
790 722
790 789
790 597
790 791
790 792
790 606
791 597
791 606
791 790
792 722
792 606
792 790
793 592
793 794
793 597
794 592
794 722
794 597
794 793
794 795
794 796
795 722
795 794
795 597
796 592
796 722
796 794
797 592
797 713
797 798
798 800
798 713
798 592
798 722
798 797
798 799
799 592
799 722
799 798
800 713
800 722
800 798
801 592
801 802
801 462
802 801
802 803
802 804
802 713
802 462
802 592
803 592
803 713
803 802
804 713
804 802
804 462
805 417
805 1027
805 1028
805 1029
805 806
805 807
805 808
805 810
805 812
805 813
805 814
805 815
805 817
805 818
805 819
805 411
806 417
806 805
806 807
807 417
807 805
807 806
807 808
807 809
807 810
808 417
808 897
808 898
808 899
808 805
808 1026
808 807
808 1027
808 809
808 810
808 427
808 1029
808 815
808 893
808 894
808 895
809 808
809 417
809 807
810 808
810 805
810 807
811 417
811 411
811 812
812 417
812 805
812 811
812 813
812 814
812 411
813 417
813 812
813 805
814 411
814 812
814 805
815 897
815 898
815 1026
815 900
815 805
815 901
815 902
815 808
815 903
815 1027
815 427
815 1028
815 816
815 817
815 819
815 820
815 822
815 823
815 824
815 411
816 817
816 411
816 815
817 805
817 815
817 816
817 818
817 819
817 411
818 817
818 411
818 805
819 817
819 805
819 815
820 1058
820 1059
820 901
820 902
820 1061
820 872
820 873
820 904
820 875
820 876
820 877
820 878
820 815
820 427
820 821
820 822
820 437
820 824
820 411
820 414
821 411
821 820
821 822
822 815
822 820
822 821
822 823
822 824
822 411
823 411
823 822
823 815
824 820
824 822
824 815
825 832
825 833
825 834
825 836
825 837
825 838
825 135
825 202
825 366
825 975
825 976
825 977
825 979
825 980
825 981
825 250
825 827
825 826
825 829
825 830
826 825
826 202
826 827
827 828
827 202
827 825
827 250
827 826
827 829
828 827
828 202
828 250
829 825
829 250
829 827
830 130
830 534
830 825
830 831
830 832
830 834
830 835
830 836
830 837
830 839
830 840
830 841
830 202
830 205
830 856
830 857
830 859
830 861
830 862
830 863
830 865
830 866
830 867
830 366
831 832
831 202
831 830
832 833
832 834
832 202
832 825
832 830
832 831
833 832
833 825
833 202
834 832
834 825
834 830
835 830
835 836
835 366
836 835
836 837
836 838
836 366
836 825
836 830
837 825
837 836
837 830
838 825
838 836
838 366
839 830
839 840
839 534
840 839
840 841
840 842
840 366
840 534
840 830
841 840
841 366
841 830
842 840
842 366
842 534
843 481
843 770
843 773
843 1222
843 1223
843 1224
843 1226
843 491
843 844
843 845
843 846
843 1227
843 848
843 849
843 850
843 1228
844 770
844 843
844 845
845 770
845 773
845 843
845 844
845 846
845 847
846 843
846 845
846 773
847 770
847 845
847 773
848 849
848 843
848 491
849 770
849 843
849 491
849 848
849 850
849 851
850 849
850 770
850 843
851 849
851 770
851 491
852 314
852 491
852 853
853 770
853 491
853 852
853 854
853 855
853 314
854 770
854 491
854 853
855 770
855 314
855 853
856 857
856 205
856 830
857 202
857 205
857 856
857 858
857 859
857 830
858 857
858 202
858 205
859 857
859 202
859 830
860 130
860 861
860 205
861 130
861 205
861 830
861 860
861 862
861 863
862 861
862 205
862 830
863 130
863 861
863 830
864 865
864 130
864 534
865 864
865 130
865 866
865 867
865 534
865 830
866 865
866 130
866 830
867 865
867 830
867 534
868 869
868 437
868 414
869 868
869 582
869 870
869 871
869 437
869 414
870 869
870 437
870 582
871 414
871 869
871 582
872 873
872 820
872 437
873 872
873 874
873 875
873 820
873 437
873 414
874 873
874 437
874 414
875 873
875 820
875 414
876 411
876 820
876 877
877 876
877 878
877 879
877 820
877 411
877 414
878 820
878 877
878 414
879 411
879 877
879 414
880 360
880 881
880 414
881 355
881 360
881 880
881 882
881 883
881 414
882 360
882 881
882 355
883 881
883 355
883 414
884 360
884 564
884 885
885 360
885 884
885 564
885 886
885 887
885 414
886 360
886 885
886 414
887 564
887 885
887 414
888 960
888 961
888 986
888 963
888 964
888 965
888 582
888 1067
888 1068
888 985
888 1069
888 983
888 564
888 572
888 889
888 890
888 987
888 892
888 414
888 959
889 888
889 890
889 564
890 564
890 888
890 889
890 891
890 892
890 414
891 890
891 564
891 414
892 888
892 890
892 414
893 808
893 427
893 894
894 896
894 417
894 808
894 427
894 893
894 895
895 808
895 417
895 894
896 417
896 427
896 894
897 808
897 898
897 815
898 897
898 899
898 900
898 808
898 427
898 815
899 808
899 898
899 427
900 898
900 427
900 815
901 820
901 902
901 815
902 901
902 903
902 904
902 427
902 815
902 820
903 427
903 902
903 815
904 427
904 820
904 902
905 313
905 386
905 906
906 386
906 905
906 907
906 908
906 313
906 317
907 313
907 906
907 317
908 386
908 317
908 906
909 472
909 313
909 910
910 386
910 909
910 911
910 912
910 472
910 313
911 313
911 386
911 910
912 472
912 386
912 910
913 592
913 914
913 472
914 386
914 592
914 913
914 915
914 916
914 472
915 472
915 386
915 914
916 592
916 386
916 914
917 185
917 918
917 182
918 178
918 917
918 182
918 919
918 920
918 185
919 185
919 178
919 918
920 178
920 918
920 182
921 185
921 922
921 179
922 179
922 182
922 185
922 921
922 923
922 924
923 185
923 922
923 182
924 922
924 179
924 182
925 194
925 197
925 926
926 928
926 194
926 197
926 925
926 190
926 927
927 926
927 197
927 190
928 194
928 926
928 190
929 930
929 197
929 191
930 929
930 194
930 931
930 932
930 197
930 191
931 930
931 194
931 197
932 930
932 194
932 191
933 776
933 317
933 934
934 740
934 933
934 935
934 776
934 936
934 317
935 776
935 740
935 934
936 740
936 317
936 934
937 776
937 938
937 314
938 776
938 937
938 939
938 940
938 314
938 317
939 776
939 938
939 317
940 938
940 314
940 317
941 1024
941 1025
941 267
941 268
941 942
941 943
941 944
941 271
941 274
941 946
941 947
941 948
941 1014
941 279
941 1015
941 1017
941 1018
941 1019
941 1021
941 1023
942 943
942 941
942 279
943 941
943 942
943 944
943 945
943 274
943 279
944 274
944 941
944 943
945 943
945 274
945 279
946 947
946 267
946 941
947 267
947 941
947 946
947 948
947 949
947 279
948 947
948 941
948 279
949 267
949 947
949 279
950 288
950 291
950 967
950 296
950 968
950 956
950 969
950 971
950 972
950 973
950 1011
950 1012
950 1013
950 951
950 952
950 953
950 285
950 955
950 284
950 957
951 296
951 950
951 952
952 291
952 296
952 950
952 951
952 953
952 954
953 952
953 291
953 950
954 296
954 291
954 952
955 956
955 284
955 950
956 296
956 950
956 955
956 284
956 957
956 958
957 296
957 956
957 950
958 296
958 956
958 284
959 888
959 582
959 960
960 961
960 962
960 582
960 888
960 414
960 959
961 888
961 414
961 960
962 960
962 582
962 414
963 888
963 964
963 572
964 963
964 965
964 582
964 966
964 888
964 572
965 888
965 964
965 582
966 964
966 572
966 582
967 288
967 950
967 968
968 288
968 967
968 969
968 970
968 950
968 284
969 968
969 284
969 950
970 288
970 284
970 968
971 972
971 285
971 950
972 288
972 971
972 973
972 974
972 950
972 285
973 288
973 972
973 950
974 288
974 972
974 285
975 976
975 825
975 135
976 135
976 975
976 977
976 978
976 825
976 250
977 976
977 825
977 250
978 976
978 250
978 135
979 825
979 980
979 366
980 135
980 366
980 979
980 981
980 982
980 825
981 825
981 980
981 135
982 980
982 366
982 135
983 992
983 997
983 1066
983 1067
983 1068
983 1048
983 1006
983 1007
983 1009
983 564
983 888
983 1046
983 572
983 984
983 985
983 1047
983 987
983 988
983 990
983 991
984 985
984 564
984 983
985 564
985 888
985 983
985 984
985 986
985 987
986 888
986 985
986 564
987 888
987 985
987 983
988 992
988 993
988 994
988 996
988 997
988 999
988 1000
988 1001
988 561
988 564
988 1047
988 1046
988 983
988 1049
988 989
988 990
989 988
989 990
989 564
990 992
990 564
990 983
990 988
990 989
990 991
991 564
991 990
991 983
992 988
992 990
992 983
993 561
993 994
993 988
994 993
994 995
994 996
994 561
994 564
994 988
995 561
995 994
995 564
996 994
996 988
996 564
997 998
997 999
997 1001
997 1002
997 1003
997 1005
997 1007
997 1008
997 561
997 1009
997 1047
997 983
997 1048
997 1049
997 988
997 572
998 561
998 997
998 999
999 997
999 998
999 1000
999 1001
999 561
999 988
1000 561
1000 988
1000 999
1001 988
1001 997
1001 999
1002 1003
1002 572
1002 997
1003 997
1003 1002
1003 1004
1003 1005
1003 561
1003 572
1004 561
1004 1003
1004 572
1005 561
1005 1003
1005 997
1006 1007
1006 572
1006 983
1007 997
1007 1006
1007 1008
1007 1009
1007 983
1007 572
1008 572
1008 997
1008 1007
1009 1007
1009 997
1009 983
1010 291
1010 285
1010 1011
1011 291
1011 1010
1011 1012
1011 1013
1011 950
1011 285
1012 291
1012 950
1012 1011
1013 1011
1013 285
1013 950
1014 268
1014 941
1014 1015
1015 268
1015 941
1015 274
1015 1014
1015 1016
1015 1017
1016 274
1016 268
1016 1015
1017 274
1017 941
1017 1015
1018 1019
1018 941
1018 271
1019 268
1019 941
1019 271
1019 1018
1019 1020
1019 1021
1020 1019
1020 268
1020 271
1021 1019
1021 268
1021 941
1022 1023
1022 267
1022 271
1023 1024
1023 1025
1023 267
1023 941
1023 271
1023 1022
1024 1023
1024 941
1024 271
1025 267
1025 941
1025 1023
1026 808
1026 1027
1026 815
1027 1026
1027 1028
1027 805
1027 1029
1027 808
1027 815
1028 1027
1028 805
1028 815
1029 808
1029 1027
1029 805
1030 345
1030 422
1030 1031
1031 355
1031 422
1031 1030
1031 1032
1031 1033
1031 345
1032 355
1032 422
1032 1031
1033 345
1033 355
1033 1031
1034 442
1034 1035
1034 422
1035 422
1035 1034
1035 1036
1035 1037
1035 345
1035 442
1036 345
1036 1035
1036 422
1037 345
1037 442
1037 1035
1038 587
1038 1039
1038 567
1039 587
1039 1038
1039 1040
1039 1041
1039 567
1039 447
1040 587
1040 1039
1040 447
1041 1039
1041 567
1041 447
1042 360
1042 1043
1042 447
1043 360
1043 1042
1043 1044
1043 1045
1043 567
1043 447
1044 360
1044 1043
1044 567
1045 447
1045 1043
1045 567
1046 988
1046 1047
1046 983
1047 997
1047 1046
1047 983
1047 1048
1047 1049
1047 988
1048 1047
1048 997
1048 983
1049 988
1049 997
1049 1047
1050 1051
1050 314
1050 770
1051 770
1051 776
1051 314
1051 1050
1051 1052
1051 1053
1052 776
1052 770
1052 1051
1053 776
1053 314
1053 1051
1054 432
1054 442
1054 1055
1055 1056
1055 1057
1055 422
1055 432
1055 442
1055 1054
1056 432
1056 422
1056 1055
1057 442
1057 422
1057 1055
1058 1059
1058 427
1058 820
1059 1058
1059 1060
1059 1061
1059 427
1059 820
1059 437
1060 1059
1060 427
1060 437
1061 1059
1061 820
1061 437
1062 577
1062 1063
1062 567
1063 577
1063 1062
1063 1064
1063 1065
1063 587
1063 567
1064 577
1064 587
1064 1063
1065 587
1065 1063
1065 567
1066 1067
1066 572
1066 983
1067 1066
1067 1068
1067 1069
1067 983
1067 888
1067 572
1068 888
1068 1067
1068 983
1069 888
1069 1067
1069 572
1070 1170
1070 1171
1070 1173
1070 1071
1070 1072
1070 1073
1070 1074
1070 1076
1070 1077
1070 1078
1070 1079
1070 1215
1070 1216
1070 1217
1070 330
1070 1124
1070 1125
1070 1126
1070 1127
1070 1129
1070 1130
1070 1131
1070 1132
1070 1147
1071 1072
1071 330
1071 1070
1072 330
1072 1070
1072 1071
1072 1073
1072 1074
1072 1075
1073 320
1073 1094
1073 1095
1073 1097
1073 330
1073 1098
1073 1099
1073 1100
1073 1070
1073 1166
1073 1072
1073 1167
1073 1074
1073 1075
1073 1169
1073 1172
1073 1171
1073 1173
1073 1147
1073 1085
1074 1072
1074 1073
1074 1070
1075 1072
1075 1073
1075 330
1076 1088
1076 1086
1076 1124
1076 1126
1076 1127
1076 1128
1076 330
1076 1070
1076 1140
1076 1077
1076 1078
1076 1141
1076 1080
1076 1081
1076 1082
1076 1083
1076 1142
1076 1085
1076 606
1076 1087
1077 1078
1077 1076
1077 1070
1078 330
1078 1070
1078 1076
1078 1077
1078 1079
1078 1080
1079 1078
1079 330
1079 1070
1080 330
1080 1076
1080 1078
1081 1082
1081 1076
1081 606
1082 330
1082 1076
1082 1081
1082 1083
1082 1084
1082 606
1083 330
1083 1076
1083 1082
1084 330
1084 1082
1084 606
1085 1167
1085 1168
1085 1169
1085 1073
1085 1076
1085 1086
1085 1087
1085 320
1085 1089
1085 1090
1085 1091
1085 1092
1085 1094
1085 1095
1085 1096
1085 606
1085 1124
1085 1134
1085 1139
1085 1140
1085 1142
1085 1144
1085 1145
1085 1146
1085 1147
1085 1149
1085 1150
1085 1151
1086 1076
1086 1085
1086 1087
1087 1088
1087 1089
1087 1076
1087 1086
1087 1085
1087 606
1088 1076
1088 606
1088 1087
1089 1085
1089 606
1089 1087
1090 320
1090 1091
1090 1085
1091 320
1091 1090
1091 1092
1091 1093
1091 1085
1091 606
1092 1091
1092 1085
1092 606
1093 320
1093 1091
1093 606
1094 1073
1094 1085
1094 1095
1095 320
1095 1094
1095 1096
1095 1097
1095 1073
1095 1085
1096 320
1096 1085
1096 1095
1097 320
1097 1073
1097 1095
1098 1073
1098 330
1098 1099
1099 320
1099 1098
1099 330
1099 1100
1099 1101
1099 1073
1100 320
1100 1073
1100 1099
1101 320
1101 330
1101 1099
1102 1177
1102 1175
1102 1161
1102 1103
1102 1104
1102 1105
1102 1106
1102 1180
1102 1108
1102 1109
1102 1174
1102 1111
1102 1112
1102 1113
1102 1114
1102 1179
1102 1116
1102 1117
1102 1118
1102 1181
1103 1202
1103 1218
1103 1219
1103 1221
1103 1102
1103 1198
1103 1104
1103 1105
1103 1106
1103 1107
1103 592
1103 1109
1103 1110
1103 1111
1103 1112
1103 1199
1103 1200
1103 462
1103 1203
1103 1204
1104 1105
1104 1102
1104 1103
1105 1102
1105 1103
1105 1104
1105 1106
1105 1107
1105 1108
1106 1152
1106 1157
1106 1158
1106 1160
1106 1161
1106 1162
1106 1163
1106 1164
1106 1178
1106 1179
1106 1181
1106 1183
1106 1184
1106 1185
1106 1219
1106 1220
1106 1221
1106 1102
1106 1103
1106 462
1106 1105
1106 1107
1106 1108
1106 1119
1107 1105
1107 1106
1107 1103
1108 1105
1108 1106
1108 1102
1109 1152
1109 1154
1109 1155
1109 1156
1109 1190
1109 1191
1109 1192
1109 1194
1109 1195
1109 1196
1109 1199
1109 1200
1109 1201
1109 1102
1109 1103
1109 592
1109 1110
1109 1111
1109 472
1109 1113
1109 1114
1109 1115
1109 1116
1109 1117
1109 1119
1109 1120
1109 1121
1109 1122
1110 1109
1110 1111
1110 1103
1111 1102
1111 1103
1111 1109
1111 1110
1111 1112
1111 1113
1112 1111
1112 1102
1112 1103
1113 1109
1113 1102
1113 1111
1114 1121
1114 1122
1114 1123
1114 1161
1114 1211
1114 1102
1114 1109
1114 1175
1114 1176
1114 1177
1114 1210
1114 1115
1114 1116
1114 1213
1114 1118
1114 1119
1115 1114
1115 1116
1115 1109
1116 1102
1116 1109
1116 1114
1116 1115
1116 1117
1116 1118
1117 1116
1117 1109
1117 1102
1118 1114
1118 1116
1118 1102
1119 1120
1119 1121
1119 1152
1119 1123
1119 1153
1119 1154
1119 1156
1119 1159
1119 1158
1119 1160
1119 1161
1119 1163
1119 1164
1119 1165
1119 1106
1119 1109
1119 1114
1119 1211
1119 1212
1119 1213
1120 1121
1120 1109
1120 1119
1121 1120
1121 1122
1121 1123
1121 1109
1121 1114
1121 1119
1122 1121
1122 1114
1122 1109
1123 1121
1123 1114
1123 1119
1124 1125
1124 1126
1124 1128
1124 1129
1124 1131
1124 1132
1124 1133
1124 1070
1124 1134
1124 1136
1124 1137
1124 1138
1124 1139
1124 1076
1124 1140
1124 1141
1124 1143
1124 1144
1124 1145
1124 1085
1125 1126
1125 1124
1125 1070
1126 1124
1126 1125
1126 1127
1126 1128
1126 1070
1126 1076
1127 1126
1127 1076
1127 1070
1128 1124
1128 1076
1128 1126
1129 1217
1129 1124
1129 1130
1129 1131
1129 1133
1129 1070
1129 1134
1129 1135
1129 1136
1129 1137
1129 1206
1129 1207
1129 1208
1129 1147
1129 1214
1129 1215
1130 1129
1130 1131
1130 1070
1131 1124
1131 1129
1131 1130
1131 1132
1131 1133
1131 1070
1132 1131
1132 1124
1132 1070
1133 1129
1133 1131
1133 1124
1134 1209
1134 1124
1134 1129
1134 1135
1134 1136
1134 1138
1134 1149
1134 1143
1134 1144
1134 1208
1134 1146
1134 1147
1134 1148
1134 1085
1134 1150
1134 1207
1135 1136
1135 1129
1135 1134
1136 1124
1136 1129
1136 1134
1136 1135
1136 1137
1136 1138
1137 1136
1137 1129
1137 1124
1138 1136
1138 1124
1138 1134
1139 1140
1139 1124
1139 1085
1140 1124
1140 1139
1140 1076
1140 1141
1140 1142
1140 1085
1141 1140
1141 1124
1141 1076
1142 1140
1142 1076
1142 1085
1143 1144
1143 1124
1143 1134
1144 1124
1144 1134
1144 1143
1144 1145
1144 1146
1144 1085
1145 1144
1145 1124
1145 1085
1146 1144
1146 1085
1146 1134
1147 1216
1147 1215
1147 1209
1147 1129
1147 1134
1147 1166
1147 1167
1147 1073
1147 1168
1147 1070
1147 1170
1147 1149
1147 1171
1147 1172
1147 1206
1147 1207
1147 1148
1147 1085
1147 1214
1147 1151
1148 1147
1148 1149
1148 1134
1149 1134
1149 1147
1149 1148
1149 1085
1149 1150
1149 1151
1150 1149
1150 1085
1150 1134
1151 1149
1151 1147
1151 1085
1152 1183
1152 1153
1152 1154
1152 1155
1152 1184
1152 1157
1152 1158
1152 1159
1152 1186
1152 1187
1152 1188
1152 1192
1152 1191
1152 1193
1152 462
1152 1106
1152 1109
1152 472
1152 1182
1152 1119
1153 1152
1153 1154
1153 1119
1154 1152
1154 1153
1154 1155
1154 1156
1154 1109
1154 1119
1155 1152
1155 1154
1155 1109
1156 1154
1156 1109
1156 1119
1157 1152
1157 1106
1157 1158
1158 1152
1158 1157
1158 1159
1158 1160
1158 1106
1158 1119
1159 1152
1159 1158
1159 1119
1160 1106
1160 1158
1160 1119
1161 1178
1161 1210
1161 1162
1161 1163
1161 1165
1161 1102
1161 1211
1161 1106
1161 1212
1161 1174
1161 1175
1161 1176
1161 1114
1161 1179
1161 1180
1161 1119
1162 1161
1162 1106
1162 1163
1163 1161
1163 1162
1163 1164
1163 1165
1163 1106
1163 1119
1164 1106
1164 1163
1164 1119
1165 1161
1165 1163
1165 1119
1166 1073
1166 1147
1166 1167
1167 1166
1167 1168
1167 1073
1167 1169
1167 1147
1167 1085
1168 1147
1168 1085
1168 1167
1169 1073
1169 1085
1169 1167
1170 1147
1170 1171
1170 1070
1171 1070
1171 1073
1171 1170
1171 1172
1171 1173
1171 1147
1172 1073
1172 1147
1172 1171
1173 1073
1173 1171
1173 1070
1174 1161
1174 1102
1174 1175
1175 1161
1175 1102
1175 1174
1175 1176
1175 1177
1175 1114
1176 1161
1176 1114
1176 1175
1177 1114
1177 1102
1177 1175
1178 1161
1178 1106
1178 1179
1179 1161
1179 1102
1179 1106
1179 1178
1179 1180
1179 1181
1180 1161
1180 1179
1180 1102
1181 1106
1181 1179
1181 1102
1182 1152
1182 462
1182 1183
1183 1152
1183 1184
1183 1185
1183 462
1183 1106
1183 1182
1184 1152
1184 1106
1184 1183
1185 1106
1185 462
1185 1183
1186 472
1186 1187
1186 1152
1187 1152
1187 1186
1187 1188
1187 1189
1187 462
1187 472
1188 1152
1188 1187
1188 462
1189 472
1189 1187
1189 462
1190 472
1190 1109
1190 1191
1191 1152
1191 1190
1191 1192
1191 1193
1191 1109
1191 472
1192 1152
1192 1109
1192 1191
1193 1152
1193 1191
1193 472
1194 592
1194 1195
1194 1109
1195 1194
1195 1196
1195 1197
1195 592
1195 1109
1195 472
1196 472
1196 1195
1196 1109
1197 472
1197 592
1197 1195
1198 592
1198 1199
1198 1103
1199 1198
1199 1103
1199 592
1199 1200
1199 1201
1199 1109
1200 1199
1200 1109
1200 1103
1201 592
1201 1109
1201 1199
1202 1203
1202 462
1202 1103
1203 462
1203 1103
1203 592
1203 1202
1203 1204
1203 1205
1204 592
1204 1203
1204 1103
1205 592
1205 1203
1205 462
1206 1129
1206 1147
1206 1207
1207 1129
1207 1134
1207 1206
1207 1208
1207 1209
1207 1147
1208 1129
1208 1134
1208 1207
1209 1147
1209 1134
1209 1207
1210 1161
1210 1114
1210 1211
1211 1114
1211 1161
1211 1210
1211 1212
1211 1213
1211 1119
1212 1161
1212 1211
1212 1119
1213 1114
1213 1211
1213 1119
1214 1129
1214 1147
1214 1215
1215 1216
1215 1217
1215 1129
1215 1070
1215 1147
1215 1214
1216 1147
1216 1070
1216 1215
1217 1129
1217 1070
1217 1215
1218 1219
1218 462
1218 1103
1219 1218
1219 1220
1219 1221
1219 462
1219 1103
1219 1106
1220 1106
1220 1219
1220 462
1221 1106
1221 1219
1221 1103
1222 481
1222 843
1222 1223
1223 481
1223 1222
1223 1224
1223 1225
1223 843
1223 491
1224 1223
1224 843
1224 491
1225 481
1225 491
1225 1223
1226 843
1226 773
1226 1227
1227 481
1227 773
1227 1226
1227 843
1227 1228
1227 1229
1228 481
1228 843
1228 1227
1229 481
1229 1227
1229 773
1230 773
1230 406
1230 556
1230 1231
1230 1232
1230 1234
1230 1235
1230 1237
1230 1238
1230 1239
1230 1241
1230 1242
1230 1243
1230 1248
1230 481
1230 1249
1230 1251
1230 1253
1230 1254
1230 103
1230 1255
1230 1257
1230 1258
1230 1259
1231 1232
1231 773
1231 1230
1232 481
1232 773
1232 1230
1232 1231
1232 1233
1232 1234
1233 1232
1233 481
1233 773
1234 1232
1234 481
1234 1230
1235 769
1235 773
1235 1273
1235 1271
1235 1274
1235 1230
1235 1275
1235 1269
1235 1236
1235 1237
1235 406
1235 1239
1235 1240
1235 1241
1235 1242
1235 1268
1235 1244
1235 1245
1235 1246
1235 735
1236 1237
1236 1235
1236 773
1237 773
1237 1230
1237 1235
1237 1236
1237 1238
1237 1239
1238 1237
1238 773
1238 1230
1239 1235
1239 1237
1239 1230
1240 1241
1240 1235
1240 406
1241 1230
1241 1235
1241 406
1241 1240
1241 1242
1241 1243
1242 1241
1242 1235
1242 1230
1243 1241
1243 406
1243 1230
1244 1235
1244 1245
1244 735
1245 1247
1245 1235
1245 406
1245 1244
1245 1246
1245 735
1246 1235
1246 1245
1246 406
1247 1245
1247 406
1247 735
1248 1249
1248 556
1248 1230
1249 1248
1249 1250
1249 1251
1249 556
1249 1230
1249 406
1250 1249
1250 556
1250 406
1251 1249
1251 1230
1251 406
1252 556
1252 1253
1252 103
1253 1252
1253 1254
1253 103
1253 1255
1253 556
1253 1230
1254 556
1254 1253
1254 1230
1255 1253
1255 1230
1255 103
1256 481
1256 1257
1256 103
1257 481
1257 103
1257 1256
1257 1258
1257 1259
1257 1230
1258 1257
1258 1230
1258 103
1259 481
1259 1257
1259 1230
1260 401
1260 556
1260 1261
1261 391
1261 556
1261 1260
1261 1262
1261 1263
1261 401
1262 556
1262 1261
1262 391
1263 401
1263 1261
1263 391
1264 1265
1264 556
1264 406
1265 556
1265 1264
1265 401
1265 1266
1265 1267
1265 406
1266 401
1266 556
1266 1265
1267 401
1267 1265
1267 406
1268 769
1268 1235
1268 1269
1269 769
1269 773
1269 1235
1269 1268
1269 1270
1269 1271
1270 769
1270 773
1270 1269
1271 1269
1271 1235
1271 773
1272 769
1272 1273
1272 735
1273 769
1273 1235
1273 1272
1273 1274
1273 1275
1273 735
1274 769
1274 1235
1274 1273
1275 1273
1275 1235
1275 735
1276 1280
1276 1282
1276 1283
1276 1285
1276 1286
1276 1287
1276 1277
1276 1278
1276 1279
1277 1280
1277 1281
1277 1283
1277 1284
1277 1285
1277 1286
1277 1276
1277 1278
1277 1279
1278 1276
1278 1277
1278 1279
1279 1280
1279 1281
1279 1282
1279 1276
1279 1277
1279 1278
1280 1281
1280 1282
1280 1276
1280 1277
1280 1279
1281 1280
1281 1277
1281 1279
1282 1280
1282 1276
1282 1279
1283 1284
1283 1285
1283 1287
1283 1276
1283 1277
1284 1285
1284 1283
1284 1277
1285 1283
1285 1284
1285 1286
1285 1287
1285 1276
1285 1277
1286 1285
1286 1276
1286 1277
1287 1283
1287 1276
1287 1285
1288 1289
1288 1290
1288 1291
1288 1292
1288 1294
1288 1295
1288 1297
1288 1298
1288 1299
1289 1288
1289 1290
1289 1291
1289 1292
1289 1293
1289 1295
1289 1296
1289 1297
1289 1298
1290 1288
1290 1289
1290 1291
1291 1288
1291 1289
1291 1290
1291 1292
1291 1293
1291 1294
1292 1288
1292 1289
1292 1291
1292 1293
1292 1294
1293 1289
1293 1291
1293 1292
1294 1288
1294 1291
1294 1292
1295 1288
1295 1289
1295 1296
1295 1297
1295 1299
1296 1289
1296 1297
1296 1295
1297 1288
1297 1289
1297 1295
1297 1296
1297 1298
1297 1299
1298 1288
1298 1289
1298 1297
1299 1288
1299 1297
1299 1295
