-0.000000 0.249511 -0.108636
-0.000000 0.249511 -0.062599
-0.000000 0.331604 0.035399
0.135083 0.249509 -0.062597
-0.000000 0.498468 0.101730
-0.135084 0.249509 -0.062596
-0.000001 0.180894 -0.204692
0.167785 0.190804 0.041530
-0.000000 0.532920 0.102790
0.243521 0.617965 -0.033486
-0.243522 0.617965 -0.033485
-0.167785 0.190804 0.041531
0.176869 0.076477 -0.160312
0.000000 0.484224 0.242165
0.000000 0.542798 0.276591
0.254133 0.607353 -0.033486
-0.254134 0.607353 -0.033484
-0.176870 0.076477 -0.160311
0.332256 0.426485 -0.231936
-0.332258 0.426484 -0.231934
