0 1
0 2
0 3
0 355
0 6
0 7
0 8
0 11
0 12
0 440
1 0
1 2
1 3
1 4
1 5
1 6
1 66
1 9
1 10
1 13
1 14
1 15
1 435
1 341
1 440
1 347
2 0
2 1
2 3
3 0
3 1
3 2
3 9
3 10
3 11
3 12
3 395
3 434
3 442
4 1
4 66
4 68
4 5
4 6
4 71
4 165
4 168
4 13
4 441
4 58
4 59
5 1
5 4
5 6
6 0
6 1
6 67
6 4
6 5
6 68
6 7
6 8
6 440
6 441
7 0
7 8
7 6
8 0
8 67
8 68
8 355
8 6
8 7
8 707
8 11
8 115
8 84
8 85
8 116
9 1
9 3
9 10
9 395
9 332
9 430
9 442
9 341
9 342
9 343
9 346
9 347
10 9
10 3
10 1
11 0
11 320
11 355
11 3
11 707
11 708
11 8
11 393
11 394
11 395
11 12
11 396
11 434
11 85
12 11
12 0
12 3
13 1
13 66
13 1345
13 4
13 1114
13 1222
13 1223
13 168
13 808
13 810
13 1220
13 14
13 15
13 856
13 1113
13 58
14 1
14 13
14 15
14 435
14 341
14 856
14 1113
14 1212
15 1
15 13
15 14
16 449
16 450
16 451
16 649
16 650
16 587
16 588
16 682
16 17
16 18
16 19
16 765
17 650
17 651
17 652
17 586
17 16
17 18
17 19
17 692
17 694
17 695
17 634
17 765
18 16
18 17
18 19
19 449
19 677
19 678
19 584
19 585
19 586
19 682
19 652
19 621
19 16
19 17
19 18
20 548
20 701
20 460
20 527
20 21
20 22
20 23
20 604
20 573
20 702
21 636
21 548
21 69
21 70
21 631
21 605
21 655
21 20
21 23
21 54
21 55
21 22
21 92
21 93
21 95
21 604
22 20
22 21
22 23
23 458
23 459
23 172
23 460
23 461
23 20
23 21
23 54
23 22
23 55
23 183
23 701
24 38
24 47
24 52
24 53
24 25
24 26
24 27
24 28
24 29
25 320
25 321
25 99
25 408
25 104
25 234
25 251
25 252
25 85
25 407
25 24
25 26
25 27
25 28
25 29
26 24
26 25
26 27
27 320
27 45
27 46
27 47
27 410
27 315
27 52
27 405
27 245
27 407
27 24
27 25
27 26
27 251
27 252
27 411
27 438
28 99
28 100
28 101
28 38
28 39
28 40
28 102
28 104
28 107
28 234
28 53
28 85
28 24
28 25
28 56
28 29
28 57
29 24
29 25
29 28
30 32
30 33
30 31
31 32
31 33
31 45
31 47
31 48
31 51
31 30
32 33
32 30
32 31
33 32
33 45
33 48
33 49
33 50
33 30
33 31
34 35
34 36
34 37
34 39
34 42
34 43
34 44
35 34
35 36
35 37
35 38
35 39
35 41
35 42
36 34
36 35
36 37
37 34
37 35
37 36
38 35
38 39
38 40
38 41
38 53
38 24
38 28
39 28
39 34
39 35
39 38
39 40
39 41
39 42
39 43
39 44
39 181
39 56
39 57
39 78
39 88
39 90
39 100
39 102
39 103
39 105
39 106
39 237
40 28
40 38
40 39
41 35
41 38
41 39
42 34
42 35
42 39
43 34
43 39
43 103
43 75
43 44
43 77
43 78
43 87
43 88
43 89
43 90
43 91
44 34
44 43
44 39
45 400
45 406
45 409
45 410
45 27
45 31
45 33
45 423
45 46
45 47
45 48
45 49
45 50
45 51
45 438
45 315
45 316
45 317
45 244
45 245
45 246
46 27
46 45
46 47
47 45
47 46
47 51
47 52
47 24
47 27
47 31
48 33
48 45
48 31
49 33
49 420
49 421
49 422
49 423
49 424
49 331
49 45
49 400
49 50
49 244
49 409
50 49
50 45
50 33
51 31
51 45
51 47
52 24
52 27
52 47
53 24
53 28
53 38
54 55
54 21
54 23
55 193
55 69
55 70
55 172
55 461
55 21
55 54
55 23
56 57
56 28
56 39
57 160
57 65
57 39
57 136
57 105
57 107
57 108
57 81
57 180
57 85
57 181
57 56
57 28
57 159
58 1345
58 4
58 165
58 1220
58 168
58 1341
58 13
58 59
58 60
58 61
59 68
59 4
59 165
59 71
59 72
59 73
59 169
59 75
59 74
59 170
59 78
59 79
59 58
59 443
59 60
59 61
60 58
60 59
60 61
61 1220
61 169
61 74
61 1341
61 334
61 335
61 1244
61 1268
61 1340
61 1213
61 58
61 59
61 60
61 1245
62 64
62 65
62 130
62 131
62 132
62 133
62 164
62 148
62 117
62 153
62 157
62 63
63 64
63 65
63 109
63 114
63 147
63 84
63 85
63 86
63 148
63 153
63 156
63 62
64 65
64 62
64 63
65 64
65 160
65 161
65 131
65 136
65 108
65 85
65 117
65 118
65 57
65 155
65 156
65 62
65 63
66 1
66 4
66 13
67 8
67 68
67 6
68 67
68 4
68 6
68 71
68 8
68 73
68 72
68 109
68 110
68 111
68 80
68 83
68 84
68 115
68 441
68 59
69 21
69 70
69 55
70 192
70 193
70 69
70 166
70 167
70 172
70 21
70 55
70 92
70 93
71 59
71 4
71 68
72 68
72 73
72 105
72 78
72 80
72 81
72 82
72 83
72 112
72 113
72 443
72 59
73 72
73 59
73 68
74 169
74 170
74 75
74 76
74 77
74 334
74 1307
74 1270
74 1303
74 59
74 1244
74 61
75 74
75 43
75 76
75 77
75 78
75 79
75 91
75 170
75 87
75 59
76 74
76 75
76 77
77 1271
77 74
77 43
77 75
77 76
77 1338
77 1339
77 1270
77 87
77 1336
77 89
77 90
77 1307
77 1343
78 39
78 72
78 105
78 91
78 75
78 43
78 106
78 79
78 112
78 443
78 88
78 59
79 59
79 75
79 78
80 68
80 72
80 109
80 111
80 81
80 82
80 83
80 150
80 151
80 152
81 135
81 72
81 105
81 137
81 136
81 80
81 113
81 82
81 180
81 150
81 151
81 57
81 154
81 124
81 126
81 159
82 80
82 81
82 72
83 72
83 80
83 68
84 68
84 8
84 109
84 110
84 114
84 115
84 116
84 85
84 86
84 63
85 320
85 65
85 321
85 707
85 708
85 104
85 8
85 107
85 108
85 57
85 11
85 156
85 84
85 116
85 86
85 25
85 28
85 63
86 84
86 85
86 63
87 75
87 43
87 77
88 43
88 78
88 39
89 90
89 43
89 77
90 100
90 1305
90 103
90 39
90 1337
90 43
90 77
90 237
90 1335
90 1336
90 89
90 1306
90 1342
90 1343
91 43
91 75
91 78
92 93
92 21
92 70
93 96
93 70
93 166
93 167
93 171
93 21
93 631
93 92
93 94
93 95
94 96
94 97
94 98
94 166
94 171
94 620
94 174
94 175
94 93
94 95
95 96
95 97
95 98
95 605
95 648
95 632
95 655
95 688
95 21
95 630
95 631
95 600
95 633
95 602
95 93
95 94
96 93
96 94
96 95
97 98
97 194
97 620
97 174
97 627
97 628
97 629
97 630
97 599
97 602
97 94
97 95
98 97
98 94
98 95
99 1346
99 100
99 101
99 234
99 1258
99 1334
99 408
99 25
99 251
99 28
100 1344
100 99
100 101
100 102
100 39
100 1258
100 1306
100 237
100 1334
100 1305
100 90
100 28
101 99
101 100
101 28
102 100
102 28
102 39
103 90
103 43
103 39
104 25
104 28
104 85
105 39
105 72
105 106
105 78
105 112
105 113
105 81
105 180
105 181
105 57
106 105
106 78
106 39
107 57
107 28
107 85
108 65
108 57
108 85
109 68
109 110
109 111
109 80
109 114
109 147
109 84
109 148
109 149
109 150
109 152
109 63
110 84
110 109
110 68
111 80
111 68
111 109
112 72
112 105
112 78
113 72
113 105
113 81
114 84
114 109
114 63
115 8
115 84
115 68
116 8
116 84
116 85
117 129
117 130
117 65
117 131
117 132
117 118
117 119
117 120
117 155
117 62
118 65
118 161
118 136
118 188
118 117
118 119
118 120
118 122
118 155
118 124
118 158
118 191
119 120
119 117
119 118
120 128
120 129
120 130
120 122
120 138
120 139
120 140
120 141
120 142
120 117
120 118
120 119
120 186
120 187
120 190
120 191
121 762
121 755
121 758
121 759
121 760
121 122
121 123
121 124
121 125
121 763
122 187
122 142
122 188
122 761
122 118
122 758
122 120
122 121
122 762
122 123
122 124
122 191
123 121
123 122
123 124
124 764
124 135
124 136
124 137
124 158
124 81
124 118
124 121
124 122
124 123
124 188
124 125
124 126
124 763
125 128
125 764
125 139
125 755
125 756
125 757
125 760
125 121
125 763
125 124
125 126
125 127
126 128
126 130
126 163
126 764
126 133
126 134
126 135
126 81
126 150
126 189
126 154
126 124
126 125
126 127
127 128
127 125
127 126
128 130
128 139
128 757
128 189
128 120
128 186
128 190
128 125
128 126
128 127
129 120
129 130
129 117
130 128
130 129
130 132
130 133
130 134
130 117
130 189
130 120
130 126
130 190
130 157
130 62
131 65
131 117
131 62
132 130
132 117
132 62
133 130
133 162
133 163
133 164
133 134
133 148
133 150
133 126
133 157
133 62
134 130
134 133
134 126
135 81
135 124
135 126
136 160
136 65
136 161
136 137
136 81
136 118
136 57
136 124
136 158
136 159
137 136
137 81
137 124
138 139
138 140
138 141
138 142
138 120
139 128
139 138
139 140
139 755
139 756
139 757
139 120
139 186
139 125
140 120
140 138
140 139
141 120
141 138
141 142
142 138
142 141
142 758
142 120
142 761
142 122
142 187
143 737
143 740
143 741
143 742
143 750
143 144
143 145
143 146
143 179
143 176
144 742
144 743
144 744
144 143
144 176
144 145
144 146
144 177
145 144
145 146
145 143
146 737
146 738
146 739
146 740
146 744
146 745
146 746
146 747
146 143
146 144
146 145
146 177
147 148
147 109
147 63
148 162
148 164
148 133
148 109
148 147
148 149
148 150
148 153
148 62
148 63
149 148
149 109
149 150
150 162
150 163
150 133
150 109
150 80
150 81
150 148
150 149
150 151
150 152
150 154
150 126
151 80
151 81
151 150
152 80
152 109
152 150
153 148
153 62
153 63
154 81
154 126
154 150
155 65
155 117
155 118
156 65
156 85
156 63
157 130
157 133
157 62
158 136
158 124
158 118
159 81
159 57
159 136
160 136
160 57
160 65
161 136
161 65
161 118
162 148
162 133
162 150
163 126
163 133
163 150
164 148
164 133
164 62
165 58
165 59
165 4
166 192
166 70
166 167
166 171
166 172
166 173
166 174
166 175
166 93
166 94
167 70
167 93
167 166
168 58
168 4
168 13
169 74
169 59
169 61
170 59
170 74
170 75
171 166
171 93
171 94
172 192
172 193
172 166
172 70
172 458
172 173
172 174
172 461
172 23
172 55
172 182
172 183
173 172
173 174
173 166
174 97
174 194
174 197
174 166
174 172
174 173
174 620
174 175
174 628
174 182
174 183
174 184
174 185
174 94
175 94
175 166
175 174
176 741
176 742
176 743
176 143
176 144
176 177
176 178
176 179
177 743
177 744
177 745
177 746
177 176
177 144
177 178
177 179
177 146
177 752
178 176
178 177
178 179
179 737
179 741
179 746
179 748
179 749
179 750
179 143
179 176
179 177
179 178
179 751
179 752
180 81
180 57
180 105
181 57
181 105
181 39
182 172
182 174
182 183
183 706
183 458
183 459
183 172
183 460
183 174
183 182
183 23
183 184
183 185
183 412
183 413
184 185
184 174
184 183
185 194
185 195
185 196
185 197
185 554
185 174
185 431
185 558
185 183
185 184
185 412
185 413
185 414
185 415
186 128
186 139
186 120
187 120
187 122
187 142
188 122
188 124
188 118
189 128
189 130
189 126
190 128
190 130
190 120
191 120
191 122
191 118
192 172
192 166
192 70
193 172
193 70
193 55
194 97
194 195
194 196
194 197
194 174
194 462
194 463
194 625
194 626
194 627
194 628
194 689
194 599
194 185
195 185
195 194
195 196
196 481
196 194
196 195
196 485
196 554
196 555
196 462
196 463
196 464
196 465
196 431
196 185
197 185
197 194
197 174
198 199
198 200
198 201
198 657
198 658
198 660
198 665
198 666
198 667
198 670
199 198
199 200
199 201
199 202
199 203
199 657
199 658
199 593
199 661
199 662
199 663
199 664
200 201
200 198
200 199
201 674
201 198
201 199
201 200
201 202
201 203
201 666
201 668
201 669
201 670
202 201
202 203
202 199
203 673
203 674
203 199
203 201
203 202
203 661
203 664
203 669
204 619
204 205
204 206
204 207
204 210
204 211
204 214
204 215
204 216
204 217
205 229
205 618
205 619
205 204
205 206
205 207
205 208
205 209
205 214
206 204
206 205
206 207
207 617
207 204
207 205
207 206
207 208
207 209
207 210
207 211
207 212
207 213
207 218
207 221
207 222
207 223
208 209
208 205
208 207
209 224
209 616
209 617
209 205
209 207
209 208
209 221
210 211
210 204
210 207
211 204
211 207
211 210
211 212
211 213
211 216
211 217
211 218
211 219
211 220
212 211
212 213
212 207
213 207
213 211
213 212
213 218
213 219
213 223
214 229
214 231
214 618
214 619
214 204
214 205
214 215
214 216
215 216
215 204
215 214
216 227
216 228
216 229
216 230
216 231
216 232
216 233
216 204
216 211
216 214
216 215
216 217
216 218
216 220
217 216
217 211
217 204
218 224
218 225
218 226
218 227
218 232
218 207
218 211
218 213
218 216
218 219
218 220
218 221
218 222
218 223
219 218
219 211
219 213
220 216
220 218
220 211
221 224
221 225
221 616
221 617
221 207
221 209
221 218
221 222
222 218
222 221
222 207
223 218
223 213
223 207
224 225
224 226
224 227
224 614
224 615
224 616
224 235
224 241
224 209
224 218
224 221
225 224
225 218
225 221
226 224
226 218
226 227
227 224
227 226
227 228
227 615
227 232
227 233
227 235
227 236
227 216
227 218
228 227
228 229
228 230
228 613
228 233
228 235
228 236
228 238
228 239
228 216
229 228
229 612
229 230
229 231
229 613
229 618
229 205
229 239
229 214
229 216
229 254
230 216
230 228
230 229
231 216
231 229
231 214
232 216
232 218
232 227
233 216
233 227
233 228
234 25
234 99
234 28
235 256
235 224
235 610
235 227
235 228
235 611
235 614
235 615
235 236
235 238
235 239
235 240
235 241
235 607
236 227
236 228
236 235
237 90
237 100
237 39
238 235
238 228
238 239
239 256
239 608
239 609
239 228
239 229
239 612
239 613
239 235
239 238
239 250
239 254
239 607
240 256
240 610
240 611
240 235
240 241
240 242
240 243
240 255
241 224
241 611
241 614
241 235
241 240
241 242
241 243
241 247
241 248
242 240
242 241
242 243
243 256
243 257
243 240
243 241
243 242
243 247
243 248
243 249
243 250
243 255
244 421
244 422
244 45
244 1262
244 1263
244 1264
244 49
244 1265
244 1266
244 245
244 246
244 1304
244 409
244 1274
245 1260
245 45
245 1261
245 251
245 1262
245 1275
245 244
245 411
245 246
245 1304
245 410
245 27
246 45
246 244
246 245
247 248
247 241
247 243
248 241
248 243
248 247
248 249
248 250
248 253
248 254
249 248
249 250
249 243
250 256
250 257
250 608
250 609
250 239
250 243
250 248
250 249
250 253
250 254
251 1346
251 99
251 1258
251 1259
251 1260
251 1275
251 411
251 245
251 408
251 25
251 27
251 252
252 27
252 25
252 251
253 248
253 250
253 254
254 609
254 612
254 229
254 239
254 248
254 250
254 253
255 240
255 256
255 243
256 608
256 257
256 610
256 235
256 607
256 239
256 240
256 243
256 250
256 255
257 256
257 250
257 243
258 259
258 260
258 261
258 264
258 265
258 266
258 267
258 268
259 258
259 260
259 261
259 262
259 263
259 267
259 268
259 269
259 270
259 276
259 567
259 568
260 258
260 259
260 261
261 258
261 259
261 260
261 262
261 263
261 264
261 265
261 272
261 569
261 570
262 259
262 261
262 263
263 259
263 261
263 262
263 272
263 276
263 568
263 570
263 571
264 258
264 261
264 265
264 266
264 267
264 272
264 566
264 569
264 282
265 264
265 258
265 261
266 264
266 258
266 267
267 258
267 259
267 264
267 266
267 268
267 269
267 270
268 259
268 258
268 267
269 267
269 259
269 270
270 259
270 267
270 269
270 276
270 564
270 567
270 285
271 272
271 273
271 274
271 277
271 278
271 279
271 280
271 281
271 282
271 565
272 261
272 263
272 264
272 271
272 273
272 274
272 275
272 276
272 565
272 566
272 570
272 569
272 282
272 571
273 272
273 274
273 271
274 288
274 271
274 272
274 273
274 275
274 276
274 563
274 279
274 280
274 285
274 286
274 287
275 272
275 274
275 276
276 259
276 263
276 270
276 272
276 274
276 563
276 275
276 564
276 567
276 568
276 571
276 285
277 292
277 293
277 294
277 295
277 296
277 297
277 313
277 271
277 278
277 279
277 281
277 282
277 283
277 284
278 279
278 277
278 271
279 288
279 289
279 290
279 291
279 292
279 295
279 271
279 274
279 277
279 278
279 280
279 286
280 274
280 271
280 279
281 282
281 277
281 271
282 264
282 330
282 271
282 560
282 272
282 277
282 565
282 566
282 281
282 283
282 284
283 282
283 284
283 277
284 296
284 297
284 330
284 559
284 560
284 277
284 282
284 283
285 327
285 270
285 274
285 562
285 276
285 563
285 564
285 286
285 287
286 288
286 289
286 290
286 327
286 561
286 274
286 562
286 279
286 285
286 287
287 274
287 285
287 286
288 274
288 286
288 279
289 290
289 291
289 292
289 326
289 327
289 328
289 297
289 561
289 279
289 286
290 289
290 286
290 279
291 289
291 292
291 279
292 289
292 291
292 293
292 294
292 295
292 326
292 297
292 277
292 279
292 314
293 292
293 294
293 297
293 277
293 313
293 314
294 277
294 292
294 293
295 292
295 277
295 279
296 297
296 284
296 277
297 289
297 292
297 293
297 326
297 327
297 296
297 328
297 329
297 330
297 559
297 277
297 313
297 314
297 284
298 390
298 391
298 713
298 299
298 300
298 301
298 307
298 308
298 309
298 310
299 356
299 357
299 358
299 392
299 361
299 298
299 300
299 301
299 365
299 366
299 307
299 308
300 298
300 299
300 301
301 387
301 392
301 298
301 299
301 300
301 365
301 302
301 303
301 304
301 309
301 310
301 311
301 312
301 379
301 380
301 381
302 388
302 389
302 714
302 301
302 717
302 303
302 304
302 305
302 306
302 718
302 311
302 312
303 304
303 301
303 302
304 384
304 385
304 387
304 362
304 301
304 302
304 303
304 365
304 305
304 306
304 349
304 351
305 352
305 353
305 384
305 388
305 389
305 709
305 390
305 710
305 302
305 367
305 304
305 306
305 308
305 349
305 318
305 383
306 304
306 305
306 302
307 298
307 299
307 308
308 318
308 356
308 390
308 391
308 710
308 361
308 298
308 299
308 305
308 307
308 382
308 383
309 298
309 301
309 310
310 390
310 711
310 712
310 713
310 298
310 301
310 309
310 379
310 380
311 714
311 301
311 302
311 717
311 312
311 379
311 381
312 301
312 302
312 311
313 297
313 293
313 277
314 297
314 292
314 293
315 320
315 356
315 358
315 359
315 360
315 45
315 404
315 405
315 438
315 27
315 316
315 317
315 318
315 319
316 45
316 398
316 399
316 400
316 401
316 406
316 315
316 317
316 318
316 319
317 315
317 316
317 45
318 352
318 356
318 383
318 360
318 427
318 398
318 367
318 399
318 305
318 369
318 372
318 308
318 315
318 316
318 382
318 319
319 315
319 316
319 318
320 321
320 708
320 358
320 27
320 393
320 394
320 363
320 364
320 11
320 425
320 404
320 85
320 405
320 407
320 25
320 315
321 320
321 25
321 85
322 323
322 324
322 325
322 375
322 378
322 731
322 732
322 733
323 322
323 324
323 325
323 719
323 726
323 727
323 376
323 733
323 734
323 375
324 322
324 323
324 325
325 322
325 323
325 324
325 378
325 719
325 722
325 724
325 725
325 726
325 729
325 730
325 731
326 297
326 292
326 289
327 289
327 328
327 329
327 330
327 297
327 561
327 562
327 285
327 286
328 289
328 297
328 327
329 297
329 330
329 327
330 327
330 329
330 297
330 559
330 560
330 282
330 284
331 420
331 421
331 424
331 332
331 333
331 334
331 428
331 400
331 49
331 439
332 9
332 331
332 395
332 333
332 334
332 335
332 336
332 429
332 399
332 430
332 400
332 437
332 342
332 439
332 346
332 444
333 331
333 332
333 334
334 421
334 74
334 331
334 332
334 333
334 428
334 335
334 336
334 1303
334 1302
334 1270
334 1245
334 1244
334 61
335 332
335 334
335 336
335 1267
335 1268
335 437
335 342
335 1213
335 1245
335 1269
335 61
335 1215
336 332
336 334
336 335
337 516
337 517
337 492
337 338
337 339
337 340
337 502
337 511
338 512
338 489
338 521
338 492
338 337
338 339
338 340
338 344
338 345
338 511
339 337
339 338
339 340
340 516
340 518
340 519
340 520
340 525
340 337
340 338
340 339
340 502
340 344
340 345
340 509
341 960
341 1
341 1217
341 1218
341 9
341 1257
341 1211
341 14
341 435
341 342
341 343
341 856
341 922
341 347
341 1212
341 1215
342 9
342 1257
342 332
342 335
342 1267
342 341
342 437
342 343
342 346
342 1215
343 9
343 341
343 342
344 345
344 338
344 340
345 518
345 489
345 521
345 522
345 491
345 523
345 525
345 338
345 340
345 344
346 9
346 332
346 342
347 9
347 341
347 1
348 352
348 354
348 363
348 368
348 371
348 373
348 374
348 349
348 350
348 351
349 352
349 353
349 354
349 384
349 362
349 304
349 305
349 348
349 350
349 351
350 348
350 349
350 351
351 385
351 386
351 358
351 362
351 363
351 365
351 304
351 368
351 436
351 348
351 349
351 350
352 353
352 354
352 367
352 305
352 369
352 370
352 371
352 372
352 373
352 348
352 349
352 318
353 352
353 305
353 349
354 352
354 348
354 349
355 0
355 8
355 11
356 382
356 357
356 358
356 359
356 360
356 361
356 299
356 308
356 315
356 318
357 299
357 356
357 358
358 320
358 386
358 356
358 357
358 359
358 299
358 363
358 364
358 366
358 365
358 404
358 436
358 315
358 351
359 315
359 356
359 358
360 315
360 356
360 318
361 356
361 299
361 308
362 304
362 349
362 351
363 320
363 358
363 393
363 425
363 364
363 397
363 368
363 371
363 436
363 374
363 348
363 351
364 320
364 363
364 358
365 385
365 386
365 387
365 358
365 392
365 299
365 301
365 366
365 304
365 351
366 299
366 365
366 358
367 352
367 305
367 318
368 363
368 348
368 351
369 352
369 426
369 395
369 427
369 399
369 370
369 371
369 372
369 402
369 318
370 352
370 369
370 371
371 352
371 393
371 363
371 395
371 397
371 369
371 370
371 402
371 403
371 373
371 374
371 348
372 352
372 369
372 318
373 352
373 371
373 348
374 363
374 371
374 348
375 322
375 323
375 376
375 377
375 378
375 732
375 733
375 734
376 736
376 323
376 719
376 720
376 735
376 724
376 727
376 728
376 377
376 378
376 734
376 375
377 376
377 378
377 375
378 736
378 322
378 325
378 724
378 375
378 376
378 377
378 730
378 731
378 732
379 301
379 310
379 311
379 380
379 381
380 379
380 301
380 310
381 379
381 301
381 311
382 356
382 308
382 318
383 305
383 308
383 318
384 304
384 305
384 349
385 304
385 365
385 351
386 365
386 358
386 351
387 304
387 301
387 365
388 709
388 390
388 389
388 711
388 714
388 715
388 716
388 302
388 718
388 305
389 305
389 388
389 302
390 388
390 709
390 710
390 391
390 711
390 712
390 298
390 713
390 716
390 305
390 308
390 310
391 298
391 308
391 390
392 299
392 301
392 365
393 320
393 425
393 394
393 11
393 396
393 395
393 363
393 397
393 371
393 403
394 320
394 393
394 11
395 3
395 393
395 426
395 11
395 396
395 429
395 332
395 399
395 430
395 369
395 402
395 371
395 403
395 9
395 434
395 442
396 393
396 11
396 395
397 371
397 393
397 363
398 316
398 318
398 399
399 426
399 395
399 427
399 429
399 398
399 332
399 400
399 401
399 369
399 444
399 316
399 318
400 420
400 423
400 331
400 332
400 45
400 399
400 401
400 49
400 406
400 439
400 444
400 316
401 400
401 316
401 399
402 369
402 371
402 395
403 371
403 393
403 395
404 320
404 315
404 358
405 320
405 27
405 315
406 400
406 316
406 45
407 320
407 25
407 27
408 99
408 25
408 251
409 49
409 244
409 45
410 245
410 27
410 45
411 27
411 245
411 251
412 185
412 413
412 183
413 416
413 417
413 418
413 419
413 705
413 706
413 460
413 183
413 185
413 412
413 414
413 415
414 185
414 413
414 415
415 416
415 419
415 558
415 431
415 185
415 698
415 413
415 414
416 417
416 418
416 419
416 551
416 431
416 432
416 433
416 527
416 698
416 700
416 413
416 415
417 416
417 418
417 413
418 416
418 417
418 705
418 460
418 527
418 699
418 700
418 413
419 416
419 413
419 415
420 400
420 49
420 331
421 422
421 424
421 331
421 428
421 334
421 1263
421 1264
421 49
421 244
421 1270
421 1271
421 1272
421 1273
421 1302
422 49
422 244
422 421
423 400
423 49
423 45
424 49
424 331
424 421
425 320
425 393
425 363
426 369
426 395
426 399
427 369
427 318
427 399
428 331
428 421
428 334
429 395
429 332
429 399
430 9
430 395
430 332
431 416
431 481
431 196
431 485
431 487
431 552
431 553
431 554
431 558
431 432
431 433
431 185
431 698
431 415
432 416
432 433
432 431
433 416
433 486
433 487
433 550
433 551
433 552
433 431
433 432
433 527
433 528
433 529
433 536
433 477
433 478
434 11
434 3
434 395
435 1
435 341
435 14
436 363
436 358
436 351
437 332
437 342
437 335
438 315
438 27
438 45
439 400
439 331
439 332
440 0
440 1
440 6
441 4
441 6
441 68
442 3
442 9
442 395
443 72
443 59
443 78
444 400
444 332
444 399
445 448
445 480
445 482
445 582
445 497
445 498
445 703
445 535
445 446
445 447
446 448
446 482
446 580
446 582
446 455
446 494
446 495
446 496
446 539
446 540
446 445
446 447
447 448
447 445
447 446
448 455
448 456
448 457
448 492
448 493
448 496
448 497
448 498
448 499
448 500
448 504
448 445
448 446
448 447
449 450
449 451
449 452
449 453
449 454
449 678
449 679
449 682
449 621
449 685
449 686
449 16
449 19
449 669
450 16
450 449
450 451
451 449
451 450
451 452
451 645
451 587
451 588
451 589
451 683
451 591
451 16
451 592
451 685
452 449
452 451
452 453
452 454
452 683
452 589
452 685
452 593
452 597
452 598
453 449
453 452
453 454
454 449
454 452
454 453
454 680
454 684
454 686
454 593
454 661
454 598
454 669
455 448
455 576
455 577
455 456
455 457
455 491
455 494
455 495
455 496
455 446
456 448
456 576
456 455
456 457
456 490
456 489
456 491
456 493
456 492
456 501
457 456
457 448
457 455
458 183
458 172
458 23
459 460
459 23
459 183
460 705
460 418
460 706
460 459
460 527
460 23
460 20
460 413
460 183
460 699
460 701
460 702
461 172
461 55
461 23
462 544
462 545
462 194
462 546
462 196
462 484
462 640
462 641
462 463
462 464
462 465
462 466
462 625
462 626
462 469
462 637
462 638
462 639
463 194
463 196
463 462
464 481
464 546
464 196
464 484
464 555
464 462
464 465
464 537
465 464
465 196
465 462
466 544
466 545
466 484
466 462
466 467
466 468
466 469
466 470
466 471
466 539
466 542
466 543
467 466
467 468
467 469
467 470
467 471
467 472
467 473
467 474
467 475
467 476
468 466
468 467
468 469
469 544
469 641
469 462
469 654
469 466
469 467
469 468
469 530
469 531
469 692
469 693
469 697
469 634
469 475
469 476
469 639
470 583
470 505
470 466
470 467
470 498
470 533
470 471
470 472
470 473
470 538
470 539
470 542
471 466
471 467
471 470
472 473
472 467
472 470
473 480
473 704
473 498
473 467
473 533
473 470
473 534
473 472
473 474
473 475
474 473
474 467
474 475
475 480
475 549
475 526
475 529
475 530
475 467
475 531
475 469
475 532
475 534
475 473
475 474
475 476
475 477
476 475
476 469
476 467
477 480
477 549
477 550
477 526
477 529
477 433
477 536
477 475
477 478
477 479
478 480
478 481
478 482
478 486
478 487
478 488
478 550
478 575
478 433
478 477
478 574
478 479
479 480
479 477
479 478
480 704
480 482
480 488
480 526
480 703
480 498
480 534
480 535
480 473
480 475
480 445
480 477
480 478
480 479
481 482
481 483
481 196
481 484
481 485
481 487
481 574
481 553
481 555
481 431
481 464
481 537
481 478
481 575
482 480
482 481
482 541
482 483
482 484
482 446
482 582
482 488
482 535
482 539
482 540
482 445
482 478
482 575
483 481
483 482
483 484
484 481
484 482
484 483
484 545
484 546
484 462
484 464
484 466
484 537
484 539
484 541
484 543
485 481
485 196
485 431
486 433
486 478
486 487
487 481
487 486
487 552
487 553
487 574
487 431
487 433
487 478
488 480
488 482
488 478
489 512
489 456
489 521
489 490
489 491
489 492
489 523
489 338
489 501
489 345
490 456
490 489
490 491
491 576
491 513
491 514
491 515
491 577
491 579
491 518
491 455
491 456
491 489
491 490
491 522
491 523
491 524
491 494
491 345
491 508
491 509
492 448
492 512
492 517
492 456
492 489
492 493
492 337
492 338
492 499
492 500
492 501
492 502
492 503
492 511
493 448
493 492
493 456
494 577
494 514
494 578
494 579
494 580
494 581
494 455
494 491
494 495
494 505
494 539
494 446
495 455
495 446
495 494
496 448
496 446
496 455
497 448
497 498
497 445
498 448
498 480
498 704
498 583
498 473
498 497
498 500
498 533
498 470
498 504
498 505
498 506
498 445
498 703
499 448
499 492
499 500
500 448
500 514
500 492
500 556
500 557
500 498
500 499
500 502
500 503
500 504
500 505
500 506
500 507
500 508
501 456
501 489
501 492
502 516
502 517
502 520
502 492
502 337
502 500
502 340
502 503
502 507
502 508
502 509
502 510
503 492
503 500
503 502
504 448
504 498
504 500
505 514
505 578
505 581
505 583
505 556
505 494
505 498
505 506
505 500
505 470
505 538
505 539
506 505
506 498
506 500
507 500
507 508
507 502
508 513
508 514
508 515
508 491
508 557
508 500
508 502
508 507
508 509
508 510
509 515
509 518
509 519
509 520
509 491
509 524
509 340
509 502
509 508
509 510
510 508
510 509
510 502
511 337
511 338
511 492
512 489
512 338
512 492
513 514
513 491
513 508
514 513
514 578
514 579
514 491
514 556
514 557
514 494
514 500
514 505
514 508
515 491
515 508
515 509
516 337
516 340
516 502
517 337
517 492
517 502
518 519
518 522
518 491
518 524
518 525
518 340
518 345
518 509
519 340
519 509
519 518
520 340
520 509
520 502
521 345
521 489
521 338
522 345
522 491
522 518
523 345
523 489
523 491
524 491
524 509
524 518
525 345
525 340
525 518
526 480
526 475
526 477
527 416
527 418
527 547
527 548
527 551
527 460
527 528
527 433
527 529
527 20
527 699
527 700
527 573
527 702
528 433
528 529
528 527
529 547
529 548
529 549
529 527
529 528
529 433
529 530
529 532
529 536
529 475
529 572
529 477
530 548
530 653
530 654
530 529
530 531
530 532
530 469
530 634
530 475
530 572
530 605
530 606
531 530
531 475
531 469
532 529
532 530
532 475
533 473
533 498
533 470
534 480
534 473
534 475
535 480
535 482
535 445
536 529
536 433
536 477
537 464
537 481
537 484
538 505
538 539
538 470
539 482
539 484
539 580
539 581
539 542
539 494
539 466
539 470
539 505
539 538
539 540
539 541
539 446
539 543
540 482
540 539
540 446
541 482
541 539
541 484
542 466
542 539
542 470
543 466
543 539
543 484
544 466
544 469
544 462
545 466
545 484
545 462
546 464
546 484
546 462
547 529
547 548
547 527
548 636
548 547
548 605
548 527
548 529
548 530
548 20
548 21
548 572
548 573
548 606
548 604
549 529
549 475
549 477
550 433
550 477
550 478
551 416
551 433
551 527
552 433
552 487
552 431
553 431
553 481
553 487
554 185
554 196
554 431
555 464
555 481
555 196
556 505
556 514
556 500
557 514
557 500
557 508
558 185
558 431
558 415
559 297
559 330
559 284
560 330
560 282
560 284
561 289
561 286
561 327
562 285
562 286
562 327
563 274
563 276
563 285
564 276
564 285
564 270
565 272
565 282
565 271
566 264
566 272
566 282
567 259
567 276
567 270
568 259
568 276
568 263
569 272
569 264
569 261
570 272
570 261
570 263
571 272
571 276
571 263
572 529
572 530
572 548
573 20
573 548
573 527
574 481
574 478
574 487
575 481
575 482
575 478
576 456
576 491
576 455
577 491
577 494
577 455
578 505
578 514
578 494
579 514
579 491
579 494
580 539
580 446
580 494
581 505
581 539
581 494
582 482
582 445
582 446
583 505
583 498
583 470
584 677
584 646
584 585
584 586
584 589
584 590
584 591
584 621
584 624
584 19
584 596
584 595
585 584
585 586
585 19
586 643
586 646
586 584
586 585
586 652
586 591
586 17
586 19
586 692
586 695
586 696
586 639
587 451
587 644
587 645
587 649
587 650
587 588
587 591
587 16
587 687
587 690
587 599
587 600
587 601
587 637
588 16
588 587
588 451
589 451
589 452
589 584
589 683
589 590
589 591
589 592
589 593
589 594
589 595
589 596
589 597
590 584
590 589
590 591
591 642
591 451
591 643
591 644
591 645
591 646
591 584
591 586
591 587
591 589
591 590
591 592
591 637
591 639
592 451
592 589
592 591
593 672
593 452
593 454
593 199
593 663
593 684
593 589
593 623
593 657
593 594
593 595
593 659
593 597
593 598
593 660
593 662
593 661
593 671
594 593
594 595
594 589
595 672
595 584
595 589
595 621
595 622
595 623
595 593
595 594
595 624
595 596
596 584
596 595
596 589
597 593
597 452
597 589
598 593
598 452
598 454
599 97
599 194
599 647
599 587
599 625
599 689
599 627
599 690
599 629
599 600
599 601
599 602
599 603
599 637
600 650
600 587
600 687
600 688
600 633
600 691
600 599
600 632
600 601
600 602
600 603
600 95
601 600
601 587
601 599
602 97
602 688
602 629
602 630
602 599
602 600
602 603
602 95
603 600
603 602
603 599
604 20
604 21
604 548
605 548
605 648
605 653
605 655
605 530
605 21
605 632
605 634
605 635
605 636
605 606
605 95
606 530
606 548
606 605
607 256
607 235
607 239
608 256
608 250
608 239
609 250
609 254
609 239
610 256
610 240
610 235
611 240
611 241
611 235
612 229
612 254
612 239
613 228
613 229
613 239
614 224
614 241
614 235
615 224
615 235
615 227
616 224
616 209
616 221
617 209
617 221
617 207
618 205
618 229
618 214
619 204
619 205
619 214
620 97
620 174
620 94
621 449
621 676
621 677
621 678
621 679
621 584
621 681
621 622
621 623
621 624
621 595
621 19
621 666
621 669
622 595
622 621
622 623
623 672
623 675
623 676
623 621
623 622
623 593
623 595
623 660
623 666
623 671
624 584
624 595
624 621
625 194
625 647
625 462
625 689
625 626
625 599
625 637
625 638
626 625
626 194
626 462
627 97
627 194
627 599
628 97
628 194
628 174
629 97
629 602
629 599
630 97
630 602
630 95
631 21
631 93
631 95
632 648
632 650
632 656
632 691
632 600
632 633
632 634
632 635
632 605
632 95
633 632
633 600
633 95
634 650
634 651
634 653
634 654
634 656
634 17
634 530
634 692
634 469
634 693
634 694
634 632
634 635
634 605
635 632
635 634
635 605
636 605
636 548
636 21
637 640
637 642
637 644
637 647
637 587
637 462
637 591
637 625
637 690
637 599
637 638
637 639
638 625
638 637
638 462
639 640
639 641
639 642
639 643
639 586
639 462
639 591
639 692
639 469
639 696
639 697
639 637
640 637
640 462
640 639
641 469
641 462
641 639
642 639
642 637
642 591
643 586
643 591
643 639
644 587
644 637
644 591
645 587
645 451
645 591
646 584
646 586
646 591
647 625
647 637
647 599
648 632
648 605
648 95
649 16
649 650
649 587
650 649
650 587
650 651
650 600
650 687
650 16
650 17
650 656
650 691
650 632
650 634
650 765
651 17
651 650
651 634
652 17
652 586
652 19
653 530
653 605
653 634
654 634
654 530
654 469
655 605
655 21
655 95
656 632
656 634
656 650
657 198
657 199
657 593
657 658
657 659
657 660
657 663
657 667
658 657
658 198
658 199
659 593
659 657
659 660
660 675
660 198
660 623
660 593
660 657
660 659
660 665
660 666
660 667
660 671
661 673
661 454
661 199
661 680
661 203
661 684
661 593
661 662
661 664
661 669
662 593
662 661
662 199
663 593
663 657
663 199
664 203
664 661
664 199
665 666
665 660
665 198
666 675
666 676
666 198
666 201
666 681
666 621
666 623
666 660
666 665
666 668
666 669
666 670
667 657
667 660
667 198
668 201
668 666
668 669
669 673
669 674
669 449
669 454
669 679
669 680
669 201
669 681
669 203
669 621
669 686
669 661
669 666
669 668
670 201
670 666
670 198
671 593
671 660
671 623
672 593
672 595
672 623
673 203
673 661
673 669
674 201
674 203
674 669
675 666
675 660
675 623
676 666
676 621
676 623
677 584
677 19
677 621
678 449
678 19
678 621
679 449
679 621
679 669
680 661
680 454
680 669
681 666
681 621
681 669
682 16
682 449
682 19
683 451
683 452
683 589
684 593
684 661
684 454
685 449
685 451
685 452
686 449
686 669
686 454
687 600
687 650
687 587
688 600
688 602
688 95
689 625
689 194
689 599
690 587
690 637
690 599
691 632
691 650
691 600
692 695
692 586
692 17
692 469
692 694
692 693
692 696
692 697
692 634
692 639
693 634
693 692
693 469
694 17
694 634
694 692
695 17
695 586
695 692
696 586
696 692
696 639
697 692
697 469
697 639
698 416
698 431
698 415
699 418
699 460
699 527
700 416
700 418
700 527
701 460
701 20
701 23
702 460
702 20
702 527
703 480
703 498
703 445
704 480
704 473
704 498
705 418
705 460
705 413
706 460
706 413
706 183
707 8
707 11
707 85
708 320
708 11
708 85
709 305
709 388
709 390
710 305
710 308
710 390
711 388
711 390
711 712
711 714
711 715
711 716
711 310
712 310
712 390
712 711
713 298
713 390
713 310
714 388
714 711
714 715
714 717
714 302
714 718
714 311
715 714
715 388
715 711
716 388
716 390
716 711
717 714
717 302
717 311
718 714
718 388
718 302
719 323
719 325
719 728
719 720
719 721
719 722
719 725
719 726
719 727
719 376
720 719
720 728
720 721
720 722
720 723
720 724
720 376
720 735
721 720
721 722
721 719
722 325
722 719
722 720
722 721
722 723
722 724
722 725
722 729
723 720
723 722
723 724
724 736
724 325
724 378
724 720
724 722
724 723
724 376
724 729
724 730
724 735
725 722
725 325
725 719
726 323
726 325
726 719
727 376
727 323
727 719
728 376
728 720
728 719
729 722
729 724
729 325
730 378
730 724
730 325
731 378
731 322
731 325
732 322
732 378
732 375
733 322
733 323
733 375
734 376
734 323
734 375
735 376
735 724
735 720
736 376
736 378
736 724
737 738
737 739
737 740
737 748
737 749
737 750
737 143
737 146
737 179
737 754
738 737
738 146
738 739
739 737
739 738
739 746
739 747
739 748
739 753
739 146
739 754
740 737
740 146
740 143
741 176
741 179
741 143
742 176
742 144
742 143
743 176
743 177
743 144
744 144
744 177
744 146
745 177
745 146
745 746
746 739
746 745
746 747
746 748
746 751
746 752
746 177
746 146
746 179
746 753
747 746
747 739
747 146
748 737
748 739
748 746
748 749
748 751
748 753
748 754
748 179
749 737
749 179
749 748
750 737
750 179
750 143
751 746
751 179
751 748
752 177
752 746
752 179
753 746
753 739
753 748
754 737
754 739
754 748
755 139
755 756
755 758
755 759
755 760
755 121
755 125
756 755
756 139
756 125
757 128
757 139
757 125
758 762
758 142
758 755
758 761
758 759
758 121
758 122
759 121
759 755
759 758
760 121
760 755
760 125
761 122
761 142
761 758
762 121
762 122
762 758
763 121
763 124
763 125
764 124
764 125
764 126
765 16
765 17
765 650
766 768
766 769
766 770
766 771
766 772
766 773
766 774
766 775
766 776
766 777
766 778
766 779
766 1350
766 1351
766 1047
766 767
767 768
767 769
767 770
767 771
767 1088
767 1089
767 1349
767 808
767 788
767 766
768 769
768 766
768 767
769 768
769 1088
769 774
769 775
769 788
769 791
769 793
769 794
769 766
769 767
770 771
770 766
770 767
771 1089
771 770
771 804
771 806
771 807
771 776
771 808
771 809
771 779
771 816
771 817
771 819
771 766
771 767
772 773
772 774
772 1350
772 1042
772 1043
772 1045
772 1047
772 1052
772 1053
772 766
773 772
773 766
773 774
774 769
774 772
774 773
774 1062
774 775
774 1063
774 1067
774 1042
774 1043
774 791
774 794
774 766
775 769
775 774
775 766
776 834
776 771
776 804
776 805
776 806
776 777
776 778
776 779
776 780
776 781
776 782
776 783
776 784
776 785
776 786
776 828
776 829
776 766
777 776
777 778
777 766
778 832
778 833
778 834
778 1251
778 1351
778 776
778 777
778 1047
778 829
778 766
779 776
779 771
779 766
780 1255
780 776
780 1256
780 1098
780 1099
780 781
780 782
780 783
780 784
780 862
781 776
781 780
781 782
782 776
782 780
782 781
782 804
782 805
782 812
782 813
782 1091
782 1092
782 838
782 840
782 841
782 842
782 843
782 847
782 848
782 862
782 865
782 870
782 1255
782 876
782 877
783 776
783 1098
783 1099
783 780
783 1103
783 784
783 785
783 786
783 1104
783 1105
783 1107
783 1108
784 776
784 780
784 783
785 776
785 786
785 783
786 1347
786 860
786 776
786 1099
786 861
786 1100
786 783
786 1103
786 785
786 1108
786 828
786 829
786 862
786 863
787 1356
787 1357
787 945
787 947
787 788
787 789
787 790
787 791
787 792
787 948
788 1088
788 769
788 1090
788 1349
788 808
788 787
788 789
788 790
788 791
788 792
788 793
788 767
789 787
789 788
789 790
790 1090
790 1219
790 808
790 945
790 946
790 787
790 788
790 789
790 947
790 922
790 923
790 924
790 1213
790 1214
791 769
791 774
791 1062
791 1066
791 1067
791 1357
791 787
791 788
791 948
791 792
791 793
791 794
792 787
792 788
792 791
793 769
793 788
793 791
794 769
794 774
794 791
795 870
795 1095
795 874
795 875
795 847
795 849
795 852
795 796
795 797
795 798
796 800
796 801
796 802
796 803
796 1028
796 1030
796 1068
796 1069
796 1070
796 847
796 849
796 850
796 795
796 797
796 798
796 799
797 795
797 796
797 798
798 1095
798 1068
798 1070
798 911
798 1071
798 1075
798 852
798 1081
798 1082
798 795
798 796
798 797
799 800
799 801
799 1028
799 1029
799 1030
799 1352
799 955
799 796
800 801
800 796
800 799
801 800
801 1024
801 802
801 803
801 1025
801 955
801 903
801 1352
801 1097
801 1353
801 1023
801 796
801 1022
801 799
802 801
802 803
802 836
802 838
802 1094
802 1097
802 842
802 844
802 845
802 846
802 847
802 850
802 796
802 1022
803 801
803 802
803 796
804 771
804 805
804 806
804 776
804 812
804 813
804 782
804 814
804 815
804 816
804 818
804 819
805 776
805 804
805 782
806 776
806 771
806 804
807 771
807 808
807 809
807 810
807 811
807 816
807 817
807 822
807 825
807 826
808 1089
808 1090
808 771
808 1219
808 1221
808 1220
808 807
808 1222
808 809
808 810
808 811
808 1223
808 13
808 1349
808 788
808 790
808 1213
808 767
809 808
809 771
809 807
810 1114
810 870
810 807
810 808
810 871
810 872
810 811
810 1222
810 13
810 855
810 851
810 822
810 854
810 856
810 857
810 826
811 808
811 810
811 807
812 804
812 813
812 782
813 804
813 870
813 812
813 877
813 814
813 815
813 782
813 878
813 822
813 827
814 804
814 813
814 815
814 816
814 818
814 820
814 821
814 822
814 823
814 827
815 804
815 813
815 814
816 771
816 804
816 807
816 814
816 817
816 818
816 819
816 820
816 821
816 822
816 824
816 825
817 816
817 771
817 807
818 816
818 804
818 814
819 816
819 771
819 804
820 814
820 816
820 821
820 822
820 823
820 824
821 816
821 820
821 814
822 870
822 807
822 871
822 810
822 813
822 814
822 878
822 816
822 820
822 823
822 824
822 825
822 826
822 827
823 822
823 820
823 814
824 816
824 820
824 822
825 816
825 822
825 807
826 810
826 822
826 807
827 814
827 813
827 822
828 776
828 786
828 829
829 832
829 833
829 834
829 869
829 860
829 776
829 778
829 786
829 828
829 861
829 830
829 831
830 832
830 1057
830 1058
830 869
830 829
830 1360
830 1361
830 861
830 1054
830 831
831 832
831 829
831 830
832 833
832 1251
832 778
832 1360
832 1045
832 1046
832 1047
832 1054
832 1055
832 829
832 830
832 831
833 832
833 778
833 829
834 776
834 778
834 829
835 867
835 836
835 837
835 838
835 839
835 840
835 1093
835 1096
836 802
836 835
836 867
836 837
836 838
836 1031
836 1093
836 1094
836 1034
836 1036
836 845
836 1040
836 1041
836 1022
837 835
837 836
837 838
838 802
838 835
838 836
838 837
838 839
838 840
838 841
838 842
838 843
838 844
838 845
838 782
839 840
839 835
839 838
840 865
840 866
840 835
840 867
840 868
840 838
840 839
840 1092
840 841
840 1096
840 782
840 861
841 840
841 838
841 782
842 802
842 838
842 843
842 844
842 782
842 846
842 847
842 848
843 842
843 838
843 782
844 842
844 802
844 838
845 802
845 836
845 838
846 842
846 802
846 847
847 802
847 870
847 842
847 875
847 876
847 846
847 782
847 848
847 849
847 850
847 795
847 796
848 842
848 782
848 847
849 795
849 796
849 847
850 802
850 796
850 847
851 870
851 872
851 873
851 810
851 852
851 853
851 854
851 855
852 870
852 1095
852 873
852 874
852 1083
852 851
852 1075
852 853
852 854
852 1082
852 795
852 798
853 851
853 852
853 854
854 1083
854 810
854 851
854 852
854 853
854 1075
854 855
854 856
854 857
854 858
854 859
854 1084
855 810
855 851
855 854
856 960
856 1113
856 898
856 899
856 1114
856 1000
856 1001
856 810
856 1002
856 13
856 14
856 1211
856 341
856 854
856 857
856 858
856 859
856 1212
857 856
857 810
857 854
858 898
858 899
858 900
858 901
858 902
858 1075
858 854
858 856
858 859
858 1084
858 1085
858 1087
859 856
859 858
859 854
860 786
860 861
860 829
861 864
861 865
861 866
861 867
861 868
861 869
861 1057
861 1058
861 840
861 1059
861 830
861 786
861 860
861 829
861 862
861 863
862 864
862 865
862 1091
862 1255
862 1256
862 1099
862 1100
862 780
862 782
862 786
862 861
862 863
863 786
863 861
863 862
864 865
864 861
864 862
865 864
865 866
865 1091
865 1092
865 840
865 782
865 861
865 862
866 840
866 865
866 861
867 1057
867 1059
867 868
867 836
867 1093
867 1031
867 840
867 1033
867 1034
867 835
867 1096
867 910
867 861
868 840
868 867
868 861
869 829
869 861
869 830
870 871
870 872
870 873
870 810
870 874
870 875
870 876
870 782
870 847
870 877
870 813
870 878
870 851
870 852
870 822
870 795
871 822
871 810
871 870
872 810
872 851
872 870
873 851
873 852
873 870
874 795
874 852
874 870
875 795
875 870
875 847
876 847
876 870
876 782
877 870
877 813
877 782
878 870
878 813
878 822
879 880
879 881
879 882
879 883
879 884
879 885
880 879
880 881
880 882
880 883
880 884
880 886
880 889
880 890
880 891
880 893
881 880
881 882
881 879
882 879
882 880
882 881
882 883
882 885
882 890
882 891
882 892
883 1348
883 879
883 880
883 882
883 884
883 885
883 886
883 887
883 888
883 889
883 890
883 892
884 880
884 883
884 879
885 882
885 883
885 879
886 938
886 942
886 943
886 880
886 883
886 887
886 888
886 889
886 890
886 893
886 894
886 895
887 888
887 883
887 886
888 896
888 897
888 1348
888 938
888 942
888 1006
888 1010
888 883
888 980
888 981
888 886
888 887
888 1011
888 890
889 880
889 883
889 886
890 896
890 897
890 1348
890 1254
890 880
890 882
890 883
890 886
890 888
890 891
890 892
890 893
890 894
890 895
891 880
891 890
891 882
892 890
892 883
892 882
893 880
893 890
893 886
894 896
894 1253
894 1254
894 938
894 943
894 944
894 886
894 920
894 890
894 895
895 890
895 886
895 894
896 897
896 1253
896 1254
896 1006
896 1009
896 1010
896 920
896 918
896 919
896 888
896 890
896 894
897 896
897 890
897 888
898 899
898 901
898 1000
898 1001
898 1075
898 1077
898 1078
898 856
898 858
898 1087
899 856
899 858
899 898
900 901
900 902
900 1224
900 1225
900 1226
900 1227
900 1228
900 1074
900 1075
900 858
900 1085
900 1086
901 898
901 900
901 902
901 1224
901 1225
901 1226
901 1229
901 1230
901 1231
901 1232
901 1074
901 1075
901 1076
901 1077
901 858
901 1087
902 858
902 900
902 901
903 1025
903 801
903 1026
903 904
903 905
903 906
903 1353
903 953
903 954
903 955
903 956
903 1023
904 1026
904 903
904 905
904 906
904 1036
904 1037
904 1038
904 915
904 916
904 1023
905 904
905 906
905 903
906 992
906 993
906 995
906 997
906 998
906 903
906 904
906 905
906 915
906 916
906 953
906 954
906 987
906 991
907 908
907 909
907 910
907 1006
907 1007
907 1008
907 918
907 920
907 921
907 987
907 988
907 989
908 907
908 909
908 910
908 915
908 917
908 987
908 989
908 990
909 907
909 908
909 910
910 1057
910 867
910 1060
910 1031
910 1032
910 1033
910 907
910 908
910 909
910 1006
910 1007
910 915
910 917
911 1068
911 1071
911 912
911 913
911 914
911 1072
911 1075
911 952
911 953
911 1080
911 798
911 1081
912 995
912 999
912 911
912 913
912 914
912 1013
912 952
912 953
912 1020
912 1021
913 912
913 914
913 911
914 1000
914 1003
914 1005
914 911
914 912
914 913
914 1075
914 1013
914 1014
914 1079
914 1080
914 1021
915 1031
915 904
915 1032
915 906
915 908
915 1036
915 910
915 1038
915 1039
915 916
915 917
915 987
915 990
915 991
916 904
916 906
916 915
917 915
917 908
917 910
918 896
918 907
918 1006
918 1008
918 1009
918 919
918 920
918 921
919 896
919 920
919 918
920 896
920 907
920 918
920 919
920 921
920 938
920 944
920 957
920 959
920 964
920 965
920 987
920 988
920 992
920 994
920 995
920 996
920 1253
920 1013
920 1018
920 1019
920 894
921 920
921 907
921 918
922 928
922 961
922 962
922 960
922 963
922 1215
922 1216
922 1217
922 1218
922 1214
922 341
922 790
922 1213
922 923
922 924
922 925
922 926
922 927
923 922
923 924
923 790
924 928
924 929
924 930
924 945
924 946
924 948
924 949
924 790
924 951
924 922
924 923
924 925
925 928
925 929
925 930
925 931
925 932
925 933
925 922
925 924
925 926
925 927
926 922
926 925
926 927
927 961
927 931
927 932
927 963
927 968
927 969
927 938
927 939
927 970
927 957
927 958
927 922
927 925
927 926
928 922
928 924
928 925
929 930
929 932
929 933
929 934
929 935
929 948
929 950
929 951
929 924
929 925
930 929
930 924
930 925
931 932
931 925
931 927
932 929
932 931
932 933
932 934
932 935
932 936
932 937
932 938
932 939
932 940
932 941
932 1354
932 925
932 927
933 929
933 932
933 925
934 929
934 932
934 935
935 929
935 932
935 934
935 1062
935 936
935 937
935 1064
935 1065
935 1042
935 948
935 1044
935 950
936 932
936 935
936 937
936 1354
936 1355
936 940
936 1042
936 1044
936 1045
936 1048
936 1050
936 1051
937 936
937 932
937 935
938 932
938 939
938 940
938 941
938 942
938 943
938 944
938 958
938 920
938 886
938 981
938 888
938 959
938 980
938 982
938 957
938 894
938 927
939 938
939 932
939 927
940 932
940 1252
940 936
940 938
940 1354
940 1355
940 941
940 980
940 982
940 983
940 984
940 1048
941 938
941 932
941 940
942 888
942 938
942 886
943 938
943 894
943 886
944 920
944 938
944 894
945 1356
945 946
945 787
945 947
945 948
945 790
945 949
945 924
946 945
946 924
946 790
947 945
947 787
947 790
948 929
948 1062
948 935
948 1065
948 1066
948 791
948 1356
948 1357
948 945
948 787
948 949
948 950
948 951
948 924
949 945
949 948
949 924
950 929
950 948
950 935
951 929
951 948
951 924
952 912
952 953
952 911
953 995
953 1027
953 1028
953 998
953 903
953 999
953 906
953 1068
953 911
953 912
953 1072
953 1073
953 952
953 954
953 955
953 956
954 953
954 906
954 903
955 801
955 1027
955 1028
955 1029
955 903
955 1352
955 1353
955 953
955 956
955 799
956 953
956 955
956 903
957 964
957 965
957 966
957 967
957 968
957 938
957 970
957 971
957 920
957 927
957 958
957 959
958 938
958 957
958 927
959 920
959 938
959 957
960 961
960 962
960 1218
960 1000
960 1002
960 1003
960 1004
960 974
960 975
960 1013
960 341
960 1015
960 856
960 1016
960 922
960 1211
961 960
961 962
961 963
961 968
961 969
961 974
961 975
961 976
961 922
961 927
962 960
962 961
962 922
963 961
963 922
963 927
964 965
964 966
964 967
964 974
964 979
964 1013
964 920
964 1017
964 1018
964 957
965 920
965 964
965 957
966 964
966 967
966 968
966 971
966 972
966 973
966 974
966 978
966 979
966 957
967 964
967 957
967 966
968 961
968 966
968 969
968 970
968 971
968 972
968 973
968 974
968 976
968 977
968 957
968 927
969 968
969 961
969 927
970 968
970 957
970 927
971 968
971 957
971 966
972 966
972 968
972 973
972 974
972 977
972 978
973 968
973 972
973 966
974 960
974 961
974 964
974 966
974 968
974 972
974 975
974 976
974 977
974 978
974 979
974 1013
974 1016
974 1017
975 960
975 961
975 974
976 968
976 961
976 974
977 968
977 972
977 974
978 972
978 974
978 966
979 964
979 974
979 966
980 938
980 940
980 1006
980 1011
980 984
980 981
980 982
980 983
980 888
980 985
980 986
980 1012
981 888
981 938
981 980
982 938
982 980
982 940
983 984
983 980
983 940
984 1056
984 1057
984 1252
984 940
984 1358
984 1359
984 980
984 1045
984 1054
984 983
984 1048
984 985
984 986
984 1049
985 1057
985 1061
985 1006
985 1358
985 980
985 1012
985 984
985 986
986 984
986 985
986 980
987 992
987 993
987 994
987 906
987 907
987 908
987 915
987 920
987 988
987 989
987 990
987 991
988 920
988 987
988 907
989 907
989 908
989 987
990 987
990 908
990 915
991 906
991 915
991 987
992 993
992 994
992 995
992 996
992 997
992 906
992 920
992 987
993 992
993 906
993 987
994 920
994 992
994 987
995 992
995 996
995 997
995 998
995 999
995 906
995 912
995 1013
995 920
995 953
995 1019
995 1020
996 992
996 995
996 920
997 992
997 906
997 995
998 953
998 906
998 995
999 912
999 953
999 995
1000 960
1000 898
1000 1001
1000 1002
1000 1003
1000 1004
1000 1005
1000 914
1000 1075
1000 1078
1000 1079
1000 856
1001 1000
1001 898
1001 856
1002 856
1002 1000
1002 960
1003 960
1003 1000
1003 1004
1003 1005
1003 914
1003 1013
1003 1014
1003 1015
1004 960
1004 1000
1004 1003
1005 1000
1005 914
1005 1003
1006 896
1006 1057
1006 1060
1006 1061
1006 907
1006 910
1006 1007
1006 1008
1006 1009
1006 1010
1006 1011
1006 980
1006 1012
1006 918
1006 888
1006 985
1007 910
1007 907
1007 1006
1008 907
1008 918
1008 1006
1009 896
1009 918
1009 1006
1010 888
1010 896
1010 1006
1011 888
1011 980
1011 1006
1012 985
1012 980
1012 1006
1013 960
1013 995
1013 964
1013 1003
1013 974
1013 912
1013 914
1013 920
1013 1014
1013 1015
1013 1016
1013 1017
1013 1018
1013 1019
1013 1020
1013 1021
1014 914
1014 1003
1014 1013
1015 960
1015 1003
1015 1013
1016 960
1016 1013
1016 974
1017 964
1017 1013
1017 974
1018 920
1018 964
1018 1013
1019 920
1019 995
1019 1013
1020 912
1020 995
1020 1013
1021 912
1021 914
1021 1013
1022 1024
1022 801
1022 802
1022 836
1022 1094
1022 1097
1022 1035
1022 1036
1022 1041
1022 1023
1023 1024
1023 801
1023 1025
1023 1026
1023 903
1023 904
1023 1035
1023 1036
1023 1037
1023 1022
1024 801
1024 1022
1024 1023
1025 903
1025 801
1025 1023
1026 904
1026 1023
1026 903
1027 953
1027 955
1027 1028
1028 1027
1028 1029
1028 1030
1028 1068
1028 1069
1028 1073
1028 953
1028 955
1028 796
1028 799
1029 955
1029 1028
1029 799
1030 1028
1030 796
1030 799
1031 867
1031 836
1031 1032
1031 1033
1031 1034
1031 1036
1031 910
1031 1039
1031 1040
1031 915
1032 915
1032 910
1032 1031
1033 1057
1033 867
1033 910
1033 1031
1034 867
1034 836
1034 1031
1035 1036
1035 1022
1035 1023
1036 836
1036 1031
1036 904
1036 1035
1036 1037
1036 1038
1036 1039
1036 1040
1036 1041
1036 915
1036 1022
1036 1023
1037 904
1037 1036
1037 1023
1038 904
1038 915
1038 1036
1039 915
1039 1036
1039 1031
1040 1036
1040 1031
1040 836
1041 836
1041 1036
1041 1022
1042 772
1042 774
1042 935
1042 936
1042 1062
1042 1063
1042 1064
1042 1043
1042 1044
1042 1045
1042 1051
1042 1052
1043 1042
1043 772
1043 774
1044 936
1044 1042
1044 935
1045 832
1045 1056
1045 772
1045 936
1045 1042
1045 984
1045 1046
1045 1047
1045 1048
1045 1049
1045 1050
1045 1051
1045 1052
1045 1053
1045 1054
1045 1055
1046 832
1046 1045
1046 1047
1047 832
1047 1251
1047 772
1047 1350
1047 1351
1047 778
1047 1045
1047 1046
1047 1053
1047 766
1048 1252
1048 936
1048 1355
1048 940
1048 1045
1048 984
1048 1049
1048 1050
1049 1048
1049 1045
1049 984
1050 936
1050 1048
1050 1045
1051 936
1051 1042
1051 1045
1052 1042
1052 772
1052 1045
1053 772
1053 1045
1053 1047
1054 832
1054 1056
1054 1057
1054 1359
1054 1360
1054 1361
1054 1045
1054 984
1054 830
1054 1055
1055 832
1055 1045
1055 1054
1056 984
1056 1045
1056 1054
1057 1058
1057 1059
1057 867
1057 1060
1057 1061
1057 1033
1057 910
1057 1006
1057 1358
1057 1359
1057 1361
1057 1054
1057 984
1057 985
1057 861
1057 830
1058 1057
1058 861
1058 830
1059 1057
1059 867
1059 861
1060 1057
1060 910
1060 1006
1061 985
1061 1006
1061 1057
1062 774
1062 935
1062 1064
1062 1063
1062 1065
1062 1066
1062 1067
1062 1042
1062 948
1062 791
1063 1062
1063 1042
1063 774
1064 1042
1064 1062
1064 935
1065 948
1065 1062
1065 935
1066 948
1066 1062
1066 791
1067 1062
1067 774
1067 791
1068 1028
1068 1069
1068 1070
1068 911
1068 1071
1068 1072
1068 1073
1068 953
1068 796
1068 798
1069 1028
1069 1068
1069 796
1070 1068
1070 796
1070 798
1071 1068
1071 798
1071 911
1072 953
1072 1068
1072 911
1073 953
1073 1068
1073 1028
1074 900
1074 901
1074 1226
1074 1227
1074 1229
1074 1075
1074 1076
1074 1086
1075 898
1075 900
1075 901
1075 911
1075 914
1075 798
1075 1074
1075 1076
1075 1077
1075 1078
1075 1079
1075 1080
1075 1081
1075 1082
1075 1083
1075 1084
1075 1085
1075 1086
1075 852
1075 854
1075 858
1075 1000
1076 1074
1076 1075
1076 901
1077 898
1077 1075
1077 901
1078 1000
1078 898
1078 1075
1079 1000
1079 914
1079 1075
1080 914
1080 1075
1080 911
1081 1075
1081 798
1081 911
1082 1075
1082 852
1082 798
1083 1075
1083 852
1083 854
1084 858
1084 1075
1084 854
1085 858
1085 1075
1085 900
1086 1074
1086 1075
1086 900
1087 898
1087 858
1087 901
1088 769
1088 788
1088 767
1089 808
1089 771
1089 767
1090 808
1090 788
1090 790
1091 865
1091 782
1091 862
1092 840
1092 865
1092 782
1093 835
1093 867
1093 836
1094 802
1094 836
1094 1022
1095 795
1095 852
1095 798
1096 840
1096 835
1096 867
1097 801
1097 802
1097 1022
1098 1099
1098 780
1098 783
1099 1347
1099 1256
1099 1098
1099 780
1099 1100
1099 1101
1099 783
1099 1102
1099 1103
1099 786
1099 1104
1099 1105
1099 1106
1099 862
1100 786
1100 1099
1100 862
1101 1099
1101 1102
1101 1103
1101 1104
1101 1106
1101 1109
1101 1110
1101 1111
1102 1099
1102 1101
1102 1103
1103 1347
1103 1099
1103 1101
1103 1102
1103 783
1103 1104
1103 786
1103 1107
1103 1108
1103 1109
1103 1110
1103 1112
1104 1099
1104 1101
1104 783
1104 1103
1104 1105
1104 1106
1104 1107
1104 1110
1104 1111
1104 1112
1105 1104
1105 1099
1105 783
1106 1104
1106 1099
1106 1101
1107 1104
1107 1103
1107 783
1108 786
1108 1103
1108 783
1109 1101
1109 1110
1109 1103
1110 1101
1110 1103
1110 1104
1110 1109
1110 1111
1110 1112
1111 1104
1111 1101
1111 1110
1112 1104
1112 1110
1112 1103
1113 856
1113 13
1113 14
1114 856
1114 810
1114 13
1115 1120
1115 1121
1115 1122
1115 1123
1115 1124
1115 1128
1115 1116
1115 1117
1115 1118
1115 1119
1116 1120
1116 1121
1116 1314
1116 1125
1116 1126
1116 1127
1116 1159
1116 1157
1116 1326
1116 1327
1116 1328
1116 1332
1116 1115
1116 1117
1116 1118
1116 1119
1117 1115
1117 1116
1117 1118
1118 1121
1118 1122
1118 1127
1118 1115
1118 1116
1118 1117
1119 1120
1119 1314
1119 1123
1119 1318
1119 1128
1119 1129
1119 1130
1119 1331
1119 1332
1119 1333
1119 1115
1119 1116
1120 1115
1120 1116
1120 1119
1121 1122
1121 1123
1121 1124
1121 1125
1121 1126
1121 1127
1121 1129
1121 1131
1121 1132
1121 1115
1121 1116
1121 1118
1122 1121
1122 1115
1122 1118
1123 1121
1123 1124
1123 1128
1123 1129
1123 1130
1123 1131
1123 1115
1123 1119
1124 1121
1124 1115
1124 1123
1125 1121
1125 1116
1125 1126
1126 1121
1126 1125
1126 1159
1126 1160
1126 1129
1126 1132
1126 1324
1126 1325
1126 1326
1126 1329
1126 1116
1126 1311
1127 1121
1127 1116
1127 1118
1128 1115
1128 1123
1128 1119
1129 1121
1129 1123
1129 1311
1129 1126
1129 1318
1129 1130
1129 1131
1129 1132
1129 1329
1129 1330
1129 1333
1129 1119
1130 1129
1130 1123
1130 1119
1131 1121
1131 1123
1131 1129
1132 1129
1132 1126
1132 1121
1133 1318
1133 1320
1133 1321
1133 1322
1133 1323
1133 1134
1133 1135
1133 1136
1133 1137
1133 1138
1133 1140
1133 1311
1134 1152
1134 1317
1134 1133
1134 1135
1134 1136
1134 1137
1134 1138
1134 1144
1134 1145
1134 1147
1134 1150
1134 1151
1135 1136
1135 1133
1135 1134
1136 1323
1136 1133
1136 1134
1136 1135
1136 1139
1136 1140
1136 1141
1136 1144
1136 1145
1136 1146
1137 1312
1137 1313
1137 1155
1137 1311
1137 1317
1137 1158
1137 1322
1137 1133
1137 1134
1137 1138
1137 1308
1137 1151
1138 1137
1138 1133
1138 1134
1139 1136
1139 1140
1139 1141
1139 1142
1139 1143
1139 1144
1139 1146
1139 1147
1139 1148
1139 1149
1140 1153
1140 1154
1140 1314
1140 1316
1140 1318
1140 1319
1140 1320
1140 1323
1140 1133
1140 1136
1140 1139
1140 1141
1140 1142
1140 1143
1140 1147
1140 1151
1141 1136
1141 1139
1141 1140
1142 1153
1142 1139
1142 1140
1142 1143
1142 1147
1142 1148
1143 1139
1143 1140
1143 1142
1144 1134
1144 1136
1144 1139
1144 1145
1144 1146
1144 1147
1144 1149
1144 1150
1145 1144
1145 1136
1145 1134
1146 1136
1146 1139
1146 1144
1147 1152
1147 1153
1147 1154
1147 1134
1147 1139
1147 1140
1147 1142
1147 1144
1147 1148
1147 1149
1147 1150
1147 1151
1148 1147
1148 1139
1148 1142
1149 1144
1149 1139
1149 1147
1150 1144
1150 1147
1150 1134
1151 1152
1151 1154
1151 1155
1151 1156
1151 1157
1151 1158
1151 1314
1151 1315
1151 1316
1151 1317
1151 1134
1151 1137
1151 1140
1151 1147
1152 1147
1152 1134
1152 1151
1153 1147
1153 1140
1153 1142
1154 1147
1154 1140
1154 1151
1155 1312
1155 1156
1155 1157
1155 1158
1155 1160
1155 1162
1155 1137
1155 1308
1155 1309
1155 1151
1156 1155
1156 1157
1156 1151
1157 1314
1157 1155
1157 1156
1157 1315
1157 1159
1157 1160
1157 1161
1157 1162
1157 1327
1157 1328
1157 1116
1157 1151
1158 1137
1158 1155
1158 1151
1159 1157
1159 1126
1159 1160
1159 1161
1159 1325
1159 1326
1159 1328
1159 1116
1160 1155
1160 1157
1160 1126
1160 1159
1160 1161
1160 1162
1160 1324
1160 1325
1160 1308
1160 1309
1160 1310
1160 1311
1161 1160
1161 1157
1161 1159
1162 1160
1162 1155
1162 1157
1163 1281
1163 1287
1163 1288
1163 1193
1163 1164
1163 1165
1163 1166
1163 1297
1163 1300
1163 1301
1164 1284
1164 1286
1164 1287
1164 1193
1164 1163
1164 1165
1164 1166
1164 1167
1164 1168
1164 1205
1165 1163
1165 1164
1165 1166
1166 1163
1166 1164
1166 1165
1166 1167
1166 1168
1166 1169
1166 1170
1166 1299
1166 1297
1166 1301
1167 1168
1167 1164
1167 1166
1168 1284
1168 1285
1168 1164
1168 1166
1168 1167
1168 1296
1168 1169
1168 1170
1168 1171
1168 1172
1168 1205
1168 1278
1169 1281
1169 1186
1169 1190
1169 1191
1169 1192
1169 1290
1169 1166
1169 1294
1169 1168
1169 1297
1169 1170
1169 1171
1169 1172
1169 1298
1169 1299
1169 1180
1170 1168
1170 1169
1170 1166
1171 1294
1171 1295
1171 1168
1171 1169
1171 1296
1171 1172
1171 1173
1171 1174
1171 1175
1171 1176
1171 1177
1171 1178
1171 1179
1171 1180
1171 1181
1171 1278
1172 1168
1172 1169
1172 1171
1173 1184
1173 1186
1173 1188
1173 1189
1173 1171
1173 1174
1173 1175
1173 1176
1173 1177
1173 1178
1173 1182
1173 1183
1174 1171
1174 1173
1174 1175
1175 1186
1175 1188
1175 1191
1175 1289
1175 1292
1175 1293
1175 1295
1175 1171
1175 1173
1175 1174
1175 1277
1175 1278
1176 1171
1176 1173
1176 1177
1176 1178
1176 1179
1176 1182
1177 1176
1177 1171
1177 1173
1178 1184
1178 1187
1178 1171
1178 1173
1178 1176
1178 1179
1178 1180
1178 1181
1178 1182
1178 1183
1179 1176
1179 1178
1179 1171
1180 1185
1180 1186
1180 1187
1180 1190
1180 1294
1180 1169
1180 1171
1180 1178
1180 1181
1180 1183
1181 1178
1181 1171
1181 1180
1182 1176
1182 1178
1182 1173
1183 1184
1183 1185
1183 1186
1183 1187
1183 1189
1183 1173
1183 1178
1183 1180
1184 1178
1184 1173
1184 1183
1185 1186
1185 1180
1185 1183
1186 1185
1186 1188
1186 1189
1186 1190
1186 1191
1186 1192
1186 1289
1186 1169
1186 1173
1186 1175
1186 1180
1186 1183
1187 1178
1187 1180
1187 1183
1188 1186
1188 1173
1188 1175
1189 1186
1189 1173
1189 1183
1190 1169
1190 1186
1190 1180
1191 1281
1191 1186
1191 1192
1191 1289
1191 1290
1191 1291
1191 1292
1191 1169
1191 1175
1191 1277
1192 1169
1192 1186
1192 1191
1193 1281
1193 1283
1193 1286
1193 1287
1193 1288
1193 1194
1193 1195
1193 1196
1193 1197
1193 1198
1193 1164
1193 1163
1193 1203
1193 1204
1193 1205
1193 1206
1194 1193
1194 1195
1194 1196
1194 1197
1194 1198
1194 1199
1194 1202
1194 1203
1194 1207
1194 1208
1195 1193
1195 1194
1195 1196
1196 1281
1196 1282
1196 1283
1196 1193
1196 1194
1196 1195
1196 1199
1196 1200
1196 1201
1196 1202
1196 1276
1196 1277
1197 1193
1197 1194
1197 1198
1197 1203
1197 1206
1197 1208
1198 1193
1198 1194
1198 1197
1199 1194
1199 1196
1199 1200
1199 1201
1199 1202
1199 1203
1199 1207
1199 1210
1200 1201
1200 1196
1200 1199
1201 1280
1201 1196
1201 1199
1201 1200
1201 1203
1201 1205
1201 1209
1201 1210
1201 1276
1201 1277
1201 1278
1201 1279
1202 1194
1202 1196
1202 1199
1203 1193
1203 1194
1203 1197
1203 1199
1203 1201
1203 1204
1203 1205
1203 1206
1203 1207
1203 1208
1203 1209
1203 1210
1204 1193
1204 1203
1204 1205
1205 1284
1205 1285
1205 1286
1205 1193
1205 1164
1205 1168
1205 1201
1205 1203
1205 1204
1205 1209
1205 1278
1205 1279
1206 1193
1206 1203
1206 1197
1207 1194
1207 1203
1207 1199
1208 1194
1208 1203
1208 1197
1209 1201
1209 1203
1209 1205
1210 1201
1210 1203
1210 1199
1211 960
1211 856
1211 341
1212 856
1212 341
1212 14
1213 1216
1213 1219
1213 1220
1213 1221
1213 808
1213 335
1213 1268
1213 1269
1213 790
1213 922
1213 1340
1213 61
1213 1214
1213 1215
1214 922
1214 1213
1214 790
1215 1216
1215 1217
1215 1257
1215 335
1215 1267
1215 341
1215 342
1215 1269
1215 922
1215 1213
1216 922
1216 1213
1216 1215
1217 922
1217 341
1217 1215
1218 960
1218 922
1218 341
1219 808
1219 1213
1219 790
1220 1345
1220 1221
1220 1223
1220 808
1220 13
1220 61
1220 58
1220 1341
1220 1340
1220 1213
1221 808
1221 1220
1221 1213
1222 808
1222 810
1222 13
1223 808
1223 1220
1223 13
1224 1225
1224 900
1224 901
1225 1249
1225 1250
1225 900
1225 901
1225 1224
1225 1226
1225 1228
1225 1230
1225 1231
1225 1234
1225 1235
1225 1236
1225 1237
1225 1238
1225 1241
1225 1246
1226 900
1226 901
1226 1225
1226 1227
1226 1228
1226 1229
1226 1231
1226 1232
1226 1233
1226 1074
1226 1234
1226 1235
1227 1226
1227 1074
1227 900
1228 1225
1228 1226
1228 900
1229 1226
1229 1074
1229 901
1230 1225
1230 901
1230 1231
1231 901
1231 1225
1231 1226
1231 1230
1231 1232
1231 1233
1231 1234
1231 1237
1231 1241
1231 1243
1231 1246
1231 1247
1232 1226
1232 901
1232 1231
1233 1234
1233 1226
1233 1231
1234 1250
1234 1225
1234 1226
1234 1231
1234 1233
1234 1235
1234 1241
1234 1247
1235 1225
1235 1226
1235 1234
1236 1248
1236 1249
1236 1225
1236 1237
1236 1238
1236 1239
1236 1240
1236 1241
1237 1225
1237 1231
1237 1236
1237 1238
1237 1239
1237 1240
1237 1241
1237 1242
1237 1243
1237 1246
1238 1225
1238 1236
1238 1237
1239 1248
1239 1236
1239 1237
1239 1240
1239 1241
1239 1242
1240 1236
1240 1237
1240 1239
1241 1248
1241 1249
1241 1250
1241 1225
1241 1231
1241 1234
1241 1236
1241 1237
1241 1239
1241 1242
1241 1243
1241 1247
1242 1241
1242 1237
1242 1239
1243 1241
1243 1237
1243 1231
1244 74
1244 61
1244 334
1245 61
1245 334
1245 335
1246 1225
1246 1237
1246 1231
1247 1241
1247 1234
1247 1231
1248 1241
1248 1236
1248 1239
1249 1225
1249 1236
1249 1241
1250 1241
1250 1234
1250 1225
1251 832
1251 778
1251 1047
1252 1048
1252 940
1252 984
1253 896
1253 920
1253 894
1254 896
1254 890
1254 894
1255 780
1255 862
1255 782
1256 1099
1256 780
1256 862
1257 341
1257 342
1257 1215
1258 1344
1258 1346
1258 99
1258 100
1258 1259
1258 1260
1258 1334
1258 1305
1258 251
1259 1258
1259 251
1259 1260
1260 1258
1260 1259
1260 1261
1260 1262
1260 1275
1260 245
1260 251
1261 1260
1261 245
1261 1262
1262 1260
1262 1261
1262 1265
1262 1266
1262 244
1262 245
1262 1304
1263 421
1263 1264
1263 1265
1263 244
1263 1271
1263 1273
1263 1274
1264 244
1264 421
1264 1263
1265 1262
1265 1263
1265 1266
1265 244
1265 1274
1266 1265
1266 244
1266 1262
1267 335
1267 342
1267 1215
1268 1213
1268 61
1268 335
1269 1213
1269 335
1269 1215
1270 421
1270 74
1270 77
1270 334
1270 1339
1270 1302
1270 1271
1270 1272
1270 1307
1270 1303
1271 1336
1271 421
1271 77
1271 1263
1271 1270
1271 1272
1271 1273
1271 1338
1271 1339
1272 421
1272 1270
1272 1271
1273 1271
1273 421
1273 1263
1274 1265
1274 244
1274 1263
1275 251
1275 1260
1275 245
1276 1201
1276 1196
1276 1277
1277 1280
1277 1281
1277 1282
1277 1191
1277 1291
1277 1196
1277 1292
1277 1293
1277 1201
1277 1175
1277 1276
1277 1278
1278 1280
1278 1285
1278 1293
1278 1295
1278 1168
1278 1201
1278 1296
1278 1171
1278 1205
1278 1175
1278 1277
1278 1279
1279 1201
1279 1205
1279 1278
1280 1201
1280 1277
1280 1278
1281 1282
1281 1283
1281 1191
1281 1288
1281 1193
1281 1290
1281 1163
1281 1196
1281 1291
1281 1169
1281 1297
1281 1298
1281 1300
1281 1277
1282 1281
1282 1196
1282 1277
1283 1281
1283 1193
1283 1196
1284 1168
1284 1164
1284 1205
1285 1168
1285 1205
1285 1278
1286 1193
1286 1164
1286 1205
1287 1193
1287 1163
1287 1164
1288 1193
1288 1163
1288 1281
1289 1175
1289 1186
1289 1191
1290 1169
1290 1281
1290 1191
1291 1281
1291 1277
1291 1191
1292 1191
1292 1277
1292 1175
1293 1277
1293 1278
1293 1175
1294 1169
1294 1171
1294 1180
1295 1171
1295 1278
1295 1175
1296 1168
1296 1171
1296 1278
1297 1281
1297 1163
1297 1166
1297 1169
1297 1298
1297 1299
1297 1300
1297 1301
1298 1297
1298 1169
1298 1281
1299 1297
1299 1169
1299 1166
1300 1281
1300 1163
1300 1297
1301 1297
1301 1163
1301 1166
1302 1270
1302 421
1302 334
1303 1270
1303 74
1303 334
1304 244
1304 245
1304 1262
1305 1344
1305 100
1305 1258
1305 1306
1305 1335
1305 90
1305 1342
1306 1305
1306 90
1306 100
1307 74
1307 77
1307 1270
1308 1312
1308 1313
1308 1155
1308 1160
1308 1137
1308 1309
1308 1310
1308 1311
1309 1160
1309 1155
1309 1308
1310 1160
1310 1308
1310 1311
1311 1313
1311 1318
1311 1126
1311 1160
1311 1321
1311 1322
1311 1129
1311 1324
1311 1133
1311 1137
1311 1329
1311 1330
1311 1308
1311 1310
1312 1137
1312 1155
1312 1308
1313 1137
1313 1308
1313 1311
1314 1315
1314 1316
1314 1157
1314 1318
1314 1319
1314 1327
1314 1331
1314 1140
1314 1332
1314 1116
1314 1119
1314 1151
1315 1314
1315 1157
1315 1151
1316 1314
1316 1140
1316 1151
1317 1137
1317 1134
1317 1151
1318 1314
1318 1319
1318 1320
1318 1321
1318 1129
1318 1133
1318 1330
1318 1331
1318 1140
1318 1333
1318 1119
1318 1311
1319 1314
1319 1140
1319 1318
1320 1140
1320 1133
1320 1318
1321 1133
1321 1318
1321 1311
1322 1137
1322 1133
1322 1311
1323 1136
1323 1140
1323 1133
1324 1160
1324 1126
1324 1311
1325 1160
1325 1126
1325 1159
1326 1116
1326 1126
1326 1159
1327 1314
1327 1116
1327 1157
1328 1116
1328 1157
1328 1159
1329 1129
1329 1126
1329 1311
1330 1129
1330 1318
1330 1311
1331 1314
1331 1318
1331 1119
1332 1314
1332 1116
1332 1119
1333 1129
1333 1318
1333 1119
1334 1258
1334 99
1334 100
1335 1305
1335 1336
1335 1337
1335 90
1335 1342
1336 1338
1336 77
1336 1271
1336 1337
1336 90
1336 1335
1336 1343
1337 1336
1337 90
1337 1335
1338 1336
1338 77
1338 1271
1339 77
1339 1270
1339 1271
1340 1220
1340 61
1340 1213
1341 58
1341 1220
1341 61
1342 1305
1342 90
1342 1335
1343 1336
1343 90
1343 77
1344 1305
1344 1258
1344 100
1345 58
1345 1220
1345 13
1346 1258
1346 99
1346 251
1347 786
1347 1099
1347 1103
1348 888
1348 890
1348 883
1349 808
1349 788
1349 767
1350 772
1350 766
1350 1047
1351 778
1351 766
1351 1047
1352 801
1352 955
1352 799
1353 801
1353 955
1353 903
1354 936
1354 932
1354 940
1355 1048
1355 940
1355 936
1356 945
1356 787
1356 948
1357 787
1357 948
1357 791
1358 984
1358 1057
1358 985
1359 984
1359 1057
1359 1054
1360 830
1360 832
1360 1054
1361 1057
1361 830
1361 1054
