0.000000 0.637898 -0.000961
0.040101 0.563952 -0.014694
-0.040101 0.563952 -0.014694
0.000010 0.704676 -0.002067
0.038302 0.326554 -0.021929
-0.038248 0.326554 -0.021929
-0.036853 0.758074 0.009996
0.036905 0.758090 0.010014
0.024314 0.815041 -0.026109
0.000038 0.834916 -0.024893
-0.024247 0.815031 -0.026122
0.036258 0.055138 -0.035196
-0.036116 0.055137 -0.035196
0.078918 0.799222 -0.032877
0.000067 0.902880 -0.011678
0.000055 0.911108 -0.058786
-0.078864 0.799184 -0.032923
0.132483 0.747502 -0.031246
0.179546 0.711989 -0.030062
0.000087 0.948044 -0.005866
-0.132466 0.747431 -0.031331
-0.179554 0.711888 -0.030180
0.231743 0.666768 -0.027663
0.291186 0.615269 -0.024930
-0.231786 0.666629 -0.027823
-0.291270 0.615086 -0.025140
0.327839 0.587856 -0.027359
0.308039 0.590636 -0.021777
-0.327951 0.587643 -0.027603
-0.308144 0.590439 -0.022003
