0 1
0 2
0 38
0 43
0 44
0 48
1 0
1 2
1 38
1 40
1 61
2 0
2 1
2 64
2 67
2 44
2 61
2 63
3 4
3 5
3 232
3 426
3 244
3 250
4 3
4 5
4 339
4 344
4 953
4 250
5 426
5 339
5 3
5 4
6 8
6 674
6 595
6 7
7 6
7 8
7 594
7 595
7 600
7 601
8 674
8 6
8 7
8 652
8 656
8 600
9 10
9 11
9 683
9 650
9 538
10 9
10 650
10 11
10 660
10 692
10 379
10 382
11 9
11 10
11 538
11 692
11 698
12 457
12 13
12 14
12 689
12 606
13 775
13 457
13 458
13 12
13 14
13 790
13 791
14 775
14 12
14 13
14 689
14 447
15 129
15 16
15 17
15 148
15 502
15 510
16 841
16 15
16 17
16 858
16 859
16 510
17 781
17 15
17 16
17 148
17 921
17 858
18 260
18 518
18 519
18 648
18 19
18 20
18 254
19 81
19 18
19 83
19 20
19 254
20 260
20 840
20 18
20 19
20 83
20 949
21 289
21 485
21 327
21 496
21 22
21 23
22 288
22 289
22 940
22 884
22 21
22 23
22 287
23 327
23 328
23 939
23 884
23 21
23 22
23 886
24 514
24 515
24 58
24 41
24 25
24 26
24 59
25 515
25 708
25 37
25 501
25 24
25 26
26 36
26 37
26 41
26 42
26 24
26 25
27 32
27 33
27 52
27 53
27 28
27 29
27 31
28 34
28 35
28 53
28 27
28 29
28 30
29 33
29 43
29 47
29 27
29 28
29 30
30 34
30 46
30 47
30 28
30 29
31 32
31 27
31 52
31 55
32 33
32 43
32 44
32 55
32 27
32 63
32 31
33 32
33 43
33 27
33 29
34 35
34 45
34 46
34 54
34 62
34 28
34 30
35 34
35 28
35 53
35 54
36 37
36 38
36 42
36 48
36 51
36 26
37 36
37 38
37 39
37 501
37 85
37 25
37 26
38 0
38 1
38 36
38 37
38 39
38 40
38 48
39 40
39 85
39 37
39 38
40 1
40 38
40 39
40 85
40 86
40 87
40 60
40 61
41 58
41 42
41 49
41 50
41 24
41 26
42 36
42 41
42 50
42 51
42 26
43 32
43 33
43 0
43 44
43 47
43 48
43 51
43 29
44 32
44 0
44 2
44 43
44 63
45 62
45 49
45 34
45 46
46 34
46 45
46 47
46 49
46 50
46 30
47 43
47 46
47 50
47 51
47 29
47 30
48 0
48 36
48 38
48 43
48 51
49 66
49 41
49 45
49 46
49 50
49 58
49 62
50 41
50 42
50 46
50 47
50 49
50 51
51 36
51 42
51 43
51 47
51 48
51 50
52 65
52 53
52 55
52 27
52 31
53 65
53 35
53 52
53 54
53 27
53 28
54 65
54 34
54 35
54 53
54 62
55 32
55 64
55 65
55 52
55 31
55 63
56 66
56 67
56 57
56 58
56 60
56 61
57 514
57 87
57 56
57 58
57 59
57 60
58 66
58 41
58 49
58 56
58 57
58 59
58 24
59 24
59 57
59 58
59 514
60 40
60 87
60 56
60 57
60 61
61 1
61 2
61 67
61 40
61 56
61 60
62 64
62 65
62 34
62 66
62 67
62 45
62 49
62 54
63 32
63 64
63 2
63 44
63 55
64 65
64 2
64 67
64 55
64 62
64 63
65 64
65 52
65 53
65 54
65 55
65 62
66 67
66 49
66 56
66 58
66 62
67 64
67 2
67 66
67 56
67 61
67 62
68 69
68 70
68 71
68 400
68 401
68 88
68 89
68 90
68 253
69 68
69 70
69 399
69 401
69 371
69 191
70 68
70 69
70 900
70 71
70 190
70 191
71 900
71 68
71 358
71 70
71 90
71 860
71 863
72 386
72 73
72 74
72 437
72 533
72 319
73 72
73 74
73 75
73 79
73 80
73 370
73 84
73 436
73 437
74 134
74 135
74 72
74 73
74 75
74 319
75 355
75 133
75 134
75 73
75 74
75 84
75 473
76 288
76 97
76 261
76 839
76 77
76 78
76 493
76 287
77 97
77 948
77 76
77 78
78 839
78 936
78 76
78 77
78 948
78 922
79 73
79 234
79 236
79 111
79 80
79 147
79 84
80 73
80 79
80 146
80 147
80 370
81 327
81 328
81 496
81 82
81 83
81 19
81 632
81 254
82 328
82 942
82 81
82 83
82 798
82 799
83 942
83 944
83 81
83 82
83 19
83 20
83 949
84 355
84 387
84 73
84 91
84 75
84 79
84 111
84 315
85 37
85 39
85 40
85 501
85 502
85 86
85 511
86 129
86 99
86 100
86 40
86 85
86 502
86 87
87 514
87 99
87 40
87 86
87 57
87 60
88 68
88 238
88 703
88 89
88 90
88 702
88 255
89 68
89 88
89 251
89 253
89 255
90 68
90 358
90 71
90 103
90 265
90 88
90 381
90 702
91 387
91 111
91 84
91 92
91 93
91 94
91 95
92 91
92 93
92 94
92 715
93 96
93 101
93 139
93 715
93 91
93 92
93 95
94 715
94 716
94 111
94 91
94 92
95 96
95 385
95 387
95 103
95 104
95 381
95 91
95 93
96 104
96 101
96 93
96 95
97 260
97 261
97 840
97 76
97 77
97 948
98 515
98 99
98 517
98 100
98 516
98 779
98 149
98 735
99 98
99 514
99 100
99 86
99 87
99 735
100 129
100 98
100 99
100 148
100 149
100 86
101 96
101 139
101 104
101 93
102 104
102 105
102 138
102 103
103 102
103 104
103 105
103 90
103 381
103 702
103 95
104 96
104 101
104 102
104 103
104 138
104 139
104 95
105 102
105 103
105 138
105 733
105 702
106 107
106 108
106 109
106 110
106 112
106 850
107 933
107 935
107 106
107 108
107 110
107 922
108 935
108 937
108 106
108 107
108 850
108 893
108 862
109 106
109 846
109 110
109 112
109 847
109 853
110 933
110 870
110 106
110 107
110 109
110 847
110 927
111 236
111 812
111 716
111 79
111 84
111 91
111 94
112 106
112 109
112 850
112 851
112 852
112 853
113 114
113 115
113 116
113 795
113 796
113 797
114 453
114 782
114 113
114 115
114 795
114 127
115 782
115 113
115 114
115 116
115 919
116 925
116 113
116 115
116 919
116 797
116 926
117 677
117 119
117 566
117 118
117 568
118 128
118 578
118 677
118 117
118 119
118 126
119 128
119 930
119 940
119 117
119 118
119 568
119 793
120 579
120 453
120 554
120 121
120 122
121 576
121 553
121 554
121 433
121 434
121 120
121 122
122 453
122 782
122 434
122 120
122 121
123 454
123 455
123 555
123 915
123 568
123 793
123 124
123 125
124 923
124 793
124 922
124 123
124 125
125 915
125 918
125 920
125 922
125 123
125 124
126 128
126 578
126 453
126 118
126 127
127 128
127 928
127 453
127 114
127 795
127 126
128 928
128 929
128 930
128 118
128 119
128 126
128 127
129 100
129 15
129 148
129 86
129 502
130 131
130 132
130 136
130 137
130 470
130 246
131 130
131 132
131 133
131 135
131 908
131 246
132 130
132 131
132 709
132 901
132 902
132 136
132 908
133 131
133 134
133 135
133 75
133 908
133 909
133 910
133 473
134 74
134 75
134 133
134 135
135 131
135 133
135 134
135 266
135 74
135 246
135 247
135 248
135 319
136 130
136 770
136 132
136 902
136 137
136 848
136 913
136 914
136 861
137 130
137 136
137 848
137 947
137 470
138 102
138 104
138 105
138 139
138 731
138 733
139 101
139 104
139 714
139 715
139 138
139 957
139 731
139 93
139 958
139 959
140 355
140 356
140 262
140 263
140 141
140 142
140 315
141 262
141 264
141 140
141 142
141 911
141 852
142 356
142 140
142 141
142 495
142 851
142 852
143 489
143 365
143 144
143 145
143 369
144 145
144 369
144 143
145 162
145 489
145 365
145 366
145 143
145 144
145 368
145 369
146 80
146 370
146 147
146 159
147 326
147 234
147 490
147 79
147 80
147 146
147 159
148 129
148 100
148 781
148 15
148 17
148 149
149 98
149 100
149 779
149 780
149 781
149 148
150 196
150 200
150 151
150 152
150 153
150 154
151 504
151 907
151 910
151 150
151 152
151 153
152 903
152 200
152 906
152 907
152 150
152 151
153 150
153 151
153 504
153 154
153 155
153 188
154 899
154 196
154 178
154 150
154 153
154 155
155 178
155 182
155 153
155 154
155 188
155 189
156 294
156 157
156 158
156 279
157 294
157 295
157 201
157 202
157 207
157 156
157 158
158 710
158 711
158 279
158 207
158 183
158 156
158 157
159 160
159 490
159 146
159 147
159 370
160 161
160 162
160 490
160 370
160 436
160 159
161 160
161 162
161 368
161 435
161 436
162 160
162 161
162 489
162 490
162 368
162 145
163 192
163 291
163 164
163 165
163 271
163 209
163 186
164 163
164 165
164 166
164 167
164 168
164 185
164 186
165 192
165 193
165 163
165 164
165 166
165 534
166 352
166 193
166 353
166 164
166 165
166 167
166 199
166 362
166 203
166 204
166 363
166 364
166 187
166 351
167 164
167 166
167 168
167 169
167 456
167 187
168 164
168 167
168 169
168 184
168 185
169 290
169 291
169 167
169 168
169 456
169 171
169 172
169 406
169 184
170 194
170 171
170 172
170 195
171 194
171 456
171 169
171 170
171 172
171 180
172 195
172 169
172 170
172 171
172 406
173 361
173 505
173 174
173 175
174 352
174 361
174 173
174 205
174 175
174 181
174 351
175 228
175 173
175 174
175 181
175 505
175 508
175 415
176 177
176 178
176 307
176 197
177 298
177 176
177 178
177 307
177 276
177 182
177 183
177 278
178 899
178 197
178 176
178 177
178 182
178 154
178 155
179 205
179 180
179 181
179 198
180 353
180 354
180 194
180 198
180 456
180 171
180 179
180 181
180 406
181 205
181 174
181 175
181 179
181 180
181 406
181 407
181 415
182 710
182 155
182 177
182 178
182 183
182 507
182 189
183 710
183 177
183 182
183 279
183 278
183 158
184 290
184 168
184 169
184 185
184 186
185 184
185 186
185 164
185 168
186 290
186 291
186 163
186 164
186 184
186 185
187 456
187 353
187 166
187 167
188 751
188 504
188 153
188 506
188 155
188 189
189 182
189 507
189 506
189 155
189 188
190 900
190 70
190 266
190 267
190 247
190 248
190 218
190 860
190 191
191 69
191 70
191 266
191 371
191 190
192 163
192 165
192 209
192 210
192 534
192 408
193 534
193 165
193 166
193 199
194 195
194 170
194 171
194 180
194 406
195 170
195 194
195 172
195 406
196 899
196 200
196 202
196 207
196 208
196 150
196 154
197 899
197 201
197 202
197 176
197 178
197 306
197 307
198 354
198 360
198 205
198 179
198 180
199 193
199 166
199 204
199 534
199 535
200 196
200 903
200 904
200 208
200 150
200 152
201 197
201 295
201 202
201 306
201 308
201 157
202 899
202 196
202 197
202 201
202 207
202 157
203 364
203 204
203 478
203 166
204 166
204 199
204 203
204 535
204 536
204 478
205 198
205 360
205 174
205 179
205 181
205 351
206 704
206 710
206 711
206 904
206 207
206 208
206 528
206 507
207 196
207 711
207 202
207 206
207 208
207 157
207 158
208 196
208 904
208 200
208 206
208 207
209 192
209 163
209 408
209 271
210 224
210 192
210 211
210 212
210 534
210 408
210 222
210 223
211 227
211 210
211 243
211 404
211 212
211 222
212 224
212 429
212 210
212 211
212 243
212 242
213 220
213 214
213 215
214 512
214 213
214 215
214 220
214 221
215 512
215 513
215 461
215 366
215 367
215 462
215 213
215 214
215 505
215 219
215 220
216 864
216 772
216 267
216 912
216 217
216 218
217 864
217 768
217 780
217 781
217 216
217 921
217 218
218 267
218 216
218 217
218 921
218 860
218 190
219 529
219 530
219 215
219 505
219 220
219 221
220 213
220 214
220 215
220 219
220 221
221 512
221 529
221 214
221 219
221 220
222 225
222 226
222 227
222 270
222 210
222 211
222 404
222 223
223 394
223 395
223 268
223 270
223 210
223 534
223 222
224 416
224 417
224 330
224 331
224 332
224 333
224 429
224 430
224 210
224 212
224 408
225 226
225 227
225 404
225 222
226 225
226 227
226 222
227 225
227 226
227 211
227 404
227 222
228 229
228 230
228 424
228 271
228 335
228 175
228 530
228 409
228 508
228 415
229 228
229 421
229 230
229 335
230 228
230 229
230 421
230 520
230 521
230 529
230 530
230 532
231 320
231 232
231 233
231 346
231 463
231 950
231 250
232 3
232 231
232 233
232 244
232 245
232 249
232 250
233 320
233 321
233 231
233 232
233 329
233 245
234 326
234 235
234 236
234 79
234 240
234 147
234 340
235 234
235 236
235 717
235 240
235 816
235 817
236 838
236 234
236 235
236 812
236 79
236 111
236 817
237 546
237 238
237 239
237 241
237 242
237 347
237 350
238 237
238 239
238 703
238 242
238 243
238 88
238 255
239 747
239 237
239 238
239 241
239 818
239 703
240 234
240 235
240 816
240 340
240 342
240 694
240 345
241 546
241 747
241 749
241 237
241 239
242 237
242 238
242 429
242 243
242 212
242 347
242 348
243 238
243 242
243 211
243 404
243 405
243 212
243 255
244 3
244 232
244 425
244 426
244 249
245 256
245 257
245 232
245 233
245 329
245 249
246 130
246 131
246 135
246 460
246 470
246 247
247 135
247 267
247 460
247 246
247 248
247 190
248 266
248 247
248 190
248 135
249 256
249 232
249 425
249 244
249 245
250 3
250 4
250 231
250 232
250 950
250 951
250 952
250 953
251 89
251 252
251 253
251 255
252 269
252 405
252 251
252 253
252 255
253 68
253 269
253 400
253 89
253 251
253 252
254 648
254 81
254 18
254 19
254 632
255 238
255 243
255 405
255 88
255 89
255 251
255 252
256 257
256 258
256 259
256 425
256 697
256 245
256 341
256 695
256 696
256 249
256 957
256 286
257 256
257 329
257 819
257 820
257 245
257 286
258 256
258 322
258 259
258 324
258 336
258 341
259 256
259 258
259 324
259 695
259 822
259 823
260 97
260 261
260 518
260 840
260 527
260 18
260 20
261 97
261 260
261 76
261 493
261 527
262 264
262 140
262 141
262 263
263 385
263 262
263 264
263 265
263 140
263 315
264 358
264 359
264 262
264 265
264 263
264 141
264 911
264 767
265 385
265 358
265 263
265 264
265 90
265 381
266 191
266 386
266 135
266 371
266 372
266 248
266 190
266 319
267 772
267 460
267 247
267 216
267 218
267 190
268 394
268 269
268 270
268 400
268 223
269 268
269 270
269 400
269 405
269 252
269 253
270 268
270 269
270 404
270 405
270 222
270 223
271 163
271 291
271 228
271 209
271 408
271 409
271 415
272 296
272 297
272 273
272 274
272 310
273 299
273 303
273 272
273 304
273 274
273 275
273 310
274 297
274 272
274 273
274 275
274 284
275 303
275 273
275 274
275 285
275 284
275 317
276 297
276 298
276 177
276 309
276 277
276 278
277 292
277 294
277 276
277 309
277 278
277 279
278 177
278 276
278 277
278 183
278 279
279 294
279 277
279 278
279 183
279 156
279 158
280 305
280 281
280 282
280 285
280 318
281 301
281 302
281 305
281 311
281 280
281 282
281 283
282 292
282 293
282 309
282 280
282 281
282 283
282 284
282 285
283 281
283 282
283 293
283 311
284 297
284 274
284 275
284 309
284 282
284 285
285 275
285 280
285 282
285 284
285 317
285 318
286 256
286 257
286 810
286 820
286 697
287 288
287 839
287 940
287 76
287 22
287 923
288 289
288 484
288 76
288 493
288 494
288 22
288 287
289 288
289 484
289 485
289 21
289 22
290 184
290 169
290 186
290 291
291 290
291 163
291 169
291 271
291 406
291 407
291 186
291 415
292 293
292 294
292 277
292 309
292 282
293 292
293 294
293 295
293 314
293 311
293 282
293 283
294 292
294 293
294 295
294 277
294 279
294 156
294 157
295 293
295 294
295 201
295 308
295 314
295 157
296 297
296 298
296 272
296 307
296 310
296 313
297 296
297 298
297 272
297 274
297 276
297 309
297 284
298 296
298 297
298 177
298 307
298 276
299 300
299 301
299 303
299 304
299 273
299 317
299 318
300 299
300 301
300 302
300 304
300 310
300 312
301 299
301 300
301 302
301 305
301 281
301 318
302 300
302 301
302 311
302 312
302 281
303 275
303 273
303 299
303 317
304 273
304 299
304 300
304 310
305 280
305 281
305 301
305 318
306 197
306 201
306 307
306 308
306 313
306 316
307 197
307 296
307 298
307 176
307 177
307 306
307 313
308 295
308 201
308 306
308 314
308 316
309 292
309 297
309 276
309 277
309 282
309 284
310 296
310 300
310 304
310 273
310 272
310 312
310 313
310 316
311 293
311 302
311 312
311 281
311 314
311 283
312 300
312 302
312 310
312 311
312 314
312 316
313 296
313 306
313 307
313 310
313 316
314 293
314 295
314 308
314 311
314 312
314 316
315 385
315 387
315 355
315 263
315 140
315 84
316 306
316 308
316 310
316 312
316 313
316 314
317 299
317 303
317 275
317 285
317 318
318 299
318 301
318 305
318 280
318 317
318 285
319 386
319 135
319 72
319 266
319 74
320 321
320 231
320 233
320 693
320 345
320 346
321 320
321 233
321 329
321 693
321 825
322 258
322 323
322 324
322 325
322 336
322 337
323 545
323 322
323 324
323 325
323 827
324 258
324 259
324 322
324 323
324 822
324 824
324 827
325 545
325 322
325 323
325 337
325 349
325 350
326 489
326 490
326 234
326 365
326 367
326 147
326 340
327 328
327 496
327 81
327 21
327 23
328 327
328 939
328 81
328 82
328 23
328 798
329 257
329 321
329 233
329 819
329 821
329 245
329 825
330 224
330 416
330 331
330 332
330 334
331 224
331 330
331 332
332 224
332 330
332 331
332 333
332 334
333 224
333 422
333 424
333 332
333 334
333 408
334 416
334 422
334 330
334 332
334 333
335 418
335 419
335 228
335 229
335 422
335 421
335 423
335 424
336 258
336 322
336 337
336 338
336 339
336 341
336 344
337 322
337 325
337 431
337 336
337 344
337 955
337 349
338 425
338 426
338 336
338 339
338 341
339 4
339 5
339 426
339 336
339 338
339 344
340 326
340 234
340 461
340 367
340 240
340 342
340 343
341 256
341 258
341 425
341 336
341 338
342 240
342 340
342 343
342 345
342 346
343 461
343 462
343 463
343 340
343 342
343 346
344 4
344 336
344 337
344 339
344 953
344 954
344 955
344 956
345 320
345 240
345 693
345 694
345 342
345 346
346 320
346 231
346 463
346 342
346 343
346 345
347 237
347 242
347 348
347 349
347 350
348 429
348 430
348 431
348 242
348 347
348 349
349 325
349 431
349 337
349 347
349 348
349 350
350 545
350 546
350 325
350 237
350 347
350 349
351 352
351 353
351 354
351 166
351 360
351 205
351 174
352 166
352 361
352 362
352 174
352 503
352 351
353 354
353 166
353 456
353 180
353 187
353 351
354 353
354 198
354 360
354 180
354 351
355 356
355 357
355 75
355 140
355 84
355 473
355 315
355 477
356 355
356 357
356 140
356 142
356 495
357 770
357 355
357 356
357 771
357 495
357 477
358 71
358 264
358 265
358 359
358 905
358 90
358 863
359 358
359 264
359 905
359 854
359 766
359 767
360 354
360 205
360 198
360 351
361 352
361 173
361 366
361 174
361 503
361 505
362 352
362 363
362 166
362 503
363 166
363 486
363 362
363 364
363 503
364 166
364 486
364 363
364 203
364 478
364 479
365 326
365 489
365 366
365 143
365 367
365 145
366 503
366 361
366 365
366 367
366 368
366 145
366 215
366 505
367 326
367 461
367 365
367 366
367 340
367 215
368 161
368 162
368 450
368 366
368 145
368 435
368 503
369 144
369 145
369 489
369 143
370 160
370 73
370 80
370 146
370 436
370 159
371 69
371 266
371 396
371 399
371 372
371 191
372 266
372 371
372 396
372 386
373 427
373 428
373 374
373 375
374 420
374 427
374 689
374 373
374 375
374 440
374 447
375 777
375 428
375 373
375 374
375 447
376 655
376 377
376 378
376 379
376 413
376 382
377 684
377 376
377 378
377 379
377 380
378 487
378 684
378 655
378 474
378 376
378 377
378 634
379 10
379 660
379 376
379 377
379 380
379 382
380 524
380 684
380 526
380 660
380 377
380 379
381 385
381 103
381 265
381 90
381 95
382 384
382 10
382 692
382 376
382 379
382 413
382 383
383 384
383 414
383 413
383 382
384 382
384 692
384 537
384 414
384 383
385 387
385 263
385 265
385 315
385 381
385 95
386 72
386 266
386 396
386 372
386 533
386 319
387 385
387 315
387 84
387 91
387 95
388 581
388 389
388 390
388 585
388 438
388 439
389 673
389 388
389 390
389 392
389 585
389 472
390 544
390 388
390 389
390 466
390 439
390 472
391 448
391 392
391 393
391 691
391 442
391 444
392 673
392 389
392 391
392 393
392 585
392 691
393 448
393 449
393 391
393 392
393 585
393 588
394 395
394 268
394 397
394 399
394 400
394 401
394 402
394 223
395 394
395 402
395 534
395 535
395 536
395 223
396 386
396 397
396 398
396 399
396 371
396 372
396 533
396 446
397 394
397 396
397 398
397 399
397 402
397 403
398 403
398 396
398 397
398 446
399 69
399 394
399 396
399 397
399 401
399 371
400 68
400 394
400 268
400 269
400 401
400 253
401 68
401 69
401 394
401 399
401 400
402 394
402 395
402 397
402 403
402 536
402 478
403 478
403 397
403 398
403 402
403 445
403 446
404 225
404 227
404 270
404 243
404 211
404 405
404 222
405 269
405 270
405 243
405 404
405 252
405 255
406 194
406 291
406 195
406 169
406 172
406 180
406 181
406 407
407 291
407 181
407 406
407 415
408 224
408 192
408 424
408 333
408 271
408 209
408 210
408 409
409 408
409 228
409 424
409 271
410 420
410 440
410 441
410 411
410 412
411 481
411 452
411 441
411 410
411 412
412 451
412 452
412 420
412 688
412 410
412 411
413 414
413 655
413 376
413 382
413 383
414 384
414 655
414 498
414 537
414 413
414 383
415 291
415 228
415 175
415 271
415 181
415 407
416 224
416 417
416 418
416 419
416 422
416 330
416 334
417 416
417 224
417 418
417 430
417 954
417 956
418 416
418 417
418 419
418 421
418 335
418 953
418 956
419 416
419 418
419 422
419 423
419 335
420 688
420 689
420 374
420 440
420 410
420 412
421 418
421 229
421 230
421 520
421 335
421 953
422 416
422 419
422 423
422 424
422 333
422 334
422 335
423 419
423 422
423 335
424 228
424 422
424 333
424 335
424 408
424 409
425 256
425 426
425 338
425 244
425 341
425 249
426 3
426 5
426 425
426 338
426 339
426 244
427 428
427 432
427 373
427 374
427 440
428 640
428 777
428 427
428 432
428 373
428 375
429 224
429 430
429 242
429 212
429 348
430 224
430 417
430 429
430 431
430 954
430 955
430 348
431 430
431 337
431 955
431 348
431 349
432 640
432 642
432 427
432 428
432 440
432 441
433 576
433 454
433 455
433 556
433 434
433 121
433 794
434 122
434 782
434 433
434 917
434 121
434 794
435 161
435 450
435 368
435 436
435 437
435 533
435 445
435 446
436 160
436 161
436 73
436 370
436 435
436 437
437 72
437 73
437 435
437 436
437 533
438 577
438 388
438 581
438 580
438 439
439 544
439 388
439 580
439 390
439 438
439 699
440 420
440 427
440 432
440 374
440 441
440 410
441 481
441 642
441 432
441 599
441 440
441 410
441 411
442 448
442 391
442 443
442 444
442 575
443 577
443 580
443 442
443 699
443 444
443 541
443 575
444 391
444 691
444 442
444 443
444 540
444 541
445 450
445 446
445 435
445 403
445 478
445 479
446 396
446 398
446 435
446 403
446 533
446 445
447 775
447 776
447 777
447 14
447 689
447 374
447 375
448 449
448 577
448 581
448 391
448 393
448 588
448 442
448 575
449 448
449 393
449 588
450 486
450 368
450 435
450 503
450 445
450 479
451 452
451 458
451 459
451 688
451 412
451 606
451 607
452 480
452 481
452 451
452 458
452 778
452 690
452 411
452 412
453 578
453 579
453 782
453 114
453 120
453 122
453 126
453 127
454 455
454 433
454 915
454 918
454 794
454 123
455 454
455 555
455 556
455 433
455 123
456 353
456 167
456 169
456 171
456 180
456 187
457 12
457 13
457 791
457 792
457 606
457 607
458 451
458 452
458 775
458 778
458 459
458 13
458 790
459 451
459 458
459 788
459 789
459 790
459 607
460 865
460 772
460 267
460 845
460 916
460 470
460 246
460 247
461 462
461 367
461 340
461 343
461 215
462 513
462 461
462 463
462 951
462 950
462 343
462 215
463 231
463 462
463 950
463 343
463 346
464 465
464 466
464 547
465 544
465 609
465 547
465 464
465 466
465 542
466 544
466 547
466 390
466 464
466 465
466 471
466 472
467 548
467 619
467 468
467 469
467 668
467 605
468 673
468 615
468 616
468 619
468 467
468 469
469 673
469 548
469 467
469 468
469 691
469 540
470 865
470 130
470 137
470 460
470 947
470 246
471 610
471 547
471 611
471 614
471 466
471 472
472 673
472 389
472 614
472 390
472 616
472 466
472 471
473 355
473 133
473 75
473 910
473 477
474 487
474 378
474 633
474 634
474 475
474 476
475 487
475 488
475 745
475 474
475 476
475 765
476 750
476 633
476 474
476 475
476 765
477 771
477 355
477 357
477 907
477 910
477 473
478 203
478 364
478 204
478 402
478 403
478 536
478 445
478 479
479 450
479 486
479 364
479 445
479 478
480 690
480 481
480 482
480 452
481 480
481 482
481 452
481 687
481 599
481 441
481 411
482 480
482 481
482 687
482 690
482 724
483 484
483 485
483 531
483 662
483 638
484 288
484 289
484 483
484 485
484 492
484 494
484 531
485 289
485 483
485 484
485 496
485 21
485 638
486 450
486 363
486 364
486 503
486 479
487 488
487 491
487 684
487 378
487 526
487 474
487 475
488 487
488 745
488 491
488 497
488 475
489 162
489 326
489 490
489 365
489 143
489 145
489 369
490 160
490 162
490 326
490 489
490 147
490 159
491 488
491 497
491 526
491 487
492 484
492 493
492 494
492 531
492 663
492 664
492 635
493 288
493 261
493 76
493 492
493 494
493 527
493 635
494 288
494 484
494 492
494 493
495 770
495 356
495 357
495 142
495 946
495 851
496 485
496 327
496 81
496 21
496 632
496 638
497 705
497 706
497 743
497 488
497 745
497 491
497 526
497 752
498 655
498 499
498 500
498 537
498 634
498 414
499 498
499 500
499 725
499 633
499 634
500 705
500 743
500 498
500 499
500 725
500 537
500 734
501 708
501 37
501 85
501 25
501 511
502 129
502 15
502 85
502 86
502 510
502 511
503 352
503 450
503 486
503 361
503 362
503 363
503 366
503 368
504 909
504 910
504 751
504 151
504 153
504 188
505 361
505 173
505 366
505 175
505 530
505 215
505 219
505 508
506 709
506 751
506 528
506 507
506 188
506 189
507 710
507 206
507 528
507 182
507 506
507 189
508 505
508 530
508 228
508 175
509 707
509 708
509 774
509 841
509 510
509 511
510 841
510 15
510 16
510 502
510 509
510 511
511 708
511 85
511 502
511 501
511 509
511 510
512 513
512 520
512 521
512 529
512 214
512 215
512 221
513 512
513 520
513 462
513 951
513 952
513 215
514 99
514 515
514 87
514 24
514 57
514 59
514 735
515 514
515 98
515 708
515 517
515 24
515 25
515 735
516 768
516 769
516 98
516 707
516 517
516 779
517 98
517 515
517 708
517 707
517 516
518 260
518 519
518 527
518 18
518 666
518 667
519 518
519 648
519 522
519 523
519 18
519 667
520 512
520 513
520 421
520 230
520 521
520 952
520 953
521 512
521 230
521 520
521 529
521 532
522 519
522 523
522 539
522 667
522 543
523 519
523 648
523 522
523 639
523 632
523 542
523 543
524 650
524 682
524 525
524 526
524 660
524 380
524 701
525 706
525 524
525 526
525 783
525 538
525 698
525 701
526 706
526 487
526 491
526 524
526 525
526 684
526 497
526 380
527 260
527 261
527 518
527 493
527 666
527 635
528 704
528 709
528 901
528 206
528 506
528 507
529 512
529 230
529 521
529 530
529 532
529 219
529 221
530 228
530 230
530 529
530 505
530 219
530 508
531 483
531 484
531 492
531 662
531 663
532 521
532 529
532 230
533 386
533 72
533 396
533 435
533 437
533 446
534 192
534 193
534 165
534 199
534 395
534 210
534 535
534 223
535 199
535 395
535 204
535 534
535 536
536 395
536 204
536 402
536 535
536 478
537 384
537 705
537 498
537 692
537 500
537 700
537 414
538 9
538 683
538 11
538 525
538 783
538 787
538 698
539 522
539 665
539 666
539 667
539 540
539 541
539 543
540 541
540 548
540 691
540 469
540 665
540 539
540 444
540 605
541 539
541 444
541 443
541 540
541 699
541 543
542 544
542 609
542 612
542 523
542 543
542 465
542 661
542 639
543 544
543 522
543 523
543 699
543 539
543 541
543 542
544 390
544 465
544 466
544 439
544 699
544 542
544 543
545 833
545 546
545 323
545 325
545 748
545 749
545 827
545 350
546 545
546 749
546 237
546 241
546 350
547 609
547 610
547 464
547 465
547 466
547 471
548 605
548 467
548 540
548 469
549 550
549 551
549 560
549 631
549 569
549 572
550 676
550 549
550 551
550 560
550 561
550 564
550 569
551 549
551 550
551 563
551 564
551 572
551 573
551 574
552 643
552 579
552 553
552 554
552 651
552 572
552 573
553 576
553 643
553 645
553 552
553 554
553 121
554 579
554 552
554 553
554 120
554 121
555 582
555 455
555 556
555 565
555 567
555 568
555 123
556 576
556 582
556 647
556 455
556 555
556 433
557 608
557 558
557 559
557 570
557 603
557 604
558 678
558 680
558 557
558 559
558 570
558 571
559 608
559 676
559 680
559 587
559 557
559 558
559 590
560 549
560 550
560 561
560 626
560 631
560 569
561 676
561 550
561 560
561 625
561 626
561 624
562 586
562 587
562 657
562 658
562 563
562 564
563 551
563 681
563 562
563 658
563 564
563 574
564 676
564 550
564 551
564 587
564 562
564 563
565 582
565 583
565 649
565 555
565 656
565 566
565 567
566 677
566 583
566 584
566 117
566 565
566 567
566 568
567 568
567 555
567 565
567 566
568 555
568 119
568 117
568 566
568 567
568 793
568 123
569 560
569 549
569 550
570 557
570 558
570 571
570 636
570 637
570 604
571 570
571 678
571 637
571 558
572 549
572 551
572 552
572 651
572 654
572 631
572 602
572 573
573 643
573 644
573 675
573 551
573 552
573 572
573 574
574 675
574 551
574 681
574 593
574 563
574 573
575 448
575 577
575 442
575 443
576 645
576 647
576 553
576 556
576 433
576 121
577 448
577 580
577 581
577 438
577 443
577 575
578 579
578 453
578 677
578 653
578 118
578 126
579 578
579 453
579 552
579 554
579 651
579 653
579 120
580 577
580 438
580 439
580 443
580 699
581 448
581 577
581 388
581 585
581 588
581 438
582 646
582 647
582 649
582 555
582 556
582 565
583 584
583 652
583 656
583 565
583 566
584 677
584 583
584 652
584 653
584 566
585 388
585 581
585 389
585 392
585 393
585 588
586 587
586 589
586 590
586 657
586 562
586 669
587 676
587 586
587 590
587 559
587 562
587 564
588 448
588 449
588 581
588 393
588 585
589 672
589 586
589 590
589 669
589 670
589 671
590 672
590 680
590 586
590 587
590 589
590 559
591 592
591 593
591 659
591 670
592 672
592 679
592 591
592 593
592 670
593 675
593 679
593 681
593 591
593 592
593 659
593 574
594 7
594 595
594 596
594 597
594 598
594 601
595 674
595 6
595 7
595 594
595 596
596 674
596 649
596 656
596 594
596 595
596 597
597 636
597 646
597 649
597 594
597 596
597 598
597 603
597 604
598 608
598 625
598 594
598 597
598 601
598 603
599 481
599 642
599 685
599 686
599 687
599 441
600 7
600 8
600 652
600 654
600 601
600 602
601 7
601 624
601 625
601 594
601 598
601 600
601 602
602 654
602 624
602 626
602 631
602 600
602 601
602 572
603 608
603 557
603 597
603 598
603 604
604 557
604 597
604 570
604 603
604 636
605 548
605 467
605 665
605 668
605 540
606 451
606 457
606 12
606 688
606 689
606 607
607 451
607 457
607 459
607 788
607 792
607 606
608 676
608 557
608 559
608 625
608 598
608 603
609 610
609 547
609 612
609 465
609 542
610 609
610 611
610 547
610 612
610 471
611 610
611 612
611 613
611 614
611 471
612 609
612 610
612 611
612 613
612 623
612 661
612 542
613 611
613 612
613 614
613 617
613 622
613 623
613 627
614 611
614 613
614 616
614 617
614 471
614 472
615 616
615 617
615 618
615 619
615 468
616 673
616 614
616 615
616 617
616 468
616 472
617 613
617 614
617 615
617 616
617 618
617 627
618 615
618 617
618 619
618 627
618 628
618 664
618 665
618 668
619 615
619 618
619 467
619 468
619 668
620 630
620 629
620 621
620 622
621 663
621 620
621 622
621 623
621 630
621 662
622 613
622 620
622 621
622 623
622 627
622 629
623 612
623 613
623 621
623 622
623 661
623 662
624 625
624 626
624 561
624 601
624 602
625 608
625 676
625 624
625 561
625 598
625 601
626 624
626 561
626 560
626 631
626 602
627 613
627 617
627 618
627 622
627 628
627 629
628 618
628 627
628 629
628 630
628 663
628 664
629 620
629 622
629 627
629 628
629 630
630 620
630 621
630 628
630 629
630 663
631 549
631 560
631 626
631 602
631 572
632 648
632 523
632 496
632 81
632 254
632 638
632 639
633 750
633 753
633 499
633 725
633 634
633 474
633 476
634 378
634 655
634 498
634 499
634 633
634 474
635 492
635 493
635 527
635 664
635 665
635 666
636 646
636 597
636 570
636 604
636 637
637 678
637 646
637 570
637 571
637 636
638 483
638 485
638 496
638 661
638 662
638 632
638 639
639 542
639 523
639 661
639 632
639 638
640 641
640 642
640 712
640 777
640 428
640 432
641 640
641 642
641 712
641 713
641 685
642 640
642 641
642 685
642 432
642 599
642 441
643 644
643 645
643 552
643 553
643 573
644 643
644 675
644 645
644 646
644 647
644 678
644 573
645 576
645 643
645 644
645 647
645 553
646 644
646 582
646 647
646 678
646 649
646 597
646 636
646 637
647 576
647 644
647 645
647 582
647 646
647 556
648 519
648 523
648 18
648 632
648 254
649 646
649 582
649 656
649 596
649 597
649 565
650 9
650 682
650 10
650 524
650 683
650 660
651 579
651 552
651 653
651 654
651 572
652 583
652 584
652 8
652 653
652 654
652 656
652 600
653 578
653 579
653 677
653 584
653 651
653 652
653 654
654 651
654 652
654 653
654 600
654 602
654 572
655 378
655 498
655 376
655 634
655 413
655 414
656 674
656 583
656 8
656 649
656 652
656 596
656 565
657 586
657 658
657 659
657 562
657 669
657 670
658 681
658 657
658 562
658 659
658 563
659 681
659 591
659 593
659 657
659 658
659 670
660 650
660 10
660 524
660 379
660 380
661 612
661 542
661 623
661 662
661 638
661 639
662 483
662 621
662 623
662 531
662 661
662 663
662 638
663 492
663 621
663 531
663 628
663 662
663 630
663 664
664 618
664 492
664 628
664 663
664 665
664 635
665 635
665 618
665 540
665 664
665 666
665 539
665 668
665 605
666 518
666 635
666 527
666 665
666 539
666 667
667 518
667 519
667 522
667 666
667 539
668 618
668 619
668 467
668 665
668 605
669 586
669 589
669 657
669 670
669 671
670 672
670 589
670 591
670 592
670 657
670 659
670 669
670 671
671 589
671 670
671 669
672 679
672 680
672 589
672 590
672 592
672 670
673 389
673 616
673 392
673 691
673 468
673 469
673 472
674 6
674 8
674 656
674 595
674 596
675 644
675 678
675 679
675 593
675 573
675 574
676 608
676 550
676 587
676 559
676 625
676 561
676 564
677 578
677 584
677 653
677 117
677 118
677 566
678 675
678 644
678 646
678 679
678 680
678 558
678 571
678 637
679 672
679 675
679 678
679 680
679 592
679 593
680 672
680 678
680 679
680 558
680 559
680 590
681 593
681 658
681 563
681 659
681 574
682 650
682 683
682 524
682 785
682 786
682 701
683 9
683 682
683 650
683 786
683 787
683 538
684 487
684 526
684 377
684 378
684 380
685 641
685 642
685 713
685 686
685 723
685 599
685 732
686 685
686 687
686 722
686 599
686 732
687 481
687 482
687 686
687 722
687 724
687 599
688 451
688 420
688 689
688 412
688 606
689 420
689 12
689 14
689 688
689 374
689 606
689 447
690 480
690 482
690 452
690 744
690 778
690 720
690 721
690 724
691 673
691 391
691 392
691 469
691 444
691 540
692 384
692 10
692 11
692 537
692 698
692 700
692 382
693 320
693 321
693 835
693 719
693 694
693 825
693 726
693 345
694 240
694 816
694 693
694 726
694 345
695 256
695 259
695 813
695 823
695 696
696 256
696 748
696 813
696 814
696 695
696 957
696 959
697 256
697 810
697 811
697 719
697 958
697 957
697 286
698 705
698 706
698 11
698 525
698 692
698 538
698 700
699 544
699 580
699 439
699 443
699 541
699 543
700 537
700 698
700 692
700 705
701 682
701 524
701 525
701 783
701 784
701 785
702 103
702 105
702 815
702 88
702 90
702 733
702 703
703 837
703 238
703 815
703 239
703 818
703 88
703 702
704 901
704 902
704 904
704 206
704 528
705 706
705 743
705 497
705 500
705 537
705 698
705 700
706 705
706 525
706 526
706 497
706 698
707 769
707 708
707 516
707 517
707 774
707 509
708 707
708 515
708 517
708 501
708 25
708 509
708 511
709 132
709 901
709 908
709 751
709 528
709 506
710 711
710 206
710 182
710 183
710 507
710 158
711 158
711 710
711 206
711 207
712 640
712 641
712 740
712 713
712 777
712 720
712 721
713 641
713 739
713 740
713 773
713 712
713 685
713 723
714 811
714 139
714 716
714 715
714 958
715 714
715 139
715 716
715 92
715 93
715 94
716 714
716 811
716 715
716 812
716 111
716 94
717 838
717 235
717 812
717 718
717 719
717 816
717 817
717 726
718 717
718 726
718 719
719 835
719 810
719 811
719 812
719 717
719 718
719 693
719 726
719 697
720 775
720 712
720 777
720 776
720 778
720 721
720 690
721 736
721 740
721 744
721 712
721 720
721 690
722 741
722 742
722 686
722 687
722 724
722 727
722 732
723 773
723 713
723 685
723 728
723 732
724 737
724 482
724 742
724 744
724 687
724 722
724 690
725 753
725 499
725 500
725 757
725 758
725 633
725 734
726 717
726 718
726 719
726 816
726 693
726 694
727 738
727 741
727 722
727 728
727 729
727 732
728 773
728 723
728 727
728 729
728 730
728 732
729 736
729 737
729 738
729 727
729 728
729 730
730 736
730 739
730 773
730 728
730 729
731 138
731 139
731 814
731 733
731 959
732 685
732 686
732 722
732 723
732 727
732 728
733 105
733 138
733 814
733 815
733 731
733 702
734 743
734 756
734 500
734 725
734 758
735 515
735 514
735 99
735 98
736 737
736 739
736 740
736 744
736 721
736 729
736 730
737 736
737 738
737 742
737 744
737 724
737 729
738 737
738 741
738 742
738 727
738 729
739 736
739 740
739 773
739 713
739 730
740 736
740 739
740 712
740 713
740 721
741 722
741 738
741 742
741 727
742 737
742 738
742 741
742 722
742 724
743 705
743 752
743 497
743 756
743 500
743 734
744 736
744 737
744 721
744 690
744 724
745 488
745 752
745 497
745 760
745 475
745 764
745 765
746 747
746 748
746 749
747 837
747 746
747 748
747 749
747 239
747 815
747 241
747 818
748 833
748 545
748 746
748 747
748 813
748 749
748 814
748 815
748 696
749 545
749 546
749 746
749 747
749 748
749 241
750 753
750 754
750 755
750 633
750 476
750 765
751 709
751 908
751 909
751 504
751 506
751 188
752 743
752 745
752 497
752 756
752 760
753 750
753 754
753 725
753 757
753 633
754 750
754 753
754 755
754 757
754 759
754 762
755 750
755 754
755 759
755 761
755 763
755 765
756 743
756 752
756 758
756 759
756 760
756 762
756 734
757 753
757 754
757 725
757 758
757 762
758 756
758 757
758 725
758 762
758 734
759 754
759 755
759 756
759 760
759 761
759 762
760 745
760 752
760 756
760 759
760 761
760 764
761 755
761 759
761 760
761 763
761 764
762 754
762 756
762 757
762 758
762 759
763 761
763 755
763 764
763 765
764 745
764 760
764 761
764 763
764 765
765 476
765 745
765 750
765 755
765 475
765 763
765 764
766 864
766 359
766 846
766 945
766 854
766 856
766 767
767 359
767 264
767 846
767 911
767 853
767 766
768 864
768 769
768 516
768 217
768 779
768 780
768 857
769 768
769 707
769 516
769 774
769 855
769 857
770 771
770 357
770 136
770 495
770 913
770 946
770 861
771 770
771 357
771 906
771 907
771 913
771 477
772 843
772 267
772 460
772 845
772 912
772 216
773 739
773 713
773 723
773 728
773 730
774 769
774 707
774 841
774 938
774 855
774 509
775 776
775 458
775 778
775 13
775 14
775 720
775 447
776 720
776 777
776 775
776 447
777 640
777 712
777 776
777 428
777 720
777 375
777 447
778 452
778 775
778 458
778 720
778 690
779 768
779 98
779 516
779 780
779 149
780 768
780 779
780 781
780 149
780 217
781 217
781 780
781 17
781 148
781 149
781 921
782 453
782 434
782 115
782 114
782 917
782 919
782 122
783 525
783 784
783 787
783 538
783 701
784 783
784 785
784 786
784 787
784 701
785 784
785 682
785 786
785 701
786 682
786 683
786 784
786 785
786 787
787 683
787 783
787 784
787 786
787 538
788 792
788 459
788 789
788 607
789 459
789 788
789 790
789 791
789 792
790 458
790 459
790 13
790 789
790 791
791 457
791 13
791 789
791 790
791 792
792 457
792 788
792 789
792 791
792 607
793 923
793 940
793 119
793 568
793 123
793 124
794 454
794 433
794 434
794 917
794 918
795 928
795 924
795 113
795 114
795 796
795 127
796 878
796 113
796 795
796 924
796 797
797 877
797 878
797 113
797 116
797 796
797 925
798 803
798 328
798 939
798 82
798 888
798 799
799 803
799 808
799 809
799 942
799 82
799 798
800 801
800 802
800 867
800 868
800 844
800 845
800 826
801 800
801 875
801 802
801 867
802 800
802 801
802 807
802 875
802 877
802 878
802 826
803 808
803 888
803 890
803 798
803 799
804 866
804 805
804 806
804 807
804 874
804 876
805 866
805 804
805 806
805 842
805 847
805 945
806 804
806 805
806 807
806 842
806 843
806 826
807 802
807 804
807 806
807 876
807 877
807 826
808 803
808 809
808 943
808 799
808 890
808 895
809 808
809 941
809 942
809 943
809 944
809 799
810 835
810 836
810 719
810 820
810 821
810 697
810 286
811 714
811 716
811 812
811 719
811 697
811 958
812 838
812 811
812 236
812 717
812 716
812 111
812 719
813 833
813 834
813 748
813 823
813 824
813 695
813 696
814 748
814 815
814 696
814 731
814 733
814 959
815 837
815 747
815 748
815 814
815 733
815 702
815 703
816 235
816 717
816 240
816 726
816 694
817 235
817 236
817 717
817 838
818 703
818 747
818 837
818 239
819 257
819 836
819 329
819 820
819 821
820 257
820 836
820 810
820 819
820 286
821 835
821 836
821 329
821 810
821 819
821 825
822 834
822 259
822 324
822 823
822 824
823 834
823 259
823 813
823 822
823 695
824 833
824 834
824 324
824 813
824 822
824 827
825 321
825 835
825 329
825 821
825 693
826 800
826 802
826 806
826 807
826 843
826 845
827 545
827 833
827 323
827 324
827 824
828 832
828 883
828 889
828 890
828 829
828 830
828 895
829 832
829 865
829 947
829 828
829 830
829 831
830 828
830 895
830 892
830 829
830 894
830 831
831 848
831 849
831 947
831 892
831 829
831 830
832 865
832 844
832 880
832 882
832 889
832 828
832 829
833 545
833 748
833 813
833 824
833 827
834 824
834 813
834 822
834 823
835 810
835 719
835 821
835 693
835 825
836 810
836 819
836 820
836 821
837 818
837 747
837 815
837 703
838 817
838 236
838 717
838 812
839 76
839 78
839 922
839 923
839 287
840 97
840 260
840 948
840 20
840 949
841 774
841 938
841 16
841 859
841 509
841 510
842 864
842 805
842 806
842 843
842 912
842 945
843 772
843 806
843 842
843 845
843 912
843 826
844 800
844 865
844 832
844 868
844 934
844 845
844 882
844 916
845 800
845 772
845 843
845 844
845 460
845 916
845 826
846 109
846 847
846 945
846 853
846 766
846 767
847 866
847 805
847 870
847 109
847 110
847 846
847 945
848 136
848 137
848 849
848 947
848 861
848 831
849 848
849 891
849 892
849 861
849 862
849 831
850 106
850 108
850 112
850 946
850 851
850 862
851 142
851 495
851 112
851 850
851 946
851 852
852 141
852 142
852 911
852 112
852 851
852 853
853 109
853 846
853 911
853 112
853 852
853 767
854 359
854 905
854 938
854 855
854 856
854 766
855 769
855 774
855 938
855 854
855 856
855 857
856 864
856 854
856 855
856 857
856 766
857 768
857 864
857 769
857 855
857 856
858 16
858 17
858 921
858 859
858 860
859 905
859 938
859 841
859 16
859 858
859 860
859 863
860 900
860 71
860 218
860 921
860 858
860 859
860 190
860 863
861 770
861 136
861 848
861 849
861 946
861 862
862 108
862 893
862 849
862 850
862 946
862 891
862 861
863 358
863 71
863 905
863 859
863 860
864 768
864 842
864 766
864 912
864 945
864 856
864 216
864 217
864 857
865 832
865 460
865 844
865 947
865 916
865 470
865 829
866 804
866 869
866 805
866 870
866 874
866 847
867 800
867 801
867 868
867 872
867 875
868 800
868 867
868 934
868 871
868 872
868 873
868 844
869 866
869 870
869 874
869 876
869 879
869 927
870 866
870 869
870 110
870 847
870 927
871 929
871 868
871 872
871 873
871 924
872 867
872 868
872 871
872 875
872 878
872 924
873 929
873 930
873 931
873 868
873 934
873 871
874 876
874 866
874 804
874 869
875 801
875 802
875 867
875 872
875 878
876 804
876 869
876 807
876 874
876 877
876 879
876 925
877 802
877 807
877 797
877 876
877 878
877 925
878 802
878 872
878 924
878 875
878 877
878 796
878 797
879 869
879 876
879 925
879 926
879 927
880 832
880 881
880 882
880 883
880 889
881 880
881 882
881 883
881 887
881 888
881 890
882 832
882 934
882 844
882 880
882 881
882 885
882 887
883 880
883 881
883 889
883 890
883 828
884 931
884 932
884 940
884 885
884 886
884 23
884 22
885 931
885 934
885 882
885 884
885 886
885 887
886 939
886 884
886 885
886 23
886 887
886 888
887 881
887 882
887 885
887 886
887 888
888 803
888 939
888 881
888 886
888 887
888 890
888 798
889 880
889 832
889 883
889 828
890 803
890 808
890 881
890 883
890 888
890 828
890 895
891 896
891 897
891 849
891 892
891 893
891 862
892 896
892 830
892 849
892 891
892 894
892 831
893 897
893 937
893 108
893 891
893 862
894 896
894 897
894 898
894 943
894 892
894 830
894 895
895 808
895 943
895 894
895 890
895 828
895 830
896 897
896 891
896 892
896 894
897 896
897 898
897 937
897 891
897 893
897 894
898 897
898 937
898 941
898 943
898 894
899 196
899 197
899 202
899 178
899 154
900 70
900 860
900 190
900 71
901 704
901 132
901 709
901 902
901 528
902 704
902 132
902 901
902 903
902 904
902 136
902 914
903 902
903 904
903 200
903 906
903 914
903 152
904 704
904 902
904 903
904 200
904 206
904 208
905 358
905 359
905 938
905 854
905 859
905 863
906 771
906 903
906 907
906 913
906 914
906 152
907 771
907 906
907 910
907 151
907 152
907 477
908 131
908 132
908 709
908 133
908 909
908 751
909 133
909 908
909 910
909 751
909 504
910 133
910 907
910 909
910 151
910 504
910 473
910 477
911 264
911 141
911 852
911 853
911 767
912 864
912 772
912 842
912 843
912 216
913 770
913 771
913 136
913 906
913 914
914 902
914 903
914 136
914 906
914 913
915 918
915 123
915 125
915 454
916 865
916 460
916 844
916 845
917 782
917 434
917 918
917 919
917 920
917 794
918 454
918 915
918 917
918 920
918 794
918 125
919 782
919 115
919 116
919 917
919 920
919 926
919 927
920 933
920 917
920 918
920 919
920 922
920 125
920 927
921 781
921 17
921 217
921 218
921 860
921 858
922 933
922 935
922 936
922 839
922 107
922 78
922 920
922 923
922 124
922 125
923 839
923 940
923 793
923 922
923 124
923 287
924 928
924 929
924 871
924 872
924 878
924 795
924 796
925 876
925 877
925 879
925 116
925 797
925 926
926 879
926 116
926 919
926 925
926 927
927 869
927 933
927 870
927 110
927 879
927 919
927 920
927 926
928 128
928 929
928 795
928 924
928 127
929 928
929 128
929 930
929 871
929 873
929 924
930 128
930 929
930 931
930 932
930 873
930 940
930 119
931 930
931 932
931 934
931 873
931 884
931 885
932 940
932 930
932 931
932 884
933 107
933 110
933 920
933 922
933 927
934 931
934 868
934 873
934 844
934 882
934 885
935 936
935 937
935 107
935 108
935 922
936 935
936 937
936 78
936 944
936 948
936 949
936 922
937 897
937 898
937 935
937 936
937 108
937 941
937 944
937 893
938 774
938 841
938 905
938 854
938 855
938 859
939 328
939 886
939 23
939 888
939 798
940 930
940 932
940 884
940 22
940 119
940 793
940 923
940 287
941 898
941 937
941 809
941 943
941 944
942 809
942 944
942 82
942 83
942 799
943 898
943 808
943 809
943 941
943 894
943 895
944 936
944 809
944 937
944 941
944 942
944 83
944 949
945 864
945 805
945 842
945 846
945 847
945 766
946 770
946 495
946 850
946 851
946 861
946 862
947 865
947 137
947 848
947 470
947 829
947 831
948 97
948 936
948 840
948 77
948 78
948 949
949 840
949 936
949 944
949 83
949 948
949 20
950 231
950 462
950 463
950 951
950 250
951 513
951 462
951 950
951 952
951 250
952 513
952 520
952 951
952 953
952 250
953 418
953 344
953 4
953 421
953 520
953 952
953 250
953 956
954 417
954 430
954 344
954 955
954 956
955 430
955 431
955 337
955 344
955 954
956 417
956 418
956 344
956 953
956 954
957 256
957 139
957 696
957 697
957 958
957 959
958 714
958 811
958 139
958 697
958 957
959 139
959 814
959 696
959 731
959 957
960 961
960 962
960 978
960 979
960 986
960 1019
961 960
961 962
961 1039
961 984
961 985
961 986
962 960
962 961
962 978
962 1039
963 964
963 965
963 1031
963 1033
963 1035
963 1038
964 963
964 965
964 1035
964 1016
964 1022
964 1023
965 963
965 964
965 1031
965 1016
965 1018
965 1019
966 968
966 969
966 971
966 967
967 966
967 968
967 969
967 1036
967 976
968 966
968 967
968 970
968 971
968 1036
969 976
969 977
969 966
969 967
970 968
970 971
970 1036
970 972
970 973
971 968
971 970
971 973
971 966
972 970
972 1036
972 973
972 974
972 975
973 970
973 971
973 972
973 975
974 972
974 1036
974 975
974 976
974 977
975 977
975 972
975 973
975 974
976 967
976 969
976 1036
976 974
976 977
977 976
977 969
977 974
977 975
978 960
978 1026
978 962
978 1039
978 1009
978 979
979 960
979 1009
979 978
979 1010
979 1011
979 1019
980 992
980 981
980 982
980 1039
981 1039
981 980
981 982
981 983
981 984
981 985
982 992
982 1025
982 980
982 981
982 983
982 991
983 1025
983 981
983 982
983 1016
983 985
983 1017
984 961
984 985
984 981
984 1039
985 961
985 981
985 983
985 984
985 1016
985 986
986 960
986 961
986 1016
986 985
986 1018
986 1019
987 997
987 999
987 1012
987 1013
987 988
987 989
988 1037
988 1013
988 987
988 989
988 990
989 993
989 997
989 1005
989 987
989 988
989 990
990 1005
990 1037
990 1006
990 988
990 989
991 992
991 1024
991 1025
991 1009
991 1010
991 982
992 1026
992 1039
992 1009
992 980
992 982
992 991
993 994
993 995
993 997
993 998
993 1005
993 989
994 993
994 995
994 996
994 1003
994 1005
994 1007
995 993
995 994
995 996
995 998
996 994
996 995
996 1004
996 1003
997 993
997 998
997 999
997 1000
997 987
997 989
998 1000
998 993
998 995
998 997
999 997
999 1000
999 1001
999 1002
999 1012
999 987
1000 1002
1000 997
1000 998
1000 999
1001 999
1001 1002
1001 1003
1001 1004
1001 1012
1001 1014
1002 1000
1002 1001
1002 1004
1002 999
1003 994
1003 996
1003 1001
1003 1004
1003 1007
1003 1014
1004 1001
1004 1002
1004 1003
1004 996
1005 993
1005 994
1005 1006
1005 1007
1005 989
1005 990
1006 1037
1006 1005
1006 1007
1006 1008
1006 990
1007 994
1007 1003
1007 1005
1007 1006
1007 1008
1007 1014
1008 1037
1008 1006
1008 1007
1008 1014
1008 1015
1009 992
1009 1026
1009 1010
1009 979
1009 978
1009 991
1010 1024
1010 1027
1010 1029
1010 1032
1010 1009
1010 979
1010 1011
1010 991
1011 1032
1011 1010
1011 979
1011 1019
1012 999
1012 1001
1012 1013
1012 1014
1012 1015
1012 987
1013 1037
1013 1012
1013 1015
1013 987
1013 988
1014 1001
1014 1003
1014 1007
1014 1008
1014 1012
1014 1015
1015 1037
1015 1008
1015 1012
1015 1013
1015 1014
1016 986
1016 964
1016 965
1016 983
1016 985
1016 1018
1016 1017
1016 1023
1017 1016
1017 1025
1017 1023
1017 983
1018 1016
1018 986
1018 1019
1018 965
1019 960
1019 1018
1019 965
1019 1031
1019 1032
1019 1011
1019 979
1019 986
1020 1028
1020 1021
1020 1022
1020 1038
1021 1025
1021 1027
1021 1028
1021 1020
1021 1022
1021 1023
1022 964
1022 1035
1022 1038
1022 1020
1022 1021
1022 1023
1023 1025
1023 964
1023 1016
1023 1017
1023 1021
1023 1022
1024 1025
1024 1010
1024 1027
1024 991
1025 1024
1025 1027
1025 982
1025 983
1025 1017
1025 991
1025 1021
1025 1023
1026 992
1026 1009
1026 978
1026 1039
1027 1024
1027 1025
1027 1028
1027 1029
1027 1010
1027 1021
1028 1027
1028 1029
1028 1030
1028 1038
1028 1020
1028 1021
1029 1027
1029 1028
1029 1030
1029 1032
1029 1034
1029 1010
1030 1034
1030 1028
1030 1029
1030 1038
1031 963
1031 965
1031 1032
1031 1033
1031 1034
1031 1019
1032 1029
1032 1031
1032 1034
1032 1010
1032 1011
1032 1019
1033 1034
1033 963
1033 1038
1033 1031
1034 1029
1034 1030
1034 1031
1034 1032
1034 1033
1034 1038
1035 963
1035 964
1035 1022
1035 1038
1036 967
1036 968
1036 970
1036 972
1036 974
1036 976
1037 1006
1037 1008
1037 1013
1037 1015
1037 988
1037 990
1038 963
1038 1028
1038 1030
1038 1033
1038 1034
1038 1035
1038 1020
1038 1022
1039 992
1039 961
1039 962
1039 1026
1039 978
1039 980
1039 981
1039 984
