-0.036132 0.503711 0.000508
-0.030215 0.551548 -0.000184
-0.009513 0.823423 -0.028476
0.007131 0.748256 0.006580
-0.037603 0.744213 -0.054589
-0.017377 0.502126 0.053430
-0.054887 0.505292 -0.052413
-0.002537 0.913955 -0.041117
0.004230 0.906689 0.038607
-0.077875 0.905599 -0.014494
0.039654 0.755678 0.040136
-0.061202 0.748515 -0.095372
-0.013641 0.258801 0.119703
-0.060198 0.261663 -0.117443
0.030085 0.779397 -0.088802
0.107635 0.649061 0.082962
-0.053641 0.621111 -0.134535
0.046822 0.061931 0.150718
-0.031975 0.061887 -0.169101
0.059800 0.741356 0.175057
-0.117837 0.499840 -0.155991
0.025601 0.778550 0.174465
-0.127389 0.450393 -0.160106
