0 659
0 894
0 689
0 683
0 901
0 672
0 696
0 678
0 906
0 891
1 695
1 661
1 905
1 901
1 662
1 680
1 657
1 664
1 725
1 907
2 570
2 696
2 655
2 725
2 582
2 901
2 878
2 662
2 578
2 912
3 755
3 761
3 591
3 559
3 1146
3 8
3 1154
3 594
3 771
3 569
4 586
4 594
4 7
4 20
4 19
4 567
4 771
4 22
4 966
4 1146
5 1076
5 1152
5 755
5 560
5 20
5 7
5 4
5 763
5 937
5 598
6 762
6 586
6 9
6 780
6 759
6 4
6 688
6 754
6 756
6 1141
7 595
7 1191
7 958
7 589
7 560
7 614
7 1154
7 1140
7 1146
7 569
8 771
8 1144
8 21
8 1145
8 560
8 22
8 1193
8 1150
8 1149
8 19
9 3
9 1141
9 594
9 1140
9 569
9 1154
9 595
9 958
9 587
9 772
10 1191
10 1076
10 772
10 1145
10 4
10 9
10 1142
10 591
10 3
10 568
12 13
12 18
12 1147
13 12
14 15
15 14
15 28
15 37
16 18
16 29
17 722
17 1077
17 1138
18 12
18 16
18 1138
19 1139
19 747
19 595
19 1152
19 1142
19 1157
19 772
19 22
19 780
19 583
20 1142
20 583
20 6
20 754
20 568
20 1152
20 1154
20 1148
20 586
20 1151
21 1145
21 8
21 1144
21 754
21 763
21 772
21 10
21 781
21 755
21 1159
22 756
22 7
22 4
22 1157
22 1191
22 5
22 1145
22 10
22 761
22 781
23 31
23 32
23 1083
24 33
25 33
25 34
25 765
28 15
28 39
29 16
29 722
30 36
30 497
30 918
31 23
31 32
31 653
31 667
31 1080
31 1083
31 1091
31 1137
32 23
32 31
32 699
32 748
32 749
32 1083
32 1089
32 1137
33 24
33 25
33 34
33 764
34 25
34 33
34 54
34 764
34 765
34 1072
36 30
36 497
36 918
37 15
37 38
37 39
37 40
37 915
38 37
38 39
38 915
38 923
39 28
39 37
39 38
39 40
39 41
39 47
39 48
39 50
39 948
40 37
40 946
40 48
40 50
40 915
40 41
40 46
40 39
40 49
40 949
41 948
41 48
41 47
41 342
41 45
41 946
41 39
41 40
41 50
41 46
42 43
42 44
42 355
42 356
42 357
42 358
42 1127
43 42
43 44
43 357
43 358
43 1127
43 1128
43 1130
44 42
44 43
44 357
44 358
44 1126
44 1127
44 1128
45 41
45 46
45 47
45 48
45 52
46 40
46 41
46 45
46 47
46 48
46 342
46 946
46 948
46 949
47 50
47 45
47 40
47 48
47 39
47 946
47 41
47 46
47 949
47 948
48 41
48 342
48 47
48 948
48 46
48 946
48 39
48 949
48 45
48 40
49 40
49 50
49 51
49 128
49 470
49 926
49 933
49 946
49 948
49 949
50 948
50 51
50 820
50 470
50 49
50 39
50 925
50 933
50 819
50 40
51 49
51 50
51 470
51 926
51 933
52 45
52 175
53 55
53 169
54 34
54 104
54 765
54 1072
54 1102
54 1108
55 53
55 130
56 224
56 849
56 81
56 59
56 238
56 256
56 841
56 855
56 63
56 854
57 255
57 81
57 856
57 228
57 844
57 846
57 859
57 267
57 281
57 239
58 78
58 73
58 228
58 84
58 235
58 82
58 101
58 240
58 225
58 236
59 226
59 256
59 80
59 250
59 246
59 240
59 81
59 855
59 859
59 79
60 1132
61 1121
61 1130
63 228
63 236
63 84
63 275
63 75
63 846
63 68
63 273
63 73
63 66
65 102
66 76
66 78
66 257
66 68
66 57
66 84
66 239
66 63
66 278
66 281
67 76
67 257
67 273
67 233
67 74
67 246
67 256
67 258
67 89
67 265
68 75
68 264
68 58
68 246
68 265
68 73
68 82
68 90
68 274
68 238
69 91
69 267
69 273
69 276
69 257
69 66
69 70
69 74
69 274
69 75
70 81
70 75
70 274
70 256
70 73
70 76
70 277
70 68
70 69
70 74
71 273
71 265
71 256
71 92
71 73
71 74
71 68
71 89
71 75
71 80
72 281
72 91
72 82
72 267
72 274
72 71
72 282
72 80
72 264
72 89
73 92
73 264
73 277
73 267
73 67
73 79
73 265
73 59
73 81
73 71
74 854
74 78
74 845
74 844
74 846
74 239
74 57
74 233
74 75
74 90
75 274
75 70
75 69
75 58
75 57
75 280
75 238
75 278
75 99
75 66
76 75
76 284
76 100
76 276
76 283
76 280
76 78
76 319
76 233
76 82
77 79
77 267
77 278
77 100
77 89
77 75
77 265
77 282
77 92
77 287
78 843
78 280
78 234
78 224
78 274
78 260
78 273
78 77
78 89
78 258
79 231
79 258
79 226
79 89
79 244
79 238
79 855
79 842
79 844
79 228
80 264
80 234
80 854
80 235
80 223
80 266
80 71
80 67
80 79
80 82
81 75
81 844
81 57
81 240
81 265
81 272
81 79
81 846
81 854
81 82
82 264
82 81
82 256
82 258
82 69
82 284
82 846
82 74
82 276
82 80
83 79
83 89
83 284
83 854
83 282
83 285
83 258
83 347
83 257
83 63
84 855
84 272
84 66
84 228
84 227
84 266
84 90
84 68
84 91
84 224
85 87
86 1126
86 1127
87 85
87 93
87 1068
87 1093
87 1123
89 234
89 84
89 274
89 257
89 280
89 83
89 849
89 77
89 841
89 266
90 81
90 84
90 99
90 66
90 73
90 272
90 278
90 846
90 75
90 82
91 285
91 243
91 275
91 279
91 319
91 246
91 284
91 76
91 239
91 66
92 66
92 71
92 274
92 284
92 243
92 846
92 79
92 275
92 283
92 267
93 87
93 1093
94 577
96 1069
97 1069
97 1125
98 89
98 79
98 267
98 288
98 250
98 77
98 284
98 278
98 367
98 76
99 82
99 852
99 101
99 237
99 847
99 874
99 59
99 75
99 100
99 851
100 101
100 852
100 347
100 75
100 1165
100 84
100 340
100 243
100 79
100 83
101 74
101 267
101 79
101 76
101 243
101 238
101 319
101 256
101 63
101 284
102 65
103 106
104 54
106 103
107 111
109 110
109 116
110 109
110 176
111 107
111 118
112 113
112 114
112 119
113 112
113 114
113 115
113 116
114 112
114 113
114 115
114 116
114 186
115 113
115 114
115 116
115 186
116 109
116 113
116 114
116 115
116 177
117 122
118 111
118 123
119 112
119 125
120 121
120 126
120 181
120 183
120 184
120 188
120 189
121 120
121 178
121 181
121 183
121 184
121 187
121 188
121 189
121 190
121 194
122 117
123 118
123 129
124 125
124 130
125 119
125 124
126 120
126 132
126 135
128 49
128 470
129 123
129 342
130 55
130 124
131 132
131 135
131 580
132 126
132 131
132 135
133 134
133 138
133 140
133 143
133 149
133 150
133 151
133 156
134 133
134 136
134 138
134 139
134 140
134 143
134 148
134 149
134 150
134 151
135 126
135 131
135 132
136 134
136 179
136 185
136 182
136 139
136 148
136 138
136 142
136 180
136 141
137 136
137 140
137 164
137 172
137 179
137 182
138 143
138 140
138 149
138 148
138 134
138 146
138 145
138 157
138 139
138 133
139 150
139 149
139 145
139 134
139 140
139 148
139 143
139 141
139 136
139 151
140 150
140 149
140 138
140 179
140 133
140 139
140 151
140 134
140 141
140 148
141 139
141 180
141 173
141 140
141 148
141 201
141 185
141 197
141 142
141 208
142 204
142 179
142 185
142 141
142 164
142 197
142 172
142 199
142 201
142 173
143 134
143 150
143 140
143 133
143 145
143 138
143 139
143 165
143 156
143 157
144 159
144 146
144 154
144 145
144 152
144 158
144 212
144 220
144 219
144 167
145 138
145 139
145 143
145 144
145 146
145 151
145 152
145 158
146 138
146 144
146 145
146 147
146 152
146 166
146 167
146 200
146 211
146 220
147 146
147 148
147 157
147 158
147 165
147 166
147 174
147 199
147 200
147 208
148 200
148 136
148 143
148 141
148 139
148 134
148 138
148 208
148 147
148 140
149 151
149 139
149 164
149 134
149 138
149 172
149 156
149 140
149 143
149 133
150 149
150 143
150 139
150 140
150 151
150 138
150 156
150 133
150 134
150 164
151 156
151 165
151 145
151 157
151 139
151 143
151 140
151 138
151 164
151 148
152 146
152 159
152 220
152 219
152 212
152 167
152 158
152 145
152 153
152 144
153 155
153 161
153 220
153 218
153 154
153 216
153 212
153 152
153 160
153 159
154 218
154 153
154 144
154 160
154 155
154 159
154 213
154 217
154 211
154 220
155 154
155 160
155 212
155 218
155 217
155 213
155 153
155 159
155 219
155 161
156 133
156 150
156 143
156 157
156 179
156 149
156 173
156 172
156 165
156 164
157 165
157 147
157 173
157 143
157 164
157 158
157 138
157 172
157 166
157 200
158 220
158 167
158 152
158 143
158 145
158 165
158 211
158 151
158 200
158 144
159 216
159 213
159 217
159 144
159 161
159 160
159 167
159 154
159 152
159 153
160 154
160 167
160 214
160 159
160 211
160 212
160 161
160 213
160 153
160 218
161 160
161 215
161 153
161 154
161 159
161 212
161 219
161 216
161 155
161 213
162 163
162 168
163 162
163 171
164 150
164 157
164 165
164 172
164 151
164 137
164 185
164 173
164 149
164 180
165 172
165 143
165 199
165 147
165 180
165 158
165 200
165 174
165 166
165 164
166 146
166 147
166 148
166 157
166 158
166 165
166 174
166 199
166 200
166 208
167 146
167 152
167 212
167 220
167 153
167 217
167 211
167 144
167 219
167 159
168 162
168 580
169 53
169 170
170 169
170 177
171 163
171 178
172 173
172 137
172 165
172 185
172 142
172 143
172 136
172 151
172 150
172 156
173 174
173 208
173 157
173 201
173 179
173 142
173 197
173 180
173 165
173 141
174 208
174 147
174 166
174 180
174 199
174 204
174 185
174 197
174 142
174 200
175 52
176 110
177 116
177 170
178 121
178 171
178 181
178 183
178 184
178 188
178 189
179 137
179 164
179 140
179 136
179 141
179 172
179 182
179 156
179 173
179 180
180 201
180 182
180 197
180 141
180 142
180 174
180 164
180 185
180 136
180 208
181 120
181 121
181 178
181 183
181 184
181 187
181 188
181 189
181 190
181 194
182 136
182 137
182 140
182 156
182 164
182 172
182 179
182 180
183 190
183 120
183 184
183 181
183 186
183 188
183 187
183 178
183 189
183 194
184 120
184 121
184 178
184 181
184 183
184 187
184 188
184 189
184 190
184 194
185 179
185 164
185 173
185 180
185 201
185 199
185 141
185 204
185 197
185 136
186 114
186 115
186 183
186 188
186 189
186 191
186 192
186 193
186 195
187 183
187 184
187 193
187 190
187 194
187 189
187 121
187 191
187 181
187 188
188 189
188 186
188 178
188 190
188 120
188 181
188 121
188 183
188 187
188 194
189 121
189 120
189 188
189 186
189 187
189 194
189 190
189 184
189 181
189 183
190 181
190 183
190 121
190 187
190 195
190 184
190 193
190 189
190 191
190 194
191 186
191 187
191 190
191 192
191 193
191 194
191 195
191 196
192 186
192 191
192 193
192 195
192 196
193 186
193 187
193 190
193 191
193 192
193 194
193 195
193 196
194 181
194 183
194 195
194 188
194 190
194 187
194 121
194 191
194 189
194 193
195 186
195 187
195 190
195 191
195 192
195 193
195 194
195 196
196 191
196 192
196 193
196 195
197 173
197 199
197 142
197 174
197 203
197 180
197 185
197 201
197 208
197 204
198 202
198 203
198 204
198 205
198 206
198 207
198 209
198 210
199 180
199 166
199 208
199 197
199 173
199 201
199 174
199 141
199 142
199 200
200 146
200 147
200 148
200 157
200 158
200 165
200 166
200 174
200 199
200 208
201 180
201 174
201 142
201 203
201 199
201 173
201 202
201 197
201 185
201 141
202 197
202 198
202 201
202 203
202 204
202 205
202 206
202 207
202 209
202 210
203 197
203 198
203 201
203 202
203 204
203 205
203 206
203 207
203 209
203 210
204 180
204 198
204 202
204 185
204 205
204 141
204 203
204 208
204 201
204 174
205 197
205 198
205 201
205 202
205 203
205 204
205 206
205 207
205 209
205 210
206 198
206 202
206 203
206 205
206 207
206 209
206 210
207 198
207 202
207 203
207 205
207 206
207 209
207 210
208 185
208 141
208 173
208 174
208 147
208 148
208 142
208 204
208 197
208 201
209 198
209 202
209 203
209 205
209 206
209 207
209 210
210 198
210 202
210 203
210 205
210 206
210 207
210 209
211 152
211 154
211 160
211 158
211 159
211 153
211 220
211 144
211 213
211 212
212 152
212 213
212 217
212 160
212 155
212 219
212 153
212 154
212 161
212 216
213 220
213 214
213 155
213 160
213 212
213 219
213 153
213 218
213 211
213 154
214 160
214 161
214 213
214 215
214 216
214 217
214 218
215 161
215 214
215 216
216 154
216 217
216 218
216 155
216 214
216 215
216 161
216 219
216 160
216 159
217 216
217 211
217 220
217 160
217 218
217 159
217 154
217 155
217 214
217 153
218 214
218 217
218 219
218 161
218 212
218 216
218 154
218 159
218 153
218 155
219 161
219 216
219 218
219 167
219 153
219 154
219 160
219 152
219 211
219 212
220 211
220 160
220 219
220 146
220 217
220 167
220 159
220 212
220 154
220 213
221 229
221 84
221 849
221 227
221 59
221 231
221 855
221 63
221 847
221 228
222 236
222 841
222 225
222 241
222 240
222 856
222 843
222 244
222 79
222 229
223 235
223 228
223 231
223 255
223 227
223 56
223 80
223 845
223 229
223 841
224 228
224 230
224 231
224 843
224 223
224 222
224 226
224 58
224 221
224 244
225 843
225 847
225 229
225 78
225 226
225 849
225 223
225 238
225 221
225 232
226 56
226 81
226 841
226 84
226 221
226 855
226 843
226 849
226 223
226 240
227 226
227 78
227 225
227 81
227 63
227 234
227 241
227 847
227 228
227 222
228 860
228 828
228 56
228 57
228 81
228 858
228 844
228 847
228 714
228 74
229 244
229 849
229 241
229 225
229 864
229 854
229 850
229 847
229 835
229 843
230 233
230 238
230 845
230 224
230 232
230 244
230 841
230 842
230 231
230 227
231 244
231 227
231 232
231 855
231 228
231 229
231 221
231 233
231 223
231 58
232 78
232 842
232 237
232 221
232 854
232 74
232 80
232 63
232 59
232 226
233 74
233 56
233 58
233 244
233 226
233 267
233 225
233 238
233 842
233 849
234 57
234 225
234 245
234 250
234 842
234 66
234 840
234 67
234 81
234 256
235 80
235 255
235 847
235 234
235 223
235 256
235 848
235 826
235 226
235 849
236 244
236 63
236 851
236 864
236 246
236 856
236 78
236 707
236 865
236 239
237 231
237 232
237 222
237 80
237 719
237 836
237 840
237 865
237 235
237 230
238 242
238 237
238 848
238 255
238 75
238 58
238 224
238 225
238 256
238 67
239 257
239 77
239 72
239 256
239 90
239 79
239 235
239 842
239 242
239 844
240 56
240 246
240 848
240 225
240 241
240 841
240 239
240 58
240 256
240 238
241 857
241 835
241 242
241 714
241 245
241 225
241 712
241 848
241 63
241 829
242 234
242 57
242 717
242 223
242 860
242 863
242 849
242 855
242 869
242 847
243 282
243 98
243 76
243 338
243 319
243 346
243 90
243 283
243 77
243 279
244 241
244 56
244 827
244 831
244 826
244 851
244 719
244 832
244 224
244 233
245 838
245 225
245 713
245 839
245 845
245 835
245 223
245 831
245 862
245 864
246 58
246 91
246 846
246 258
246 845
246 240
246 279
246 78
246 222
246 242
247 424
247 456
247 252
247 442
247 457
247 270
247 453
247 421
247 1045
247 429
248 436
248 447
248 435
248 456
248 792
248 297
248 1045
248 259
248 443
248 429
249 1046
249 447
249 423
249 453
249 262
249 429
249 270
249 313
249 449
249 1040
250 66
250 74
250 73
250 278
250 844
250 226
250 841
250 260
250 238
250 76
251 240
251 241
251 250
251 253
251 260
251 703
251 709
252 447
252 1034
252 1045
252 338
252 465
252 1042
252 296
252 1040
252 1028
252 292
253 255
253 713
253 241
253 702
253 714
253 709
253 707
253 712
253 251
253 254
254 241
254 831
254 848
254 255
254 858
254 835
254 861
254 226
254 849
254 857
255 848
255 849
255 718
255 838
255 222
255 254
255 227
255 845
255 236
255 715
256 236
256 244
256 238
256 234
256 240
256 58
256 68
256 848
256 76
256 265
257 69
257 101
257 57
257 240
257 260
257 282
257 77
257 235
257 226
257 274
258 98
258 66
258 101
258 250
258 92
258 73
258 283
258 264
258 279
258 272
259 270
259 447
259 445
259 452
259 424
259 793
259 436
259 453
259 442
259 261
260 268
260 78
260 280
260 279
260 275
260 250
260 246
260 91
260 285
260 257
261 449
261 262
261 297
261 443
261 1040
261 792
261 1049
261 445
261 296
261 1035
262 1039
262 271
262 286
262 424
262 436
262 450
262 1028
262 453
262 1038
262 445
263 466
263 287
263 297
263 447
263 98
263 338
263 271
263 455
263 1038
263 282
264 266
264 281
264 74
264 256
264 81
264 265
264 234
264 276
264 257
264 82
265 272
265 278
265 68
265 846
265 847
265 266
265 267
265 257
265 63
265 71
266 289
266 268
266 274
266 277
266 82
266 319
266 246
266 278
266 75
266 265
267 234
267 77
267 91
267 57
267 58
267 266
267 264
267 275
267 78
267 69
268 283
268 279
268 83
268 260
268 266
268 278
268 289
268 267
268 275
268 310
269 260
269 268
269 285
269 304
269 310
269 709
269 741
270 463
270 1034
270 262
270 291
270 441
270 261
270 466
270 422
270 459
270 259
271 291
271 337
271 263
271 1040
271 292
271 290
271 338
271 287
271 464
271 456
272 265
272 274
272 82
272 58
272 78
272 89
272 66
272 101
272 81
272 258
273 74
273 250
273 228
273 232
273 70
273 277
273 89
273 233
273 73
273 846
274 80
274 98
274 89
274 59
274 238
274 63
274 280
274 256
274 267
274 847
275 84
275 89
275 72
275 63
275 92
275 69
275 246
275 66
275 90
275 279
276 76
276 256
276 84
276 274
276 277
276 59
276 264
276 70
276 272
276 79
277 279
277 74
277 278
277 69
277 256
277 70
277 272
277 101
277 67
277 68
278 280
278 90
278 265
278 76
278 67
278 854
278 257
278 69
278 268
278 79
279 101
279 80
279 77
279 283
279 267
279 78
279 81
279 277
279 90
279 287
280 284
280 89
280 277
280 337
280 80
280 273
280 275
280 257
280 258
280 282
281 280
281 238
281 234
281 89
281 246
281 274
281 80
281 78
281 284
281 283
282 271
282 89
282 76
282 83
282 263
282 266
282 359
282 319
282 367
282 463
283 337
283 302
283 243
283 91
283 265
283 89
283 359
283 280
283 303
283 77
284 281
284 101
284 283
284 288
284 267
284 304
284 266
284 82
284 279
284 258
285 275
285 308
285 278
285 289
285 300
285 310
285 266
285 367
285 293
285 279
286 448
286 1028
286 1043
286 296
286 466
286 243
286 1034
286 337
286 252
286 249
287 463
287 1043
287 297
287 1044
287 91
287 275
287 77
287 338
287 1042
287 282
288 298
288 279
288 347
288 575
288 280
288 479
288 324
288 369
288 287
288 329
289 287
289 275
289 280
289 315
289 496
289 370
289 359
289 367
289 266
289 292
290 262
290 441
290 422
290 451
290 456
290 1042
290 445
290 1039
290 271
290 435
291 263
291 464
291 1044
291 466
291 458
291 462
291 298
291 262
291 287
291 292
292 463
292 359
292 466
292 1042
292 294
292 305
292 98
292 455
292 381
292 283
293 367
293 322
293 639
293 325
293 284
293 298
293 526
293 318
293 295
293 347
294 333
294 303
294 312
294 289
294 987
294 283
294 309
294 526
294 1120
294 382
295 294
295 292
295 327
295 596
295 310
295 328
295 645
295 381
295 308
295 502
296 1039
296 290
296 444
296 442
296 458
296 259
296 262
296 457
296 270
296 449
297 286
297 287
297 448
297 296
297 456
297 262
297 1042
297 449
297 270
297 465
298 313
298 319
298 455
298 462
298 303
298 297
298 252
298 337
298 526
298 1043
299 794
299 441
299 449
299 1046
299 454
299 262
299 446
299 795
299 1039
299 444
300 301
300 316
300 359
300 328
300 294
300 303
300 330
300 295
300 312
300 369
301 303
301 327
301 437
301 1120
301 316
301 287
301 333
301 347
301 284
301 505
302 338
302 359
302 298
302 647
302 370
302 328
302 367
302 502
302 639
302 337
303 309
303 381
303 596
303 298
303 314
303 312
303 316
303 302
303 322
303 284
304 310
304 269
304 308
304 268
304 289
304 318
304 295
304 303
304 329
304 300
305 526
305 331
305 289
305 308
305 382
305 303
305 323
305 300
305 1122
305 325
306 311
306 349
306 359
306 382
306 341
306 328
306 331
306 575
306 339
306 1120
307 639
307 334
307 576
307 646
307 349
307 1120
307 496
307 295
307 289
307 301
308 359
308 596
308 312
308 1120
308 302
308 328
308 329
308 646
308 294
308 1122
309 370
309 334
309 328
309 639
309 317
309 301
309 302
309 300
309 331
309 1122
310 303
310 317
310 741
310 306
310 316
310 268
310 318
310 308
310 285
310 332
311 987
311 336
311 306
311 986
311 333
311 321
311 381
311 439
311 303
311 437
312 575
312 439
312 326
312 421
312 645
312 944
312 382
312 333
312 479
312 306
313 259
313 422
313 447
313 290
313 1044
313 296
313 286
313 297
313 467
313 298
314 639
314 370
314 437
314 381
314 302
314 307
314 315
314 317
314 335
314 325
315 473
315 1122
315 359
315 289
315 324
315 381
315 1015
315 479
315 575
315 330
316 645
316 293
316 300
316 646
316 294
316 307
316 308
316 1122
316 334
316 333
317 370
317 367
317 289
317 647
317 300
317 575
317 359
317 314
317 495
317 315
318 502
318 332
318 596
318 348
318 645
318 323
318 370
318 289
318 575
318 382
319 293
319 286
319 292
319 284
319 280
319 91
319 370
319 92
319 77
319 266
320 427
320 288
320 1015
320 329
320 328
320 1018
320 367
320 1049
320 438
320 441
321 1015
321 441
321 473
321 435
321 429
321 1018
321 330
321 433
321 320
321 405
322 438
322 596
322 301
322 339
322 479
322 1050
322 305
322 434
322 327
322 431
323 348
323 330
323 359
323 336
323 307
323 332
323 575
323 317
323 303
323 301
324 328
324 427
324 986
324 438
324 502
324 1015
324 1002
324 414
324 325
324 436
325 639
325 496
325 435
325 944
325 433
325 575
325 986
325 1014
325 421
325 381
326 414
326 381
326 421
326 502
326 440
326 441
326 944
326 417
326 429
326 405
327 341
327 575
327 303
327 331
327 495
327 324
327 382
327 328
327 295
327 649
328 330
328 302
328 596
328 645
328 331
328 306
328 1120
328 301
328 309
328 575
329 330
329 649
329 325
329 349
329 327
329 318
329 645
329 367
329 381
329 326
330 339
330 1119
330 341
330 382
330 349
330 304
330 323
330 306
330 367
330 288
331 302
331 306
331 328
331 645
331 330
331 323
331 381
331 341
331 1116
331 322
332 349
332 317
332 316
332 647
332 304
332 576
332 309
332 308
332 1100
332 348
333 1120
333 348
333 334
333 308
333 303
333 301
333 328
333 305
333 314
333 575
334 332
334 300
334 343
334 328
334 647
334 327
334 333
334 336
334 341
334 1218
335 309
335 322
335 336
335 301
335 650
335 329
335 370
335 311
335 312
335 293
336 576
336 495
336 502
336 496
336 339
336 526
336 1218
336 333
336 331
336 311
337 286
337 280
337 263
337 279
337 367
337 243
337 293
337 338
337 1043
337 291
338 455
338 337
338 347
338 359
338 1042
338 298
338 297
338 288
338 319
338 462
339 316
339 1122
339 318
339 647
339 317
339 341
339 330
339 308
339 1120
339 1167
340 99
340 100
340 346
340 651
340 852
340 873
340 874
340 1165
341 339
341 334
341 316
341 309
341 575
341 327
341 1096
341 1217
341 639
341 343
342 41
342 46
342 47
342 48
342 129
343 1218
343 1116
343 650
343 309
343 1066
343 1126
343 1117
343 1096
343 331
343 1097
344 309
344 332
344 341
344 343
344 345
344 349
344 1117
344 1128
345 310
345 344
345 741
345 1129
345 1131
346 293
346 505
346 92
346 100
346 90
346 319
346 370
346 1165
346 367
346 651
347 1044
347 271
347 90
347 92
347 283
347 77
347 1043
347 1042
347 301
347 101
348 1100
348 330
348 335
348 646
348 649
348 318
348 331
348 316
348 1122
348 336
349 316
349 339
349 1098
349 1219
349 334
349 329
349 331
349 318
349 307
349 526
350 351
350 352
350 360
350 372
351 350
351 354
351 363
351 365
351 371
351 372
351 1112
352 350
352 360
352 1070
352 1112
352 1121
353 354
353 361
353 363
353 364
353 366
353 371
354 351
354 353
354 361
354 363
354 364
354 366
354 371
354 372
355 42
355 356
355 357
355 358
355 360
356 42
356 355
356 357
356 358
356 360
357 42
357 43
357 44
357 355
357 356
357 358
357 1127
358 42
358 43
358 44
358 355
358 356
358 357
358 1127
359 338
359 287
359 282
359 295
359 381
359 90
359 317
359 263
359 526
359 293
360 350
360 352
360 355
360 356
360 361
360 364
361 353
361 354
361 360
361 363
361 364
361 366
361 371
362 368
362 377
363 351
363 353
363 354
363 361
363 364
363 365
363 366
363 371
363 372
364 353
364 354
364 360
364 361
364 363
364 365
364 366
364 371
365 351
365 363
365 364
365 371
365 372
365 1113
366 353
366 354
366 361
366 363
366 364
366 371
367 300
367 322
367 330
367 502
367 292
367 575
367 335
367 347
367 311
367 338
368 362
368 377
369 505
369 648
369 346
369 294
369 596
369 639
369 359
369 367
369 295
369 303
370 324
370 1122
370 325
370 526
370 77
370 307
370 322
370 1120
370 320
370 287
371 351
371 353
371 354
371 361
371 363
371 364
371 365
371 366
371 372
372 350
372 351
372 354
372 363
372 365
372 371
372 1071
372 1112
372 1113
373 413
373 743
373 723
373 385
373 379
373 399
373 392
373 390
373 402
373 384
374 853
374 1216
374 391
374 1095
374 376
374 753
374 830
374 723
374 400
374 902
375 384
375 742
375 401
375 394
375 745
375 1096
375 391
375 418
375 408
375 404
376 729
376 769
376 1095
376 403
376 392
376 1201
376 622
376 393
376 404
376 1094
377 362
377 368
378 374
378 796
378 376
378 887
378 386
378 415
378 944
378 388
378 745
378 419
379 398
379 744
379 800
379 745
379 885
379 729
379 1201
379 1118
379 1219
379 887
380 376
380 1190
380 1218
380 391
380 1216
380 769
380 1067
380 739
380 738
380 378
381 320
381 331
381 323
381 431
381 298
381 303
381 382
381 311
381 987
381 308
382 405
382 370
382 323
382 1018
382 430
382 300
382 316
382 437
382 333
382 434
383 738
383 402
383 1094
383 413
383 1114
383 729
383 386
383 396
383 739
383 388
384 411
384 393
384 723
384 390
384 1214
384 396
384 797
384 400
384 406
384 921
385 789
385 1216
385 407
385 379
385 403
385 406
385 916
385 410
385 390
385 415
386 921
386 380
386 408
386 1098
386 409
386 414
386 743
386 393
386 400
386 376
387 745
387 412
387 738
387 758
387 739
387 418
387 1168
387 1114
387 376
387 887
388 623
388 400
388 394
388 413
388 729
388 412
388 406
388 403
388 411
388 628
389 808
389 388
389 1202
389 753
389 412
389 410
389 387
389 623
389 853
389 770
390 384
390 396
390 391
390 388
390 373
390 412
390 773
390 374
390 902
390 738
391 729
391 400
391 379
391 408
391 376
391 1215
391 723
391 411
391 1095
391 853
392 830
392 393
392 887
392 797
392 789
392 383
392 395
392 400
392 386
392 723
393 921
393 830
393 740
393 394
393 789
393 628
393 413
393 622
393 417
393 853
394 629
394 406
394 415
394 421
394 624
394 902
394 386
394 758
394 383
394 395
395 830
395 402
395 789
395 406
395 430
395 1094
395 384
395 729
395 853
395 390
396 635
396 795
396 723
396 387
396 1046
396 430
396 1114
396 409
396 1049
396 885
397 745
397 640
397 393
397 411
397 421
397 387
397 374
397 769
397 410
397 325
398 1047
398 404
398 916
398 389
398 1215
398 406
398 1200
398 1201
398 629
398 373
399 393
399 758
399 410
399 739
399 401
399 383
399 773
399 1218
399 391
399 418
400 403
400 1214
400 623
400 753
400 389
400 398
400 419
400 412
400 1014
400 1095
401 403
401 414
401 375
401 753
401 1095
401 739
401 744
401 796
401 797
401 396
402 401
402 428
402 1014
402 405
402 916
402 438
402 420
402 629
402 1015
402 373
403 745
403 1115
403 425
403 1095
403 1216
403 383
403 789
403 758
403 387
403 378
404 376
404 386
404 744
404 425
404 770
404 1008
404 420
404 1014
404 395
404 629
405 414
405 622
405 623
405 421
405 807
405 435
405 635
405 389
405 400
405 441
406 744
406 401
406 1168
406 408
406 758
406 383
406 376
406 419
406 414
406 400
407 402
407 770
407 394
407 1215
407 944
407 753
407 393
407 414
407 384
407 395
408 1215
408 386
408 401
408 404
408 396
408 405
408 413
408 403
408 744
408 402
409 400
409 1095
409 758
409 739
409 887
409 853
409 740
409 392
409 902
409 415
410 797
410 378
410 391
410 401
410 853
410 1215
410 1168
410 770
410 397
410 830
411 376
411 797
411 770
411 373
411 385
411 916
411 405
411 397
411 723
411 398
412 902
412 404
412 385
412 375
412 392
412 408
412 379
412 789
412 398
412 376
413 800
413 384
413 440
413 392
413 406
413 769
413 419
413 745
413 987
413 412
414 806
414 799
414 385
414 442
414 394
414 773
414 321
414 437
414 432
414 436
415 389
415 440
415 435
415 314
415 413
415 324
415 615
415 624
415 436
415 396
416 795
416 437
416 434
416 794
416 1015
416 1041
416 248
416 436
416 443
416 423
417 432
417 1018
417 619
417 326
417 798
417 429
417 1014
417 1047
417 324
417 413
418 404
418 613
418 1110
418 638
418 1190
418 1201
418 806
418 373
418 619
418 399
419 441
419 428
419 394
419 400
419 902
419 426
419 438
419 1049
419 414
419 398
420 987
420 401
420 447
420 387
420 986
420 409
420 1015
420 921
420 395
420 1041
421 431
421 382
421 442
421 450
421 445
421 312
421 454
421 1047
421 986
421 457
422 1037
422 299
422 438
422 423
422 437
422 795
422 270
422 320
422 1035
422 1045
423 422
423 415
423 449
423 795
423 1041
423 270
423 439
423 750
423 1046
423 252
424 1015
424 247
424 446
424 421
424 427
424 259
424 326
424 415
424 440
424 473
425 615
425 405
425 1015
425 447
425 422
425 629
425 1014
425 437
425 795
425 448
426 921
426 416
426 425
426 398
426 404
426 321
426 1015
426 448
426 1046
426 397
427 430
427 1045
427 402
427 435
427 429
427 1038
427 1014
427 320
427 432
427 431
428 432
428 296
428 446
428 447
428 442
428 402
428 473
428 415
428 247
428 429
429 450
429 433
429 1041
429 442
429 439
429 438
429 795
429 1038
429 290
429 446
430 395
430 419
430 986
430 382
430 396
430 397
430 1018
430 1050
430 312
430 447
431 323
431 416
431 1018
431 432
431 438
431 944
431 426
431 436
431 414
431 402
432 426
432 447
432 1045
432 1047
432 1046
432 320
432 429
432 414
432 1018
432 405
433 423
433 430
433 382
433 1015
433 944
433 440
433 986
433 1047
433 432
433 526
434 443
434 322
434 427
434 429
434 436
434 312
434 422
434 986
434 1040
434 1008
435 299
435 1050
435 1038
435 440
435 420
435 1040
435 1049
435 419
435 421
435 450
436 1048
436 417
436 421
436 440
436 443
436 453
436 1028
436 437
436 1039
436 252
437 435
437 314
437 320
437 986
437 473
437 440
437 312
437 396
437 431
437 1008
438 324
438 441
438 300
438 1002
438 382
438 301
438 314
438 426
438 396
438 419
439 414
439 1014
439 382
439 944
439 526
439 1018
439 1047
439 322
439 422
439 321
440 416
440 430
440 421
440 434
440 1008
440 443
440 1041
440 429
440 435
440 496
441 259
441 428
441 261
441 324
441 452
441 795
441 437
441 458
441 434
441 444
442 438
442 1034
442 1036
442 794
442 445
442 464
442 270
442 453
442 458
442 447
443 247
443 446
443 475
443 299
443 1038
443 464
443 1035
443 469
443 459
443 451
444 248
444 1049
444 474
444 261
444 453
444 793
444 492
444 1025
444 478
444 259
445 444
445 296
445 787
445 270
445 1022
445 1040
445 1029
445 1038
445 1031
445 475
446 1039
446 450
446 299
446 457
446 435
446 453
446 421
446 286
446 454
446 445
447 474
447 1036
447 1042
447 1050
447 270
447 1040
447 296
447 252
447 460
447 1035
448 445
448 1043
448 450
448 459
448 296
448 313
448 424
448 1041
448 475
448 795
449 290
449 299
449 249
449 1036
449 286
449 1035
449 261
449 1021
449 463
449 313
450 1020
450 491
450 492
450 454
450 464
450 444
450 1049
450 452
450 478
450 793
451 423
451 492
451 788
451 1020
451 450
451 480
451 1025
451 474
451 1037
451 1028
452 296
452 259
452 444
452 422
452 249
452 448
452 423
452 451
452 483
452 436
453 1020
453 1038
453 475
453 787
453 1028
453 449
453 476
453 791
453 469
453 436
454 421
454 247
454 441
454 429
454 1039
454 447
454 290
454 1034
454 472
454 793
455 1044
455 464
455 249
455 292
455 287
455 463
455 319
455 457
455 467
455 456
456 443
456 286
456 271
456 287
456 298
456 1034
456 422
456 1039
456 338
456 467
457 291
457 1040
457 443
457 456
457 468
457 1038
457 422
457 423
457 1039
457 1022
458 447
458 1035
458 472
458 1027
458 1028
458 1043
458 286
458 1032
458 462
458 442
459 455
459 467
459 461
459 1032
459 488
459 1031
459 1029
459 261
459 313
459 498
460 1027
460 787
460 1028
460 482
460 485
460 1052
460 506
460 469
460 1033
460 1003
461 506
461 482
461 475
461 481
461 476
461 451
461 468
461 1017
461 443
461 1027
462 1039
462 297
462 291
462 261
462 456
462 1044
462 455
462 271
462 458
462 448
463 1035
463 1040
463 313
463 271
463 1038
463 270
463 263
463 282
463 286
463 243
464 1021
464 459
464 445
464 296
464 447
464 1038
464 422
464 436
464 286
464 476
465 243
465 458
465 347
465 449
465 313
465 297
465 448
465 464
465 338
465 252
466 338
466 262
466 298
466 271
466 462
466 455
466 1040
466 447
466 287
466 1044
467 1038
467 1036
467 471
467 447
467 494
467 1020
467 478
467 1040
467 472
467 458
468 1021
468 469
468 1034
468 464
468 270
468 1016
468 451
468 457
468 785
468 483
469 785
469 471
469 484
469 467
469 1032
469 453
469 461
469 445
469 518
469 1052
470 49
470 50
470 51
470 128
471 469
471 1007
471 488
471 521
471 509
471 1010
471 1052
471 475
471 485
471 1006
472 1027
472 1022
472 445
472 458
472 446
472 450
472 787
472 484
472 468
472 498
473 329
473 427
473 325
473 438
473 435
473 432
473 417
473 327
473 312
473 420
474 457
474 1027
474 1036
474 472
474 270
474 490
474 501
474 487
474 1029
474 507
475 464
475 270
475 1031
475 461
475 494
475 492
475 453
475 451
475 458
475 484
476 1020
476 1029
476 1032
476 507
476 482
476 486
476 450
476 491
476 1013
476 1003
477 1022
477 478
477 494
477 788
477 460
477 476
477 1034
477 501
477 1038
477 486
478 487
478 1053
478 513
478 481
478 788
478 1010
478 1006
478 501
478 1007
478 1022
479 421
479 1015
479 495
479 496
479 311
479 439
479 502
479 437
479 382
479 426
480 1000
480 1052
480 499
480 1032
480 1007
480 519
480 995
480 1016
480 1003
480 1037
481 785
481 460
481 788
481 510
481 527
481 506
481 1004
481 1013
481 1033
481 451
482 485
482 963
482 503
482 1033
482 1006
482 459
482 486
482 1001
482 534
482 475
483 501
483 474
483 476
483 1034
483 460
483 490
483 494
483 482
483 1032
483 469
484 1020
484 469
484 445
484 486
484 459
484 489
484 452
484 1035
484 480
484 492
485 1029
485 443
485 451
485 478
485 1032
485 472
485 460
485 490
485 482
485 464
486 469
486 444
486 1012
486 1027
486 507
486 1052
486 451
486 513
486 1019
486 494
487 478
487 1053
487 508
487 1016
487 471
487 460
487 450
487 493
487 996
487 1031
488 512
488 1025
488 1030
488 482
488 996
488 1022
488 461
488 471
488 491
488 1019
489 450
489 490
489 484
489 1034
489 471
489 1021
489 1026
489 451
489 468
489 498
490 478
490 476
490 489
490 1028
490 1031
490 485
490 467
490 450
490 451
490 488
491 483
491 460
491 450
491 467
491 469
491 1031
491 494
491 1026
491 471
491 451
492 490
492 480
492 478
492 460
492 484
492 474
492 1017
492 1013
492 1020
492 1030
493 506
493 480
493 481
493 482
493 489
493 1052
493 1020
493 467
493 1035
493 1022
494 459
494 1030
494 444
494 1013
494 481
494 445
494 491
494 507
494 498
494 460
495 327
495 336
495 325
495 294
495 314
495 328
495 306
495 324
495 645
495 321
496 575
496 327
496 370
496 314
496 432
496 294
496 308
496 526
496 305
496 502
497 30
497 36
497 577
497 918
498 1001
498 506
498 520
498 484
498 510
498 460
498 784
498 1017
498 491
498 1031
499 517
499 962
499 1010
499 880
499 784
499 500
499 783
499 524
499 1013
499 994
500 991
500 549
500 525
500 992
500 1052
500 510
500 1007
500 1000
500 730
500 506
501 790
501 995
501 519
501 534
501 461
501 477
501 1052
501 475
501 480
501 1027
502 987
502 434
502 315
502 302
502 596
502 986
502 308
502 440
502 330
502 334
503 508
503 1005
503 1021
503 512
503 477
503 481
503 995
503 518
503 486
503 1019
504 523
504 996
504 478
504 482
504 527
504 993
504 510
504 522
504 531
504 995
505 347
505 293
505 369
505 346
505 367
505 359
505 639
505 575
505 295
505 596
506 492
506 1027
506 509
506 1034
506 1028
506 501
506 1021
506 522
506 519
506 517
507 534
507 486
507 1020
507 480
507 488
507 784
507 514
507 512
507 1021
507 529
508 487
508 488
508 1013
508 512
508 963
508 516
508 527
508 469
508 471
508 506
509 534
509 499
509 508
509 481
509 996
509 512
509 517
509 488
509 1012
509 1009
510 1003
510 518
510 995
510 962
510 501
510 508
510 1007
510 514
510 1026
510 504
511 1013
511 1026
511 499
511 534
511 506
511 469
511 504
511 963
511 541
511 487
512 1007
512 1000
512 482
512 480
512 1011
512 478
512 523
512 501
512 1019
512 520
513 1052
513 501
513 994
513 1009
513 517
513 471
513 478
513 469
513 993
513 519
514 529
514 990
514 528
514 504
514 480
514 1011
514 1026
514 506
514 1053
514 962
515 510
515 512
515 1017
515 520
515 487
515 1010
515 534
515 1053
515 478
515 504
516 515
516 504
516 521
516 523
516 1013
516 1053
516 994
516 527
516 500
516 482
517 994
517 1012
517 500
517 512
517 1017
517 1053
517 510
517 499
517 518
517 513
518 503
518 469
518 498
518 527
518 1017
518 1007
518 962
518 504
518 482
518 1010
519 1009
519 1025
519 513
519 989
519 1052
519 994
519 1012
519 995
519 516
519 520
520 481
520 525
520 515
520 1017
520 785
520 471
520 508
520 1019
520 1012
520 512
521 520
521 1000
521 481
521 995
521 512
521 511
521 1012
521 1017
521 1005
521 506
522 509
522 514
522 1052
522 1011
522 515
522 516
522 521
522 1001
522 499
522 1053
523 544
523 962
523 531
523 541
523 543
523 542
523 999
523 880
523 992
523 471
524 547
524 538
524 534
524 537
524 541
524 1011
524 730
524 545
524 1053
524 1004
525 515
525 730
525 1007
525 506
525 510
525 999
525 1020
525 511
525 533
525 521
526 327
526 382
526 348
526 303
526 647
526 300
526 431
526 312
526 430
526 596
527 547
527 1004
527 784
527 1020
527 524
527 995
527 963
527 1011
527 544
527 786
528 978
528 533
528 1013
528 537
528 518
528 555
528 507
528 503
528 541
528 996
529 545
529 993
529 524
529 537
529 992
529 547
529 544
529 962
529 757
529 503
530 995
530 503
530 548
530 994
530 563
530 998
530 550
530 734
530 730
530 991
531 499
531 734
531 782
531 962
531 721
531 528
531 551
531 555
531 546
531 988
532 536
532 757
532 544
532 552
532 525
532 524
532 531
532 782
532 530
532 556
533 499
533 549
533 771
533 988
533 780
533 544
533 995
533 524
533 992
533 539
534 1005
534 995
534 536
534 531
534 529
534 533
534 1017
534 503
534 507
534 528
535 880
535 530
535 534
535 721
535 546
535 504
535 524
535 531
535 544
535 511
536 996
536 988
536 557
536 535
536 990
536 558
536 995
536 994
536 977
536 886
537 997
537 563
537 998
537 962
537 999
537 536
537 995
537 500
537 977
537 499
538 988
538 524
538 514
538 962
538 995
538 557
538 548
538 543
538 561
538 545
539 551
539 981
539 968
539 962
539 531
539 579
539 570
539 530
539 730
539 514
540 995
540 988
540 571
540 554
540 532
540 980
540 563
540 527
540 756
540 977
541 1000
541 994
541 552
541 498
541 1007
541 988
541 540
541 543
541 1001
541 556
542 549
542 541
542 886
542 537
542 538
542 989
542 877
542 527
542 550
542 563
543 730
543 527
543 977
543 529
543 548
543 724
543 992
543 551
543 563
543 535
544 994
544 524
544 533
544 500
544 881
544 529
544 996
544 998
544 553
544 536
545 883
545 570
545 563
545 554
545 557
545 968
545 540
545 524
545 737
545 533
546 530
546 721
546 880
546 500
546 533
546 997
546 550
546 523
546 556
546 994
547 543
547 537
547 548
547 524
547 732
547 539
547 527
547 514
547 549
547 538
548 993
548 882
548 881
548 998
548 539
548 995
548 555
548 541
548 730
548 726
549 551
549 990
549 565
549 876
549 999
549 529
549 881
549 546
549 981
549 542
550 731
550 968
550 581
550 997
550 549
550 556
550 533
550 525
550 538
550 571
551 756
551 550
551 573
551 968
551 578
551 880
551 977
551 544
551 543
551 545
552 550
552 983
552 559
552 556
552 541
552 959
552 754
552 965
552 982
552 905
553 965
553 530
553 560
553 551
553 977
553 572
553 569
553 544
553 966
553 771
554 959
554 881
554 544
554 965
554 560
554 542
554 549
554 557
554 581
554 771
555 564
555 561
555 959
555 556
555 730
555 543
555 731
555 579
555 968
555 981
556 559
556 967
556 880
556 546
556 695
556 960
556 566
556 988
556 990
556 547
557 686
557 558
557 582
557 560
557 881
557 880
557 563
557 550
557 565
557 551
558 537
558 564
558 746
558 578
558 579
558 563
558 552
558 545
558 756
558 961
559 625
559 558
559 614
559 965
559 959
559 978
559 582
559 937
559 9
559 572
560 571
560 589
560 981
560 605
560 958
560 585
560 553
560 1141
560 1149
560 554
561 965
561 759
561 981
561 555
561 1139
561 1150
561 563
561 554
561 590
561 1148
562 1145
562 558
562 554
562 8
562 981
562 771
562 976
562 977
562 590
562 19
563 550
563 982
563 905
563 562
563 700
563 537
563 560
563 991
563 552
563 968
564 975
564 991
564 977
564 979
564 968
564 905
564 561
564 568
564 558
564 583
565 549
565 564
565 989
565 567
565 964
565 997
565 763
565 970
565 556
565 686
566 598
566 572
566 982
566 693
566 1149
566 964
566 975
566 563
566 553
566 579
567 605
567 686
567 700
567 593
567 562
567 600
567 958
567 595
567 967
567 594
568 1145
568 634
568 552
568 608
568 938
568 565
568 561
568 755
568 599
568 555
569 582
569 941
569 631
569 562
569 979
569 958
569 594
569 936
569 585
569 595
570 574
570 566
570 583
570 898
570 582
570 562
570 540
570 563
570 565
570 581
571 982
571 555
571 553
571 538
571 568
571 968
571 983
571 552
571 551
571 981
572 960
572 571
572 2
572 570
572 568
572 959
572 567
572 561
572 988
572 980
573 975
573 555
573 694
573 553
573 556
573 539
573 961
573 560
573 599
573 561
574 573
574 966
574 685
574 693
574 581
574 568
574 967
574 564
574 960
574 895
575 300
575 336
575 332
575 369
575 647
575 505
575 322
575 306
575 650
575 341
576 316
576 370
576 496
576 301
576 575
576 300
576 312
576 596
576 311
576 645
577 94
577 497
578 556
578 685
578 679
578 682
578 693
578 572
578 565
578 983
578 571
578 582
579 556
579 898
579 557
579 977
579 554
579 679
579 565
579 700
579 658
579 689
580 131
580 168
581 579
581 906
581 890
581 571
581 983
581 975
581 700
581 539
581 573
581 538
582 564
582 687
582 696
582 988
582 583
582 980
582 579
582 569
582 557
582 568
583 608
583 557
583 911
583 964
583 603
583 592
583 590
583 927
583 600
583 958
584 554
584 746
584 929
584 565
584 603
584 572
584 982
584 583
584 984
584 659
585 597
585 589
585 985
585 600
585 1145
585 560
585 661
585 965
585 593
585 934
586 971
586 3
586 605
586 1154
586 601
586 600
586 970
586 595
586 626
586 584
587 1076
587 627
587 929
587 565
587 761
587 1205
587 626
587 940
587 9
587 614
588 943
588 10
588 973
588 617
588 971
588 1149
588 586
588 568
588 627
588 585
589 566
589 966
589 626
589 972
589 567
589 605
589 634
589 969
589 971
589 930
590 562
590 585
590 930
590 979
590 601
590 591
590 625
590 671
590 633
590 627
591 19
591 761
591 1198
591 958
591 584
591 658
591 943
591 583
591 973
591 634
592 587
592 607
592 972
592 965
592 595
592 930
592 589
592 1061
592 568
592 618
593 971
593 973
593 1109
593 935
593 607
593 1106
593 630
593 964
593 967
593 965
594 606
594 559
594 1144
594 1082
594 10
594 1191
594 637
594 591
594 632
594 6
595 609
595 589
595 1154
595 9
595 626
595 566
595 958
595 559
595 587
595 1180
596 325
596 335
596 650
596 312
596 496
596 314
596 369
596 331
596 1122
596 649
597 893
597 941
597 590
597 895
597 583
597 668
597 966
597 661
597 940
597 630
598 568
598 658
598 973
598 595
598 937
598 632
598 1149
598 627
598 927
598 617
599 4
599 583
599 5
599 661
599 560
599 968
599 658
599 627
599 585
599 593
600 1205
600 965
600 584
600 595
600 569
600 598
600 605
600 587
600 661
600 974
601 943
601 595
601 942
601 637
601 560
601 967
601 569
601 928
601 973
601 632
602 685
602 661
602 632
602 893
602 590
602 588
602 681
602 1104
602 609
602 906
603 937
603 583
603 1061
603 600
603 973
603 559
603 669
603 654
603 910
603 894
604 904
604 890
604 668
604 671
604 894
604 659
604 560
604 658
604 970
604 973
605 627
605 968
605 975
605 584
605 1180
605 560
605 625
605 631
605 586
605 958
606 974
606 1180
606 972
606 911
606 934
606 894
606 658
606 601
606 659
606 654
607 681
607 912
607 935
607 630
607 893
607 606
607 637
607 907
607 910
607 969
608 617
608 630
608 661
608 934
608 968
608 5
608 599
608 910
608 660
608 561
609 584
609 971
609 594
609 634
609 747
609 967
609 760
609 930
609 589
609 586
610 597
610 19
610 5
610 938
610 594
610 747
610 970
610 1143
610 630
610 589
611 1189
611 425
611 404
611 414
611 613
611 806
611 615
611 622
611 752
611 902
612 641
612 616
612 613
612 794
612 795
612 1213
612 1188
612 619
612 806
612 1110
613 1186
613 1188
613 796
613 806
613 1210
613 798
613 628
613 1201
613 418
613 1110
614 1145
614 759
614 625
614 630
614 585
614 594
614 760
614 595
614 1205
614 634
615 799
615 611
615 1111
615 612
615 622
615 1110
615 1208
615 1209
615 613
615 795
616 1199
616 805
616 1202
616 799
616 804
616 806
616 1203
616 615
616 611
616 1111
617 597
617 970
617 591
617 929
617 967
617 937
617 940
617 965
617 1107
617 636
618 595
618 602
618 590
618 937
618 935
618 939
618 607
618 597
618 594
618 1195
619 921
619 1188
619 638
619 902
619 794
619 811
619 417
619 796
619 397
619 620
620 1210
620 413
620 800
620 810
620 611
620 916
620 404
620 628
620 796
620 389
621 376
621 413
621 1207
621 921
621 795
621 916
621 811
621 638
621 393
621 1064
622 397
622 794
622 641
622 405
622 417
622 902
622 387
622 810
622 799
622 418
623 620
623 1189
623 388
623 387
623 1207
623 902
623 619
623 612
623 417
623 853
624 396
624 420
624 800
624 621
624 1206
624 1199
624 801
624 1110
624 393
624 402
625 630
625 1061
625 631
625 636
625 940
625 617
625 958
625 614
625 598
625 591
626 587
626 970
626 598
626 590
626 966
626 605
626 1205
626 911
626 671
626 913
627 618
627 559
627 617
627 637
627 600
627 1105
627 625
627 1180
627 1198
627 609
628 750
628 808
628 398
628 1110
628 623
628 1207
628 800
628 1203
628 376
628 806
629 1200
629 641
629 750
629 921
629 796
629 804
629 770
629 944
629 810
629 638
630 591
630 592
630 605
630 636
630 598
630 1180
630 940
630 589
630 930
630 595
631 936
631 1059
631 969
631 671
631 912
631 594
631 593
631 658
631 659
631 591
632 1106
632 660
632 599
632 636
632 608
632 1205
632 588
632 938
632 569
632 594
633 1106
633 1059
633 637
633 605
633 592
633 597
633 632
633 589
633 658
633 967
634 1196
634 592
634 973
634 1182
634 928
634 627
634 966
634 934
634 1061
634 1197
635 807
635 1064
635 615
635 624
635 1188
635 413
635 417
635 622
635 1187
635 1204
636 585
636 934
636 972
636 928
636 1180
636 671
636 941
636 626
636 661
636 597
637 662
637 601
637 626
637 589
637 965
637 632
637 668
637 600
637 586
637 906
638 624
638 752
638 613
638 1204
638 641
638 388
638 804
638 1185
638 417
638 1206
639 645
639 332
639 369
639 309
639 293
639 649
639 339
639 324
639 305
639 335
640 415
640 397
640 1212
640 375
640 620
640 799
640 805
640 619
640 624
640 396
641 1203
641 1213
641 1064
641 623
641 397
641 806
641 619
641 752
641 628
641 1189
642 643
642 644
642 767
642 768
642 774
642 775
642 776
642 778
642 809
643 642
643 644
643 767
643 774
643 775
643 776
643 778
644 642
644 643
644 766
644 767
644 768
644 778
644 1072
644 1102
644 1103
645 321
645 473
645 330
645 305
645 314
645 649
645 295
645 312
645 647
645 311
646 341
646 302
646 1167
646 309
646 301
646 1097
646 1100
646 334
646 330
646 317
647 323
647 382
647 295
647 502
647 315
647 309
647 339
647 496
647 334
647 370
648 323
648 327
648 348
648 369
648 526
648 1167
648 575
648 1119
648 330
648 1097
649 328
649 651
649 323
649 369
649 639
649 650
649 648
649 1167
649 329
649 505
650 596
650 1218
650 349
650 1098
650 495
650 328
650 526
650 317
650 341
650 331
651 340
651 346
651 369
651 505
651 648
651 649
651 852
651 1165
651 1166
651 1167
652 653
652 911
652 661
652 910
652 658
652 901
652 654
652 671
652 912
652 657
653 1196
653 657
653 1107
653 654
653 652
653 1195
653 1137
653 1060
653 1091
653 1061
654 636
654 912
654 973
654 672
654 1104
654 907
654 604
654 663
654 1
654 1105
655 691
655 606
655 603
655 669
655 1
655 684
655 2
655 1105
655 1104
655 674
656 663
656 672
656 689
656 677
656 664
656 678
656 631
656 679
656 906
656 602
657 913
657 670
657 669
657 1
657 972
657 631
657 676
657 1105
657 673
657 636
658 606
658 689
658 655
658 895
658 973
658 660
658 1
658 669
658 597
658 636
659 1
659 942
659 969
659 605
659 670
659 617
659 971
659 912
659 966
659 965
660 907
660 1061
660 895
660 908
660 602
660 633
660 900
660 672
660 607
660 941
661 584
661 676
661 686
661 673
661 678
661 970
661 617
661 589
661 672
661 607
662 656
662 683
662 1
662 907
662 906
662 607
662 663
662 630
662 0
662 1104
663 668
663 696
663 662
663 911
663 626
663 680
663 682
663 652
663 678
663 673
664 672
664 654
664 657
664 678
664 662
664 683
664 660
664 674
664 675
664 666
665 1136
665 674
665 680
665 666
665 675
665 664
665 702
665 684
665 652
665 1
666 664
666 665
666 667
666 1099
666 1136
667 31
667 652
667 653
667 654
667 657
667 664
667 666
667 1091
667 1136
667 1137
668 935
668 912
668 658
668 974
668 694
668 973
668 690
668 940
668 965
668 2
669 687
669 676
669 694
669 626
669 889
669 2
669 603
669 907
669 969
669 1
670 655
670 625
670 657
670 964
670 676
670 569
670 942
670 602
670 598
670 693
671 901
671 678
671 907
671 896
671 607
671 943
671 973
671 1059
671 597
671 658
672 684
672 652
672 671
672 663
672 661
672 673
672 674
672 677
672 668
672 679
673 689
673 2
673 893
673 904
673 696
673 675
673 701
673 680
673 654
673 652
674 696
674 701
674 655
674 662
674 904
674 680
674 2
674 683
674 890
674 899
675 687
675 655
675 696
675 889
675 2
675 662
675 895
675 677
675 701
675 681
676 943
676 687
676 691
676 679
676 656
676 662
676 896
676 695
676 657
676 910
677 664
677 701
677 890
677 889
677 690
677 894
677 893
677 878
677 656
677 661
678 674
678 910
678 669
678 664
678 675
678 679
678 890
678 684
678 681
678 687
679 661
679 664
679 893
679 680
679 1
679 907
679 906
679 677
679 899
679 684
680 877
680 1
680 656
680 663
680 687
680 675
680 662
680 702
680 732
680 664
681 571
681 906
681 907
681 674
681 893
681 890
681 597
681 889
681 689
681 670
682 571
682 676
682 905
682 912
682 662
682 689
682 564
682 691
682 906
682 895
683 879
683 678
683 890
683 658
683 690
683 700
683 694
683 659
683 687
683 671
684 665
684 656
684 679
684 701
684 890
684 696
684 895
684 685
684 706
684 687
685 901
685 687
685 679
685 893
685 979
685 686
685 694
685 671
685 982
685 570
686 984
686 557
686 661
686 678
686 982
686 672
686 700
686 898
686 567
686 578
687 725
687 663
687 686
687 671
687 669
687 910
687 570
687 690
687 984
687 981
688 761
688 1150
688 1142
688 747
688 22
688 1157
688 6
688 586
688 1154
688 1151
689 663
689 693
689 677
689 906
689 893
689 679
689 695
689 691
689 659
689 901
690 579
690 889
690 655
690 899
690 671
690 680
690 903
690 896
690 911
690 672
691 898
691 684
691 677
691 675
691 664
691 686
691 661
691 690
691 663
691 668
692 675
692 680
692 1
692 687
692 898
692 900
692 679
692 705
692 701
692 684
693 659
693 901
693 2
693 1
693 878
693 677
693 564
693 903
693 669
693 566
694 900
694 579
694 572
694 690
694 556
694 578
694 901
694 906
694 672
694 911
695 686
695 659
695 672
695 570
695 687
695 899
695 978
695 985
695 685
695 968
696 879
696 900
696 690
696 984
696 574
696 878
696 898
696 668
696 655
696 662
697 698
697 699
697 748
697 777
697 1103
698 697
698 699
698 748
698 749
698 777
699 32
699 697
699 698
699 748
699 749
699 777
699 1089
699 1108
700 579
700 558
700 658
700 679
700 878
700 572
700 681
700 574
700 556
700 566
701 681
701 682
701 677
701 689
701 683
701 894
701 1
701 893
701 684
701 900
702 703
702 253
702 708
702 665
702 674
702 701
702 680
702 706
702 684
702 713
703 251
703 253
703 702
703 708
703 709
703 1099
704 710
705 878
705 679
705 862
705 689
705 701
705 706
705 683
705 712
705 708
705 877
706 712
706 717
706 696
706 889
706 683
706 680
706 715
706 702
706 862
706 826
707 701
707 835
707 833
707 868
707 245
707 241
707 254
707 717
707 870
707 871
708 254
708 703
708 253
708 705
708 707
708 714
708 701
708 715
708 675
708 711
709 251
709 253
709 260
709 269
709 703
709 741
709 1092
710 704
710 722
711 829
711 835
711 860
711 869
711 708
711 720
711 865
711 834
711 859
711 868
712 724
712 859
712 829
712 839
712 715
712 855
712 871
712 868
712 716
712 857
713 868
713 706
713 255
713 831
713 856
713 717
713 871
713 720
713 708
713 829
714 229
714 864
714 708
714 242
714 244
714 255
714 858
714 254
714 868
714 850
715 241
715 850
715 237
715 714
715 871
715 229
715 831
715 859
715 826
715 867
716 877
716 867
716 829
716 998
716 875
716 715
716 711
716 856
716 714
716 724
717 865
717 254
717 831
717 715
717 719
717 875
717 832
717 242
717 862
717 828
718 834
718 712
718 832
718 711
718 237
718 869
718 833
718 861
718 875
718 848
719 857
719 717
719 875
719 255
719 846
719 850
719 716
719 715
719 856
719 851
720 732
720 707
720 876
720 718
720 870
720 726
720 725
720 871
720 889
720 875
721 734
721 876
721 546
721 544
721 536
721 537
721 997
721 545
721 993
721 881
722 17
722 29
722 710
723 375
723 404
723 1114
723 789
723 742
723 374
723 902
723 386
723 740
723 409
724 828
724 871
724 997
724 730
724 862
724 876
724 548
724 870
724 999
724 714
725 687
725 683
725 733
725 691
725 878
725 682
725 721
725 547
725 876
725 998
726 544
726 543
726 724
726 728
726 878
726 997
726 548
726 733
726 732
726 734
727 737
727 733
727 736
727 728
727 888
727 880
727 726
727 886
727 882
727 883
728 734
728 727
728 883
728 888
728 730
728 997
728 726
728 737
728 731
728 882
729 375
729 1215
729 396
729 405
729 407
729 753
729 414
729 391
729 944
729 374
730 999
730 523
730 731
730 882
730 557
730 499
730 886
730 548
730 530
730 720
731 555
731 726
731 997
731 514
731 546
731 734
731 535
731 978
731 724
731 542
732 733
732 689
732 890
732 2
732 692
732 547
732 680
732 682
732 899
732 716
733 736
733 543
733 725
733 547
733 735
733 888
733 882
733 883
733 737
733 734
734 726
734 546
734 882
734 548
734 883
734 547
734 736
734 999
734 721
734 544
735 886
735 733
735 880
735 728
735 888
735 730
735 883
735 734
735 737
735 736
736 883
736 888
736 730
736 727
736 733
736 735
736 728
736 726
736 882
736 737
737 730
737 728
737 992
737 736
737 888
737 997
737 544
737 999
737 542
737 882
738 409
738 393
738 383
738 404
738 379
738 723
738 387
738 396
738 744
738 1118
739 1095
739 373
739 830
739 744
739 411
739 388
739 1218
739 418
739 1114
739 1115
740 1094
740 408
740 380
740 410
740 744
740 770
740 392
740 742
740 388
740 391
741 269
741 310
741 345
741 709
741 1092
741 1129
741 1131
741 1132
742 394
742 401
742 640
742 944
742 406
742 773
742 414
742 374
742 887
742 413
743 1190
743 402
743 1101
743 1118
743 384
743 403
743 408
743 409
743 769
743 389
744 418
744 375
744 797
744 374
744 729
744 887
744 1094
744 403
744 830
744 1216
745 740
745 1219
745 753
745 407
745 408
745 390
745 389
745 1162
745 796
745 1096
746 757
746 1140
746 761
746 532
746 563
746 977
746 1139
746 20
746 533
746 756
747 1205
747 586
747 600
747 1191
747 936
747 958
747 587
747 754
747 610
747 746
748 32
748 697
748 698
748 699
748 749
748 777
748 1083
748 1089
749 32
749 698
749 699
749 748
749 777
749 1083
749 1089
750 800
750 805
750 795
750 792
750 619
750 616
750 425
750 810
750 629
750 1211
751 1203
751 1211
751 1086
751 804
751 810
751 1204
751 1212
751 884
751 1111
751 616
752 801
752 1188
752 418
752 640
752 1189
752 1208
752 799
752 811
752 1111
752 1201
753 399
753 789
753 379
753 389
753 396
753 1168
753 743
753 738
753 386
753 1095
754 553
754 1148
754 584
754 761
754 560
754 779
754 9
754 20
754 746
754 759
755 1143
755 19
755 1150
755 975
755 1148
755 771
755 747
755 6
755 586
755 772
756 538
756 550
756 10
756 763
756 554
756 566
756 1139
756 780
756 532
756 975
757 756
757 538
757 540
757 552
757 500
757 531
757 556
757 533
757 499
757 541
758 410
758 1216
758 1048
758 412
758 398
758 745
758 413
758 375
758 391
758 796
759 1157
759 762
759 610
759 559
759 1143
759 937
759 585
759 562
759 1150
759 608
760 779
760 588
760 20
760 586
760 1106
760 1159
760 7
760 1141
760 610
760 1197
761 746
761 1155
761 593
761 1143
761 614
761 9
761 1148
761 1192
761 1151
761 1152
762 587
762 1142
762 966
762 1153
762 1149
762 747
762 763
762 1159
762 958
762 559
763 591
763 21
763 781
763 568
763 19
763 1076
763 567
763 1142
763 554
763 1139
764 33
764 34
764 765
764 766
764 768
765 25
765 34
765 54
765 764
765 768
765 1072
766 644
766 764
766 767
766 768
766 777
767 642
767 643
767 644
767 766
767 768
767 774
767 775
767 776
767 778
768 642
768 644
768 764
768 765
768 766
768 767
768 778
768 1072
768 1102
768 1103
769 409
769 921
769 418
769 403
769 373
769 378
769 916
769 753
769 380
769 412
770 393
770 729
770 400
770 742
770 426
770 738
770 379
770 414
770 902
770 409
771 559
771 1191
771 763
771 22
771 6
771 558
771 1155
771 569
771 552
771 1152
772 5
772 755
772 1149
772 1148
772 1146
772 754
772 10
772 763
772 771
772 586
773 414
773 789
773 397
773 887
773 402
773 393
773 373
773 770
773 753
773 1215
774 642
774 643
774 767
774 775
774 776
774 778
775 642
775 643
775 767
775 774
775 776
775 778
776 642
776 643
776 767
776 774
776 775
776 778
777 697
777 698
777 699
777 748
777 749
777 766
778 642
778 643
778 644
778 767
778 768
778 774
778 775
778 776
778 809
779 10
779 763
779 1159
779 1148
779 1156
779 780
779 5
779 1149
779 761
779 1157
780 763
780 1141
780 533
780 7
780 1142
780 1151
780 8
780 22
780 762
780 1152
781 1076
781 1191
781 771
781 22
781 762
781 1155
781 1144
781 1145
781 1154
781 1148
782 550
782 746
782 783
782 539
782 784
782 528
782 780
782 534
782 950
782 533
783 514
783 524
783 786
783 500
783 790
783 525
783 785
783 527
783 499
783 782
784 534
784 757
784 541
784 540
784 529
784 533
784 535
784 532
784 507
784 528
785 480
785 786
785 503
785 469
785 482
785 474
785 506
785 1053
785 472
785 534
786 514
786 503
786 507
786 481
786 478
786 527
786 783
786 506
786 461
786 524
787 785
787 467
787 1028
787 476
787 792
787 468
787 460
787 444
787 793
787 457
788 785
788 791
788 483
788 792
788 506
788 480
788 445
788 460
788 446
788 451
789 744
789 392
789 1214
789 1095
789 386
789 418
789 414
789 753
789 394
789 380
790 501
790 783
790 784
790 786
790 791
790 461
790 534
790 785
790 788
790 472
791 792
791 461
791 884
791 454
791 786
791 790
791 452
791 787
791 453
791 788
792 259
792 884
792 791
792 460
792 444
792 296
792 454
792 442
792 261
792 788
793 453
793 454
793 750
793 450
793 445
793 795
793 791
793 259
793 792
793 451
794 810
794 1211
794 805
794 611
794 612
794 423
794 800
794 248
794 446
794 424
795 1045
795 806
795 944
795 624
795 800
795 798
795 417
795 397
795 416
795 299
796 635
796 801
796 398
796 624
796 1111
796 425
796 1185
796 640
796 418
796 615
797 404
797 1162
797 393
797 402
797 744
797 1215
797 413
797 395
797 853
797 410
798 804
798 612
798 414
798 611
798 641
798 638
798 1213
798 752
798 799
798 1110
799 417
799 640
799 1199
799 628
799 798
799 1207
799 641
799 795
799 405
799 611
800 415
800 640
800 1203
800 1064
800 944
800 1200
800 612
800 378
800 388
800 1204
801 1199
801 621
801 1067
801 641
801 808
801 624
801 628
801 807
801 1202
801 811
802 803
802 809
803 802
803 809
804 1211
804 807
804 628
804 417
804 1110
804 1209
804 619
804 798
804 616
804 794
805 420
805 806
805 414
805 415
805 623
805 1201
805 1111
805 397
805 1199
805 1188
806 413
806 393
806 1189
806 750
806 619
806 389
806 1203
806 810
806 405
806 1209
807 1187
807 1204
807 806
807 406
807 1199
807 641
807 413
807 402
807 398
807 613
808 1200
808 418
808 611
808 752
808 800
808 1212
808 807
808 1208
808 801
808 806
809 642
809 778
809 802
809 803
810 621
810 1201
810 641
810 1211
810 1203
810 811
810 1186
810 750
810 1207
810 807
811 1212
811 805
811 1199
811 796
811 629
811 624
811 1111
811 389
811 397
811 1065
812 822
812 824
812 823
812 819
812 932
812 814
812 818
812 825
812 947
812 817
813 818
813 824
813 817
813 825
813 823
813 924
813 816
813 814
813 812
813 919
814 924
814 897
814 821
814 813
814 815
814 819
814 824
814 945
814 947
814 933
815 824
815 919
815 814
815 825
815 818
815 816
815 823
815 924
815 897
815 812
816 813
816 815
816 812
816 825
816 897
816 824
816 823
816 919
816 817
816 818
817 822
817 815
817 947
817 820
817 914
817 825
817 824
817 924
817 813
817 821
818 819
818 817
818 816
818 815
818 897
818 919
818 814
818 933
818 947
818 813
819 820
819 50
819 945
819 946
819 821
819 822
819 948
819 818
819 897
819 924
820 914
820 933
820 948
820 821
820 819
820 897
820 949
820 924
820 812
820 947
821 924
821 824
821 819
821 932
821 822
821 915
821 947
821 933
821 812
821 946
822 816
822 914
822 824
822 823
822 812
822 818
822 815
822 897
822 817
822 821
823 821
823 924
823 919
823 814
823 813
823 825
823 816
823 822
823 818
823 812
824 818
824 825
824 819
824 897
824 823
824 816
824 932
824 813
824 925
824 919
825 814
825 815
825 817
825 818
825 922
825 925
825 813
825 823
825 812
825 919
826 718
826 859
826 870
826 833
826 855
826 719
826 829
826 861
826 867
826 712
827 712
827 237
827 869
827 863
827 724
827 875
827 834
827 835
827 255
827 871
828 242
828 228
828 859
828 254
828 236
828 864
828 717
828 229
828 245
828 875
829 254
829 861
829 826
829 227
829 849
829 716
829 241
829 718
829 831
829 719
830 395
830 797
830 430
830 753
830 1114
830 410
830 1216
830 397
830 1008
830 406
831 832
831 838
831 856
831 858
831 836
831 714
831 707
831 826
831 255
831 835
832 860
832 829
832 228
832 711
832 849
832 827
832 856
832 833
832 831
832 713
833 832
833 867
833 875
833 836
833 857
833 715
833 717
833 858
833 862
833 245
834 836
834 718
834 828
834 827
834 832
834 857
834 715
834 833
834 862
834 858
835 244
835 229
835 712
835 720
835 860
835 826
835 236
835 832
835 865
835 228
836 244
836 861
836 850
836 839
836 831
836 245
836 863
836 717
836 835
836 838
837 244
837 245
837 838
837 826
837 836
837 719
837 717
837 827
837 862
837 835
838 237
838 245
838 831
838 836
838 860
838 863
838 855
838 835
838 834
838 857
839 836
839 242
839 858
839 850
839 835
839 714
839 856
839 834
839 828
839 718
840 80
840 222
840 223
840 78
840 235
840 224
840 79
840 255
840 232
840 58
841 79
841 89
841 237
841 232
841 222
841 233
841 856
841 234
841 855
841 273
842 235
842 246
842 237
842 229
842 56
842 228
842 851
842 230
842 265
842 227
843 221
843 78
843 246
843 58
843 841
843 236
843 844
843 224
843 244
843 235
844 855
844 848
844 80
844 59
844 846
844 238
844 236
844 222
844 850
844 233
845 89
845 235
845 256
845 245
845 855
845 232
845 850
845 57
845 842
845 225
846 856
846 863
846 222
846 256
846 859
846 56
846 235
846 832
846 840
846 857
847 869
847 78
847 58
847 240
847 267
847 281
847 845
847 231
847 257
847 227
848 864
848 232
848 244
848 827
848 856
848 719
848 255
848 863
848 843
848 229
849 255
849 848
849 827
849 229
849 59
849 861
849 845
849 80
849 831
849 89
850 707
850 833
850 868
850 863
850 81
850 235
850 225
850 711
850 255
850 837
851 870
851 858
851 861
851 99
851 872
851 59
851 854
851 719
851 860
851 862
852 99
852 100
852 340
852 346
852 651
852 873
852 874
852 1165
853 739
853 723
853 1114
853 374
853 415
853 396
853 797
853 1216
853 1214
853 426
854 59
854 77
854 79
854 850
854 81
854 90
854 80
854 232
854 234
854 72
855 222
855 712
855 223
855 714
855 863
855 862
855 58
855 838
855 865
855 63
856 863
856 236
856 837
856 865
856 868
856 717
856 223
856 242
856 59
856 237
857 862
857 869
857 865
857 834
857 229
857 858
857 59
857 244
857 870
857 839
858 855
858 832
858 705
858 865
858 236
858 829
858 706
858 861
858 711
858 254
859 245
859 227
859 713
859 228
859 833
859 255
859 719
859 855
859 846
859 229
860 226
860 832
860 848
860 237
860 838
860 856
860 712
860 865
860 826
860 859
861 244
861 846
861 864
861 848
861 827
861 851
861 712
861 237
861 254
861 868
862 713
862 717
862 719
862 839
862 835
862 831
862 712
862 829
862 236
862 245
863 838
863 866
863 859
863 227
863 715
863 829
863 828
863 850
863 255
863 242
864 867
864 718
864 850
864 715
864 229
864 714
864 834
864 245
864 829
864 712
865 714
865 833
865 857
865 848
865 849
865 712
865 242
865 839
865 866
865 718
866 836
866 833
866 834
866 832
866 839
866 826
866 859
866 861
866 860
866 245
867 706
867 860
867 859
867 856
867 868
867 228
867 870
867 717
867 242
867 716
868 718
868 848
868 827
868 826
868 714
868 237
868 869
868 851
868 244
868 712
869 846
869 841
869 842
869 717
869 850
869 99
869 857
869 860
869 229
869 859
870 835
870 711
870 859
870 869
870 826
870 244
870 237
870 718
870 707
870 719
871 875
871 725
871 872
871 858
871 850
871 696
871 862
871 868
871 869
871 711
872 879
872 874
872 851
872 870
872 896
872 868
872 878
872 858
872 891
872 871
873 869
873 891
873 872
873 896
873 879
873 340
873 852
873 874
873 892
873 868
874 99
874 340
874 851
874 852
874 868
874 869
874 872
874 873
874 892
874 1165
875 547
875 997
875 720
875 714
875 857
875 826
875 856
875 717
875 835
875 721
876 893
876 547
876 691
876 882
876 991
876 730
876 548
876 899
876 997
876 726
877 680
877 706
877 696
877 542
877 876
877 878
877 716
877 890
877 875
877 690
878 716
878 1
878 870
878 732
878 2
878 893
878 674
878 889
878 683
878 907
879 890
879 671
879 0
879 892
879 906
879 872
879 901
879 871
879 907
879 894
880 737
880 542
880 557
880 538
880 881
880 536
880 883
880 546
880 499
880 514
881 556
881 543
881 537
881 514
881 876
881 541
881 726
881 548
881 988
881 535
882 727
882 888
882 547
882 880
882 886
882 732
882 734
882 737
882 998
882 877
883 737
883 882
883 545
883 735
883 734
883 888
883 730
883 728
883 727
883 721
884 751
884 791
884 792
884 793
884 917
884 920
885 399
885 921
885 383
885 1162
885 379
885 378
885 887
885 853
885 403
885 375
886 543
886 735
886 721
886 731
886 888
886 728
886 727
886 536
886 542
886 545
887 401
887 744
887 400
887 789
887 745
887 921
887 902
887 426
887 378
887 415
888 721
888 886
888 734
888 736
888 730
888 880
888 726
888 545
888 728
888 735
889 694
889 685
889 664
889 691
889 903
889 901
889 676
889 878
889 674
889 890
890 682
890 581
890 579
890 906
890 879
890 898
890 901
890 677
890 2
890 690
891 889
891 676
891 2
891 691
891 879
891 899
891 901
891 689
891 913
891 878
892 872
892 873
892 874
892 879
892 896
892 908
892 909
892 1062
893 898
893 906
893 682
893 982
893 0
893 910
893 680
893 900
893 604
893 899
894 903
894 671
894 669
894 878
894 607
894 692
894 678
894 898
894 696
894 660
895 675
895 574
895 657
895 687
895 695
895 911
895 0
895 659
895 891
895 658
896 912
896 894
896 676
896 660
896 668
896 691
896 890
896 0
896 689
896 908
897 818
897 922
897 820
897 821
897 813
897 817
897 819
897 822
897 824
897 815
898 1
898 0
898 677
898 572
898 669
898 982
898 557
898 573
898 907
898 673
899 693
899 670
899 607
899 876
899 974
899 980
899 898
899 679
899 603
899 658
900 701
900 602
900 913
900 898
900 693
900 893
900 563
900 680
900 607
900 687
901 678
901 606
901 672
901 602
901 1059
901 964
901 662
901 668
901 673
901 605
902 409
902 426
902 635
902 415
902 621
902 411
902 396
902 1051
902 1018
902 619
903 565
903 574
903 878
903 694
903 696
903 976
903 691
903 979
903 2
903 552
904 895
904 687
904 582
904 682
904 607
904 685
904 701
904 903
904 671
904 900
905 695
905 661
905 890
905 694
905 683
905 658
905 669
905 2
905 910
905 900
906 681
906 695
906 689
906 690
906 678
906 631
906 1
906 686
906 1059
906 896
907 695
907 661
907 890
907 677
907 660
907 597
907 590
907 1061
907 685
907 879
908 1061
908 676
908 660
908 891
908 913
908 907
908 909
908 1062
908 901
908 896
909 892
909 908
909 1062
910 606
910 942
910 601
910 1059
910 694
910 913
910 901
910 671
910 899
910 969
911 676
911 656
911 673
911 630
911 583
911 0
911 584
911 889
911 893
911 669
912 657
912 660
912 899
912 1061
912 911
912 636
912 681
912 661
912 1060
912 604
913 898
913 637
913 655
913 1059
913 891
913 652
913 896
913 625
913 1104
913 661
914 821
914 822
914 824
914 919
914 915
914 818
914 925
914 820
914 922
914 924
915 819
915 37
915 945
915 922
915 38
915 914
915 923
915 925
915 821
915 926
916 425
916 885
916 1051
916 384
916 375
916 740
916 1047
916 723
916 729
916 402
917 884
917 920
917 950
917 1024
917 1087
918 30
918 36
918 497
919 824
919 922
919 825
919 817
919 815
919 814
919 822
919 897
919 914
919 812
920 884
920 917
920 950
921 742
921 853
921 789
921 635
921 729
921 401
921 797
921 629
921 397
921 392
922 825
922 897
922 914
922 915
922 919
922 923
922 924
922 925
922 926
923 38
923 915
923 922
923 926
924 925
924 933
924 922
924 926
924 897
924 820
924 813
924 821
924 812
924 947
925 814
925 824
925 897
925 926
925 915
925 932
925 933
925 818
925 821
925 50
926 49
926 50
926 51
926 819
926 915
926 922
926 923
926 924
926 925
926 933
927 637
927 630
927 625
927 631
927 942
927 604
927 605
927 589
927 943
927 1182
928 1197
928 936
928 632
928 939
928 614
928 1181
928 626
928 633
928 631
928 634
929 586
929 627
929 930
929 936
929 589
929 600
929 1184
929 1109
929 940
929 602
930 597
930 625
930 569
930 1196
930 608
930 1182
930 934
930 974
930 973
930 1180
931 927
931 928
931 929
931 930
931 939
931 951
931 958
931 1169
931 1181
932 820
932 948
932 822
932 812
932 949
932 945
932 924
932 819
932 897
932 821
933 914
933 926
933 40
933 814
933 819
933 51
933 949
933 932
933 925
933 820
934 937
934 966
934 610
934 617
934 940
934 605
934 592
934 1182
934 935
934 967
935 603
935 589
935 936
935 593
935 966
935 605
935 610
935 1104
935 608
935 913
936 747
936 599
936 930
936 625
936 970
936 633
936 618
936 593
936 668
936 585
937 1197
937 630
937 608
937 583
937 942
937 974
937 586
937 560
937 610
937 660
938 614
938 627
938 599
938 594
938 626
938 968
938 591
938 617
938 1109
938 600
939 966
939 583
939 568
939 1149
939 937
939 940
939 1198
939 942
939 973
939 951
940 938
940 965
940 910
940 670
940 589
940 587
940 1105
940 913
940 1195
940 592
941 938
941 1205
941 943
941 973
941 939
941 929
941 584
941 636
941 1184
941 597
942 633
942 586
942 626
942 936
942 941
942 928
942 589
942 660
942 631
942 1109
943 913
943 901
943 595
943 937
943 676
943 600
943 969
943 1059
943 929
943 633
944 769
944 436
944 411
944 435
944 399
944 615
944 396
944 420
944 623
944 1002
945 820
945 946
945 814
945 933
945 821
945 824
945 932
945 819
945 947
945 897
946 41
946 933
946 48
946 49
946 820
946 40
946 945
946 949
946 932
946 50
947 914
947 824
947 818
947 820
947 949
947 933
947 821
947 932
947 925
947 812
948 41
948 949
948 945
948 47
948 933
948 39
948 819
948 924
948 49
948 40
949 932
949 48
949 50
949 821
949 945
949 819
949 948
949 924
949 41
949 47
950 782
950 917
950 920
950 1024
951 958
951 960
951 939
951 928
951 954
951 1149
951 959
951 965
951 966
951 4
952 955
952 1169
953 951
953 954
953 956
953 957
953 959
953 960
953 961
953 962
953 1023
954 951
954 953
954 956
954 957
954 959
954 960
954 961
954 962
954 1016
954 1023
955 952
955 1054
956 953
956 954
956 957
956 961
956 963
956 1003
956 1016
956 1022
956 1023
957 953
957 954
957 956
957 1016
957 1023
957 1041
957 1048
957 1051
958 554
958 594
958 931
958 7
958 625
958 979
958 605
958 608
958 951
958 587
959 984
959 571
959 566
959 584
959 553
959 554
959 555
959 568
959 563
959 572
960 967
960 979
960 550
960 564
960 981
960 965
960 968
960 561
960 975
960 570
961 514
961 525
961 540
961 981
961 565
961 550
961 977
961 549
961 996
961 1001
962 500
962 963
962 519
962 549
962 954
962 995
962 993
962 556
962 520
962 518
963 1030
963 535
963 481
963 474
963 475
963 1011
963 1032
963 1021
963 1005
963 541
964 594
964 631
964 668
964 632
964 659
964 603
964 559
964 942
964 972
964 912
965 960
965 599
965 659
965 940
965 630
965 556
965 941
965 746
965 935
965 959
966 599
966 935
966 584
966 10
966 988
966 936
966 755
966 979
966 951
966 625
967 983
967 603
967 627
967 938
967 594
967 585
967 573
967 978
967 593
967 985
968 586
968 983
968 700
968 549
968 693
968 598
968 989
968 969
968 961
968 564
969 601
969 584
969 669
969 599
969 936
969 634
969 625
969 971
969 617
969 585
970 1205
970 562
970 670
970 637
970 935
970 671
970 4
970 1180
970 583
970 941
971 617
971 559
971 936
971 958
971 970
971 669
971 1180
971 614
971 562
971 589
972 592
972 913
972 939
972 970
972 654
972 912
972 670
972 971
972 633
972 606
973 940
973 609
973 632
973 911
973 568
973 610
973 606
973 569
973 603
973 585
974 964
974 587
974 930
974 626
974 971
974 973
974 676
974 966
974 969
974 569
975 563
975 555
975 562
975 578
975 564
975 594
975 970
975 958
975 572
975 7
976 590
976 968
976 589
976 556
976 564
976 566
976 561
976 574
976 568
976 905
977 966
977 557
977 571
977 556
977 694
977 991
977 536
977 570
977 542
977 544
978 535
978 961
978 903
978 757
978 880
978 905
978 686
978 567
978 559
978 565
979 552
979 693
979 968
979 555
979 584
979 562
979 572
979 958
979 578
979 700
980 693
980 540
980 904
980 586
980 967
980 983
980 970
980 981
980 559
980 552
981 960
981 570
981 966
981 881
981 959
981 967
981 968
981 565
981 2
981 900
982 572
982 984
982 563
982 978
982 898
982 554
982 560
982 983
982 900
982 578
983 685
983 578
983 985
983 965
983 967
983 585
983 554
983 555
983 968
983 893
984 565
984 582
984 695
984 538
984 975
984 581
984 960
984 981
984 557
984 558
985 565
985 570
985 563
985 581
985 976
985 572
985 571
985 564
985 557
985 553
986 315
986 416
986 314
986 428
986 437
986 1047
986 441
986 526
986 305
986 382
987 404
987 419
987 325
987 405
987 301
987 323
987 315
987 320
987 1047
987 305
988 531
988 529
988 994
988 549
988 551
988 968
988 997
988 544
988 553
988 560
989 980
989 999
989 570
989 512
989 545
989 968
989 538
989 1000
989 1005
989 993
990 997
990 570
990 508
990 550
990 731
990 520
990 539
990 535
990 524
990 548
991 539
991 731
991 996
991 881
991 960
991 989
991 527
991 555
991 557
991 990
992 535
992 998
992 978
992 993
992 525
992 550
992 523
992 524
992 544
992 538
993 533
993 500
993 531
993 881
993 997
993 989
993 540
993 995
993 730
993 886
994 540
994 533
994 981
994 563
994 999
994 1001
994 992
994 534
994 500
994 730
995 730
995 546
995 540
995 1010
995 481
995 783
995 1006
995 534
995 544
995 786
996 471
996 498
996 534
996 508
996 469
996 1012
996 512
996 990
996 525
996 487
997 527
997 552
997 962
997 499
997 977
997 728
997 989
997 554
997 536
997 532
998 716
998 732
998 530
998 994
998 725
998 720
998 730
998 531
998 552
998 541
999 500
999 990
999 529
999 876
999 549
999 543
999 557
999 961
999 997
999 565
1000 989
1000 1001
1000 994
1000 512
1000 990
1000 471
1000 1017
1000 509
1000 498
1000 521
1001 516
1001 513
1001 1027
1001 478
1001 527
1001 993
1001 532
1001 1013
1001 1017
1001 1016
1002 436
1002 382
1002 1045
1002 397
1002 441
1002 1049
1002 424
1002 1047
1002 1008
1002 502
1003 485
1003 1053
1003 518
1003 498
1003 481
1003 963
1003 460
1003 513
1003 520
1003 482
1004 529
1004 520
1004 510
1004 486
1004 528
1004 989
1004 507
1004 522
1004 994
1004 521
1005 528
1005 1017
1005 507
1005 518
1005 994
1005 1026
1005 478
1005 995
1005 514
1005 996
1006 511
1006 481
1006 528
1006 1011
1006 1000
1006 1013
1006 1012
1006 534
1006 518
1006 994
1007 481
1007 1009
1007 515
1007 1053
1007 523
1007 482
1007 1012
1007 488
1007 1016
1007 521
1008 436
1008 404
1008 321
1008 447
1008 414
1008 479
1008 397
1008 398
1008 415
1008 416
1009 508
1009 517
1009 500
1009 499
1009 1000
1009 515
1009 1052
1009 507
1009 527
1009 1017
1010 516
1010 1007
1010 524
1010 500
1010 522
1010 1013
1010 507
1010 503
1010 523
1010 518
1011 516
1011 471
1011 521
1011 525
1011 469
1011 1000
1011 962
1011 785
1011 990
1011 1012
1012 534
1012 1003
1012 512
1012 517
1012 509
1012 506
1012 1052
1012 521
1012 1053
1012 525
1013 1006
1013 524
1013 504
1013 1052
1013 483
1013 514
1013 1030
1013 507
1013 1010
1013 480
1014 437
1014 1050
1014 448
1014 1018
1014 473
1014 320
1014 406
1014 423
1014 916
1014 429
1015 397
1015 322
1015 396
1015 432
1015 1018
1015 446
1015 502
1015 443
1015 428
1015 425
1016 513
1016 1041
1016 475
1016 954
1016 1022
1016 1026
1016 1013
1016 445
1016 460
1016 467
1017 461
1017 524
1017 1031
1017 514
1017 444
1017 534
1017 518
1017 994
1017 786
1017 1025
1018 1008
1018 321
1018 417
1018 378
1018 442
1018 388
1018 944
1018 853
1018 427
1018 624
1019 482
1019 1052
1019 474
1019 508
1019 1021
1019 1053
1019 483
1019 510
1019 477
1019 1030
1020 485
1020 487
1020 492
1020 527
1020 1029
1020 477
1020 1031
1020 504
1020 482
1020 996
1021 450
1021 489
1021 467
1021 1001
1021 461
1021 443
1021 1013
1021 787
1021 788
1021 486
1022 478
1022 498
1022 1031
1022 506
1022 474
1022 1001
1022 485
1022 483
1022 452
1022 467
1023 953
1023 954
1023 956
1023 957
1023 1041
1023 1048
1023 1051
1024 917
1024 950
1024 1085
1024 1087
1024 1151
1024 1152
1025 480
1025 1031
1025 519
1025 1011
1025 501
1025 477
1025 508
1025 445
1025 1016
1025 478
1026 963
1026 489
1026 474
1026 518
1026 524
1026 1017
1026 525
1026 1036
1026 461
1026 485
1027 787
1027 1029
1027 489
1027 1032
1027 1013
1027 1017
1027 1021
1027 1031
1027 1028
1027 452
1028 1034
1028 1041
1028 270
1028 1026
1028 1027
1028 482
1028 485
1028 501
1028 468
1028 1016
1029 1001
1029 1030
1029 451
1029 484
1029 1026
1029 963
1029 1013
1029 494
1029 460
1029 1037
1030 485
1030 1003
1030 459
1030 1031
1030 1022
1030 487
1030 1021
1030 501
1030 492
1030 471
1031 1020
1031 1036
1031 445
1031 488
1031 501
1031 1029
1031 1025
1031 489
1031 506
1031 460
1032 471
1032 1052
1032 488
1032 485
1032 458
1032 467
1032 1034
1032 459
1032 1019
1032 487
1033 1053
1033 475
1033 478
1033 484
1033 1026
1033 480
1033 481
1033 1032
1033 444
1033 1019
1034 492
1034 252
1034 1026
1034 453
1034 261
1034 487
1034 477
1034 455
1034 458
1034 475
1035 469
1035 1028
1035 262
1035 286
1035 444
1035 477
1035 270
1035 271
1035 1016
1035 1039
1036 480
1036 483
1036 1031
1036 1049
1036 453
1036 468
1036 429
1036 485
1036 1027
1036 1038
1037 477
1037 1030
1037 442
1037 1032
1037 492
1037 1041
1037 468
1037 469
1037 460
1037 484
1038 424
1038 416
1038 429
1038 474
1038 427
1038 423
1038 452
1038 421
1038 1044
1038 1046
1039 1037
1039 421
1039 449
1039 446
1039 476
1039 1046
1039 1040
1039 457
1039 1050
1039 1022
1040 424
1040 467
1040 1049
1040 446
1040 477
1040 460
1040 441
1040 445
1040 299
1040 1035
1041 425
1041 467
1041 417
1041 459
1041 416
1041 428
1041 448
1041 426
1041 423
1041 443
1042 298
1042 1040
1042 252
1042 464
1042 1043
1042 447
1042 337
1042 466
1042 1035
1042 292
1043 282
1043 1038
1043 1037
1043 263
1043 458
1043 243
1043 262
1043 313
1043 1040
1043 447
1044 1042
1044 252
1044 261
1044 271
1044 449
1044 338
1044 297
1044 466
1044 448
1044 263
1045 422
1045 459
1045 415
1045 1002
1045 1008
1045 444
1045 435
1045 252
1045 1048
1045 436
1046 247
1046 417
1046 299
1046 1002
1046 445
1046 421
1046 416
1046 1040
1046 473
1046 451
1047 402
1047 397
1047 421
1047 439
1047 395
1047 396
1047 1038
1047 425
1047 442
1047 404
1048 439
1048 440
1048 753
1048 402
1048 405
1048 434
1048 403
1048 428
1048 1045
1048 413
1049 427
1049 450
1049 444
1049 396
1049 432
1049 326
1049 404
1049 430
1049 457
1049 441
1050 1015
1050 1018
1050 430
1050 398
1050 427
1050 326
1050 402
1050 435
1050 770
1050 421
1051 753
1051 885
1051 902
1051 916
1051 921
1051 957
1051 1023
1051 1041
1051 1047
1051 1048
1052 1035
1052 507
1052 1010
1052 509
1052 785
1052 501
1052 474
1052 1000
1052 467
1052 483
1053 784
1053 518
1053 504
1053 525
1053 494
1053 517
1053 509
1053 524
1053 511
1053 1017
1054 955
1054 1161
1054 1163
1055 1171
1055 1174
1055 1175
1055 1178
1055 1179
1056 1057
1056 1058
1056 1177
1056 1178
1056 1179
1057 1056
1057 1058
1057 1175
1057 1176
1057 1179
1058 1056
1058 1057
1058 1175
1058 1179
1059 1184
1059 607
1059 627
1059 1105
1059 1062
1059 910
1059 1197
1059 1180
1059 657
1059 1060
1060 927
1060 941
1060 1059
1060 1104
1060 1184
1060 654
1060 1205
1060 1197
1060 633
1060 618
1061 633
1061 938
1061 660
1061 1059
1061 1182
1061 668
1061 625
1061 974
1061 655
1061 913
1062 660
1062 941
1062 943
1062 906
1062 901
1062 1184
1062 1061
1062 1105
1062 671
1062 907
1063 1064
1063 1065
1063 1088
1063 1093
1063 1123
1063 1124
1063 1185
1064 1209
1064 801
1064 1201
1064 808
1064 1186
1064 1063
1064 635
1064 1208
1064 1200
1064 628
1065 1202
1065 1185
1065 1189
1065 1207
1065 1064
1065 801
1065 811
1065 1200
1065 1199
1065 1187
1066 343
1066 1100
1066 1218
1066 1217
1066 1116
1066 1124
1066 379
1066 1190
1066 1118
1066 1068
1067 1066
1067 1217
1067 1190
1067 1186
1067 374
1067 1064
1067 1118
1067 1187
1067 1068
1067 801
1068 87
1068 1066
1068 1067
1068 1093
1068 1118
1068 1123
1068 1124
1068 1190
1068 1217
1069 96
1069 97
1069 1070
1069 1071
1069 1112
1069 1113
1070 352
1070 1069
1070 1071
1070 1112
1070 1121
1071 372
1071 1069
1071 1070
1071 1112
1072 34
1072 54
1072 644
1072 765
1072 768
1072 1102
1073 1074
1073 1075
1073 1077
1073 1079
1073 1081
1073 1082
1073 1138
1073 1194
1074 1157
1074 1191
1074 1142
1074 1082
1074 781
1074 1154
1074 1076
1074 1192
1074 779
1074 1144
1075 1073
1075 1079
1075 1080
1075 1081
1075 1082
1075 1090
1075 1138
1075 1194
1076 10
1076 771
1076 688
1076 760
1076 7
1076 1193
1076 779
1076 3
1076 1153
1076 587
1077 17
1077 1073
1078 1159
1078 1142
1078 1157
1078 1076
1078 1193
1078 1191
1078 1079
1078 1154
1078 779
1078 781
1079 1144
1079 1193
1079 1155
1079 1194
1079 779
1079 1073
1079 1157
1079 1156
1079 1159
1079 760
1080 31
1080 1075
1080 1081
1080 1090
1080 1107
1080 1147
1080 1195
1081 1106
1081 1194
1081 1195
1081 1197
1081 1082
1081 1147
1081 1079
1081 1080
1081 1090
1081 1073
1082 594
1082 1109
1082 1198
1082 1180
1082 588
1082 1192
1082 1159
1082 1196
1082 1158
1082 1107
1083 23
1083 31
1083 32
1083 748
1083 749
1083 1089
1083 1091
1083 1137
1085 1024
1085 1151
1085 1152
1085 1153
1085 1156
1086 751
1087 917
1087 1024
1088 1063
1088 1123
1089 32
1089 699
1089 748
1089 749
1089 1083
1089 1134
1090 1147
1090 1180
1090 1081
1090 1182
1090 1080
1090 1198
1090 1075
1090 1195
1090 1107
1090 1196
1091 653
1091 1107
1091 1104
1091 1105
1091 1059
1091 652
1091 1083
1091 31
1091 667
1091 1195
1092 709
1092 741
1092 1099
1092 1132
1092 1135
1093 87
1093 93
1093 1063
1093 1068
1093 1123
1094 753
1094 1098
1094 853
1094 1219
1094 744
1094 399
1094 1101
1094 403
1094 400
1094 392
1095 374
1095 789
1095 1218
1095 1096
1095 1214
1095 409
1095 410
1095 387
1095 411
1095 375
1096 349
1096 393
1096 1116
1096 1095
1096 1168
1096 1219
1096 740
1096 742
1096 1100
1096 1119
1097 332
1097 1118
1097 349
1097 343
1097 1094
1097 1116
1097 336
1097 379
1097 1066
1097 649
1098 740
1098 1096
1098 1095
1098 348
1098 1190
1098 1117
1098 745
1098 1101
1098 1218
1098 753
1099 666
1099 703
1099 1092
1099 1132
1099 1135
1100 738
1100 1217
1100 646
1100 1066
1100 1167
1100 334
1100 349
1100 341
1100 1098
1100 1097
1101 1119
1101 1166
1101 1218
1101 1168
1101 1100
1101 1164
1101 1219
1101 1116
1101 1216
1101 1098
1102 54
1102 644
1102 768
1102 1072
1102 1103
1102 1108
1103 644
1103 697
1103 768
1103 1102
1104 655
1104 653
1104 1182
1104 913
1104 1107
1104 1197
1104 1062
1104 602
1104 1184
1104 676
1105 669
1105 626
1105 652
1105 929
1105 671
1105 602
1105 606
1105 928
1105 1180
1105 1109
1106 1196
1106 1090
1106 595
1106 1194
1106 1205
1106 760
1106 1182
1106 627
1106 1192
1106 1082
1107 1196
1107 627
1107 634
1107 1059
1107 929
1107 1205
1107 1081
1107 617
1107 934
1107 618
1108 54
1108 699
1108 1102
1108 1133
1109 600
1109 1060
1109 1195
1109 627
1109 593
1109 935
1109 632
1109 927
1109 936
1109 618
1110 620
1110 804
1110 1206
1110 635
1110 376
1110 640
1110 1208
1110 379
1110 397
1110 615
1111 612
1111 1064
1111 1204
1111 641
1111 1201
1111 1186
1111 805
1111 1206
1111 628
1111 619
1112 351
1112 352
1112 372
1112 1069
1112 1070
1112 1071
1113 365
1113 372
1113 1069
1113 1125
1114 853
1114 384
1114 1094
1114 409
1114 380
1114 413
1114 378
1114 375
1114 1096
1114 410
1115 379
1115 853
1115 378
1115 1215
1115 1190
1115 1067
1115 388
1115 1095
1115 389
1115 374
1116 1097
1116 1066
1116 646
1116 739
1116 341
1116 1094
1116 1168
1116 387
1116 331
1116 380
1117 1066
1117 332
1117 1217
1117 1116
1117 1097
1117 341
1117 1128
1117 349
1117 1219
1117 344
1118 1098
1118 738
1118 1066
1118 1217
1118 1190
1118 1215
1118 1119
1118 380
1118 743
1118 1100
1119 343
1119 650
1119 334
1119 1217
1119 1094
1119 646
1119 330
1119 309
1119 349
1119 1118
1120 329
1120 332
1120 1122
1120 333
1120 334
1120 305
1120 312
1120 370
1120 381
1120 639
1121 61
1121 352
1121 1070
1122 647
1122 576
1122 323
1122 650
1122 306
1122 293
1122 315
1122 331
1122 307
1122 381
1123 87
1123 801
1123 1063
1123 1067
1123 1068
1123 1088
1123 1093
1123 1124
1124 1118
1124 1215
1124 1190
1124 1217
1124 1115
1124 1067
1124 1218
1124 1066
1124 1216
1124 1219
1125 97
1125 1113
1125 1127
1126 44
1126 86
1126 343
1126 1066
1126 1117
1126 1118
1126 1127
1126 1128
1127 42
1127 43
1127 44
1127 86
1127 357
1127 358
1127 1125
1127 1126
1128 43
1128 44
1128 344
1128 1117
1128 1126
1129 345
1129 741
1129 1131
1130 43
1130 61
1131 345
1131 741
1131 1129
1131 1132
1132 60
1132 741
1132 1092
1132 1099
1132 1131
1132 1135
1133 1108
1134 1089
1135 1092
1135 1099
1135 1132
1136 665
1136 666
1136 667
1137 31
1137 32
1137 652
1137 653
1137 667
1137 1083
1137 1091
1138 17
1138 18
1138 1073
1138 1075
1138 1147
1139 562
1139 22
1139 1146
1139 772
1139 21
1139 6
1139 754
1139 560
1139 4
1139 1159
1140 20
1140 22
1140 19
1140 3
1140 1142
1140 21
1140 1141
1140 1153
1140 1158
1140 746
1141 772
1141 20
1141 755
1141 1146
1141 6
1141 760
1141 1143
1141 1076
1141 779
1141 688
1142 1159
1142 779
1142 22
1142 560
1142 6
1142 755
1142 21
1142 1150
1142 20
1142 781
1143 1150
1143 755
1143 9
1143 8
1143 759
1143 19
1143 4
1143 772
1143 593
1143 1140
1144 1194
1144 6
1144 1193
1144 1155
1144 688
1144 1149
1144 1157
1144 1148
1144 3
1144 760
1145 22
1145 1142
1145 560
1145 1154
1145 10
1145 1193
1145 772
1145 1144
1145 755
1145 1076
1146 966
1146 4
1146 1149
1146 7
1146 747
1146 592
1146 9
1146 6
1146 772
1146 1150
1147 12
1147 1080
1147 1081
1147 1090
1147 1138
1148 779
1148 591
1148 1144
1148 781
1148 7
1148 10
1148 780
1148 584
1148 568
1148 9
1149 1143
1149 590
1149 3
1149 754
1149 1158
1149 569
1149 605
1149 22
1149 5
1149 559
1150 1158
1150 938
1150 569
1150 1146
1150 755
1150 1076
1150 939
1150 688
1150 1144
1150 587
1151 21
1151 1142
1151 754
1151 1024
1151 1085
1151 1153
1151 755
1151 771
1151 1146
1151 1150
1152 761
1152 1155
1152 1024
1152 6
1152 1085
1152 763
1152 779
1152 10
1152 21
1152 1150
1153 1146
1153 1148
1153 8
1153 1145
1153 1142
1153 1074
1153 1076
1153 1139
1153 5
1153 1078
1154 759
1154 1150
1154 586
1154 1157
1154 1191
1154 1159
1154 1149
1154 1158
1154 1146
1154 1140
1155 1154
1155 759
1155 19
1155 1191
1155 1139
1155 4
1155 763
1155 1149
1155 1150
1155 1192
1156 1154
1156 1085
1156 760
1156 1193
1156 1074
1156 762
1156 1153
1156 8
1156 1159
1156 1155
1157 1155
1157 1139
1157 1156
1157 760
1157 1151
1157 6
1157 8
1157 594
1157 1074
1157 22
1158 610
1158 614
1158 1082
1158 1151
1158 8
1158 1148
1158 1191
1158 588
1158 772
1158 1193
1159 22
1159 5
1159 1141
1159 759
1159 4
1159 1140
1159 1157
1159 1143
1159 8
1159 772
1160 1161
1160 1163
1160 1164
1160 1173
1160 1174
1161 1054
1161 1160
1161 1163
1161 1164
1162 921
1162 758
1162 745
1162 753
1162 916
1162 386
1162 742
1162 1163
1162 885
1162 902
1163 1054
1163 1096
1163 1098
1163 1101
1163 1160
1163 1161
1163 1162
1163 1164
1163 1168
1164 1101
1164 1160
1164 1161
1164 1163
1164 1166
1164 1173
1164 1177
1165 100
1165 340
1165 346
1165 369
1165 505
1165 651
1165 852
1165 874
1166 648
1166 649
1166 651
1166 1101
1166 1164
1166 1167
1167 575
1167 651
1167 1119
1167 369
1167 1166
1167 339
1167 327
1167 650
1167 646
1167 1097
1168 1214
1168 389
1168 1162
1168 742
1168 391
1168 399
1168 395
1168 789
1168 410
1168 378
1169 928
1169 931
1169 952
1169 1170
1169 1181
1169 1183
1170 1169
1170 1171
1170 1172
1170 1176
1170 1183
1171 1055
1171 1170
1171 1172
1171 1175
1171 1179
1172 1170
1172 1171
1172 1175
1172 1176
1172 1183
1173 1160
1173 1164
1173 1174
1173 1177
1173 1178
1174 1055
1174 1160
1174 1173
1174 1178
1174 1179
1175 1055
1175 1057
1175 1058
1175 1171
1175 1172
1175 1176
1175 1178
1175 1179
1176 1057
1176 1170
1176 1172
1176 1175
1176 1183
1177 1056
1177 1164
1177 1173
1178 1055
1178 1056
1178 1173
1178 1174
1178 1175
1178 1179
1179 1055
1179 1056
1179 1057
1179 1058
1179 1171
1179 1174
1179 1175
1179 1178
1180 969
1180 1196
1180 634
1180 637
1180 627
1180 913
1180 607
1180 1060
1180 602
1180 605
1181 928
1181 931
1181 1060
1181 1109
1181 1169
1181 1180
1181 1182
1181 1183
1181 1184
1181 1196
1182 1107
1182 600
1182 633
1182 657
1182 1205
1182 936
1182 1059
1182 930
1182 942
1182 1105
1183 1169
1183 1170
1183 1172
1183 1176
1183 1181
1183 1184
1184 618
1184 1183
1184 634
1184 609
1184 908
1184 1180
1184 913
1184 927
1184 1062
1184 935
1185 800
1185 1187
1185 1213
1185 1208
1185 628
1185 1064
1185 1110
1185 418
1185 807
1185 1207
1186 1200
1186 1213
1186 1208
1186 1185
1186 1203
1186 796
1186 810
1186 1199
1186 1201
1186 801
1187 752
1187 638
1187 379
1187 800
1187 623
1187 1202
1187 1188
1187 1065
1187 1189
1187 801
1188 619
1188 641
1188 1207
1188 806
1188 1211
1188 623
1188 1204
1188 1199
1188 801
1188 800
1189 638
1189 800
1189 629
1189 807
1189 750
1189 623
1189 621
1189 811
1189 1186
1189 810
1190 389
1190 1068
1190 1218
1190 1098
1190 1215
1190 374
1190 387
1190 1066
1190 744
1190 796
1191 21
1191 1157
1191 1150
1191 1153
1191 1140
1191 771
1191 759
1191 4
1191 1159
1191 1076
1192 1157
1192 1139
1192 1141
1192 760
1192 1155
1192 1151
1192 1143
1192 688
1192 1156
1192 1154
1193 1141
1193 1159
1193 1076
1193 1154
1193 1146
1193 1144
1193 1079
1193 1139
1193 1194
1193 779
1194 1191
1194 1079
1194 1106
1194 1153
1194 1073
1194 1143
1194 1075
1194 1157
1194 1159
1194 1078
1195 1060
1195 634
1195 1104
1195 1180
1195 1059
1195 614
1195 1061
1195 934
1195 942
1195 1082
1196 660
1196 1181
1196 633
1196 608
1196 610
1196 1205
1196 913
1196 943
1196 632
1196 935
1197 934
1197 942
1197 1184
1197 618
1197 609
1197 586
1197 631
1197 1106
1197 633
1197 1109
1198 1060
1198 600
1198 1205
1198 626
1198 928
1198 601
1198 614
1198 942
1198 1081
1198 588
1199 806
1199 638
1199 805
1199 799
1199 1208
1199 418
1199 629
1199 1187
1199 801
1199 624
1200 612
1200 808
1200 1188
1200 806
1200 628
1200 635
1200 621
1200 800
1200 1208
1200 801
1201 616
1201 613
1201 1211
1201 1200
1201 808
1201 629
1201 796
1201 621
1201 806
1201 1110
1202 612
1202 388
1202 628
1202 796
1202 622
1202 805
1202 398
1202 640
1202 806
1202 800
1203 1200
1203 635
1203 619
1203 1208
1203 1212
1203 628
1203 418
1203 621
1203 1064
1203 801
1204 640
1204 801
1204 751
1204 811
1204 611
1204 796
1204 1186
1204 1207
1204 619
1204 1212
1205 1197
1205 1060
1205 1061
1205 632
1205 1107
1205 964
1205 1105
1205 934
1205 1180
1205 594
1206 1213
1206 1215
1206 1212
1206 629
1206 1210
1206 616
1206 388
1206 621
1206 1204
1206 378
1207 1199
1207 811
1207 418
1207 1185
1207 1208
1207 800
1207 798
1207 635
1207 612
1207 395
1208 613
1208 1110
1208 810
1208 624
1208 641
1208 1189
1208 1186
1208 611
1208 1207
1208 629
1209 805
1209 1201
1209 795
1209 800
1209 1189
1209 641
1209 1207
1209 811
1209 799
1209 1212
1210 1189
1210 1110
1210 795
1210 805
1210 1211
1210 620
1210 1208
1210 806
1210 1185
1210 1206
1211 1209
1211 1200
1211 1210
1211 1203
1211 751
1211 798
1211 1188
1211 1206
1211 1208
1211 1187
1212 799
1212 621
1212 612
1212 805
1212 1186
1212 615
1212 1188
1212 1110
1212 1185
1212 616
1213 798
1213 752
1213 808
1213 1199
1213 640
1213 1188
1213 1185
1213 613
1213 1187
1213 1210
1214 412
1214 379
1214 1215
1214 789
1214 742
1214 384
1214 391
1214 885
1214 1114
1214 770
1215 744
1215 739
1215 399
1215 830
1215 640
1215 1214
1215 376
1215 1097
1215 388
1215 628
1216 770
1216 753
1216 1098
1216 387
1216 386
1216 1095
1216 1116
1216 399
1216 1215
1216 740
1217 1100
1217 1117
1217 341
1217 1119
1217 1116
1217 1094
1217 349
1217 343
1217 1115
1217 1118
1218 399
1218 339
1218 379
1218 745
1218 380
1218 1115
1218 375
1218 1097
1218 1118
1218 387
1219 348
1219 1100
1219 742
1219 1216
1219 331
1219 341
1219 1116
1219 1117
1219 1119
1219 1190
