-0.075030 0.119511 0.384613 0.631975 0.511656 -0.582079
-0.082140 0.139454 0.393313 0.362675 0.536520 -0.761980
-0.077565 0.141110 0.398697 0.772115 0.404304 -0.490281
0.102816 0.230041 0.367855 0.819690 -0.421704 0.387652
0.104263 0.229556 0.362634 0.906510 -0.414752 0.078870
0.105275 0.236287 0.365122 0.962324 -0.034415 0.269717
0.102014 0.234214 0.371253 0.745124 -0.162755 0.646762
0.098011 0.224843 0.369410 0.577221 -0.656735 0.485298
0.096503 0.232561 0.375688 0.430870 -0.247027 0.867945
0.091589 0.221485 0.369550 0.227079 -0.834324 0.502333
0.095081 0.220313 0.356941 0.417665 -0.890922 -0.178365
0.100684 0.223946 0.359761 0.721764 -0.691300 -0.034082
-0.152932 0.107763 0.175668 -0.591338 -0.298429 0.749173
-0.119254 0.110180 0.184570 -0.324052 -0.884710 0.335080
-0.130970 0.127183 0.207487 -0.756484 -0.381165 0.531455
0.083243 0.245533 0.376039 -0.032594 0.448366 0.893256
0.093400 0.253050 0.367117 0.322327 0.864437 0.385815
0.086490 0.254643 0.365618 0.174242 0.960426 0.217306
0.090400 0.244634 0.376744 0.226217 0.399367 0.888444
0.099397 0.249002 0.367548 0.643090 0.642509 0.416674
0.112913 0.223652 0.357795 0.915790 0.169988 0.363914
0.103168 0.239549 0.314739 0.787457 0.611133 0.080172
0.110172 0.228052 0.359391 0.610341 0.761370 0.218631
0.102070 0.248105 0.357899 0.787312 0.608027 -0.102192
0.088310 0.219209 0.354605 0.197726 -0.973719 -0.113033
0.084530 0.220478 0.368251 0.007003 -0.804350 0.594114
0.089903 0.233410 0.394592 0.647621 -0.746385 0.153285
0.095511 0.236981 0.382308 0.647634 -0.755464 -0.099220
0.109110 0.246177 0.362752 0.540028 -0.829830 -0.140543
0.105013 0.242630 0.361625 0.927657 0.359193 0.102138
0.105816 0.238458 0.358228 0.982841 0.137365 -0.123103
-0.165332 0.078101 0.099839 0.631409 -0.774004 0.047329
-0.163876 0.075929 0.064247 0.509036 -0.671483 -0.538509
-0.140011 0.097378 0.102486 0.521488 -0.852677 0.031513
-0.195074 0.052482 0.093704 0.662657 -0.746732 0.057238
-0.194495 0.049177 0.062506 0.671408 -0.476331 -0.567733
-0.177423 0.089799 0.141828 -0.796675 0.602181 0.051841
-0.176754 0.085739 0.156005 -0.699791 -0.099979 0.707317
-0.156178 0.115032 0.165181 -0.834760 0.508511 0.211167
0.103454 0.237971 0.335274 0.793573 0.579497 0.185541
0.107524 0.228301 0.360892 0.380151 0.899263 0.216361
0.085623 0.233668 0.407097 0.828994 -0.134679 0.542799
0.113003 0.251881 0.366573 0.870753 0.235313 0.431761
0.085198 0.230244 0.392115 0.812107 -0.264098 0.520321
0.091344 0.232864 0.382084 0.953679 -0.070965 0.292337
0.054592 0.090699 0.401626 0.847923 0.515964 -0.121686
0.051512 0.094423 0.420065 0.868018 -0.219062 0.445597
0.053877 0.082893 0.404619 0.792573 -0.466796 0.392338
0.050615 0.103210 0.418447 0.648965 0.739436 -0.179105
0.076606 0.225587 0.405463 0.826840 -0.329645 0.455708
0.087002 0.219431 0.395707 0.758267 0.160828 0.631796
0.094726 0.226607 0.386163 0.716208 0.452133 0.531622
0.097667 0.229053 0.376235 0.526602 0.807678 0.265229
0.092994 0.239774 0.357145 0.959163 0.191514 0.208155
0.045807 0.098045 0.428329 0.470444 -0.310634 0.825948
0.057256 0.221427 0.443385 0.780338 -0.131609 0.611352
0.056993 0.214054 0.433517 0.778191 -0.208136 0.592535
0.062832 0.198788 0.427023 0.735142 -0.000002 0.677913
0.090526 0.208105 0.394180 0.847822 0.001742 0.530278
0.035439 0.217103 0.463948 0.653582 0.082265 0.752372
0.030567 0.198088 0.460808 0.610818 -0.244019 0.753230
0.031098 0.181499 0.457520 0.518532 -0.288566 0.804894
0.048538 0.173793 0.440676 0.529912 -0.755392 0.385456
0.059780 0.179408 0.428885 0.622361 -0.706505 0.336923
0.070459 0.183512 0.417666 0.737032 -0.438938 0.513923
0.087474 0.192856 0.400308 0.811228 -0.404168 0.422559
-0.000000 0.190454 0.477688 0.000000 -0.583682 0.811983
-0.000000 0.177497 0.466970 0.000000 -0.451245 0.892400
0.043878 0.081643 0.413123 0.434346 -0.682981 0.587265
0.107752 0.177617 0.316224 -0.384495 -0.445438 -0.808547
0.107573 0.187669 0.312009 -0.175776 -0.414173 -0.893064
0.111853 0.178940 0.316810 0.618888 -0.374552 -0.690426
0.046146 0.174013 0.437487 0.423155 -0.829415 0.364707
0.026436 0.169456 0.447674 0.355707 -0.841191 0.407271
-0.000000 0.208676 0.500000 0.000000 0.178916 0.983864
-0.035439 0.217103 0.463948 -0.653582 0.082265 0.752372
-0.030567 0.198088 0.460808 -0.610818 -0.244019 0.753230
-0.031098 0.181499 0.457520 -0.518532 -0.288566 0.804894
0.111577 0.173397 0.320027 0.758271 -0.651677 -0.018493
-0.000000 0.161431 0.459883 0.000000 -0.883418 0.468585
-0.026506 0.169785 0.451340 -0.357665 -0.820131 0.446611
0.107421 0.171456 0.319512 -0.721472 -0.674514 -0.156554
-0.000000 0.162274 0.454055 -0.000000 -0.936871 0.349675
0.026506 0.169785 0.451340 0.357665 -0.820131 0.446611
0.107242 0.175447 0.322960 -0.578394 -0.435405 0.689842
-0.056993 0.214054 0.433517 -0.778191 -0.208136 0.592535
-0.062832 0.198788 0.427023 -0.735142 -0.000002 0.677913
-0.048538 0.173793 0.440676 -0.529912 -0.755392 0.385456
0.103566 0.243116 0.366848 0.840841 0.352336 0.410909
0.102324 0.239630 0.370836 0.804760 0.144583 0.575723
-0.026436 0.169456 0.447674 -0.355707 -0.841191 0.407271
-0.057256 0.221427 0.443385 -0.780339 -0.131609 0.611352
-0.076606 0.225587 0.405463 -0.826840 -0.329645 0.455708
-0.087002 0.219431 0.395707 -0.758267 0.160828 0.631796
-0.090526 0.208105 0.394180 -0.847822 0.001742 0.530278
-0.087474 0.192856 0.400308 -0.811228 -0.404168 0.422559
-0.070459 0.183512 0.417666 -0.737032 -0.438938 0.513923
-0.059780 0.179408 0.428885 -0.622361 -0.706505 0.336923
-0.085623 0.233668 0.407097 -0.828994 -0.134679 0.542799
-0.085198 0.230244 0.392115 -0.812107 -0.264098 0.520321
-0.094726 0.226607 0.386163 -0.716208 0.452133 0.531622
-0.112913 0.223652 0.357795 -0.915790 0.169987 0.363914
-0.111070 0.215045 0.350181 -0.945504 -0.218786 0.241155
-0.098810 0.201746 0.377294 -0.883589 -0.378602 0.275557
-0.089903 0.233410 0.394592 -0.647621 -0.746385 0.153285
-0.091344 0.232864 0.382084 -0.953679 -0.070965 0.292337
-0.097667 0.229053 0.376235 -0.526602 0.807678 0.265229
-0.110172 0.228052 0.359391 -0.610341 0.761370 0.218631
-0.103168 0.239549 0.314739 -0.787457 0.611133 0.080172
-0.118747 0.234138 0.305043 -0.868561 0.494302 0.035597
0.113073 0.189220 0.312449 0.680909 -0.340834 -0.648225
-0.148149 0.098045 0.164286 0.251630 -0.890697 0.378604
-0.171783 0.075950 0.141411 0.406682 -0.847725 0.340547
-0.095511 0.236981 0.382308 -0.647634 -0.755464 -0.099220
-0.092994 0.239774 0.357145 -0.959163 0.191514 0.208155
-0.107524 0.228301 0.360892 -0.380150 0.899263 0.216361
-0.103454 0.237971 0.335274 -0.793573 0.579497 0.185541
-0.204590 0.044004 0.100441 0.506951 -0.839843 0.194072
-0.234511 0.015508 0.038481 0.635059 -0.727951 -0.258432
-0.198614 0.065812 0.092957 -0.714406 0.694945 -0.081707
-0.206849 0.057408 0.101687 -0.781462 0.622315 0.045181
-0.172480 0.091511 0.098233 -0.745104 0.663964 -0.063029
0.114450 0.190086 0.320545 0.977271 -0.211976 -0.002590
-0.214639 0.043624 0.102359 -0.546742 -0.533810 0.645074
-0.259106 0.000000 0.013583 0.406538 -0.242239 -0.880935
0.111386 0.177097 0.323042 0.593999 -0.370263 0.714192
0.107349 0.185622 0.326487 -0.277555 -0.537703 0.796140
0.105911 0.194951 0.336993 0.587400 -0.749940 -0.304222
0.106919 0.193419 0.333619 0.199169 -0.816806 0.541442
0.111291 0.198597 0.339089 0.898496 -0.362131 0.248125
0.102912 0.180851 0.338612 0.111727 0.072032 -0.991125
0.104440 0.190679 0.336978 0.394988 -0.237237 -0.887526
0.106536 0.180752 0.341134 0.826950 -0.050502 -0.560002
0.105391 0.168823 0.337381 0.767407 -0.036235 -0.640136
-0.197615 0.061405 0.062059 -0.367624 0.509597 -0.777922
-0.170026 0.088555 0.063045 -0.606391 0.441241 -0.661510
-0.122166 0.225416 0.307276 -0.939562 -0.291855 0.179009
0.101600 0.167810 0.335547 0.766977 -0.058693 -0.638985
0.105311 0.166422 0.338570 0.695222 -0.718750 0.008089
0.100858 0.163941 0.335525 0.292828 -0.876548 0.381989
-0.236749 0.023013 0.037822 -0.201122 0.658874 -0.724869
0.100272 0.168133 0.341007 -0.519544 -0.693810 0.498701
0.104142 0.169052 0.342396 0.264156 -0.693764 0.670010
-0.107262 0.208179 0.358409 -0.828225 -0.552777 0.092096
-0.109547 0.212527 0.341120 -0.784029 -0.620485 0.017231
0.100037 0.179264 0.352598 -0.332748 -0.603856 0.724318
-0.121960 0.131932 0.288910 -0.870752 -0.483254 -0.090867
-0.128909 0.156435 0.273525 -0.993554 -0.054726 0.099277
-0.118087 0.134517 0.257809 -0.860233 -0.504692 -0.072701
0.108428 0.192320 0.342618 0.969743 -0.188361 -0.155300
-0.102324 0.239630 0.370836 -0.804760 0.144583 0.575723
-0.097101 0.242561 0.374917 -0.578484 0.278085 0.766828
-0.103566 0.243116 0.366848 -0.840841 0.352335 0.410909
-0.099397 0.249002 0.367548 -0.643090 0.642509 0.416674
-0.090400 0.244634 0.376744 -0.226217 0.399367 0.888444
-0.093400 0.253050 0.367117 -0.322327 0.864437 0.385815
-0.083243 0.245533 0.376039 0.032594 0.448366 0.893256
-0.084737 0.090061 0.297145 -0.586139 -0.799055 -0.133985
-0.079985 0.091895 0.268609 -0.633055 -0.767612 -0.100064
-0.111027 0.116137 0.304133 -0.784241 -0.619337 -0.037254
-0.123008 0.133985 0.322244 -0.904357 -0.168874 0.391944
-0.126040 0.139306 0.316308 -0.823509 0.212897 0.525840
-0.125987 0.152692 0.309517 -0.571869 0.340056 0.746544
-0.102070 0.248105 0.357899 -0.787312 0.608027 -0.102192
-0.105013 0.242630 0.361625 -0.927657 0.359193 0.102138
0.107824 0.178242 0.347441 0.940491 -0.234929 0.245532
-0.044849 0.068143 0.310883 -0.393535 -0.912634 -0.110585
-0.038134 0.069183 0.273360 -0.387404 -0.917683 -0.088183
-0.069400 0.077642 0.328801 -0.454309 -0.882603 -0.120897
-0.092759 0.093239 0.322698 -0.684641 -0.717282 -0.129507
-0.106277 0.110800 0.319947 -0.815890 -0.565246 -0.121740
-0.119191 0.128628 0.326542 -0.863926 -0.203270 0.460775
-0.049750 0.069141 0.334755 -0.462220 -0.874696 -0.145807
-0.032419 0.058544 0.341123 -0.381211 -0.915871 -0.125929
-0.066687 0.070431 0.371880 -0.542650 -0.660006 0.519541
-0.082965 0.079293 0.361429 -0.677383 -0.513411 0.526841
-0.095051 0.088493 0.352329 -0.774743 -0.533182 0.339839
0.104012 0.179795 0.351921 0.583422 -0.427783 0.690377
0.044849 0.068143 0.310883 0.393535 -0.912634 -0.110585
0.032419 0.058544 0.341123 0.381211 -0.915871 -0.125929
-0.000000 0.049613 0.316924 -0.000000 -0.984809 -0.173644
0.106279 0.193256 0.351525 0.945095 -0.041059 0.324206
-0.039767 0.055687 0.384584 -0.511206 -0.599384 0.615961
-0.022958 0.049872 0.389683 -0.303136 -0.803753 0.511947
-0.055650 0.062297 0.375975 -0.609973 -0.661809 0.435824
0.104444 0.193852 0.359518 0.704855 -0.381690 0.597907
0.084737 0.090061 0.297145 0.586139 -0.799055 -0.133985
0.069400 0.077642 0.328801 0.454309 -0.882603 -0.120897
0.049750 0.069141 0.334755 0.462220 -0.874696 -0.145807
0.055650 0.062297 0.375975 0.609973 -0.661809 0.435824
0.039767 0.055687 0.384584 0.511206 -0.599384 0.615961
0.022958 0.049872 0.389683 0.303136 -0.803753 0.511947
-0.000000 0.045052 0.348138 0.000000 -0.997575 -0.069595
-0.105275 0.236287 0.365122 -0.962324 -0.034415 0.269717
0.079985 0.091895 0.268609 0.633055 -0.767612 -0.100064
0.121960 0.131932 0.288910 0.870752 -0.483254 -0.090867
0.111027 0.116137 0.304133 0.784241 -0.619337 -0.037254
0.092759 0.093239 0.322698 0.684641 -0.717283 -0.129507
0.095051 0.088493 0.352329 0.774743 -0.533182 0.339839
0.082965 0.079293 0.361429 0.677383 -0.513411 0.526841
0.066687 0.070431 0.371880 0.542650 -0.660006 0.519541
0.118087 0.134517 0.257809 0.860233 -0.504692 -0.072701
0.099073 0.193458 0.361310 0.320856 -0.820543 0.473034
0.128909 0.156435 0.273525 0.993554 -0.054726 0.099277
0.125987 0.152692 0.309517 0.571869 0.340056 0.746544
0.126040 0.139306 0.316308 0.823509 0.212897 0.525840
0.123008 0.133985 0.322244 0.904357 -0.168874 0.391944
-0.102014 0.234214 0.371253 -0.745124 -0.162755 0.646762
-0.096503 0.232561 0.375688 -0.430870 -0.247027 0.867945
0.099375 0.197253 0.367540 0.769737 -0.497394 0.400131
0.098655 0.193510 0.364317 0.661773 -0.732217 0.160981
0.096825 0.192977 0.367771 0.795373 -0.605405 0.029429
0.093444 0.151517 0.375280 0.390698 -0.727491 0.564014
0.091891 0.149296 0.369178 0.085148 -0.850461 -0.519101
0.096416 0.156046 0.371876 0.963083 -0.260586 0.067577
0.085771 0.154537 0.374412 -0.709343 -0.691136 -0.138432
0.096270 0.168333 0.370247 0.663700 0.164135 -0.729769
0.097691 0.182656 0.373767 0.944221 -0.082113 -0.318910
0.096026 0.167223 0.376104 0.940066 -0.105877 0.324139
-0.089414 0.231634 0.377753 -0.053531 -0.292449 0.954782
-0.082393 0.231394 0.377130 0.074204 -0.298851 0.951410
-0.084530 0.220478 0.368251 -0.007003 -0.804350 0.594114
-0.105816 0.238458 0.358228 -0.982841 0.137365 -0.123103
-0.105505 0.233042 0.358645 -0.974070 -0.183206 -0.132753
0.089901 0.163320 0.384954 0.521870 -0.415314 0.745095
-0.104263 0.229556 0.362634 -0.906510 -0.414752 0.078870
-0.102816 0.230041 0.367855 -0.819690 -0.421704 0.387652
0.087968 0.154837 0.377823 -0.236624 -0.792496 0.562103
0.079103 0.162051 0.382335 -0.832544 -0.549910 -0.066859
0.086671 0.175843 0.392501 0.437314 -0.173686 0.882377
0.082504 0.162195 0.385521 -0.044763 -0.674477 0.736938
0.094129 0.288413 0.126348 0.699908 0.713720 -0.027048
0.122200 0.240725 0.182960 0.926749 0.370680 0.061099
0.123781 0.233169 0.127453 0.951441 0.303127 -0.053605
0.111905 0.239994 0.058433 0.925426 0.362865 -0.109163
0.083421 0.289470 0.051533 0.612570 0.778947 -0.134159
0.073531 0.170431 0.391702 -0.571781 -0.776797 0.263919
-0.098011 0.224843 0.369410 -0.577221 -0.656735 0.485298
0.095713 0.181474 0.380390 0.846542 0.107085 0.521440
0.132401 0.178029 0.184549 0.989342 0.117228 0.086368
0.135585 0.178620 0.122090 0.995694 0.087300 -0.031169
0.129047 0.180437 0.059632 0.980131 0.104661 -0.168493
0.116338 0.188349 -0.003807 0.982722 0.041199 -0.180446
0.107452 0.240408 -0.001483 0.848670 0.490099 -0.198902
0.069239 0.284637 0.001430 0.437601 0.862840 -0.253007
-0.091589 0.221485 0.369550 -0.227079 -0.834324 0.502333
0.127117 0.166615 0.226244 0.990119 0.045658 0.132586
0.135141 0.141692 0.184260 0.948709 0.213585 0.233096
0.134880 0.150016 0.120813 0.958566 0.284814 0.005751
0.132164 0.152090 0.074397 0.944509 0.145267 -0.294620
0.106405 0.129102 -0.006425 0.821983 -0.509642 -0.254184
0.080630 0.185903 0.393080 0.715391 -0.212816 0.665526
0.077803 0.172214 0.392992 0.314862 -0.463263 0.828401
-0.088310 0.219209 0.354605 -0.197726 -0.973719 -0.113033
-0.102979 0.230388 0.352392 -0.842945 -0.335061 -0.420925
-0.100684 0.223946 0.359761 -0.721764 -0.691300 -0.034082
0.069733 0.177392 0.401509 0.459246 -0.839537 0.290293
0.063812 0.138594 0.425074 0.247802 -0.393356 0.885362
0.062393 0.136693 0.422919 -0.723929 -0.673133 0.151062
0.066507 0.137069 0.422291 0.796028 -0.359260 0.487104
0.052817 0.155679 0.431201 -0.633260 -0.577628 0.515100
0.065311 0.132430 0.418283 -0.117673 -0.928127 -0.353176
0.067371 0.142589 0.414705 0.745868 -0.267302 -0.610107
0.067788 0.143221 0.418275 0.965723 -0.035683 0.257112
0.059541 0.159544 0.428462 0.701178 0.063043 0.710194
0.054647 0.158315 0.432376 0.295549 -0.121827 0.947528
0.048486 0.162290 0.433750 -0.397227 -0.576869 0.713745
0.014519 0.152074 0.440075 -0.312915 -0.547891 0.775822
0.005382 0.156444 0.443237 -0.190203 -0.955012 0.227542
0.010261 0.152030 0.437590 -0.793967 -0.607958 0.001797
0.111400 0.113357 0.074913 0.127912 -0.868513 -0.478878
0.018202 0.130562 0.430238 -0.582395 -0.684558 0.438402
0.023033 0.138137 0.437736 0.204396 -0.451316 0.868640
0.016652 0.139067 0.435922 -0.501616 -0.399779 0.767175
0.025856 0.125659 0.428404 0.343113 -0.756679 0.556516
0.027605 0.130547 0.428443 0.847188 -0.388468 0.362444
0.014299 0.139777 0.432431 -0.968677 -0.228397 -0.097470
-0.000000 0.061158 0.180504 0.000000 -0.999086 0.042733
-0.080126 0.079875 0.122090 -0.426231 -0.903584 -0.043153
-0.000000 0.061103 0.122090 0.000000 -0.999127 -0.041787
-0.072909 0.082662 0.059632 -0.423798 -0.894474 -0.142516
-0.000000 0.064529 0.059632 0.000000 -0.996135 -0.087834
0.016414 0.131694 0.427859 -0.737756 -0.285021 -0.611947
0.026293 0.125280 0.424697 0.114771 -0.823985 -0.554866
0.028547 0.131031 0.424874 0.545328 -0.247806 -0.800756
-0.016414 0.131694 0.427859 0.737756 -0.285021 -0.611947
-0.018202 0.130562 0.430238 0.582395 -0.684558 0.438402
-0.026293 0.125280 0.424697 -0.114771 -0.823985 -0.554866
-0.025856 0.125659 0.428404 -0.343113 -0.756679 0.556516
-0.016652 0.139067 0.435922 0.501616 -0.399779 0.767175
-0.023033 0.138137 0.437736 -0.204396 -0.451316 0.868640
-0.027605 0.130547 0.428443 -0.847188 -0.388468 0.362444
-0.028547 0.131031 0.424874 -0.545328 -0.247806 -0.800756
-0.031328 0.139389 0.428942 -0.909215 -0.153828 -0.386865
-0.066507 0.137069 0.422291 -0.796028 -0.359260 0.487104
-0.062393 0.136693 0.422919 0.723929 -0.673133 0.151062
-0.063812 0.138594 0.425074 -0.247802 -0.393356 0.885362
-0.065311 0.132430 0.418283 0.117673 -0.928127 -0.353176
-0.067371 0.142589 0.414705 -0.745868 -0.267302 -0.610107
-0.095081 0.220313 0.356941 -0.417665 -0.890922 -0.178365
-0.096270 0.168333 0.370247 -0.663700 0.164135 -0.729769
-0.096416 0.156046 0.371876 -0.963083 -0.260586 0.067577
-0.096026 0.167223 0.376104 -0.940066 -0.105877 0.324139
-0.097691 0.182656 0.373767 -0.944221 -0.082113 -0.318910
-0.095713 0.181474 0.380390 -0.846542 0.107085 0.521440
-0.122200 0.240725 0.182960 -0.926749 0.370680 0.061099
-0.132401 0.178029 0.184549 -0.989342 0.117228 0.086368
-0.115852 0.241372 0.217882 -0.951308 0.288992 0.107221
-0.123781 0.233169 0.127453 -0.951442 0.303125 -0.053601
-0.089901 0.163320 0.384954 -0.521870 -0.415314 0.745095
-0.086671 0.175843 0.392501 -0.437314 -0.173686 0.882377
-0.080630 0.185903 0.393080 -0.715391 -0.212816 0.665526
-0.077803 0.172214 0.392992 -0.314862 -0.463263 0.828401
-0.095923 0.156349 0.367299 -0.387018 -0.167064 -0.906811
-0.091891 0.149296 0.369178 -0.085148 -0.850461 -0.519101
-0.093444 0.151517 0.375280 -0.390698 -0.727491 0.564014
-0.095689 0.284248 0.187450 -0.655199 0.751124 0.080785
-0.094129 0.288413 0.126348 -0.699907 0.713722 -0.027046
-0.111906 0.239994 0.058433 -0.925426 0.362864 -0.109164
-0.129047 0.180437 0.059632 -0.980132 0.104656 -0.168491
-0.135585 0.178620 0.122090 -0.995694 0.087300 -0.031169
-0.087968 0.154837 0.377823 0.236624 -0.792496 0.562103
-0.082504 0.162195 0.385521 0.044763 -0.674477 0.736938
-0.000000 0.069487 0.018886 0.000000 -0.983658 -0.180048
-0.061531 0.091854 0.001430 -0.430631 -0.868626 -0.245043
0.072909 0.082662 0.059632 0.423798 -0.894474 -0.142516
0.061531 0.091854 0.001430 0.430631 -0.868626 -0.245043
-0.106405 0.129102 -0.006425 -0.821983 -0.509642 -0.254184
-0.048480 0.113003 -0.081689 -0.501491 -0.815178 -0.289814
-0.000000 0.088310 -0.069822 0.000000 -0.963180 -0.268857
0.048480 0.113003 -0.081689 0.501491 -0.815178 -0.289814
0.088090 0.144619 -0.082429 0.787795 -0.558587 -0.259536
-0.088090 0.144619 -0.082429 -0.787795 -0.558587 -0.259536
-0.036629 0.127035 -0.138981 -0.503264 -0.829358 -0.242675
-0.011311 0.114767 -0.143428 -0.411334 -0.876840 -0.248911
-0.000000 0.110434 -0.145000 0.000000 -0.990166 -0.139894
0.011311 0.114767 -0.143428 0.411334 -0.876840 -0.248911
0.036629 0.127035 -0.138981 0.503264 -0.829358 -0.242675
-0.116338 0.188349 -0.003807 -0.982721 0.041197 -0.180449
-0.103981 0.186814 -0.084708 -0.973369 -0.019561 -0.228409
-0.070543 0.151985 -0.152269 -0.753666 -0.605421 -0.255838
-0.031331 0.144387 -0.221367 -0.499649 -0.818796 -0.282708
-0.006959 0.129079 -0.211789 -0.449915 -0.827093 -0.336887
-0.107452 0.240408 -0.001483 -0.848668 0.490100 -0.198907
-0.088413 0.233137 -0.082615 -0.811905 0.533004 -0.238153
-0.070648 0.228244 -0.151948 -0.761204 0.600708 -0.244374
-0.084419 0.187674 -0.157951 -0.963050 -0.020779 -0.268520
-0.055943 0.165398 -0.219980 -0.744105 -0.597280 -0.299272
-0.083421 0.289470 0.051533 -0.612566 0.778950 -0.134161
-0.069239 0.284637 0.001430 -0.437601 0.862840 -0.253007
-0.052360 0.268618 -0.075023 -0.507374 0.817579 -0.272280
-0.036359 0.253172 -0.145207 -0.391103 0.884418 -0.254643
-0.032052 0.234612 -0.218828 -0.418408 0.872132 -0.253617
-0.055634 0.217466 -0.224594 -0.740321 0.609630 -0.283330
-0.007110 0.216571 -0.312775 -0.412965 0.908602 -0.062470
-0.020048 0.204708 -0.327634 -0.812456 0.579654 -0.062574
-0.065421 0.191309 -0.224394 -0.950142 -0.038733 -0.309402
-0.018311 0.179306 -0.335121 -0.745692 -0.665982 -0.020293
-0.005845 0.169967 -0.321229 -0.503095 -0.863708 -0.030064
-0.010571 0.225843 -0.350248 -0.583679 0.715988 0.382987
-0.019581 0.216864 -0.364244 -0.961106 0.267278 -0.069559
-0.027233 0.189334 -0.351496 -0.989998 -0.047490 -0.132848
-0.020266 0.171231 -0.366774 -0.930775 -0.360129 -0.062963
-0.006510 0.155914 -0.360622 -0.499549 -0.782103 0.372512
-0.000000 0.225843 -0.350248 0.000000 0.929200 0.369578
-0.000000 0.264135 -0.394635 0.000000 0.766480 0.642269
-0.011454 0.264135 -0.394635 -0.853414 0.434083 0.288543
-0.014165 0.243021 -0.403256 -0.991808 0.067154 -0.108657
-0.003098 0.206254 -0.412388 -0.649270 -0.272421 -0.710095
-0.020499 0.195698 -0.374226 -0.937066 0.012269 -0.348938
-0.000000 0.219334 -0.312775 0.000000 0.999345 -0.036188
0.007110 0.216571 -0.312775 0.412965 0.908602 -0.062470
0.010571 0.225843 -0.350248 0.583679 0.715988 0.382987
0.011454 0.264135 -0.394635 0.853414 0.434083 0.288543
0.009818 0.299942 -0.438635 0.830551 0.424014 0.361105
-0.000000 0.299942 -0.438635 0.000000 0.794790 0.606885
-0.009818 0.299942 -0.438635 -0.830551 0.424014 0.361105
0.020048 0.204708 -0.327634 0.812457 0.579654 -0.062574
0.019581 0.216864 -0.364244 0.961106 0.267278 -0.069559
0.014165 0.243021 -0.403256 0.991808 0.067154 -0.108657
0.002777 0.284318 -0.442091 0.835298 -0.278858 -0.473830
0.002448 0.292550 -0.464629 0.574500 -0.681370 -0.453525
0.009182 0.316131 -0.460531 0.810278 0.517942 0.274201
0.055634 0.217466 -0.224594 0.740321 0.609630 -0.283330
0.065421 0.191309 -0.224394 0.950142 -0.038733 -0.309402
0.027233 0.189334 -0.351496 0.989998 -0.047490 -0.132848
0.020499 0.195698 -0.374226 0.937066 0.012269 -0.348938
0.003098 0.206254 -0.412388 0.649270 -0.272421 -0.710095
0.002640 0.257750 -0.447171 0.491543 -0.089392 -0.866253
0.032052 0.234612 -0.218828 0.418408 0.872132 -0.253617
0.070648 0.228244 -0.151948 0.761204 0.600708 -0.244374
0.084419 0.187674 -0.157951 0.963050 -0.020779 -0.268520
0.055943 0.165398 -0.219980 0.744105 -0.597280 -0.299272
0.018311 0.179306 -0.335121 0.745692 -0.665982 -0.020293
0.020266 0.171231 -0.366774 0.930775 -0.360129 -0.062963
0.002548 0.163764 -0.406312 0.657788 -0.035937 -0.752345
0.036359 0.253172 -0.145207 0.391103 0.884418 -0.254643
0.088413 0.233137 -0.082615 0.811905 0.533004 -0.238153
0.103981 0.186814 -0.084708 0.973369 -0.019561 -0.228409
0.070543 0.151985 -0.152269 0.753666 -0.605421 -0.255838
0.031331 0.144387 -0.221367 0.499649 -0.818796 -0.282708
0.005845 0.169967 -0.321229 0.503095 -0.863708 -0.030064
0.006510 0.155914 -0.360622 0.499549 -0.782103 0.372512
0.052360 0.268618 -0.075023 0.507374 0.817579 -0.272280
0.006959 0.129079 -0.211789 0.449915 -0.827093 -0.336887
-0.000000 0.165590 -0.314719 0.000000 -0.971582 -0.236702
0.006531 0.117419 -0.203943 0.867343 -0.119127 -0.483244
-0.000000 0.129079 -0.211789 0.000000 -0.718423 -0.695607
-0.000000 0.155914 -0.360622 0.000000 -0.898358 0.439264
-0.000000 0.087537 -0.173694 0.000000 -0.670315 0.742077
0.006089 0.110145 -0.234510 0.728504 0.516017 -0.450564
-0.000000 0.117419 -0.203943 0.000000 0.731643 -0.681688
-0.006531 0.117419 -0.203943 -0.867343 -0.119127 -0.483244
-0.006089 0.110145 -0.234510 -0.728504 0.516017 -0.450564
-0.006136 0.065028 -0.213637 -0.763064 -0.305040 -0.569811
-0.000000 0.060073 -0.195830 -0.000000 -0.565162 0.824980
0.006136 0.065028 -0.213637 0.763064 -0.305040 -0.569811
-0.000000 0.110145 -0.234510 0.000000 0.064880 -0.997893
-0.000000 0.065028 -0.213637 0.000000 -0.211667 -0.977342
-0.000000 0.028469 -0.213884 0.000000 -0.209434 -0.977823
0.005748 0.136574 -0.388933 0.666737 -0.614245 0.422096
-0.000000 0.110492 -0.429435 0.000000 0.461424 -0.887180
-0.000000 0.163764 -0.406312 0.000000 0.133342 -0.991070
-0.000000 0.206254 -0.412388 0.000000 -0.287437 -0.957799
-0.000000 0.136574 -0.388933 0.000000 -0.722890 0.690963
-0.000000 0.099840 -0.416539 0.000000 -0.615903 0.787822
0.005575 0.099840 -0.416539 0.625490 -0.492938 0.604793
-0.005748 0.136574 -0.388933 -0.666737 -0.614245 0.422096
-0.005575 0.099840 -0.416539 -0.625490 -0.492938 0.604793
-0.000000 0.065447 -0.445606 0.000000 -0.824412 0.565990
0.005891 0.065447 -0.445606 0.831719 -0.554975 -0.015724
-0.002548 0.163764 -0.406312 -0.657788 -0.035937 -0.752345
-0.005891 0.065447 -0.445606 -0.831719 -0.554975 -0.015724
-0.000000 0.065119 -0.452948 0.000000 -0.775844 -0.630925
-0.000000 0.257750 -0.447171 0.000000 -0.332834 -0.942985
-0.000000 0.284318 -0.442091 0.000000 -0.493263 -0.869880
-0.085771 0.154537 0.374412 0.709343 -0.691136 -0.138432
0.073670 0.130100 0.396881 -0.888215 0.386555 -0.248292
0.075247 0.137108 0.404218 -0.881330 0.121686 0.456563
0.077565 0.141110 0.398697 -0.772116 0.404304 -0.490281
0.067435 0.112896 0.393820 -0.839639 0.011273 0.543028
0.068299 0.114816 0.390091 -0.794282 0.521994 -0.310868
0.061006 0.101923 0.379256 -0.761908 0.617810 -0.194442
0.059072 0.096959 0.380048 -0.823180 -0.107112 0.557585
0.054970 0.091883 0.370045 -0.655096 0.724357 0.214838
0.060368 0.083906 0.373520 -0.399431 -0.198039 0.895117
0.075030 0.119511 0.384613 -0.631975 0.511656 -0.582079
0.073941 0.106839 0.373417 -0.554926 0.676587 -0.484033
0.070353 0.097303 0.361355 -0.478178 0.859798 -0.179148
0.041456 0.084783 0.348844 -0.313206 0.944866 0.095555
0.050347 0.090383 0.371457 0.078619 0.814933 0.574199
0.058884 0.080471 0.372410 0.306023 0.178758 0.935091
0.057376 0.080538 0.376326 0.912988 0.296274 0.280490
-0.079103 0.162051 0.382335 0.832544 -0.549910 -0.066859
0.082140 0.139454 0.393313 -0.362675 0.536520 -0.761980
0.084886 0.124907 0.382180 -0.221311 0.652512 -0.724741
0.087589 0.113641 0.368491 -0.112965 0.778466 -0.617438
0.087162 0.105266 0.353470 -0.103042 0.976333 -0.190147
0.073320 0.102432 0.326794 -0.461277 0.804514 0.374140
0.058452 0.092218 0.334909 -0.309525 0.904367 0.293793
0.084196 0.148707 0.398376 0.342208 0.793231 -0.503665
0.089571 0.125697 0.383268 0.593663 0.603202 -0.532646
0.094729 0.110450 0.370323 0.866677 0.459474 -0.194306
0.094784 0.101388 0.351536 0.779114 0.483310 0.399240
0.088558 0.106837 0.347453 -0.048425 0.741317 0.669406
0.077867 0.154001 0.406559 -0.702290 0.697076 0.144476
0.096777 0.103145 0.348792 0.407816 0.567430 0.715339
0.097249 0.105358 0.346927 0.182642 0.146022 0.972275
0.090626 0.111878 0.346259 -0.745849 0.278260 0.605211
0.079747 0.112996 0.316471 -0.659398 0.628016 0.413268
0.042650 0.119745 0.291783 -0.334040 0.825881 0.454243
0.028752 0.104813 0.307554 -0.285298 0.850273 0.442314
0.101209 0.128982 0.360995 -0.322083 -0.342565 0.882560
0.099753 0.130793 0.358805 -0.930641 0.140486 0.337892
0.093379 0.123822 0.339006 -0.904569 0.367280 0.216474
0.099256 0.136573 0.335873 -0.613811 0.785270 0.081161
0.081344 0.122511 0.304261 -0.613426 0.719805 0.324945
-0.091557 0.228319 0.344184 -0.382716 -0.575847 -0.722447
-0.098081 0.228729 0.347313 -0.578011 -0.432784 -0.691810
0.102063 0.143032 0.362882 -0.957463 0.131345 0.256929
0.100184 0.136721 0.355153 -0.937115 0.348976 0.005520
0.103635 0.141589 0.352173 -0.677169 0.680299 -0.280419
0.106104 0.141726 0.349599 0.022115 0.858471 -0.512386
0.107627 0.135691 0.335161 0.475097 0.874416 0.098384
0.100378 0.138878 0.330280 -0.237277 0.903170 0.357749
-0.073531 0.170431 0.391702 0.571781 -0.776797 0.263919
0.103832 0.149079 0.364541 -0.962458 0.271187 -0.011476
0.104033 0.148771 0.359870 -0.813864 0.483285 -0.322586
0.105758 0.154606 0.364935 -0.215451 0.867616 -0.448133
0.105421 0.157456 0.370003 -0.766111 0.555619 0.323050
0.104177 0.148440 0.367488 -0.595551 -0.106709 0.796198
0.109704 0.136993 0.331813 0.385592 0.595351 0.704894
0.103737 0.140941 0.328272 -0.472340 0.659729 0.584511
0.103576 0.144199 0.321331 -0.757755 0.603207 0.248895
0.082348 0.131880 0.292115 -0.638097 0.670267 0.378911
0.063529 0.137806 0.266238 -0.596673 0.641998 0.481476
0.111487 0.138515 0.329682 0.177504 -0.029977 0.983663
0.109030 0.146901 0.331353 -0.776985 0.263475 0.571730
0.111206 0.150348 0.330333 -0.841932 0.515742 0.158617
0.110939 0.151673 0.324645 -0.589295 0.806939 0.039746
0.107745 0.150492 0.314776 -0.567717 0.739963 0.360767
-0.069733 0.177392 0.401509 -0.459246 -0.839537 0.290293
0.194495 0.049177 0.062506 -0.671407 -0.476331 -0.567733
0.195074 0.052482 0.093704 -0.662657 -0.746732 0.057238
0.163876 0.075929 0.064247 -0.509036 -0.671483 -0.538509
-0.096825 0.192977 0.367771 -0.795373 -0.605405 0.029429
-0.099375 0.197253 0.367540 -0.769736 -0.497394 0.400131
-0.098655 0.193510 0.364317 -0.661773 -0.732217 0.160981
0.112037 0.149399 0.335436 -0.352138 -0.064569 0.933718
0.112627 0.153917 0.335715 -0.499372 0.690612 0.523146
0.113756 0.154178 0.328763 -0.217554 0.975957 -0.013368
-0.099073 0.193458 0.361310 -0.320856 -0.820543 0.473034
-0.100272 0.168133 0.341007 0.519544 -0.693810 0.498701
-0.100037 0.179264 0.352598 0.332748 -0.603856 0.724318
-0.104142 0.169052 0.342396 -0.264156 -0.693764 0.670010
-0.105311 0.166422 0.338570 -0.695222 -0.718750 0.008089
-0.100858 0.163941 0.335525 -0.292828 -0.876548 0.381989
-0.101600 0.167810 0.335547 -0.766977 -0.058693 -0.638985
-0.105391 0.168823 0.337381 -0.767407 -0.036235 -0.640136
-0.102912 0.180851 0.338612 -0.111727 0.072032 -0.991125
-0.104444 0.193852 0.359518 -0.704855 -0.381690 0.597907
-0.104012 0.179795 0.351921 -0.583422 -0.427783 0.690377
-0.107824 0.178242 0.347441 -0.940491 -0.234929 0.245532
-0.106536 0.180752 0.341134 -0.826950 -0.050502 -0.560002
-0.104440 0.190679 0.336978 -0.394988 -0.237237 -0.887526
0.171783 0.075950 0.141411 -0.406682 -0.847725 0.340547
0.176754 0.085739 0.156005 0.699791 -0.099979 0.707317
0.148149 0.098045 0.164286 -0.251630 -0.890697 0.378604
-0.106279 0.193256 0.351525 -0.945095 -0.041059 0.324206
-0.108428 0.192320 0.342618 -0.969743 -0.188361 -0.155300
0.152932 0.107763 0.175668 0.591338 -0.298429 0.749173
0.156178 0.115032 0.165181 0.834761 0.508511 0.211167
0.099863 0.197994 0.317568 -0.744381 -0.647510 -0.163182
0.089294 0.209471 0.306850 -0.608985 -0.791124 0.057095
0.100703 0.199523 0.305437 0.005224 -0.967187 0.254012
0.089462 0.204287 0.328792 -0.551049 -0.792462 -0.261437
0.059668 0.220328 0.309428 -0.324023 -0.938933 -0.115818
-0.105911 0.194951 0.336993 -0.587400 -0.749940 -0.304222
0.097101 0.242561 0.374917 0.578484 0.278085 0.766828
0.089414 0.231634 0.377753 0.053531 -0.292449 0.954782
0.153621 0.118040 0.101437 0.827662 0.554951 -0.083696
0.104419 0.189096 0.313018 -0.443439 -0.461391 -0.768428
0.103324 0.188334 0.318839 -0.925841 -0.364634 -0.099296
0.101025 0.193513 0.331197 -0.652763 -0.737316 0.173970
0.100126 0.194166 0.334966 -0.045173 -0.846696 -0.530156
0.098115 0.190049 0.336514 -0.553861 -0.487513 -0.674959
0.085066 0.206947 0.342100 -0.648790 -0.745849 -0.150933
0.106584 0.181513 0.315772 -0.829939 -0.359717 -0.426385
0.106418 0.180022 0.319476 -0.965921 -0.257691 -0.024309
0.104122 0.186906 0.324803 -0.800456 -0.518091 0.301418
0.106790 0.180711 0.322380 -0.898653 -0.289144 0.329876
-0.000000 0.291597 -0.033141 0.000000 0.636414 -0.771348
-0.000000 0.313354 -0.031070 0.000000 0.066413 -0.997792
0.003513 0.291597 -0.033141 0.317120 0.682812 -0.658181
0.003578 0.313354 -0.031070 0.661643 -0.037930 -0.748859
0.005377 0.300896 0.001430 0.923748 0.341177 -0.174033
0.009096 0.325855 -0.006457 0.995841 -0.068716 -0.059823
0.009583 0.337800 0.027643 0.995057 0.089240 0.043558
0.011476 0.310134 0.041294 0.652775 0.745378 -0.135264
0.002905 0.315331 0.122090 0.771239 0.635008 0.044218
-0.000000 0.340869 -0.030807 0.000000 0.367016 -0.930215
0.006450 0.340869 -0.030807 0.591029 0.511897 -0.623415
0.009345 0.348534 -0.012506 0.962114 0.059438 -0.266091
0.007812 0.359135 0.007347 0.989809 0.116185 0.082339
-0.000000 0.381691 0.032687 0.000000 0.841494 0.540267
-0.000000 0.356154 0.077482 -0.000000 0.868189 0.496233
-0.003578 0.313354 -0.031070 -0.661643 -0.037930 -0.748859
-0.006450 0.340869 -0.030807 -0.591029 0.511897 -0.623415
-0.000000 0.348534 -0.012506 0.000000 0.151428 -0.988468
0.007268 0.366621 -0.033951 0.589679 -0.367262 -0.719303
0.007278 0.380869 -0.015629 0.989014 0.141670 0.042207
-0.000000 0.400129 0.007790 0.000000 0.839717 0.543024
-0.003513 0.291597 -0.033141 -0.317120 0.682812 -0.658181
-0.005377 0.300896 0.001430 -0.923748 0.341177 -0.174033
-0.009096 0.325855 -0.006457 -0.995841 -0.068716 -0.059823
-0.009345 0.348534 -0.012506 -0.962114 0.059438 -0.266091
-0.007268 0.366621 -0.033951 -0.589679 -0.367262 -0.719303
-0.000000 0.366621 -0.033951 0.000000 -0.199555 -0.979887
0.004382 0.393057 -0.030911 0.669234 0.064322 -0.740262
-0.000000 0.393057 -0.030911 0.000000 -0.095121 -0.995466
-0.000000 0.416859 -0.038405 -0.000000 0.173085 -0.984907
0.004919 0.397959 -0.021643 0.979370 0.200267 0.026971
-0.004382 0.393057 -0.030911 -0.669234 0.064322 -0.740262
-0.004919 0.397959 -0.021643 -0.979370 0.200267 0.026971
-0.000000 0.408984 -0.012415 -0.000000 0.868295 0.496048
-0.007278 0.380869 -0.015629 -0.989014 0.141670 0.042207
-0.007812 0.359135 0.007347 -0.989809 0.116185 0.082339
-0.009583 0.337800 0.027643 -0.995057 0.089240 0.043558
-0.002905 0.315331 0.122090 -0.771239 0.635008 0.044218
-0.000000 0.329555 0.125643 0.000000 0.929985 0.367598
-0.000000 0.314893 0.184549 0.000000 0.996213 0.086949
-0.011476 0.310134 0.041294 -0.652775 0.745378 -0.135264
0.099508 0.181738 0.339366 -0.581674 -0.099184 -0.807353
0.099611 0.174010 0.338488 -0.348678 0.222985 -0.910330
0.098434 0.172928 0.340629 -0.955567 -0.261015 0.136978
0.097387 0.182051 0.343927 -0.966842 -0.152526 -0.204824
0.094482 0.192210 0.346831 -0.897484 -0.415256 -0.148613
0.084938 0.203439 0.355257 -0.511424 -0.809633 -0.287994
0.098296 0.173743 0.343943 -0.936233 -0.300686 0.181810
0.097296 0.181427 0.348889 -0.944008 -0.310295 0.112094
0.093923 0.191227 0.355653 -0.718976 -0.665751 0.199621
0.094365 0.191933 0.361861 0.042118 -0.996729 -0.068976
0.091428 0.190291 0.365632 0.129062 -0.785364 -0.605431
0.065733 0.201748 0.372712 -0.295146 -0.820215 -0.490037
0.044705 0.214483 0.339811 -0.157802 -0.952713 -0.259685
0.091409 0.180611 0.372571 -0.112515 0.147978 -0.982570
0.078157 0.188045 0.379667 -0.437572 -0.526275 -0.729085
0.054378 0.190654 0.390922 -0.330532 -0.672546 -0.662141
0.021600 0.211453 0.365604 -0.128753 -0.895833 -0.425329
0.025006 0.236890 0.267340 -0.178948 -0.982297 -0.055411
0.139799 0.123238 0.053755 0.169283 0.491823 -0.854081
0.091357 0.169851 0.370073 0.562088 0.262245 -0.784401
0.085362 0.168631 0.373527 0.746825 -0.010437 0.664939
0.083136 0.177336 0.378265 0.912515 -0.030381 0.407912
0.076277 0.172286 0.385269 -0.850074 -0.445110 -0.281516
0.068062 0.176669 0.392611 -0.512692 -0.684331 -0.518496
0.092117 0.161690 0.367752 0.239708 0.058093 -0.969105
0.088189 0.159521 0.370097 -0.252497 -0.799389 -0.545180
0.084212 0.159395 0.373724 -0.700834 -0.706296 -0.099889
0.080391 0.165587 0.378342 0.316694 -0.530134 0.786551
0.095923 0.156349 0.367299 0.387018 -0.167064 -0.906811
0.065968 0.173312 0.398455 0.341812 -0.858840 -0.381521
0.062908 0.169356 0.404055 0.194763 -0.636769 -0.746052
0.040676 0.184396 0.401126 -0.290396 -0.707070 -0.644765
0.068871 0.176208 0.404711 0.851689 -0.522379 -0.041779
0.068969 0.170986 0.409253 0.989324 -0.091582 -0.113363
0.069713 0.164297 0.413583 0.962708 -0.069204 -0.261540
0.063978 0.158135 0.411273 0.039588 -0.333946 -0.941760
0.055048 0.162852 0.412508 -0.528229 -0.569512 -0.629786
0.032272 0.179314 0.413985 -0.263300 -0.799633 -0.539686
0.008909 0.210838 0.369512 -0.122640 -0.902103 -0.413725
0.065894 0.143710 0.414031 -0.211129 -0.317292 -0.924527
0.059281 0.152078 0.415904 -0.677974 -0.360814 -0.640441
0.055290 0.152067 0.422720 -0.814664 -0.454542 -0.360158
0.047328 0.163897 0.422466 -0.714427 -0.672779 -0.192256
0.063899 0.138119 0.417488 -0.686499 -0.349108 -0.637843
0.062021 0.139379 0.421804 -0.842751 -0.334387 -0.421848
0.038836 0.169176 0.430200 0.041278 -0.869127 -0.492863
0.040246 0.168409 0.432228 0.255549 -0.918654 0.301281
0.038993 0.165911 0.432157 0.907495 -0.371689 -0.195705
0.033397 0.164522 0.427914 0.272106 -0.403874 -0.873410
0.013354 0.180671 0.420017 -0.134031 -0.721659 -0.679150
-0.000000 0.206384 0.377959 0.000000 -0.882825 -0.469703
-0.000000 0.240181 0.293341 -0.000000 -0.986038 -0.166522
0.036179 0.152716 0.432315 0.954456 -0.287367 -0.080214
0.029560 0.152746 0.428983 0.095896 0.047719 -0.994247
0.018510 0.162769 0.431763 -0.254050 -0.167608 -0.952558
-0.107421 0.171456 0.319512 0.721472 -0.674514 -0.156554
-0.111577 0.173397 0.320027 -0.758271 -0.651677 -0.018493
-0.107752 0.177617 0.316224 0.384495 -0.445438 -0.808547
-0.073531 0.110655 0.394734 0.022997 -0.527590 0.849188
-0.067435 0.112896 0.393820 0.839639 0.011273 0.543028
-0.078105 0.135172 0.405389 0.161906 -0.295044 0.941666
-0.000000 0.178137 0.423862 0.000000 -0.682474 -0.730910
-0.013354 0.180671 0.420017 0.134031 -0.721659 -0.679150
-0.008909 0.210838 0.369512 0.122640 -0.902103 -0.413725
0.031328 0.139389 0.428942 0.909215 -0.153828 -0.386865
0.027957 0.142156 0.427634 0.171056 0.167173 -0.970975
0.021744 0.142842 0.428385 -0.239240 0.229362 -0.943482
0.020438 0.152436 0.430333 -0.300749 0.126218 -0.945314
-0.075247 0.137108 0.404218 0.881330 0.121686 0.456563
0.012810 0.151067 0.433634 -0.621178 -0.058647 -0.781472
-0.082882 0.145307 0.408187 -0.459253 0.094566 0.883258
0.024566 0.133937 0.424969 -0.010297 0.140218 -0.990067
0.022002 0.134022 0.425902 -0.290099 0.029679 -0.956536
0.018479 0.135338 0.427239 -0.483866 0.191351 -0.853966
0.016505 0.142238 0.430413 -0.523617 0.138724 -0.840584
0.006528 0.158607 0.436475 -0.381713 -0.595553 -0.706832
-0.084393 0.112183 0.393893 -0.601954 -0.389595 0.697042
-0.083321 0.096254 0.379881 -0.412354 -0.681802 0.604244
-0.034385 0.078297 0.414017 0.128005 -0.726098 0.675572
-0.023956 0.071815 0.400391 0.747309 -0.328202 0.577765
-0.029421 0.084638 0.414285 0.892249 -0.046751 0.449117
-0.006528 0.158607 0.436475 0.381713 -0.595553 -0.706832
-0.038091 0.091377 0.426615 0.156914 -0.522680 0.837964
-0.008316 0.087603 0.426436 -0.843401 0.530670 0.084040
-0.012065 0.077488 0.414168 -0.885414 0.455243 0.093788
-0.006515 0.079141 0.425498 -0.647370 -0.421929 0.634735
-0.000000 0.082252 0.431893 0.000000 -0.501828 0.864967
-0.010261 0.152030 0.437590 0.793967 -0.607958 0.001797
-0.005382 0.156444 0.443237 0.190203 -0.955012 0.227542
-0.012810 0.151067 0.433634 0.621178 -0.058647 -0.781472
-0.018510 0.162769 0.431763 0.254050 -0.167608 -0.952558
-0.033397 0.164522 0.427914 -0.272106 -0.403874 -0.873410
-0.032272 0.179314 0.413985 0.263300 -0.799633 -0.539686
-0.014299 0.139777 0.432431 0.968677 -0.228397 -0.097470
-0.016505 0.142238 0.430413 0.523617 0.138724 -0.840584
-0.020438 0.152436 0.430333 0.300749 0.126218 -0.945314
-0.029560 0.152746 0.428983 -0.095896 0.047719 -0.994247
-0.000000 0.098738 0.439865 0.000000 0.985801 0.167917
-0.036179 0.152716 0.432315 -0.954456 -0.287367 -0.080214
-0.038993 0.165911 0.432157 -0.907495 -0.371689 -0.195705
-0.038836 0.169176 0.430200 -0.041278 -0.869127 -0.492863
-0.018479 0.135338 0.427239 0.483866 0.191351 -0.853966
-0.021744 0.142842 0.428385 0.239240 0.229362 -0.943482
-0.027957 0.142156 0.427634 -0.171056 0.167173 -0.970975
-0.022002 0.134022 0.425902 0.290099 0.029679 -0.956536
-0.024566 0.133937 0.424969 0.010297 0.140218 -0.990067
-0.040246 0.168409 0.432228 -0.255549 -0.918654 0.301281
-0.048486 0.162290 0.433750 0.397227 -0.576869 0.713745
-0.047328 0.163897 0.422466 0.714427 -0.672779 -0.192256
-0.055048 0.162852 0.412508 0.528229 -0.569512 -0.629786
-0.040676 0.184396 0.401126 0.290396 -0.707070 -0.644765
-0.021600 0.211453 0.365604 0.128753 -0.895833 -0.425329
-0.052817 0.155679 0.431201 0.633260 -0.577628 0.515100
-0.055290 0.152067 0.422720 0.814664 -0.454542 -0.360158
-0.059281 0.152078 0.415904 0.677974 -0.360814 -0.640441
-0.063978 0.158135 0.411273 -0.039588 -0.333946 -0.941760
-0.062908 0.169356 0.404055 -0.194763 -0.636769 -0.746052
-0.054378 0.190654 0.390922 0.330532 -0.672546 -0.662141
-0.062021 0.139379 0.421804 0.842751 -0.334387 -0.421849
-0.063899 0.138119 0.417488 0.686499 -0.349108 -0.637843
-0.065894 0.143710 0.414031 0.211129 -0.317292 -0.924527
-0.069713 0.164297 0.413583 -0.962708 -0.069204 -0.261540
-0.068969 0.170986 0.409253 -0.989324 -0.091582 -0.113363
-0.068871 0.176208 0.404711 -0.851689 -0.522379 -0.041779
-0.065968 0.173312 0.398455 -0.341812 -0.858840 -0.381521
-0.068062 0.176669 0.392611 0.512692 -0.684331 -0.518496
-0.078157 0.188045 0.379667 0.550493 -0.416818 -0.723340
-0.065733 0.201748 0.372712 0.295146 -0.820215 -0.490037
-0.076277 0.172286 0.385269 0.775847 -0.337747 -0.532906
-0.083136 0.177336 0.378265 0.226823 -0.356420 -0.906375
-0.091409 0.180611 0.372571 0.286050 -0.041601 -0.957311
-0.091428 0.190291 0.365632 0.109379 -0.737356 -0.666590
-0.084938 0.203439 0.355257 0.511424 -0.809633 -0.287994
-0.044705 0.214483 0.339811 0.157802 -0.952713 -0.259685
-0.080391 0.165587 0.378342 -0.316694 -0.530134 0.786551
-0.085362 0.168631 0.373527 -0.730068 0.446573 -0.517274
-0.091357 0.169851 0.370073 0.082300 0.237110 -0.967990
-0.084212 0.159395 0.373724 0.700834 -0.706296 -0.099889
-0.088189 0.159521 0.370097 0.471294 -0.288335 -0.833513
-0.092117 0.161690 0.367752 -0.239708 0.058093 -0.969105
-0.094365 0.191933 0.361861 -0.042118 -0.996729 -0.068976
-0.093923 0.191227 0.355653 0.718976 -0.665751 0.199621
-0.094482 0.192210 0.346831 0.897484 -0.415256 -0.148613
-0.085066 0.206947 0.342100 0.648790 -0.745849 -0.150933
0.008316 0.087603 0.426436 0.843401 0.530670 0.084040
0.172480 0.091511 0.098233 0.745104 0.663964 -0.063029
0.198614 0.065812 0.092957 0.714406 0.694945 -0.081707
0.170026 0.088555 0.063045 0.606391 0.441241 -0.661510
-0.097296 0.181427 0.348889 0.944008 -0.310295 0.112094
-0.097387 0.182051 0.343927 0.966842 -0.152526 -0.204824
-0.098115 0.190049 0.336514 0.553861 -0.487513 -0.674959
-0.089462 0.204287 0.328792 0.551049 -0.792462 -0.261437
-0.098296 0.173743 0.343943 0.936233 -0.300686 0.181810
-0.098434 0.172928 0.340629 0.955567 -0.261015 0.136978
-0.099508 0.181738 0.339366 0.581674 -0.099184 -0.807353
-0.100126 0.194166 0.334966 0.045173 -0.846696 -0.530156
-0.099611 0.174010 0.338488 0.348678 0.222985 -0.910330
-0.106919 0.193419 0.333619 -0.199169 -0.816806 0.541442
-0.101025 0.193513 0.331197 0.652763 -0.737316 0.173970
-0.099863 0.197994 0.317568 0.744381 -0.647510 -0.163182
0.006515 0.079141 0.425498 0.647370 -0.421929 0.634735
0.012065 0.077488 0.414168 0.885414 0.455243 0.093788
-0.107349 0.185622 0.326487 0.277555 -0.537703 0.796140
-0.104122 0.186906 0.324803 0.800456 -0.518091 0.301418
-0.103324 0.188334 0.318839 0.925841 -0.364634 -0.099296
-0.104419 0.189096 0.313018 0.443439 -0.461391 -0.768428
-0.100703 0.199523 0.305437 -0.005224 -0.967187 0.254012
-0.015115 0.070145 0.402988 -0.945129 0.220803 0.240783
-0.010305 0.070298 0.414500 -0.671207 -0.487899 0.558064
0.204590 0.044004 0.100441 -0.506951 -0.839843 0.194072
0.214639 0.043624 0.102359 0.546742 -0.533810 0.645074
0.206849 0.057408 0.101687 0.781462 0.622315 0.045181
-0.106790 0.180711 0.322380 0.898653 -0.289144 0.329876
-0.106418 0.180022 0.319476 0.965921 -0.257691 -0.024309
-0.106584 0.181513 0.315772 0.829939 -0.359717 -0.426385
0.177423 0.089799 0.141828 0.796675 0.602181 0.051841
0.197615 0.061405 0.062059 0.367624 0.509597 -0.777922
-0.107242 0.175447 0.322960 0.578394 -0.435405 0.689842
-0.000000 0.069137 0.418724 0.000000 -0.733852 0.679309
0.234511 0.015508 0.038481 -0.635059 -0.727951 -0.258432
0.010305 0.070298 0.414500 0.671207 -0.487899 0.558064
0.259106 0.000000 0.013583 -0.406538 -0.242239 -0.880935
0.236749 0.023013 0.037822 0.201122 0.658874 -0.724869
0.015115 0.070145 0.402988 0.945129 0.220803 0.240783
0.041171 0.248303 0.421250 0.327702 0.802443 0.498695
-0.000000 0.254314 0.431754 0.000000 0.846677 0.532107
-0.041171 0.248303 0.421250 -0.327702 0.802443 0.498695
0.090383 0.120697 0.387113 0.955661 -0.022396 0.293615
0.092846 0.104470 0.373993 0.878770 -0.353877 0.320210
-0.107745 0.150492 0.314776 0.567717 0.739963 0.360767
-0.110939 0.151673 0.324645 0.589295 0.806939 0.039746
-0.103576 0.144199 0.321331 0.757755 0.603207 0.248895
-0.082348 0.131880 0.292115 0.638097 0.670267 0.378911
-0.081344 0.122511 0.304261 0.613426 0.719805 0.324945
-0.103737 0.140941 0.328272 0.472340 0.659729 0.584511
-0.100378 0.138878 0.330280 0.237277 0.903170 0.357749
-0.099256 0.136573 0.335873 0.613811 0.785270 0.081161
-0.079747 0.112996 0.316471 0.659398 0.628016 0.413268
0.049788 0.264021 0.382113 0.271161 0.870377 0.410994
-0.111206 0.150348 0.330333 0.841932 0.515742 0.158617
-0.000000 0.270710 0.396461 0.000000 0.917007 0.398871
-0.109030 0.146901 0.331353 0.776985 0.263475 0.571730
-0.111487 0.138515 0.329682 -0.177504 -0.029977 0.983663
-0.109704 0.136993 0.331813 -0.385592 0.595351 0.704894
-0.107627 0.135691 0.335161 -0.475097 0.874416 0.098384
-0.049788 0.264021 0.382113 -0.271161 0.870377 0.410994
-0.112037 0.149399 0.335436 0.352138 -0.064569 0.933718
-0.106104 0.141726 0.349599 -0.022115 0.858471 -0.512386
-0.103635 0.141589 0.352173 0.677169 0.680299 -0.280419
-0.100184 0.136721 0.355153 0.937115 0.348976 0.005520
-0.093379 0.123822 0.339006 0.904569 0.367280 0.216474
-0.090626 0.111878 0.346259 0.745849 0.278260 0.605211
-0.073320 0.102432 0.326794 0.461277 0.804514 0.374140
-0.042650 0.119745 0.291783 0.334041 0.825881 0.454243
-0.104033 0.148771 0.359870 0.813864 0.483285 -0.322586
-0.103832 0.149079 0.364541 0.962458 0.271187 -0.011476
-0.113003 0.251881 0.366573 -0.870753 0.235313 0.431761
-0.102063 0.143032 0.362882 0.957463 0.131345 0.256929
-0.099753 0.130793 0.358805 0.930641 0.140486 0.337892
-0.105758 0.154606 0.364935 0.215451 0.867616 -0.448133
-0.105421 0.157456 0.370003 0.766111 0.555619 0.323050
0.093754 0.094149 0.354267 0.802495 -0.103668 0.587583
-0.101209 0.128982 0.360995 0.322082 -0.342565 0.882560
-0.104177 0.148440 0.367488 0.595551 -0.106709 0.796198
-0.097249 0.105358 0.346927 -0.182642 0.146022 0.972275
-0.088558 0.106837 0.347453 0.048425 0.741317 0.669406
-0.087162 0.105266 0.353470 0.103042 0.976333 -0.190147
-0.070353 0.097303 0.361355 0.478178 0.859798 -0.179148
-0.058452 0.092218 0.334909 0.309525 0.904367 0.293793
0.081228 0.084971 0.363653 0.628688 -0.421772 0.653345
0.086231 0.144093 0.401106 0.958879 0.150104 0.240871
0.084393 0.112183 0.393893 0.601954 -0.389595 0.697042
-0.096777 0.103145 0.348792 -0.407816 0.567430 0.715339
-0.094784 0.101388 0.351536 -0.779114 0.483310 0.399240
-0.094729 0.110450 0.370323 -0.866677 0.459474 -0.194306
-0.087589 0.113641 0.368491 0.112965 0.778466 -0.617438
-0.073941 0.106839 0.373417 0.554925 0.676587 -0.484033
-0.061006 0.101923 0.379256 0.761908 0.617810 -0.194442
-0.054970 0.091883 0.370045 0.655096 0.724357 0.214838
-0.041456 0.084783 0.348844 0.313206 0.944866 0.095555
-0.089571 0.125697 0.383268 -0.593663 0.603202 -0.532646
-0.084886 0.124907 0.382180 0.221311 0.652512 -0.724741
-0.068299 0.114816 0.390091 0.794282 0.521994 -0.310868
-0.059072 0.096959 0.380048 0.823180 -0.107112 0.557585
0.083321 0.096254 0.379881 0.412354 -0.681802 0.604244
-0.073670 0.130100 0.396881 0.888215 0.386555 -0.248292
-0.077867 0.154001 0.406559 0.702290 0.697076 0.144476
-0.084196 0.148707 0.398376 -0.342208 0.793231 -0.503665
-0.060368 0.083906 0.373520 0.399431 -0.198039 0.895117
-0.050347 0.090383 0.371457 -0.078619 0.814932 0.574199
-0.047327 0.088974 0.377551 -0.180532 0.980716 0.074865
-0.028789 0.086115 0.379876 0.381885 0.924151 -0.010435
-0.021701 0.076453 0.357007 0.412847 0.901313 0.131120
-0.007683 0.093811 0.314742 0.264621 0.875618 0.404066
-0.058884 0.080471 0.372410 -0.306023 0.178757 0.935091
-0.057376 0.080538 0.376326 -0.912988 0.296274 0.280490
-0.058111 0.081555 0.383442 -0.785930 0.614214 -0.071097
-0.046322 0.088204 0.384544 -0.079579 0.996322 0.031775
-0.031219 0.084455 0.390894 0.389300 0.918842 -0.064606
-0.017804 0.077941 0.389705 0.373760 0.895085 0.243159
-0.012290 0.070574 0.361090 0.308827 0.940468 0.141939
-0.000000 0.095295 0.307255 0.000000 0.937203 0.348784
0.065693 0.093943 0.381992 -0.111664 -0.566440 0.816503
-0.046074 0.089983 0.395550 -0.023130 0.957576 -0.287249
-0.036517 0.091029 0.404041 0.405993 0.857799 -0.315199
-0.027252 0.084542 0.405918 0.816187 0.570399 0.092113
-0.022414 0.080447 0.397415 0.834445 0.444984 0.325101
-0.054592 0.090699 0.401626 -0.847923 0.515964 -0.121686
-0.045630 0.093236 0.405974 0.058736 0.873181 -0.483845
-0.041527 0.100216 0.416119 0.404153 0.774011 -0.487408
-0.031999 0.089776 0.413904 0.763100 0.628011 -0.152578
0.082882 0.145307 0.408187 0.459253 0.094566 0.883258
-0.019948 0.069661 0.394349 0.357127 -0.148356 0.922199
-0.050615 0.103210 0.418447 -0.648965 0.739436 -0.179105
-0.042389 0.112571 0.433883 0.056901 0.941129 0.333225
-0.034643 0.100089 0.427079 0.865450 0.253389 0.432192
-0.017100 0.069388 0.395032 -0.719172 0.225703 0.657153
-0.011123 0.079606 0.393123 -0.282955 0.958726 0.027939
-0.000000 0.070574 0.384153 0.000000 0.968245 -0.250002
-0.007635 0.079677 0.401440 -0.339313 0.938876 -0.058134
-0.000000 0.077115 0.400497 0.000000 0.962354 -0.271801
0.011123 0.079606 0.393123 0.282955 0.958726 0.027939
0.017804 0.077941 0.389705 -0.373760 0.895085 0.243159
0.012290 0.070574 0.361090 -0.308827 0.940468 0.141939
-0.006118 0.080761 0.408290 -0.129102 0.975589 -0.177650
-0.000000 0.081374 0.411875 0.000000 0.946368 -0.323089
0.006118 0.080761 0.408290 0.129102 0.975589 -0.177650
0.007635 0.079677 0.401440 0.339313 0.938876 -0.058135
0.017100 0.069388 0.395032 0.719172 0.225703 0.657153
-0.004270 0.082336 0.416291 -0.234718 0.907830 -0.347495
-0.000000 0.087317 0.424726 0.000000 0.863718 -0.503975
0.004270 0.082336 0.416291 0.234718 0.907830 -0.347495
0.019948 0.069661 0.394349 -0.357127 -0.148356 0.922199
0.022414 0.080447 0.397415 -0.834445 0.444985 0.325101
0.031219 0.084455 0.390894 -0.389300 0.918842 -0.064606
0.028789 0.086115 0.379876 -0.381885 0.924151 -0.010435
0.021701 0.076453 0.357007 -0.412847 0.901313 0.131120
0.007683 0.093811 0.314742 -0.264621 0.875618 0.404066
0.078105 0.135172 0.405389 -0.161906 -0.295044 0.941666
0.023956 0.071815 0.400391 -0.747309 -0.328202 0.577765
0.027252 0.084542 0.405918 -0.816187 0.570399 0.092113
0.036517 0.091029 0.404041 -0.405993 0.857799 -0.315199
0.046074 0.089983 0.395550 0.023130 0.957577 -0.287249
0.046322 0.088204 0.384544 0.079579 0.996322 0.031775
0.047327 0.088974 0.377551 0.180532 0.980716 0.074865
0.029421 0.084638 0.414285 -0.892249 -0.046751 0.449117
0.031999 0.089776 0.413904 -0.763100 0.628011 -0.152578
0.041527 0.100216 0.416119 -0.404153 0.774011 -0.487408
0.045630 0.093236 0.405974 -0.058736 0.873181 -0.483845
0.058111 0.081555 0.383442 0.785930 0.614214 -0.071097
0.034643 0.100089 0.427079 -0.865450 0.253389 0.432192
0.042389 0.112571 0.433883 -0.056901 0.941129 0.333225
0.073531 0.110655 0.394734 -0.022997 -0.527590 0.849188
-0.051137 0.296888 0.231083 -0.307028 0.945907 0.104852
-0.000000 0.309684 0.239782 0.000000 0.992645 0.121060
-0.047735 0.303845 0.184592 -0.315724 0.944964 0.085794
-0.041905 0.310153 0.122090 -0.263009 0.964728 -0.011210
-0.033902 0.305218 0.046139 -0.253943 0.957909 -0.133880
-0.000000 0.242720 -0.218828 0.000000 0.967215 -0.253959
-0.027432 0.276927 -0.065729 -0.224740 0.939451 -0.258695
-0.000000 0.266152 -0.133583 -0.000000 0.967218 -0.253946
-0.029431 0.296776 0.001430 -0.222681 0.940158 -0.257908
-0.000000 0.286430 -0.050711 0.000000 0.958849 -0.283918
0.027432 0.276927 -0.065729 0.224740 0.939451 -0.258695
-0.000000 0.292550 -0.464629 0.000000 -0.803495 -0.595312
-0.000000 0.325780 -0.489665 -0.000000 -0.534933 -0.844894
-0.000000 0.350172 -0.500000 0.000000 0.890888 0.454223
-0.000000 0.316131 -0.460531 0.000000 0.781223 0.624252
-0.002448 0.292550 -0.464629 -0.574500 -0.681370 -0.453525
-0.009182 0.316131 -0.460531 -0.810278 0.517942 0.274201
-0.002777 0.284318 -0.442091 -0.835298 -0.278858 -0.473830
-0.002640 0.257750 -0.447171 -0.491543 -0.089392 -0.866253
0.110342 0.151961 0.367889 0.772517 0.229625 0.592023
0.110350 0.151779 0.364329 0.761611 0.568505 -0.311050
0.029431 0.296776 0.001430 0.222681 0.940158 -0.257908
0.033902 0.305218 0.046139 0.253943 0.957909 -0.133880
0.041905 0.310153 0.122090 0.263009 0.964728 -0.011210
0.107318 0.210152 0.337999 0.969139 -0.200026 0.144079
0.114146 0.196705 0.331275 0.897176 -0.080943 0.434192
0.109999 0.210623 0.322410 0.960794 -0.106100 0.256161
0.113437 0.188225 0.325521 0.739596 -0.412097 0.532141
0.116763 0.197877 0.324227 0.998671 0.009046 0.050739
0.109547 0.212527 0.341120 0.784029 -0.620485 0.017231
0.112358 0.212991 0.321554 0.841626 -0.523163 0.134034
0.122166 0.225416 0.307276 0.939562 -0.291855 0.179009
0.105343 0.206311 0.354893 0.951177 -0.246189 0.186153
0.111070 0.215045 0.350181 0.945504 -0.218786 0.241155
0.107262 0.208179 0.358409 0.828225 -0.552777 0.092096
0.099227 0.201426 0.370798 0.830188 -0.476199 0.289865
0.118747 0.234138 0.305043 0.868561 0.494302 0.035597
0.098810 0.201746 0.377294 0.883589 -0.378602 0.275557
0.086022 0.190823 0.395925 0.701286 -0.692274 0.170158
0.094321 0.193073 0.375782 0.908010 -0.163841 0.385584
0.068516 0.181321 0.415917 0.672115 -0.692997 0.260800
0.073404 0.181328 0.401741 0.711904 -0.613117 0.342461
0.057997 0.178102 0.426283 0.725229 -0.310531 0.614502
0.065452 0.174324 0.416475 0.896733 0.079777 0.435323
0.068325 0.179209 0.408803 0.914240 -0.309319 0.261698
0.052007 0.169109 0.432487 0.454317 -0.002862 0.890836
0.059156 0.170280 0.427708 0.691943 0.183044 0.698362
0.067748 0.163361 0.419194 0.898007 0.095512 0.429489
0.042711 0.170041 0.435059 0.264196 -0.656188 0.706837
0.035639 0.165779 0.435438 0.619425 -0.461260 0.635258
0.023926 0.163705 0.444017 0.427397 -0.401220 0.810157
0.032357 0.152287 0.434898 0.622096 -0.251359 0.741495
0.108630 0.146130 0.366695 0.320578 -0.346047 0.881749
0.022081 0.151461 0.440888 0.185700 -0.314598 0.930883
0.029677 0.138929 0.433043 0.717154 -0.312180 0.623084
0.011135 0.160702 0.445628 0.220105 -0.607531 0.763191
0.112776 0.134969 0.357830 0.942312 -0.177736 0.283649
0.110774 0.138773 0.350941 0.897210 0.373983 -0.234841
-0.011135 0.160702 0.445628 -0.220105 -0.607531 0.763191
-0.000000 0.158439 0.450705 -0.000000 -0.884709 0.466145
0.113148 0.127156 0.332888 0.809010 0.204087 0.551228
0.119498 0.152376 0.327003 0.656500 0.752830 0.047489
0.115644 0.150603 0.311921 0.151629 0.902318 0.403524
-0.023926 0.163705 0.444017 -0.427397 -0.401220 0.810157
-0.022081 0.151461 0.440888 -0.185700 -0.314598 0.930883
0.117992 0.148261 0.333065 0.523142 -0.314808 0.791971
-0.014519 0.152074 0.440075 0.312915 -0.547891 0.775822
-0.035639 0.165779 0.435438 -0.619425 -0.461260 0.635258
-0.032357 0.152287 0.434898 -0.622096 -0.251359 0.741495
-0.029677 0.138929 0.433043 -0.717154 -0.312180 0.623084
-0.042711 0.170041 0.435059 -0.264196 -0.656188 0.706837
-0.046146 0.174013 0.437487 -0.423155 -0.829415 0.364707
-0.052007 0.169109 0.432487 -0.454317 -0.002862 0.890836
0.118416 0.151561 0.333081 0.778823 0.289260 0.556564
-0.057997 0.178102 0.426283 -0.725229 -0.310531 0.614502
-0.059156 0.170280 0.427708 -0.691943 0.183044 0.698362
-0.059541 0.159544 0.428462 -0.701178 0.063043 0.710194
-0.054647 0.158315 0.432376 -0.295549 -0.121827 0.947528
-0.068516 0.181321 0.415917 -0.672115 -0.692997 0.260800
-0.065452 0.174324 0.416475 -0.896733 0.079777 0.435323
-0.067748 0.163361 0.419194 -0.898007 0.095512 0.429489
-0.067788 0.143221 0.418275 -0.965723 -0.035683 0.257112
-0.086022 0.190823 0.395925 -0.701286 -0.692274 0.170158
-0.073404 0.181328 0.401741 -0.711904 -0.613117 0.342461
-0.068325 0.179209 0.408803 -0.914240 -0.309319 0.261698
-0.099227 0.201426 0.370798 -0.830188 -0.476199 0.289865
-0.094321 0.193073 0.375782 -0.908009 -0.163840 0.385584
-0.105343 0.206311 0.354893 -0.951177 -0.246189 0.186153
-0.107318 0.210152 0.337999 -0.969139 -0.200026 0.144079
-0.111291 0.198597 0.339089 -0.898496 -0.362131 0.248125
-0.112358 0.212991 0.321554 -0.841626 -0.523163 0.134034
-0.109999 0.210623 0.322410 -0.960794 -0.106100 0.256161
-0.114146 0.196705 0.331275 -0.897176 -0.080943 0.434192
0.047735 0.303845 0.184592 0.315724 0.944964 0.085794
0.095689 0.284248 0.187450 0.655199 0.751124 0.080785
-0.116763 0.197877 0.324227 -0.998671 0.009046 0.050739
-0.113437 0.188225 0.325521 -0.739596 -0.412097 0.532141
-0.111386 0.177097 0.323042 -0.593999 -0.370263 0.714192
0.123195 0.141620 0.318015 0.871045 0.246979 0.424596
0.123269 0.148288 0.310307 0.329841 0.670269 0.664789
0.115864 0.132569 0.329021 0.613480 0.240570 0.752175
0.051137 0.296888 0.231083 0.307028 0.945907 0.104852
-0.114450 0.190086 0.320545 -0.977271 -0.211976 -0.002590
0.120078 0.137261 0.324370 0.746753 0.011422 0.665004
-0.119498 0.152376 0.327003 -0.656500 0.752830 0.047489
-0.115644 0.150603 0.311921 -0.151629 0.902318 0.403524
-0.123269 0.148288 0.310307 -0.329841 0.670269 0.664789
0.082393 0.231394 0.377130 -0.074204 -0.298851 0.951410
0.116298 0.123198 0.330299 0.891976 -0.180575 0.414453
0.119191 0.128628 0.326542 0.863926 -0.203270 0.460775
-0.123195 0.141620 0.318015 -0.871045 0.246979 0.424596
-0.118416 0.151561 0.333081 -0.778823 0.289260 0.556564
-0.120078 0.137261 0.324370 -0.746753 0.011422 0.665004
-0.117992 0.148261 0.333065 -0.523142 -0.314808 0.791971
-0.115864 0.132569 0.329021 -0.613480 0.240570 0.752175
-0.113148 0.127156 0.332888 -0.809010 0.204087 0.551228
-0.116298 0.123198 0.330299 -0.891976 -0.180575 0.414453
-0.108893 0.117127 0.338502 -0.896174 -0.107585 0.430463
-0.110774 0.138773 0.350941 -0.897210 0.373983 -0.234841
-0.110350 0.151779 0.364329 -0.761611 0.568505 -0.311050
-0.111927 0.113852 0.335833 -0.914312 -0.200622 0.351830
-0.105289 0.107937 0.344538 -0.639265 -0.186880 0.745933
-0.107089 0.129368 0.359165 -0.595829 -0.470626 0.650768
-0.112776 0.134969 0.357830 -0.942312 -0.177736 0.283649
-0.110342 0.151961 0.367889 -0.772517 0.229625 0.592022
-0.107202 0.103579 0.341034 -0.855701 -0.429403 0.288773
-0.098188 0.101991 0.348262 -0.597719 0.190182 0.778821
-0.108630 0.146130 0.366695 -0.320578 -0.346047 0.881749
-0.101222 0.096765 0.346016 -0.843621 -0.309319 0.438892
-0.093754 0.094149 0.354267 -0.802495 -0.103668 0.587583
-0.081228 0.084971 0.363653 -0.628688 -0.421772 0.653345
-0.092846 0.104470 0.373993 -0.878770 -0.353877 0.320210
-0.090383 0.120697 0.387113 -0.955661 -0.022396 0.293615
-0.086231 0.144093 0.401106 -0.958879 0.150104 0.240871
-0.065568 0.076056 0.373028 -0.208163 -0.176622 0.962015
-0.065693 0.093943 0.381992 0.111664 -0.566440 0.816503
-0.060081 0.072714 0.373906 -0.491942 0.040231 0.869698
-0.060917 0.066405 0.373434 -0.660384 -0.488245 0.570534
-0.055443 0.068974 0.377595 -0.675835 -0.252621 0.692409
-0.038060 0.065118 0.386184 -0.466024 -0.616384 0.634738
-0.055826 0.074440 0.387926 -0.841438 -0.493924 0.219138
-0.053877 0.082893 0.404619 -0.792573 -0.466796 0.392338
-0.051512 0.094423 0.420065 -0.868018 -0.219062 0.445597
-0.026196 0.061870 0.392613 -0.244403 -0.380736 0.891800
-0.030313 0.068361 0.400096 0.086906 -0.824082 0.559764
-0.041577 0.068508 0.396604 -0.362804 -0.833055 0.417603
-0.043878 0.081643 0.413123 -0.434346 -0.682981 0.587265
-0.045807 0.098045 0.428329 -0.470444 -0.310634 0.825948
0.107089 0.129368 0.359165 0.595829 -0.470626 0.650768
-0.016569 0.058438 0.394314 -0.311140 -0.382314 0.870073
-0.000000 0.046338 0.388675 -0.000000 -0.750988 0.660316
-0.000000 0.056415 0.395296 0.000000 -0.832347 0.554255
-0.013414 0.063687 0.404603 -0.697990 -0.564479 0.440651
0.108893 0.117127 0.338502 0.896174 -0.107585 0.430463
0.016569 0.058438 0.394314 0.311140 -0.382314 0.870073
0.013414 0.063687 0.404603 0.697990 -0.564479 0.440651
-0.000000 0.059330 0.406629 0.000000 -0.858332 0.513094
0.026196 0.061870 0.392613 0.244403 -0.380736 0.891800
0.038060 0.065118 0.386184 0.466024 -0.616384 0.634738
0.030313 0.068361 0.400096 -0.086906 -0.824082 0.559764
0.034385 0.078297 0.414017 -0.128005 -0.726097 0.675572
0.038091 0.091377 0.426615 -0.156914 -0.522680 0.837964
0.055443 0.068974 0.377595 0.675835 -0.252621 0.692409
0.055826 0.074440 0.387926 0.841438 -0.493924 0.219138
0.041577 0.068508 0.396604 0.362804 -0.833055 0.417603
0.111927 0.113852 0.335833 0.914312 -0.200622 0.351830
0.060917 0.066405 0.373434 0.660384 -0.488245 0.570534
0.060081 0.072714 0.373906 0.491942 0.040231 0.869698
0.065568 0.076056 0.373028 0.208163 -0.176622 0.962015
0.101222 0.096765 0.346016 0.843621 -0.309319 0.438892
0.098188 0.101991 0.348262 0.597719 0.190182 0.778822
0.107202 0.103579 0.341034 0.855701 -0.429403 0.288773
0.105289 0.107937 0.344538 0.639265 -0.186880 0.745933
0.106277 0.110800 0.319947 0.815890 -0.565246 -0.121740
0.105505 0.233042 0.358645 0.974070 -0.183206 -0.132752
-0.112627 0.153917 0.335715 0.499372 0.690612 0.523146
-0.113756 0.154178 0.328763 0.217554 0.975957 -0.013369
-0.118537 0.173486 0.296903 -0.043381 0.464181 0.884678
0.096199 0.280131 0.225163 0.754359 0.655548 0.034642
-0.105941 0.201581 0.305578 -0.133331 -0.927533 -0.349150
-0.113073 0.189220 0.312449 -0.680909 -0.340834 -0.648225
-0.112377 0.203278 0.305614 -0.682229 -0.637640 0.357740
-0.109735 0.188574 0.289863 -0.044466 -0.302516 0.952107
-0.115948 0.188595 0.289871 0.029314 0.033769 0.999000
0.052801 0.289340 0.287946 0.277384 0.950668 0.138883
0.100626 0.274707 0.273979 0.663119 0.748482 -0.006942
-0.000000 0.158021 0.444992 0.000000 -0.997409 0.071941
0.118537 0.173486 0.296903 0.043381 0.464181 0.884678
0.112163 0.176052 0.297826 0.110279 0.514588 0.850316
0.122246 0.175970 0.296361 0.344135 0.448041 0.825124
0.115948 0.188595 0.289871 -0.029314 0.033769 0.999000
-0.025006 0.236890 0.267340 0.178948 -0.982297 -0.055411
-0.000000 0.220355 0.189103 -0.000000 -0.804694 0.593690
-0.052801 0.289340 0.287946 -0.277384 0.950668 0.138883
-0.000000 0.300068 0.305271 -0.000000 0.979426 0.201803
0.031331 0.142631 0.184843 -0.445671 0.715336 0.538211
-0.000000 0.132596 0.178911 -0.000000 0.683295 0.730142
-0.096199 0.280131 0.225163 -0.754359 0.655548 0.034642
-0.100626 0.274707 0.273979 -0.663119 0.748482 -0.006942
-0.031331 0.142631 0.184843 0.445671 0.715337 0.538211
-0.132164 0.152090 0.074397 -0.944509 0.145267 -0.294620
-0.111400 0.113357 0.074913 -0.127912 -0.868513 -0.478878
-0.139799 0.123238 0.053755 -0.169283 0.491822 -0.854081
-0.053939 0.278272 0.344636 -0.247915 0.928429 0.276692
-0.000000 0.284575 0.360133 -0.000000 0.942170 0.335135
0.053939 0.278272 0.344636 0.247915 0.928429 0.276692
0.116560 0.264172 0.324512 0.975635 0.213522 -0.050447
-0.116560 0.264172 0.324512 -0.975635 0.213522 -0.050447
-0.103855 0.175210 0.298756 0.442605 0.462556 0.768208
-0.091939 0.181027 0.272912 0.795508 -0.160950 0.584176
-0.105445 0.188357 0.289779 0.173873 -0.205841 0.963015
-0.112163 0.176052 0.297826 -0.110279 0.514588 0.850316
-0.107573 0.187669 0.312009 0.175776 -0.414173 -0.893064
0.127807 0.103303 0.054523 -0.435462 -0.473994 -0.765312
-0.000000 0.157572 0.438676 0.000000 -0.924652 -0.380814
0.130970 0.127183 0.207487 0.756484 -0.381165 0.531455
0.119254 0.110180 0.184570 0.324052 -0.884710 0.335080
0.140011 0.097378 0.102486 -0.521488 -0.852677 0.031513
0.165332 0.078101 0.099839 -0.631409 -0.774004 0.047329
0.116273 0.104831 0.122214 0.128804 -0.991572 -0.013960
0.105445 0.188357 0.289779 -0.173873 -0.205841 0.963015
0.103855 0.175210 0.298756 -0.442605 0.462556 0.768208
0.088771 0.145456 0.278297 -0.737800 0.394352 0.547848
-0.103668 0.263733 0.276323 -0.998405 0.046661 -0.031793
-0.112069 0.237331 0.262435 -0.922879 0.378178 0.072636
-0.115627 0.223605 0.246378 -0.964987 0.255671 -0.058588
-0.134880 0.150016 0.120813 -0.958566 0.284814 0.005751
-0.127117 0.166615 0.226244 -0.990119 0.045658 0.132586
-0.125245 0.159369 0.254483 -0.991646 -0.057814 -0.115308
-0.135141 0.141692 0.184260 -0.948709 0.213585 0.233096
-0.121334 0.137786 0.237655 -0.893629 -0.396441 0.210384
-0.079159 0.092007 0.245159 -0.594697 -0.802078 0.054836
-0.116273 0.104831 0.122214 -0.128804 -0.991572 -0.013960
-0.077808 0.083336 0.185897 -0.440346 -0.895255 0.067927
-0.033312 0.070566 0.243497 -0.260501 -0.964706 -0.038489
-0.000000 0.059221 0.274623 -0.000000 -0.986944 -0.161065
-0.000000 0.067741 0.242751 -0.000000 -0.996969 -0.077800
0.080126 0.079875 0.122090 0.426231 -0.903584 -0.043153
0.077808 0.083336 0.185897 0.440346 -0.895255 0.067927
0.033312 0.070566 0.243497 0.260501 -0.964706 -0.038489
0.038134 0.069183 0.273360 0.387404 -0.917683 -0.088183
0.079159 0.092007 0.245159 0.594697 -0.802078 0.054836
0.121334 0.137786 0.237655 0.893629 -0.396440 0.210384
0.125245 0.159369 0.254483 0.991646 -0.057814 -0.115308
0.115852 0.241372 0.217882 0.951308 0.288992 0.107221
0.115627 0.223605 0.246378 0.964987 0.255671 -0.058588
0.112069 0.237331 0.262435 0.922879 0.378178 0.072636
0.103668 0.263733 0.276323 0.998405 0.046661 -0.031793
0.123370 0.216562 0.262972 0.945243 0.258877 -0.198742
0.127606 0.203540 0.277952 0.984658 0.000225 0.174496
-0.127807 0.103303 0.054523 0.435462 -0.473994 -0.765312
-0.123370 0.216562 0.262972 -0.945243 0.258877 -0.198742
-0.127606 0.203540 0.277952 -0.984658 0.000225 0.174496
-0.153621 0.118040 0.101437 -0.827662 0.554951 -0.083696
0.092369 0.242471 0.343094 0.452509 0.155492 -0.878099
0.098081 0.228729 0.347313 0.578011 -0.432784 -0.691810
0.091557 0.228319 0.344184 0.382716 -0.575847 -0.722447
0.098831 0.241804 0.346306 0.616484 0.271083 -0.739231
0.102979 0.230388 0.352392 0.842945 -0.335061 -0.420925
0.103553 0.240395 0.351621 0.870064 0.203068 -0.449168
0.096893 0.251878 0.354508 0.510579 0.808407 -0.292896
0.090270 0.253374 0.351971 0.366150 0.791794 -0.488872
0.105941 0.201581 0.305578 0.133331 -0.927533 -0.349150
-0.111853 0.178940 0.316810 -0.618888 -0.374552 -0.690426
-0.122246 0.175970 0.296361 -0.344135 0.448041 0.825124
-0.119170 0.190391 0.291064 -0.674684 -0.191589 0.712808
-0.114762 0.207246 0.306923 -0.888244 -0.255470 0.381783
0.113390 0.213639 0.307381 0.935318 -0.199896 0.291928
0.114762 0.207246 0.306923 0.888244 -0.255470 0.381783
0.109735 0.188574 0.289863 0.044466 -0.302516 0.952107
0.112377 0.203278 0.305614 0.682229 -0.637640 0.357740
0.119170 0.190391 0.291064 0.674684 -0.191589 0.712808
-0.059668 0.220328 0.309428 0.324023 -0.938933 -0.115818
-0.047198 0.226358 0.257109 0.447305 -0.894274 -0.013890
-0.053605 0.224779 0.209756 0.624455 -0.715357 0.313561
0.053605 0.224779 0.209756 -0.624455 -0.715357 0.313561
0.023710 0.220799 0.190859 -0.232884 -0.726150 0.646894
0.057594 0.195009 0.199256 -0.732482 -0.208776 0.647984
-0.023710 0.220799 0.190859 0.232884 -0.726150 0.646894
0.024957 0.183835 0.170943 -0.370132 -0.163732 0.914437
0.056560 0.162241 0.198663 -0.806345 0.259423 0.531514
-0.074308 0.212259 0.261151 0.711053 -0.680671 0.176322
-0.076295 0.187355 0.243117 0.927629 -0.015771 0.373170
-0.057594 0.195009 0.199256 0.732482 -0.208776 0.647984
0.102624 0.255993 0.324525 0.835015 -0.533415 -0.134980
0.100709 0.248898 0.319995 0.994603 0.092032 0.047909
-0.000000 0.180614 0.167499 0.000000 0.014075 0.999901
-0.024957 0.183835 0.170943 0.370132 -0.163731 0.914437
-0.056560 0.162241 0.198663 0.806345 0.259423 0.531514
-0.028752 0.104813 0.307554 0.285298 0.850273 0.442314
-0.063529 0.137806 0.266238 0.596673 0.641998 0.481476
-0.088771 0.145456 0.278297 0.737800 0.394352 0.547848
-0.089294 0.209471 0.306850 0.608985 -0.791124 0.057095
0.047198 0.226358 0.257109 -0.447305 -0.894274 -0.013890
0.074308 0.212259 0.261151 -0.711053 -0.680671 0.176322
0.076295 0.187355 0.243117 -0.927629 -0.015771 0.373171
0.091939 0.181027 0.272912 -0.795508 -0.160950 0.584176
-0.092369 0.242471 0.343094 -0.452509 0.155492 -0.878099
-0.098831 0.241804 0.346306 -0.616484 0.271083 -0.739231
-0.090270 0.253374 0.351971 -0.366150 0.791794 -0.488872
-0.096893 0.251878 0.354508 -0.510579 0.808407 -0.292896
-0.086490 0.254643 0.365618 -0.174242 0.960426 0.217306
-0.103553 0.240395 0.351621 -0.870064 0.203068 -0.449168
0.122396 0.196552 0.284340 0.900631 -0.023617 0.433942
0.101192 0.249313 0.338025 0.819576 -0.571738 -0.037564
0.101131 0.244165 0.335955 0.985650 -0.031675 0.165803
-0.113390 0.213639 0.307381 -0.935318 -0.199896 0.291928
-0.122396 0.196552 0.284340 -0.900631 -0.023617 0.433942
-0.100709 0.248898 0.319995 -0.994603 0.092032 0.047909
-0.101131 0.244165 0.335955 -0.985650 -0.031675 0.165803
-0.095872 0.245794 0.358045 -0.715861 -0.697336 -0.035563
-0.101192 0.249313 0.338025 -0.819576 -0.571738 -0.037564
-0.102624 0.255993 0.324525 -0.835015 -0.533415 -0.134980
-0.109110 0.246177 0.362752 -0.540028 -0.829830 -0.140543
0.095872 0.245794 0.358045 0.715861 -0.697336 -0.035563
