0 1033
0 819
0 837
0 1030
0 1034
0 669
0 816
0 838
0 803
0 833
1 297
1 669
1 827
1 986
1 828
1 650
1 0
1 711
1 826
1 712
2 839
2 833
2 294
2 298
2 297
2 668
2 828
2 295
2 1038
2 827
3 598
3 29
3 40
3 21
3 30
3 5
3 51
3 595
3 18
3 939
4 937
4 930
4 538
4 940
4 30
4 44
4 88
4 23
4 8
4 50
5 17
5 20
5 18
5 43
5 27
5 29
5 19
5 10
5 3
5 89
6 17
6 1219
6 606
6 942
6 605
6 1210
6 601
6 4
6 600
6 51
7 602
7 1160
7 16
7 89
7 43
7 3
7 1164
7 10
7 50
7 605
8 65
8 1165
8 538
8 1162
8 185
8 42
8 20
8 7
8 88
8 597
9 65
9 20
9 605
9 1162
9 539
9 601
9 129
9 50
9 538
9 596
10 27
10 210
10 29
10 238
10 1160
10 89
10 4
10 606
10 942
10 39
11 181
11 944
11 41
11 935
11 9
11 17
11 16
11 606
11 23
11 1165
12 13
12 14
12 36
12 37
12 38
12 111
12 1134
13 12
13 14
13 38
13 111
13 1134
13 1138
14 12
14 13
14 38
14 111
14 306
14 1132
14 1134
14 1135
15 4
15 18
15 42
15 209
15 88
15 5
15 7
15 940
15 41
15 30
16 3
16 790
16 51
16 1012
16 1159
16 19
16 1166
16 11
16 30
16 42
17 1161
17 15
17 1164
17 938
17 44
17 4
17 1163
17 18
17 28
17 27
18 1079
18 8
18 1165
18 25
18 1161
18 11
18 1163
18 9
18 538
18 15
19 16
19 53
19 4
19 27
19 1189
19 29
19 1160
19 939
19 42
19 10
20 1190
20 600
20 538
20 24
20 595
20 3
20 596
20 30
20 16
20 41
21 534
21 24
21 1162
21 1167
21 1164
21 1165
21 11
21 1172
21 1163
21 4
22 933
22 149
22 538
22 1209
22 128
22 202
22 7
22 28
22 8
22 602
23 1166
23 53
23 1189
23 1079
23 209
23 10
23 44
23 89
23 1159
23 1209
24 4
24 546
24 1165
24 217
24 937
24 15
24 27
24 593
24 939
24 181
25 19
25 41
25 30
25 129
25 1161
25 603
25 9
25 210
25 606
25 18
26 17
26 41
26 209
26 18
26 16
26 55
26 8
26 28
26 53
26 1012
27 22
27 938
27 1159
27 3
27 40
27 30
27 181
27 39
27 1162
27 940
28 88
28 3
28 209
28 1111
28 1159
28 41
28 1209
28 1160
28 1219
28 30
29 24
29 41
29 1079
29 10
29 597
29 1161
29 44
29 1209
29 1162
29 89
30 4
30 1165
30 17
30 1079
30 26
30 1160
30 181
30 15
30 1164
30 89
31 32
31 33
31 34
31 112
31 134
31 135
31 1137
32 31
32 33
32 35
32 119
32 134
32 135
33 31
33 32
33 135
33 1106
33 1137
33 1155
34 31
34 117
34 119
34 120
34 123
35 32
35 117
35 119
35 120
35 123
35 134
35 135
36 12
36 37
36 38
36 111
36 112
36 121
36 1158
37 12
37 36
37 38
37 111
37 112
37 121
38 12
38 13
38 14
38 36
38 37
38 111
38 112
38 1134
39 9
39 185
39 1175
39 52
39 937
39 16
39 1160
39 538
39 25
39 931
40 543
40 593
40 202
40 41
40 165
40 1161
40 934
40 602
40 544
40 596
41 28
41 49
41 56
41 1219
41 57
41 27
41 15
41 18
41 52
41 43
42 1162
42 23
42 28
42 19
42 20
42 1219
42 3
42 50
42 942
42 1160
43 52
43 1219
43 790
43 16
43 50
43 937
43 57
43 20
43 8
43 17
44 238
44 211
44 601
44 51
44 15
44 1161
44 1165
44 25
44 945
44 24
45 1071
45 200
45 1072
45 451
45 1073
45 898
45 443
45 1063
45 1066
45 452
46 1066
46 1068
46 1067
46 900
46 1073
46 1063
46 1072
46 885
46 1059
46 892
47 442
47 452
47 443
47 836
47 450
47 902
47 884
47 444
47 821
47 1073
48 47
48 1066
48 898
48 1065
48 45
48 54
48 897
48 899
48 903
48 1062
49 209
49 10
49 29
49 943
49 25
49 52
49 65
49 42
49 19
49 539
50 63
50 256
50 3
50 600
50 949
50 946
50 44
50 89
50 1164
50 938
51 938
51 945
51 1165
51 16
51 605
51 202
51 1159
51 24
51 8
51 251
52 23
52 6
52 17
52 26
52 89
52 19
52 18
52 1209
52 930
52 15
53 941
53 149
53 17
53 934
53 9
53 7
53 20
53 89
53 6
53 28
54 901
54 880
54 1064
54 887
54 897
54 1059
54 452
54 894
54 775
54 1063
55 43
55 625
55 26
55 65
55 64
55 60
55 61
55 59
55 41
55 62
56 55
56 49
56 776
56 625
56 60
56 43
56 63
56 256
56 65
56 41
57 607
57 951
57 236
57 62
57 949
57 251
57 624
57 638
57 56
57 614
58 40
58 202
58 5
58 217
58 602
58 947
58 43
58 605
58 942
58 4
59 67
59 60
59 66
59 955
59 954
59 63
59 266
59 62
59 950
59 55
60 640
60 72
60 73
60 266
60 64
60 267
60 667
60 951
60 958
60 272
61 638
61 666
61 273
61 57
61 266
61 959
61 667
61 1091
61 62
61 955
62 644
62 268
62 658
62 633
62 275
62 263
62 262
62 621
62 282
62 272
63 264
63 635
63 955
63 622
63 633
63 639
63 636
63 58
63 958
63 953
64 944
64 26
64 260
64 65
64 945
64 942
64 951
64 949
64 62
64 613
65 625
65 58
65 230
65 217
65 64
65 612
65 946
65 601
65 953
65 624
66 61
66 955
66 60
66 67
66 79
66 83
66 964
66 968
66 82
66 1091
67 960
67 687
67 666
67 667
67 90
67 76
67 73
67 285
67 686
67 693
68 874
68 901
68 886
68 444
68 46
68 896
68 451
68 887
68 880
68 1066
69 126
69 544
69 929
69 550
69 593
69 129
69 70
69 1167
69 533
69 131
70 138
70 932
70 547
70 967
70 131
70 126
70 165
70 128
70 145
70 1126
71 149
71 141
71 138
71 932
71 165
71 1174
71 542
71 938
71 550
71 202
72 257
72 640
72 634
72 946
72 645
72 632
72 65
72 258
72 646
72 953
73 67
73 282
73 639
73 633
73 79
73 653
73 632
73 963
73 658
73 271
74 59
74 60
74 66
74 67
74 79
75 979
75 87
75 980
75 976
75 77
75 90
75 76
75 91
75 977
75 778
76 969
76 698
76 975
76 700
76 680
76 692
76 688
76 699
76 972
76 980
77 692
77 701
77 682
77 66
77 975
77 286
77 704
77 67
77 700
77 293
78 534
78 129
78 138
78 938
78 126
78 547
78 210
78 181
78 935
78 139
79 276
79 82
79 268
79 293
79 288
79 275
79 273
79 271
79 656
79 686
80 75
80 974
80 691
80 290
80 77
80 682
80 977
80 90
80 87
80 96
81 210
81 1208
81 1093
81 1126
81 71
81 542
81 125
81 935
81 930
81 129
82 1119
82 287
82 275
82 666
82 697
82 960
82 288
82 269
82 955
82 690
83 67
83 960
83 62
83 63
83 953
83 954
83 264
83 637
83 273
83 665
84 596
84 1176
84 142
84 71
84 1126
84 939
84 110
84 546
84 545
84 597
85 97
85 94
85 983
85 984
85 979
85 989
85 501
85 982
85 98
85 692
86 95
86 90
86 93
86 991
86 717
86 691
86 76
86 715
86 977
86 987
87 988
87 713
87 96
87 692
87 963
87 97
87 501
87 980
87 699
87 975
88 539
88 937
88 1079
88 1209
88 149
88 3
88 7
88 601
88 53
88 22
89 15
89 539
89 1189
89 938
89 1164
89 1079
89 1160
89 50
89 40
89 26
90 79
90 80
90 1091
90 289
90 964
90 286
90 67
90 96
90 969
90 97
91 92
91 778
91 76
91 93
91 97
91 75
91 977
91 85
91 980
91 976
92 91
92 99
92 507
92 225
92 86
92 506
92 154
92 220
92 310
92 311
93 979
93 299
93 720
93 96
93 310
93 99
93 303
93 101
93 225
93 733
94 740
94 113
94 485
94 983
94 150
94 98
94 156
94 501
94 106
94 311
95 501
95 303
95 150
95 511
95 985
95 310
95 97
95 520
95 221
95 732
96 984
96 979
96 712
96 721
96 982
96 453
96 704
96 983
96 311
96 708
97 296
97 984
97 691
97 979
97 312
97 75
97 690
97 973
97 977
97 695
98 722
98 222
98 104
98 93
98 113
98 506
98 990
98 808
98 86
98 155
99 95
99 724
99 237
99 102
99 1206
99 107
99 991
99 152
99 106
99 715
100 223
100 304
100 151
100 528
100 156
100 193
100 715
100 723
100 207
100 1218
101 98
101 144
101 253
101 1206
101 100
101 528
101 507
101 104
101 1207
101 95
102 136
102 506
102 1203
102 523
102 144
102 1085
102 150
102 1001
102 723
102 1007
103 1206
103 1218
103 989
103 992
103 521
103 740
103 115
103 501
103 312
103 719
104 220
104 113
104 106
104 155
104 808
104 94
104 505
104 226
104 86
104 520
105 164
105 98
105 107
105 808
105 155
105 152
105 991
105 207
105 1215
105 477
106 208
106 113
106 223
106 513
106 310
106 100
106 95
106 1218
106 164
106 477
107 299
107 245
107 163
107 1207
107 1211
107 144
107 156
107 154
107 732
107 995
108 1212
108 1202
108 1112
108 758
108 1128
108 163
108 107
108 478
108 477
108 115
109 115
109 101
109 1213
109 1203
109 997
109 144
109 1212
109 136
109 1157
109 1170
110 138
110 139
110 1176
110 533
110 1208
110 181
110 534
110 149
110 1201
110 126
111 12
111 13
111 14
111 36
111 37
111 38
111 112
111 1134
112 31
112 36
112 37
112 38
112 111
112 120
113 987
113 106
113 94
113 506
113 1204
113 93
113 114
113 101
113 477
113 151
114 93
114 222
114 511
114 221
114 150
114 156
114 991
114 103
114 735
114 477
115 102
115 152
115 478
115 1001
115 1214
115 219
115 744
115 101
115 990
115 254
116 154
116 163
116 108
116 299
116 144
116 994
116 1218
116 115
116 101
116 1171
117 34
117 35
117 119
117 120
117 123
117 134
118 124
118 140
119 32
119 34
119 35
119 117
119 120
119 121
119 123
119 134
119 135
120 34
120 35
120 112
120 117
120 119
120 121
120 123
120 134
121 36
121 37
121 119
121 120
121 134
121 135
121 1158
122 542
122 535
122 137
122 936
122 1095
122 131
122 128
122 546
122 1167
122 145
123 34
123 35
123 117
123 119
123 120
123 134
124 118
124 140
125 939
125 202
125 602
125 543
125 210
125 593
125 84
125 69
125 137
125 937
126 128
126 129
126 141
126 78
126 125
126 131
126 548
126 549
126 81
126 546
127 1174
127 149
127 930
127 8
127 1162
127 20
127 546
127 942
127 532
127 939
128 592
128 1160
128 541
128 1210
128 81
128 1163
128 942
128 71
128 39
128 181
129 541
129 211
129 549
129 122
129 39
129 601
129 3
129 597
129 1173
129 931
130 934
130 210
130 547
130 939
130 601
130 128
130 149
130 3
130 595
130 209
131 1160
131 177
131 931
131 128
131 929
131 604
131 110
131 541
131 597
131 210
132 541
132 592
132 546
132 593
132 933
132 145
132 139
132 549
132 137
132 939
133 532
133 145
133 70
133 211
133 138
133 599
133 202
133 937
133 110
133 592
134 31
134 32
134 35
134 117
134 119
134 120
134 121
134 123
134 135
135 31
135 32
135 33
135 35
135 119
135 121
135 134
135 1107
135 1155
135 1158
136 1000
136 1084
136 766
136 995
136 769
136 1007
136 524
136 994
136 143
136 1211
137 547
137 938
137 139
137 933
137 535
137 944
137 929
137 940
137 209
137 548
138 938
138 594
138 532
138 110
138 939
138 934
138 177
138 930
138 128
138 141
139 130
139 594
139 935
139 110
139 1173
139 126
139 210
139 934
139 177
139 930
140 118
140 124
141 932
141 931
141 128
141 598
141 110
141 71
141 938
141 70
141 165
141 944
142 138
142 145
142 532
142 942
142 595
142 78
142 931
142 110
142 534
142 544
143 511
143 1168
143 520
143 207
143 299
143 734
143 756
143 116
143 152
143 758
144 1214
144 254
144 1204
144 151
144 747
144 507
144 1211
144 997
144 756
144 757
145 217
145 70
145 133
145 40
145 601
145 177
145 548
145 4
145 81
145 532
146 1018
146 170
146 147
146 161
146 782
146 1011
146 796
146 1019
146 1135
146 1009
147 1082
147 1116
147 1132
147 1011
147 1010
147 1135
147 162
147 1113
147 1157
147 1088
148 146
148 147
148 158
148 159
148 1132
148 1133
148 1135
149 40
149 10
149 29
149 542
149 594
149 81
149 202
149 546
149 534
149 22
150 303
150 103
150 528
150 478
150 98
150 253
150 304
150 156
150 221
150 222
151 154
151 237
151 99
151 299
151 100
151 152
151 94
151 506
151 993
151 992
152 226
152 193
152 101
152 245
152 106
152 219
152 113
152 99
152 735
152 505
153 724
153 208
153 1218
153 1206
153 106
153 1204
153 150
153 92
153 237
153 1207
154 156
154 223
154 1112
154 477
154 724
154 245
154 226
154 107
154 253
154 1205
155 1216
155 220
155 1203
155 237
155 104
155 299
155 1217
155 254
155 156
155 153
156 102
156 477
156 114
156 113
156 101
156 1206
156 155
156 226
156 1108
156 164
157 167
157 168
157 169
157 1025
157 172
157 166
157 1022
157 1033
157 176
157 171
158 148
158 157
158 167
158 1136
159 171
159 798
159 783
159 1018
159 799
159 782
159 1011
159 170
159 157
159 146
160 806
160 1019
160 1081
160 171
160 800
160 809
160 1022
160 786
160 798
160 1023
161 801
161 781
161 796
161 1015
161 1082
161 1011
161 814
161 1016
161 809
161 799
162 1016
162 1018
162 791
162 1170
162 795
162 799
162 1169
162 764
162 781
162 769
163 101
163 478
163 1207
163 154
163 219
163 156
163 100
163 1216
163 152
163 226
164 1217
164 108
164 478
164 223
164 477
164 1202
164 1218
164 1207
164 254
164 153
165 70
165 594
165 132
165 149
165 126
165 937
165 24
165 71
165 535
165 81
166 157
166 167
166 168
166 169
166 172
166 173
166 180
167 157
167 158
167 166
167 172
167 1139
167 1140
167 1141
168 1025
168 176
168 172
168 157
168 824
168 847
168 825
168 175
168 816
168 1035
169 170
169 1033
169 1034
169 1021
169 1030
169 157
169 1025
169 793
169 1031
169 1036
170 1033
170 782
170 1010
170 160
170 162
170 809
170 795
170 1009
170 798
170 1011
171 787
171 781
171 802
171 824
171 1021
171 788
171 1017
171 1009
171 170
171 1080
172 175
172 847
172 840
172 166
172 846
172 184
172 173
172 167
172 1035
172 1041
173 183
173 1054
173 166
173 1042
173 1048
173 168
173 172
173 182
173 1044
173 180
174 830
174 1026
174 819
174 1043
174 1039
174 842
174 168
174 831
174 840
174 824
175 855
175 1042
175 1033
175 1022
175 835
175 841
175 840
175 1041
175 1026
175 1031
176 170
176 169
176 841
176 1040
176 157
176 804
176 1035
176 1041
176 1020
176 1034
177 547
177 541
177 71
177 543
177 544
177 594
177 942
177 929
177 599
177 84
178 179
178 180
178 186
178 187
178 188
178 197
178 1145
179 1059
179 1067
179 1055
179 178
179 451
179 188
179 445
179 1071
179 901
179 200
180 166
180 172
180 173
180 178
180 179
180 188
180 192
180 1140
180 1145
181 593
181 1162
181 238
181 597
181 599
181 211
181 24
181 600
181 128
181 42
182 860
182 843
182 1051
182 869
182 1049
182 1040
182 192
182 851
182 1050
182 770
183 1041
183 851
183 191
183 1039
183 1057
183 670
183 877
183 192
183 1050
183 676
184 843
184 858
184 183
184 1048
184 175
184 850
184 1043
184 671
184 1051
184 848
185 139
185 602
185 9
185 935
185 1161
185 78
185 934
185 931
185 546
185 22
186 197
186 1076
186 194
186 1146
186 196
186 178
186 187
186 1074
186 1058
186 466
187 466
187 188
187 1074
187 178
187 199
187 1078
187 179
187 1073
187 1072
187 467
188 190
188 1071
188 199
188 1072
188 198
188 1067
188 821
188 200
188 180
188 178
189 1072
189 885
189 187
189 880
189 451
189 198
189 200
189 1063
189 46
189 447
190 45
190 1071
190 451
190 879
190 444
190 1064
190 897
190 1059
190 191
190 1063
191 1056
191 1062
191 878
191 183
191 200
191 1073
191 1068
191 452
191 1064
191 1057
192 1054
192 1055
192 182
192 1059
192 180
192 188
192 1056
192 1062
192 173
192 179
193 143
193 997
193 1203
193 991
193 237
193 105
193 1215
193 102
193 106
193 1207
194 186
194 196
194 197
194 201
194 1078
194 1145
194 1146
195 491
195 496
195 1092
195 483
195 205
195 1013
195 1148
195 1014
195 204
195 500
196 965
196 496
196 500
196 195
196 1013
196 1058
196 1014
196 204
196 483
196 1008
197 474
197 194
197 496
197 206
197 1078
197 1014
197 483
197 462
197 1003
197 467
198 450
198 780
198 467
198 199
198 1074
198 461
198 1078
198 442
198 1067
198 197
199 823
199 1078
199 1074
199 895
199 468
199 904
199 197
199 901
199 854
199 464
200 47
200 901
200 46
200 895
200 462
200 45
200 442
200 1063
200 880
200 775
201 194
201 195
201 196
201 203
201 204
201 246
201 1146
201 1147
201 1148
202 595
202 20
202 81
202 88
202 942
202 22
202 943
202 65
202 137
202 228
203 195
203 1154
203 1174
203 204
203 1176
203 1208
203 1094
203 1093
203 1003
203 201
204 1070
204 499
204 500
204 970
204 1176
204 1095
204 1078
204 205
204 491
204 509
205 496
205 1092
205 1014
205 493
205 1176
205 195
205 1095
205 1093
205 500
205 498
206 483
206 1094
206 967
206 474
206 1074
206 510
206 1013
206 1003
206 481
206 1092
207 154
207 997
207 104
207 723
207 144
207 987
207 1218
207 991
207 153
207 735
208 95
208 992
208 93
208 222
208 478
208 1204
208 152
208 724
208 151
208 1205
209 20
209 238
209 1163
209 620
209 600
209 592
209 141
209 227
209 30
209 1012
210 211
210 125
210 228
210 1161
210 616
210 177
210 939
210 535
210 24
210 236
211 942
211 617
211 137
211 544
211 256
211 138
211 1160
211 614
211 545
211 8
212 490
212 925
212 612
212 238
212 957
212 214
212 227
212 211
212 620
212 480
213 607
213 227
213 611
213 600
213 214
213 605
213 622
213 252
213 230
213 624
214 218
214 482
214 965
214 491
214 617
214 600
214 224
214 613
214 489
214 946
215 228
215 622
215 479
215 224
215 252
215 236
215 924
215 217
215 614
215 209
216 238
216 472
216 619
216 597
216 624
216 479
216 925
216 943
216 228
216 614
217 1053
217 4
217 596
217 210
217 181
217 214
217 618
217 944
217 236
217 149
218 490
218 621
218 602
218 489
218 612
218 252
218 238
218 215
218 488
218 472
219 735
219 245
219 92
219 507
219 237
219 94
219 990
219 225
219 150
219 303
220 722
220 1218
220 155
220 101
220 221
220 507
220 152
220 100
220 98
220 143
221 208
221 104
221 808
221 1205
221 1204
221 222
221 116
221 722
221 724
221 1214
222 997
222 1216
222 107
222 478
222 223
222 106
222 226
222 93
222 996
222 528
223 143
223 990
223 94
223 105
223 164
223 506
223 994
223 808
223 219
223 992
224 218
224 603
224 618
224 213
224 943
224 230
224 962
224 211
224 488
224 942
225 997
225 723
225 100
225 155
225 102
225 106
225 150
225 103
225 93
225 193
226 529
226 1207
226 143
226 505
226 1216
226 153
226 100
226 996
226 520
226 223
227 946
227 621
227 943
227 480
227 615
227 486
227 224
227 209
227 601
227 611
228 949
228 251
228 487
228 209
228 625
228 601
228 252
228 490
228 943
228 611
229 942
229 602
229 212
229 962
229 211
229 472
229 218
229 618
229 230
229 481
230 946
230 1053
230 961
230 948
230 601
230 215
230 619
230 480
230 490
230 607
231 928
232 999
232 1149
234 241
235 244
235 927
236 616
236 202
236 216
236 65
236 230
236 602
236 628
236 227
236 238
236 489
237 1000
237 520
237 106
237 245
237 1203
237 529
237 93
237 225
237 115
237 152
238 597
238 618
238 937
238 213
238 256
238 149
238 6
238 9
238 487
238 598
239 246
239 247
239 1120
240 248
241 234
241 242
241 249
242 241
244 235
244 926
244 927
245 114
245 478
245 221
245 507
245 219
245 116
245 100
245 107
245 115
245 506
246 201
246 203
246 239
246 1120
246 1147
246 1148
246 1153
247 239
247 527
247 530
247 531
247 1120
247 1121
247 1147
248 240
248 531
248 540
249 241
249 540
249 610
249 1118
251 52
251 41
251 230
251 949
251 615
251 942
251 227
251 218
251 607
251 211
252 633
252 236
252 212
252 948
252 950
252 946
252 613
252 622
252 947
252 605
253 193
253 103
253 808
253 724
253 537
253 223
253 116
253 114
253 1217
253 104
254 144
254 245
254 528
254 724
254 226
254 1207
254 1112
254 1171
254 996
254 1202
255 529
255 208
255 164
255 156
255 1205
255 144
255 303
255 520
255 151
255 1203
256 260
256 49
256 635
256 209
256 63
256 50
256 238
256 261
256 211
256 623
257 265
257 948
257 260
257 455
257 439
257 628
257 63
257 631
257 259
257 264
258 437
258 455
258 265
258 264
258 631
258 637
258 257
258 636
258 953
258 622
259 627
259 951
259 890
259 952
259 635
259 947
259 437
259 628
259 636
259 823
260 659
260 64
260 72
260 956
260 267
260 641
260 656
260 623
260 264
260 607
261 948
261 264
261 627
261 635
261 904
261 621
261 62
261 256
261 461
261 949
262 639
262 256
262 629
262 438
262 266
262 904
262 952
262 953
262 635
262 634
263 636
263 633
263 947
263 257
263 627
263 465
263 258
263 261
263 954
263 607
264 633
264 260
264 635
264 624
264 61
264 951
264 640
264 57
264 252
264 954
265 954
265 949
265 646
265 83
265 63
265 258
265 632
265 264
265 640
265 266
266 438
266 890
266 252
266 64
266 260
266 623
266 951
266 631
266 955
266 258
267 653
267 1091
267 954
267 659
267 958
267 284
267 282
267 963
267 664
267 83
268 663
268 950
268 958
268 72
268 82
268 285
268 687
268 1119
268 658
268 67
269 267
269 665
269 282
269 644
269 83
269 693
269 680
269 673
269 666
269 659
270 325
270 610
270 1118
270 1122
270 1124
271 680
271 67
271 272
271 646
271 661
271 273
271 667
271 673
271 954
271 73
272 687
272 283
272 960
272 950
272 79
272 673
272 657
272 265
272 659
272 953
273 958
273 268
273 276
273 658
273 956
273 79
273 954
273 275
273 661
273 971
274 271
274 640
274 958
274 638
274 964
274 276
274 83
274 656
274 272
274 663
275 79
275 661
275 646
275 959
275 638
275 958
275 666
275 639
275 268
275 637
276 661
276 964
276 273
276 629
276 646
276 645
276 269
276 959
276 634
276 663
277 279
278 280
278 1137
279 277
280 278
280 1106
281 323
282 666
282 276
282 639
282 62
282 958
282 964
282 641
282 271
282 72
282 638
283 661
283 268
283 657
283 79
283 659
283 958
283 663
283 276
283 964
283 638
284 72
284 79
284 665
284 644
284 663
284 273
284 658
284 661
284 276
284 637
285 641
285 974
285 692
285 694
285 681
285 268
285 289
285 269
285 688
285 77
286 972
286 654
286 969
286 687
286 673
286 963
286 67
286 688
286 694
286 973
287 687
287 691
287 673
287 679
287 293
287 286
287 694
287 289
287 963
287 80
288 974
288 680
288 291
288 290
288 686
288 977
288 972
288 285
288 697
288 286
289 285
289 673
289 80
289 969
289 292
289 681
289 90
289 288
289 694
289 268
290 696
290 682
290 980
290 979
290 690
290 693
290 292
290 683
290 698
290 688
291 80
291 79
291 292
291 971
291 687
291 698
291 697
291 293
291 289
291 691
292 82
292 968
292 694
292 969
292 963
292 79
292 688
292 977
292 680
292 687
293 80
293 680
293 90
293 289
293 699
293 681
293 87
293 1119
293 97
293 700
294 2
294 710
294 662
294 706
294 716
294 97
294 96
294 708
294 705
294 984
295 980
295 705
295 650
295 986
295 652
295 662
295 979
295 97
295 983
295 1
296 297
296 295
296 837
296 691
296 701
296 699
296 976
296 715
296 984
296 981
297 96
297 1038
297 833
297 1
297 979
297 988
297 295
297 668
297 704
297 707
298 650
298 311
298 706
298 683
298 652
298 701
298 984
298 702
298 716
298 294
299 154
299 987
299 709
299 100
299 528
299 733
299 520
299 507
299 144
299 115
300 718
300 453
300 810
300 485
300 309
300 315
300 798
300 1020
300 726
300 786
301 1020
301 436
301 803
301 810
301 453
301 800
301 786
301 302
301 708
301 505
302 796
302 312
302 794
302 806
302 719
302 708
302 810
302 800
302 304
302 1019
303 511
303 223
303 322
303 708
303 721
303 107
303 991
303 744
303 436
303 719
304 726
304 989
304 728
304 300
304 312
304 746
304 512
304 309
304 505
304 744
305 307
305 308
305 316
306 14
306 1134
307 305
307 1129
307 1130
308 305
309 717
309 453
309 799
309 990
309 312
309 733
309 315
309 991
309 713
309 732
310 713
310 992
310 311
310 95
310 528
310 708
310 731
310 727
310 980
310 746
311 717
311 85
311 104
311 734
311 807
311 511
311 98
311 722
311 302
311 143
312 505
312 811
312 303
312 702
312 715
312 809
312 103
312 507
312 733
312 807
313 722
313 314
313 793
313 814
313 802
313 800
313 501
313 718
313 812
313 788
314 1029
314 1028
314 815
314 800
314 1024
314 718
314 811
314 807
314 322
314 795
315 796
315 95
315 728
315 485
315 716
315 717
315 800
315 312
315 721
315 722
316 305
316 907
316 1102
318 343
318 348
319 320
319 1105
320 319
320 1105
320 1131
321 485
321 722
321 1032
321 810
321 730
321 311
321 302
321 716
321 708
321 726
322 708
322 707
322 811
322 505
322 812
322 990
322 1029
322 302
322 815
322 722
323 281
324 327
325 270
325 326
326 325
327 324
328 332
329 330
330 329
331 398
332 328
332 339
333 334
333 335
333 336
333 340
334 333
334 335
334 336
334 409
335 333
335 334
335 336
335 337
335 409
336 333
336 334
336 335
336 337
336 409
337 335
337 336
337 399
338 343
339 332
339 344
340 333
340 346
341 342
341 347
341 404
341 406
341 407
341 411
341 412
342 404
342 413
342 412
342 407
342 409
342 400
342 414
342 410
342 406
342 411
343 318
343 338
344 339
345 346
345 351
346 340
346 345
347 341
347 353
347 356
348 318
348 349
348 909
349 348
349 913
350 911
350 914
351 345
351 912
352 353
352 356
352 910
353 347
353 352
353 356
354 355
354 357
354 359
354 364
354 370
354 371
354 372
354 377
355 369
355 372
355 361
355 359
355 354
355 364
355 357
355 370
355 377
355 360
356 347
356 352
356 353
357 363
357 369
357 360
357 361
357 355
357 354
357 393
357 362
357 401
357 364
358 357
358 363
358 377
358 385
358 393
358 394
358 401
358 402
358 405
358 408
359 386
359 385
359 360
359 364
359 372
359 371
359 361
359 378
359 367
359 355
360 364
360 361
360 357
360 368
360 359
360 355
360 362
360 366
360 369
360 423
361 355
361 357
361 359
361 360
361 362
361 363
361 364
361 369
361 402
361 408
362 402
362 420
362 423
362 387
362 360
362 424
362 422
362 408
362 363
362 427
363 401
363 369
363 358
363 420
363 393
363 361
363 362
363 408
363 394
363 402
364 370
364 369
364 361
364 367
364 360
364 386
364 372
364 357
364 377
364 378
365 923
365 366
365 376
365 380
365 373
365 367
365 388
365 374
365 434
365 435
366 376
366 360
366 434
366 373
366 365
366 922
366 388
366 435
366 923
366 367
367 387
367 368
367 360
367 372
367 923
367 364
367 388
367 366
367 373
367 423
368 422
368 395
368 369
368 386
368 431
368 360
368 423
368 379
368 362
368 387
369 395
369 360
369 355
369 362
369 431
369 387
369 364
369 361
369 359
369 363
370 354
370 355
370 359
370 364
370 371
370 372
370 377
370 385
371 354
371 355
371 359
371 364
371 370
371 372
371 377
371 385
372 367
372 379
372 385
372 360
372 371
372 377
372 373
372 355
372 359
372 354
373 376
373 366
373 379
373 367
373 372
373 365
373 435
373 388
373 380
373 434
374 920
374 434
374 380
374 921
374 922
374 376
374 923
374 381
374 375
374 382
375 374
375 388
375 435
375 365
375 919
375 916
375 434
375 923
375 381
375 382
376 374
376 923
376 435
376 380
376 373
376 381
376 916
376 434
376 366
376 375
377 386
377 378
377 358
377 359
377 354
377 385
377 364
377 372
377 371
377 370
378 359
378 364
378 372
378 377
378 379
378 385
378 386
378 387
378 393
378 394
379 366
379 378
379 423
379 923
379 387
379 367
379 365
379 372
379 388
379 368
380 920
380 382
380 366
380 923
380 374
380 921
380 373
380 916
380 435
380 381
381 376
381 922
381 375
381 435
381 918
381 920
381 921
381 380
381 917
381 919
382 380
382 920
382 381
382 374
382 375
382 921
382 435
382 918
382 922
382 916
383 384
383 389
383 392
384 383
384 389
384 392
385 408
385 358
385 393
385 401
385 372
385 371
385 378
385 364
385 370
385 402
386 395
386 372
386 379
386 431
386 422
386 359
386 423
386 377
386 368
386 394
387 368
387 431
387 395
387 367
387 422
387 379
387 386
387 378
387 369
387 423
388 373
388 376
388 374
388 375
388 922
388 434
388 367
388 923
388 380
388 379
389 383
389 384
389 910
390 391
390 396
391 390
391 399
392 383
392 384
392 400
393 401
393 386
393 357
393 408
393 385
393 358
393 402
393 405
393 377
393 394
394 420
394 401
394 377
394 395
394 431
394 358
394 393
394 424
394 427
394 363
395 427
395 386
395 363
395 387
395 394
395 368
395 362
395 422
395 423
395 369
396 390
396 912
397 398
398 331
398 397
399 337
399 391
400 342
400 392
400 404
400 406
400 407
400 411
400 412
401 357
401 358
401 363
401 377
401 385
401 393
401 394
401 402
401 405
401 408
402 363
402 408
402 401
402 358
402 427
402 394
402 405
402 393
402 362
402 369
403 915
404 413
404 412
404 342
404 410
404 400
404 411
404 406
404 417
404 341
404 409
405 357
405 358
405 393
405 401
405 402
405 408
406 416
406 411
406 417
406 412
406 400
406 413
406 404
406 407
406 342
406 341
407 412
407 342
407 409
407 400
407 404
407 410
407 413
407 411
407 406
407 341
408 427
408 358
408 405
408 385
408 424
408 394
408 393
408 361
408 362
408 369
409 415
409 335
409 334
409 404
409 416
409 418
409 342
409 406
409 412
409 414
410 407
410 417
410 413
410 406
410 411
410 412
410 418
410 342
410 404
410 414
411 412
411 407
411 404
411 400
411 413
411 417
411 409
411 410
411 406
411 341
412 417
412 410
412 400
412 341
412 407
412 342
412 404
412 413
412 406
412 411
413 342
413 414
413 407
413 417
413 418
413 410
413 412
413 411
413 406
413 404
414 342
414 409
414 410
414 412
414 413
414 415
414 416
414 417
414 418
414 419
415 409
415 414
415 416
415 418
415 419
416 406
416 409
416 410
416 411
416 413
416 414
416 415
416 417
416 418
416 419
417 411
417 410
417 416
417 413
417 418
417 407
417 404
417 414
417 342
417 406
418 406
418 409
418 410
418 411
418 413
418 414
418 415
418 416
418 417
418 419
419 414
419 415
419 416
419 418
420 363
420 362
420 431
420 421
420 424
420 427
420 428
420 402
420 394
420 426
421 420
421 424
421 425
421 426
421 427
421 428
421 429
421 430
421 432
421 433
422 362
422 387
422 369
422 420
422 368
422 427
422 424
422 394
422 431
422 363
423 387
423 362
423 369
423 368
423 422
423 395
423 367
423 379
423 360
423 431
424 363
424 402
424 394
424 422
424 427
424 408
424 428
424 426
424 395
424 421
425 420
425 421
425 424
425 426
425 427
425 428
425 429
425 430
425 432
425 433
426 420
426 421
426 424
426 425
426 427
426 428
426 429
426 430
426 432
426 433
427 431
427 424
427 395
427 362
427 363
427 394
427 428
427 402
427 422
427 421
428 420
428 421
428 424
428 425
428 426
428 427
428 429
428 430
428 432
428 433
429 421
429 425
429 426
429 428
429 430
429 432
429 433
430 421
430 425
430 426
430 428
430 429
430 432
430 433
431 394
431 387
431 427
431 386
431 368
431 362
431 420
431 423
431 363
431 422
432 421
432 425
432 426
432 428
432 429
432 430
432 433
433 421
433 425
433 426
433 428
433 429
433 430
433 432
434 388
434 922
434 923
434 375
434 380
434 367
434 365
434 435
434 374
434 373
435 920
435 374
435 919
435 376
435 921
435 380
435 366
435 916
435 375
435 382
436 1024
436 1023
436 807
436 798
436 314
436 799
436 309
436 505
436 812
436 453
437 440
437 456
437 444
437 438
437 904
437 450
437 260
437 952
437 635
437 462
438 263
438 460
438 461
438 627
438 440
438 462
438 904
438 635
438 261
438 953
439 438
439 636
439 437
439 460
439 441
439 440
439 779
439 863
439 904
439 447
440 455
440 1075
440 466
440 442
440 854
440 457
440 443
440 465
440 822
440 460
441 890
441 467
441 438
441 823
441 863
441 439
441 457
441 896
441 455
441 448
442 443
442 1072
442 836
442 441
442 895
442 190
442 890
442 1067
442 780
442 1071
443 455
443 836
443 437
443 46
443 463
443 895
443 813
443 1069
443 885
443 47
444 457
444 199
444 895
444 875
444 448
444 450
444 1063
444 456
444 821
444 468
445 190
445 1063
445 452
445 456
445 179
445 854
445 1071
445 1067
445 447
445 200
446 439
446 437
446 462
446 896
446 444
446 823
446 822
446 780
446 454
446 441
447 896
447 822
447 451
447 904
447 460
447 874
447 836
447 901
447 1074
447 454
448 449
448 199
448 1074
448 444
448 1077
448 442
448 836
448 474
448 887
448 458
449 874
449 443
449 854
449 452
449 888
449 895
449 1064
449 870
449 892
449 885
450 200
450 897
450 46
450 896
450 1062
450 1063
450 199
450 198
450 885
450 464
451 191
451 1063
451 444
451 901
451 457
451 813
451 445
451 463
451 887
451 442
452 904
452 188
452 179
452 836
452 47
452 880
452 189
452 897
452 54
452 444
453 701
453 485
453 1023
453 309
453 507
453 729
453 312
453 96
453 715
453 806
454 438
454 890
454 446
454 441
454 456
454 465
454 259
454 447
454 460
454 779
455 466
455 863
455 261
455 854
455 462
455 258
455 259
455 890
455 779
455 904
456 779
456 1074
456 1077
456 813
456 454
456 821
456 446
456 199
456 460
456 1058
457 965
457 187
457 464
457 445
457 1070
457 1076
457 491
457 466
457 813
457 448
458 470
458 447
458 463
458 475
458 780
458 457
458 469
458 474
458 492
458 467
459 467
459 474
459 813
459 476
459 469
459 449
459 464
459 875
459 1075
459 466
460 863
460 257
460 259
460 636
460 261
460 779
460 822
460 904
460 454
460 258
461 779
461 823
461 466
461 455
461 1077
461 441
461 904
461 821
461 890
461 780
462 443
462 474
462 450
462 904
462 442
462 1077
462 444
462 440
462 451
462 1075
463 487
463 448
463 779
463 198
463 780
463 491
463 467
463 1074
463 450
463 904
464 978
464 197
464 1077
464 463
464 462
464 467
464 1070
464 447
464 492
464 1076
465 626
465 440
465 456
465 632
465 460
465 461
465 890
465 261
465 952
465 259
466 186
466 925
466 1077
466 482
466 1013
466 481
466 1074
466 448
466 961
466 509
467 1074
467 1013
467 455
467 440
467 468
467 966
467 461
467 854
467 962
467 497
468 1013
468 510
468 492
468 494
468 448
468 491
468 443
468 508
468 197
468 444
469 1127
469 497
469 484
469 468
469 509
469 457
469 458
469 448
469 494
469 459
470 458
470 459
470 469
470 471
470 476
470 494
470 495
470 853
470 889
470 1127
471 889
471 470
471 875
471 845
471 469
471 459
471 853
471 888
471 449
471 476
472 612
472 484
472 497
472 970
472 1077
472 467
472 488
472 492
472 1058
472 486
473 484
473 475
473 479
473 230
473 227
473 499
473 490
473 1008
473 1076
473 489
474 480
474 469
474 472
474 1076
474 456
474 479
474 206
474 468
474 813
474 965
475 489
475 1013
475 497
475 1005
475 492
475 813
475 962
475 491
475 457
475 970
476 967
476 469
476 468
476 459
476 466
476 475
476 494
476 458
476 500
476 510
477 528
477 994
477 108
477 163
477 506
477 153
477 114
477 220
477 150
477 732
478 150
478 723
478 106
478 724
478 1216
478 164
478 220
478 732
478 1204
478 1202
479 961
479 482
479 229
479 464
479 487
479 1075
479 620
479 1077
479 510
479 1076
480 813
480 1074
480 1013
480 214
480 962
480 616
480 466
480 611
480 479
480 1075
481 1053
481 238
481 966
481 1078
481 925
481 224
481 965
481 499
481 510
481 489
482 229
482 206
482 212
482 925
482 227
482 617
482 230
482 1075
482 961
482 491
483 474
483 1094
483 206
483 466
483 195
483 1053
483 204
483 957
483 620
483 196
484 1053
484 493
484 487
484 510
484 483
484 472
484 482
484 496
484 1013
484 1014
485 982
485 511
485 505
485 708
485 713
485 991
485 987
485 984
485 726
485 986
486 488
486 1053
486 484
486 509
486 467
486 463
486 479
486 217
486 613
486 966
487 813
487 486
487 1070
487 1058
487 464
487 500
487 616
487 473
487 480
487 488
488 484
488 600
488 606
488 218
488 486
488 924
488 491
488 224
488 612
488 210
489 492
489 962
489 605
489 1075
489 480
489 487
489 483
489 229
489 957
489 479
490 486
490 601
490 1053
490 613
490 481
490 942
490 1013
490 487
490 612
490 483
491 957
491 1070
491 494
491 484
491 464
491 206
491 1076
491 1058
491 214
491 498
492 206
492 1094
492 1005
492 490
492 961
492 474
492 967
492 813
492 499
492 496
493 474
493 1093
493 484
493 475
493 206
493 473
493 205
493 961
493 962
493 497
494 205
494 204
494 1127
494 1005
494 498
494 510
494 469
494 493
494 1003
494 496
495 470
495 494
495 1127
495 1200
496 508
496 924
496 491
496 457
496 497
496 493
496 498
496 1013
496 1094
496 487
497 924
497 489
497 484
497 1076
497 967
497 966
497 493
497 1094
497 925
497 491
498 962
498 464
498 206
498 479
498 1095
498 1008
498 957
498 1075
498 1078
498 484
499 1174
499 476
499 481
499 1053
499 472
499 925
499 957
499 961
499 479
499 965
500 474
500 962
500 966
500 204
500 1127
500 205
500 978
500 494
500 469
500 491
501 984
501 717
501 716
501 709
501 702
501 436
501 705
501 989
501 711
501 97
502 503
502 504
502 739
502 761
502 762
502 768
503 502
503 504
503 738
503 761
503 762
503 763
503 768
503 1123
504 502
504 503
504 610
504 737
504 739
504 768
504 1118
504 1122
504 1123
505 193
505 299
505 718
505 310
505 143
505 519
505 748
505 219
505 253
505 715
506 524
506 322
506 747
506 529
506 143
506 511
506 311
506 520
506 114
506 255
507 95
507 742
507 733
507 220
507 747
507 741
507 237
507 107
507 303
507 740
508 498
508 469
508 491
508 1076
508 466
508 961
508 1053
508 1014
508 475
508 486
509 493
509 1053
509 473
509 496
509 924
509 1070
509 510
509 1013
509 494
509 1014
510 480
510 204
510 498
510 469
510 1095
510 978
510 1014
510 467
510 1176
510 957
511 106
511 107
511 517
511 143
511 745
511 994
511 748
511 95
511 754
511 116
512 515
512 749
512 523
512 1116
512 748
512 990
512 741
512 1082
512 745
512 995
513 1085
513 724
513 733
513 749
513 516
513 515
513 756
513 101
513 1168
513 740
514 781
514 735
514 304
514 512
514 523
514 521
514 1113
514 758
514 303
514 1168
515 1007
515 757
515 781
515 735
515 995
515 756
515 755
515 745
515 751
515 512
516 734
516 735
516 769
516 733
516 765
516 1117
516 743
516 781
516 511
516 1086
517 144
517 757
517 769
517 740
517 1168
517 537
517 748
517 103
517 647
517 516
518 992
518 740
518 513
518 745
518 750
518 507
518 144
518 512
518 1087
518 1086
519 511
519 769
519 735
519 507
519 1000
519 722
519 746
519 733
519 303
519 649
520 485
520 99
520 92
520 747
520 743
520 95
520 726
520 990
520 221
520 506
521 987
521 735
521 299
521 992
521 741
521 723
521 748
521 517
521 115
521 764
522 756
522 519
522 102
522 511
522 648
522 995
522 517
522 734
522 740
522 528
523 993
523 101
523 744
523 733
523 740
523 1113
523 519
523 749
523 994
523 751
524 511
524 115
524 1088
524 997
524 743
524 515
524 755
524 517
524 1171
524 1207
525 526
525 527
525 737
525 738
525 761
525 763
525 767
525 1123
526 525
526 527
526 530
526 531
526 737
526 767
526 1123
527 247
527 525
527 526
527 530
527 531
527 767
527 1120
527 1121
527 1124
528 746
528 513
528 207
528 740
528 529
528 106
528 1086
528 226
528 755
528 152
529 732
529 255
529 754
529 507
529 735
529 511
529 143
529 992
529 997
529 303
530 247
530 526
530 527
530 531
530 767
530 1120
530 1121
531 247
531 248
531 526
531 527
531 530
531 767
531 1120
531 1121
532 1167
532 1172
532 81
532 122
532 534
532 931
532 202
532 546
532 938
532 138
533 598
533 1172
533 541
533 548
533 543
533 930
533 546
533 1176
533 1093
533 69
534 595
534 131
534 1092
534 128
534 1201
534 1126
534 81
534 130
534 1172
534 129
535 546
535 185
535 149
535 534
535 129
535 1173
535 597
535 940
535 202
535 932
536 128
536 545
536 532
536 127
536 70
536 1167
536 929
536 541
536 546
536 930
537 742
537 516
537 514
537 766
537 990
537 741
537 520
537 102
537 995
537 1085
538 39
538 1219
538 10
538 937
538 1166
538 51
538 1165
538 88
538 4
538 185
539 16
539 944
539 1166
539 19
539 17
539 51
539 44
539 1164
539 1159
539 24
540 248
540 249
540 610
540 737
540 739
541 967
541 941
541 1126
541 536
541 131
541 139
541 594
541 543
541 122
541 595
542 1208
542 1172
542 532
542 534
542 1175
542 933
542 125
542 131
542 545
542 165
543 937
543 936
543 149
543 548
543 532
543 131
543 10
543 1173
543 939
543 944
544 126
544 217
544 24
544 931
544 127
544 71
544 930
544 547
544 209
544 944
545 1175
545 238
545 71
545 932
545 128
545 546
545 11
545 599
545 142
545 126
546 935
546 145
546 535
546 937
546 615
546 165
546 1079
546 9
546 944
546 932
547 145
547 127
547 181
547 542
547 142
547 936
547 541
547 1095
547 71
547 1175
548 543
548 546
548 1174
548 932
548 165
548 1176
548 177
548 122
548 595
548 142
549 1172
549 130
549 1095
549 600
549 149
549 142
549 185
549 202
549 132
549 550
550 592
550 122
550 70
550 132
550 599
550 932
550 133
550 1172
550 1126
550 1175
551 554
551 553
551 567
551 926
551 913
551 911
551 915
551 572
551 914
551 574
552 561
552 556
552 568
552 569
552 567
552 560
552 551
552 566
552 555
552 574
553 911
553 556
553 567
553 552
553 926
553 914
553 551
553 554
553 572
553 573
554 553
554 561
554 573
554 566
554 926
554 574
554 552
554 575
554 556
554 568
555 552
555 554
555 556
555 557
555 558
555 566
555 567
555 591
555 926
556 561
556 562
556 575
556 572
556 926
556 553
556 566
556 574
556 555
556 551
557 555
557 556
557 558
557 560
557 561
557 562
557 563
557 587
557 927
558 555
558 557
558 591
558 926
558 927
559 588
559 589
559 908
559 928
560 586
560 585
560 575
560 574
560 577
560 579
560 561
560 568
560 570
560 554
561 554
561 552
561 575
561 556
561 568
561 557
561 585
561 579
561 569
561 576
562 585
562 571
562 561
562 552
562 576
562 566
562 582
562 586
562 577
562 569
563 560
563 575
563 576
563 582
563 567
563 584
563 577
563 562
563 561
563 583
564 562
564 563
564 565
564 570
564 571
564 584
564 585
564 586
564 587
565 564
565 587
565 589
566 572
566 556
566 561
566 551
566 575
566 562
566 914
566 569
566 567
566 552
567 556
567 576
567 553
567 563
567 561
567 560
567 566
567 555
567 568
567 569
568 586
568 552
568 562
568 570
568 576
568 578
568 577
568 560
568 561
568 585
569 562
569 566
569 584
569 568
569 586
569 574
569 579
569 552
569 563
569 580
570 586
570 583
570 562
570 581
570 577
570 564
570 580
570 582
570 563
570 561
571 582
571 584
571 562
571 569
571 576
571 586
571 563
571 581
571 579
571 570
572 915
572 913
572 911
572 574
572 573
572 551
572 566
572 553
572 926
572 914
573 551
573 553
573 554
573 556
573 572
573 574
573 587
573 591
573 913
573 914
574 562
574 568
574 577
574 556
574 591
574 553
574 551
574 569
574 573
574 575
575 570
575 577
575 568
575 563
575 569
575 574
575 552
575 586
575 561
575 567
576 571
576 574
576 586
576 579
576 575
576 583
576 560
576 561
576 568
576 582
577 585
577 574
577 584
577 567
577 578
577 568
577 575
577 581
577 560
577 582
578 583
578 580
578 568
578 576
578 579
578 577
578 570
578 562
578 585
578 571
579 563
579 578
579 584
579 569
579 585
579 575
579 570
579 568
579 560
579 561
580 577
580 578
580 579
580 569
580 576
580 584
580 570
580 583
580 581
580 582
581 582
581 585
581 578
581 569
581 584
581 571
581 580
581 570
581 577
581 576
582 585
582 571
582 581
582 579
582 583
582 577
582 560
582 584
582 562
582 569
583 571
583 569
583 582
583 576
583 570
583 584
583 568
583 580
583 581
583 579
584 582
584 569
584 571
584 563
584 576
584 583
584 577
584 581
584 564
584 578
585 586
585 583
585 568
585 584
585 560
585 569
585 578
585 575
585 563
585 577
586 563
586 564
586 582
586 579
586 561
586 571
586 587
586 570
586 585
586 560
587 557
587 563
587 564
587 565
587 573
587 574
587 575
587 586
587 591
588 559
588 589
588 908
589 559
589 565
589 588
589 908
589 928
590 907
590 998
591 555
591 558
591 573
591 574
591 587
591 909
591 913
592 84
592 145
592 938
592 24
592 937
592 542
592 165
592 129
592 131
592 137
593 602
593 22
593 11
593 130
593 20
593 138
593 128
593 110
593 594
593 937
594 597
594 534
594 535
594 185
594 940
594 126
594 547
594 22
594 137
594 165
595 933
595 4
595 139
595 606
595 605
595 599
595 132
595 550
595 937
595 597
596 544
596 601
596 133
596 131
596 126
596 604
596 210
596 597
596 944
596 933
597 544
597 78
597 127
597 593
597 24
597 81
597 940
597 51
597 224
597 209
598 217
598 592
598 601
598 145
598 129
598 128
598 22
598 546
598 541
598 597
599 597
599 1163
599 932
599 81
599 128
599 122
599 550
599 931
599 238
599 596
600 490
600 212
600 1159
600 592
600 215
600 224
600 44
600 20
600 934
600 939
601 139
601 618
601 252
601 4
601 548
601 939
601 614
601 944
601 238
601 616
602 606
602 7
602 488
602 490
602 27
602 212
602 181
602 141
602 940
602 547
603 543
603 544
603 597
603 940
603 217
603 216
603 942
603 624
603 24
603 601
604 202
604 603
604 602
604 532
604 131
604 600
604 10
604 210
604 596
604 601
605 209
605 490
605 925
605 592
605 10
605 210
605 961
605 24
605 213
605 624
606 65
606 209
606 132
606 3
606 64
606 213
606 11
606 614
606 236
606 944
607 951
607 211
607 614
607 631
607 63
607 619
607 947
607 629
607 612
607 603
608 603
608 604
608 623
608 630
608 642
608 655
608 703
609 643
609 1096
609 1198
609 1199
610 249
610 270
610 504
610 540
610 739
610 1118
611 481
611 214
611 64
611 597
611 227
611 957
611 229
611 217
611 602
611 215
612 490
612 601
612 939
612 625
612 940
612 618
612 210
612 605
612 944
612 228
613 480
613 238
613 256
613 489
613 946
613 943
613 597
613 625
613 961
613 611
614 256
614 264
614 209
614 211
614 628
614 210
614 57
614 600
614 606
614 944
615 251
615 625
615 638
615 617
615 602
615 945
615 619
615 57
615 634
615 215
616 482
616 949
616 961
616 230
616 944
616 602
616 473
616 612
616 483
616 224
617 490
617 480
617 606
617 601
617 236
617 615
617 256
617 621
617 479
617 473
618 607
618 214
618 224
618 228
618 624
618 606
618 949
618 480
618 210
618 472
619 236
619 64
619 213
619 65
619 617
619 479
619 488
619 607
619 472
619 625
620 228
620 211
620 482
620 619
620 212
620 213
620 1053
620 611
620 227
620 216
621 259
621 636
621 612
621 634
621 624
621 943
621 62
621 617
621 611
621 256
622 638
622 632
622 951
622 262
622 213
622 251
622 956
622 227
622 614
622 625
623 946
623 260
623 265
623 653
623 634
623 262
623 614
623 951
623 624
623 621
624 265
624 611
624 257
624 615
624 942
624 607
624 626
624 613
624 603
624 258
625 615
625 639
625 257
625 266
625 637
625 605
625 944
625 947
625 64
625 606
626 624
626 946
626 262
626 266
626 890
626 945
626 629
626 632
626 62
626 625
627 633
627 265
627 266
627 638
627 261
627 621
627 945
627 637
627 946
627 626
628 63
628 272
628 629
628 624
628 73
628 603
628 633
628 639
628 615
628 948
629 83
629 958
629 953
629 624
629 634
629 266
629 638
629 73
629 72
629 615
630 608
630 623
630 629
630 641
630 642
630 654
630 655
630 703
631 626
631 633
631 863
631 948
631 629
631 72
631 64
631 952
631 622
631 945
632 265
632 952
632 65
632 259
632 634
632 256
632 625
632 629
632 263
632 637
633 635
633 72
633 465
633 950
633 621
633 943
633 266
633 625
633 640
633 638
634 623
634 631
634 661
634 949
634 640
634 956
634 653
634 258
634 946
634 954
635 949
635 948
635 259
635 890
635 258
635 628
635 262
635 822
635 638
635 954
636 624
636 953
636 461
636 947
636 631
636 626
636 460
636 634
636 890
636 951
637 952
637 629
637 958
637 626
637 62
637 274
637 276
637 657
637 257
637 949
638 954
638 632
638 653
638 615
638 257
638 274
638 623
638 947
638 960
638 890
639 637
639 953
639 438
639 960
639 276
639 665
639 57
639 615
639 259
639 946
640 656
640 267
640 666
640 644
640 272
640 629
640 268
640 673
640 82
640 661
641 267
641 954
641 956
641 265
641 286
641 637
641 82
641 273
641 659
641 688
642 608
642 623
642 629
642 630
642 641
642 654
642 655
642 703
643 609
643 1096
644 82
644 958
644 260
644 959
644 276
644 637
644 638
644 61
644 639
644 267
645 276
645 83
645 272
645 954
645 61
645 639
645 79
645 267
645 663
645 658
646 695
646 638
646 80
646 974
646 963
646 634
646 684
646 959
646 286
646 666
647 1115
647 997
647 745
647 756
647 649
647 514
647 1001
647 523
647 740
647 781
648 1000
648 993
648 523
648 1002
648 756
648 1001
648 537
648 1116
648 735
648 995
649 735
649 162
649 755
649 1212
649 514
649 516
649 1196
649 1116
649 1115
649 1016
650 832
650 824
650 669
650 828
650 848
650 1
650 834
650 1036
650 711
650 827
651 1031
651 846
651 176
651 1034
651 660
651 1043
651 828
651 826
651 297
651 174
652 705
652 988
652 710
652 0
652 650
652 983
652 1036
652 714
652 1038
652 984
653 688
653 638
653 659
653 266
653 276
653 975
653 289
653 680
653 637
653 698
654 685
654 688
654 1091
654 673
654 661
654 267
654 666
654 686
654 269
654 681
655 608
655 630
655 642
655 654
655 702
655 703
655 709
655 725
656 1091
656 658
656 83
656 667
656 646
656 282
656 269
656 664
656 955
656 79
657 658
657 665
657 955
657 61
657 283
657 639
657 260
657 959
657 667
657 964
658 680
658 73
658 657
658 954
658 644
658 62
658 271
658 638
658 955
658 79
659 653
659 272
659 268
659 61
659 960
659 673
659 954
659 640
659 628
659 79
660 652
660 713
660 298
660 715
660 981
660 707
660 828
660 705
660 984
660 2
661 969
661 673
661 1091
661 679
661 657
661 959
661 272
661 82
661 275
661 67
662 989
662 981
662 651
662 700
662 1040
662 294
662 1038
662 837
662 982
662 988
663 282
663 275
663 656
663 964
663 659
663 276
663 658
663 62
663 958
663 667
664 268
664 82
664 956
664 958
664 661
664 673
664 276
664 680
664 960
664 275
665 82
665 673
665 267
665 73
665 661
665 282
665 657
665 963
665 79
665 954
666 659
666 282
666 658
666 268
666 958
666 83
666 663
666 964
666 955
666 661
667 271
667 680
667 661
667 666
667 644
667 955
667 654
667 968
667 690
667 282
668 830
668 1
668 1039
668 839
668 662
668 827
668 1041
668 652
668 296
668 297
669 1045
669 660
669 835
669 1038
669 0
669 816
669 1040
669 295
669 849
669 652
670 1045
670 840
670 182
670 1043
670 1047
670 1039
670 184
670 866
670 879
670 1052
671 855
671 867
671 842
671 1050
671 674
671 775
671 772
671 670
671 843
671 759
672 1051
672 670
672 879
672 867
672 868
672 842
672 869
672 184
672 862
672 841
673 968
673 661
673 692
673 682
673 690
673 292
673 77
673 697
673 698
673 82
674 859
674 1046
674 842
674 858
674 857
674 851
674 1051
674 670
674 672
674 848
675 183
675 752
675 671
675 775
675 772
675 1054
675 760
675 869
675 880
675 1057
676 1050
676 864
676 183
676 880
676 1057
676 855
676 670
676 760
676 869
676 1056
677 872
677 753
677 736
677 772
677 882
677 864
677 880
677 1049
677 1048
677 884
678 880
678 760
678 677
678 871
678 1060
678 883
678 736
678 864
678 183
678 851
679 285
679 276
679 82
679 973
679 273
679 80
679 288
679 688
679 704
679 699
680 697
680 696
680 282
680 67
680 673
680 683
680 960
680 77
680 66
680 646
681 969
681 697
681 698
681 268
681 291
681 975
681 1119
681 696
681 641
681 82
682 290
682 673
682 641
682 80
682 697
682 704
682 82
682 701
682 288
682 973
683 654
683 697
683 77
683 973
683 712
683 290
683 691
683 82
683 1119
683 80
684 688
684 989
684 80
684 690
684 290
684 963
684 977
684 702
684 77
684 704
685 646
685 696
685 974
685 292
685 286
685 291
685 680
685 695
685 641
685 268
686 699
686 82
686 673
686 681
686 653
686 682
686 77
686 693
686 964
686 691
687 684
687 690
687 1091
687 964
687 79
687 977
687 289
687 699
687 291
687 287
688 693
688 984
688 268
688 968
688 691
688 291
688 290
688 685
688 667
688 67
689 878
689 880
689 770
689 1061
689 752
689 864
689 881
689 759
689 868
689 884
690 682
690 67
690 686
690 77
690 97
690 713
690 983
690 977
690 964
690 291
691 969
691 702
691 287
691 984
691 977
691 973
691 695
691 692
691 980
691 693
692 679
692 90
692 696
692 680
692 691
692 1091
692 701
692 290
692 981
692 707
693 1119
693 681
693 697
693 285
693 960
693 640
693 79
693 694
693 685
693 964
694 697
694 291
694 960
694 691
694 692
694 77
694 79
694 679
694 964
694 288
695 680
695 685
695 696
695 973
695 699
695 684
695 285
695 976
695 700
695 681
696 292
696 293
696 690
696 692
696 286
696 971
696 673
696 695
696 698
696 687
697 696
697 973
697 673
697 285
697 1091
697 700
697 291
697 977
697 687
697 681
698 685
698 705
698 687
698 983
698 90
698 694
698 975
698 699
698 298
698 700
699 298
699 706
699 1119
699 86
699 291
699 697
699 653
699 975
699 1091
699 980
700 690
700 662
700 708
700 294
700 981
700 702
700 986
700 716
700 715
700 312
701 97
701 322
701 95
701 989
701 983
701 712
701 709
701 708
701 979
701 717
702 718
702 981
702 691
702 982
702 701
702 988
702 298
702 984
702 976
702 690
703 608
703 630
703 642
703 655
703 702
703 709
703 717
703 719
703 725
704 312
704 973
704 501
704 976
704 702
704 989
704 690
704 982
704 682
704 287
705 660
705 683
705 706
705 312
705 310
705 988
705 501
705 839
705 294
705 716
706 297
706 80
706 652
706 838
706 982
706 312
706 295
706 683
706 714
706 695
707 80
707 702
707 981
707 310
707 309
707 501
707 976
707 296
707 705
707 311
708 705
708 303
708 453
708 87
708 485
708 716
708 701
708 702
708 986
708 309
709 735
709 707
709 703
709 310
709 702
709 692
709 721
709 683
709 505
709 722
710 1037
710 984
710 975
710 652
710 714
710 988
710 699
710 297
710 668
710 691
711 1038
711 651
711 296
711 717
711 982
711 501
711 1
711 701
711 981
711 297
712 989
712 707
712 2
712 716
712 662
712 294
712 698
712 297
712 87
712 706
713 304
713 972
713 683
713 709
713 86
713 715
713 298
713 711
713 294
713 982
714 975
714 660
714 972
714 684
714 95
714 304
714 980
714 698
714 322
714 311
715 980
715 977
715 976
715 87
715 314
715 315
715 312
715 702
715 296
715 726
716 704
716 304
716 684
716 976
716 310
716 93
716 322
716 485
716 989
716 717
717 708
717 719
717 975
717 981
717 980
717 87
717 702
717 728
717 505
717 703
718 719
718 436
718 727
718 1032
718 983
718 991
718 95
718 987
718 722
718 1029
719 684
719 734
719 988
719 713
719 221
719 96
719 255
719 453
719 303
719 991
720 712
720 811
720 485
720 301
720 705
720 304
720 731
720 314
720 812
720 94
721 485
721 304
721 720
721 96
721 812
721 314
721 708
721 729
721 313
721 321
722 718
722 321
722 520
722 521
722 245
722 988
722 105
722 322
722 106
722 505
723 219
723 515
723 299
723 524
723 746
723 511
723 304
723 513
723 1207
723 719
724 156
724 225
724 253
724 1216
724 740
724 153
724 478
724 733
724 116
724 745
725 655
725 703
725 709
725 719
725 724
725 735
725 1177
726 720
726 322
726 810
726 1028
726 313
726 520
726 727
726 811
726 716
726 799
727 800
727 806
727 989
727 300
727 304
727 1028
727 322
727 708
727 309
727 721
728 1029
728 787
728 812
728 800
728 806
728 501
728 715
728 300
728 314
728 815
729 1028
729 733
729 303
729 721
729 807
729 505
729 722
729 96
729 991
729 702
730 989
730 309
730 991
730 796
730 716
730 788
730 1020
730 453
730 708
730 795
731 718
731 708
731 798
731 321
731 794
731 1022
731 300
731 1029
731 1027
731 302
732 765
732 1085
732 143
732 1000
732 477
732 520
732 115
732 221
732 748
732 528
733 511
733 769
733 1001
733 520
733 102
733 303
733 720
733 765
733 649
733 991
734 253
734 990
734 304
734 511
734 755
734 103
734 995
734 733
734 994
734 518
735 477
735 254
735 255
735 529
735 226
735 304
735 1117
735 524
735 719
735 742
736 864
736 883
736 678
736 760
736 869
736 753
736 873
736 689
736 879
736 183
737 504
737 525
737 526
737 540
737 738
737 739
737 763
737 767
738 503
738 525
738 737
738 761
738 762
738 763
738 767
739 502
739 504
739 540
739 610
739 737
739 768
739 1118
739 1123
740 757
740 523
740 299
740 766
740 743
740 733
740 512
740 648
740 514
740 516
741 516
741 754
741 1000
741 997
741 996
741 515
741 993
741 748
741 1171
741 1211
742 506
742 1168
742 647
742 103
742 143
742 755
742 507
742 758
742 254
742 722
743 524
743 518
743 1168
743 516
743 745
743 529
743 144
743 511
743 744
743 735
744 1113
744 723
744 733
744 103
744 751
744 299
744 756
744 524
744 519
744 102
745 769
745 748
745 103
745 1085
745 513
745 1087
745 734
745 996
745 512
745 993
746 724
746 991
746 649
746 299
746 507
746 1117
746 520
746 1171
746 995
746 523
747 506
747 255
747 732
747 1168
747 757
747 997
747 516
747 512
747 514
747 524
748 528
748 735
748 745
748 1169
748 523
748 505
748 103
748 1168
748 1082
748 1000
749 1002
749 1207
749 1086
749 750
749 734
749 103
749 144
749 478
749 744
749 724
750 1087
750 733
750 1007
750 723
750 513
750 505
750 507
750 518
750 528
750 748
751 997
751 512
751 758
751 522
751 723
751 515
751 766
751 740
751 647
751 756
752 1057
752 864
752 677
752 1059
752 678
752 870
752 1062
752 772
752 1049
752 753
753 1060
753 874
753 1064
753 864
753 1055
753 868
753 876
753 676
753 760
753 677
754 107
754 303
754 733
754 515
754 996
754 781
754 507
754 748
754 750
754 751
755 647
755 734
755 513
755 515
755 1086
755 1171
755 754
755 744
755 751
755 1211
756 518
756 1002
756 522
756 746
756 513
756 723
756 528
756 748
756 516
756 740
757 756
757 1212
757 523
757 758
757 1113
757 755
757 743
757 1082
757 769
757 750
758 747
758 524
758 1082
758 1197
758 993
758 1000
758 512
758 648
758 756
758 995
759 182
759 870
759 842
759 881
759 670
759 1057
759 772
759 874
759 851
759 1056
760 852
760 843
760 678
760 879
760 676
760 878
760 1059
760 871
760 884
760 880
761 502
761 503
761 525
761 738
761 762
761 763
761 768
761 1123
762 502
762 503
762 738
762 761
762 763
762 768
763 503
763 525
763 737
763 738
763 761
763 762
763 767
763 1123
764 791
764 144
764 997
764 522
764 755
764 537
764 747
764 745
764 1086
764 735
765 732
765 524
765 1086
765 1115
765 162
765 523
765 1088
765 769
765 745
765 766
766 747
766 144
766 750
766 744
766 1082
766 745
766 995
766 1212
766 1116
766 1197
767 525
767 526
767 527
767 530
767 531
767 737
767 738
767 763
767 1123
768 502
768 503
768 504
768 739
768 761
768 762
769 1197
769 734
769 1117
769 743
769 1116
769 735
769 649
769 754
769 648
769 143
770 183
770 689
770 1049
770 1056
770 877
770 676
770 775
770 191
770 876
770 884
771 773
771 774
772 677
772 864
772 885
772 1055
772 676
772 870
772 891
772 892
772 736
772 876
773 771
773 774
774 771
774 773
775 892
775 885
775 868
775 877
775 189
775 671
775 1054
775 1056
775 864
775 901
776 55
776 56
776 57
776 777
776 790
776 792
777 59
777 776
777 778
777 792
778 75
778 91
778 92
778 98
778 777
778 792
778 797
779 447
779 443
779 460
779 261
779 863
779 441
779 462
779 635
779 463
779 198
780 443
780 441
780 200
780 1078
780 458
780 965
780 836
780 1075
780 813
780 451
781 1001
781 793
781 1025
781 1023
781 518
781 801
781 517
781 1028
781 1020
781 1088
782 146
782 787
782 814
782 791
782 1002
782 1023
782 162
782 795
782 764
782 1082
783 807
783 159
783 764
783 812
783 1010
783 795
783 648
783 1026
783 1029
783 1023
784 789
784 794
784 798
784 804
784 793
784 1114
784 781
784 1195
784 1113
784 795
785 804
785 798
785 1009
785 1194
785 1019
785 1195
785 794
785 1010
785 1020
785 819
786 171
786 314
786 1113
786 161
786 784
786 1021
786 814
786 1026
786 1081
786 796
787 786
787 1028
787 1015
787 815
787 824
787 793
787 1021
787 1032
787 795
787 727
788 1016
788 300
788 1113
788 798
788 1010
788 171
788 811
788 1018
788 806
788 791
789 796
789 827
789 817
789 795
789 1018
789 1021
789 803
789 802
789 818
789 1194
790 15
790 776
790 16
790 1110
790 26
790 41
790 1166
790 539
790 792
790 1012
791 1025
791 814
791 802
791 162
791 1020
791 787
791 1011
791 793
791 1113
791 782
792 776
792 777
792 778
792 790
792 1109
793 783
793 787
793 810
793 804
793 817
793 301
793 1024
793 811
793 782
793 1027
794 169
794 313
794 730
794 1196
794 782
794 1080
794 785
794 1020
794 803
794 814
795 825
795 436
795 727
795 809
795 1019
795 1025
795 814
795 816
795 801
795 824
796 781
796 1016
796 1020
796 793
796 169
796 1113
796 1015
796 1030
796 1029
796 1080
797 99
797 1215
797 151
797 92
797 220
797 153
797 104
797 163
797 155
797 164
798 171
798 786
798 781
798 810
798 1029
798 1080
798 1030
798 1025
798 814
798 801
799 817
799 302
799 1080
799 162
799 782
799 803
799 824
799 1021
799 814
799 1026
800 728
800 781
800 825
800 315
800 720
800 782
800 817
800 453
800 730
800 485
801 786
801 820
801 726
801 1016
801 1019
801 800
801 170
801 1031
801 1025
801 1027
802 794
802 1080
802 783
802 1030
802 786
802 176
802 1021
802 803
802 170
802 800
803 1040
803 170
803 176
803 1028
803 799
803 1030
803 1020
803 816
803 817
803 1034
804 1027
804 786
804 1020
804 828
804 819
804 826
804 1036
804 1019
804 806
804 794
805 784
805 785
805 789
805 845
805 1194
805 1195
805 1196
806 729
806 720
806 812
806 825
806 300
806 1017
806 796
806 1029
806 1019
806 453
807 453
807 783
807 795
807 825
807 794
807 798
807 1031
807 485
807 322
807 1019
808 222
808 103
808 151
808 154
808 101
808 1203
808 1215
808 1202
808 207
808 1217
809 800
809 787
809 1019
809 781
809 798
809 806
809 782
809 788
809 1023
809 1028
810 824
810 161
810 160
810 825
810 815
810 827
810 1018
810 309
810 301
810 816
811 485
811 1024
811 1019
811 721
811 1027
811 312
811 302
811 787
811 1026
811 301
812 721
812 727
812 1032
812 825
812 729
812 809
812 730
812 726
812 301
812 786
813 482
813 957
813 467
813 925
813 456
813 780
813 459
813 199
813 1075
813 1068
814 1026
814 176
814 1017
814 819
814 816
814 799
814 322
814 824
814 1027
814 786
815 728
815 322
815 803
815 1020
815 301
815 1028
815 1031
815 1025
815 314
815 798
816 833
816 795
816 819
816 787
816 817
816 174
816 794
816 830
816 788
816 809
817 834
817 809
817 806
817 796
817 1031
817 1029
817 794
817 1025
817 1033
817 1030
818 841
818 787
818 1026
818 847
818 1025
818 169
818 842
818 835
818 809
818 176
819 824
819 848
819 825
819 1041
819 1037
819 1045
819 820
819 1040
819 818
819 1021
820 1039
820 824
820 829
820 825
820 840
820 826
820 1042
820 802
820 1194
820 816
821 188
821 1077
821 901
821 457
821 904
821 1071
821 450
821 189
821 467
821 197
822 456
822 863
822 438
822 439
822 779
822 823
822 258
822 446
822 890
822 460
823 450
823 854
823 821
823 198
823 1068
823 466
823 901
823 438
823 259
823 1075
824 840
824 819
824 1024
824 1040
824 668
824 651
824 807
824 830
824 787
824 832
825 1021
825 835
825 793
825 1027
825 800
825 168
825 833
825 651
825 1039
825 1035
826 1038
826 802
826 841
826 169
826 1026
826 801
826 176
826 1025
826 830
826 1031
827 2
827 174
827 816
827 1036
827 817
827 829
827 1033
827 0
827 814
827 810
828 1025
828 176
828 651
828 814
828 832
828 2
828 818
828 668
828 833
828 1034
829 1044
829 819
829 831
829 1046
829 1050
829 1039
829 820
829 833
829 817
829 1026
830 1050
830 824
830 650
830 1040
830 182
830 826
830 855
830 671
830 835
830 1043
831 818
831 840
831 844
831 1040
831 848
831 851
831 829
831 869
831 846
831 804
832 652
832 1037
832 1
832 818
832 669
832 981
832 2
832 295
832 828
832 1040
833 295
833 837
833 2
833 176
833 1036
833 828
833 1031
833 1038
833 1
833 834
834 0
834 1031
834 819
834 824
834 651
834 1026
834 817
834 1034
834 816
834 832
835 844
835 176
835 1044
835 1043
835 827
835 1035
835 650
835 662
835 1037
835 1046
836 452
836 780
836 47
836 455
836 474
836 1074
836 447
836 904
836 445
836 821
837 701
837 294
837 660
837 706
837 711
837 1040
837 652
837 833
837 669
837 1
838 986
838 295
838 839
838 701
838 669
838 832
838 706
838 837
838 833
838 707
839 2
839 296
839 0
839 833
839 294
839 834
839 986
839 668
839 981
839 832
840 1043
840 176
840 849
840 1042
840 829
840 1048
840 651
840 1047
840 672
840 856
841 670
841 851
841 849
841 858
841 842
841 816
841 865
841 819
841 824
841 184
842 829
842 850
842 759
842 860
842 670
842 182
842 856
842 1047
842 869
842 175
843 861
843 864
843 841
843 870
843 831
843 1039
843 884
843 850
843 1044
843 848
844 1049
844 831
844 875
844 874
844 846
844 819
844 841
844 1040
844 871
844 840
845 471
845 805
845 831
845 853
845 889
845 1194
846 1051
846 1047
846 671
846 1048
846 184
846 819
846 1041
846 1037
846 859
846 843
847 860
847 1052
847 1039
847 819
847 1048
847 671
847 830
847 1041
847 852
847 651
848 1047
848 857
848 847
848 818
848 1034
848 852
848 759
848 820
848 867
848 851
849 1048
849 819
849 670
849 857
849 842
849 1035
849 1042
849 1047
849 865
849 183
850 842
850 831
850 843
850 1040
850 1061
850 1054
850 841
850 848
850 867
850 1056
851 842
851 830
851 670
851 676
851 875
851 841
851 840
851 876
851 1061
851 872
852 880
852 888
852 676
852 831
852 873
852 846
852 842
852 856
852 879
852 869
853 449
853 470
853 471
853 845
853 875
853 888
853 889
853 1194
854 780
854 823
854 467
854 887
854 189
854 1068
854 463
854 441
854 438
854 836
855 831
855 1041
855 1044
855 876
855 848
855 674
855 1052
855 866
855 670
855 847
856 848
856 840
856 1049
856 676
856 884
856 1050
856 1044
856 865
856 866
856 1039
857 866
857 842
857 852
857 871
857 770
857 1051
857 672
857 846
857 1048
857 847
858 865
858 842
858 881
858 1045
858 1054
858 872
858 855
858 1043
858 844
858 840
859 860
859 182
859 1050
859 862
859 183
859 867
859 830
859 1046
859 175
859 1041
860 674
860 848
860 879
860 1047
860 856
860 1046
860 851
860 759
860 847
860 1050
861 843
861 849
861 846
861 847
861 865
861 1043
861 860
861 1048
861 844
861 850
862 857
862 871
862 1057
862 1056
862 868
862 860
862 852
862 876
862 865
862 858
863 465
863 262
863 627
863 636
863 263
863 454
863 258
863 461
863 446
863 626
864 752
864 1060
864 775
864 1048
864 1046
864 1059
864 869
864 678
864 183
864 884
865 671
865 1044
865 841
865 1051
865 842
865 843
865 846
865 1039
865 867
865 830
866 672
866 1052
866 1045
866 851
866 849
866 1049
866 843
866 671
866 860
866 858
867 842
867 862
867 866
867 670
867 860
867 848
867 865
867 674
867 849
867 671
868 1055
868 879
868 752
868 842
868 1043
868 678
868 671
868 871
868 675
868 870
869 1061
869 1054
869 887
869 671
869 872
869 1046
869 1055
869 670
869 860
869 736
870 898
870 752
870 760
870 1056
870 886
870 1059
870 775
870 869
870 877
870 884
871 775
871 183
871 872
871 1044
871 1062
871 843
871 689
871 1049
871 862
871 879
872 849
872 759
872 1048
872 1064
872 883
872 752
872 864
872 1063
872 860
872 848
873 884
873 1063
873 672
873 852
873 183
873 861
873 872
873 897
873 864
873 676
874 450
874 770
874 871
874 897
874 900
874 772
874 752
874 896
874 449
874 852
875 873
875 449
875 443
875 874
875 852
875 870
875 888
875 844
875 775
875 880
876 862
876 1055
876 877
876 760
876 870
876 878
876 1044
876 872
876 852
876 855
877 873
877 850
877 874
877 770
877 675
877 880
877 775
877 1061
877 1060
877 883
878 191
878 870
878 851
878 1061
878 752
878 858
878 880
878 678
878 877
878 675
879 870
879 760
879 876
879 843
879 881
879 844
879 883
879 675
879 190
879 1054
880 770
880 1071
880 874
880 183
880 675
880 752
880 886
880 851
880 883
880 872
881 870
881 1055
881 678
881 1049
881 759
881 183
881 873
881 880
881 1061
881 858
882 871
882 1060
882 878
882 1056
882 881
882 1061
882 678
882 752
882 873
882 675
883 671
883 1048
883 759
883 873
883 675
883 850
883 1055
883 678
883 752
883 1057
884 895
884 200
884 896
884 1066
884 760
884 1048
884 191
884 872
884 68
884 880
885 450
885 892
885 894
885 190
885 900
885 772
885 191
885 895
885 1072
885 452
886 1064
886 871
886 47
886 901
886 888
886 450
886 1067
886 1068
886 893
886 887
887 447
887 444
887 448
887 775
887 900
887 1060
887 870
887 450
887 892
887 189
888 851
888 874
888 887
888 450
888 471
888 889
888 449
888 869
888 895
888 852
889 449
889 459
889 470
889 471
889 845
889 853
889 875
889 888
889 1194
890 863
890 632
890 259
890 953
890 628
890 456
890 823
890 265
890 638
890 780
891 901
891 1071
891 1073
891 46
891 898
891 900
891 449
891 47
891 1069
891 68
892 1062
892 190
892 903
892 896
892 879
892 1065
892 895
892 887
892 900
892 1061
893 902
893 45
893 898
893 1062
893 1064
893 1059
893 897
893 899
893 885
893 48
894 898
894 887
894 897
894 47
894 1068
894 886
894 46
894 884
894 902
894 54
895 190
895 449
895 888
895 1073
895 880
895 462
895 443
895 451
895 870
895 821
896 900
896 780
896 886
896 45
896 885
896 68
896 775
896 451
896 904
896 442
897 1065
897 1063
897 200
897 893
897 54
897 451
897 887
897 898
897 190
897 443
898 891
898 1066
898 886
898 1065
898 899
898 775
898 68
898 47
898 887
898 1062
899 900
899 1062
899 1059
899 892
899 893
899 1069
899 1068
899 886
899 1064
899 45
900 1064
900 68
900 47
900 892
900 895
900 54
900 48
900 452
900 897
900 46
901 780
901 190
901 200
901 198
901 1067
901 1071
901 887
901 450
901 775
901 199
902 898
902 885
902 900
902 1065
902 1066
902 903
902 899
902 45
902 54
902 897
903 891
903 898
903 902
903 47
903 48
903 897
903 900
903 885
903 54
903 886
904 457
904 258
904 441
904 779
904 863
904 823
904 1075
904 836
904 447
904 456
905 906
905 907
905 1102
906 905
907 316
907 590
907 905
908 559
908 588
908 589
909 348
909 591
909 913
910 352
910 389
911 350
911 551
911 553
911 572
911 914
912 351
912 396
913 349
913 551
913 553
913 572
913 573
913 591
913 909
914 350
914 551
914 552
914 553
914 554
914 566
914 572
914 573
914 911
914 915
915 403
915 551
915 553
915 572
915 914
916 921
916 382
916 374
916 917
916 922
916 375
916 380
916 435
916 919
916 918
917 381
917 382
917 916
917 918
917 919
917 920
917 921
918 381
918 382
918 916
918 917
918 919
918 920
918 921
919 916
919 922
919 382
919 918
919 921
919 380
919 381
919 375
919 376
919 920
920 918
920 381
920 921
920 376
920 382
920 374
920 922
920 917
920 916
920 375
921 374
921 376
921 381
921 380
921 920
921 922
921 435
921 375
921 382
921 916
922 921
922 373
922 434
922 916
922 365
922 388
922 376
922 380
922 923
922 382
923 434
923 380
923 388
923 373
923 379
923 376
923 367
923 922
923 375
923 365
924 497
924 475
924 1058
924 612
924 925
924 1005
924 480
924 227
924 617
924 491
925 509
925 212
925 619
925 1053
925 499
925 467
925 468
925 611
925 966
925 466
926 244
926 551
926 553
926 554
926 555
926 556
926 558
926 572
926 927
927 235
927 244
927 557
927 558
927 926
928 231
928 559
928 589
929 1160
929 52
929 1172
929 139
929 545
929 3
929 131
929 7
929 549
929 596
930 933
930 532
930 549
930 1160
930 125
930 145
930 110
930 24
930 177
930 129
931 177
931 39
931 138
931 145
931 1172
931 532
931 534
931 128
931 541
931 22
932 1093
932 131
932 1167
932 145
932 596
932 1176
932 542
932 149
932 181
932 930
933 931
933 544
933 541
933 185
933 1095
933 942
933 131
933 533
933 1094
933 939
934 933
934 1175
934 944
934 23
934 1162
934 941
934 30
934 3
934 89
934 1160
935 534
935 128
935 1160
935 137
935 550
935 942
935 1167
935 939
935 22
935 40
936 1176
936 1163
936 71
936 1095
936 541
936 534
936 122
936 1175
936 1094
936 932
937 942
937 592
937 26
937 126
937 139
937 930
937 29
937 224
937 1163
937 5
938 202
938 145
938 1190
938 1161
938 127
938 20
938 10
938 142
938 594
938 598
939 1159
939 29
939 597
939 7
939 70
939 602
939 613
939 145
939 535
939 26
940 612
940 64
940 41
940 943
940 490
940 4
940 127
940 619
940 546
940 51
941 129
941 1160
941 929
941 936
941 934
941 1151
941 127
941 1210
941 1190
941 938
942 939
942 603
942 933
942 617
942 52
942 41
942 5
942 625
942 930
942 543
943 619
943 214
943 229
943 51
943 228
943 606
943 613
943 216
943 614
943 213
944 29
944 251
944 44
944 217
944 165
944 141
944 3
944 50
944 924
944 43
945 622
945 625
945 632
945 266
945 50
945 947
945 942
945 949
945 627
945 55
946 616
946 49
946 602
946 489
946 944
946 44
946 621
946 612
946 607
946 639
947 621
947 628
947 228
947 626
947 623
947 63
947 229
947 639
947 636
947 955
948 606
948 624
948 621
948 635
948 62
948 953
948 946
948 266
948 614
948 629
949 942
949 621
949 252
949 260
949 211
949 952
949 230
949 947
949 65
949 209
950 256
950 667
950 656
950 945
950 946
950 621
950 641
950 60
950 261
950 951
951 60
951 73
951 266
951 262
951 615
951 265
951 954
951 621
951 952
951 627
952 633
952 629
952 265
952 622
952 465
952 951
952 624
952 262
952 257
952 263
953 657
953 656
953 73
953 59
953 632
953 945
953 236
953 947
953 256
953 628
954 958
954 631
954 82
954 59
954 83
954 663
954 626
954 945
954 624
954 1119
955 657
955 653
955 273
955 964
955 266
955 948
955 269
955 656
955 954
955 72
956 645
956 272
956 954
956 267
956 639
956 960
956 666
956 634
956 282
956 664
957 962
957 970
957 482
957 944
957 1014
957 238
957 617
957 1070
957 211
957 228
958 260
958 679
958 639
958 271
958 282
958 964
958 968
958 283
958 274
958 640
959 664
959 656
959 954
959 273
959 958
959 953
959 267
959 282
959 659
959 964
960 276
960 645
960 686
960 268
960 685
960 693
960 681
960 644
960 646
960 656
961 1058
961 228
961 498
961 499
961 229
961 965
961 1070
961 224
961 619
961 1075
962 1008
962 487
962 508
962 489
962 499
962 475
962 481
962 510
962 924
962 978
963 695
963 686
963 956
963 696
963 697
963 82
963 67
963 79
963 692
963 76
964 664
964 283
964 959
964 272
964 673
964 963
964 975
964 691
964 973
964 292
965 214
965 462
965 487
965 468
965 970
965 473
965 475
965 466
965 457
965 486
966 496
966 492
966 497
966 204
966 205
966 474
966 476
966 1174
966 206
966 466
967 497
967 1167
967 491
967 206
967 1095
967 1004
967 978
967 541
967 1127
967 70
968 79
968 693
968 680
968 975
968 276
968 958
968 269
968 687
968 666
968 699
969 706
969 288
969 693
969 692
969 77
969 1119
969 286
969 680
969 687
969 697
970 1004
970 498
970 486
970 966
970 469
970 1075
970 1078
970 962
970 1003
970 487
971 694
971 686
971 293
971 291
971 700
971 661
971 286
971 697
971 67
971 685
972 292
972 679
972 288
972 713
972 685
972 684
972 696
972 82
972 691
972 694
973 76
973 67
973 714
973 695
973 960
973 96
973 963
973 692
973 292
973 706
974 694
974 291
974 646
974 97
974 692
974 973
974 680
974 688
974 701
974 704
975 710
975 698
975 293
975 976
975 673
975 687
975 693
975 708
975 980
975 501
976 979
976 705
976 986
976 980
976 695
976 288
976 679
976 688
976 292
976 713
977 714
977 707
977 983
977 982
977 988
977 698
977 76
977 969
977 85
977 77
978 925
978 508
978 491
978 924
978 496
978 490
978 493
978 464
978 474
978 509
979 90
979 682
979 683
979 976
979 688
979 986
979 293
979 97
979 91
979 704
980 706
980 713
980 75
980 692
980 312
980 711
980 699
980 294
980 714
980 710
981 976
981 312
981 712
981 311
981 485
981 294
981 501
981 713
981 710
981 714
982 683
982 701
982 662
982 298
982 295
982 986
982 975
982 705
982 980
982 977
983 684
983 710
983 706
983 698
983 973
983 93
983 987
983 692
983 309
983 729
984 705
984 729
984 77
984 718
984 700
984 983
984 86
984 708
984 90
984 312
985 988
985 700
985 704
985 980
985 322
985 711
985 298
985 97
985 720
985 726
986 485
986 295
986 982
986 983
986 989
986 651
986 707
986 981
986 705
986 714
987 98
987 501
987 315
987 715
987 93
987 303
987 740
987 741
987 321
987 225
988 706
988 981
988 100
988 980
988 303
988 991
988 86
988 660
988 309
988 709
989 94
989 436
989 309
989 296
989 684
989 87
989 726
989 302
989 985
989 86
990 1000
990 513
990 715
990 478
990 311
990 994
990 514
990 153
990 93
990 154
991 220
991 299
991 708
991 528
991 521
991 505
991 746
991 993
991 221
991 519
992 107
992 734
992 225
992 109
992 1086
992 528
992 996
992 741
992 522
992 106
993 507
993 735
993 746
993 207
993 734
993 724
993 754
993 1168
993 516
993 992
994 477
994 524
994 749
994 741
994 109
994 647
994 724
994 478
994 754
994 1211
995 518
995 1117
995 1168
995 103
995 756
995 723
995 506
995 1085
995 505
995 744
996 150
996 747
996 732
996 995
996 751
996 755
996 101
996 756
996 1000
996 740
997 1170
997 144
997 744
997 150
997 1007
997 1214
997 1000
997 1002
997 529
997 754
998 590
998 1006
999 232
999 1083
999 1149
1000 1171
1000 116
1000 303
1000 649
1000 765
1000 507
1000 749
1000 722
1000 255
1000 757
1001 733
1001 1170
1001 1085
1001 513
1001 735
1001 741
1001 1113
1001 1002
1001 993
1001 144
1002 735
1002 1088
1002 1117
1002 517
1002 1011
1002 648
1002 1009
1002 524
1002 1084
1002 143
1003 195
1003 1092
1003 1070
1003 499
1003 1014
1003 510
1003 500
1003 1013
1003 1076
1003 1077
1004 500
1004 205
1004 1077
1004 203
1004 1094
1004 1076
1004 492
1004 1092
1004 970
1004 1176
1005 1074
1005 1077
1005 473
1005 195
1005 509
1005 1008
1005 474
1005 970
1005 497
1005 924
1006 998
1006 1083
1007 519
1007 107
1007 750
1007 1168
1007 649
1007 744
1007 522
1007 735
1007 647
1007 514
1008 1094
1008 1005
1008 466
1008 1078
1008 491
1008 499
1008 1126
1008 1013
1008 195
1008 206
1009 769
1009 1026
1009 648
1009 782
1009 146
1009 171
1009 1022
1009 793
1009 1010
1009 1082
1010 796
1010 806
1010 788
1010 1087
1010 1169
1010 791
1010 1019
1010 784
1010 1020
1010 170
1011 764
1011 799
1011 1081
1011 1080
1011 794
1011 1015
1011 769
1011 146
1011 1016
1011 162
1012 6
1012 209
1012 41
1012 4
1012 22
1012 939
1012 1164
1012 50
1012 19
1012 88
1013 1003
1013 957
1013 490
1013 1005
1013 493
1013 205
1013 483
1013 464
1013 510
1013 1075
1014 486
1014 508
1014 1070
1014 480
1014 498
1014 466
1014 962
1014 487
1014 966
1014 510
1015 1019
1015 161
1015 1018
1015 795
1015 1028
1015 1113
1015 798
1015 793
1015 809
1015 1080
1016 809
1016 171
1016 1019
1016 1113
1016 1026
1016 160
1016 783
1016 1028
1016 764
1016 1002
1017 781
1017 1015
1017 801
1017 787
1017 1011
1017 1022
1017 160
1017 146
1017 1082
1017 783
1018 801
1018 1010
1018 1019
1018 1028
1018 800
1018 810
1018 1022
1018 781
1018 1025
1018 1082
1019 1009
1019 1025
1019 814
1019 798
1019 1031
1019 176
1019 1033
1019 1020
1019 801
1019 787
1020 803
1020 1031
1020 731
1020 824
1020 801
1020 788
1020 802
1020 791
1020 170
1020 1021
1021 825
1021 1028
1021 799
1021 171
1021 1018
1021 806
1021 809
1021 781
1021 817
1021 1022
1022 171
1022 802
1022 1024
1022 818
1022 1019
1022 1033
1022 801
1022 806
1022 1025
1022 819
1023 787
1023 815
1023 1081
1023 727
1023 789
1023 810
1023 728
1023 1027
1023 788
1023 1021
1024 1029
1024 310
1024 1032
1024 800
1024 1025
1024 815
1024 799
1024 1022
1024 721
1024 796
1025 795
1025 791
1025 169
1025 816
1025 1024
1025 1018
1025 1009
1025 809
1025 1080
1025 1035
1026 1080
1026 1032
1026 810
1026 786
1026 1034
1026 171
1026 176
1026 1028
1026 825
1026 798
1027 803
1027 800
1027 176
1027 301
1027 436
1027 171
1027 321
1027 819
1027 728
1027 300
1028 1027
1028 436
1028 817
1028 176
1028 786
1028 314
1028 453
1028 160
1028 171
1028 782
1029 795
1029 301
1029 310
1029 312
1029 793
1029 453
1029 436
1029 1019
1029 816
1029 801
1030 169
1030 1031
1030 1022
1030 1034
1030 806
1030 798
1030 815
1030 787
1030 168
1030 801
1031 1036
1031 830
1031 651
1031 828
1031 1028
1031 787
1031 811
1031 841
1031 171
1031 1024
1032 453
1032 314
1032 796
1032 814
1032 1029
1032 783
1032 817
1032 310
1032 816
1032 729
1033 171
1033 834
1033 1027
1033 1022
1033 1020
1033 835
1033 804
1033 169
1033 810
1033 1034
1034 1041
1034 834
1034 802
1034 803
1034 1027
1034 819
1034 842
1034 651
1034 828
1034 669
1035 174
1035 1022
1035 168
1035 1043
1035 1033
1035 847
1035 669
1035 816
1035 176
1035 824
1036 1037
1036 832
1036 662
1036 816
1036 650
1036 846
1036 2
1036 825
1036 1022
1036 169
1037 1040
1037 837
1037 296
1037 707
1037 652
1037 294
1037 668
1037 838
1037 710
1037 1038
1038 660
1038 711
1038 668
1038 2
1038 839
1038 828
1038 712
1038 827
1038 651
1038 837
1039 1051
1039 671
1039 848
1039 1054
1039 818
1039 820
1039 855
1039 1040
1039 176
1039 835
1040 840
1040 826
1040 175
1040 837
1040 184
1040 849
1040 843
1040 650
1040 816
1040 174
1041 819
1041 844
1041 651
1041 182
1041 174
1041 816
1041 175
1041 859
1041 824
1041 183
1042 1050
1042 816
1042 855
1042 864
1042 825
1042 650
1042 669
1042 172
1042 1043
1042 830
1043 1049
1043 1047
1043 1044
1043 843
1043 866
1043 184
1043 819
1043 859
1043 1046
1043 857
1044 842
1044 1048
1044 829
1044 1039
1044 847
1044 174
1044 1051
1044 872
1044 1041
1044 830
1045 841
1045 850
1045 864
1045 175
1045 669
1045 848
1045 857
1045 183
1045 174
1045 844
1046 858
1046 835
1046 1052
1046 850
1046 866
1046 759
1046 868
1046 869
1046 1051
1046 841
1047 862
1047 848
1047 847
1047 1043
1047 670
1047 1046
1047 857
1047 859
1047 671
1047 840
1048 1051
1048 192
1048 855
1048 876
1048 841
1048 868
1048 1060
1048 1054
1048 174
1048 760
1049 859
1049 877
1049 865
1049 879
1049 1045
1049 876
1049 852
1049 191
1049 1052
1049 858
1050 841
1050 1061
1050 1054
1050 850
1050 848
1050 174
1050 1051
1050 1045
1050 1041
1050 847
1051 843
1051 1052
1051 850
1051 848
1051 184
1051 862
1051 830
1051 869
1051 671
1051 1049
1052 1049
1052 1048
1052 848
1052 1050
1052 1045
1052 862
1052 867
1052 843
1052 671
1052 849
1053 473
1053 238
1053 612
1053 229
1053 965
1053 484
1053 468
1053 1070
1053 611
1053 961
1054 759
1054 772
1054 753
1054 876
1054 192
1054 846
1054 678
1054 884
1054 736
1054 1059
1055 1049
1055 1063
1055 871
1055 192
1055 1057
1055 671
1055 1064
1055 1056
1055 760
1055 897
1056 1044
1056 190
1056 760
1056 851
1056 891
1056 752
1056 678
1056 864
1056 1054
1056 880
1057 1062
1057 670
1057 182
1057 672
1057 1049
1057 880
1057 881
1057 1060
1057 879
1057 772
1058 813
1058 456
1058 965
1058 966
1058 487
1058 472
1058 1008
1058 448
1058 1076
1058 508
1059 1072
1059 770
1059 179
1059 872
1059 759
1059 899
1059 871
1059 876
1059 675
1059 885
1060 1065
1060 897
1060 886
1060 675
1060 851
1060 879
1060 759
1060 753
1060 1061
1060 190
1061 877
1061 1048
1061 868
1061 677
1061 876
1061 851
1061 869
1061 1069
1061 883
1061 1044
1062 874
1062 1063
1062 898
1062 54
1062 900
1062 877
1062 899
1062 879
1062 891
1062 449
1063 1056
1063 442
1063 871
1063 879
1063 452
1063 45
1063 68
1063 892
1063 894
1063 192
1064 445
1064 1059
1064 1068
1064 1063
1064 47
1064 899
1064 1073
1064 894
1064 191
1064 452
1065 902
1065 54
1065 46
1065 874
1065 1068
1065 894
1065 896
1065 893
1065 452
1065 1062
1066 894
1066 892
1066 1063
1066 68
1066 886
1066 887
1066 775
1066 891
1066 1065
1066 1068
1067 1065
1067 191
1067 896
1067 179
1067 443
1067 188
1067 187
1067 891
1067 895
1067 1073
1068 442
1068 896
1068 47
1068 447
1068 1071
1068 1059
1068 813
1068 874
1068 875
1068 894
1069 1061
1069 1059
1069 1060
1069 1067
1069 874
1069 47
1069 1073
1069 191
1069 190
1069 1064
1070 490
1070 483
1070 204
1070 1078
1070 472
1070 492
1070 448
1070 970
1070 1008
1070 1076
1071 445
1071 188
1071 46
1071 1073
1071 199
1071 887
1071 444
1071 187
1071 443
1071 895
1072 1069
1072 447
1072 443
1072 1067
1072 1073
1072 896
1072 442
1072 189
1072 462
1072 451
1073 462
1073 46
1073 452
1073 450
1073 895
1073 191
1073 444
1073 891
1073 1069
1073 189
1074 466
1074 472
1074 447
1074 462
1074 457
1074 480
1074 481
1074 199
1074 482
1074 196
1075 475
1075 823
1075 481
1075 461
1075 447
1075 186
1075 491
1075 779
1075 480
1075 813
1076 448
1076 457
1076 1013
1076 489
1076 1004
1076 780
1076 1005
1076 1014
1076 966
1076 967
1077 469
1077 468
1077 463
1077 510
1077 473
1077 962
1077 497
1077 448
1077 490
1077 458
1078 1075
1078 1004
1078 1077
1078 967
1078 186
1078 463
1078 1008
1078 1005
1078 475
1078 464
1079 1189
1079 934
1079 539
1079 7
1079 28
1079 44
1079 1164
1079 202
1079 9
1079 941
1080 171
1080 789
1080 782
1080 160
1080 1015
1080 647
1080 814
1080 1082
1080 802
1080 786
1081 798
1081 1113
1081 814
1081 1196
1081 1020
1081 1021
1081 795
1081 1169
1081 170
1081 791
1082 146
1082 161
1082 1000
1082 1211
1082 1115
1082 783
1082 754
1082 514
1082 1196
1082 1087
1083 999
1083 1006
1083 1090
1083 1149
1083 1151
1083 1152
1084 537
1084 143
1084 1000
1084 1171
1084 524
1084 649
1084 742
1084 1115
1084 514
1084 1197
1085 995
1085 519
1085 758
1085 136
1085 732
1085 518
1085 517
1085 515
1085 529
1085 741
1086 769
1086 1088
1086 1001
1086 1169
1086 766
1086 162
1086 994
1086 764
1086 743
1086 755
1087 755
1087 997
1087 136
1087 745
1087 1085
1087 1113
1087 781
1087 647
1087 765
1087 648
1088 1007
1088 1082
1088 1087
1088 757
1088 1086
1088 649
1088 743
1088 147
1088 1113
1088 764
1089 1090
1090 1083
1090 1089
1090 1151
1090 1152
1090 1189
1090 1190
1091 653
1091 687
1091 958
1091 80
1091 661
1091 90
1091 680
1091 66
1091 681
1091 73
1092 195
1092 500
1092 508
1092 1174
1092 1176
1092 936
1092 978
1092 1175
1092 1154
1092 499
1093 978
1093 534
1093 1094
1093 935
1093 499
1093 510
1093 1092
1093 122
1093 541
1093 1172
1094 936
1094 493
1094 1126
1094 1004
1094 1095
1094 1005
1094 492
1094 1174
1094 205
1094 978
1095 1092
1095 549
1095 941
1095 122
1095 966
1095 541
1095 1201
1095 110
1095 533
1095 127
1096 609
1096 643
1096 1178
1097 1179
1097 1181
1097 1183
1097 1188
1097 1191
1097 1192
1098 1099
1098 1103
1099 1098
1099 1109
1100 1101
1100 1184
1100 1185
1101 1100
1101 1104
1101 1184
1101 1192
1102 316
1102 905
1102 1103
1102 1128
1102 1129
1102 1130
1103 1098
1103 1102
1103 1128
1103 1129
1103 1213
1104 1101
1104 1191
1104 1192
1104 1193
1105 319
1105 320
1105 1106
1105 1107
1105 1131
1105 1155
1105 1158
1106 33
1106 280
1106 1105
1106 1107
1106 1137
1106 1155
1107 135
1107 1105
1107 1106
1107 1155
1107 1158
1108 154
1108 155
1108 156
1108 797
1108 1204
1108 1206
1109 792
1109 1099
1109 1110
1110 15
1110 16
1110 17
1110 18
1110 790
1110 1109
1110 1165
1110 1166
1111 1162
1111 23
1111 16
1111 30
1111 1079
1111 17
1111 941
1111 29
1111 1190
1111 88
1112 1202
1112 1206
1112 155
1112 808
1112 154
1112 1204
1112 254
1112 1205
1112 107
1112 1217
1113 146
1113 160
1113 513
1113 1007
1113 1082
1113 744
1113 745
1113 791
1113 1011
1113 1009
1114 784
1114 1084
1114 1113
1114 1187
1114 1186
1114 647
1114 758
1114 1197
1114 764
1114 1196
1115 515
1115 514
1115 1168
1115 1113
1115 995
1115 1007
1115 1170
1115 162
1115 748
1115 996
1116 1169
1116 160
1116 518
1116 1002
1116 781
1116 162
1116 766
1116 1017
1116 994
1116 512
1117 515
1117 521
1117 1116
1117 517
1117 507
1117 1170
1117 511
1117 522
1117 745
1117 520
1118 249
1118 270
1118 504
1118 610
1118 739
1118 1122
1119 79
1119 656
1119 968
1119 687
1119 90
1119 272
1119 958
1119 290
1119 657
1119 285
1120 239
1120 246
1120 247
1120 527
1120 530
1120 531
1120 1121
1120 1147
1121 247
1121 527
1121 530
1121 531
1121 1120
1121 1143
1122 270
1122 504
1122 1118
1122 1123
1122 1124
1123 503
1123 504
1123 525
1123 526
1123 739
1123 761
1123 763
1123 767
1123 1122
1124 270
1124 527
1124 1122
1124 1142
1125 533
1125 1094
1125 935
1125 69
1125 125
1125 936
1125 1175
1125 541
1125 547
1125 1095
1126 967
1126 534
1126 933
1126 1014
1126 78
1126 550
1126 498
1126 1208
1126 966
1126 483
1127 500
1127 493
1127 484
1127 494
1127 967
1127 495
1127 476
1127 1201
1127 492
1127 1126
1128 108
1128 109
1128 1102
1128 1103
1128 1129
1128 1130
1128 1156
1128 1213
1129 109
1129 136
1129 307
1129 1102
1129 1103
1129 1128
1129 1130
1129 1156
1129 1157
1129 1212
1130 307
1130 1102
1130 1128
1130 1129
1130 1156
1130 1157
1130 1212
1131 320
1131 1105
1131 1158
1132 14
1132 147
1132 148
1132 1133
1132 1134
1132 1135
1132 1157
1133 1082
1133 146
1133 1132
1133 1170
1133 1135
1133 148
1133 1169
1133 147
1133 1088
1133 1157
1134 12
1134 13
1134 14
1134 38
1134 111
1134 306
1134 1132
1135 14
1135 146
1135 147
1135 148
1135 1132
1135 1133
1136 158
1136 1138
1136 1139
1137 31
1137 33
1137 278
1137 1106
1138 13
1138 1136
1139 167
1139 1136
1139 1140
1139 1141
1140 167
1140 180
1140 1139
1140 1141
1140 1144
1140 1145
1141 167
1141 1139
1141 1140
1141 1144
1141 1145
1142 1124
1143 1121
1144 1140
1144 1141
1144 1145
1145 178
1145 180
1145 194
1145 1140
1145 1141
1145 1144
1146 186
1146 194
1146 201
1147 201
1147 203
1147 246
1147 247
1147 1120
1147 1148
1148 1176
1148 246
1148 1095
1148 195
1148 1094
1148 203
1148 1153
1148 1093
1148 1147
1148 204
1149 232
1149 999
1149 1083
1149 1150
1149 1151
1149 1152
1149 1153
1150 936
1150 1149
1150 1151
1150 1152
1150 1153
1150 1154
1150 1208
1151 936
1151 941
1151 1083
1151 1090
1151 1149
1151 1150
1151 1152
1151 1153
1151 1154
1152 1083
1152 1090
1152 1149
1152 1150
1152 1151
1152 1153
1153 1151
1153 1208
1153 1173
1153 203
1153 1172
1153 1174
1153 1095
1153 1150
1153 936
1153 1175
1154 1153
1154 935
1154 1151
1154 1092
1154 1125
1154 534
1154 1095
1154 1172
1154 122
1154 128
1155 33
1155 135
1155 1105
1155 1106
1155 1107
1156 1170
1156 1129
1156 1171
1156 1211
1156 1086
1156 1157
1156 109
1156 136
1156 1088
1156 1128
1157 136
1157 1087
1157 109
1157 1132
1157 147
1157 995
1157 758
1157 1117
1157 1084
1157 1129
1158 36
1158 121
1158 135
1158 1105
1158 1107
1158 1131
1159 18
1159 185
1159 42
1159 88
1159 1166
1159 22
1159 23
1159 27
1159 1163
1159 600
1160 9
1160 939
1160 128
1160 1209
1160 937
1160 149
1160 24
1160 3
1160 1165
1160 209
1161 939
1161 127
1161 1111
1161 210
1161 5
1161 22
1161 40
1161 30
1161 28
1161 4
1162 1164
1162 128
1162 929
1162 930
1162 15
1162 934
1162 1161
1162 1210
1162 543
1162 6
1163 1079
1163 1160
1163 1161
1163 50
1163 127
1163 544
1163 53
1163 10
1163 23
1163 15
1164 53
1164 44
1164 937
1164 1159
1164 39
1164 24
1164 21
1164 4
1164 1111
1164 1162
1165 1159
1165 20
1165 10
1165 1079
1165 4
1165 1111
1165 44
1165 1162
1165 40
1165 51
1166 89
1166 1189
1166 17
1166 1210
1166 21
1166 16
1166 10
1166 1163
1166 1159
1166 538
1167 536
1167 1172
1167 929
1167 934
1167 547
1167 1154
1167 938
1167 1176
1167 598
1167 139
1168 740
1168 136
1168 1001
1168 766
1168 783
1168 143
1168 769
1168 144
1168 1087
1168 537
1169 515
1169 1133
1169 1015
1169 755
1169 1080
1169 1196
1169 1081
1169 1001
1169 1007
1169 647
1170 648
1170 1169
1170 1000
1170 1001
1170 1088
1170 1084
1170 765
1170 1010
1170 996
1170 1171
1171 758
1171 1001
1171 995
1171 756
1171 1197
1171 764
1171 994
1171 109
1171 647
1171 649
1172 550
1172 70
1172 547
1172 1167
1172 1174
1172 1095
1172 149
1172 1163
1172 1125
1172 1190
1173 939
1173 138
1173 69
1173 84
1173 934
1173 128
1173 129
1173 550
1173 932
1173 930
1174 510
1174 931
1174 534
1174 941
1174 69
1174 1125
1174 1094
1174 933
1174 541
1174 967
1175 548
1175 133
1175 138
1175 1201
1175 542
1175 71
1175 142
1175 936
1175 930
1175 1092
1176 84
1176 1208
1176 499
1176 510
1176 1172
1176 541
1176 81
1176 204
1176 1173
1176 1154
1177 743
1177 735
1177 1197
1177 750
1177 725
1177 751
1177 756
1177 1084
1177 755
1177 757
1178 1096
1178 1179
1178 1186
1178 1187
1179 1097
1179 1178
1179 1183
1179 1186
1179 1188
1180 1181
1180 1182
1180 1198
1181 1097
1181 1180
1181 1182
1181 1183
1181 1184
1181 1191
1182 1180
1182 1181
1182 1184
1182 1185
1182 1200
1183 1097
1183 1179
1183 1181
1183 1188
1183 1192
1184 1100
1184 1101
1184 1181
1184 1182
1184 1185
1184 1191
1184 1192
1185 1100
1185 1182
1185 1184
1185 1200
1186 1114
1186 1178
1186 1179
1186 1187
1186 1197
1187 1114
1187 1178
1187 1186
1187 1188
1187 1193
1187 1196
1188 1097
1188 1179
1188 1183
1188 1187
1188 1192
1188 1193
1189 1164
1189 1209
1189 1162
1189 21
1189 1163
1189 42
1189 88
1189 1079
1189 1166
1189 1190
1190 1159
1190 40
1190 1160
1190 933
1190 938
1190 39
1190 1090
1190 1162
1190 1210
1190 1172
1191 1097
1191 1104
1191 1181
1191 1184
1191 1192
1192 1097
1192 1101
1192 1104
1192 1183
1192 1184
1192 1188
1192 1191
1193 1104
1193 1187
1193 1188
1194 789
1194 471
1194 831
1194 805
1194 820
1194 845
1194 804
1194 853
1194 844
1194 785
1195 781
1195 784
1195 785
1195 805
1195 1114
1195 1196
1196 1169
1196 1195
1196 1187
1196 1016
1196 1002
1196 649
1196 1082
1196 1010
1196 791
1196 764
1197 1115
1197 523
1197 747
1197 1212
1197 649
1197 1169
1197 757
1197 743
1197 735
1197 1177
1198 609
1198 1180
1198 1199
1199 533
1199 536
1199 609
1199 1125
1199 1198
1199 1200
1199 1201
1200 495
1200 1125
1200 1182
1200 1185
1200 1199
1200 1201
1201 493
1201 1174
1201 1176
1201 541
1201 1093
1201 1094
1201 1200
1201 1095
1201 70
1201 1126
1202 1112
1202 226
1202 253
1202 221
1202 136
1202 193
1202 996
1202 478
1202 154
1202 152
1203 115
1203 724
1203 106
1203 1112
1203 163
1203 237
1203 151
1203 1202
1203 155
1203 222
1204 220
1204 113
1204 1214
1204 1206
1204 993
1204 150
1204 115
1204 109
1204 221
1204 237
1205 1112
1205 151
1205 255
1205 226
1205 155
1205 106
1205 99
1205 1217
1205 113
1205 1204
1206 107
1206 477
1206 101
1206 98
1206 113
1206 116
1206 151
1206 990
1206 93
1206 102
1207 1203
1207 1216
1207 993
1207 144
1207 221
1207 735
1207 143
1207 1211
1207 150
1207 520
1208 532
1208 125
1208 1150
1208 1167
1208 1095
1208 128
1208 935
1208 70
1208 1174
1208 500
1209 42
1209 938
1209 39
1209 538
1209 1159
1209 21
1209 1219
1209 28
1209 1161
1209 939
1210 42
1210 941
1210 22
1210 933
1210 938
1210 538
1210 24
1210 11
1210 1161
1210 21
1211 993
1211 1000
1211 764
1211 1002
1211 254
1211 648
1211 507
1211 742
1211 769
1211 520
1212 758
1212 649
1212 1197
1212 1170
1212 757
1212 1116
1212 764
1212 1086
1212 1114
1212 750
1213 808
1213 1207
1213 1217
1213 107
1213 996
1213 164
1213 1214
1213 478
1213 102
1213 1128
1214 115
1214 154
1214 225
1214 477
1214 101
1214 193
1214 1202
1214 995
1214 254
1214 1112
1215 222
1215 797
1215 253
1215 1218
1215 1112
1215 152
1215 151
1215 150
1215 154
1215 156
1216 253
1216 221
1216 808
1216 143
1216 992
1216 207
1216 153
1216 1217
1216 155
1216 1205
1217 116
1217 163
1217 153
1217 1206
1217 1203
1217 995
1217 1205
1217 1216
1217 136
1217 155
1218 116
1218 102
1218 193
1218 153
1218 114
1218 94
1218 207
1218 226
1218 1215
1218 150
1219 18
1219 185
1219 30
1219 52
1219 10
1219 26
1219 1163
1219 1161
1219 1012
1219 11
