-0.001383 0.268171 0.067577
-0.038651 0.234346 0.059746
-0.001383 0.268628 0.098115
-0.001383 0.253110 -0.005974
0.035885 0.234346 0.059746
-0.046532 0.144261 0.050242
-0.001383 0.268628 0.157578
-0.001383 0.234657 -0.107359
0.043767 0.144261 0.050242
-0.048104 0.098466 0.010557
-0.047473 0.116850 0.026488
-0.001383 0.268628 0.218762
-0.001383 0.228698 -0.210236
0.045338 0.098466 0.010557
0.044707 0.116850 0.026488
-0.055953 0.028906 0.028455
-0.001383 0.276403 0.278736
-0.001383 0.222076 -0.324535
0.053187 0.028906 0.028455
-0.001383 0.295710 0.344684
-0.023298 0.299424 0.276110
0.020532 0.299424 0.276110
-0.001383 0.223307 -0.427578
-0.001383 0.313943 0.395940
-0.048966 0.211095 0.278659
0.046200 0.211095 0.278659
-0.001383 0.282862 0.416022
-0.048966 0.135296 0.262547
0.046200 0.135296 0.262548
-0.048966 0.056493 0.262547
0.046200 0.056492 0.262547
-0.048966 0.020927 0.290526
0.046200 0.020927 0.290526
