-0.000000 0.643137 0.398039 0.000005 0.638296 0.769791
-0.000000 0.686275 0.331373 -0.001472 0.922918 0.384993
-0.008715 0.659695 0.365795 -0.383179 0.775483 0.501797
-0.026144 0.649673 0.367974 -0.383180 0.775483 0.501797
-0.078433 0.619607 0.374510 -0.555911 0.540627 0.631415
-0.034859 0.651852 0.357952 -0.383179 0.775483 0.501797
-0.034859 0.637472 0.380174 -0.383179 0.775483 0.501797
-0.000000 0.576470 0.425490 -0.007689 0.497652 0.867343
-0.034859 0.603049 0.399782 -0.364653 0.354532 0.861009
-0.026144 0.613071 0.399346 -0.364653 0.354532 0.861009
-0.008715 0.610893 0.407625 -0.364653 0.354531 0.861008
-0.034859 0.625272 0.390632 -0.364653 0.354531 0.861009
0.078431 0.619607 0.374510 0.555454 0.546845 0.626443
0.034858 0.625272 0.390632 0.364661 0.354530 0.861006
0.026144 0.613071 0.399346 0.364661 0.354531 0.861006
0.008715 0.610893 0.407625 0.364661 0.354530 0.861006
0.034858 0.603049 0.399782 0.364661 0.354531 0.861006
0.050979 0.545098 0.421568 0.600521 0.362043 0.712951
0.031372 0.567320 0.418082 0.322405 0.417708 0.849455
0.043137 0.580392 0.407189 0.322405 0.417708 0.849456
0.057516 0.581699 0.401089 0.322405 0.417708 0.849455
0.040523 0.592156 0.402396 0.322405 0.417708 0.849455
0.137255 0.533333 0.339215 0.910980 0.102073 0.399620
0.101525 0.572984 0.364052 0.691574 0.186002 0.697946
0.088888 0.566013 0.378431 0.691574 0.186002 0.697946
0.072766 0.576906 0.391503 0.691574 0.186002 0.697946
0.092374 0.548148 0.379738 0.691574 0.186003 0.697946
0.094117 0.474509 0.390195 0.875068 -0.042613 0.482120
0.079738 0.512418 0.398474 0.694099 0.107837 0.711757
0.094117 0.517647 0.383659 0.694098 0.107836 0.711757
0.108496 0.508496 0.371023 0.694098 0.107837 0.711757
0.094117 0.532026 0.381481 0.694099 0.107836 0.711757
0.105881 0.435294 0.296078 0.811813 -0.362366 0.457876
0.118518 0.483224 0.325707 0.873397 -0.401061 0.276276
0.112418 0.481045 0.341829 0.873397 -0.401061 0.276276
0.114597 0.496296 0.357080 0.873397 -0.401061 0.276276
0.104139 0.463616 0.342701 0.873397 -0.401061 0.276276
0.066666 0.423529 0.441176 0.659121 -0.533286 0.530251
0.083224 0.447494 0.402396 0.934133 -0.272637 0.230358
0.088888 0.444444 0.375816 0.934133 -0.272637 0.230358
0.087145 0.434422 0.371023 0.934133 -0.272637 0.230358
0.096295 0.451416 0.354030 0.934133 -0.272637 0.230358
-0.000000 0.392156 0.425490 -0.005737 -0.971911 0.235278
0.054466 0.414814 0.369716 0.417882 -0.907649 0.039344
0.057516 0.416993 0.387581 0.417882 -0.907649 0.039344
0.076688 0.425272 0.374945 0.417882 -0.907649 0.039344
0.041394 0.410893 0.418082 0.417882 -0.907649 0.039344
-0.000000 0.427451 0.472549 -0.013583 -0.552480 0.833415
0.029629 0.421786 0.453377 0.229044 -0.778727 0.584058
0.022222 0.414379 0.446405 0.229044 -0.778727 0.584058
0.007407 0.411329 0.448148 0.229044 -0.778727 0.584058
0.029629 0.410021 0.437690 0.229044 -0.778727 0.584058
-0.062745 0.423529 0.441176 -0.653608 -0.535541 0.534783
-0.027887 0.410021 0.437690 -0.242539 -0.776107 0.582093
-0.020915 0.414379 0.446405 -0.242539 -0.776107 0.582093
-0.006972 0.411329 0.448148 -0.242539 -0.776107 0.582093
-0.027887 0.421786 0.453377 -0.242539 -0.776107 0.582093
-0.027451 0.482353 0.484314 -0.644260 0.022489 0.764476
-0.019172 0.451416 0.474292 -0.395235 -0.377108 0.837603
-0.030065 0.444444 0.466013 -0.395236 -0.377109 0.837602
-0.040087 0.450109 0.463834 -0.395237 -0.377108 0.837602
-0.030937 0.431808 0.459913 -0.395236 -0.377110 0.837602
-0.094118 0.474509 0.390195 -0.864730 -0.048440 0.499896
-0.072767 0.452723 0.423311 -0.816767 0.070072 0.572698
-0.061438 0.460130 0.438562 -0.816767 0.070072 0.572697
-0.050545 0.455337 0.454684 -0.816766 0.070072 0.572698
-0.061002 0.472331 0.437690 -0.816766 0.070073 0.572698
-0.047059 0.545098 0.421568 -0.604576 0.354147 0.713490
-0.043573 0.509368 0.445969 -0.792300 0.289493 0.537080
-0.056209 0.500653 0.432026 -0.792300 0.289493 0.537080
-0.065795 0.506753 0.414596 -0.792300 0.289493 0.537080
-0.059259 0.485838 0.435512 -0.792300 0.289493 0.537080
-0.137256 0.533333 0.339215 -0.907772 0.103177 0.406576
-0.108062 0.508496 0.371023 -0.677735 0.130179 0.723691
-0.092811 0.517647 0.383659 -0.677735 0.130179 0.723691
-0.077996 0.512418 0.398474 -0.677735 0.130179 0.723691
-0.092375 0.532026 0.381481 -0.677735 0.130179 0.723691
-0.071025 0.576906 0.391503 -0.676546 0.167956 0.716991
-0.087583 0.566013 0.378431 -0.676546 0.167956 0.716991
-0.101091 0.572984 0.364052 -0.676546 0.167956 0.716991
-0.090633 0.548148 0.379738 -0.676546 0.167956 0.716991
-0.070588 0.666666 0.284314 -0.748969 0.625370 0.218993
-0.101090 0.602178 0.318736 -0.845583 0.499915 0.187280
-0.095426 0.606535 0.332680 -0.845583 0.499915 0.187280
-0.103705 0.586492 0.348802 -0.845583 0.499915 0.187280
-0.081482 0.630936 0.330501 -0.845583 0.499915 0.187280
-0.042702 0.654466 0.345316 -0.471807 0.797866 0.375244
-0.049674 0.657516 0.330066 -0.471807 0.797866 0.375244
-0.040087 0.670152 0.315251 -0.471807 0.797866 0.375243
-0.066232 0.647930 0.329630 -0.471808 0.797866 0.375243
-0.035294 0.701961 0.233333 0.190137 0.979750 -0.062754
-0.047059 0.684531 0.266885 -0.431730 0.853443 0.291968
-0.035294 0.684967 0.283007 -0.431729 0.853443 0.291968
-0.035294 0.679303 0.299565 -0.431730 0.853442 0.291968
-0.023529 0.691068 0.282571 -0.431729 0.853443 0.291968
-0.000000 0.709804 0.233333 -0.010653 0.997297 -0.072699
-0.003922 0.698475 0.276906 -0.211209 0.950452 0.228103
-0.011765 0.699347 0.266013 -0.211211 0.950452 0.228103
-0.015686 0.703704 0.244226 -0.211209 0.950452 0.228103
-0.015686 0.695861 0.276906 -0.211209 0.950453 0.228103
-0.000000 0.686275 0.174510 -0.003372 0.840130 -0.542374
-0.015686 0.695861 0.207189 -0.202070 0.909324 -0.363727
-0.011765 0.699347 0.213725 -0.202071 0.909324 -0.363727
-0.015686 0.703704 0.226797 -0.202070 0.909324 -0.363726
-0.003922 0.698475 0.207189 -0.202069 0.909324 -0.363726
0.039216 0.701961 0.233333 -0.198809 0.977908 -0.064577
0.017429 0.703704 0.226797 0.182570 0.912873 -0.365146
0.013072 0.699347 0.213725 0.182572 0.912872 -0.365146
0.017429 0.695861 0.207189 0.182571 0.912873 -0.365146
0.004357 0.698475 0.207189 0.182570 0.912873 -0.365146
0.070588 0.643137 0.190195 0.893019 0.348384 -0.284861
0.035730 0.668845 0.188017 0.525166 0.667338 -0.528072
0.036601 0.677124 0.199346 0.525166 0.667338 -0.528072
0.025272 0.688453 0.202396 0.525167 0.667338 -0.528072
0.048802 0.674074 0.207625 0.525166 0.667338 -0.528072
0.070588 0.666666 0.284314 0.755915 0.616122 0.221328
0.081481 0.630936 0.330501 0.845579 0.499915 0.187299
0.095425 0.606535 0.332680 0.845579 0.499915 0.187299
0.103704 0.586492 0.348802 0.845579 0.499915 0.187299
0.101089 0.602178 0.318736 0.845579 0.499915 0.187299
0.152940 0.545098 0.229412 0.968701 0.237267 -0.072957
0.136819 0.553377 0.284314 0.850026 0.496937 0.174669
0.120261 0.581699 0.284314 0.850026 0.496938 0.174669
0.114596 0.597821 0.266013 0.850026 0.496938 0.174668
0.109368 0.593899 0.302614 0.850026 0.496938 0.174669
0.079738 0.642701 0.236383 0.785778 0.600043 -0.150006
0.098039 0.618300 0.234640 0.785778 0.600043 -0.150006
0.107189 0.610021 0.249455 0.785778 0.600043 -0.150006
0.107189 0.602178 0.218082 0.785778 0.600043 -0.150006
0.090195 0.600000 0.135294 0.706949 0.595005 -0.382351
0.115903 0.580392 0.183224 0.787541 0.588934 -0.181481
0.104574 0.596078 0.184967 0.787542 0.588934 -0.181481
0.088452 0.613072 0.170152 0.787542 0.588934 -0.181481
0.109367 0.594771 0.201525 0.787542 0.588934 -0.181481
0.041394 0.657516 0.177124 0.541630 0.744051 -0.391183
0.053594 0.643137 0.166666 0.541630 0.744051 -0.391183
0.071459 0.628758 0.164052 0.541630 0.744051 -0.391183
0.047930 0.643137 0.158823 0.541630 0.744051 -0.391183
-0.000000 0.619607 0.107843 0.000002 0.847287 -0.531136
0.040087 0.618300 0.127451 0.346120 0.663395 -0.663406
0.030065 0.635294 0.139216 0.346120 0.663395 -0.663406
0.010022 0.647059 0.140523 0.346120 0.663396 -0.663406
0.040087 0.640523 0.149673 0.346121 0.663396 -0.663405
-0.090196 0.600000 0.135294 -0.712426 0.587124 -0.384363
-0.040087 0.640523 0.149673 -0.346117 0.663397 -0.663406
-0.030065 0.635294 0.139216 -0.346117 0.663396 -0.663407
-0.010022 0.647059 0.140523 -0.346116 0.663396 -0.663407
-0.040087 0.618300 0.127451 -0.346117 0.663396 -0.663407
0.149018 0.737255 -0.084314 0.986533 0.042551 0.157931
0.101961 0.639216 -0.045098 -0.293176 -0.953651 -0.067803
0.131154 0.688018 -0.103922 0.913247 -0.384722 0.134051
0.142483 0.687582 -0.182353 0.913247 -0.384721 0.134051
0.176470 0.686275 -0.417647 0.172396 -0.957013 -0.233248
0.140305 0.671024 -0.215033 0.913247 -0.384721 0.134051
0.155990 0.703704 -0.228105 0.913247 -0.384722 0.134051
0.168628 0.400000 0.072548 0.978909 0.171058 -0.111697
0.211764 0.372549 -0.143137 0.940460 0.322268 0.108067
0.180392 0.399129 -0.035077 0.793127 0.603538 0.081807
0.160784 0.424837 -0.034641 0.793127 0.603538 0.081807
0.101961 0.501961 -0.033334 0.656636 0.734089 -0.173039
0.158170 0.433116 -0.070371 0.793127 0.603538 0.081807
0.143791 0.442266 0.001524 0.793127 0.603538 0.081807
0.094117 0.780392 -0.076471 0.067098 0.992178 0.105269
0.128975 0.755991 -0.125708 0.621615 0.781544 0.052763
0.143790 0.750327 -0.216340 0.621615 0.781544 0.052763
0.188234 0.733333 -0.488235 0.067201 0.935884 -0.345840
0.160347 0.740305 -0.262963 0.621616 0.781543 0.052763
0.142047 0.754684 -0.260349 0.621614 0.781545 0.052763
-0.164706 0.149019 -0.001961 0.049282 -0.395983 0.916934
-0.172550 0.266666 -0.064706 -0.877591 -0.156623 0.453104
-0.176907 0.202614 -0.045098 -0.841058 0.209837 0.498588
-0.193464 0.192156 -0.068628 -0.841058 0.209837 0.498588
-0.243137 0.160784 -0.139216 -0.976894 -0.212273 0.024868
-0.203050 0.206535 -0.090850 -0.841058 0.209837 0.498588
-0.200436 0.167320 -0.069935 -0.841058 0.209837 0.498588
0.065795 0.739869 0.053812 -0.821456 0.570271 -0.001200
0.064052 0.737255 0.004575 -0.821455 0.570272 -0.001200
0.058823 0.729412 -0.143137 -0.976089 -0.021573 -0.216297
0.072331 0.749020 -0.071678 -0.821455 0.570272 -0.001200
0.054030 0.722876 0.031590 -0.821455 0.570272 -0.001200
0.075817 0.686275 -0.057734 -0.861816 -0.500648 -0.081390
0.066667 0.690196 0.015033 -0.861816 -0.500648 -0.081390
0.069281 0.677124 0.067756 -0.861816 -0.500648 -0.081390
0.054902 0.707190 0.035076 -0.861816 -0.500648 -0.081390
0.060131 0.668845 0.183224 -0.908982 -0.400795 -0.114521
0.070588 0.661438 0.126143 -0.908982 -0.400795 -0.114521
0.070588 0.667538 0.104793 -0.908982 -0.400795 -0.114521
0.081046 0.647930 0.090413 -0.908982 -0.400795 -0.114521
-0.070588 0.643137 0.190195 -0.898889 0.339864 -0.276571
-0.058388 0.668845 0.183224 0.885933 -0.450428 -0.110624
-0.069281 0.661438 0.126143 0.885933 -0.450428 -0.110624
-0.101962 0.639216 -0.045098 0.259651 -0.963568 -0.064169
-0.080610 0.647930 0.090413 0.885933 -0.450428 -0.110624
-0.068846 0.667538 0.104793 0.885933 -0.450428 -0.110624
-0.054903 0.729412 -0.143137 0.974371 -0.037219 -0.221845
-0.073639 0.686275 -0.057734 0.843906 -0.530093 -0.082609
-0.064053 0.690196 0.015033 0.843906 -0.530093 -0.082609
-0.051417 0.707190 0.035076 0.843906 -0.530093 -0.082609
-0.067103 0.677124 0.067756 0.843906 -0.530093 -0.082609
-0.090196 0.780392 -0.076471 -0.044949 0.993884 0.100866
-0.061874 0.739869 0.053812 0.821460 0.570265 -0.001205
-0.060131 0.737255 0.004575 0.821460 0.570265 -0.001205
-0.050109 0.722876 0.031590 0.821459 0.570266 -0.001205
-0.068410 0.749020 -0.071678 0.821460 0.570265 -0.001205
-0.188236 0.733333 -0.488235 -0.054882 0.933483 -0.354398
-0.118084 0.736819 -0.289107 0.628508 0.741641 -0.234406
-0.111112 0.747712 -0.235948 0.628509 0.741641 -0.234406
-0.129848 0.753812 -0.266885 0.628509 0.741641 -0.234406
-0.085404 0.752505 -0.151852 0.628508 0.741641 -0.234406
-0.149020 0.737255 -0.084314 -0.985987 0.051435 0.158693
-0.127233 0.755991 -0.125708 -0.594944 0.802212 0.049973
-0.142484 0.750327 -0.216340 -0.594944 0.802212 0.049973
-0.140305 0.754684 -0.260349 -0.594943 0.802213 0.049972
-0.159913 0.740305 -0.262963 -0.594945 0.802212 0.049973
-0.058823 0.243137 0.190195 0.232802 -0.795871 0.558922
-0.000000 0.231372 0.209803 -0.005711 -0.875269 0.483603
-0.034858 0.245316 0.209367 -0.327037 -0.801956 0.499913
-0.045752 0.261438 0.228104 -0.327037 -0.801956 0.499913
-0.078433 0.309804 0.284313 -0.368311 -0.557882 0.743717
-0.041395 0.267538 0.240740 -0.327037 -0.801956 0.499913
-0.061003 0.271460 0.234204 -0.327038 -0.801956 0.499913
-0.131156 0.688018 -0.103922 -0.913243 -0.384729 0.134052
-0.142485 0.687582 -0.182353 -0.913243 -0.384729 0.134052
-0.176472 0.686275 -0.417647 -0.184963 -0.955098 -0.231464
-0.155992 0.703704 -0.228105 -0.913243 -0.384729 0.134052
-0.140306 0.671024 -0.215033 -0.913244 -0.384729 0.134052
-0.040088 0.592156 0.402396 -0.336224 0.397618 0.853729
-0.041831 0.580392 0.407189 -0.336224 0.397617 0.853729
-0.055774 0.581699 0.401089 -0.336224 0.397618 0.853729
-0.029630 0.567320 0.418082 -0.336224 0.397618 0.853729
-0.000000 0.494117 0.500000 -0.025375 0.316306 0.948318
-0.020915 0.525926 0.456862 -0.453666 0.597900 0.660835
-0.015686 0.538562 0.449019 -0.453667 0.597899 0.660835
-0.005229 0.536383 0.458170 -0.453667 0.597899 0.660835
-0.020915 0.553377 0.432026 -0.453666 0.597899 0.660835
0.022657 0.553377 0.432026 0.425304 0.607211 0.671127
0.016993 0.538562 0.449019 0.425304 0.607211 0.671127
0.005664 0.536383 0.458170 0.425305 0.607211 0.671127
0.022657 0.525926 0.456862 0.425304 0.607211 0.671127
0.031372 0.482353 0.484314 0.635263 0.026598 0.771838
0.019607 0.494553 0.484314 0.529991 0.511082 0.676687
0.027450 0.507189 0.468627 0.529991 0.511082 0.676687
0.036600 0.511547 0.458170 0.529991 0.511082 0.676687
0.026143 0.515468 0.463398 0.529991 0.511082 0.676687
0.067973 0.506753 0.414596 0.812249 0.265550 0.519360
0.058823 0.500653 0.432026 0.812249 0.265550 0.519360
0.047058 0.509368 0.445969 0.812249 0.265550 0.519360
0.061437 0.485838 0.435512 0.812249 0.265550 0.519360
0.054030 0.455337 0.454684 0.831780 0.098433 0.546308
0.064052 0.460130 0.438562 0.831780 0.098433 0.546308
0.074945 0.452723 0.423311 0.831780 0.098433 0.546308
0.063180 0.472331 0.437690 0.831780 0.098433 0.546308
-0.105883 0.435294 0.296078 -0.810179 -0.373086 0.452125
-0.085403 0.434422 0.371023 -0.915809 -0.317015 0.246568
-0.087582 0.444444 0.375816 -0.915809 -0.317015 0.246568
-0.081482 0.447494 0.402396 -0.915809 -0.317015 0.246568
-0.095861 0.451416 0.354030 -0.915809 -0.317015 0.246568
-0.114598 0.496296 0.357080 -0.873397 -0.401056 0.276283
-0.112419 0.481045 0.341829 -0.873397 -0.401056 0.276283
-0.118519 0.483224 0.325707 -0.873397 -0.401056 0.276283
-0.104140 0.463616 0.342701 -0.873397 -0.401056 0.276283
-0.152942 0.545098 0.229412 -0.971261 0.219043 -0.093128
-0.130284 0.494989 0.271242 -0.934771 -0.341775 0.096918
-0.132027 0.504575 0.288235 -0.934771 -0.341775 0.096917
-0.125055 0.491067 0.307843 -0.934771 -0.341775 0.096917
-0.140742 0.527669 0.285621 -0.934771 -0.341775 0.096918
-0.109369 0.593899 0.302614 -0.850020 0.496944 0.174676
-0.120262 0.581699 0.284314 -0.850020 0.496944 0.174676
-0.114597 0.597821 0.266013 -0.850020 0.496944 0.174676
-0.136820 0.553377 0.284314 -0.850020 0.496944 0.174676
-0.107190 0.602178 0.218082 -0.785770 0.600052 -0.150008
-0.098039 0.618300 0.234640 -0.785770 0.600052 -0.150008
-0.107190 0.610021 0.249455 -0.785771 0.600052 -0.150008
-0.079738 0.642701 0.236383 -0.785770 0.600052 -0.150008
-0.047059 0.674074 0.207625 -0.529706 0.684814 -0.500441
-0.035294 0.677124 0.199346 -0.529706 0.684814 -0.500441
-0.023529 0.688453 0.202396 -0.529707 0.684814 -0.500441
-0.035294 0.668845 0.188017 -0.529707 0.684814 -0.500441
-0.047930 0.643137 0.158823 -0.541631 0.744055 -0.391176
-0.053595 0.643137 0.166666 -0.541631 0.744055 -0.391176
-0.071460 0.628758 0.164052 -0.541631 0.744055 -0.391176
-0.041394 0.657516 0.177124 -0.541631 0.744055 -0.391176
-0.109368 0.594771 0.201525 -0.787534 0.588945 -0.181478
-0.104575 0.596078 0.184967 -0.787534 0.588945 -0.181478
-0.088453 0.613072 0.170152 -0.787534 0.588945 -0.181478
-0.115904 0.580392 0.183224 -0.787534 0.588945 -0.181478
-0.141178 0.513726 0.194117 -0.971751 0.230333 -0.051453
-0.119826 0.555556 0.171895 -0.864820 0.195835 -0.462316
-0.128105 0.552941 0.186274 -0.864819 0.195834 -0.462316
-0.140742 0.537255 0.203268 -0.864819 0.195834 -0.462316
-0.123748 0.566013 0.183660 -0.864819 0.195834 -0.462316
-0.130720 0.492810 0.255120 -0.924941 -0.379031 0.028615
-0.133334 0.498039 0.239869 -0.924941 -0.379031 0.028615
-0.142485 0.518954 0.221133 -0.924941 -0.379031 0.028615
-0.126798 0.482353 0.243355 -0.924941 -0.379032 0.028615
0.059259 0.694989 0.221569 0.463273 0.836109 0.293770
0.067974 0.716340 0.147059 0.463273 0.836109 0.293770
0.077560 0.721133 0.118301 0.463273 0.836109 0.293770
0.067102 0.732898 0.101307 0.463273 0.836109 0.293770
0.115903 0.748584 -0.039870 0.618196 0.737205 0.272696
0.104574 0.728104 0.041176 0.618195 0.737205 0.272697
0.089760 0.725054 0.083006 0.618195 0.737205 0.272697
0.108060 0.710675 0.080392 0.618196 0.737204 0.272697
0.079302 0.664052 0.201525 0.895586 -0.431606 0.107898
0.096731 0.682353 0.130065 0.895586 -0.431606 0.107898
0.105446 0.687582 0.078649 0.895586 -0.431605 0.107898
0.105446 0.695425 0.110022 0.895586 -0.431606 0.107898
0.119389 0.683225 -0.036384 0.913123 -0.387002 0.128201
0.107189 0.673203 0.020261 0.913123 -0.387002 0.128201
0.108932 0.684532 0.042047 0.913123 -0.387003 0.128201
0.093246 0.651852 0.055119 0.913123 -0.387002 0.128201
0.062744 0.243137 0.190195 -0.252251 -0.791776 0.556291
0.149018 0.352941 0.268626 0.515286 -0.203696 0.832459
0.102831 0.299346 0.235511 0.538887 -0.727159 0.425254
0.096731 0.301961 0.247711 0.538887 -0.727159 0.425253
0.078431 0.309804 0.284313 0.356937 -0.555760 0.750818
0.108060 0.321569 0.266883 0.538887 -0.727159 0.425253
0.079302 0.284967 0.240740 0.538887 -0.727159 0.425253
-0.168628 0.113726 -0.292157 -0.627947 -0.696924 -0.346382
-0.000000 0.050980 -0.111766 0.000001 -0.914081 0.405531
-0.085839 0.091068 -0.194990 -0.709127 -0.511955 0.484811
-0.088889 0.108497 -0.181046 -0.709127 -0.511955 0.484811
-0.098040 0.160784 -0.139216 0.456859 -0.859170 0.230450
-0.062310 0.106754 -0.144009 -0.709127 -0.511955 0.484811
-0.118519 0.127669 -0.204140 -0.709127 -0.511955 0.484811
-0.135948 0.128976 -0.212854 0.879650 -0.376983 -0.289999
-0.141177 0.112419 -0.207190 0.879650 -0.376983 -0.289999
-0.156862 0.062746 -0.190196 -0.016885 -0.410701 -0.911614
-0.132026 0.111983 -0.178867 0.879650 -0.376983 -0.289999
-0.155556 0.096297 -0.229848 0.879650 -0.376983 -0.289999
-0.000000 0.392156 0.343137 0.000004 -0.671809 0.740724
-0.055774 0.402178 0.315686 -0.460363 -0.182157 0.868841
-0.061439 0.379085 0.307843 -0.460363 -0.182157 0.868841
-0.081918 0.374728 0.296078 -0.460364 -0.182157 0.868841
-0.046624 0.360348 0.311764 -0.460363 -0.182157 0.868841
-0.119391 0.683225 -0.036384 -0.913120 -0.387008 0.128205
-0.107190 0.673203 0.020261 -0.913120 -0.387008 0.128205
-0.093247 0.651852 0.055119 -0.913120 -0.387008 0.128205
-0.108933 0.684532 0.042047 -0.913120 -0.387009 0.128204
-0.079303 0.664052 0.201525 -0.895582 -0.431614 0.107900
-0.096732 0.682353 0.130065 -0.895582 -0.431614 0.107900
-0.105447 0.695425 0.110022 -0.895581 -0.431615 0.107900
-0.105447 0.687582 0.078649 -0.895582 -0.431614 0.107900
-0.114161 0.748584 -0.039870 -0.592440 0.758556 0.271308
-0.103268 0.728104 0.041176 -0.592440 0.758556 0.271309
-0.107625 0.710675 0.080392 -0.592441 0.758555 0.271309
-0.088017 0.725054 0.083006 -0.592439 0.758556 0.271309
-0.057080 0.694989 0.221569 -0.431106 0.853578 0.292493
-0.065359 0.716340 0.147059 -0.431106 0.853578 0.292493
-0.063616 0.732898 0.101307 -0.431106 0.853578 0.292493
-0.075381 0.721133 0.118301 -0.431106 0.853578 0.292493
-0.023965 0.515468 0.463398 -0.581173 0.477416 0.659024
-0.024837 0.507189 0.468627 -0.581173 0.477416 0.659024
-0.033116 0.511547 0.458170 -0.581173 0.477416 0.659024
-0.017429 0.494553 0.484314 -0.581173 0.477416 0.659024
-0.012200 0.459259 0.480828 -0.343046 -0.357649 0.868566
-0.009150 0.467974 0.485621 -0.343046 -0.357649 0.868566
-0.003050 0.463181 0.486057 -0.343045 -0.357649 0.868566
-0.012200 0.481481 0.489978 -0.343046 -0.357649 0.868566
0.013943 0.481481 0.489978 0.304397 -0.362685 0.880796
0.010457 0.467974 0.485621 0.304397 -0.362685 0.880796
0.003486 0.463181 0.486057 0.304397 -0.362685 0.880796
0.013943 0.459259 0.480828 0.304398 -0.362685 0.880796
0.033115 0.431808 0.459913 0.372511 -0.393015 0.840699
0.032679 0.444444 0.466013 0.372511 -0.393015 0.840699
0.043572 0.450109 0.463834 0.372512 -0.393013 0.840699
0.021350 0.451416 0.474292 0.372511 -0.393014 0.840700
0.140740 0.527669 0.285621 0.934770 -0.341781 0.096908
0.132025 0.504575 0.288235 0.934770 -0.341781 0.096908
0.125054 0.491067 0.307843 0.934770 -0.341780 0.096908
0.130282 0.494989 0.271242 0.934770 -0.341780 0.096909
0.145099 0.513726 0.194117 0.969411 0.243061 -0.034122
0.128540 0.482353 0.243355 0.934717 -0.342069 0.096396
0.134640 0.498039 0.239869 0.934717 -0.342069 0.096395
0.144226 0.518954 0.221133 0.934717 -0.342069 0.096396
0.131154 0.492810 0.255120 0.934717 -0.342069 0.096395
0.124182 0.566013 0.183660 0.866527 0.261637 -0.425061
0.129411 0.552941 0.186274 0.866527 0.261637 -0.425061
0.142483 0.537255 0.203268 0.866527 0.261637 -0.425061
0.121568 0.555556 0.171895 0.866527 0.261637 -0.425061
0.008715 0.659695 0.365795 0.383188 0.775480 0.501795
0.026144 0.649673 0.367974 0.383188 0.775480 0.501795
0.034858 0.637472 0.380174 0.383188 0.775480 0.501795
0.034858 0.651852 0.357952 0.383188 0.775480 0.501795
0.066231 0.647930 0.329630 0.471811 0.797860 0.375250
0.049673 0.657516 0.330066 0.471810 0.797861 0.375251
0.040087 0.670152 0.315251 0.471811 0.797861 0.375250
0.042701 0.654466 0.345316 0.471811 0.797860 0.375251
0.025272 0.691068 0.282571 0.441270 0.841695 0.311176
0.036601 0.684967 0.283007 0.441271 0.841695 0.311176
0.035730 0.679303 0.299565 0.441271 0.841694 0.311176
0.048802 0.684531 0.266885 0.441272 0.841694 0.311176
-0.039651 0.410893 0.418082 -0.435166 -0.898575 0.056517
-0.056209 0.416993 0.387581 -0.435166 -0.898575 0.056517
-0.074946 0.425272 0.374945 -0.435166 -0.898575 0.056517
-0.054031 0.414814 0.369716 -0.435165 -0.898575 0.056516
-0.047059 0.411328 0.331372 -0.377300 -0.926091 -0.000000
-0.035294 0.406535 0.354902 -0.377300 -0.926091 -0.000000
-0.011765 0.396949 0.374510 -0.377300 -0.926091 -0.000000
-0.047059 0.411328 0.358823 -0.377301 -0.926091 0.000000
0.047058 0.411328 0.358823 0.377307 -0.926088 0.000000
0.035294 0.406535 0.354902 0.377306 -0.926089 0.000000
0.011765 0.396949 0.374510 0.377306 -0.926089 -0.000000
0.047058 0.411328 0.331372 0.377306 -0.926089 -0.000000
0.129411 0.726362 -0.327015 -0.896428 -0.285005 -0.339397
0.141176 0.716340 -0.349673 -0.896428 -0.285005 -0.339397
0.168627 0.711983 -0.418518 -0.896428 -0.285005 -0.339397
0.125490 0.710676 -0.303486 -0.896428 -0.285004 -0.339397
-0.105883 0.047059 -0.147059 0.988138 -0.113168 -0.103809
-0.127669 0.066667 -0.165360 0.647349 0.007917 -0.762153
-0.120262 0.090196 -0.158824 0.647349 0.007917 -0.762153
-0.125055 0.104575 -0.162745 0.647348 0.007917 -0.762153
-0.108062 0.099346 -0.148366 0.647349 0.007917 -0.762153
-0.128541 0.142919 -0.079085 0.898794 -0.091550 0.428705
-0.122876 0.118954 -0.096079 0.898794 -0.091550 0.428705
-0.131155 0.105011 -0.081700 0.898794 -0.091551 0.428705
-0.108933 0.108932 -0.127451 0.898794 -0.091550 0.428705
-0.089326 0.684532 -0.130065 0.739413 -0.633505 -0.227905
-0.111112 0.684968 -0.201961 0.739413 -0.633505 -0.227905
-0.129849 0.670153 -0.221569 0.739412 -0.633505 -0.227905
-0.114162 0.700218 -0.254248 0.739413 -0.633504 -0.227905
0.168628 0.113725 -0.292158 0.630694 -0.698491 -0.338135
0.085839 0.091067 -0.194990 0.709129 -0.511946 0.484817
0.088889 0.108496 -0.181047 0.709129 -0.511946 0.484817
0.098039 0.160783 -0.139218 -0.435616 -0.870897 0.227545
0.118519 0.127668 -0.204141 0.709129 -0.511946 0.484817
0.062309 0.106753 -0.144010 0.709129 -0.511946 0.484817
0.085403 0.558606 0.057298 0.319947 0.828596 -0.459415
0.064052 0.573856 0.069934 0.319947 0.828596 -0.459415
0.055338 0.565141 0.048148 0.319947 0.828596 -0.459415
0.051416 0.597821 0.104357 0.319947 0.828596 -0.459415
-0.000000 0.290195 0.288234 0.000002 -0.651243 0.758869
-0.008715 0.266230 0.252940 -0.224150 -0.779645 0.584731
-0.026144 0.277124 0.260783 -0.224151 -0.779645 0.584731
-0.034859 0.292374 0.277777 -0.224150 -0.779645 0.584731
-0.034859 0.272767 0.251633 -0.224151 -0.779645 0.584731
0.017429 0.703704 0.244226 0.190897 0.954506 0.229076
0.013072 0.699347 0.266013 0.190898 0.954506 0.229076
0.004357 0.698475 0.276906 0.190897 0.954506 0.229076
0.017429 0.695861 0.276906 0.190897 0.954507 0.229076
-0.101962 0.501961 -0.033334 -0.660792 0.730103 -0.174080
-0.055338 0.565141 0.048148 -0.319944 0.828597 -0.459416
-0.064053 0.573856 0.069934 -0.319944 0.828597 -0.459416
-0.085404 0.558606 0.057298 -0.319944 0.828597 -0.459416
-0.051416 0.597821 0.104357 -0.319944 0.828597 -0.459416
-0.078433 0.149019 0.139214 0.991955 -0.090239 0.088787
-0.109805 0.250980 0.068627 -0.625057 -0.664437 -0.409668
-0.090197 0.204793 0.113507 0.922445 0.016761 -0.385765
-0.082354 0.214379 0.132679 0.922445 0.016761 -0.385765
-0.083661 0.236165 0.130500 0.922445 0.016761 -0.385765
-0.073203 0.202178 0.154029 0.922445 0.016761 -0.385765
-0.121569 0.152941 0.186273 0.235957 -0.258794 0.936670
-0.088889 0.192592 0.182787 0.632237 -0.466715 0.618429
-0.086275 0.181699 0.171894 0.632237 -0.466715 0.618429
-0.095426 0.161220 0.165794 0.632237 -0.466715 0.618428
-0.074510 0.191285 0.167101 0.632237 -0.466715 0.618428
-0.113725 0.070588 0.217646 0.076243 0.634181 0.769416
-0.098911 0.114597 0.179301 0.714057 0.307595 0.628895
-0.104576 0.124183 0.181044 0.714057 0.307595 0.628895
-0.101526 0.142048 0.168844 0.714057 0.307595 0.628895
-0.113290 0.115904 0.194988 0.714056 0.307595 0.628895
-0.180393 0.149019 0.139214 -0.954672 -0.265345 0.134885
-0.146841 0.142048 0.168844 -0.617465 0.227986 0.752834
-0.138562 0.124183 0.181044 -0.617465 0.227985 0.752834
-0.144227 0.114597 0.179301 -0.617466 0.227985 0.752834
-0.124619 0.115904 0.194988 -0.617465 0.227985 0.752834
-0.145099 0.066666 0.186273 -0.964832 -0.210671 -0.157216
-0.135077 0.077559 0.194988 -0.709812 0.094655 0.698002
-0.146406 0.095424 0.181044 -0.709812 0.094655 0.698002
-0.146841 0.105010 0.179301 -0.709812 0.094656 0.698002
-0.157299 0.103703 0.168844 -0.709813 0.094655 0.698002
-0.113725 0.145097 0.084313 0.138431 -0.477871 -0.867454
-0.146841 0.138126 0.120042 -0.537877 -0.580074 -0.611721
-0.146406 0.120261 0.136600 -0.537877 -0.580074 -0.611721
-0.135077 0.110675 0.135729 -0.537877 -0.580074 -0.611721
-0.157299 0.111982 0.154029 -0.537877 -0.580074 -0.611721
-0.113725 0.050980 0.150979 0.067886 -0.572302 -0.817228
-0.127669 0.068409 0.159258 -0.770041 -0.368771 -0.520619
-0.124183 0.087581 0.140522 -0.770041 -0.368771 -0.520619
-0.127669 0.099781 0.137036 -0.770041 -0.368771 -0.520619
-0.117211 0.094553 0.125271 -0.770041 -0.368771 -0.520619
-0.090196 0.066666 0.186273 0.990451 -0.096270 -0.098683
-0.103268 0.099781 0.137036 0.849389 -0.305058 -0.430672
-0.105882 0.087581 0.140522 0.849389 -0.305058 -0.430672
-0.103268 0.068409 0.159258 0.849389 -0.305058 -0.430672
-0.111111 0.094553 0.125271 0.849389 -0.305058 -0.430672
-0.113725 0.000000 0.186273 0.044993 -0.737434 -0.673919
-0.111111 0.030065 0.170587 0.849884 -0.299957 -0.433269
-0.105882 0.039215 0.174508 0.849884 -0.299957 -0.433269
-0.103268 0.052287 0.170587 0.849884 -0.299957 -0.433269
-0.103268 0.035294 0.182351 0.849884 -0.299957 -0.433269
-0.094118 0.035294 0.241175 0.913519 0.321460 0.249293
-0.094553 0.045316 0.210674 0.935959 -0.330336 -0.121898
-0.099346 0.033987 0.204574 0.935959 -0.330336 -0.121899
-0.102396 0.023094 0.210674 0.935959 -0.330336 -0.121898
-0.101089 0.033551 0.192373 0.935959 -0.330336 -0.121898
-0.086274 0.000000 0.249018 0.732175 -0.679346 0.049067
-0.099346 0.003922 0.220260 0.910205 0.113800 -0.398216
-0.098039 0.011765 0.225489 0.910205 0.113800 -0.398216
-0.101961 0.015686 0.217646 0.910205 0.113799 -0.398216
-0.092810 0.015686 0.238561 0.910205 0.113800 -0.398216
-0.113725 0.000000 0.292155 0.058470 0.110689 0.992134
-0.101961 0.015686 0.264704 0.806553 0.293311 0.513264
-0.098039 0.011765 0.260783 0.806553 0.293311 0.513265
-0.099346 0.003922 0.267319 0.806553 0.293312 0.513264
-0.092810 0.015686 0.250325 0.806553 0.293312 0.513265
-0.145099 0.000000 0.249018 -0.685417 -0.726310 0.051750
-0.115469 0.000000 0.253811 0.000000 -1.000000 0.000000
-0.115033 0.000000 0.263397 0.000000 -1.000000 0.000000
-0.105011 0.000000 0.268190 0.000000 -1.000000 0.000000
-0.124619 0.000000 0.268190 0.000000 -1.000000 0.000000
-0.141178 0.035294 0.241175 -0.893138 0.336095 0.298908
-0.129412 0.015686 0.264704 -0.789742 0.215376 0.574387
-0.133334 0.011765 0.260783 -0.789742 0.215376 0.574388
-0.139870 0.015686 0.250325 -0.789741 0.215377 0.574388
-0.130719 0.003922 0.267319 -0.789742 0.215377 0.574387
-0.130719 0.003922 0.220260 -0.894419 -0.000017 -0.447231
-0.133334 0.011765 0.225489 -0.894419 -0.000018 -0.447231
-0.139870 0.015686 0.238561 -0.894419 -0.000017 -0.447231
-0.129412 0.015686 0.217646 -0.894419 -0.000018 -0.447231
-0.139870 0.045316 0.210674 -0.890700 -0.419176 -0.175913
-0.133334 0.033987 0.204574 -0.890700 -0.419176 -0.175913
-0.130719 0.033551 0.192373 -0.890700 -0.419176 -0.175913
-0.129412 0.023094 0.210674 -0.890700 -0.419176 -0.175913
-0.117211 0.030065 0.170587 -0.770698 -0.362702 -0.523900
-0.124183 0.039215 0.174508 -0.770698 -0.362702 -0.523901
-0.127669 0.035294 0.182351 -0.770698 -0.362702 -0.523901
-0.127669 0.052287 0.170587 -0.770698 -0.362702 -0.523900
-0.113725 0.043137 0.264704 0.084978 0.727587 0.680732
-0.125926 0.034858 0.257297 -0.659122 0.403752 0.634462
-0.122876 0.026144 0.266011 -0.659123 0.403751 0.634462
-0.125926 0.020479 0.266447 -0.659123 0.403751 0.634462
-0.116775 0.023094 0.274290 -0.659122 0.403752 0.634462
-0.105011 0.020479 0.266447 0.775210 0.339148 0.532943
-0.107189 0.026144 0.266011 0.775210 0.339147 0.532943
-0.105011 0.034858 0.257297 0.775210 0.339148 0.532943
-0.111546 0.023094 0.274290 0.775210 0.339148 0.532943
-0.111546 0.054466 0.241175 0.688821 0.626177 0.365277
-0.107189 0.049673 0.241175 0.688821 0.626178 0.365277
-0.105011 0.042701 0.249018 0.688821 0.626178 0.365277
-0.105011 0.051852 0.233332 0.688821 0.626178 0.365277
-0.094553 0.053159 0.214160 0.653179 0.636398 0.410310
-0.099346 0.057516 0.215031 0.653178 0.636399 0.410310
-0.101089 0.064923 0.206317 0.653178 0.636399 0.410310
-0.102396 0.054466 0.224617 0.653178 0.636399 0.410311
-0.095425 0.105010 0.179301 0.794380 0.211840 0.569284
-0.094118 0.095424 0.181044 0.794380 0.211839 0.569284
-0.099346 0.077559 0.194988 0.794380 0.211839 0.569284
-0.087582 0.103703 0.168844 0.794381 0.211839 0.569283
-0.099346 0.110675 0.135729 0.788185 -0.386337 -0.479070
-0.094118 0.120261 0.136600 0.788185 -0.386337 -0.479070
-0.095425 0.138126 0.120042 0.788185 -0.386337 -0.479070
-0.087582 0.111982 0.154029 0.788185 -0.386337 -0.479070
-0.096297 0.193899 0.101742 0.839647 -0.109884 -0.531901
-0.100654 0.181699 0.097385 0.839647 -0.109884 -0.531900
-0.097604 0.158605 0.106971 0.839647 -0.109884 -0.531900
-0.108061 0.192592 0.083442 0.839647 -0.109884 -0.531900
-0.142920 0.158605 0.106971 -0.636264 -0.089954 -0.766209
-0.134641 0.181699 0.097385 -0.636264 -0.089954 -0.766209
-0.141613 0.193899 0.101742 -0.636264 -0.089954 -0.766209
-0.119390 0.192592 0.083442 -0.636264 -0.089954 -0.766209
-0.211765 0.266666 0.162744 -0.986796 -0.155544 0.045173
-0.162964 0.246623 0.118300 -0.680779 -0.035206 -0.731642
-0.167321 0.222222 0.123528 -0.680779 -0.035206 -0.731642
-0.152506 0.207407 0.110456 -0.680779 -0.035206 -0.731642
-0.186493 0.212636 0.141829 -0.680779 -0.035206 -0.731642
-0.125491 0.247058 0.256863 -0.180850 -0.400756 0.898158
-0.159478 0.205664 0.194117 -0.731278 -0.315910 0.604511
-0.172550 0.220914 0.186274 -0.731278 -0.315910 0.604511
-0.169935 0.244879 0.201960 -0.731278 -0.315910 0.604511
-0.188236 0.212200 0.162744 -0.731278 -0.315910 0.604511
-0.094118 0.203486 0.195859 0.615667 -0.456234 0.642499
-0.101961 0.214379 0.211110 0.615666 -0.456234 0.642499
-0.095425 0.234858 0.219389 0.615667 -0.456234 0.642499
-0.116340 0.204793 0.218082 0.615666 -0.456234 0.642499
-0.149456 0.193028 0.196731 -0.507759 -0.530352 0.678902
-0.142484 0.183006 0.194117 -0.507759 -0.530352 0.678902
-0.148149 0.161655 0.173201 -0.507759 -0.530352 0.678902
-0.129848 0.194335 0.212418 -0.507759 -0.530352 0.678902
-0.130719 0.064923 0.206317 -0.536643 0.715555 0.447207
-0.133334 0.057516 0.215031 -0.536644 0.715555 0.447207
-0.139870 0.053159 0.214160 -0.536644 0.715555 0.447207
-0.129412 0.054466 0.224617 -0.536643 0.715555 0.447208
-0.125926 0.042701 0.249018 -0.561533 0.714734 0.416936
-0.122876 0.049673 0.241175 -0.561533 0.714735 0.416936
-0.116775 0.054466 0.241175 -0.561532 0.714735 0.416936
-0.125926 0.051852 0.233332 -0.561533 0.714735 0.416936
-0.115469 0.000000 0.242046 0.000000 -1.000000 0.000000
-0.115033 0.000000 0.228103 0.000000 -1.000000 0.000000
-0.124619 0.000000 0.221131 0.000000 -1.000000 0.000000
-0.105011 0.000000 0.221131 0.000000 -1.000000 0.000000
-0.000000 0.019607 -0.452942 0.000013 -0.852619 -0.522533
0.050979 0.074509 -0.421569 0.998798 -0.037505 -0.031569
0.022657 0.045751 -0.426362 0.700932 -0.706538 0.097458
0.016993 0.043137 -0.404576 0.700932 -0.706538 0.097458
-0.000000 0.035294 -0.339216 -0.005432 -0.992182 -0.124681
0.022657 0.050980 -0.388454 0.700932 -0.706538 0.097458
0.005664 0.032679 -0.398911 0.700932 -0.706538 0.097458
-0.050981 0.074509 -0.421569 -0.999737 -0.022619 -0.003854
-0.022658 0.050980 -0.388454 -0.700918 -0.706552 0.097459
-0.016994 0.043137 -0.404576 -0.700918 -0.706552 0.097459
-0.022658 0.045751 -0.426362 -0.700918 -0.706552 0.097460
-0.005665 0.032679 -0.398911 -0.700918 -0.706552 0.097459
-0.000000 0.149019 -0.500000 0.000022 0.689809 -0.723991
-0.005665 0.083224 -0.470371 -0.687358 -0.248210 -0.682591
-0.016994 0.081045 -0.458170 -0.687358 -0.248210 -0.682591
-0.022658 0.058387 -0.444227 -0.687358 -0.248210 -0.682591
-0.022658 0.101524 -0.459913 -0.687358 -0.248210 -0.682591
-0.000000 0.117646 -0.398040 -0.007579 0.572973 -0.819539
-0.022658 0.101960 -0.419826 -0.686626 0.694860 0.213808
-0.016994 0.113725 -0.439870 -0.686626 0.694860 0.213808
-0.005665 0.126797 -0.445970 -0.686626 0.694860 0.213808
-0.022658 0.112418 -0.453813 -0.686626 0.694860 0.213808
0.022657 0.112418 -0.453813 0.686640 0.694848 0.213804
0.016993 0.113725 -0.439870 0.686640 0.694848 0.213804
0.005664 0.126797 -0.445970 0.686640 0.694847 0.213804
0.022657 0.101960 -0.419826 0.686640 0.694848 0.213804
0.164706 0.149018 -0.001962 -0.061649 -0.399698 0.914572
0.172550 0.266666 -0.064706 0.878449 -0.164629 0.448580
0.160785 0.202613 -0.045099 -0.850736 0.290370 0.438103
0.145098 0.192156 -0.068629 -0.850736 0.290370 0.438103
0.138562 0.206535 -0.090851 -0.850736 0.290370 0.438102
0.135948 0.167319 -0.069936 -0.850736 0.290370 0.438103
0.128976 0.142918 -0.079087 -0.896852 -0.122085 0.425148
0.124183 0.118953 -0.096080 -0.896852 -0.122085 0.425148
0.109803 0.047058 -0.147059 -0.979426 -0.160449 -0.122400
0.110675 0.108931 -0.127452 -0.896852 -0.122085 0.425148
0.132897 0.105010 -0.081700 -0.896852 -0.122085 0.425148
0.136383 0.128975 -0.212856 -0.868421 -0.413518 -0.273582
0.142483 0.112417 -0.207191 -0.868421 -0.413518 -0.273582
0.160783 0.062743 -0.190197 0.043499 -0.430614 -0.901488
0.157298 0.096295 -0.229849 -0.868421 -0.413518 -0.273582
0.133768 0.111981 -0.178869 -0.868421 -0.413518 -0.273582
-0.105883 0.188235 -0.037256 -0.661778 -0.670812 0.334754
-0.109805 0.184749 -0.085622 -0.775790 -0.621729 0.107714
-0.125491 0.205228 -0.080393 -0.775790 -0.621729 0.107714
-0.134641 0.220043 -0.060785 -0.775790 -0.621729 0.107714
-0.132027 0.210893 -0.094772 -0.775790 -0.621729 0.107714
-0.074946 0.240523 0.123093 -0.494450 -0.855787 0.152146
-0.056209 0.227451 0.110457 -0.494450 -0.855787 0.152146
-0.000000 0.188235 0.072549 -0.005553 -0.915956 0.401240
-0.055338 0.222222 0.083878 -0.494450 -0.855787 0.152146
-0.038344 0.219608 0.124400 -0.494450 -0.855787 0.152146
0.189543 0.328540 -0.084314 0.956844 -0.194302 0.216094
0.184314 0.346405 -0.045098 0.956844 -0.194301 0.216094
0.188235 0.372985 -0.038562 0.956844 -0.194302 0.216094
0.175164 0.337690 -0.012419 0.956844 -0.194302 0.216094
0.211764 0.266666 0.162744 0.988266 -0.146315 0.043841
0.184314 0.149019 0.139215 0.952346 -0.277507 0.126596
0.188671 0.212636 0.141829 0.693911 -0.017942 -0.719837
0.169934 0.222222 0.123529 0.693911 -0.017942 -0.719837
0.113725 0.250980 0.068627 0.623351 -0.663061 -0.414469
0.155991 0.207407 0.110457 0.693911 -0.017942 -0.719837
0.165141 0.246623 0.118300 0.693911 -0.017942 -0.719837
0.027886 0.231808 0.185838 0.262985 -0.920413 0.289273
0.020915 0.220915 0.157516 0.262985 -0.920413 0.289273
0.006972 0.213507 0.146623 0.262985 -0.920413 0.289273
0.027886 0.217429 0.140087 0.262985 -0.920413 0.289273
-0.000000 0.117646 -0.013725 0.000004 -0.801109 0.598518
-0.011765 0.095860 -0.059913 -0.560187 -0.685004 0.465790
-0.035294 0.118954 -0.054249 -0.560187 -0.685004 0.465790
-0.047059 0.141612 -0.035077 -0.560187 -0.685004 0.465790
-0.047059 0.119390 -0.067757 -0.560187 -0.685004 0.465790
0.105881 0.188235 -0.037256 0.660641 -0.674628 0.329290
0.047058 0.119390 -0.067757 0.560194 -0.685000 0.465787
0.035294 0.118954 -0.054249 0.560194 -0.685000 0.465787
0.047058 0.141612 -0.035077 0.560194 -0.685000 0.465787
0.011765 0.095860 -0.059913 0.560194 -0.685000 0.465787
0.022657 0.058387 -0.444227 0.687372 -0.248205 -0.682579
0.016993 0.081045 -0.458170 0.687372 -0.248206 -0.682579
0.005664 0.083224 -0.470371 0.687372 -0.248205 -0.682579
0.022657 0.101524 -0.459913 0.687372 -0.248206 -0.682579
0.087581 0.236165 0.130500 -0.922448 0.016772 -0.385758
0.086274 0.214379 0.132679 -0.922448 0.016772 -0.385757
0.082352 0.149019 0.139215 -0.991522 -0.077702 0.104145
0.094117 0.204793 0.113507 -0.922448 0.016772 -0.385757
0.077123 0.202178 0.154030 -0.922448 0.016772 -0.385758
-0.135948 0.167320 -0.069935 0.850735 0.290375 0.438100
-0.145099 0.192156 -0.068628 0.850736 0.290375 0.438100
-0.138563 0.206535 -0.090850 0.850735 0.290375 0.438100
-0.160785 0.202614 -0.045098 0.850736 0.290375 0.438100
0.144662 0.318954 0.055555 0.876774 -0.332177 0.347744
0.151634 0.305882 0.025490 0.876774 -0.332177 0.347744
0.145970 0.274509 0.009804 0.876774 -0.332177 0.347744
0.164271 0.324183 0.011111 0.876774 -0.332177 0.347744
0.113725 0.145097 0.084314 -0.180636 -0.476975 -0.860154
0.099781 0.158605 0.106971 -0.868166 -0.072731 -0.490915
0.103267 0.181699 0.097385 -0.868166 -0.072731 -0.490915
0.099781 0.193899 0.101742 -0.868166 -0.072731 -0.490915
0.110239 0.192592 0.083442 -0.868166 -0.072731 -0.490915
-0.000000 0.309804 -0.425491 -0.000001 0.178034 -0.984024
-0.000000 0.517646 -0.311766 -0.000000 0.754409 -0.656405
0.016558 0.400871 -0.368846 0.339637 0.451478 -0.825114
0.049673 0.375163 -0.369282 0.339637 0.451478 -0.825114
0.149018 0.298039 -0.370589 0.589844 0.077662 -0.803774
0.066230 0.396949 -0.350546 0.339637 0.451478 -0.825114
0.066230 0.327669 -0.388454 0.339637 0.451478 -0.825114
-0.168628 0.400000 0.072548 -0.979096 0.171365 -0.109569
-0.147277 0.318954 0.080827 -0.677310 -0.249142 -0.692228
-0.163399 0.305882 0.101306 -0.677310 -0.249142 -0.692228
-0.161656 0.274509 0.110892 -0.677310 -0.249142 -0.692228
-0.181264 0.324183 0.112199 -0.677310 -0.249142 -0.692228
0.132026 0.210892 -0.094772 0.775782 -0.621737 0.107729
0.125490 0.205228 -0.080393 0.775782 -0.621737 0.107729
0.134640 0.220043 -0.060785 0.775782 -0.621737 0.107729
0.109803 0.184749 -0.085622 0.775782 -0.621737 0.107729
-0.145099 0.352941 0.268626 -0.516691 -0.213965 0.829005
-0.104575 0.292374 0.232461 0.707672 0.052777 0.704567
-0.109804 0.281045 0.238561 0.707672 0.052777 0.704568
-0.126798 0.293681 0.254683 0.707672 0.052777 0.704567
-0.098039 0.257080 0.228540 0.707672 0.052777 0.704567
0.039216 0.078431 -0.358824 0.793558 -0.312131 -0.522340
0.023094 0.058823 -0.357081 0.767364 -0.614755 0.182287
0.030065 0.062745 -0.373203 0.767364 -0.614755 0.182287
0.027015 0.057516 -0.377996 0.767365 -0.614755 0.182287
0.040087 0.071895 -0.384532 0.767364 -0.614755 0.182287
0.027015 0.094117 -0.404140 0.664756 0.742958 0.078184
0.030065 0.090195 -0.392811 0.664756 0.742958 0.078184
0.023094 0.095424 -0.383225 0.664756 0.742958 0.078184
0.040087 0.081045 -0.391068 0.664756 0.742958 0.078184
-0.166014 0.267537 0.216339 -0.742226 -0.208215 0.636982
-0.160785 0.288888 0.229411 -0.742226 -0.208215 0.636983
-0.143792 0.296296 0.251633 -0.742226 -0.208215 0.636983
-0.172550 0.302832 0.220260 -0.742226 -0.208215 0.636982
-0.196079 0.396078 0.205881 -0.919379 0.223636 0.323620
-0.175164 0.362527 0.228975 -0.804263 -0.097899 0.586155
-0.184314 0.338562 0.212417 -0.804263 -0.097899 0.586155
-0.197386 0.333769 0.193681 -0.804263 -0.097899 0.586154
-0.180393 0.319390 0.214596 -0.804263 -0.097899 0.586155
-0.190850 0.340305 0.127450 -0.964269 0.181277 -0.193194
-0.192157 0.354248 0.147058 -0.964269 0.181277 -0.193194
-0.200000 0.338997 0.171894 -0.964269 0.181277 -0.193195
-0.185621 0.383442 0.141829 -0.964269 0.181276 -0.193194
0.190850 0.340305 0.127450 0.964271 0.181274 -0.193188
0.192157 0.354248 0.147058 0.964271 0.181274 -0.193188
0.196078 0.396078 0.205881 0.922478 0.223513 0.314765
0.185621 0.383442 0.141829 0.964271 0.181274 -0.193188
0.200000 0.338997 0.171894 0.964271 0.181274 -0.193187
-0.026580 0.057516 -0.377996 -0.801906 -0.549366 0.234826
-0.028758 0.062745 -0.373203 -0.801906 -0.549366 0.234825
-0.035294 0.078431 -0.358824 -0.810292 -0.297360 -0.504979
-0.021351 0.058823 -0.357081 -0.801906 -0.549366 0.234825
-0.038344 0.071895 -0.384532 -0.801906 -0.549366 0.234825
-0.021351 0.095424 -0.383225 -0.673468 0.728944 0.122811
-0.028758 0.090195 -0.392811 -0.673468 0.728944 0.122811
-0.026580 0.094117 -0.404140 -0.673468 0.728944 0.122811
-0.038344 0.081045 -0.391068 -0.673468 0.728944 0.122811
0.176905 0.362527 0.228975 0.824607 -0.086404 0.559069
0.185620 0.338562 0.212417 0.824607 -0.086404 0.559069
0.182134 0.319390 0.214596 0.824607 -0.086404 0.559069
0.197821 0.333769 0.193681 0.824607 -0.086404 0.559069
0.125490 0.247058 0.256863 0.175966 -0.396807 0.900878
0.166448 0.267537 0.216339 0.740448 -0.234509 0.629875
0.162091 0.288888 0.229411 0.740448 -0.234509 0.629875
0.174291 0.302832 0.220260 0.740448 -0.234509 0.629875
0.145533 0.296296 0.251633 0.740448 -0.234509 0.629875
-0.121569 0.539434 0.154466 -0.895608 0.407322 -0.178818
-0.133334 0.504575 0.133986 -0.895608 0.407322 -0.178817
-0.130719 0.501525 0.113943 -0.895608 0.407322 -0.178817
-0.147713 0.472767 0.133550 -0.895608 0.407322 -0.178818
0.117647 0.070588 0.217647 -0.046388 0.643139 0.764343
0.102832 0.114597 0.179303 -0.714051 0.307583 0.628907
0.108496 0.124183 0.181046 -0.714051 0.307583 0.628907
0.125490 0.152941 0.186275 -0.239159 -0.257951 0.936090
0.117211 0.115904 0.194989 -0.714051 0.307583 0.628907
0.105446 0.142048 0.168845 -0.714051 0.307583 0.628907
0.150763 0.142048 0.168845 0.617474 0.227981 0.752829
0.142484 0.124183 0.181046 0.617473 0.227981 0.752829
0.128540 0.115904 0.194989 0.617474 0.227981 0.752829
0.148148 0.114597 0.179303 0.617473 0.227981 0.752829
0.145099 0.066666 0.186275 0.960310 -0.207503 -0.186406
0.137255 0.077559 0.194989 0.753491 0.016778 0.657244
0.149020 0.095424 0.181046 0.753491 0.016778 0.657244
0.159478 0.103703 0.168845 0.753491 0.016778 0.657244
0.150327 0.105010 0.179303 0.753492 0.016778 0.657243
0.148584 0.138126 0.120043 0.512997 -0.596831 -0.616950
0.147713 0.120261 0.136601 0.512997 -0.596831 -0.616950
0.159042 0.111982 0.154030 0.512997 -0.596831 -0.616950
0.135512 0.110675 0.135730 0.512997 -0.596831 -0.616950
0.113725 0.050980 0.150980 -0.102546 -0.573145 -0.813013
0.127669 0.068409 0.159259 0.770048 -0.368766 -0.520613
0.124183 0.087581 0.140523 0.770048 -0.368766 -0.520613
0.117211 0.094553 0.125272 0.770048 -0.368766 -0.520613
0.127669 0.099781 0.137037 0.770048 -0.368766 -0.520613
0.094117 0.066666 0.186275 -0.993737 -0.077586 -0.080419
0.105010 0.099781 0.137037 -0.888018 -0.265777 -0.375216
0.107189 0.087581 0.140523 -0.888017 -0.265777 -0.375216
0.111546 0.094553 0.125272 -0.888018 -0.265777 -0.375216
0.105010 0.068409 0.159259 -0.888017 -0.265777 -0.375216
0.117647 0.000000 0.186275 -0.042176 -0.752950 -0.656724
0.113289 0.030065 0.170588 -0.882669 -0.311541 -0.351906
0.108496 0.039215 0.174510 -0.882669 -0.311541 -0.351906
0.106753 0.035294 0.182353 -0.882669 -0.311541 -0.351906
0.105446 0.052287 0.170588 -0.882669 -0.311541 -0.351906
0.094117 0.035294 0.241176 -0.911873 0.319514 0.257678
0.096731 0.045316 0.210675 -0.926381 -0.326969 -0.186840
0.101960 0.033987 0.204575 -0.926381 -0.326969 -0.186840
0.104575 0.033551 0.192375 -0.926381 -0.326969 -0.186840
0.104575 0.023094 0.210675 -0.926381 -0.326970 -0.186840
0.090195 0.000000 0.249019 -0.698627 -0.713746 0.049874
0.102832 0.003922 0.220261 -0.916075 0.012731 -0.400805
0.100653 0.011765 0.225490 -0.916075 0.012731 -0.400805
0.094988 0.015686 0.238562 -0.916075 0.012731 -0.400805
0.104139 0.015686 0.217647 -0.916075 0.012731 -0.400805
0.117647 0.000000 0.292156 -0.018920 0.046365 0.998745
0.104139 0.015686 0.264705 -0.825131 0.208380 0.525106
0.100653 0.011765 0.260784 -0.825131 0.208381 0.525106
0.094988 0.015686 0.250326 -0.825131 0.208380 0.525106
0.102832 0.003922 0.267320 -0.825131 0.208380 0.525106
0.145099 0.000000 0.249019 0.663278 -0.746652 0.050726
0.117647 0.000000 0.253812 0.000000 -1.000000 0.000000
0.117647 0.000000 0.263398 0.000000 -1.000000 0.000000
0.126798 0.000000 0.268191 0.000000 -1.000000 0.000000
0.108496 0.000000 0.268191 0.000000 -1.000000 0.000000
0.145099 0.035294 0.241176 0.909421 0.305077 0.282633
0.132898 0.015686 0.264705 0.837710 0.118468 0.533111
0.135948 0.011765 0.260784 0.837710 0.118468 0.533111
0.132898 0.003922 0.267320 0.837710 0.118467 0.533111
0.142049 0.015686 0.250326 0.837710 0.118467 0.533111
0.132898 0.003922 0.220261 0.912536 -0.088722 -0.399257
0.135948 0.011765 0.225490 0.912536 -0.088722 -0.399257
0.132898 0.015686 0.217647 0.912536 -0.088723 -0.399256
0.142049 0.015686 0.238562 0.912536 -0.088722 -0.399257
0.142049 0.045316 0.210675 0.903532 -0.372060 -0.212606
0.135948 0.033987 0.204575 0.903532 -0.372060 -0.212606
0.132898 0.023094 0.210675 0.903532 -0.372060 -0.212606
0.132898 0.033551 0.192375 0.903532 -0.372060 -0.212606
0.118954 0.030065 0.170588 0.774319 -0.318852 -0.546592
0.125490 0.039215 0.174510 0.774319 -0.318852 -0.546592
0.128105 0.052287 0.170588 0.774319 -0.318852 -0.546592
0.129412 0.035294 0.182353 0.774319 -0.318852 -0.546592
0.117647 0.043137 0.264705 -0.038615 0.728837 0.683598
0.129848 0.034858 0.257298 0.659136 0.403745 0.634452
0.126798 0.026144 0.266012 0.659136 0.403745 0.634452
0.120697 0.023094 0.274291 0.659136 0.403745 0.634452
0.129848 0.020479 0.266448 0.659136 0.403745 0.634452
0.107189 0.020479 0.266448 -0.714955 0.375369 0.589862
0.109804 0.026144 0.266012 -0.714955 0.375369 0.589862
0.115033 0.023094 0.274291 -0.714955 0.375369 0.589862
0.107189 0.034858 0.257298 -0.714955 0.375369 0.589862
0.115033 0.054466 0.241176 -0.620753 0.677205 0.395043
0.109804 0.049673 0.241176 -0.620752 0.677205 0.395044
0.107189 0.051852 0.233333 -0.620752 0.677205 0.395044
0.107189 0.042701 0.249019 -0.620752 0.677206 0.395043
0.096731 0.053159 0.214161 -0.627639 0.675931 0.386247
0.101960 0.057516 0.215033 -0.627639 0.675931 0.386247
0.104575 0.054466 0.224619 -0.627638 0.675932 0.386247
0.104575 0.064923 0.206318 -0.627638 0.675932 0.386247
0.099346 0.105010 0.179303 -0.794360 0.211845 0.569311
0.098039 0.095424 0.181046 -0.794359 0.211845 0.569311
0.091503 0.103703 0.168845 -0.794359 0.211846 0.569311
0.103268 0.077559 0.194989 -0.794359 0.211846 0.569311
0.101524 0.110675 0.135730 -0.818089 -0.368957 -0.441137
0.096731 0.120261 0.136601 -0.818089 -0.368957 -0.441137
0.091067 0.111982 0.154030 -0.818089 -0.368957 -0.441137
0.097603 0.138126 0.120043 -0.818089 -0.368957 -0.441137
0.097603 0.234858 0.219390 -0.630597 -0.465667 0.620887
0.104575 0.214379 0.211111 -0.630597 -0.465667 0.620888
0.097603 0.203486 0.195860 -0.630597 -0.465667 0.620888
0.118518 0.204793 0.218083 -0.630597 -0.465667 0.620887
-0.177778 0.410893 0.145315 -0.899008 0.402201 -0.173260
-0.168628 0.436601 0.157515 -0.899008 0.402201 -0.173260
-0.168628 0.448802 0.185838 -0.899008 0.402202 -0.173260
-0.159478 0.450109 0.141393 -0.899008 0.402202 -0.173260
0.170370 0.244879 0.201960 0.734340 -0.293725 0.611939
0.173856 0.220914 0.186274 0.734340 -0.293726 0.611939
0.161220 0.205664 0.194117 0.734340 -0.293726 0.611939
0.189978 0.212200 0.162744 0.734340 -0.293726 0.611939
0.142049 0.053159 0.214161 0.568498 0.714290 0.408166
0.135948 0.057516 0.215033 0.568499 0.714290 0.408166
0.132898 0.064923 0.206318 0.568498 0.714290 0.408166
0.132898 0.054466 0.224619 0.568499 0.714290 0.408166
0.120697 0.054466 0.241176 0.561547 0.714726 0.416931
0.126798 0.049673 0.241176 0.561547 0.714726 0.416931
0.129848 0.042701 0.249019 0.561547 0.714727 0.416931
0.129848 0.051852 0.233333 0.561546 0.714726 0.416932
0.126798 0.000000 0.221133 0.000000 -1.000000 0.000000
0.117647 0.000000 0.228104 0.000000 -1.000000 0.000000
0.117647 0.000000 0.242047 0.000000 -1.000000 0.000000
0.108496 0.000000 0.221133 0.000000 -1.000000 0.000000
0.196078 0.023529 -0.009805 0.752665 0.583948 0.304137
0.192156 0.000000 0.009804 0.703719 -0.694545 0.149620
0.193464 0.015686 -0.016340 0.965604 -0.241424 -0.096556
0.192157 0.023529 -0.049020 0.965604 -0.241425 -0.096556
0.188236 0.047058 -0.147059 0.948482 -0.309435 -0.068051
0.190850 0.023529 -0.062092 0.965604 -0.241425 -0.096557
0.192157 0.031372 -0.068628 0.965604 -0.241424 -0.096556
0.149018 0.058823 -0.100000 -0.050418 0.813327 0.579618
0.171677 0.049673 -0.110893 0.424165 0.896290 0.129413
0.177777 0.043137 -0.085621 0.424165 0.896290 0.129413
0.174291 0.041830 -0.065142 0.424165 0.896290 0.129413
0.187364 0.037908 -0.080828 0.424165 0.896290 0.129413
0.149018 0.047058 0.017646 -0.019131 0.921248 0.388504
0.169934 0.037908 -0.007626 0.485634 0.869824 0.086985
0.164705 0.043137 -0.030720 0.485634 0.869824 0.086985
0.169934 0.041830 -0.046842 0.485634 0.869824 0.086985
0.154247 0.049673 -0.037691 0.485634 0.869824 0.086985
-0.131591 0.465795 0.240740 -0.729633 0.396219 0.557356
-0.147713 0.448366 0.232025 -0.729633 0.396219 0.557356
-0.161657 0.452723 0.210674 -0.729633 0.396219 0.557356
-0.149892 0.426579 0.244661 -0.729633 0.396219 0.557356
0.145099 0.011765 0.056863 -0.050509 0.324828 0.944423
0.142483 0.028758 0.032026 -0.635449 0.604448 0.480466
0.133333 0.027451 0.021568 -0.635449 0.604448 0.480467
0.105881 0.023529 -0.009805 -0.801434 0.531477 0.274291
0.129411 0.032679 0.009803 -0.635448 0.604448 0.480467
0.128104 0.020915 0.022875 -0.635448 0.604448 0.480467
0.113725 0.000000 0.013726 -0.666757 -0.734033 0.128960
0.113725 0.011765 0.008061 -0.814024 0.251990 0.523322
0.121568 0.011765 0.020261 -0.814024 0.251990 0.523322
0.126797 0.007843 0.030283 -0.814024 0.251990 0.523322
0.124183 0.015686 0.022440 -0.814024 0.251991 0.523322
0.162527 0.005229 0.031155 0.012725 -0.966995 0.254479
0.150327 0.003922 0.026798 0.012725 -0.966995 0.254479
0.136384 0.005229 0.032462 0.012725 -0.966995 0.254479
0.152069 0.001307 0.016776 0.012725 -0.966995 0.254479
0.149018 0.007843 -0.182354 0.043298 -0.812411 -0.581475
0.138125 0.003486 -0.073856 -0.002017 -0.999184 -0.040329
0.151633 0.002614 -0.052941 -0.002017 -0.999184 -0.040329
0.164269 0.003486 -0.075164 -0.002017 -0.999184 -0.040329
0.152505 0.000871 -0.009804 -0.002017 -0.999184 -0.040329
0.185621 0.021786 -0.081264 0.776618 -0.597800 -0.198744
0.176470 0.018300 -0.106536 0.776618 -0.597800 -0.198744
0.172548 0.008714 -0.093029 0.776618 -0.597800 -0.198744
0.171241 0.024400 -0.145316 0.776618 -0.597800 -0.198744
0.158604 0.036600 -0.181918 0.773513 -0.249023 -0.582808
0.166012 0.039215 -0.173203 0.773513 -0.249023 -0.582808
0.171677 0.049672 -0.170153 0.773513 -0.249023 -0.582808
0.167755 0.031372 -0.167539 0.773513 -0.249023 -0.582808
0.243137 0.160783 -0.139218 0.977568 -0.208504 0.029769
0.209586 0.099345 -0.148367 0.743154 -0.318175 -0.588631
0.197385 0.090195 -0.158825 0.743154 -0.318175 -0.588631
0.182135 0.066665 -0.165360 0.743154 -0.318175 -0.588631
0.200435 0.104574 -0.162747 0.743154 -0.318175 -0.588631
-0.163399 0.381263 0.243790 -0.727799 0.121590 0.674926
-0.149020 0.394771 0.256862 -0.727799 0.121590 0.674926
-0.133334 0.394335 0.273855 -0.727799 0.121590 0.674926
-0.150327 0.408714 0.252940 -0.727799 0.121590 0.674926
0.133333 0.465795 0.240740 0.732023 0.374131 0.569358
0.149019 0.448366 0.232025 0.732023 0.374131 0.569358
0.150326 0.426579 0.244661 0.732023 0.374131 0.569358
0.163399 0.452723 0.210674 0.732023 0.374131 0.569358
0.168191 0.214379 -0.320916 0.796947 -0.162745 -0.581712
0.186928 0.231372 -0.300001 0.796947 -0.162745 -0.581712
0.243137 0.282352 -0.237257 0.978131 0.130547 -0.161919
0.193028 0.270588 -0.302616 0.796947 -0.162745 -0.581712
0.199564 0.209150 -0.276472 0.796947 -0.162745 -0.581712
0.111110 0.023529 -0.060349 -0.912286 -0.398529 -0.094387
0.109803 0.023529 -0.047713 -0.912286 -0.398529 -0.094387
0.109803 0.015686 -0.014597 -0.912286 -0.398529 -0.094387
0.108496 0.031372 -0.068192 -0.912286 -0.398529 -0.094387
0.125489 0.041830 -0.065142 -0.434934 0.889504 0.140057
0.121567 0.043137 -0.085621 -0.434934 0.889504 0.140057
0.126796 0.049673 -0.110893 -0.434934 0.889504 0.140057
0.112417 0.037908 -0.080828 -0.434934 0.889504 0.140057
0.138562 0.093681 -0.077343 -0.560232 -0.562993 0.607601
0.141176 0.084966 -0.083007 -0.560232 -0.562992 0.607601
0.133332 0.063616 -0.110022 -0.560232 -0.562992 0.607601
0.151633 0.097602 -0.061656 -0.560232 -0.562993 0.607601
0.178214 0.410893 0.145315 0.909514 0.376493 -0.176172
0.169935 0.436601 0.157515 0.909514 0.376493 -0.176172
0.161221 0.450109 0.141393 0.909514 0.376493 -0.176172
0.170371 0.448802 0.185838 0.909514 0.376493 -0.176172
0.202179 0.142918 -0.079087 0.803972 -0.417328 0.423635
0.198693 0.118953 -0.096080 0.803972 -0.417328 0.423635
0.183878 0.105010 -0.081700 0.803972 -0.417328 0.423635
0.210022 0.108931 -0.127452 0.803972 -0.417328 0.423635
0.074946 0.076252 -0.208498 0.471306 -0.871177 0.137552
0.056209 0.064052 -0.221570 0.471306 -0.871177 0.137552
-0.000000 0.027451 -0.260785 -0.000002 -0.999627 0.027318
0.018736 0.047494 -0.198040 0.471306 -0.871177 0.137552
0.074946 0.068409 -0.258171 0.471306 -0.871177 0.137552
0.018736 0.040523 -0.299129 0.440429 -0.893332 -0.089332
0.056209 0.058823 -0.297386 0.440429 -0.893332 -0.089332
0.074946 0.069281 -0.309587 0.440429 -0.893332 -0.089332
0.074946 0.066666 -0.283443 0.440429 -0.893332 -0.089332
0.092375 0.089324 -0.327016 0.472995 -0.682999 -0.556587
0.069281 0.075817 -0.330066 0.472995 -0.682999 -0.556587
0.079303 0.074945 -0.320480 0.472995 -0.682998 -0.556587
0.036166 0.063181 -0.342702 0.472995 -0.682999 -0.556587
0.235294 0.226578 -0.174512 0.869859 0.309669 0.383992
0.219608 0.236600 -0.147060 0.869859 0.309669 0.383992
0.211765 0.261873 -0.149674 0.869859 0.309669 0.383992
0.211765 0.221350 -0.116995 0.869859 0.309669 0.383992
0.176907 0.202613 -0.045099 0.841061 0.209829 0.498586
0.193464 0.192156 -0.068629 0.841061 0.209829 0.498586
0.200436 0.167319 -0.069936 0.841061 0.209829 0.498586
0.203050 0.206535 -0.090851 0.841061 0.209829 0.498586
0.169498 0.032679 0.009803 0.608226 0.558839 0.563703
0.163398 0.027451 0.021568 0.608226 0.558838 0.563703
0.152505 0.028758 0.032026 0.608226 0.558839 0.563703
0.168192 0.020915 0.022875 0.608226 0.558838 0.563703
0.171678 0.007843 0.028540 0.698860 0.385576 0.602434
0.177778 0.011765 0.018954 0.698860 0.385576 0.602434
0.188671 0.011765 0.006318 0.698860 0.385575 0.602434
0.172985 0.015686 0.022004 0.698860 0.385575 0.602434
0.128975 0.008714 -0.091286 -0.767105 -0.620496 -0.162893
0.124182 0.018300 -0.105229 -0.767105 -0.620496 -0.162893
0.115903 0.021786 -0.079521 -0.767106 -0.620496 -0.162893
0.127668 0.024400 -0.144881 -0.767105 -0.620496 -0.162893
0.136818 0.049672 -0.170153 -0.651219 0.031232 -0.758247
0.139868 0.039215 -0.173203 -0.651219 0.031232 -0.758247
0.149890 0.036600 -0.181918 -0.651219 0.031232 -0.758247
0.132896 0.031372 -0.167539 -0.651219 0.031232 -0.758247
0.108933 0.118518 -0.330502 0.499831 -0.293565 -0.814855
0.118954 0.163398 -0.340524 0.499832 -0.293565 -0.814855
0.102396 0.179956 -0.356646 0.499832 -0.293565 -0.814855
0.145533 0.191721 -0.334424 0.499831 -0.293565 -0.814855
0.123312 0.539434 0.154466 0.883793 0.414612 -0.216811
0.134641 0.504575 0.133986 0.883793 0.414613 -0.216811
0.149456 0.472767 0.133550 0.883792 0.414613 -0.216811
0.131155 0.501525 0.113943 0.883793 0.414612 -0.216810
-0.016558 0.223093 -0.407190 -0.333338 -0.133332 -0.933332
-0.049673 0.241830 -0.398040 -0.333338 -0.133332 -0.933332
-0.149020 0.298039 -0.370588 -0.591584 0.074510 -0.802793
-0.066231 0.219172 -0.388889 -0.333338 -0.133332 -0.933332
-0.066231 0.283224 -0.398040 -0.333338 -0.133332 -0.933332
0.130283 0.467538 0.032461 0.897104 0.406280 -0.173613
0.120261 0.500654 0.058169 0.897104 0.406280 -0.173613
0.104139 0.534205 0.053376 0.897104 0.406280 -0.173613
0.126361 0.500218 0.088670 0.897104 0.406280 -0.173613
-0.243137 0.282353 -0.237256 -0.978177 0.138416 -0.154957
-0.234858 0.209586 -0.199783 -0.893914 -0.281384 -0.348914
-0.218301 0.185621 -0.222876 -0.893914 -0.281384 -0.348914
-0.210022 0.193900 -0.250763 -0.893914 -0.281384 -0.348914
-0.210022 0.153377 -0.218083 -0.893914 -0.281384 -0.348914
-0.171677 0.096297 -0.229848 -0.784957 -0.585618 -0.202224
-0.189542 0.112419 -0.207190 -0.784957 -0.585617 -0.202224
-0.196514 0.111983 -0.178867 -0.784957 -0.585618 -0.202224
-0.200436 0.128976 -0.212854 -0.784957 -0.585618 -0.202224
-0.188236 0.047059 -0.147059 -0.957594 -0.278553 -0.073631
-0.209150 0.099346 -0.148366 -0.715407 -0.301909 -0.630114
-0.196078 0.090196 -0.158824 -0.715407 -0.301909 -0.630114
-0.198692 0.104575 -0.162745 -0.715407 -0.301909 -0.630114
-0.180392 0.066667 -0.165360 -0.715407 -0.301909 -0.630114
-0.145099 0.007844 -0.182354 -0.020940 -0.808339 -0.588344
-0.155120 0.036602 -0.181918 -0.738416 -0.247791 -0.627169
-0.163399 0.039216 -0.173203 -0.738416 -0.247791 -0.627169
-0.165578 0.031373 -0.167539 -0.738416 -0.247792 -0.627169
-0.169499 0.049674 -0.170153 -0.738416 -0.247791 -0.627169
-0.192158 0.000004 0.009804 -0.738584 -0.654361 0.162188
-0.185186 0.021788 -0.081264 -0.745775 -0.632745 -0.208454
-0.175164 0.018302 -0.106536 -0.745775 -0.632745 -0.208454
-0.169500 0.024402 -0.145316 -0.745775 -0.632745 -0.208454
-0.170807 0.008717 -0.093029 -0.745775 -0.632745 -0.208454
-0.109805 0.000004 0.013726 0.713634 -0.683724 0.152476
-0.134642 0.003488 -0.073856 0.001919 -0.999186 -0.040297
-0.149021 0.002617 -0.052941 0.001919 -0.999186 -0.040297
-0.150328 0.000875 -0.009804 0.001919 -0.999186 -0.040297
-0.162093 0.003488 -0.075164 0.001919 -0.999186 -0.040297
-0.145099 0.011766 0.056863 0.053602 0.400151 0.914880
-0.162093 0.005232 0.031155 -0.012088 -0.967175 0.253825
-0.149021 0.003925 0.026798 -0.012088 -0.967175 0.253825
-0.150328 0.001311 0.016776 -0.012088 -0.967175 0.253825
-0.134642 0.005232 0.032462 -0.012088 -0.967175 0.253825
-0.105883 0.023530 -0.009805 0.775520 0.568387 0.274780
-0.111983 0.011767 0.008061 0.761913 0.390108 0.517016
-0.120262 0.011767 0.020261 0.761913 0.390107 0.517016
-0.123748 0.015688 0.022440 0.761913 0.390108 0.517016
-0.125055 0.007846 0.030283 0.761913 0.390107 0.517016
-0.145099 0.047059 0.017646 0.039947 0.921070 0.387343
-0.140742 0.028759 0.032026 0.674748 0.548603 0.493710
-0.132027 0.027452 0.021568 0.674748 0.548603 0.493710
-0.127670 0.020916 0.022875 0.674748 0.548603 0.493710
-0.127670 0.032680 0.009803 0.674748 0.548603 0.493710
-0.149020 0.058825 -0.100000 0.031674 0.802496 0.595816
-0.129412 0.041831 -0.046842 0.546592 0.834851 0.065278
-0.133334 0.043138 -0.030720 0.546592 0.834851 0.065278
-0.142484 0.049674 -0.037691 0.546592 0.834851 0.065278
-0.128105 0.037909 -0.007626 0.546592 0.834851 0.065278
-0.192158 0.023530 -0.009805 -0.722176 0.626447 0.293302
-0.166450 0.037909 -0.007626 -0.492185 0.864393 0.102853
-0.162092 0.043138 -0.030720 -0.492185 0.864393 0.102854
-0.152070 0.049674 -0.037691 -0.492185 0.864393 0.102854
-0.167757 0.041831 -0.046842 -0.492185 0.864393 0.102854
-0.171242 0.049674 -0.110893 -0.434943 0.889499 0.140056
-0.176471 0.043138 -0.085621 -0.434943 0.889499 0.140056
-0.185622 0.037909 -0.080828 -0.434943 0.889499 0.140056
-0.172550 0.041831 -0.065142 -0.434943 0.889499 0.140056
-0.191722 0.015688 -0.016340 -0.999060 -0.027762 -0.033307
-0.190851 0.023531 -0.049020 -0.999060 -0.027762 -0.033307
-0.190415 0.031373 -0.068628 -0.999059 -0.027762 -0.033307
-0.190415 0.023531 -0.062092 -0.999060 -0.027761 -0.033307
-0.202179 0.142919 -0.079085 -0.803969 -0.417333 0.423636
-0.198693 0.118954 -0.096079 -0.803969 -0.417333 0.423636
-0.210022 0.108932 -0.127451 -0.803969 -0.417333 0.423636
-0.183878 0.105011 -0.081700 -0.803968 -0.417334 0.423636
-0.168192 0.063617 -0.110022 -0.463833 -0.687721 0.558478
-0.167321 0.084968 -0.083007 -0.463833 -0.687721 0.558478
-0.160349 0.097604 -0.061656 -0.463833 -0.687721 0.558478
-0.173421 0.093682 -0.077342 -0.463833 -0.687721 0.558478
-0.136820 0.093682 -0.077342 0.518944 -0.586105 0.622236
-0.139870 0.084968 -0.083007 0.518944 -0.586106 0.622236
-0.151199 0.097604 -0.061656 0.518943 -0.586106 0.622236
-0.131591 0.063617 -0.110022 0.518943 -0.586106 0.622236
-0.125055 0.041831 -0.065142 0.412758 0.897745 0.153898
-0.120262 0.043138 -0.085621 0.412758 0.897745 0.153898
-0.110676 0.037909 -0.080828 0.412758 0.897745 0.153898
-0.125055 0.049674 -0.110893 0.412758 0.897745 0.153897
-0.107626 0.023531 -0.060349 0.979792 -0.197144 -0.033796
-0.107190 0.023531 -0.047713 0.979792 -0.197143 -0.033796
-0.106319 0.031373 -0.068192 0.979792 -0.197143 -0.033796
-0.107626 0.015688 -0.014597 0.979792 -0.197143 -0.033796
-0.090632 0.089325 -0.327016 -0.469670 -0.653896 -0.593153
-0.067974 0.075817 -0.330066 -0.469670 -0.653896 -0.593153
-0.034423 0.063181 -0.342702 -0.469670 -0.653896 -0.593153
-0.078867 0.074946 -0.320480 -0.469670 -0.653896 -0.593153
-0.018736 0.040523 -0.299129 -0.440434 -0.893330 -0.089332
-0.056209 0.058824 -0.297386 -0.440434 -0.893330 -0.089332
-0.074946 0.066667 -0.283443 -0.440434 -0.893330 -0.089332
-0.074946 0.069281 -0.309586 -0.440434 -0.893330 -0.089332
-0.074946 0.076253 -0.208497 -0.471309 -0.871176 0.137552
-0.056209 0.064052 -0.221569 -0.471309 -0.871176 0.137552
-0.074946 0.068410 -0.258170 -0.471309 -0.871176 0.137552
-0.018736 0.047494 -0.198040 -0.471309 -0.871176 0.137552
-0.111983 0.021788 -0.079521 0.767095 -0.620511 -0.162886
-0.120262 0.018302 -0.105229 0.767095 -0.620511 -0.162886
-0.125055 0.008717 -0.091286 0.767095 -0.620511 -0.162886
-0.123748 0.024402 -0.144881 0.767095 -0.620511 -0.162886
-0.145970 0.036602 -0.181918 0.651216 0.031221 -0.758250
-0.135948 0.039216 -0.173203 0.651216 0.031221 -0.758250
-0.132898 0.049674 -0.170153 0.651217 0.031221 -0.758249
-0.128977 0.031373 -0.167539 0.651217 0.031220 -0.758249
-0.150328 0.028759 0.032026 -0.606023 0.591269 0.532107
-0.160785 0.027452 0.021568 -0.606023 0.591268 0.532107
-0.166014 0.032680 0.009803 -0.606023 0.591268 0.532107
-0.166014 0.020916 0.022875 -0.606023 0.591268 0.532107
-0.186929 0.011767 0.006318 -0.680299 0.469270 0.563009
-0.176472 0.011767 0.018954 -0.680299 0.469270 0.563009
-0.171243 0.007846 0.028540 -0.680299 0.469270 0.563009
-0.171243 0.015688 0.022004 -0.680299 0.469270 0.563009
-0.137256 0.250980 -0.002397 -0.776096 -0.554704 0.299964
-0.129413 0.235294 -0.011112 -0.776096 -0.554704 0.299964
-0.135949 0.230065 -0.037691 -0.776096 -0.554704 0.299964
-0.115034 0.224836 0.006753 -0.776096 -0.554704 0.299964
-0.168192 0.214379 -0.320915 -0.796953 -0.162750 -0.581703
-0.186928 0.231373 -0.300000 -0.796953 -0.162750 -0.581703
-0.199564 0.209151 -0.276471 -0.796953 -0.162750 -0.581703
-0.193028 0.270588 -0.302615 -0.796953 -0.162750 -0.581703
0.221350 0.320697 -0.176254 0.925596 -0.066824 0.372567
0.209150 0.307189 -0.148367 0.925596 -0.066824 0.372567
0.197821 0.315468 -0.118737 0.925596 -0.066824 0.372567
0.208279 0.285402 -0.150110 0.925596 -0.066824 0.372567
0.168191 0.063616 -0.110022 0.463831 -0.687721 0.558481
0.167320 0.084966 -0.083007 0.463831 -0.687721 0.558481
0.173421 0.093681 -0.077343 0.463831 -0.687721 0.558481
0.160348 0.097602 -0.061656 0.463831 -0.687721 0.558481
0.234858 0.209585 -0.199784 0.893913 -0.281383 -0.348916
0.218301 0.185620 -0.222878 0.893913 -0.281383 -0.348916
0.210022 0.153376 -0.218085 0.893913 -0.281383 -0.348916
0.210022 0.193899 -0.250764 0.893913 -0.281383 -0.348916
0.165141 0.381263 0.243790 0.732192 0.163091 0.661283
0.150326 0.394771 0.256862 0.732192 0.163091 0.661283
0.150762 0.408714 0.252940 0.732192 0.163091 0.661283
0.135075 0.394335 0.273855 0.732192 0.163091 0.661283
0.122003 0.384749 0.282570 0.303386 -0.154515 0.940257
0.111110 0.366013 0.283006 0.303386 -0.154515 0.940257
0.098474 0.370370 0.287799 0.303386 -0.154515 0.940256
0.112853 0.342919 0.278648 0.303386 -0.154515 0.940257
0.173420 0.096295 -0.229849 0.800145 -0.558840 -0.217864
0.190849 0.112417 -0.207191 0.800146 -0.558840 -0.217864
0.200871 0.128975 -0.212856 0.800145 -0.558840 -0.217864
0.198256 0.111981 -0.178869 0.800145 -0.558840 -0.217864
0.129846 0.041830 -0.046842 -0.518304 0.850952 0.085098
0.134639 0.043137 -0.030720 -0.518304 0.850952 0.085098
0.129846 0.037908 -0.007626 -0.518304 0.850952 0.085098
0.144225 0.049673 -0.037691 -0.518304 0.850952 0.085098
0.151634 0.161655 0.173203 0.514499 -0.514496 0.685992
0.145098 0.183006 0.194118 0.514499 -0.514496 0.685992
0.151634 0.193028 0.196732 0.514499 -0.514496 0.685992
0.132026 0.194335 0.212419 0.514500 -0.514496 0.685992
0.092810 0.192592 0.182788 -0.632236 -0.466701 0.618440
0.090195 0.181699 0.171895 -0.632236 -0.466701 0.618440
0.078430 0.191285 0.167102 -0.632236 -0.466701 0.618440
0.099346 0.161220 0.165795 -0.632236 -0.466701 0.618440
-0.130284 0.467538 0.032461 -0.897106 0.406276 -0.173610
-0.120262 0.500654 0.058169 -0.897106 0.406276 -0.173610
-0.126362 0.500218 0.088670 -0.897106 0.406276 -0.173610
-0.104140 0.534205 0.053376 -0.897106 0.406276 -0.173610
-0.098040 0.370370 0.287799 -0.321852 -0.157923 0.933527
-0.109805 0.366013 0.283006 -0.321851 -0.157923 0.933527
-0.120262 0.384749 0.282570 -0.321851 -0.157923 0.933527
-0.111112 0.342919 0.278648 -0.321851 -0.157923 0.933527
0.108060 0.292374 0.232461 -0.728016 0.086214 0.680117
0.112417 0.281045 0.238561 -0.728016 0.086214 0.680117
0.100217 0.257080 0.228540 -0.728016 0.086214 0.680117
0.128975 0.293681 0.254683 -0.728016 0.086214 0.680117
-0.070153 0.193463 -0.381482 -0.526901 -0.315144 -0.789341
-0.061438 0.164705 -0.375817 -0.526901 -0.315144 -0.789342
-0.032244 0.120261 -0.377560 -0.526901 -0.315144 -0.789341
-0.081917 0.180392 -0.368410 -0.526901 -0.315144 -0.789342
-0.090632 0.160784 -0.090850 -0.755119 -0.645306 0.115652
-0.067974 0.133333 -0.096079 -0.755119 -0.645306 0.115652
-0.055338 0.115032 -0.115687 -0.755119 -0.645306 0.115652
-0.057952 0.124183 -0.081700 -0.755119 -0.645306 0.115652
-0.190414 0.308061 -0.298258 -0.769840 0.401421 -0.496193
-0.179085 0.343791 -0.286929 -0.769840 0.401421 -0.496193
-0.145099 0.450980 -0.252942 -0.683618 0.676478 -0.273942
-0.189107 0.359041 -0.259042 -0.769840 0.401420 -0.496193
-0.157735 0.364270 -0.303486 -0.769840 0.401420 -0.496193
-0.081046 0.463616 -0.292158 -0.516292 0.530438 -0.672367
-0.098040 0.422222 -0.311765 -0.516293 0.530438 -0.672367
-0.082353 0.412636 -0.331373 -0.516292 0.530438 -0.672367
-0.130720 0.390414 -0.311765 -0.516292 0.530438 -0.672367
0.083660 0.180392 -0.368410 0.509385 -0.297938 -0.807317
0.062745 0.164705 -0.375818 0.509385 -0.297938 -0.807316
0.033987 0.120261 -0.377561 0.509385 -0.297938 -0.807316
0.070588 0.193463 -0.381482 0.509386 -0.297938 -0.807316
0.145099 0.450980 -0.252942 0.679633 0.677794 -0.280525
0.189107 0.359041 -0.259043 0.769837 0.401419 -0.496199
0.179085 0.343790 -0.286929 0.769837 0.401419 -0.496199
0.190413 0.308060 -0.298258 0.769837 0.401419 -0.496199
0.157734 0.364270 -0.303487 0.769837 0.401419 -0.496200
0.057951 0.124183 -0.081701 0.755121 -0.645302 0.115662
0.067973 0.133333 -0.096080 0.755121 -0.645302 0.115662
0.055337 0.115032 -0.115688 0.755121 -0.645302 0.115663
0.090631 0.160784 -0.090851 0.755121 -0.645302 0.115663
0.130719 0.390414 -0.311766 0.516292 0.530436 -0.672369
0.098039 0.422222 -0.311766 0.516292 0.530436 -0.672369
0.082352 0.412636 -0.331374 0.516292 0.530437 -0.672369
0.081046 0.463616 -0.292158 0.516292 0.530436 -0.672369
-0.132899 0.464924 -0.143138 -0.776554 0.630020 0.006280
-0.151635 0.441830 -0.143138 -0.776554 0.630020 0.006280
-0.207843 0.372548 -0.143138 -0.938656 0.326957 0.109656
-0.168192 0.421786 -0.179739 -0.776554 0.630020 0.006280
-0.153813 0.438780 -0.106537 -0.776554 0.630020 0.006280
0.169935 0.421786 -0.179739 0.762299 0.647225 -0.000511
0.152941 0.441830 -0.143138 0.762299 0.647225 -0.000511
0.133334 0.464924 -0.143138 0.762298 0.647226 -0.000511
0.155555 0.438780 -0.106536 0.762299 0.647225 -0.000511
-0.174728 0.337690 -0.012419 -0.964510 -0.175087 0.197647
-0.183007 0.346405 -0.045099 -0.964510 -0.175087 0.197647
-0.186493 0.372984 -0.038563 -0.964510 -0.175087 0.197647
-0.187800 0.328540 -0.084314 -0.964510 -0.175087 0.197647
0.066230 0.219172 -0.388890 0.333337 -0.133333 -0.933332
0.049673 0.241830 -0.398040 0.333337 -0.133332 -0.933332
0.016558 0.223093 -0.407190 0.333337 -0.133333 -0.933332
0.066230 0.283224 -0.398040 0.333337 -0.133333 -0.933332
0.136383 0.230065 -0.037691 0.777801 -0.564290 0.276771
0.130719 0.235294 -0.011112 0.777801 -0.564290 0.276771
0.138998 0.250980 -0.002397 0.777801 -0.564290 0.276771
0.116775 0.224836 0.006753 0.777801 -0.564290 0.276771
-0.047059 0.180392 0.014161 -0.548919 -0.646928 0.529313
-0.035294 0.164705 0.007189 -0.548919 -0.646927 0.529313
-0.047059 0.156862 -0.014597 -0.548919 -0.646927 0.529313
-0.011765 0.156862 0.022004 -0.548919 -0.646927 0.529313
0.057516 0.222222 0.083878 0.481744 -0.864016 0.146283
0.058823 0.227451 0.110457 0.481744 -0.864016 0.146283
0.078431 0.240523 0.123093 0.481744 -0.864016 0.146283
0.040522 0.219608 0.124400 0.481745 -0.864016 0.146283
0.047058 0.156862 -0.014597 0.548927 -0.646924 0.529310
0.035294 0.164705 0.007189 0.548927 -0.646924 0.529310
0.047058 0.180392 0.014161 0.548927 -0.646924 0.529310
0.011765 0.156862 0.022004 0.548927 -0.646924 0.529310
-0.219608 0.320697 -0.176254 -0.926087 -0.030084 0.376110
-0.207843 0.307189 -0.148367 -0.926087 -0.030084 0.376110
-0.207843 0.285403 -0.150110 -0.926087 -0.030084 0.376110
-0.196079 0.315468 -0.118737 -0.926087 -0.030084 0.376110
-0.000000 0.552941 -0.060786 0.000001 0.977380 -0.211491
-0.064488 0.503703 -0.174075 -0.455337 0.881644 -0.123985
-0.048366 0.507189 -0.208498 -0.455337 0.881644 -0.123985
-0.016122 0.525925 -0.193683 -0.455338 0.881644 -0.123984
-0.064488 0.491938 -0.257735 -0.455337 0.881644 -0.123984
-0.006536 0.213507 0.146623 -0.279188 -0.916060 0.287905
-0.019608 0.220915 0.157516 -0.279188 -0.916059 0.287905
-0.026144 0.231808 0.185838 -0.279188 -0.916059 0.287905
-0.026144 0.217429 0.140087 -0.279188 -0.916059 0.287905
0.064488 0.491938 -0.257735 0.455337 0.881644 -0.123984
0.048366 0.507189 -0.208498 0.455337 0.881644 -0.123985
0.016122 0.525925 -0.193683 0.455338 0.881644 -0.123984
0.064488 0.503703 -0.174075 0.455337 0.881644 -0.123985
-0.059260 0.195207 0.023311 -0.457146 -0.772461 0.440818
-0.071896 0.209150 0.034640 -0.457146 -0.772461 0.440818
-0.060567 0.216122 0.058605 -0.457146 -0.772461 0.440818
-0.095861 0.216122 0.022004 -0.457146 -0.772461 0.440818
0.061438 0.518954 -0.069936 0.468275 0.876520 -0.111496
0.082353 0.501961 -0.115687 0.468275 0.876520 -0.111496
0.109804 0.484967 -0.133988 0.468275 0.876520 -0.111496
0.075817 0.501961 -0.143138 0.468275 0.876520 -0.111496
0.045316 0.537691 -0.029849 0.491230 0.810026 -0.320236
0.033987 0.558170 0.004574 0.491230 0.810026 -0.320236
0.011329 0.576906 0.017210 0.491230 0.810026 -0.320236
0.045316 0.559913 0.026361 0.491230 0.810026 -0.320236
0.131154 0.066665 -0.165360 -0.643415 -0.013785 -0.765393
0.122875 0.090195 -0.158825 -0.643415 -0.013785 -0.765393
0.110239 0.099345 -0.148367 -0.643416 -0.013785 -0.765393
0.127232 0.104574 -0.162747 -0.643415 -0.013785 -0.765393
-0.045316 0.559913 0.026361 -0.491226 0.810028 -0.320237
-0.033987 0.558170 0.004574 -0.491226 0.810028 -0.320237
-0.011329 0.576906 0.017210 -0.491226 0.810028 -0.320237
-0.045316 0.537691 -0.029849 -0.491226 0.810028 -0.320237
-0.075818 0.501961 -0.143138 -0.468272 0.876521 -0.111499
-0.082354 0.501961 -0.115687 -0.468272 0.876521 -0.111499
-0.109805 0.484967 -0.133988 -0.468272 0.876521 -0.111499
-0.061439 0.518954 -0.069936 -0.468272 0.876521 -0.111499
0.081916 0.374728 0.296078 0.460371 -0.182158 0.868836
0.061437 0.379085 0.307843 0.460371 -0.182158 0.868837
0.055773 0.402178 0.315686 0.460371 -0.182158 0.868837
0.046623 0.360348 0.311764 0.460371 -0.182158 0.868837
0.185621 0.397385 -0.202397 0.858004 0.482431 -0.176324
0.200000 0.368627 -0.211112 0.858004 0.482431 -0.176324
0.218300 0.341176 -0.197169 0.858004 0.482431 -0.176324
0.196079 0.367320 -0.233770 0.858004 0.482431 -0.176324
-0.216558 0.341176 -0.197169 -0.861257 0.487327 -0.144045
-0.198693 0.368627 -0.211112 -0.861257 0.487327 -0.144045
-0.183878 0.397385 -0.202397 -0.861257 0.487327 -0.144045
-0.195643 0.367320 -0.233770 -0.861257 0.487327 -0.144045
-0.016558 0.400871 -0.368846 -0.339638 0.451478 -0.825114
-0.049673 0.375163 -0.369282 -0.339638 0.451478 -0.825114
-0.066231 0.327669 -0.388454 -0.339638 0.451478 -0.825114
-0.066231 0.396949 -0.350545 -0.339638 0.451478 -0.825114
-0.168193 0.711983 -0.418518 0.889233 -0.298139 -0.346954
-0.139870 0.716340 -0.349673 0.889233 -0.298139 -0.346954
-0.127670 0.726362 -0.327015 0.889233 -0.298139 -0.346954
-0.123748 0.710676 -0.303486 0.889233 -0.298140 -0.346954
0.130283 0.670153 -0.221569 -0.757803 -0.611073 -0.228747
0.112418 0.684968 -0.201961 -0.757803 -0.611072 -0.228747
0.091067 0.684532 -0.130065 -0.757803 -0.611072 -0.228747
0.115904 0.700218 -0.254248 -0.757803 -0.611072 -0.228748
-0.034859 0.310239 0.292592 -0.160441 -0.467964 0.869062
-0.026144 0.330718 0.305228 -0.160441 -0.467964 0.869062
-0.008715 0.337690 0.312200 -0.160442 -0.467964 0.869062
-0.034859 0.344226 0.310893 -0.160441 -0.467964 0.869062
0.034858 0.344226 0.310893 0.160445 -0.467964 0.869061
0.026144 0.330718 0.305228 0.160445 -0.467964 0.869061
0.008715 0.337690 0.312200 0.160446 -0.467964 0.869061
0.034858 0.310239 0.292592 0.160445 -0.467964 0.869061
0.008715 0.266230 0.252940 0.224156 -0.779644 0.584730
0.026144 0.277124 0.260783 0.224156 -0.779644 0.584730
0.034858 0.272767 0.251633 0.224156 -0.779644 0.584730
0.034858 0.292374 0.277777 0.224156 -0.779644 0.584731
0.041830 0.267538 0.240740 0.310632 -0.799310 0.514404
0.047058 0.261438 0.228104 0.310632 -0.799310 0.514404
0.036601 0.245316 0.209367 0.310632 -0.799310 0.514404
0.062744 0.271460 0.234204 0.310633 -0.799310 0.514404
-0.105883 0.321569 0.266883 -0.562666 -0.725359 0.396562
-0.094118 0.301961 0.247711 -0.562666 -0.725359 0.396562
-0.099347 0.299346 0.235511 -0.562666 -0.725359 0.396562
-0.077125 0.284967 0.240740 -0.562666 -0.725359 0.396562
-0.178650 0.712854 -0.411982 -0.990050 -0.101834 0.097111
-0.171243 0.718954 -0.330065 -0.990050 -0.101834 0.097111
-0.165578 0.714161 -0.277342 -0.990050 -0.101834 0.097111
-0.169500 0.729847 -0.300871 -0.990050 -0.101833 0.097111
-0.144228 0.274509 0.009804 -0.862737 -0.350149 0.364801
-0.150328 0.305882 0.025490 -0.862737 -0.350149 0.364801
-0.142920 0.318954 0.055555 -0.862737 -0.350149 0.364801
-0.163835 0.324183 0.011111 -0.862737 -0.350149 0.364801
0.120261 0.736819 -0.289107 -0.633855 0.738681 -0.229301
0.113725 0.747712 -0.235948 -0.633855 0.738680 -0.229302
0.088888 0.752505 -0.151852 -0.633855 0.738680 -0.229302
0.132025 0.753812 -0.266885 -0.633856 0.738680 -0.229302
0.178648 0.712854 -0.411982 0.990050 -0.101834 0.097111
0.171241 0.718954 -0.330065 0.990050 -0.101833 0.097111
0.169498 0.729847 -0.300871 0.990050 -0.101833 0.097111
0.165576 0.714161 -0.277342 0.990050 -0.101834 0.097111
-0.156428 0.433115 -0.070371 -0.800249 0.595604 0.069691
-0.159478 0.424836 -0.034641 -0.800249 0.595604 0.069691
-0.178650 0.399128 -0.035077 -0.800249 0.595604 0.069690
-0.143356 0.442266 0.001524 -0.800249 0.595604 0.069690
-0.100654 0.179956 -0.356645 -0.488774 -0.297057 -0.820279
-0.117647 0.163399 -0.340523 -0.488773 -0.297057 -0.820279
-0.107190 0.118519 -0.330501 -0.488774 -0.297057 -0.820279
-0.145098 0.191721 -0.334423 -0.488774 -0.297057 -0.820279
-0.211765 0.261873 -0.149674 -0.869856 0.309675 0.383995
-0.219608 0.236601 -0.147059 -0.869856 0.309675 0.383995
-0.235294 0.226579 -0.174510 -0.869856 0.309675 0.383995
-0.211765 0.221350 -0.116994 -0.869856 0.309675 0.383995
0.149020 0.318954 0.080827 0.692256 -0.237112 -0.681585
0.164706 0.305882 0.101306 0.692257 -0.237112 -0.681585
0.181699 0.324183 0.112199 0.692256 -0.237112 -0.681586
0.163398 0.274509 0.110892 0.692256 -0.237112 -0.681585
0.062309 0.216122 0.058605 0.447210 -0.783611 0.431228
0.073202 0.209150 0.034640 0.447210 -0.783611 0.431228
0.059694 0.195207 0.023311 0.447210 -0.783611 0.431228
0.097603 0.216122 0.022004 0.447210 -0.783611 0.431228
0.145098 0.193899 0.101742 0.613805 -0.115698 -0.780934
0.137255 0.181699 0.097385 0.613804 -0.115699 -0.780934
0.145098 0.158605 0.106971 0.613804 -0.115699 -0.780934
0.121568 0.192592 0.083442 0.613804 -0.115699 -0.780934
