0.087340 0.344152 -0.073898 0.770669 -0.637236 -0.000000
0.069145 0.325913 -0.073898 0.657468 -0.753482 -0.000000
0.085957 0.345769 -0.095513 0.749823 -0.636919 -0.179161
0.102062 0.365780 -0.073898 0.858567 -0.512701 -0.000000
0.100348 0.367150 -0.096078 0.857431 -0.478554 -0.189207
0.113399 0.390993 -0.073898 0.934096 -0.357023 -0.000000
0.111342 0.392058 -0.097131 0.926156 -0.324347 -0.192444
0.120668 0.419110 -0.073898 0.980857 -0.194731 -0.000000
0.081948 0.350347 -0.115968 0.717243 -0.592470 -0.366800
0.095233 0.370598 -0.117204 0.811749 -0.456692 -0.364001
0.067824 0.327885 -0.096428 0.591720 -0.779208 -0.206647
0.048323 0.312176 -0.073898 0.486768 -0.873531 -0.000000
0.065365 0.334209 -0.116980 0.606574 -0.705549 -0.366428
0.118308 0.419764 -0.098148 0.966522 -0.163848 -0.197456
0.123253 0.449494 -0.073898 1.000000 0.000001 -0.000000
0.105044 0.394380 -0.119516 0.874137 -0.309660 -0.374160
0.061554 0.343836 -0.135452 0.536687 -0.651118 -0.536667
0.076154 0.356938 -0.133442 0.661628 -0.549455 -0.510242
0.087582 0.375036 -0.135018 0.744484 -0.426060 -0.514019
0.045494 0.322198 -0.119392 0.428952 -0.794989 -0.428943
0.047306 0.314581 -0.097213 0.410434 -0.884318 -0.222544
0.025104 0.303364 -0.073898 0.277638 -0.960686 -0.000000
0.120739 0.449494 -0.098628 0.972441 0.000001 -0.233149
0.111177 0.421015 -0.121560 0.909483 -0.156702 -0.385079
0.095391 0.397047 -0.138771 0.791144 -0.293657 -0.536523
0.059544 0.356938 -0.150053 0.510263 -0.549439 -0.661625
0.071227 0.363533 -0.145126 0.614919 -0.493710 -0.614920
0.076330 0.377489 -0.150228 0.651051 -0.390186 -0.651066
0.061119 0.375036 -0.161480 0.514025 -0.426051 -0.744485
0.023315 0.314581 -0.121205 0.222545 -0.884317 -0.410436
0.024251 0.306116 -0.098150 0.210734 -0.954559 -0.210732
0.000000 0.300226 -0.073898 0.000000 -1.000000 -0.000000
0.000000 0.303364 -0.099002 -0.000000 -0.960686 -0.277637
0.113244 0.449494 -0.122484 0.907695 0.000001 -0.419630
0.100437 0.422313 -0.141670 0.819620 -0.149720 -0.552998
0.081885 0.398470 -0.155784 0.682011 -0.264041 -0.682014
0.064873 0.397047 -0.169289 0.536527 -0.293665 -0.791138
0.043082 0.334209 -0.139264 0.366423 -0.705556 -0.606568
0.022530 0.327885 -0.141722 0.206637 -0.779207 -0.591724
0.000000 0.312176 -0.122221 0.000000 -0.873528 -0.486774
0.042070 0.350347 -0.155847 0.366794 -0.592467 -0.717248
0.021615 0.345769 -0.159855 0.179162 -0.636923 -0.749820
0.000000 0.325913 -0.143043 0.000000 -0.753488 -0.657461
0.043306 0.370598 -0.169131 0.364001 -0.456684 -0.811753
0.022180 0.367150 -0.174246 0.189220 -0.478548 -0.857431
0.045618 0.394380 -0.178943 0.374166 -0.309674 -0.874129
0.023233 0.392058 -0.185240 0.192445 -0.324363 -0.926150
0.102148 0.449494 -0.142825 0.810677 0.000000 -0.585494
0.085749 0.423041 -0.159648 0.701778 -0.122570 -0.701772
0.067771 0.422313 -0.174336 0.552996 -0.149733 -0.819619
0.047661 0.421015 -0.185076 0.385083 -0.156699 -0.909482
0.024250 0.419764 -0.192207 0.197461 -0.163847 -0.966521
-0.024251 0.306116 -0.098150 -0.210734 -0.954559 -0.210732
-0.025104 0.303364 -0.073898 -0.277638 -0.960686 -0.000000
-0.023315 0.314581 -0.121205 -0.222545 -0.884317 -0.410436
-0.047306 0.314581 -0.097213 -0.410434 -0.884318 -0.222544
-0.048323 0.312176 -0.073898 -0.486768 -0.873531 -0.000000
-0.022530 0.327885 -0.141722 -0.206638 -0.779207 -0.591724
-0.045494 0.322198 -0.119392 -0.428952 -0.794989 -0.428943
-0.067824 0.327885 -0.096428 -0.591720 -0.779208 -0.206647
-0.069145 0.325913 -0.073898 -0.657468 -0.753482 -0.000000
0.000000 0.344152 -0.161239 0.000000 -0.637246 -0.770660
0.000000 0.365780 -0.175961 -0.000000 -0.512701 -0.858567
-0.021615 0.345769 -0.159855 -0.179162 -0.636923 -0.749820
-0.043082 0.334209 -0.139264 -0.366423 -0.705556 -0.606568
0.000000 0.390993 -0.187298 0.000000 -0.357023 -0.934095
-0.022180 0.367150 -0.174246 -0.189220 -0.478548 -0.857431
-0.042070 0.350347 -0.155847 -0.366794 -0.592467 -0.717248
-0.061554 0.343836 -0.135452 -0.536687 -0.651118 -0.536667
-0.065365 0.334209 -0.116980 -0.606574 -0.705549 -0.366428
-0.085957 0.345769 -0.095513 -0.749823 -0.636919 -0.179161
-0.081948 0.350347 -0.115968 -0.717243 -0.592470 -0.366800
-0.087340 0.344152 -0.073898 -0.770669 -0.637236 -0.000000
-0.102062 0.365780 -0.073898 -0.858567 -0.512701 -0.000000
-0.100348 0.367150 -0.096078 -0.857430 -0.478554 -0.189207
-0.113399 0.390993 -0.073898 -0.934096 -0.357023 -0.000000
0.000000 0.419110 -0.194567 0.000000 -0.194742 -0.980855
-0.023233 0.392058 -0.185240 -0.192445 -0.324363 -0.926150
-0.043306 0.370598 -0.169131 -0.364001 -0.456684 -0.811753
-0.059544 0.356938 -0.150053 -0.510263 -0.549439 -0.661625
-0.076154 0.356938 -0.133442 -0.661628 -0.549455 -0.510242
-0.095233 0.370598 -0.117204 -0.811749 -0.456692 -0.364001
-0.111342 0.392058 -0.097131 -0.926156 -0.324347 -0.192444
-0.120668 0.419110 -0.073898 -0.980857 -0.194731 -0.000000
0.000000 0.449494 -0.197152 0.000000 0.000001 -1.000000
-0.024250 0.419764 -0.192207 -0.197461 -0.163847 -0.966521
-0.045618 0.394380 -0.178943 -0.374166 -0.309674 -0.874129
-0.061119 0.375036 -0.161480 -0.514025 -0.426051 -0.744485
-0.071227 0.363533 -0.145126 -0.614919 -0.493710 -0.614920
-0.087582 0.375036 -0.135018 -0.744484 -0.426060 -0.514019
-0.076330 0.377489 -0.150228 -0.651051 -0.390186 -0.651066
-0.064873 0.397047 -0.169289 -0.536527 -0.293665 -0.791138
-0.047661 0.421015 -0.185076 -0.385083 -0.156699 -0.909482
-0.024730 0.449494 -0.194637 -0.233152 0.000001 -0.972440
-0.105044 0.394380 -0.119516 -0.874137 -0.309660 -0.374160
-0.095391 0.397047 -0.138771 -0.791144 -0.293657 -0.536523
-0.081885 0.398470 -0.155784 -0.682011 -0.264041 -0.682014
-0.067771 0.422313 -0.174336 -0.552996 -0.149733 -0.819619
-0.048586 0.449494 -0.187143 -0.419618 0.000001 -0.907701
-0.118308 0.419764 -0.098148 -0.966522 -0.163848 -0.197456
-0.111177 0.421015 -0.121560 -0.909483 -0.156702 -0.385079
-0.100437 0.422313 -0.141670 -0.819620 -0.149720 -0.552998
-0.085749 0.423041 -0.159648 -0.701778 -0.122570 -0.701772
-0.068927 0.449494 -0.176047 -0.585501 0.000000 -0.810672
-0.123253 0.449494 -0.073898 -1.000000 0.000001 -0.000000
-0.120739 0.449494 -0.098628 -0.972441 0.000001 -0.233149
-0.113244 0.449494 -0.122484 -0.907695 0.000001 -0.419629
-0.102148 0.449494 -0.142825 -0.810677 0.000000 -0.585494
-0.087136 0.449494 -0.161035 -0.707116 0.000001 -0.707097
-0.085749 0.475946 -0.159648 -0.701779 0.122568 -0.701772
-0.100437 0.476675 -0.141670 -0.819621 0.149722 -0.552996
-0.111177 0.477972 -0.121560 -0.909483 0.156701 -0.385079
-0.118308 0.479223 -0.098148 -0.966522 0.163845 -0.197459
-0.120668 0.479878 -0.073898 -0.980857 0.194731 -0.000000
-0.067771 0.476675 -0.174336 -0.552995 0.149735 -0.819620
-0.081885 0.500518 -0.155784 -0.682010 0.264046 -0.682013
-0.095391 0.501940 -0.138771 -0.791144 0.293661 -0.536521
-0.105044 0.504608 -0.119516 -0.874135 0.309656 -0.374167
-0.111342 0.506930 -0.097131 -0.926155 0.324351 -0.192438
-0.113399 0.507994 -0.073898 -0.934093 0.357030 -0.000000
-0.047661 0.477972 -0.185076 -0.385082 0.156698 -0.909482
-0.064873 0.501940 -0.169289 -0.536525 0.293669 -0.791138
-0.076330 0.521498 -0.150228 -0.651050 0.390191 -0.651065
-0.087582 0.523951 -0.135018 -0.744481 0.426051 -0.514032
-0.095233 0.528390 -0.117204 -0.811747 0.456698 -0.363998
-0.100348 0.531837 -0.096078 -0.857428 0.478562 -0.189197
-0.102062 0.533207 -0.073898 -0.858571 0.512694 -0.000000
-0.024250 0.479223 -0.192207 -0.197463 0.163843 -0.966522
-0.045618 0.504608 -0.178943 -0.374173 0.309670 -0.874128
-0.061119 0.523951 -0.161480 -0.514038 0.426042 -0.744482
-0.071227 0.535454 -0.145126 -0.614928 0.493686 -0.614929
-0.076154 0.542050 -0.133442 -0.661635 0.549443 -0.510247
-0.059544 0.542050 -0.150053 -0.510268 0.549427 -0.661632
-0.043306 0.528390 -0.169131 -0.363998 0.456690 -0.811751
-0.023233 0.506930 -0.185240 -0.192439 0.324366 -0.926150
0.000000 0.479878 -0.194567 0.000000 0.194742 -0.980854
-0.081948 0.548640 -0.115968 -0.717248 0.592472 -0.366786
-0.061554 0.555152 -0.135452 -0.536684 0.651123 -0.536664
-0.042070 0.548640 -0.155847 -0.366780 0.592469 -0.717254
-0.022180 0.531837 -0.174246 -0.189210 0.478556 -0.857428
0.000000 0.507994 -0.187298 -0.000000 0.357031 -0.934093
-0.085957 0.553218 -0.095513 -0.749832 0.636907 -0.179168
-0.065365 0.564779 -0.116980 -0.606577 0.705546 -0.366428
-0.087340 0.554836 -0.073898 -0.770676 0.637227 -0.000000
-0.069145 0.573075 -0.073898 -0.657467 0.753484 0.000000
-0.067824 0.571103 -0.096428 -0.591710 0.779215 -0.206648
-0.048323 0.586811 -0.073898 -0.486749 0.873542 -0.000000
-0.045494 0.576789 -0.119392 -0.428940 0.795002 -0.428932
-0.047306 0.584406 -0.097213 -0.410425 0.884322 -0.222544
-0.025104 0.595623 -0.073898 -0.277638 0.960686 -0.000000
-0.043082 0.564779 -0.139264 -0.366422 0.705554 -0.606571
-0.021615 0.553218 -0.159855 -0.179162 0.636911 -0.749830
-0.022530 0.571103 -0.141722 -0.206639 0.779215 -0.591713
-0.023315 0.584406 -0.121205 -0.222545 0.884321 -0.410426
-0.024251 0.592871 -0.098150 -0.210734 0.954559 -0.210732
0.000000 0.598761 -0.073898 0.000000 1.000000 -0.000000
0.000000 0.595623 -0.099002 0.000000 0.960686 -0.277637
0.000000 0.586811 -0.122221 0.000000 0.873538 -0.486755
0.000000 0.573075 -0.143043 -0.000000 0.753484 -0.657466
0.000000 0.533207 -0.175961 -0.000000 0.512701 -0.858567
0.000000 0.554835 -0.161239 -0.000000 0.637236 -0.770669
0.021615 0.553218 -0.159855 0.179162 0.636911 -0.749830
0.022180 0.531837 -0.174246 0.189210 0.478556 -0.857428
0.023233 0.506930 -0.185240 0.192439 0.324366 -0.926150
0.022530 0.571103 -0.141722 0.206639 0.779215 -0.591713
0.023315 0.584406 -0.121205 0.222545 0.884321 -0.410426
0.024251 0.592871 -0.098150 0.210734 0.954559 -0.210732
0.025104 0.595623 -0.073898 0.277638 0.960686 -0.000000
0.047306 0.584406 -0.097213 0.410425 0.884322 -0.222544
0.048323 0.586811 -0.073898 0.486749 0.873542 -0.000000
0.045494 0.576789 -0.119392 0.428940 0.795002 -0.428932
0.067824 0.571103 -0.096428 0.591710 0.779215 -0.206648
0.069145 0.573075 -0.073898 0.657473 0.753478 -0.000000
0.043082 0.564779 -0.139264 0.366422 0.705554 -0.606571
0.042070 0.548640 -0.155847 0.366780 0.592469 -0.717254
0.061554 0.555152 -0.135452 0.536684 0.651123 -0.536664
0.065365 0.564779 -0.116980 0.606577 0.705546 -0.366428
0.085957 0.553218 -0.095513 0.749833 0.636908 -0.179161
0.081948 0.548640 -0.115968 0.717248 0.592472 -0.366786
0.087340 0.554835 -0.073898 0.770678 0.637225 -0.000000
0.102062 0.533207 -0.073898 0.858568 0.512700 -0.000000
0.100348 0.531837 -0.096078 0.857428 0.478562 -0.189197
0.113399 0.507994 -0.073898 0.934093 0.357030 -0.000000
0.043306 0.528390 -0.169131 0.363998 0.456690 -0.811751
0.059544 0.542050 -0.150053 0.510259 0.549438 -0.661630
0.076154 0.542050 -0.133442 0.661633 0.549454 -0.510238
0.095233 0.528390 -0.117204 0.811747 0.456698 -0.363998
0.111342 0.506930 -0.097131 0.926155 0.324351 -0.192438
0.120668 0.479878 -0.073898 0.980857 0.194731 -0.000000
0.045618 0.504608 -0.178943 0.374173 0.309670 -0.874128
0.061119 0.523951 -0.161480 0.514034 0.426039 -0.744487
0.071227 0.535455 -0.145126 0.614925 0.493693 -0.614926
0.087582 0.523951 -0.135018 0.744486 0.426048 -0.514028
0.076330 0.521498 -0.150228 0.651052 0.390182 -0.651067
0.064873 0.501940 -0.169289 0.536525 0.293669 -0.791138
0.105044 0.504608 -0.119516 0.874135 0.309656 -0.374167
0.095391 0.501940 -0.138771 0.791144 0.293661 -0.536521
0.081885 0.500518 -0.155784 0.682010 0.264046 -0.682013
0.118308 0.479223 -0.098148 0.966522 0.163845 -0.197459
0.111177 0.477972 -0.121560 0.909483 0.156701 -0.385079
0.100437 0.476675 -0.141670 0.819621 0.149722 -0.552996
0.085749 0.475946 -0.159648 0.701779 0.122568 -0.701772
0.067771 0.476675 -0.174336 0.552995 0.149735 -0.819620
0.047661 0.477972 -0.185076 0.385082 0.156698 -0.909482
0.024250 0.479223 -0.192207 0.197463 0.163843 -0.966522
0.024730 0.449494 -0.194637 0.233152 0.000001 -0.972440
0.048586 0.449494 -0.187143 0.419618 0.000001 -0.907701
0.068927 0.449494 -0.176047 0.585501 0.000000 -0.810672
0.087136 0.449494 -0.161035 0.707116 0.000001 -0.707097
0.000000 0.344152 0.013443 0.000000 -0.637246 0.770660
0.021615 0.345769 0.012059 0.179162 -0.636923 0.749820
0.000000 0.365780 0.028165 0.000000 -0.512701 0.858567
0.000000 0.325913 -0.004753 0.000000 -0.753489 0.657461
0.022530 0.327885 -0.006074 0.206638 -0.779207 0.591724
0.000000 0.312176 -0.025575 -0.000000 -0.873528 0.486774
0.043082 0.334209 -0.008532 0.366423 -0.705556 0.606568
0.023315 0.314581 -0.026591 0.222545 -0.884317 0.410436
0.000000 0.303364 -0.048794 -0.000000 -0.960686 0.277637
0.045494 0.322198 -0.028404 0.428952 -0.794989 0.428943
0.022180 0.367150 0.026450 0.189220 -0.478548 0.857431
0.000000 0.390993 0.039502 0.000000 -0.357023 0.934095
0.042070 0.350347 0.008051 0.366794 -0.592467 0.717248
0.061554 0.343836 -0.012344 0.536687 -0.651119 0.536667
0.024251 0.306116 -0.049646 0.210734 -0.954559 0.210732
0.047306 0.314581 -0.050583 0.410434 -0.884318 0.222544
0.067824 0.327885 -0.051368 0.591720 -0.779208 0.206647
0.065365 0.334209 -0.030816 0.606574 -0.705549 0.366428
0.085957 0.345769 -0.052283 0.749823 -0.636919 0.179161
0.081948 0.350347 -0.031828 0.717243 -0.592470 0.366800
0.100348 0.367150 -0.051718 0.857431 -0.478554 0.189207
0.023233 0.392058 0.037444 0.192444 -0.324363 0.926150
0.000000 0.419110 0.046771 0.000000 -0.194742 0.980855
0.043306 0.370598 0.021335 0.364001 -0.456684 0.811753
0.059544 0.356938 0.002257 0.510263 -0.549440 0.661625
0.076154 0.356938 -0.014354 0.661628 -0.549455 0.510242
0.095233 0.370598 -0.030592 0.811749 -0.456692 0.364001
0.111342 0.392058 -0.050665 0.926156 -0.324347 0.192444
0.024250 0.419764 0.044411 0.197461 -0.163847 0.966521
0.000000 0.449494 0.049356 0.000000 0.000001 1.000000
0.045618 0.394380 0.031147 0.374166 -0.309674 0.874129
0.061119 0.375036 0.013684 0.514025 -0.426051 0.744485
0.071227 0.363533 -0.002670 0.614919 -0.493710 0.614919
0.087582 0.375036 -0.012778 0.744485 -0.426060 0.514019
0.076330 0.377489 0.002432 0.651051 -0.390186 0.651066
0.064873 0.397047 0.021493 0.536527 -0.293665 0.791138
0.047661 0.421015 0.037280 0.385083 -0.156698 0.909482
0.024730 0.449494 0.046841 0.233152 0.000001 0.972440
0.105044 0.394380 -0.028280 0.874137 -0.309660 0.374160
0.095391 0.397047 -0.009025 0.791144 -0.293657 0.536523
0.081885 0.398470 0.007988 0.682011 -0.264041 0.682014
0.067771 0.422313 0.026540 0.552996 -0.149733 0.819619
0.048586 0.449494 0.039347 0.419618 0.000001 0.907701
0.118308 0.419764 -0.049648 0.966522 -0.163848 0.197456
0.111177 0.421015 -0.026236 0.909483 -0.156701 0.385079
0.100437 0.422313 -0.006126 0.819620 -0.149720 0.552998
0.085749 0.423041 0.011852 0.701778 -0.122570 0.701772
0.068927 0.449494 0.028251 0.585501 0.000000 0.810672
0.120739 0.449494 -0.049168 0.972441 0.000001 0.233149
0.113244 0.449494 -0.025312 0.907695 0.000001 0.419630
0.102148 0.449494 -0.004971 0.810677 0.000000 0.585494
0.087136 0.449494 0.013239 0.707116 0.000001 0.707097
0.085749 0.475946 0.011852 0.701779 0.122568 0.701772
0.100437 0.476675 -0.006126 0.819621 0.149722 0.552996
0.111177 0.477972 -0.026236 0.909483 0.156701 0.385079
0.118308 0.479223 -0.049648 0.966522 0.163845 0.197459
0.067771 0.476675 0.026540 0.552995 0.149735 0.819620
0.081885 0.500518 0.007988 0.682010 0.264046 0.682013
0.095391 0.501940 -0.009025 0.791144 0.293661 0.536521
0.105044 0.504608 -0.028280 0.874135 0.309656 0.374167
0.111342 0.506930 -0.050665 0.926155 0.324351 0.192438
0.047661 0.477972 0.037280 0.385082 0.156698 0.909482
0.064873 0.501940 0.021493 0.536525 0.293669 0.791138
0.076330 0.521498 0.002432 0.651052 0.390183 0.651067
0.087582 0.523951 -0.012778 0.744486 0.426048 0.514028
0.095233 0.528390 -0.030592 0.811747 0.456698 0.363998
0.100348 0.531837 -0.051718 0.857428 0.478562 0.189197
0.024250 0.479223 0.044411 0.197463 0.163843 0.966522
0.000000 0.479878 0.046771 0.000000 0.194742 0.980854
0.045618 0.504608 0.031147 0.374173 0.309670 0.874128
0.023233 0.506930 0.037444 0.192439 0.324366 0.926150
0.000000 0.507994 0.039502 0.000000 0.357031 0.934093
0.061119 0.523951 0.013684 0.514034 0.426039 0.744487
0.043306 0.528390 0.021335 0.363998 0.456690 0.811751
0.022180 0.531837 0.026450 0.189210 0.478556 0.857428
0.000000 0.533207 0.028165 0.000000 0.512701 0.858567
0.071227 0.535455 -0.002670 0.614925 0.493693 0.614926
0.059544 0.542050 0.002257 0.510259 0.549438 0.661629
0.076154 0.542050 -0.014354 0.661633 0.549454 0.510238
0.081948 0.548640 -0.031828 0.717248 0.592472 0.366786
0.061554 0.555152 -0.012344 0.536684 0.651123 0.536664
0.042070 0.548640 0.008051 0.366780 0.592469 0.717254
0.021615 0.553218 0.012059 0.179162 0.636911 0.749830
0.043082 0.564779 -0.008532 0.366422 0.705554 0.606571
0.000000 0.554835 0.013443 0.000000 0.637236 0.770669
0.000000 0.573075 -0.004753 0.000000 0.753484 0.657466
0.022530 0.571103 -0.006074 0.206639 0.779215 0.591713
0.000000 0.586811 -0.025575 0.000000 0.873539 0.486755
0.045494 0.576789 -0.028404 0.428940 0.795002 0.428932
0.023315 0.584406 -0.026591 0.222545 0.884321 0.410426
0.000000 0.595623 -0.048794 0.000000 0.960686 0.277637
0.065365 0.564779 -0.030816 0.606577 0.705546 0.366428
0.085957 0.553218 -0.052283 0.749833 0.636908 0.179161
0.067824 0.571103 -0.051368 0.591709 0.779215 0.206648
0.047306 0.584406 -0.050583 0.410425 0.884322 0.222544
0.024251 0.592871 -0.049646 0.210734 0.954559 0.210732
-0.021615 0.345769 0.012059 -0.179162 -0.636923 0.749820
-0.022530 0.327885 -0.006074 -0.206638 -0.779207 0.591724
-0.023315 0.314581 -0.026591 -0.222545 -0.884317 0.410436
-0.043082 0.334209 -0.008532 -0.366423 -0.705556 0.606568
-0.045494 0.322198 -0.028404 -0.428952 -0.794989 0.428943
-0.022180 0.367150 0.026450 -0.189220 -0.478548 0.857431
-0.042070 0.350347 0.008051 -0.366794 -0.592467 0.717248
-0.061554 0.343836 -0.012344 -0.536687 -0.651119 0.536667
-0.024251 0.306116 -0.049646 -0.210734 -0.954559 0.210732
-0.047306 0.314581 -0.050583 -0.410434 -0.884318 0.222544
-0.067824 0.327885 -0.051368 -0.591720 -0.779208 0.206647
-0.065365 0.334209 -0.030816 -0.606574 -0.705549 0.366428
-0.085957 0.345769 -0.052283 -0.749823 -0.636919 0.179161
-0.081948 0.350347 -0.031828 -0.717243 -0.592470 0.366800
-0.100348 0.367150 -0.051718 -0.857430 -0.478554 0.189207
-0.023233 0.392058 0.037444 -0.192444 -0.324363 0.926150
-0.043306 0.370598 0.021335 -0.364001 -0.456684 0.811753
-0.059544 0.356938 0.002257 -0.510263 -0.549440 0.661625
-0.076154 0.356938 -0.014354 -0.661628 -0.549455 0.510242
-0.095233 0.370598 -0.030592 -0.811749 -0.456692 0.364001
-0.111342 0.392058 -0.050665 -0.926156 -0.324347 0.192444
-0.024250 0.419764 0.044411 -0.197461 -0.163847 0.966521
-0.045618 0.394380 0.031147 -0.374166 -0.309674 0.874129
-0.061119 0.375036 0.013684 -0.514025 -0.426051 0.744485
-0.071227 0.363533 -0.002670 -0.614919 -0.493710 0.614919
-0.087582 0.375036 -0.012778 -0.744484 -0.426060 0.514019
-0.076330 0.377489 0.002432 -0.651051 -0.390186 0.651066
-0.064873 0.397047 0.021493 -0.536527 -0.293665 0.791138
-0.047661 0.421015 0.037280 -0.385083 -0.156698 0.909482
-0.024730 0.449494 0.046841 -0.233152 0.000001 0.972440
-0.105044 0.394380 -0.028280 -0.874137 -0.309660 0.374160
-0.095391 0.397047 -0.009025 -0.791144 -0.293657 0.536523
-0.081885 0.398470 0.007988 -0.682011 -0.264041 0.682014
-0.067771 0.422313 0.026540 -0.552996 -0.149733 0.819619
-0.048586 0.449494 0.039347 -0.419618 0.000001 0.907701
-0.118308 0.419764 -0.049648 -0.966522 -0.163848 0.197456
-0.111177 0.421015 -0.026236 -0.909483 -0.156701 0.385079
-0.100437 0.422313 -0.006126 -0.819620 -0.149720 0.552998
-0.085749 0.423041 0.011852 -0.701778 -0.122570 0.701772
-0.068927 0.449494 0.028251 -0.585501 0.000000 0.810672
-0.120739 0.449494 -0.049168 -0.972441 0.000001 0.233149
-0.113244 0.449494 -0.025312 -0.907695 0.000001 0.419630
-0.102148 0.449494 -0.004971 -0.810677 0.000000 0.585494
-0.087136 0.449494 0.013239 -0.707116 0.000001 0.707097
-0.085749 0.475946 0.011852 -0.701779 0.122568 0.701772
-0.100437 0.476675 -0.006126 -0.819621 0.149722 0.552996
-0.111177 0.477972 -0.026236 -0.909483 0.156701 0.385079
-0.118308 0.479223 -0.049648 -0.966522 0.163845 0.197459
-0.067771 0.476675 0.026540 -0.552995 0.149734 0.819620
-0.081885 0.500518 0.007988 -0.682010 0.264046 0.682013
-0.095391 0.501940 -0.009025 -0.791144 0.293661 0.536521
-0.105044 0.504608 -0.028280 -0.874135 0.309656 0.374167
-0.111342 0.506930 -0.050665 -0.926155 0.324351 0.192438
-0.047661 0.477972 0.037280 -0.385082 0.156698 0.909482
-0.064873 0.501940 0.021493 -0.536525 0.293669 0.791138
-0.076330 0.521498 0.002432 -0.651052 0.390183 0.651067
-0.087582 0.523951 -0.012778 -0.744486 0.426048 0.514028
-0.095233 0.528390 -0.030592 -0.811747 0.456698 0.363998
-0.100348 0.531837 -0.051718 -0.857428 0.478562 0.189197
-0.024250 0.479223 0.044411 -0.197463 0.163843 0.966522
-0.045618 0.504608 0.031147 -0.374173 0.309670 0.874128
-0.023233 0.506930 0.037444 -0.192439 0.324366 0.926150
-0.061119 0.523951 0.013684 -0.514034 0.426039 0.744486
-0.043306 0.528390 0.021335 -0.363998 0.456690 0.811751
-0.022180 0.531837 0.026450 -0.189210 0.478556 0.857428
-0.071227 0.535455 -0.002670 -0.614925 0.493693 0.614926
-0.059544 0.542050 0.002257 -0.510259 0.549438 0.661630
-0.076154 0.542050 -0.014354 -0.661633 0.549454 0.510238
-0.081948 0.548640 -0.031828 -0.717248 0.592472 0.366786
-0.061554 0.555152 -0.012344 -0.536684 0.651123 0.536664
-0.042070 0.548640 0.008051 -0.366780 0.592469 0.717254
-0.021615 0.553218 0.012059 -0.179162 0.636911 0.749830
-0.043082 0.564779 -0.008532 -0.366422 0.705554 0.606571
-0.022530 0.571103 -0.006074 -0.206639 0.779215 0.591713
-0.045494 0.576789 -0.028404 -0.428940 0.795002 0.428932
-0.023315 0.584406 -0.026591 -0.222545 0.884321 0.410426
-0.065365 0.564779 -0.030816 -0.606577 0.705546 0.366428
-0.085957 0.553218 -0.052283 -0.749832 0.636907 0.179168
-0.067824 0.571103 -0.051368 -0.591710 0.779215 0.206648
-0.047306 0.584406 -0.050583 -0.410425 0.884322 0.222544
-0.024251 0.592871 -0.049646 -0.210734 0.954559 0.210732
0.045933 0.658482 0.055512 0.370002 -0.662983 0.650809
0.070804 0.676396 0.052796 0.583017 -0.406586 0.703405
0.063926 0.678004 0.058751 0.726539 -0.527813 0.439948
0.066889 0.661383 0.043514 0.507471 -0.618475 0.599968
0.045536 0.665489 0.062073 0.482781 -0.813236 0.324915
0.046749 0.645065 0.037637 0.340403 -0.778442 0.527402
0.022950 0.658788 0.064369 0.230292 -0.890335 0.392770
0.024054 0.641192 0.043413 0.183450 -0.817361 0.546139
0.023405 0.651553 0.056808 0.151301 -0.745886 0.648662
0.071036 0.694776 0.058852 0.788772 -0.126790 0.601467
0.080923 0.694833 0.050248 0.677232 -0.152268 0.719841
0.067142 0.649596 0.028426 0.449578 -0.722968 0.524592
0.000000 0.656360 0.065100 0.000000 -0.921040 0.389468
0.026280 0.626582 0.017027 0.175925 -0.892943 0.414372
0.000000 0.639684 0.045285 -0.000000 -0.818120 0.575047
0.000000 0.624659 0.018615 -0.000000 -0.898596 0.438777
0.050168 0.631810 0.012874 0.309900 -0.850493 0.424998
0.072576 0.638154 0.006819 0.421483 -0.791733 0.442166
0.000000 0.649514 0.057879 0.000000 -0.757870 0.652406
0.000000 0.614065 -0.011629 0.000000 -0.955812 0.293978
0.054938 0.621716 -0.015348 0.280739 -0.910496 0.303615
0.078591 0.629475 -0.018732 0.413327 -0.852694 0.319490
0.028831 0.616016 -0.012731 0.156835 -0.946148 0.283208
0.000000 0.607161 -0.043889 0.000000 -0.986562 0.163387
0.058072 0.614646 -0.045435 0.268732 -0.950367 0.156796
0.082331 0.623214 -0.046696 0.427890 -0.890315 0.155720
0.030307 0.609077 -0.044370 0.137546 -0.979727 0.145660
0.000000 0.605189 -0.075361 0.000000 -1.000000 -0.000295
0.059215 0.612945 -0.075348 0.292850 -0.956157 -0.001371
0.083669 0.621770 -0.075319 0.466914 -0.884301 -0.001592
0.030963 0.607172 -0.075359 0.155053 -0.987906 -0.000552
0.030350 0.609088 -0.106198 0.137532 -0.978075 -0.156379
0.000000 0.607172 -0.106704 0.000000 -0.984029 -0.178008
0.082304 0.623309 -0.103864 0.432409 -0.884280 -0.176271
0.104197 0.636862 -0.103188 0.624101 -0.760588 -0.178897
0.106005 0.635590 -0.075286 0.669118 -0.743155 -0.001239
0.029027 0.615969 -0.134515 0.150021 -0.932889 -0.327433
0.000000 0.614022 -0.135671 -0.000000 -0.934329 -0.356412
0.058079 0.614711 -0.105142 0.272480 -0.947274 -0.168603
0.119440 0.653291 -0.102815 0.790186 -0.595038 -0.146747
0.099550 0.642271 -0.127001 0.590206 -0.721402 -0.362264
0.113618 0.657059 -0.127473 0.747823 -0.572203 -0.336666
0.027461 0.626662 -0.158108 0.151869 -0.851532 -0.501825
0.000000 0.624969 -0.159504 -0.000000 -0.843732 -0.536765
0.055594 0.621629 -0.131949 0.283318 -0.899326 -0.333083
0.121462 0.652166 -0.075264 0.795990 -0.605309 -0.001318
0.079154 0.629800 -0.128673 0.432291 -0.833929 -0.343056
0.130120 0.671217 -0.103233 0.897277 -0.400158 -0.186462
0.104210 0.661841 -0.147840 0.678580 -0.545299 -0.492116
0.123098 0.674079 -0.129365 0.843867 -0.382582 -0.376190
0.026604 0.641594 -0.178568 0.154077 -0.742863 -0.651471
0.000000 0.640620 -0.180712 -0.000000 -0.731711 -0.681615
0.052638 0.631435 -0.154635 0.284965 -0.824869 -0.488247
0.132481 0.670146 -0.075245 0.894065 -0.447936 -0.000665
0.092466 0.648502 -0.146371 0.564671 -0.690574 -0.451946
0.074818 0.637920 -0.149724 0.427790 -0.774910 -0.465306
0.136399 0.692056 -0.103912 0.963420 -0.186699 -0.192266
0.111711 0.677952 -0.151704 0.758520 -0.375894 -0.532307
0.128475 0.693280 -0.131102 0.907119 -0.180865 -0.380031
0.026493 0.658028 -0.194360 0.134626 -0.619087 -0.773697
0.000000 0.656825 -0.196192 0.000000 -0.624706 -0.780860
0.051272 0.644385 -0.173089 0.291302 -0.720256 -0.629583
0.139204 0.691473 -0.075227 0.973685 -0.227898 -0.000048
0.086317 0.652495 -0.158727 0.549053 -0.632268 -0.546605
0.072302 0.648204 -0.165576 0.423640 -0.677023 -0.601805
0.116094 0.695151 -0.154901 0.816604 -0.188906 -0.545410
0.090882 0.663690 -0.165048 0.596728 -0.515872 -0.614647
0.096266 0.679615 -0.170936 0.650906 -0.380876 -0.656700
0.000000 0.673766 -0.207461 -0.000000 -0.493210 -0.869910
0.051313 0.660433 -0.188570 0.308161 -0.578220 -0.755446
0.141401 0.716093 -0.075216 0.999840 0.017887 -0.000054
0.138317 0.716066 -0.104391 0.975953 0.001900 -0.217974
0.099701 0.696288 -0.175282 0.695300 -0.201651 -0.689852
0.129818 0.716032 -0.131850 0.924622 0.020957 -0.380310
0.116982 0.716062 -0.156328 0.837905 0.006043 -0.545783
0.073220 0.662769 -0.178909 0.466096 -0.547758 -0.694778
0.027147 0.674850 -0.205370 0.173618 -0.451036 -0.875456
0.000000 0.693257 -0.215193 -0.000000 -0.288189 -0.957574
0.100330 0.716127 -0.177197 0.712204 -0.009968 -0.701902
0.076486 0.679026 -0.186939 0.499420 -0.389419 -0.773907
0.078973 0.696015 -0.192241 0.558980 -0.188205 -0.807540
0.028090 0.693862 -0.212624 0.188740 -0.240047 -0.952237
0.000000 0.716581 -0.218241 0.000000 -0.034702 -0.999398
0.079516 0.716493 -0.194283 0.555715 -0.025466 -0.830983
0.052854 0.677087 -0.198589 0.335618 -0.409214 -0.848472
0.028676 0.716586 -0.215385 0.226901 -0.034108 -0.973320
0.054424 0.695241 -0.204873 0.384775 -0.208824 -0.899078
0.055559 0.716664 -0.207163 0.402547 -0.018769 -0.915207
0.074187 0.716335 0.057181 0.617553 0.047773 0.785077
0.065426 0.712847 0.063726 0.804025 0.282337 0.523288
0.049225 0.739055 0.069750 0.451506 0.250352 0.856426
0.072581 0.738151 0.055304 0.589746 0.230498 0.773997
0.048183 0.727663 0.072966 0.610062 0.642407 0.463830
0.048121 0.763528 0.059310 0.383213 0.445507 0.809118
0.070555 0.761133 0.046355 0.545487 0.399632 0.736708
0.024658 0.735462 0.079635 0.306864 0.747851 0.588688
0.047689 0.785801 0.044379 0.345325 0.614068 0.709698
0.068179 0.782004 0.034981 0.493016 0.555247 0.669803
0.024965 0.745578 0.075849 0.212774 0.377361 0.901291
0.048671 0.803438 0.024743 0.295736 0.758368 0.580877
0.068543 0.798139 0.018834 0.431415 0.717282 0.547163
0.081589 0.792729 0.012691 0.563433 0.647697 0.512866
0.000000 0.738326 0.081727 -0.000000 0.803962 0.594681
0.024603 0.788709 0.050072 0.173354 0.666105 0.725433
0.024585 0.765587 0.066752 0.160267 0.501391 0.850248
0.049977 0.816993 0.001874 0.287306 0.846342 0.448509
0.024924 0.806723 0.028735 0.146264 0.798275 0.584264
0.025505 0.821449 0.004583 0.140102 0.874488 0.464372
0.071109 0.809512 -0.001568 0.455046 0.782395 0.425195
0.087625 0.797975 -0.003085 0.607888 0.690476 0.392067
0.000000 0.747584 0.077837 0.000000 0.413409 0.910546
0.000000 0.823143 0.005199 0.000000 0.872891 0.487915
0.026533 0.832408 -0.019970 0.157960 0.933567 0.321715
0.000000 0.834370 -0.019092 -0.000000 0.941886 0.335933
0.000000 0.789822 0.051555 0.000000 0.651263 0.758852
0.000000 0.808128 0.029847 0.000000 0.796118 0.605141
0.075159 0.817668 -0.023984 0.481487 0.820175 0.309005
0.093810 0.803679 -0.024866 0.643240 0.712358 0.280694
0.000000 0.766588 0.068605 0.000000 0.516407 0.856343
0.052237 0.826974 -0.021901 0.296743 0.900590 0.317617
0.018895 0.836438 -0.032937 0.109316 0.964961 0.238539
0.000000 0.836961 -0.028906 0.000000 0.966947 0.254979
0.078367 0.822875 -0.048132 0.499429 0.850479 0.165094
0.098213 0.807677 -0.048468 0.655156 0.740659 0.148980
0.032467 0.836414 -0.041423 0.184613 0.961410 0.203981
0.054278 0.833148 -0.047257 0.297481 0.938607 0.174704
0.012747 0.839730 -0.043488 0.208611 0.870149 0.446454
0.000000 0.840148 -0.040982 -0.000000 0.832624 0.553838
0.079689 0.824634 -0.073915 0.541997 0.840380 -0.000173
0.099922 0.809064 -0.073908 0.696852 0.717214 -0.000523
0.041094 0.836769 -0.055527 0.209984 0.971625 0.108865
0.055224 0.835187 -0.073907 0.305545 0.952177 -0.000153
0.023554 0.839907 -0.050623 0.331230 0.891962 0.307718
0.098195 0.807670 -0.099408 0.668766 0.727721 -0.152226
0.114421 0.789832 -0.099902 0.801400 0.581795 -0.138825
0.116546 0.790998 -0.073914 0.823983 0.566304 0.018742
0.045580 0.837249 -0.073901 0.222464 0.974941 0.000058
0.078354 0.822868 -0.099757 0.500109 0.852879 -0.149960
0.042280 0.836443 -0.093034 0.208999 0.971785 -0.109329
0.054270 0.833142 -0.100603 0.295767 0.941598 -0.160980
0.030775 0.839691 -0.061302 0.400559 0.900100 0.171385
0.129798 0.767348 -0.074535 0.917267 0.398270 0.001427
0.032963 0.836217 -0.106920 0.180069 0.965164 -0.189827
0.075122 0.818407 -0.124576 0.482020 0.829556 -0.281944
0.052223 0.827581 -0.126517 0.294123 0.911927 -0.286150
0.108789 0.787460 -0.124988 0.766153 0.575419 -0.286186
0.093762 0.804505 -0.123645 0.638811 0.722160 -0.265340
0.033311 0.840133 -0.073898 0.544016 0.839075 -0.000032
0.030775 0.839690 -0.086494 0.400110 0.900364 -0.171046
0.127248 0.766389 -0.101992 0.901793 0.394721 -0.175968
0.138393 0.740672 -0.075211 0.972201 0.233301 -0.019884
0.026528 0.832923 -0.128352 0.153492 0.946908 -0.282499
0.023554 0.839905 -0.097173 0.330769 0.892407 -0.306923
0.019162 0.836202 -0.116016 0.105153 0.970676 -0.216173
0.087520 0.799901 -0.144802 0.616531 0.681794 -0.393760
0.135431 0.740221 -0.103945 0.958661 0.196611 -0.205702
0.049959 0.818812 -0.150409 0.291992 0.840539 -0.456328
0.071037 0.811313 -0.146583 0.455350 0.777203 -0.434294
0.012747 0.839732 -0.104308 0.208103 0.871711 -0.443636
0.000000 0.834862 -0.129206 0.000000 0.957679 -0.287839
0.000000 0.836976 -0.119230 0.000000 0.972165 -0.234299
0.120100 0.764712 -0.129027 0.864686 0.378099 -0.330696
0.100125 0.784540 -0.147587 0.719010 0.537065 -0.441118
0.068747 0.800047 -0.164060 0.424810 0.694764 -0.580378
0.025500 0.823245 -0.153395 0.146492 0.870345 -0.470149
0.048834 0.805261 -0.170000 0.294863 0.726474 -0.620718
0.000000 0.840149 -0.106814 -0.000000 0.834085 -0.551637
0.081697 0.794766 -0.158487 0.550237 0.640223 -0.536053
0.127262 0.739531 -0.131567 0.900463 0.189559 -0.391450
0.109059 0.762986 -0.153332 0.795823 0.353464 -0.491659
0.025014 0.808521 -0.174201 0.151813 0.757141 -0.635366
0.070410 0.784437 -0.177972 0.466104 0.546588 -0.695693
0.049726 0.788165 -0.186567 0.297044 0.589408 -0.751241
0.000000 0.824936 -0.154598 0.000000 0.859637 -0.510906
0.087730 0.783015 -0.165572 0.627350 0.512159 -0.586622
0.025666 0.790942 -0.192123 0.139453 0.614677 -0.776353
0.052409 0.764814 -0.199426 0.351975 0.380637 -0.855119
0.027008 0.766839 -0.206312 0.178932 0.397551 -0.899965
0.000000 0.809922 -0.175712 -0.000000 0.750913 -0.660401
0.094184 0.762185 -0.173205 0.662910 0.328612 -0.672729
0.114762 0.738802 -0.156300 0.812701 0.164337 -0.559027
0.028249 0.740460 -0.214097 0.189985 0.171310 -0.966726
0.074924 0.762776 -0.188406 0.503170 0.342676 -0.793343
0.054955 0.739598 -0.206215 0.376153 0.161351 -0.912401
0.000000 0.792076 -0.194035 -0.000000 0.620370 -0.784310
0.000000 0.767759 -0.208605 0.000000 0.441845 -0.897092
0.000000 0.740879 -0.216808 -0.000000 0.213980 -0.976838
0.078401 0.738760 -0.193713 0.552081 0.148763 -0.820412
0.098433 0.738254 -0.176957 0.694817 0.130382 -0.707270
-0.080923 0.694833 0.050248 -0.677232 -0.152268 0.719841
-0.071036 0.694776 0.058852 -0.788772 -0.126790 0.601467
-0.074187 0.716335 0.057181 -0.617553 0.047773 0.785077
-0.065426 0.712847 0.063726 -0.804025 0.282337 0.523288
-0.049225 0.739055 0.069750 -0.451506 0.250353 0.856426
-0.048183 0.727663 0.072966 -0.610062 0.642407 0.463830
-0.072581 0.738151 0.055304 -0.589746 0.230498 0.773997
-0.024658 0.735462 0.079635 -0.306864 0.747851 0.588688
-0.048121 0.763528 0.059310 -0.383213 0.445507 0.809118
-0.070555 0.761133 0.046355 -0.545487 0.399632 0.736708
-0.024965 0.745578 0.075849 -0.212774 0.377361 0.901291
-0.047689 0.785801 0.044379 -0.345325 0.614068 0.709698
-0.068179 0.782004 0.034981 -0.493016 0.555247 0.669803
-0.024603 0.788709 0.050072 -0.173354 0.666105 0.725433
-0.024585 0.765587 0.066752 -0.160267 0.501391 0.850248
-0.048671 0.803438 0.024743 -0.295736 0.758368 0.580877
-0.068543 0.798139 0.018834 -0.431415 0.717282 0.547163
-0.081589 0.792729 0.012691 -0.563433 0.647697 0.512866
-0.024924 0.806723 0.028735 -0.146264 0.798275 0.584264
-0.071109 0.809512 -0.001568 -0.455046 0.782395 0.425195
-0.049977 0.816993 0.001874 -0.287306 0.846342 0.448509
-0.087625 0.797975 -0.003085 -0.607888 0.690476 0.392067
-0.025505 0.821449 0.004583 -0.140102 0.874488 0.464372
-0.075159 0.817668 -0.023984 -0.481487 0.820175 0.309005
-0.052237 0.826974 -0.021901 -0.296743 0.900590 0.317617
-0.093810 0.803679 -0.024866 -0.643240 0.712358 0.280694
-0.026533 0.832408 -0.019970 -0.157960 0.933567 0.321715
-0.078367 0.822875 -0.048132 -0.499429 0.850479 0.165094
-0.054278 0.833148 -0.047257 -0.297481 0.938607 0.174704
-0.018895 0.836438 -0.032937 -0.109316 0.964961 0.238539
-0.098213 0.807677 -0.048468 -0.655156 0.740659 0.148980
-0.032467 0.836414 -0.041423 -0.184613 0.961410 0.203981
-0.012747 0.839730 -0.043488 -0.208611 0.870149 0.446454
-0.079689 0.824634 -0.073915 -0.541997 0.840380 -0.000173
-0.055224 0.835187 -0.073907 -0.305545 0.952178 -0.000153
-0.023554 0.839907 -0.050623 -0.331230 0.891962 0.307718
-0.041094 0.836769 -0.055527 -0.209984 0.971625 0.108865
-0.099922 0.809064 -0.073908 -0.696852 0.717214 -0.000523
-0.045580 0.837249 -0.073901 -0.222464 0.974941 0.000058
-0.030775 0.839691 -0.061302 -0.400559 0.900100 0.171385
-0.098195 0.807670 -0.099408 -0.668766 0.727721 -0.152226
-0.078354 0.822868 -0.099757 -0.500109 0.852879 -0.149960
-0.033311 0.840133 -0.073898 -0.544016 0.839075 -0.000032
-0.114421 0.789832 -0.099902 -0.801400 0.581795 -0.138825
-0.116546 0.790998 -0.073914 -0.823983 0.566304 0.018742
-0.054270 0.833142 -0.100603 -0.295767 0.941598 -0.160980
-0.042280 0.836443 -0.093034 -0.208999 0.971785 -0.109329
-0.030775 0.839690 -0.086494 -0.400110 0.900364 -0.171046
-0.108789 0.787460 -0.124988 -0.766153 0.575419 -0.286186
-0.093762 0.804505 -0.123645 -0.638811 0.722160 -0.265340
-0.129798 0.767348 -0.074535 -0.917267 0.398270 0.001427
-0.032963 0.836217 -0.106920 -0.180069 0.965164 -0.189827
-0.075122 0.818407 -0.124576 -0.482020 0.829556 -0.281944
-0.052223 0.827581 -0.126517 -0.294123 0.911927 -0.286150
-0.023554 0.839905 -0.097173 -0.330769 0.892407 -0.306923
-0.127248 0.766389 -0.101992 -0.901793 0.394721 -0.175968
-0.087520 0.799901 -0.144802 -0.616531 0.681794 -0.393760
-0.120100 0.764712 -0.129027 -0.864686 0.378099 -0.330696
-0.100125 0.784540 -0.147587 -0.719010 0.537065 -0.441118
-0.026528 0.832923 -0.128352 -0.153492 0.946908 -0.282499
-0.071037 0.811313 -0.146583 -0.455350 0.777203 -0.434294
-0.049959 0.818812 -0.150409 -0.291992 0.840539 -0.456328
-0.019162 0.836202 -0.116016 -0.105153 0.970676 -0.216173
-0.012747 0.839732 -0.104308 -0.208103 0.871711 -0.443636
-0.109059 0.762986 -0.153332 -0.795823 0.353464 -0.491659
-0.081697 0.794766 -0.158487 -0.550237 0.640224 -0.536053
-0.087730 0.783015 -0.165572 -0.627350 0.512159 -0.586622
-0.138393 0.740672 -0.075211 -0.972201 0.233301 -0.019884
-0.135431 0.740221 -0.103945 -0.958661 0.196611 -0.205702
-0.025500 0.823245 -0.153395 -0.146492 0.870345 -0.470149
-0.068747 0.800047 -0.164060 -0.424810 0.694764 -0.580378
-0.048834 0.805261 -0.170000 -0.294863 0.726474 -0.620718
-0.094184 0.762185 -0.173205 -0.662910 0.328612 -0.672729
-0.127262 0.739531 -0.131567 -0.900463 0.189559 -0.391450
-0.114762 0.738802 -0.156300 -0.812701 0.164337 -0.559027
-0.141401 0.716093 -0.075216 -0.999840 0.017887 -0.000054
-0.070410 0.784437 -0.177972 -0.466104 0.546588 -0.695693
-0.025014 0.808521 -0.174201 -0.151813 0.757141 -0.635366
-0.049726 0.788165 -0.186567 -0.297044 0.589408 -0.751241
-0.116982 0.716062 -0.156328 -0.837905 0.006043 -0.545783
-0.098433 0.738254 -0.176957 -0.694817 0.130382 -0.707270
-0.100330 0.716127 -0.177197 -0.712204 -0.009968 -0.701902
-0.138317 0.716066 -0.104391 -0.975953 0.001900 -0.217974
-0.129818 0.716032 -0.131850 -0.924622 0.020957 -0.380310
-0.052409 0.764814 -0.199426 -0.351975 0.380637 -0.855119
-0.025666 0.790942 -0.192123 -0.139453 0.614677 -0.776353
-0.027008 0.766839 -0.206312 -0.178932 0.397551 -0.899965
-0.078401 0.738760 -0.193713 -0.552081 0.148763 -0.820412
-0.074924 0.762776 -0.188406 -0.503170 0.342676 -0.793343
-0.079516 0.716493 -0.194283 -0.555715 -0.025466 -0.830983
-0.028249 0.740460 -0.214097 -0.189985 0.171310 -0.966726
-0.054955 0.739598 -0.206215 -0.376153 0.161351 -0.912401
-0.055559 0.716664 -0.207163 -0.402547 -0.018769 -0.915207
-0.028676 0.716586 -0.215385 -0.226901 -0.034108 -0.973320
-0.070804 0.676396 0.052796 -0.583017 -0.406586 0.703405
-0.063926 0.678004 0.058751 -0.726539 -0.527813 0.439948
-0.045933 0.658482 0.055512 -0.370002 -0.662983 0.650809
-0.066889 0.661383 0.043514 -0.507471 -0.618475 0.599968
-0.045536 0.665489 0.062073 -0.482781 -0.813236 0.324915
-0.046749 0.645065 0.037637 -0.340403 -0.778442 0.527402
-0.067142 0.649596 0.028426 -0.449578 -0.722968 0.524592
-0.022950 0.658788 0.064369 -0.230292 -0.890335 0.392770
-0.050168 0.631810 0.012874 -0.309900 -0.850493 0.424998
-0.072576 0.638154 0.006819 -0.421483 -0.791733 0.442166
-0.023405 0.651553 0.056808 -0.151301 -0.745886 0.648662
-0.024054 0.641192 0.043413 -0.183450 -0.817361 0.546139
-0.054938 0.621716 -0.015348 -0.280739 -0.910496 0.303615
-0.078591 0.629475 -0.018732 -0.413327 -0.852694 0.319490
-0.026280 0.626582 0.017027 -0.175925 -0.892943 0.414372
-0.058072 0.614646 -0.045435 -0.268732 -0.950367 0.156796
-0.082331 0.623214 -0.046696 -0.427890 -0.890315 0.155720
-0.028831 0.616016 -0.012731 -0.156835 -0.946148 0.283208
-0.059215 0.612945 -0.075348 -0.292850 -0.956157 -0.001371
-0.083669 0.621770 -0.075319 -0.466914 -0.884301 -0.001592
-0.030307 0.609077 -0.044370 -0.137546 -0.979727 0.145660
-0.082304 0.623309 -0.103864 -0.432409 -0.884280 -0.176271
-0.104197 0.636862 -0.103188 -0.624101 -0.760588 -0.178897
-0.106005 0.635590 -0.075286 -0.669118 -0.743155 -0.001239
-0.030963 0.607172 -0.075359 -0.155053 -0.987906 -0.000552
-0.099550 0.642271 -0.127001 -0.590206 -0.721402 -0.362264
-0.058079 0.614711 -0.105142 -0.272480 -0.947274 -0.168603
-0.079154 0.629800 -0.128673 -0.432291 -0.833929 -0.343056
-0.119440 0.653291 -0.102815 -0.790186 -0.595038 -0.146747
-0.121462 0.652166 -0.075264 -0.795990 -0.605309 -0.001318
-0.092466 0.648502 -0.146371 -0.564671 -0.690574 -0.451946
-0.113618 0.657059 -0.127473 -0.747823 -0.572203 -0.336666
-0.104210 0.661841 -0.147840 -0.678580 -0.545299 -0.492116
-0.030350 0.609088 -0.106198 -0.137532 -0.978075 -0.156379
-0.055594 0.621629 -0.131949 -0.283318 -0.899326 -0.333083
-0.132481 0.670146 -0.075245 -0.894065 -0.447936 -0.000665
-0.086317 0.652495 -0.158727 -0.549053 -0.632268 -0.546605
-0.074818 0.637920 -0.149724 -0.427790 -0.774910 -0.465306
-0.130120 0.671217 -0.103233 -0.897277 -0.400158 -0.186462
-0.123098 0.674079 -0.129365 -0.843868 -0.382582 -0.376190
-0.029027 0.615969 -0.134515 -0.150021 -0.932888 -0.327433
-0.072302 0.648204 -0.165576 -0.423640 -0.677023 -0.601805
-0.090882 0.663690 -0.165048 -0.596728 -0.515872 -0.614647
-0.136399 0.692056 -0.103912 -0.963420 -0.186699 -0.192266
-0.111711 0.677952 -0.151704 -0.758520 -0.375894 -0.532307
-0.128475 0.693280 -0.131102 -0.907119 -0.180865 -0.380031
-0.139204 0.691473 -0.075227 -0.973685 -0.227898 -0.000048
-0.052638 0.631435 -0.154635 -0.284965 -0.824869 -0.488247
-0.116094 0.695151 -0.154901 -0.816604 -0.188906 -0.545410
-0.073220 0.662769 -0.178909 -0.466096 -0.547758 -0.694778
-0.096266 0.679615 -0.170936 -0.650906 -0.380876 -0.656700
-0.027461 0.626662 -0.158108 -0.151869 -0.851532 -0.501825
-0.051272 0.644385 -0.173089 -0.291302 -0.720255 -0.629583
-0.076486 0.679026 -0.186939 -0.499420 -0.389419 -0.773907
-0.099701 0.696288 -0.175282 -0.695299 -0.201651 -0.689852
-0.026604 0.641594 -0.178568 -0.154077 -0.742863 -0.651471
-0.051313 0.660433 -0.188570 -0.308161 -0.578220 -0.755446
-0.052854 0.677087 -0.198589 -0.335618 -0.409214 -0.848472
-0.078973 0.696015 -0.192241 -0.558980 -0.188205 -0.807540
-0.054424 0.695241 -0.204873 -0.384775 -0.208824 -0.899078
-0.026493 0.658028 -0.194360 -0.134626 -0.619087 -0.773697
-0.028090 0.693862 -0.212624 -0.188740 -0.240047 -0.952237
-0.027147 0.674850 -0.205370 -0.173618 -0.451036 -0.875456
0.026842 0.843790 -0.084884 0.758986 0.565784 -0.322226
0.029053 0.843967 -0.073898 0.927414 0.374036 -0.000014
0.026842 0.843791 -0.062912 0.758986 0.565805 0.322188
0.020544 0.843877 -0.094198 0.620609 0.424897 -0.659020
0.023246 0.867925 -0.064383 0.911516 0.151288 0.382426
0.023246 0.867925 -0.083413 0.922341 0.149094 -0.356454
0.025184 0.867944 -0.073898 0.988539 0.145484 0.040315
0.011118 0.843808 -0.100421 0.302267 0.526131 -0.794872
0.019784 0.895170 -0.065800 0.913762 0.134552 0.383321
0.020544 0.843878 -0.053598 0.620548 0.424923 0.659060
0.017800 0.867934 -0.056309 0.723468 0.144619 0.675040
0.017800 0.867934 -0.091487 0.723477 0.144626 -0.675029
0.021433 0.895170 -0.073898 0.990950 0.134232 -0.000168
0.019784 0.895170 -0.081996 0.913920 0.133826 -0.383198
0.000000 0.843974 -0.102607 0.000000 0.371364 -0.928487
0.009630 0.867927 -0.050926 0.400986 0.147874 0.904071
0.015149 0.895170 -0.058929 0.696948 0.133331 0.704618
0.009630 0.867927 -0.096871 0.400992 0.147879 -0.904067
0.017955 0.921270 -0.073898 0.987461 0.152618 -0.040341
0.015148 0.895170 -0.088867 0.696934 0.133343 -0.704629
0.016579 0.921270 -0.080684 0.910720 0.157401 -0.381856
0.016579 0.921270 -0.067112 0.921782 0.153716 0.355934
0.011118 0.843807 -0.047375 0.302272 0.526075 0.794907
0.008196 0.895170 -0.054347 0.350486 0.132359 0.927168
0.000000 0.843974 -0.045189 0.000000 0.371337 0.928498
0.000000 0.867945 -0.049012 0.000000 0.142415 0.989807
0.000000 0.867945 -0.098784 0.000000 0.142425 -0.989806
0.012692 0.921270 -0.086440 0.694253 0.156814 -0.702441
0.014392 0.940334 -0.073898 0.971267 0.237994 -0.000000
0.013295 0.940334 -0.079340 0.888963 0.264535 -0.373853
0.012693 0.921270 -0.061356 0.694253 0.156827 0.702437
0.000000 0.895170 -0.052719 -0.000000 0.132738 0.991151
0.008196 0.895170 -0.093449 0.376381 0.132742 -0.916906
0.000000 0.895170 -0.095077 -0.000000 0.131947 -0.991257
0.011570 0.948023 -0.073898 0.893005 0.450047 -0.000000
0.010176 0.940334 -0.083954 0.677281 0.263566 -0.686894
0.010688 0.948023 -0.078273 0.796294 0.500510 -0.339713
0.013295 0.940334 -0.068456 0.888969 0.264542 0.373833
0.000000 0.921270 -0.056156 -0.000000 0.147534 0.989057
0.006868 0.921270 -0.057515 0.374144 0.164622 0.912642
0.006868 0.921270 -0.090281 0.374721 0.156123 -0.913898
0.000000 0.921270 -0.091640 -0.000000 0.164526 -0.986373
0.007105 0.953355 -0.073898 0.645912 0.763412 -0.000000
0.008181 0.948023 -0.081982 0.605338 0.499044 -0.620098
0.006564 0.953355 -0.076585 0.558826 0.784640 -0.268426
0.010176 0.940334 -0.063842 0.677270 0.263578 0.686901
0.010688 0.948023 -0.069523 0.796294 0.500511 0.339713
0.000000 0.940334 -0.059676 0.000000 0.262144 0.965029
0.005507 0.940334 -0.087036 0.364723 0.262528 -0.893340
0.000000 0.940334 -0.088120 0.000000 0.288766 -0.957400
0.000000 0.956007 -0.073898 -0.000000 1.000000 -0.000000
0.005024 0.953355 -0.078863 0.413955 0.783483 -0.463461
0.008181 0.948023 -0.065814 0.605338 0.499044 0.620097
0.006564 0.953355 -0.071211 0.558826 0.784640 0.268427
0.005507 0.940334 -0.060760 0.398274 0.278350 0.874013
0.004427 0.948023 -0.084460 0.323742 0.497515 -0.804779
0.000000 0.948023 -0.085331 -0.000000 0.546114 -0.837711
0.005024 0.953355 -0.068933 0.413955 0.783483 0.463461
0.002719 0.953355 -0.080385 0.206778 0.782412 -0.587431
0.002719 0.953355 -0.067411 0.206778 0.782412 0.587431
0.000000 0.953355 -0.080919 0.000000 0.814364 -0.580354
0.000000 0.953355 -0.066877 -0.000000 0.814364 0.580354
0.004427 0.948023 -0.063336 0.323742 0.497516 0.804779
0.000000 0.948023 -0.062465 0.000000 0.546114 0.837711
-0.002719 0.953355 -0.067411 -0.206778 0.782412 0.587431
-0.005024 0.953355 -0.068933 -0.413955 0.783483 0.463461
-0.006564 0.953355 -0.071211 -0.558826 0.784640 0.268427
-0.007105 0.953355 -0.073898 -0.645912 0.763412 -0.000000
-0.006564 0.953355 -0.076585 -0.558826 0.784640 -0.268426
-0.005024 0.953355 -0.078863 -0.413955 0.783483 -0.463461
-0.002719 0.953355 -0.080385 -0.206778 0.782412 -0.587431
-0.004427 0.948023 -0.063336 -0.323742 0.497516 0.804779
-0.010688 0.948023 -0.069523 -0.796294 0.500511 0.339713
-0.008181 0.948023 -0.065814 -0.605338 0.499044 0.620098
-0.008181 0.948023 -0.081982 -0.605338 0.499044 -0.620098
-0.010688 0.948023 -0.078273 -0.796294 0.500510 -0.339713
-0.005507 0.940334 -0.060760 -0.398274 0.278350 0.874013
-0.006868 0.921270 -0.057515 -0.374144 0.164622 0.912642
-0.011570 0.948023 -0.073898 -0.893005 0.450047 -0.000000
-0.010176 0.940334 -0.063842 -0.677270 0.263578 0.686900
-0.013295 0.940334 -0.068456 -0.888969 0.264542 0.373834
-0.004427 0.948023 -0.084460 -0.323742 0.497515 -0.804779
-0.008196 0.895170 -0.054347 -0.350486 0.132359 0.927168
-0.012693 0.921270 -0.061356 -0.694253 0.156827 0.702437
-0.014392 0.940334 -0.073898 -0.971267 0.237994 -0.000000
-0.016579 0.921270 -0.067112 -0.921782 0.153716 0.355934
-0.010176 0.940334 -0.083954 -0.677281 0.263566 -0.686894
-0.013295 0.940334 -0.079340 -0.888963 0.264535 -0.373853
-0.015149 0.895170 -0.058929 -0.696948 0.133331 0.704618
-0.017955 0.921270 -0.073898 -0.987461 0.152618 -0.040341
-0.019784 0.895170 -0.065800 -0.913762 0.134552 0.383321
-0.021433 0.895170 -0.073898 -0.990950 0.134232 -0.000168
-0.005507 0.940334 -0.087036 -0.364723 0.262528 -0.893340
-0.016579 0.921270 -0.080684 -0.910720 0.157401 -0.381856
-0.012692 0.921270 -0.086440 -0.694253 0.156814 -0.702441
-0.009630 0.867927 -0.050926 -0.400986 0.147874 0.904071
-0.025184 0.867944 -0.073898 -0.988539 0.145484 0.040315
-0.019784 0.895170 -0.081996 -0.913920 0.133826 -0.383198
-0.023246 0.867925 -0.083413 -0.922341 0.149094 -0.356454
-0.006868 0.921270 -0.090281 -0.374721 0.156123 -0.913898
-0.011118 0.843807 -0.047375 -0.302272 0.526075 0.794907
-0.017800 0.867934 -0.056309 -0.723468 0.144619 0.675040
-0.029053 0.843967 -0.073898 -0.927414 0.374036 -0.000014
-0.023246 0.867925 -0.064383 -0.911516 0.151288 0.382426
-0.015148 0.895170 -0.088867 -0.696934 0.133343 -0.704629
-0.020544 0.843878 -0.053598 -0.620548 0.424923 0.659060
-0.026842 0.843790 -0.084884 -0.758986 0.565784 -0.322226
-0.017800 0.867934 -0.091487 -0.723477 0.144626 -0.675029
-0.020544 0.843877 -0.094198 -0.620609 0.424897 -0.659020
-0.008196 0.895170 -0.093449 -0.376381 0.132742 -0.916906
-0.026842 0.843791 -0.062912 -0.758986 0.565805 0.322188
-0.009630 0.867927 -0.096871 -0.400992 0.147879 -0.904067
-0.011118 0.843808 -0.100421 -0.302267 0.526131 -0.794872
0.484830 0.516185 -0.104794 0.699314 0.000006 -0.714815
0.484845 0.528570 -0.102793 0.698884 0.310344 -0.644397
0.496364 0.522365 -0.088575 0.888481 0.146804 -0.434799
0.464150 0.533887 -0.116418 0.485804 0.340064 -0.805202
0.496360 0.516185 -0.089765 0.905042 0.000007 -0.425323
0.464176 0.516185 -0.120378 0.454178 0.000003 -0.890911
0.496364 0.510004 -0.088575 0.888482 -0.146797 -0.434799
0.464150 0.498482 -0.116418 0.485801 -0.340057 -0.805208
0.484845 0.503799 -0.102793 0.698888 -0.310359 -0.644386
0.496365 0.527518 -0.085127 0.890288 0.305329 -0.337877
0.464148 0.548822 -0.106445 0.481521 0.622931 -0.616518
0.484845 0.538678 -0.095929 0.698448 0.540613 -0.468944
0.500000 0.516185 -0.073898 1.000000 0.000003 0.000000
0.439267 0.494568 -0.125877 0.299882 -0.369666 -0.879442
0.439267 0.537802 -0.125877 0.299888 0.369667 -0.879439
0.439263 0.516185 -0.130167 0.270676 0.000001 -0.962671
0.496365 0.504851 -0.085127 0.890282 -0.305347 -0.337876
0.464148 0.483547 -0.106445 0.481534 -0.622935 -0.616504
0.484845 0.493693 -0.095929 0.698445 -0.540619 -0.468941
0.464148 0.558799 -0.091512 0.481272 0.811556 -0.331293
0.439259 0.556059 -0.113686 0.302319 0.675130 -0.672906
0.439266 0.568251 -0.095429 0.302308 0.881312 -0.363179
0.496364 0.530958 -0.079969 0.890471 0.411050 -0.195188
0.407721 0.491821 -0.132516 0.172110 -0.377266 -0.909972
0.439259 0.476310 -0.113686 0.302299 -0.675125 -0.672920
0.407721 0.471237 -0.118763 0.172040 -0.696916 -0.696212
0.496364 0.501411 -0.079969 0.890463 -0.411061 -0.195201
0.464148 0.473570 -0.091512 0.481289 -0.811544 -0.331297
0.484845 0.486963 -0.085725 0.698314 -0.678643 -0.227597
0.439273 0.572528 -0.073898 0.328684 0.944440 -0.000000
0.484845 0.545407 -0.085725 0.698317 0.678653 -0.227562
0.464157 0.562291 -0.073898 0.513279 0.858222 -0.000000
0.407721 0.561134 -0.118763 0.172041 0.696913 -0.696215
0.407721 0.540548 -0.132516 0.172102 0.377255 -0.909978
0.365666 0.467597 -0.122412 0.059937 -0.657641 -0.750943
0.407713 0.516185 -0.137353 0.155132 0.000004 -0.987894
0.365666 0.489854 -0.137280 0.059414 -0.318967 -0.945902
0.439266 0.464118 -0.095429 0.302299 -0.881312 -0.363186
0.407721 0.457483 -0.098179 0.172036 -0.910329 -0.376437
0.496362 0.500206 -0.073898 0.877877 -0.478886 -0.000000
0.464157 0.470078 -0.073898 0.513288 -0.858216 -0.000000
0.484849 0.484642 -0.073898 0.699063 -0.715060 -0.000000
0.407723 0.579715 -0.073898 0.188821 0.982011 -0.000000
0.407721 0.574887 -0.098179 0.172053 0.910337 -0.376409
0.484849 0.547727 -0.073898 0.699062 0.715061 -0.000000
0.496362 0.532163 -0.073898 0.877879 0.478883 -0.000004
0.321605 0.489817 -0.137173 -0.048289 -0.441420 -0.896000
0.365666 0.452725 -0.100158 0.059977 -0.894954 -0.442109
0.321605 0.467606 -0.122307 -0.048287 -0.751773 -0.657651
0.365666 0.542515 -0.137280 0.059416 0.318970 -0.945901
0.365666 0.516185 -0.142482 0.058624 0.000004 -0.998280
0.439273 0.459841 -0.073898 0.328684 -0.944440 0.000000
0.407723 0.452654 -0.073898 0.188813 -0.982013 -0.000000
0.365666 0.584869 -0.073898 0.060160 0.998189 -0.000000
0.365666 0.564772 -0.122412 0.059933 0.657628 -0.750955
0.365666 0.579645 -0.100158 0.059967 0.894960 -0.442098
0.276477 0.470690 -0.119312 -0.127680 -0.701222 -0.701417
0.321605 0.516185 -0.142302 -0.045321 0.000002 -0.998972
0.276477 0.491526 -0.133233 -0.131384 -0.357905 -0.924469
0.365666 0.447500 -0.073898 0.060166 -0.998188 -0.000000
0.321605 0.452772 -0.100074 -0.048279 -0.946156 -0.320090
0.321605 0.579597 -0.100074 -0.048280 0.946163 -0.320069
0.321605 0.564764 -0.122307 -0.048282 0.751778 -0.657647
0.228736 0.476174 -0.113830 -0.194271 -0.693321 -0.693949
0.276477 0.456769 -0.098476 -0.127736 -0.916252 -0.379692
0.228735 0.463933 -0.095509 -0.194278 -0.906123 -0.375762
0.321605 0.542553 -0.137173 -0.048287 0.441417 -0.896002
0.321605 0.447571 -0.073898 -0.048378 -0.998829 -0.000000
0.321605 0.584798 -0.073898 -0.048378 0.998829 -0.000000
0.228736 0.494496 -0.126071 -0.200846 -0.410665 -0.889390
0.276475 0.516185 -0.138650 -0.125570 0.000004 -0.992085
0.228734 0.516185 -0.130404 -0.196935 0.000004 -0.980417
0.228735 0.459635 -0.073898 -0.182991 -0.983114 -0.000000
0.189898 0.472335 -0.092030 -0.257931 -0.892437 -0.370173
0.189898 0.468729 -0.073898 -0.247983 -0.968764 0.000000
0.276477 0.561680 -0.119312 -0.127690 0.701216 -0.701421
0.276477 0.540843 -0.133233 -0.131388 0.357902 -0.924469
0.276477 0.451879 -0.073898 -0.116915 -0.993142 -0.000000
0.276477 0.580490 -0.073898 -0.116904 0.993143 -0.000013
0.276477 0.575601 -0.098476 -0.127736 0.916259 -0.379674
0.189898 0.482606 -0.107402 -0.257942 -0.682801 -0.683556
0.189898 0.497977 -0.117673 -0.258063 -0.369202 -0.892801
0.159890 0.477741 -0.073898 -0.310879 -0.950450 0.000021
0.228736 0.556195 -0.113830 -0.194268 0.693319 -0.693952
0.228736 0.537873 -0.126071 -0.200844 0.410663 -0.889392
0.228735 0.572734 -0.073898 -0.182993 0.983114 -0.000007
0.159890 0.488979 -0.101027 -0.322493 -0.668783 -0.669872
0.189898 0.516185 -0.121282 -0.268126 0.000005 -0.963384
0.159890 0.501425 -0.109345 -0.322563 -0.361174 -0.874932
0.159890 0.480660 -0.088581 -0.322478 -0.874229 -0.362948
0.137811 0.486174 -0.073898 -0.396340 -0.918104 0.000011
0.228735 0.568436 -0.095509 -0.194275 0.906124 -0.375761
0.189898 0.534392 -0.117673 -0.258065 0.369198 -0.892802
0.189898 0.549764 -0.107402 -0.257948 0.682793 -0.683562
0.137811 0.494940 -0.095061 -0.415879 -0.641853 -0.644259
0.159890 0.516185 -0.112266 -0.334110 0.000006 -0.942534
0.137811 0.504649 -0.101548 -0.416004 -0.345872 -0.841019
0.137811 0.488452 -0.085351 -0.415862 -0.839542 -0.349612
0.120627 0.495401 -0.073898 -0.546965 -0.837155 -0.000000
0.189898 0.563641 -0.073898 -0.247967 0.968769 -0.000000
0.189898 0.560035 -0.092030 -0.257930 0.892433 -0.370184
0.159890 0.530944 -0.109345 -0.322560 0.361173 -0.874934
0.159890 0.543390 -0.101027 -0.322491 0.668788 -0.669867
0.120627 0.501463 -0.088534 -0.582703 -0.571170 -0.578119
0.137811 0.516185 -0.103826 -0.435248 0.000008 -0.900310
0.120627 0.508178 -0.093020 -0.582814 -0.305744 -0.752893
0.120627 0.496976 -0.081819 -0.582641 -0.748985 -0.315518
0.110466 0.504877 -0.073898 -0.785035 -0.619451 -0.000000
0.159890 0.554629 -0.073898 -0.310898 0.950443 0.000000
0.159890 0.551709 -0.088581 -0.322496 0.874215 -0.362965
0.137811 0.527720 -0.101548 -0.416011 0.345877 -0.841014
0.137811 0.537430 -0.095061 -0.415892 0.641847 -0.644256
0.110466 0.508162 -0.081827 -0.682334 -0.516217 -0.517629
0.120627 0.516185 -0.094596 -0.617262 0.000011 -0.786758
0.110466 0.511800 -0.084258 -0.678958 -0.188319 -0.709614
0.110466 0.505731 -0.078189 -0.803475 -0.537937 -0.255053
0.106177 0.516185 -0.073898 -0.992060 0.100332 -0.075832
0.137811 0.546195 -0.073898 -0.396359 0.918096 -0.000000
0.137811 0.543917 -0.085351 -0.415855 0.839553 -0.349592
0.120627 0.524191 -0.093020 -0.582807 0.305766 -0.752890
0.120627 0.530906 -0.088533 -0.582696 0.571194 -0.578103
0.110466 0.516185 -0.085112 -0.829998 0.000012 -0.557767
0.110466 0.520569 -0.084258 -0.803268 0.199024 -0.561382
0.110466 0.524208 -0.081827 -0.803348 0.399541 -0.441588
0.110466 0.526638 -0.078189 -0.803454 0.537955 -0.255081
0.110466 0.527493 -0.073898 -0.785035 0.619452 -0.000000
0.120627 0.536968 -0.073898 -0.546950 0.837165 -0.000000
0.120627 0.535393 -0.081819 -0.582645 0.748969 -0.315548
0.484845 0.545407 -0.062071 0.698314 0.678656 0.227561
0.496364 0.530958 -0.067826 0.890472 0.411046 0.195196
0.464148 0.558799 -0.056284 0.481272 0.811556 0.331293
0.496365 0.527518 -0.062669 0.890288 0.305318 0.337887
0.484845 0.538678 -0.051867 0.698446 0.540608 0.468952
0.439266 0.568251 -0.052367 0.302308 0.881312 0.363179
0.496364 0.522365 -0.059221 0.888481 0.146804 0.434799
0.496360 0.516185 -0.058031 0.905042 0.000007 0.425323
0.496364 0.510004 -0.059221 0.888482 -0.146797 0.434799
0.496365 0.504851 -0.062669 0.890282 -0.305347 0.337876
0.496364 0.501411 -0.067827 0.890463 -0.411061 0.195201
0.464148 0.548822 -0.041351 0.481523 0.622940 0.616507
0.484845 0.528570 -0.045003 0.698891 0.310347 0.644388
0.407721 0.574887 -0.049617 0.172049 0.910334 0.376419
0.484830 0.516185 -0.043002 0.699320 0.000006 0.714809
0.484845 0.493693 -0.051867 0.698445 -0.540619 0.468941
0.484845 0.503799 -0.045003 0.698895 -0.310363 0.644376
0.484845 0.486963 -0.062071 0.698314 -0.678643 0.227597
0.439259 0.556059 -0.034110 0.302308 0.675134 0.672907
0.464150 0.533887 -0.031377 0.485806 0.340062 0.805202
0.365666 0.579645 -0.047638 0.059970 0.894958 0.442102
0.321605 0.579597 -0.047722 -0.048273 0.946166 0.320062
0.464148 0.483547 -0.041351 0.481537 -0.622944 0.616493
0.464150 0.498482 -0.031377 0.485803 -0.340055 0.805207
0.439267 0.537802 -0.021919 0.299875 0.369664 0.879445
0.464176 0.516185 -0.027418 0.454166 0.000003 0.890917
0.407721 0.561133 -0.029033 0.172039 0.696910 0.696217
0.464148 0.473570 -0.056284 0.481289 -0.811544 0.331297
0.439267 0.494568 -0.021919 0.299871 -0.369659 0.879448
0.439263 0.516185 -0.017629 0.270676 0.000001 0.962671
0.365666 0.564772 -0.025384 0.059939 0.657630 0.750952
0.321605 0.564764 -0.025489 -0.048279 0.751774 0.657651
0.276477 0.575602 -0.049320 -0.127736 0.916260 0.379673
0.439266 0.464118 -0.052367 0.302299 -0.881312 0.363186
0.439259 0.476310 -0.034110 0.302295 -0.675131 0.672916
0.407721 0.540548 -0.015280 0.172104 0.377261 0.909975
0.228735 0.568436 -0.052287 -0.194282 0.906121 0.375766
0.321605 0.542553 -0.010623 -0.048280 0.441422 0.896000
0.276477 0.561680 -0.028484 -0.127689 0.701216 0.701421
0.407721 0.471237 -0.029033 0.172040 -0.696916 0.696211
0.407721 0.491821 -0.015280 0.172110 -0.377266 0.909972
0.407721 0.457483 -0.049617 0.172036 -0.910329 0.376437
0.365666 0.542515 -0.010516 0.059416 0.318970 0.945901
0.407713 0.516185 -0.010443 0.155132 0.000004 0.987894
0.189898 0.560035 -0.055766 -0.257930 0.892433 0.370184
0.276477 0.540843 -0.014562 -0.131388 0.357900 0.924470
0.228736 0.556195 -0.033966 -0.194270 0.693322 0.693948
0.365666 0.467597 -0.025384 0.059937 -0.657641 0.750943
0.365666 0.452725 -0.047638 0.059977 -0.894954 0.442109
0.365666 0.516185 -0.005314 0.058624 0.000004 0.998280
0.365666 0.489854 -0.010516 0.059414 -0.318967 0.945902
0.159890 0.551709 -0.059215 -0.322491 0.874224 0.362950
0.321605 0.516185 -0.005494 -0.045316 0.000002 0.998973
0.189898 0.549764 -0.040394 -0.257941 0.682801 0.683557
0.228736 0.537873 -0.021725 -0.200851 0.410662 0.889390
0.321605 0.452772 -0.047722 -0.048279 -0.946156 0.320090
0.321605 0.467606 -0.025489 -0.048287 -0.751773 0.657651
0.137811 0.543917 -0.062445 -0.415860 0.839555 0.349583
0.321605 0.489817 -0.010623 -0.048282 -0.441425 0.895998
0.228734 0.516185 -0.017392 -0.196940 0.000004 0.980416
0.276475 0.516185 -0.009146 -0.125570 0.000004 0.992085
0.159890 0.543391 -0.046769 -0.322495 0.668791 0.669862
0.189898 0.534392 -0.030123 -0.258062 0.369193 0.892805
0.120627 0.535393 -0.065977 -0.582640 0.748980 0.315532
0.276477 0.470690 -0.028484 -0.127677 -0.701230 0.701409
0.276477 0.491526 -0.014562 -0.131385 -0.357903 0.924469
0.159890 0.530944 -0.038451 -0.322563 0.361162 0.874938
0.189898 0.516185 -0.026514 -0.268126 0.000005 0.963384
0.276477 0.456769 -0.049320 -0.127736 -0.916252 0.379692
0.137811 0.537430 -0.052735 -0.415891 0.641850 0.644254
0.110466 0.526638 -0.069607 -0.803457 0.537956 0.255068
0.228736 0.494496 -0.021725 -0.200853 -0.410664 0.889389
0.228736 0.476174 -0.033966 -0.194274 -0.693324 0.693944
0.159890 0.516185 -0.035530 -0.334110 0.000006 0.942534
0.189898 0.497977 -0.030123 -0.258063 -0.369203 0.892801
0.159890 0.501425 -0.038451 -0.322563 -0.361174 0.874932
0.120627 0.530906 -0.059262 -0.582701 0.571185 0.578106
0.137811 0.527720 -0.046248 -0.416006 0.345864 0.841022
0.110466 0.524208 -0.065969 -0.803356 0.399521 0.441590
0.110466 0.520569 -0.063538 -0.803268 0.199024 0.561382
0.110466 0.516185 -0.062684 -0.680662 0.069956 0.729250
0.110466 0.511800 -0.063538 -0.109563 -0.286701 0.951734
0.110466 0.508162 -0.065969 -0.682334 -0.516217 0.517629
0.110466 0.505731 -0.069607 -0.803475 -0.537937 0.255053
0.228735 0.463933 -0.052287 -0.194278 -0.906123 0.375762
0.159890 0.488979 -0.046769 -0.322489 -0.668796 0.669860
0.137811 0.504649 -0.046248 -0.416004 -0.345872 0.841019
0.137811 0.494940 -0.052735 -0.415879 -0.641853 0.644259
0.189898 0.482606 -0.040394 -0.257946 -0.682807 0.683549
0.120627 0.524191 -0.054776 -0.582810 0.305739 0.752899
0.137811 0.516185 -0.043970 -0.435248 0.000008 0.900310
0.120627 0.516185 -0.053200 -0.617262 0.000011 0.786758
0.120627 0.501463 -0.059262 -0.582703 -0.571170 0.578119
0.120627 0.508178 -0.054776 -0.582814 -0.305744 0.752893
0.120627 0.496976 -0.065977 -0.582641 -0.748985 0.315518
0.189898 0.472335 -0.055766 -0.257940 -0.892430 0.370182
0.137811 0.488452 -0.062445 -0.415850 -0.839550 0.349605
0.159890 0.480661 -0.059215 -0.322473 -0.874230 0.362951
-0.484849 0.547727 -0.073898 -0.699073 0.715050 -0.000000
-0.484845 0.545407 -0.085725 -0.698321 0.678647 -0.227568
-0.496362 0.532163 -0.073898 -0.877879 0.478883 -0.000004
-0.464157 0.562292 -0.073898 -0.513282 0.858220 -0.000000
-0.496364 0.530958 -0.079969 -0.890471 0.411050 -0.195187
-0.500000 0.516185 -0.073898 -1.000000 0.000003 0.000000
-0.464148 0.558799 -0.091512 -0.481266 0.811553 -0.331308
-0.439273 0.572528 -0.073898 -0.328673 0.944444 -0.000000
-0.496365 0.527518 -0.085127 -0.890288 0.305329 -0.337877
-0.484845 0.538678 -0.095929 -0.698448 0.540613 -0.468944
-0.439266 0.568251 -0.095429 -0.302308 0.881312 -0.363179
-0.407723 0.579715 -0.073898 -0.188821 0.982011 -0.000000
-0.496364 0.522365 -0.088575 -0.888481 0.146804 -0.434799
-0.496360 0.516185 -0.089765 -0.905042 0.000007 -0.425322
-0.496364 0.510004 -0.088575 -0.888482 -0.146797 -0.434799
-0.496365 0.504851 -0.085127 -0.890282 -0.305347 -0.337876
-0.496364 0.501411 -0.079969 -0.890463 -0.411061 -0.195201
-0.496362 0.500206 -0.073898 -0.877877 -0.478886 -0.000000
-0.464148 0.548822 -0.106445 -0.481521 0.622931 -0.616518
-0.484845 0.528570 -0.102793 -0.698884 0.310344 -0.644397
-0.407721 0.574887 -0.098179 -0.172053 0.910337 -0.376409
-0.365666 0.584869 -0.073898 -0.060160 0.998189 -0.000000
-0.484830 0.516185 -0.104794 -0.699314 0.000006 -0.714815
-0.484845 0.493693 -0.095929 -0.698445 -0.540619 -0.468941
-0.484845 0.503799 -0.102793 -0.698888 -0.310359 -0.644385
-0.484845 0.486963 -0.085725 -0.698314 -0.678643 -0.227597
-0.484849 0.484642 -0.073898 -0.699063 -0.715060 -0.000000
-0.439259 0.556059 -0.113686 -0.302319 0.675130 -0.672906
-0.464150 0.533887 -0.116418 -0.485804 0.340064 -0.805202
-0.365666 0.579645 -0.100158 -0.059967 0.894960 -0.442098
-0.321605 0.579597 -0.100074 0.048273 0.946166 -0.320062
-0.321605 0.584798 -0.073898 0.048378 0.998829 -0.000000
-0.464148 0.483547 -0.106445 -0.481534 -0.622935 -0.616504
-0.464150 0.498482 -0.116418 -0.485801 -0.340057 -0.805208
-0.464157 0.470078 -0.073898 -0.513288 -0.858216 -0.000000
-0.439267 0.537802 -0.125877 -0.299891 0.369670 -0.879437
-0.464176 0.516185 -0.120378 -0.454178 0.000003 -0.890911
-0.407721 0.561134 -0.118763 -0.172043 0.696917 -0.696209
-0.276477 0.580490 -0.073898 0.116900 0.993144 -0.000000
-0.464148 0.473570 -0.091512 -0.481289 -0.811544 -0.331297
-0.439267 0.494568 -0.125877 -0.299882 -0.369666 -0.879442
-0.439263 0.516185 -0.130167 -0.270677 0.000000 -0.962670
-0.365666 0.564772 -0.122412 -0.059931 0.657631 -0.750953
-0.321605 0.564764 -0.122307 0.048279 0.751774 -0.657651
-0.276477 0.575602 -0.098476 0.127736 0.916260 -0.379673
-0.228735 0.572734 -0.073898 0.182996 0.983114 -0.000000
-0.439266 0.464118 -0.095429 -0.302299 -0.881312 -0.363186
-0.439259 0.476310 -0.113686 -0.302299 -0.675125 -0.672920
-0.439273 0.459841 -0.073898 -0.328684 -0.944440 0.000000
-0.407721 0.540549 -0.132516 -0.172103 0.377259 -0.909976
-0.228735 0.568436 -0.095509 0.194282 0.906121 -0.375766
-0.189898 0.563641 -0.073898 0.247967 0.968769 0.000000
-0.321605 0.542553 -0.137173 0.048287 0.441417 -0.896002
-0.276477 0.561680 -0.119312 0.127692 0.701208 -0.701429
-0.407721 0.471237 -0.118763 -0.172040 -0.696916 -0.696212
-0.407721 0.491821 -0.132516 -0.172110 -0.377266 -0.909972
-0.407723 0.452654 -0.073898 -0.188813 -0.982013 -0.000000
-0.407721 0.457483 -0.098179 -0.172036 -0.910329 -0.376437
-0.365666 0.542515 -0.137280 -0.059413 0.318969 -0.945901
-0.407713 0.516185 -0.137353 -0.155131 0.000001 -0.987894
-0.189898 0.560035 -0.092030 0.257930 0.892433 -0.370184
-0.159890 0.554629 -0.073898 0.310898 0.950443 0.000000
-0.276477 0.540843 -0.133233 0.131388 0.357902 -0.924469
-0.228736 0.556195 -0.113830 0.194268 0.693319 -0.693952
-0.365666 0.447500 -0.073898 -0.060166 -0.998188 -0.000000
-0.365666 0.467597 -0.122412 -0.059942 -0.657638 -0.750946
-0.365666 0.452725 -0.100158 -0.059980 -0.894956 -0.442104
-0.365666 0.516185 -0.142482 -0.058624 0.000004 -0.998280
-0.365666 0.489854 -0.137280 -0.059414 -0.318967 -0.945902
-0.159890 0.551709 -0.088581 0.322496 0.874215 -0.362965
-0.137811 0.546195 -0.073898 0.396359 0.918096 -0.000000
-0.321605 0.516185 -0.142302 0.045321 0.000002 -0.998972
-0.189898 0.549764 -0.107402 0.257948 0.682793 -0.683562
-0.228736 0.537873 -0.126071 0.200843 0.410663 -0.889392
-0.321605 0.452772 -0.100074 0.048279 -0.946159 -0.320081
-0.321605 0.467605 -0.122307 0.048287 -0.751776 -0.657649
-0.137811 0.543917 -0.085351 0.415855 0.839553 -0.349592
-0.120627 0.536968 -0.073898 0.546950 0.837165 -0.000000
-0.321605 0.489817 -0.137173 0.048289 -0.441414 -0.896003
-0.228734 0.516185 -0.130404 0.196935 0.000004 -0.980417
-0.276475 0.516185 -0.138650 0.125570 0.000004 -0.992085
-0.159890 0.543390 -0.101027 0.322491 0.668788 -0.669867
-0.189898 0.534392 -0.117673 0.258065 0.369198 -0.892802
-0.321605 0.447571 -0.073898 0.048378 -0.998829 -0.000000
-0.120627 0.535393 -0.081819 0.582645 0.748969 -0.315548
-0.110466 0.527493 -0.073898 0.785035 0.619452 -0.000000
-0.276477 0.470690 -0.119312 0.127685 -0.701219 -0.701419
-0.276477 0.491526 -0.133233 0.131384 -0.357905 -0.924469
-0.159890 0.530944 -0.109345 0.322560 0.361173 -0.874934
-0.189898 0.516185 -0.121282 0.268126 0.000005 -0.963384
-0.276477 0.451879 -0.073898 0.116915 -0.993142 -0.000000
-0.276477 0.456769 -0.098476 0.127739 -0.916254 -0.379687
-0.137811 0.537430 -0.095061 0.415893 0.641847 -0.644256
-0.110466 0.526638 -0.078189 0.803454 0.537955 -0.255081
-0.106177 0.516185 -0.073898 0.992060 0.100332 0.075832
-0.228736 0.494496 -0.126071 0.200846 -0.410665 -0.889390
-0.228736 0.476174 -0.113830 0.194271 -0.693321 -0.693949
-0.159890 0.516185 -0.112266 0.334110 0.000006 -0.942534
-0.189898 0.497977 -0.117673 0.258063 -0.369202 -0.892801
-0.159890 0.501425 -0.109345 0.322563 -0.361174 -0.874932
-0.228735 0.459635 -0.073898 0.182991 -0.983114 -0.000000
-0.120627 0.530906 -0.088533 0.582696 0.571194 -0.578103
-0.137811 0.527720 -0.101548 0.416011 0.345877 -0.841014
-0.110466 0.524208 -0.081827 0.803348 0.399541 -0.441588
-0.110466 0.520569 -0.084258 0.803268 0.199024 -0.561382
-0.110466 0.516185 -0.085112 0.680662 0.069956 -0.729250
-0.110466 0.511800 -0.084258 0.109564 -0.286701 -0.951734
-0.110466 0.508162 -0.081827 0.682334 -0.516217 -0.517629
-0.110466 0.505731 -0.078189 0.803475 -0.537937 -0.255053
-0.110466 0.504877 -0.073898 0.785035 -0.619451 -0.000000
-0.228735 0.463933 -0.095509 0.194278 -0.906123 -0.375762
-0.159890 0.488979 -0.101027 0.322493 -0.668783 -0.669872
-0.137811 0.504649 -0.101548 0.416004 -0.345872 -0.841019
-0.137811 0.494940 -0.095061 0.415879 -0.641853 -0.644259
-0.189898 0.482606 -0.107402 0.257942 -0.682801 -0.683556
-0.120627 0.524191 -0.093020 0.582806 0.305766 -0.752890
-0.137811 0.516185 -0.103826 0.435248 0.000008 -0.900310
-0.120627 0.516185 -0.094596 0.617262 0.000011 -0.786758
-0.120627 0.501463 -0.088534 0.582703 -0.571170 -0.578119
-0.120627 0.508178 -0.093020 0.582814 -0.305744 -0.752893
-0.120627 0.496976 -0.081819 0.582641 -0.748985 -0.315518
-0.120627 0.495401 -0.073898 0.546965 -0.837155 -0.000000
-0.189898 0.468729 -0.073898 0.247983 -0.968764 -0.000000
-0.189898 0.472335 -0.092030 0.257931 -0.892437 -0.370173
-0.137811 0.488452 -0.085351 0.415862 -0.839542 -0.349612
-0.159890 0.480660 -0.088581 0.322478 -0.874229 -0.362948
-0.159890 0.477741 -0.073898 0.310879 -0.950450 0.000021
-0.137811 0.486174 -0.073898 0.396340 -0.918104 0.000011
-0.484845 0.545407 -0.062071 -0.698318 0.678650 0.227567
-0.496364 0.530958 -0.067826 -0.890472 0.411046 0.195196
-0.464148 0.558799 -0.056284 -0.481266 0.811553 0.331308
-0.496365 0.527518 -0.062669 -0.890288 0.305318 0.337887
-0.496364 0.522365 -0.059221 -0.888481 0.146804 0.434799
-0.496360 0.516185 -0.058031 -0.905042 0.000007 0.425323
-0.496364 0.510004 -0.059221 -0.888482 -0.146797 0.434799
-0.496365 0.504851 -0.062669 -0.890282 -0.305347 0.337876
-0.496364 0.501411 -0.067827 -0.890463 -0.411061 0.195201
-0.484845 0.538678 -0.051867 -0.698446 0.540608 0.468952
-0.439266 0.568251 -0.052367 -0.302308 0.881312 0.363179
-0.484830 0.516185 -0.043002 -0.699320 0.000006 0.714809
-0.484845 0.528570 -0.045003 -0.698891 0.310347 0.644388
-0.484845 0.493693 -0.051867 -0.698445 -0.540619 0.468941
-0.484845 0.503799 -0.045003 -0.698895 -0.310363 0.644376
-0.484845 0.486963 -0.062071 -0.698314 -0.678643 0.227597
-0.464148 0.548822 -0.041351 -0.481523 0.622940 0.616507
-0.407721 0.574887 -0.049617 -0.172049 0.910334 0.376419
-0.464150 0.498482 -0.031377 -0.485803 -0.340055 0.805207
-0.464148 0.483547 -0.041351 -0.481537 -0.622944 0.616493
-0.464150 0.533887 -0.031377 -0.485806 0.340062 0.805202
-0.439259 0.556059 -0.034110 -0.302308 0.675134 0.672907
-0.365666 0.579645 -0.047638 -0.059970 0.894958 0.442102
-0.321605 0.579597 -0.047722 0.048273 0.946166 0.320062
-0.464148 0.473570 -0.056284 -0.481289 -0.811544 0.331297
-0.464176 0.516185 -0.027418 -0.454166 0.000003 0.890917
-0.439259 0.476310 -0.034110 -0.302295 -0.675131 0.672916
-0.439267 0.494568 -0.021919 -0.299871 -0.369659 0.879448
-0.407721 0.561133 -0.029033 -0.172039 0.696910 0.696217
-0.439267 0.537802 -0.021919 -0.299875 0.369664 0.879445
-0.321605 0.564764 -0.025489 0.048279 0.751774 0.657651
-0.276477 0.575602 -0.049320 0.127736 0.916260 0.379673
-0.439266 0.464118 -0.052367 -0.302299 -0.881312 0.363186
-0.439263 0.516185 -0.017629 -0.270676 0.000001 0.962671
-0.407721 0.471237 -0.029033 -0.172040 -0.696916 0.696212
-0.407721 0.491821 -0.015280 -0.172110 -0.377266 0.909972
-0.365666 0.564772 -0.025384 -0.059939 0.657631 0.750952
-0.407721 0.540548 -0.015280 -0.172104 0.377261 0.909975
-0.407721 0.457483 -0.049617 -0.172036 -0.910329 0.376437
-0.407713 0.516185 -0.010443 -0.155132 0.000004 0.987894
-0.365666 0.467597 -0.025384 -0.059937 -0.657641 0.750943
-0.365666 0.489854 -0.010516 -0.059414 -0.318967 0.945902
-0.321605 0.542553 -0.010623 0.048280 0.441422 0.896000
-0.365666 0.542515 -0.010516 -0.059416 0.318970 0.945901
-0.228735 0.568436 -0.052287 0.194282 0.906121 0.375766
-0.276477 0.561680 -0.028484 0.127689 0.701216 0.701421
-0.365666 0.452725 -0.047638 -0.059977 -0.894954 0.442109
-0.365666 0.516185 -0.005314 -0.058624 0.000004 0.998280
-0.321605 0.489817 -0.010623 0.048282 -0.441425 0.895998
-0.321605 0.516185 -0.005494 0.045316 0.000002 0.998973
-0.276477 0.540843 -0.014562 0.131388 0.357900 0.924470
-0.228736 0.556195 -0.033966 0.194270 0.693322 0.693948
-0.321605 0.452772 -0.047722 0.048279 -0.946156 0.320090
-0.321605 0.467606 -0.025489 0.048287 -0.751773 0.657651
-0.189898 0.560035 -0.055766 0.257930 0.892433 0.370184
-0.276475 0.516185 -0.009146 0.125570 0.000004 0.992085
-0.276477 0.491526 -0.014562 0.131385 -0.357903 0.924469
-0.276477 0.470690 -0.028484 0.127677 -0.701230 0.701409
-0.276477 0.456769 -0.049320 0.127736 -0.916252 0.379692
-0.159890 0.551709 -0.059215 0.322491 0.874224 0.362950
-0.228736 0.537873 -0.021725 0.200851 0.410662 0.889390
-0.189898 0.549764 -0.040394 0.257941 0.682801 0.683557
-0.228734 0.516185 -0.017392 0.196940 0.000004 0.980416
-0.228736 0.476174 -0.033966 0.194274 -0.693324 0.693944
-0.228735 0.463933 -0.052287 0.194278 -0.906123 0.375762
-0.137811 0.543917 -0.062445 0.415860 0.839555 0.349583
-0.189898 0.534392 -0.030123 0.258062 0.369193 0.892805
-0.159890 0.543391 -0.046769 0.322495 0.668791 0.669862
-0.228736 0.494496 -0.021725 0.200853 -0.410664 0.889389
-0.120627 0.535393 -0.065977 0.582639 0.748980 0.315532
-0.159890 0.530944 -0.038451 0.322563 0.361162 0.874938
-0.137811 0.537430 -0.052735 0.415891 0.641850 0.644254
-0.189898 0.482606 -0.040394 0.257946 -0.682807 0.683549
-0.189898 0.472335 -0.055766 0.257940 -0.892430 0.370182
-0.189898 0.516185 -0.026514 0.268126 0.000005 0.963384
-0.189898 0.497977 -0.030123 0.258063 -0.369203 0.892801
-0.110466 0.526638 -0.069607 0.803457 0.537956 0.255068
-0.137811 0.527720 -0.046248 0.416006 0.345864 0.841022
-0.120627 0.530906 -0.059262 0.582701 0.571185 0.578106
-0.159890 0.488979 -0.046769 0.322489 -0.668796 0.669860
-0.159890 0.480661 -0.059215 0.322473 -0.874230 0.362951
-0.159890 0.516185 -0.035530 0.334110 0.000006 0.942534
-0.159890 0.501425 -0.038451 0.322563 -0.361174 0.874932
-0.110466 0.524208 -0.065969 0.803356 0.399521 0.441590
-0.110466 0.520569 -0.063538 0.803268 0.199024 0.561382
-0.110466 0.516185 -0.062684 0.829998 0.000012 0.557767
-0.110466 0.511800 -0.063538 0.678958 -0.188319 0.709614
-0.110466 0.508162 -0.065969 0.682334 -0.516217 0.517629
-0.110466 0.505731 -0.069607 0.803475 -0.537937 0.255053
-0.137811 0.494940 -0.052735 0.415879 -0.641853 0.644259
-0.137811 0.488452 -0.062445 0.415850 -0.839550 0.349605
-0.137811 0.516185 -0.043970 0.435248 0.000008 0.900310
-0.137811 0.504649 -0.046248 0.416004 -0.345872 0.841019
-0.120627 0.516185 -0.053200 0.617262 0.000011 0.786758
-0.120627 0.524191 -0.054776 0.582810 0.305739 0.752899
-0.120627 0.501463 -0.059262 0.582703 -0.571170 0.578119
-0.120627 0.508178 -0.054776 0.582814 -0.305744 0.752893
-0.120627 0.496976 -0.065977 0.582641 -0.748985 0.315518
0.023795 0.012797 -0.117679 0.705389 -0.708821 -0.000003
0.022224 0.012770 -0.108153 0.637287 -0.706709 0.307291
0.011158 0.003437 -0.112990 0.461268 -0.873080 0.158000
0.030161 0.023788 -0.105122 0.764630 -0.557807 0.322787
0.012077 0.003436 -0.117679 0.457348 -0.889288 -0.000009
0.032964 0.023754 -0.117679 0.842350 -0.538931 -0.000002
0.011158 0.003437 -0.122367 0.461273 -0.873080 -0.157986
0.030161 0.023788 -0.130236 0.764628 -0.557806 -0.322794
0.022224 0.012770 -0.127205 0.637281 -0.706712 -0.307297
0.008540 0.003436 -0.109072 0.358623 -0.875140 0.324837
0.023085 0.023788 -0.094530 0.587001 -0.552202 0.592032
0.016946 0.012770 -0.100378 0.464005 -0.706170 0.534812
0.000000 0.000000 -0.117679 0.000069 -1.000000 -0.000001
0.035929 0.034820 -0.132621 0.841103 -0.408705 -0.354270
0.035929 0.034820 -0.102736 0.841099 -0.408708 0.354274
0.038889 0.034820 -0.117679 0.926050 -0.377400 -0.000004
0.008540 0.003436 -0.126286 0.358633 -0.875139 -0.324830
0.023085 0.023788 -0.140827 0.586978 -0.552223 -0.592036
0.016946 0.012770 -0.134979 0.464001 -0.706158 -0.534830
0.012493 0.023788 -0.087453 0.316576 -0.551807 0.771549
0.027499 0.034820 -0.090120 0.642541 -0.412151 0.645967
0.014881 0.034815 -0.081694 0.346717 -0.411976 0.842652
0.004622 0.003436 -0.106454 0.207729 -0.875320 0.436651
0.040054 0.047658 -0.134327 0.896290 -0.240774 -0.372413
0.027499 0.034820 -0.145238 0.642544 -0.412145 -0.645968
0.030656 0.047658 -0.148392 0.685335 -0.240721 -0.687291
0.004622 0.003436 -0.128904 0.207737 -0.875309 -0.436668
0.012493 0.023788 -0.147904 0.316563 -0.551825 -0.771542
0.009096 0.012770 -0.140153 0.225802 -0.705974 -0.671277
0.000000 0.034786 -0.078732 0.000015 -0.439103 0.898436
0.009096 0.012770 -0.095204 0.225773 -0.705994 0.671267
0.000000 0.023752 -0.084971 -0.000015 -0.571197 0.820813
0.030656 0.047659 -0.086965 0.685346 -0.240713 0.687283
0.040054 0.047658 -0.101031 0.896296 -0.240762 0.372408
0.032529 0.064975 -0.150257 0.748982 -0.093869 -0.655908
0.043355 0.047660 -0.117679 0.977543 -0.210735 -0.000000
0.042498 0.064975 -0.135334 0.943430 -0.093315 -0.318169
0.014881 0.034815 -0.153664 0.346696 -0.411986 -0.842656
0.016591 0.047659 -0.157790 0.370097 -0.240761 -0.897253
0.000000 0.003425 -0.129825 0.000151 -0.863253 -0.504772
0.000000 0.023752 -0.150386 0.000008 -0.571167 -0.820834
0.000000 0.012767 -0.141938 0.000076 -0.706842 -0.707371
0.000000 0.047659 -0.074267 0.000010 -0.270084 0.962837
0.016591 0.047659 -0.077567 0.370091 -0.240778 0.897250
0.000000 0.012767 -0.093420 0.000000 -0.706862 0.707351
0.000000 0.003425 -0.105533 0.000152 -0.863245 0.504785
0.043381 0.091571 -0.135757 0.896731 0.021984 -0.442029
0.017607 0.064960 -0.160229 0.440967 -0.093955 -0.892592
0.033189 0.091571 -0.150984 0.658220 0.021939 -0.752506
0.042498 0.064975 -0.100024 0.943430 -0.093315 0.318169
0.045986 0.064975 -0.117679 0.995708 -0.092552 0.000000
0.000000 0.034786 -0.156625 -0.000006 -0.439112 -0.898432
0.000000 0.047659 -0.161090 -0.000000 -0.270091 -0.962835
0.000000 0.064960 -0.071626 -0.000006 -0.094213 0.995552
0.032529 0.064975 -0.085101 0.748998 -0.093868 0.655890
0.017607 0.064960 -0.075128 0.440960 -0.093943 0.892597
0.031773 0.116522 -0.149543 0.701745 0.121953 -0.701912
0.046905 0.091564 -0.117679 0.999501 0.012456 -0.029032
0.041523 0.116522 -0.134966 0.925899 0.125864 -0.356187
0.000000 0.064960 -0.163732 0.000000 -0.094224 -0.995551
0.017946 0.091571 -0.161155 0.345258 0.010111 -0.938453
0.017946 0.091571 -0.074203 0.320324 0.021889 0.947055
0.033189 0.091571 -0.084373 0.658216 0.021935 0.752509
0.028686 0.143083 -0.146426 0.738437 0.190574 -0.646833
0.017186 0.116522 -0.159281 0.353721 0.116107 -0.928117
0.015522 0.143083 -0.155220 0.434712 0.190659 -0.880156
0.043381 0.091571 -0.099601 0.912286 0.029511 0.408489
0.000000 0.091571 -0.164719 0.039639 0.033721 -0.998645
0.000000 0.091571 -0.070638 -0.039625 0.033715 0.998646
0.037483 0.143083 -0.133265 0.916922 0.196480 -0.347346
0.045049 0.116510 -0.117679 0.993332 0.108531 0.038901
0.040833 0.143065 -0.117679 0.983599 0.180368 0.000000
0.000000 0.143090 -0.158305 0.027710 0.187042 -0.981961
0.024863 0.167227 -0.142592 0.686922 0.235816 -0.687408
0.013454 0.167227 -0.150213 0.371579 0.235892 -0.897933
0.017186 0.116522 -0.076077 0.379813 0.122033 0.916979
0.031773 0.116522 -0.085814 0.701739 0.121953 0.701919
0.000000 0.116526 -0.162695 -0.039604 0.113754 -0.992719
0.000000 0.116526 -0.072662 0.039600 0.113761 0.992719
0.035374 0.167215 -0.117679 0.972803 0.231635 -0.000000
0.032486 0.167227 -0.131185 0.895144 0.235811 -0.378301
0.041523 0.116522 -0.100392 0.913862 0.134505 0.383098
0.000000 0.167231 -0.152888 -0.027690 0.238239 -0.970812
0.020467 0.191058 -0.138185 0.641193 0.229236 -0.732340
0.011076 0.191058 -0.144459 0.312143 0.229291 -0.921951
0.000000 0.143090 -0.077053 -0.027726 0.187038 0.981961
0.015522 0.143083 -0.080138 0.375816 0.191055 0.906786
0.029102 0.191052 -0.117679 0.970913 0.239433 -0.000000
0.037483 0.143083 -0.102093 0.902337 0.200270 0.381680
0.032486 0.167227 -0.104173 0.893975 0.241451 0.377505
0.026742 0.191058 -0.128794 0.887253 0.226560 -0.401813
0.000000 0.191059 -0.146662 0.000010 0.229796 -0.973239
0.028686 0.143083 -0.088931 0.694212 0.190994 0.693967
0.000000 0.167231 -0.082469 0.038777 0.232347 0.971860
0.026742 0.191058 -0.106564 0.898866 0.222326 0.377638
0.024863 0.167227 -0.092766 0.687296 0.235825 0.687030
0.020467 0.191058 -0.097173 0.687923 0.229705 0.688475
0.016258 0.219282 -0.133968 0.695853 0.175525 -0.696404
0.008798 0.219282 -0.138952 0.376356 0.175562 -0.909689
0.000000 0.219282 -0.140701 0.000003 0.185949 -0.982559
0.013454 0.167227 -0.085144 0.372079 0.235897 0.897725
0.023041 0.219280 -0.117679 0.984257 0.176744 -0.000000
0.011076 0.191058 -0.090899 0.372095 0.229770 0.899306
0.016258 0.219282 -0.101390 0.695867 0.175519 0.696393
0.008798 0.219282 -0.096406 0.376370 0.175556 0.909684
0.007384 0.244644 -0.135533 0.439772 0.119550 -0.890117
0.021242 0.219282 -0.126509 0.894040 0.169117 -0.414839
0.013644 0.244644 -0.131351 0.746938 0.119553 -0.654057
0.000000 0.244644 -0.137002 0.028264 0.123270 -0.991971
0.000000 0.191059 -0.088696 0.000007 0.237498 0.971388
0.021242 0.219282 -0.108849 0.894040 0.169117 0.414839
0.000000 0.219282 -0.094656 0.000003 0.185954 0.982558
0.007384 0.244644 -0.099824 0.379707 0.119807 0.917316
0.000000 0.244644 -0.098356 -0.028273 0.123273 0.991970
0.017826 0.244644 -0.125091 0.930441 0.124813 -0.344529
0.011989 0.269102 -0.129697 0.655801 0.095002 -0.748932
0.015665 0.269102 -0.124196 0.908316 0.095222 -0.407302
0.006488 0.269102 -0.133373 0.319271 0.094979 -0.942892
0.000000 0.269102 -0.134663 -0.039639 0.095114 -0.994677
0.013644 0.244644 -0.104007 0.701910 0.119814 0.702116
0.017826 0.244644 -0.110267 0.916622 0.119960 0.381331
0.000000 0.269102 -0.100695 0.039550 0.095114 0.994680
0.019314 0.244643 -0.117679 0.993695 0.112115 -0.000005
0.010372 0.293004 -0.128081 0.702794 0.110947 -0.702689
0.016965 0.269102 -0.117679 0.995433 0.095468 -0.000015
0.013553 0.293003 -0.123322 0.918269 0.111053 -0.380064
0.000000 0.293003 -0.132378 -0.000031 0.105685 -0.994400
0.006488 0.269102 -0.101985 0.380943 0.095203 0.919684
0.011989 0.269102 -0.105661 0.703899 0.095206 0.703891
0.005614 0.293004 -0.131261 0.380478 0.110950 -0.918110
0.014670 0.293003 -0.117679 0.993199 0.116425 -0.000011
0.008758 0.310859 -0.126471 0.738738 0.188970 -0.646959
0.011443 0.310859 -0.122453 0.923904 0.177039 -0.339202
0.015665 0.269102 -0.111161 0.919469 0.095260 0.381449
0.000000 0.293003 -0.102980 -0.000006 0.105692 0.994399
0.005614 0.293004 -0.104097 0.380447 0.110933 0.918125
0.000000 0.310858 -0.130098 -0.000004 0.168304 -0.985735
0.004740 0.310859 -0.129155 0.400973 0.197886 -0.894462
0.012386 0.310859 -0.117679 0.977520 0.210842 -0.000007
0.013553 0.293003 -0.112035 0.918262 0.111061 0.380078
0.011443 0.310859 -0.112905 0.923909 0.177027 0.339197
0.010372 0.293004 -0.107277 0.702782 0.110939 0.702702
0.000000 0.310858 -0.105260 -0.000070 0.168249 0.985745
0.007491 0.317727 -0.125218 0.573057 0.493271 -0.654438
0.009788 0.317726 -0.121780 0.812007 0.460725 -0.358299
0.000000 0.317726 -0.128320 -0.000040 0.414346 -0.910119
0.008758 0.310859 -0.108887 0.738751 0.188963 0.646947
0.009788 0.317726 -0.113577 0.811997 0.460726 0.358318
0.004740 0.310859 -0.106202 0.400993 0.197859 0.894459
0.003613 0.323302 -0.121334 0.428977 0.815784 -0.387911
0.004054 0.317727 -0.127514 0.294677 0.539561 -0.788695
0.001955 0.323302 -0.122442 0.247608 0.815964 -0.522391
0.010594 0.317727 -0.117679 0.822004 0.569482 -0.000014
0.000000 0.317726 -0.107037 -0.000143 0.414307 0.910137
0.007491 0.317727 -0.110140 0.573094 0.493273 0.654404
0.004720 0.323302 -0.119677 0.545415 0.815583 -0.193254
0.000000 0.323302 -0.122830 -0.000031 0.798622 -0.601833
0.004054 0.317727 -0.107843 0.294805 0.539595 0.788623
0.000000 0.323302 -0.112527 -0.000063 0.798664 0.601777
0.004720 0.323302 -0.115681 0.545408 0.815591 0.193243
0.003613 0.323302 -0.114024 0.428956 0.815790 0.387921
0.005109 0.323302 -0.117679 0.541526 0.840684 0.000000
0.001955 0.323302 -0.112916 0.247725 0.815980 0.522311
0.000000 0.325182 -0.117679 0.000000 1.000000 -0.000008
-0.001955 0.323302 -0.112916 -0.247728 0.815929 0.522389
-0.003613 0.323302 -0.114024 -0.428953 0.815769 0.387968
-0.004720 0.323302 -0.115681 -0.545434 0.815580 0.193213
-0.005109 0.323302 -0.117679 -0.541564 0.840660 0.000000
-0.004720 0.323302 -0.119677 -0.545442 0.815572 -0.193225
-0.003613 0.323302 -0.121334 -0.428975 0.815749 -0.387988
-0.001955 0.323302 -0.122442 -0.247662 0.815924 -0.522429
-0.009096 0.012770 -0.095204 -0.225700 -0.705947 0.671341
-0.004622 0.003434 -0.106453 -0.207550 -0.875325 0.436726
-0.012493 0.023789 -0.087453 -0.316584 -0.551807 0.771546
-0.008541 0.003434 -0.109072 -0.358732 -0.875166 0.324648
-0.016946 0.012769 -0.100378 -0.464057 -0.706105 0.534852
-0.014881 0.034815 -0.081693 -0.346704 -0.412007 0.842642
-0.011158 0.003437 -0.112990 -0.461318 -0.873051 0.158015
-0.012078 0.003434 -0.117679 -0.457331 -0.889297 -0.000009
-0.011158 0.003437 -0.122367 -0.461312 -0.873060 -0.157979
-0.008541 0.003434 -0.126286 -0.358699 -0.875171 -0.324671
-0.004622 0.003434 -0.128904 -0.207578 -0.875331 -0.436701
-0.023084 0.023789 -0.094530 -0.587007 -0.552206 0.592023
-0.022224 0.012770 -0.108153 -0.637360 -0.706670 0.307229
-0.016591 0.047659 -0.077567 -0.370124 -0.240728 0.897250
-0.023795 0.012797 -0.117679 -0.705426 -0.708783 0.000015
-0.016946 0.012769 -0.134979 -0.464060 -0.706088 -0.534873
-0.022224 0.012769 -0.127205 -0.637347 -0.706680 -0.307232
-0.009096 0.012769 -0.140154 -0.225740 -0.705945 -0.671329
-0.027499 0.034819 -0.090120 -0.642537 -0.412169 0.645958
-0.030161 0.023789 -0.105122 -0.764601 -0.557835 0.322808
-0.017607 0.064960 -0.075129 -0.440984 -0.093964 0.892583
-0.017947 0.091570 -0.074202 -0.345255 0.010105 0.938455
-0.023084 0.023789 -0.140827 -0.586977 -0.552212 -0.592047
-0.030161 0.023789 -0.130236 -0.764611 -0.557822 -0.322808
-0.035929 0.034819 -0.102736 -0.841093 -0.408713 0.354282
-0.032964 0.023754 -0.117679 -0.842328 -0.538966 -0.000002
-0.030656 0.047659 -0.086966 -0.685358 -0.240673 0.687285
-0.017185 0.116525 -0.076077 -0.353732 0.116139 0.928109
-0.012493 0.023789 -0.147904 -0.316612 -0.551780 -0.771554
-0.035929 0.034819 -0.132621 -0.841097 -0.408712 -0.354275
-0.038889 0.034819 -0.117679 -0.926055 -0.377389 -0.000004
-0.032528 0.064975 -0.085101 -0.748982 -0.093891 0.655905
-0.033190 0.091570 -0.084373 -0.658235 0.021937 0.752493
-0.014881 0.034815 -0.153664 -0.346687 -0.412015 -0.842646
-0.027499 0.034819 -0.145238 -0.642520 -0.412181 -0.645968
-0.040054 0.047659 -0.101031 -0.896293 -0.240742 0.372426
-0.031772 0.116525 -0.085815 -0.701732 0.121971 0.701923
-0.043381 0.091570 -0.099600 -0.912285 0.029513 0.408491
-0.015521 0.143090 -0.080139 -0.434700 0.190653 0.880163
-0.013454 0.167231 -0.085145 -0.311663 0.235411 0.920570
-0.030656 0.047659 -0.148392 -0.685349 -0.240687 -0.687290
-0.040054 0.047659 -0.134327 -0.896291 -0.240751 -0.372427
-0.016591 0.047659 -0.157790 -0.370099 -0.240754 -0.897254
-0.042498 0.064975 -0.100024 -0.943425 -0.093323 0.318182
-0.043355 0.047660 -0.117679 -0.977544 -0.210730 -0.000000
-0.028685 0.143090 -0.088932 -0.738419 0.190581 0.646851
-0.024862 0.167231 -0.092766 -0.640208 0.235345 0.731264
-0.032528 0.064975 -0.150257 -0.748985 -0.093887 -0.655901
-0.017607 0.064960 -0.160229 -0.440966 -0.093965 -0.892592
-0.045986 0.064975 -0.117679 -0.995708 -0.092552 -0.000000
-0.042498 0.064975 -0.135334 -0.943425 -0.093319 -0.318184
-0.041523 0.116525 -0.100392 -0.913862 0.134509 0.383098
-0.046905 0.091563 -0.117679 -0.999501 0.012462 -0.029028
-0.045048 0.116512 -0.117679 -0.993330 0.108548 0.038894
-0.011076 0.191059 -0.090899 -0.372085 0.229772 0.899309
-0.017946 0.091570 -0.161155 -0.320307 0.021896 -0.947061
-0.033190 0.091570 -0.150985 -0.658217 0.021942 -0.752508
-0.041523 0.116525 -0.134965 -0.925904 0.125874 -0.356170
-0.040831 0.143071 -0.117679 -0.983599 0.180371 -0.000006
-0.043381 0.091570 -0.135757 -0.896738 0.021982 -0.442015
-0.032485 0.167231 -0.104173 -0.883993 0.238096 0.402326
-0.037482 0.143090 -0.102093 -0.916931 0.196493 0.347315
-0.008798 0.219282 -0.096406 -0.376372 0.175562 0.909682
-0.031772 0.116525 -0.149543 -0.701731 0.121980 -0.701922
-0.037482 0.143090 -0.133264 -0.902338 0.200282 -0.381671
-0.028685 0.143090 -0.146425 -0.694204 0.190990 -0.693977
-0.020467 0.191059 -0.097173 -0.687912 0.229705 0.688486
-0.035373 0.167218 -0.117679 -0.972803 0.231633 -0.000007
-0.007384 0.244643 -0.099824 -0.439771 0.119553 0.890117
-0.006488 0.269102 -0.101985 -0.319254 0.094992 0.942896
-0.017185 0.116525 -0.159280 -0.379814 0.122054 -0.916975
-0.024862 0.167231 -0.142591 -0.731174 0.235316 -0.640322
-0.015521 0.143090 -0.155218 -0.375822 0.191057 -0.906783
-0.013454 0.167231 -0.150213 -0.430457 0.235384 -0.871379
-0.026742 0.191059 -0.106563 -0.898862 0.222329 0.377647
-0.016258 0.219282 -0.101390 -0.695860 0.175529 0.696397
-0.032485 0.167231 -0.131184 -0.908292 0.239101 -0.343274
-0.029102 0.191053 -0.117679 -0.970915 0.239424 -0.000008
-0.020467 0.191059 -0.138185 -0.641206 0.229236 -0.732329
-0.011076 0.191059 -0.144459 -0.312124 0.229303 -0.921954
-0.013644 0.244643 -0.104007 -0.746953 0.119549 0.654041
-0.011989 0.269102 -0.105661 -0.655793 0.095008 0.748938
-0.023041 0.219280 -0.117679 -0.984256 0.176750 -0.000002
-0.021242 0.219282 -0.108849 -0.894039 0.169129 0.414838
-0.026742 0.191059 -0.128794 -0.887254 0.226555 -0.401813
-0.005614 0.293003 -0.104097 -0.380483 0.110950 0.918108
-0.008798 0.219282 -0.138952 -0.376358 0.175568 -0.909687
-0.017826 0.244643 -0.110267 -0.939901 0.119762 0.319756
-0.015665 0.269102 -0.111161 -0.892389 0.095008 0.441153
-0.016258 0.219282 -0.133968 -0.695853 0.175531 -0.696404
-0.021242 0.219282 -0.126509 -0.894039 0.169124 -0.414838
-0.004740 0.310859 -0.106203 -0.401011 0.197879 0.894446
-0.010372 0.293003 -0.107277 -0.702790 0.110951 0.702692
-0.019314 0.244643 -0.117679 -0.992526 0.115393 -0.039696
-0.016965 0.269101 -0.117679 -0.995029 0.095415 0.028516
-0.013644 0.244643 -0.131351 -0.701869 0.119816 -0.702157
-0.017826 0.244643 -0.125091 -0.916625 0.119965 -0.381323
-0.004054 0.317726 -0.107844 -0.294877 0.539530 0.788642
-0.007384 0.244643 -0.135533 -0.379741 0.119818 -0.917301
-0.013552 0.293003 -0.112035 -0.918288 0.111078 0.380011
-0.008758 0.310859 -0.108887 -0.738760 0.188958 0.646938
-0.015665 0.269102 -0.124196 -0.919489 0.095278 -0.381395
-0.011989 0.269102 -0.129697 -0.703889 0.095206 -0.703900
-0.006488 0.269102 -0.133372 -0.380936 0.095188 -0.919689
-0.007491 0.317726 -0.110140 -0.573008 0.493244 0.654501
-0.014669 0.293003 -0.117679 -0.993197 0.116442 -0.000018
-0.011442 0.310859 -0.112905 -0.923945 0.176979 0.339123
-0.005614 0.293003 -0.131261 -0.380465 0.110937 -0.918117
-0.013552 0.293003 -0.123322 -0.918294 0.111082 -0.379996
-0.010372 0.293003 -0.128081 -0.702842 0.110964 -0.702638
-0.009788 0.317726 -0.113577 -0.812034 0.460676 0.358299
-0.008758 0.310859 -0.126470 -0.738805 0.188969 -0.646883
-0.004740 0.310859 -0.129155 -0.401049 0.197907 -0.894423
-0.012385 0.310858 -0.117679 -0.977540 0.210751 -0.000020
-0.011442 0.310859 -0.122452 -0.923937 0.176978 -0.339144
-0.007491 0.317726 -0.125217 -0.573084 0.493217 -0.654455
-0.004054 0.317726 -0.127514 -0.294793 0.539537 -0.788668
-0.009788 0.317726 -0.121780 -0.812035 0.460659 -0.358319
-0.010594 0.317726 -0.117679 -0.822055 0.569408 -0.000014
-0.060449 0.711878 0.099272 -0.854592 0.493401 0.161950
-0.053484 0.710132 0.133713 -0.844343 0.481641 0.234749
-0.045863 0.726404 0.099272 -0.530941 0.838405 0.123201
-0.057441 0.694584 0.133713 -0.973349 -0.021364 0.228333
-0.064811 0.694669 0.099273 -0.985223 -0.048971 0.164126
-0.041249 0.723144 0.133713 -0.527524 0.824892 0.203155
-0.047836 0.694540 0.166853 -0.945917 0.013389 0.324132
-0.043854 0.707165 0.166853 -0.812672 0.478185 0.333021
-0.053449 0.680421 0.133713 -0.828428 -0.520847 0.205975
-0.059363 0.678600 0.099273 -0.807826 -0.574413 0.132161
-0.034094 0.717548 0.166853 -0.524876 0.801391 0.286840
-0.023538 0.734158 0.099272 -0.219671 0.969600 0.107800
-0.021274 0.729774 0.133713 -0.215216 0.960993 0.173709
-0.044859 0.682813 0.166854 -0.818076 -0.477194 0.320994
-0.036844 0.694651 0.191543 -0.881697 0.006724 0.471767
-0.017845 0.723486 0.166853 -0.204290 0.947320 0.246681
-0.033923 0.704077 0.191542 -0.771107 0.435834 0.464158
-0.026130 0.712858 0.191543 -0.495425 0.766480 0.408733
0.000000 0.736837 0.099272 -0.000000 0.993015 0.117985
-0.040502 0.668474 0.133713 -0.498626 -0.854698 0.144441
-0.043627 0.666235 0.099273 -0.467294 -0.880556 0.079102
-0.013941 0.716646 0.191542 -0.170543 0.917710 0.358781
0.000000 0.732119 0.133713 -0.000000 0.983399 0.181456
0.000000 0.724963 0.166853 -0.000000 0.966282 0.257485
-0.026405 0.694674 0.206037 -0.771889 -0.001358 0.635756
-0.033923 0.685532 0.191542 -0.769212 -0.432353 0.470515
-0.022143 0.660043 0.099301 -0.196466 -0.978738 0.058936
-0.034435 0.671747 0.166853 -0.511847 -0.819740 0.256978
-0.020523 0.662392 0.133713 -0.200249 -0.973562 0.109896
-0.019078 0.707861 0.206037 -0.428485 0.698726 0.572873
-0.024776 0.701425 0.206037 -0.672872 0.369411 0.640920
0.000000 0.717698 0.191543 -0.000000 0.928098 0.372337
-0.017844 0.666709 0.166854 -0.188875 -0.960599 0.203900
0.000000 0.657538 0.099333 -0.000000 -0.998137 0.061010
0.000000 0.660131 0.133713 0.000000 -0.992554 0.121802
-0.024776 0.687922 0.206037 -0.674808 -0.367835 0.639790
-0.026126 0.676443 0.191543 -0.493024 -0.769913 0.405168
-0.016148 0.700294 0.213654 -0.467680 0.325515 0.821776
-0.010294 0.710334 0.206037 -0.138545 0.852901 0.503353
-0.014055 0.704828 0.212229 -0.285566 0.625478 0.726106
0.000000 0.665230 0.166853 0.000000 -0.976484 0.215592
-0.017342 0.694673 0.214015 -0.570922 -0.000006 0.821004
-0.013941 0.672628 0.191542 -0.172216 -0.922853 0.344505
-0.019074 0.681487 0.206037 -0.428611 -0.697783 0.573927
-0.007760 0.706193 0.212274 -0.077911 0.701998 0.707904
-0.008336 0.700195 0.216409 -0.159282 0.377311 0.912286
0.000000 0.711021 0.206037 -0.000000 0.849175 0.528112
-0.016148 0.689053 0.213654 -0.467673 -0.325614 0.821741
-0.008913 0.694673 0.217539 -0.267710 -0.000012 0.963499
0.000000 0.671574 0.191543 0.000000 -0.931381 0.364045
0.000000 0.706401 0.212342 0.000000 0.708899 0.705309
0.000000 0.700279 0.216876 -0.000000 0.475410 0.879764
-0.008336 0.689156 0.216410 -0.159290 -0.377294 0.912292
0.000000 0.694673 0.218241 -0.000014 0.000005 1.000000
-0.010294 0.679006 0.206037 -0.138623 -0.851742 0.505291
-0.014055 0.684520 0.212229 -0.285685 -0.625278 0.726231
0.000000 0.689068 0.216876 -0.000067 -0.475454 0.879741
-0.007760 0.683155 0.212274 -0.077885 -0.701716 0.708187
0.000000 0.678321 0.206037 0.000000 -0.848225 0.529636
0.000000 0.682947 0.212342 0.000000 -0.708709 0.705501
0.022143 0.660043 0.099301 0.196466 -0.978738 0.058936
0.020523 0.662392 0.133713 0.200249 -0.973562 0.109896
0.040502 0.668474 0.133713 0.498626 -0.854698 0.144441
0.043627 0.666235 0.099273 0.467294 -0.880556 0.079102
0.034435 0.671747 0.166853 0.511847 -0.819740 0.256978
0.017844 0.666709 0.166854 0.188875 -0.960599 0.203900
0.044859 0.682813 0.166854 0.818077 -0.477194 0.320994
0.053449 0.680421 0.133713 0.828428 -0.520847 0.205975
0.059363 0.678600 0.099273 0.807826 -0.574413 0.132161
0.033923 0.685532 0.191542 0.769212 -0.432353 0.470515
0.026126 0.676443 0.191543 0.493024 -0.769913 0.405168
0.013941 0.672628 0.191542 0.172216 -0.922853 0.344505
0.064811 0.694669 0.099273 0.985223 -0.048971 0.164126
0.047836 0.694540 0.166853 0.945917 0.013389 0.324132
0.057441 0.694584 0.133713 0.973349 -0.021364 0.228333
0.024776 0.687922 0.206037 0.674808 -0.367835 0.639790
0.036844 0.694651 0.191543 0.881697 0.006724 0.471767
0.026405 0.694674 0.206037 0.771889 -0.001358 0.635756
0.010294 0.679006 0.206037 0.138623 -0.851742 0.505291
0.053484 0.710132 0.133713 0.844343 0.481641 0.234749
0.060449 0.711878 0.099272 0.854592 0.493401 0.161950
0.019074 0.681487 0.206037 0.428611 -0.697783 0.573927
0.033923 0.704077 0.191542 0.771107 0.435834 0.464158
0.017342 0.694673 0.214015 0.570922 -0.000006 0.821004
0.024776 0.701425 0.206037 0.672872 0.369411 0.640920
0.007760 0.683155 0.212274 0.077846 -0.701790 0.708118
0.043854 0.707165 0.166853 0.812672 0.478185 0.333021
0.016148 0.689053 0.213654 0.467720 -0.325596 0.821721
0.014055 0.684520 0.212229 0.285730 -0.625334 0.726165
0.026130 0.712858 0.191543 0.495425 0.766480 0.408733
0.016148 0.700294 0.213654 0.467680 0.325515 0.821776
0.019078 0.707861 0.206037 0.428485 0.698726 0.572873
0.041249 0.723144 0.133713 0.527524 0.824892 0.203155
0.045863 0.726404 0.099272 0.530941 0.838405 0.123201
0.008336 0.689152 0.216410 0.159289 -0.377356 0.912266
0.034094 0.717548 0.166853 0.524876 0.801391 0.286840
0.008913 0.694673 0.217539 0.267727 0.000038 0.963495
0.013941 0.716646 0.191542 0.170543 0.917710 0.358781
0.014055 0.704828 0.212229 0.285566 0.625478 0.726106
0.010294 0.710334 0.206037 0.138545 0.852901 0.503353
0.021274 0.729774 0.133713 0.215216 0.960993 0.173709
0.023538 0.734158 0.099272 0.219671 0.969600 0.107800
0.017845 0.723486 0.166853 0.204290 0.947320 0.246681
0.008336 0.700195 0.216409 0.159282 0.377311 0.912286
0.007760 0.706193 0.212274 0.077911 0.701998 0.707904
0.128451 0.693318 -0.016345 0.911790 -0.151777 0.381578
0.129930 0.715970 -0.016227 0.922818 0.045267 0.382567
0.114539 0.715965 0.013193 0.837893 0.014027 0.545654
0.138321 0.716047 -0.045981 0.976255 0.023302 0.215366
0.112581 0.694640 0.013502 0.803443 -0.161167 0.573153
0.136379 0.692086 -0.046370 0.966813 -0.183394 0.177876
0.108188 0.676322 0.011580 0.769257 -0.357157 0.529794
0.123116 0.673620 -0.017351 0.861992 -0.366186 0.350538
0.113785 0.738207 0.010331 0.830252 0.190792 0.523717
0.127319 0.739252 -0.017961 0.915000 0.205210 0.347366
0.088302 0.677504 0.036212 0.681949 -0.366428 0.632990
0.093492 0.715837 0.039554 0.726368 0.010369 0.687228
0.091443 0.695166 0.039649 0.735074 -0.162859 0.658136
0.130139 0.671273 -0.047004 0.903349 -0.396127 0.164449
0.108885 0.761682 0.005863 0.798875 0.349016 0.489885
0.135428 0.740221 -0.046466 0.958835 0.222633 0.176268
0.120155 0.764195 -0.020543 0.869358 0.367375 0.330534
0.085027 0.662858 0.027551 0.590370 -0.570030 0.571427
0.101702 0.660112 0.006793 0.661107 -0.572887 0.484497
0.093742 0.737579 0.036243 0.714188 0.201549 0.670309
0.113681 0.655843 -0.018980 0.759775 -0.580209 0.293429
0.119505 0.653282 -0.047516 0.792916 -0.596216 0.125742
0.100298 0.782947 0.000334 0.722254 0.534612 0.438793
0.090874 0.760525 0.029231 0.673512 0.350830 0.650615
0.086721 0.780371 0.020934 0.639940 0.494324 0.588320
0.081531 0.653201 0.019442 0.518734 -0.675421 0.524140
0.099226 0.641231 -0.019967 0.573259 -0.751411 0.326734
0.104238 0.636818 -0.047264 0.624074 -0.766995 0.149166
0.109049 0.787055 -0.023239 0.768602 0.559935 0.309394
0.127265 0.766404 -0.047140 0.892092 0.415276 0.178098
0.090557 0.647962 0.003442 0.524770 -0.723613 0.448331
0.114475 0.789864 -0.047976 0.775202 0.609838 0.164798
-0.128451 0.693318 -0.016345 -0.911790 -0.151777 0.381578
-0.114539 0.715965 0.013193 -0.837893 0.014027 0.545654
-0.129930 0.715970 -0.016227 -0.922818 0.045267 0.382567
-0.112581 0.694640 0.013502 -0.803443 -0.161167 0.573153
-0.138321 0.716047 -0.045981 -0.976255 0.023302 0.215366
-0.108188 0.676322 0.011580 -0.769257 -0.357157 0.529794
-0.136379 0.692086 -0.046370 -0.966813 -0.183394 0.177876
-0.123116 0.673620 -0.017351 -0.861992 -0.366186 0.350538
-0.113785 0.738207 0.010331 -0.830252 0.190792 0.523717
-0.093492 0.715837 0.039554 -0.726368 0.010369 0.687228
-0.093742 0.737579 0.036243 -0.714188 0.201549 0.670309
-0.127319 0.739252 -0.017961 -0.915000 0.205210 0.347366
-0.135428 0.740221 -0.046466 -0.958835 0.222633 0.176268
-0.101702 0.660112 0.006793 -0.661107 -0.572887 0.484497
-0.088302 0.677504 0.036212 -0.681949 -0.366427 0.632990
-0.085027 0.662858 0.027551 -0.590370 -0.570030 0.571427
-0.091443 0.695166 0.039649 -0.735074 -0.162859 0.658136
-0.130139 0.671273 -0.047004 -0.903349 -0.396127 0.164449
-0.120155 0.764195 -0.020543 -0.869358 0.367375 0.330534
-0.127265 0.766404 -0.047140 -0.892092 0.415276 0.178098
-0.090874 0.760525 0.029231 -0.673512 0.350830 0.650615
-0.108885 0.761682 0.005863 -0.798875 0.349016 0.489885
-0.081531 0.653201 0.019442 -0.518734 -0.675421 0.524140
-0.113681 0.655843 -0.018980 -0.759775 -0.580209 0.293429
-0.090557 0.647962 0.003442 -0.524770 -0.723613 0.448331
-0.099226 0.641231 -0.019967 -0.573259 -0.751411 0.326734
-0.109049 0.787055 -0.023239 -0.768602 0.559935 0.309394
-0.114475 0.789864 -0.047976 -0.775202 0.609838 0.164798
-0.086721 0.780371 0.020934 -0.639940 0.494324 0.588320
-0.100298 0.782947 0.000334 -0.722254 0.534612 0.438793
-0.104238 0.636818 -0.047264 -0.624075 -0.766995 0.149166
-0.119505 0.653282 -0.047516 -0.792916 -0.596216 0.125742
