-0.022981 0.149937 0.207281 -0.705134 0.606946 0.366610
-0.025609 0.114295 0.193508 -0.842473 -0.400661 0.360151
-0.023645 0.132558 0.202679 -0.959251 -0.037492 0.280056
-0.022346 0.133441 0.207248 -0.959251 -0.037492 0.280056
-0.018448 0.136092 0.220954 -0.743869 0.066349 0.665024
-0.022134 0.127943 0.207237 -0.959251 -0.037492 0.280056
-0.021258 0.139823 0.211828 -0.959251 -0.037492 0.280056
-0.024736 0.133857 0.198605 -0.974205 -0.015174 0.225155
-0.025617 0.137339 0.195025 -0.974205 -0.015174 0.225154
-0.028262 0.147785 0.184286 -0.792489 0.607404 0.054977
-0.025620 0.145020 0.195531 -0.974205 -0.015174 0.225155
-0.026496 0.133140 0.190940 -0.974205 -0.015174 0.225155
0.000088 0.161763 0.180089 -0.000002 0.999633 0.027100
-0.015075 0.154237 0.184976 -0.440124 0.897775 0.017060
-0.017052 0.153162 0.190552 -0.440123 0.897775 0.017059
-0.022765 0.150295 0.194040 -0.440123 0.897775 0.017059
-0.013315 0.154954 0.192641 -0.440124 0.897775 0.017059
-0.012512 0.155349 0.178505 -0.447810 0.892612 -0.052056
-0.009362 0.156500 0.171140 -0.447810 0.892612 -0.052056
0.000087 0.159952 0.149044 -0.000038 0.999621 -0.027519
-0.003062 0.159405 0.166758 -0.447810 0.892612 -0.052056
-0.012512 0.154746 0.168157 -0.447810 0.892612 -0.052056
0.028438 0.147785 0.184286 0.792487 0.607406 0.054974
0.012688 0.154746 0.168157 0.447813 0.892609 -0.052084
0.009538 0.156500 0.171140 0.447812 0.892609 -0.052084
0.003238 0.159405 0.166758 0.447813 0.892609 -0.052084
0.012688 0.155349 0.178505 0.447813 0.892609 -0.052084
0.000004 0.087180 0.168821 0.175054 -0.864694 0.470808
0.033599 0.104983 0.161657 0.822898 -0.386123 0.416831
0.017800 0.098105 0.168380 0.495755 -0.793245 0.353538
0.019796 0.102153 0.174662 0.495755 -0.793245 0.353538
0.025785 0.114295 0.193508 0.831651 -0.420830 0.362295
0.026393 0.107144 0.176609 0.495755 -0.793245 0.353538
0.015195 0.101209 0.178997 0.495755 -0.793245 0.353537
0.020071 0.095691 0.161641 0.484319 -0.706002 0.516716
0.026610 0.094911 0.154446 0.484319 -0.706002 0.516716
0.046228 0.092571 0.132861 0.773195 -0.467853 0.428117
0.024281 0.091554 0.152043 0.484320 -0.706002 0.516717
0.035479 0.097488 0.149655 0.484319 -0.706002 0.516716
0.000004 0.071191 0.142225 -0.178935 -0.863487 0.471564
0.020548 0.082470 0.141018 0.447776 -0.766324 0.460700
0.015412 0.083647 0.147969 0.447776 -0.766324 0.460699
0.020548 0.087799 0.149884 0.447776 -0.766325 0.460699
0.005140 0.080673 0.153005 0.447776 -0.766324 0.460699
0.020548 0.078344 0.133231 0.450461 -0.802944 0.390342
0.015413 0.071271 0.124608 0.450461 -0.802944 0.390342
0.000007 0.050052 0.098738 0.191000 -0.935565 0.297047
0.005141 0.064171 0.121857 0.450461 -0.802944 0.390341
0.020549 0.071298 0.118736 0.450461 -0.802944 0.390341
-0.054877 0.078832 0.089563 -0.294571 -0.908543 0.296272
-0.024386 0.065192 0.099492 -0.478340 -0.789819 0.383897
-0.018289 0.066692 0.110175 -0.478340 -0.789819 0.383897
-0.006093 0.062645 0.117046 -0.478340 -0.789819 0.383897
-0.024387 0.072238 0.113988 -0.478340 -0.789819 0.383897
-0.024386 0.061218 0.087170 -0.480505 -0.857052 0.185950
-0.018288 0.054770 0.073209 -0.480505 -0.857052 0.185950
0.000007 0.035426 0.031326 -0.239735 -0.963887 -0.115971
-0.024386 0.056343 0.064699 -0.480505 -0.857052 0.185950
-0.006091 0.046749 0.067758 -0.480505 -0.857052 0.185950
-0.051922 0.071997 0.033098 0.558422 -0.827129 -0.063422
-0.029171 0.056503 0.038584 -0.572852 -0.816759 0.068888
-0.035597 0.062085 0.051329 -0.572852 -0.816759 0.068888
-0.030156 0.058781 0.057406 -0.572852 -0.816759 0.068888
-0.047465 0.070971 0.057997 -0.572852 -0.816759 0.068888
-0.027228 0.060108 0.021954 -0.537431 -0.743876 -0.397262
-0.029769 0.072900 0.001437 -0.537430 -0.743876 -0.397262
-0.037391 0.111277 -0.060112 -0.726071 -0.619728 -0.297923
-0.039694 0.085391 -0.008526 -0.537430 -0.743876 -0.397262
-0.022384 0.073201 -0.009116 -0.537430 -0.743876 -0.397263
-0.046581 0.095002 -0.006412 0.970948 0.125005 0.204045
-0.050429 0.101731 0.007778 0.970948 0.125005 0.204045
-0.061974 0.121918 0.050347 0.428128 -0.902547 -0.045990
-0.049931 0.111642 -0.000662 0.970948 0.125005 0.204045
-0.054775 0.098549 0.030408 0.970948 0.125005 0.204045
-0.049599 0.119543 -0.009038 -0.952342 -0.239522 -0.188873
-0.049433 0.125435 -0.017350 -0.952342 -0.239523 -0.188873
-0.048933 0.143110 -0.042284 -0.571142 0.773650 -0.274341
-0.053447 0.130154 -0.003096 -0.952343 -0.239522 -0.188873
-0.045252 0.126607 -0.039915 -0.952343 -0.239522 -0.188873
0.000087 0.105631 0.210246 0.173932 -0.887116 0.427520
0.011503 0.108129 0.199733 0.495540 -0.795332 0.349123
0.008637 0.104461 0.195444 0.495540 -0.795332 0.349123
0.000040 0.093456 0.182577 -0.114283 -0.906582 0.406262
0.002921 0.101183 0.196089 0.495540 -0.795332 0.349123
0.011487 0.104071 0.190510 0.495540 -0.795332 0.349123
-0.011354 0.104071 0.190510 -0.496104 -0.794416 0.350404
-0.008494 0.104461 0.195444 -0.496104 -0.794416 0.350404
-0.002789 0.101183 0.196089 -0.496104 -0.794416 0.350404
-0.011339 0.108129 0.199733 -0.496104 -0.794416 0.350404
-0.015097 0.103999 0.185111 -0.493320 -0.793783 0.355731
-0.019721 0.104245 0.179247 -0.493320 -0.793783 0.355730
-0.033593 0.104983 0.161657 -0.719754 -0.547446 0.426915
-0.026308 0.107841 0.178137 -0.493320 -0.793783 0.355730
-0.017758 0.100895 0.174494 -0.493320 -0.793783 0.355730
-0.033990 0.138887 0.151294 -0.869554 0.427581 0.247083
-0.032882 0.121086 0.160590 -0.972224 0.057929 0.226768
-0.031064 0.119388 0.168820 -0.972224 0.057929 0.226768
-0.030089 0.112889 0.174662 -0.972224 0.057929 0.226769
-0.030221 0.124190 0.171207 -0.972224 0.057929 0.226769
-0.035172 0.118672 0.153852 -0.926434 0.100078 0.362910
-0.037932 0.112147 0.148604 -0.926434 0.100078 0.362910
-0.046214 0.092571 0.132861 -0.862578 -0.304536 0.404002
-0.039379 0.114535 0.144253 -0.926434 0.100078 0.362910
-0.039246 0.103234 0.147707 -0.926434 0.100078 0.362910
-0.056718 0.094944 0.047038 0.981791 0.187793 0.028648
-0.056258 0.090916 0.057669 0.981791 0.187793 0.028648
-0.057703 0.097222 0.065860 0.981791 0.187793 0.028648
-0.054352 0.080582 0.060110 0.981791 0.187793 0.028648
0.049296 0.128339 0.112354 0.620667 -0.322734 0.714573
0.048554 0.106941 0.118936 0.981726 0.024024 0.188776
0.050138 0.099914 0.111593 0.981726 0.024024 0.188776
0.054890 0.078832 0.089563 -0.016867 -0.956832 0.290152
0.050419 0.090439 0.111339 0.981726 0.024024 0.188776
0.051441 0.102362 0.104503 0.981726 0.024024 0.188776
0.029535 0.067567 0.098452 0.480208 -0.803810 0.351127
0.033708 0.073818 0.107054 0.480208 -0.803810 0.351127
0.044942 0.081740 0.109826 0.480208 -0.803810 0.351127
0.026648 0.072147 0.112884 0.480208 -0.803810 0.351127
0.030169 0.065281 0.087367 0.473507 -0.877021 0.081399
0.035611 0.066960 0.073800 0.473507 -0.877021 0.081399
0.051937 0.071997 0.033098 0.113826 -0.990928 -0.071452
0.029185 0.063003 0.068545 0.473507 -0.877021 0.081399
0.047479 0.072596 0.065487 0.473507 -0.877021 0.081399
0.023087 0.053305 0.039604 0.562869 -0.807753 0.175253
0.017317 0.052492 0.054387 0.562869 -0.807753 0.175254
0.023087 0.058180 0.062074 0.562869 -0.807753 0.175254
0.005777 0.045990 0.061484 0.562869 -0.807753 0.175254
0.023087 0.056451 0.020535 0.553231 -0.770198 -0.317380
0.017317 0.061930 -0.002820 0.553231 -0.770198 -0.317380
0.000007 0.078368 -0.072883 0.104922 -0.895374 -0.432778
0.005777 0.058575 -0.014792 0.553231 -0.770198 -0.317380
0.023087 0.070765 -0.014202 0.553231 -0.770198 -0.317380
-0.016614 0.088223 -0.055628 -0.686338 -0.672428 -0.277091
-0.012459 0.075024 -0.033890 -0.686338 -0.672428 -0.277091
-0.004148 0.062939 -0.025149 -0.686338 -0.672428 -0.277091
-0.016614 0.073909 -0.020892 -0.686338 -0.672429 -0.277092
-0.020320 0.098741 -0.070929 -0.684872 -0.652168 -0.325004
-0.023576 0.106577 -0.079791 -0.684871 -0.652168 -0.325004
-0.033345 0.130085 -0.106379 -0.952805 0.048065 -0.299755
-0.031437 0.115980 -0.082094 -0.684872 -0.652168 -0.325004
-0.018971 0.105010 -0.086351 -0.684872 -0.652168 -0.325004
-0.040723 0.133784 -0.072752 -0.952664 -0.243355 -0.182236
-0.039890 0.128157 -0.069592 -0.952664 -0.243356 -0.182236
-0.036875 0.123173 -0.078694 -0.952664 -0.243356 -0.182236
-0.042071 0.127515 -0.057329 -0.952664 -0.243356 -0.182236
-0.036567 0.139022 -0.069838 -0.249600 0.935315 -0.250772
-0.027424 0.143872 -0.060852 -0.249600 0.935314 -0.250772
0.000007 0.158420 -0.033893 0.000001 0.990702 -0.136048
-0.025450 0.148467 -0.045676 -0.249600 0.935314 -0.250772
-0.020254 0.144126 -0.067041 -0.249600 0.935314 -0.250772
0.000001 0.164066 0.090047 0.000089 0.999913 0.013222
-0.005433 0.159228 0.020259 -0.291472 0.955588 -0.043545
-0.016308 0.155199 0.004623 -0.291472 0.955588 -0.043545
-0.021745 0.152243 -0.023851 -0.291472 0.955588 -0.043545
-0.021747 0.154125 0.017462 -0.291472 0.955588 -0.043545
0.005442 0.159228 0.020259 0.291472 0.955589 -0.043517
0.016319 0.155199 0.004623 0.291472 0.955589 -0.043517
0.048948 0.143110 -0.042284 0.151534 0.966035 -0.209319
0.021756 0.154125 0.017462 0.291471 0.955589 -0.043517
0.021758 0.152243 -0.023851 0.291472 0.955589 -0.043517
0.000078 0.147905 0.225352 -0.000058 0.670721 0.741710
0.023156 0.149937 0.207281 0.705074 0.606828 0.366919
0.010336 0.149955 0.215649 0.347642 0.772867 0.530869
0.007774 0.152024 0.214315 0.347642 0.772867 0.530869
0.000087 0.158231 0.210313 -0.000015 0.936223 0.351407
0.010339 0.153397 0.210636 0.347642 0.772866 0.530870
0.002646 0.152720 0.216660 0.347643 0.772866 0.530869
0.012394 0.147496 0.216832 0.497109 0.521500 0.693484
0.013947 0.144645 0.217862 0.497108 0.521501 0.693484
0.018606 0.136092 0.220954 0.746201 0.075550 0.661419
0.010877 0.142881 0.221389 0.497109 0.521500 0.693484
0.018570 0.143558 0.215366 0.497108 0.521500 0.693484
-0.028325 0.148728 0.128504 -0.403720 0.791637 0.458609
-0.012549 0.154587 0.137433 -0.272291 0.951486 -0.143288
-0.009410 0.155082 0.134751 -0.272292 0.951486 -0.143288
0.000007 0.156565 0.126705 -0.000198 0.993642 0.112584
-0.003105 0.157200 0.136833 -0.272292 0.951486 -0.143288
-0.012576 0.153458 0.129987 -0.272292 0.951486 -0.143287
-0.016327 0.152623 0.140165 -0.499684 0.833519 0.235716
-0.020743 0.149189 0.142947 -0.499684 0.833519 0.235715
-0.027686 0.145601 0.140915 -0.499683 0.833519 0.235715
-0.018215 0.149343 0.147762 -0.499684 0.833519 0.235715
-0.030513 0.140109 0.170648 -0.983517 -0.028756 0.178512
-0.029287 0.133656 0.176363 -0.983517 -0.028756 0.178512
-0.029629 0.128946 0.173722 -0.983517 -0.028756 0.178512
-0.027719 0.131912 0.184719 -0.983517 -0.028756 0.178512
-0.027658 0.145182 0.165707 -0.527437 0.838853 -0.134668
-0.020722 0.148875 0.161541 -0.527436 0.838854 -0.134668
-0.016299 0.152204 0.164957 -0.527436 0.838854 -0.134667
-0.018208 0.149238 0.153960 -0.527436 0.838854 -0.134668
0.000247 0.127965 0.250672 0.002200 0.866495 0.499182
-0.000102 0.107478 0.270748 0.003955 -0.501889 0.864923
0.001058 0.117907 0.259144 0.713670 0.484032 0.506348
0.003029 0.118278 0.256011 0.713671 0.484031 0.506347
0.008942 0.119391 0.246613 0.933417 -0.320199 0.161878
0.003956 0.115049 0.257791 0.713671 0.484031 0.506348
0.004073 0.121878 0.251099 0.713670 0.484032 0.506348
-0.000912 0.117907 0.259144 -0.703358 0.503595 0.501678
-0.002881 0.118278 0.256011 -0.703359 0.503594 0.501677
-0.008787 0.119391 0.246613 -0.966862 -0.109395 0.230674
-0.003807 0.121878 0.251099 -0.703358 0.503594 0.501677
-0.003923 0.115049 0.257791 -0.703358 0.503594 0.501677
-0.014529 0.124110 0.218838 -0.875503 -0.266926 0.402796
-0.010335 0.122441 0.234720 -0.723567 0.640088 0.258337
-0.007690 0.123822 0.238708 -0.723567 0.640088 0.258337
-0.005410 0.123726 0.245331 -0.723567 0.640088 0.258337
-0.007324 0.125299 0.236073 -0.723567 0.640088 0.258337
-0.010363 0.120593 0.234059 -0.674352 -0.738277 0.013977
-0.007772 0.118277 0.236725 -0.674352 -0.738278 0.013976
-0.000001 0.111330 0.244724 -0.149175 -0.984130 -0.096100
-0.007434 0.117906 0.233429 -0.674352 -0.738278 0.013976
-0.005520 0.116333 0.242687 -0.674352 -0.738278 0.013977
0.015100 0.124110 0.218838 0.845095 -0.274284 0.458894
0.010713 0.122441 0.234720 0.736997 0.620162 0.268766
0.008096 0.123822 0.238708 0.736997 0.620161 0.268766
0.007814 0.125299 0.236073 0.736997 0.620161 0.268766
0.005762 0.123726 0.245331 0.736997 0.620161 0.268766
0.000074 0.134455 0.234085 -0.003284 0.422662 0.906281
0.001820 0.130421 0.239763 0.708536 0.659638 0.250706
0.005140 0.128843 0.234532 0.708537 0.659637 0.250707
0.006829 0.126973 0.234681 0.708537 0.659637 0.250707
0.006771 0.129136 0.229152 0.708536 0.659638 0.250706
-0.001472 0.130421 0.239763 -0.723272 0.640497 0.258150
-0.004736 0.128843 0.234532 -0.723273 0.640496 0.258151
-0.006397 0.129136 0.229152 -0.723272 0.640497 0.258150
-0.006339 0.126973 0.234681 -0.723273 0.640496 0.258151
0.023819 0.132558 0.202679 0.959004 -0.037794 0.280861
0.022516 0.133441 0.207248 0.959004 -0.037794 0.280860
0.021426 0.139823 0.211828 0.959004 -0.037794 0.280860
0.022302 0.127943 0.207237 0.959004 -0.037794 0.280860
0.000948 0.110514 0.256500 0.677975 -0.727539 -0.105057
0.002946 0.112733 0.254028 0.677976 -0.727538 -0.105057
0.003962 0.114485 0.248455 0.677976 -0.727538 -0.105057
0.003929 0.113201 0.257130 0.677976 -0.727538 -0.105057
-0.001022 0.110514 0.256500 -0.684658 -0.720619 -0.109321
-0.002963 0.112733 0.254028 -0.684659 -0.720619 -0.109321
-0.003951 0.113201 0.257130 -0.684659 -0.720618 -0.109321
-0.003917 0.114485 0.248455 -0.684659 -0.720618 -0.109322
0.000078 0.113083 0.228253 0.041922 -0.976316 0.212250
-0.002772 0.109906 0.216389 -0.488941 -0.806109 0.333355
-0.008481 0.111003 0.210669 -0.488941 -0.806109 0.333355
-0.011337 0.112794 0.210810 -0.488941 -0.806109 0.333355
-0.011334 0.110310 0.204808 -0.488940 -0.806109 0.333355
-0.026635 0.081542 0.132212 -0.450775 -0.820875 0.350664
-0.033696 0.080865 0.121550 -0.450775 -0.820875 0.350665
-0.044929 0.084089 0.114658 -0.450775 -0.820875 0.350664
-0.029523 0.076963 0.117779 -0.450775 -0.820875 0.350665
-0.024270 0.084448 0.140222 -0.443949 -0.735611 0.511650
-0.026601 0.089582 0.145581 -0.443949 -0.735611 0.511650
-0.020063 0.088585 0.149821 -0.443949 -0.735611 0.511650
-0.035469 0.095712 0.146700 -0.443949 -0.735611 0.511650
-0.014928 0.093316 0.162682 -0.491263 -0.746497 0.448779
-0.011195 0.087785 0.157568 -0.491263 -0.746497 0.448779
-0.014928 0.087986 0.153817 -0.491262 -0.746497 0.448780
-0.003729 0.082052 0.156205 -0.491263 -0.746497 0.448780
-0.014924 0.095790 0.167165 -0.495575 -0.789718 0.361596
-0.011183 0.095206 0.171018 -0.495575 -0.789718 0.361596
-0.003713 0.091947 0.174139 -0.495575 -0.789718 0.361596
-0.014912 0.097882 0.171751 -0.495574 -0.789718 0.361595
0.011478 0.102020 0.185907 0.489362 -0.793890 0.360921
0.008610 0.098310 0.181635 0.489363 -0.793890 0.360921
0.002885 0.092982 0.177678 0.489362 -0.793889 0.360921
0.011466 0.099928 0.181321 0.489362 -0.793889 0.360922
0.000007 0.128578 -0.174186 0.000002 -0.996991 -0.077513
-0.086296 0.114800 -0.237595 -0.957471 -0.223860 -0.182034
-0.038350 0.123564 -0.213097 0.228215 -0.968443 -0.100182
-0.028761 0.127315 -0.227510 0.228215 -0.968443 -0.100182
0.000007 0.138567 -0.270748 -0.000002 -0.077701 -0.996977
-0.038350 0.126894 -0.245284 0.228215 -0.968443 -0.100182
-0.009582 0.131487 -0.224148 0.228215 -0.968443 -0.100182
0.086311 0.114800 -0.237595 0.957472 -0.223860 -0.182027
0.000007 0.144945 -0.174186 0.000001 0.999787 -0.020632
0.044270 0.129197 -0.200296 0.356698 0.933284 0.041802
0.046493 0.127847 -0.189108 0.356698 0.933284 0.041802
0.053160 0.123795 -0.155542 0.897013 -0.213220 0.387176
0.033220 0.132196 -0.172945 0.356698 0.933284 0.041803
0.061988 0.122147 -0.194082 0.356699 0.933284 0.041803
0.033358 0.130085 -0.106379 0.835746 0.378017 -0.398285
0.038453 0.128941 -0.135763 0.361577 0.931968 0.026399
0.028842 0.132942 -0.145369 0.361578 0.931968 0.026400
0.027336 0.133894 -0.158366 0.361577 0.931968 0.026400
0.020736 0.135991 -0.141978 0.361578 0.931968 0.026399
0.037404 0.111277 -0.060112 0.299921 -0.875437 -0.379022
0.022398 0.092286 -0.055431 0.681576 -0.630222 -0.371853
0.029783 0.087214 -0.033299 0.681576 -0.630222 -0.371853
0.039708 0.090163 -0.020104 0.681576 -0.630222 -0.371853
0.027242 0.079193 -0.024361 0.681576 -0.630222 -0.371853
-0.010718 0.142881 0.221389 -0.497257 0.521762 0.693180
-0.013784 0.144645 0.217862 -0.497257 0.521763 0.693181
-0.012229 0.147496 0.216832 -0.497257 0.521762 0.693181
-0.018404 0.143558 0.215366 -0.497257 0.521762 0.693181
-0.010166 0.153397 0.210636 -0.347684 0.773047 0.530579
-0.007605 0.152024 0.214315 -0.347684 0.773048 0.530578
-0.010169 0.149955 0.215649 -0.347684 0.773048 0.530577
-0.002480 0.152720 0.216660 -0.347685 0.773048 0.530578
-0.010165 0.154937 0.205607 -0.348962 0.930804 0.108763
-0.007602 0.156644 0.199228 -0.348962 0.930804 0.108762
-0.002476 0.158879 0.196543 -0.348962 0.930804 0.108763
-0.010165 0.156115 0.195533 -0.348963 0.930804 0.108762
0.010340 0.156115 0.195533 0.348951 0.930806 0.108786
0.007777 0.156644 0.199228 0.348951 0.930806 0.108786
0.002651 0.158879 0.196543 0.348950 0.930806 0.108786
0.010340 0.154937 0.205607 0.348951 0.930806 0.108786
0.013490 0.154954 0.192641 0.440122 0.897776 0.017077
0.017227 0.153162 0.190552 0.440121 0.897776 0.017078
0.022940 0.150295 0.194040 0.440121 0.897776 0.017077
0.015251 0.154237 0.184976 0.440121 0.897776 0.017078
0.026672 0.133140 0.190940 0.974196 -0.015163 0.225194
0.025793 0.137339 0.195025 0.974196 -0.015163 0.225194
0.025796 0.145020 0.195531 0.974196 -0.015163 0.225194
0.024911 0.133857 0.198605 0.974196 -0.015163 0.225194
0.055291 0.018301 0.011424 0.610225 0.774655 -0.165940
0.049458 0.010172 0.011916 -0.796371 -0.222258 0.562489
0.053272 0.013224 0.012666 -0.461457 0.379650 0.801825
0.055068 0.011198 0.014659 -0.461457 0.379650 0.801825
0.060456 0.005121 0.020637 0.275416 0.386991 0.879991
0.054994 0.008830 0.015737 -0.461457 0.379650 0.801825
0.056938 0.011540 0.015573 -0.461457 0.379650 0.801825
0.058813 0.002985 0.021294 -0.102961 -0.414660 0.904133
0.058504 0.004733 0.019960 -0.370266 0.521298 0.768864
0.056242 0.006093 0.017949 -0.783955 -0.386491 0.485838
0.055385 0.007129 0.016834 -0.370266 0.521298 0.768864
0.040096 0.023080 0.022866 0.215185 0.923389 0.317881
0.031009 0.006322 -0.007769 0.436784 -0.765936 0.471765
0.034839 0.014308 0.005936 0.804398 0.387320 -0.450474
0.033411 0.013523 0.002711 0.804397 0.387321 -0.450475
0.029127 0.011168 -0.006963 0.020783 0.689116 0.724353
0.031182 0.010338 -0.004007 0.804397 0.387321 -0.450475
0.034211 0.015924 0.006205 0.804397 0.387322 -0.450475
0.022334 0.000093 -0.030421 0.566123 -0.255368 -0.783768
0.021991 0.009957 -0.026010 -0.128158 0.898625 -0.419583
0.022565 0.005224 -0.027894 0.561681 0.353944 -0.747822
0.023369 0.005623 -0.027250 0.458466 0.376030 -0.805239
0.025781 0.006818 -0.025318 0.976683 -0.211804 0.035068
0.023714 0.007466 -0.026193 0.458465 0.376030 -0.805239
0.023828 0.004178 -0.027663 0.458465 0.376031 -0.805239
0.027318 0.043627 -0.043938 0.000071 -0.122347 -0.992487
0.035563 0.043968 -0.034665 0.997965 0.000266 -0.063762
0.030982 0.043118 -0.039311 0.676209 -0.448095 -0.584767
0.030066 0.041760 -0.039329 0.676209 -0.448095 -0.584767
0.027318 0.037684 -0.039384 -0.131781 -0.603589 -0.786330
0.030982 0.041137 -0.037793 0.676209 -0.448095 -0.584767
0.028234 0.041024 -0.040884 0.676209 -0.448095 -0.584767
0.030982 0.044633 -0.039420 0.708135 0.297044 -0.640554
0.030066 0.046305 -0.039658 0.708135 0.297043 -0.640555
0.027318 0.051319 -0.040371 -0.175857 0.260694 -0.949270
0.028234 0.047084 -0.041322 0.708135 0.297043 -0.640554
0.030982 0.047197 -0.038231 0.708135 0.297043 -0.640555
0.027318 0.090267 -0.033973 0.268638 0.158133 -0.950172
0.032532 0.069690 -0.032924 0.653156 0.127471 -0.746417
0.034716 0.074834 -0.030135 0.653156 0.127471 -0.746417
0.041268 0.090267 -0.021766 0.890691 -0.237874 0.387409
0.034434 0.085123 -0.028625 0.653156 0.127471 -0.746417
0.037182 0.069690 -0.028855 0.653156 0.127471 -0.746417
0.030982 0.065362 -0.034991 0.637494 0.124889 -0.760266
0.030066 0.061851 -0.036336 0.637494 0.124889 -0.760266
0.030982 0.052379 -0.037124 0.637494 0.124889 -0.760266
0.028234 0.067812 -0.036893 0.637494 0.124889 -0.760266
-0.032617 0.007601 -0.007215 -0.017375 -0.706525 0.707475
-0.056594 0.017508 0.013400 0.208789 0.759389 0.616227
-0.045290 0.012201 0.004190 0.680810 0.457593 0.571933
-0.046659 0.011493 0.006386 0.680809 0.457593 0.571933
-0.050767 0.009371 0.012974 0.515591 -0.753977 0.407044
-0.051340 0.012791 0.010920 0.680809 0.457593 0.571933
-0.043348 0.009488 0.004048 0.680810 0.457592 0.571933
-0.027181 0.043627 -0.043938 0.000035 -0.122348 -0.992487
-0.018936 0.043968 -0.034665 0.990275 0.090939 0.105285
-0.023517 0.043118 -0.039311 0.676209 -0.448095 -0.584767
-0.024433 0.041760 -0.039329 0.676209 -0.448095 -0.584767
-0.027181 0.037684 -0.039384 0.105129 -0.627295 -0.771653
-0.023517 0.041137 -0.037793 0.676209 -0.448095 -0.584767
-0.026265 0.041024 -0.040884 0.676209 -0.448095 -0.584767
-0.023517 0.044633 -0.039420 0.708135 0.297044 -0.640554
-0.024433 0.046305 -0.039658 0.708135 0.297043 -0.640555
-0.027181 0.051319 -0.040371 -0.175881 0.260687 -0.949267
-0.026265 0.047084 -0.041322 0.708135 0.297043 -0.640554
-0.023517 0.047197 -0.038231 0.708135 0.297043 -0.640555
-0.035427 0.043968 -0.034665 -0.978007 0.008979 0.208376
-0.027181 0.090267 -0.009557 -0.185160 -0.384375 0.904418
-0.032396 0.069690 -0.022073 -0.632337 -0.279252 0.722612
-0.034580 0.074834 -0.021996 -0.632337 -0.279252 0.722612
-0.041133 0.090267 -0.021766 -0.926747 -0.011937 -0.375497
-0.034298 0.085123 -0.017773 -0.632337 -0.279252 0.722612
-0.037047 0.069690 -0.026142 -0.632337 -0.279252 0.722612
-0.030846 0.065315 -0.022655 -0.453334 -0.361174 0.814887
-0.029930 0.061710 -0.023743 -0.453334 -0.361174 0.814887
-0.027181 0.050896 -0.027007 0.171899 -0.236226 0.956372
-0.030846 0.052191 -0.028472 -0.453334 -0.361174 0.814887
-0.028097 0.067624 -0.020102 -0.453334 -0.361174 0.814888
-0.041638 0.160707 0.092603 -0.561392 0.810178 0.168674
-0.048824 0.153447 0.047605 -0.504306 0.860958 -0.066536
-0.047709 0.153168 0.067750 -0.857868 0.510965 0.054559
-0.052666 0.145349 0.063041 -0.857868 0.510965 0.054559
-0.067535 0.121893 0.048914 -0.992258 0.119172 -0.034955
-0.056342 0.140230 0.053187 -0.857868 0.510965 0.054559
-0.053946 0.142650 0.068186 -0.857868 0.510965 0.054558
-0.050793 0.143172 -0.038449 -0.843725 0.527822 -0.097631
-0.058015 0.134856 0.009941 -0.860166 0.508362 -0.041018
-0.055717 0.139504 0.019357 -0.860166 0.508362 -0.041018
-0.057359 0.138281 0.038625 -0.860166 0.508362 -0.041018
-0.051778 0.145374 0.009504 -0.860166 0.508362 -0.041018
-0.056745 0.128853 -0.002028 -0.956926 -0.180554 -0.227360
-0.051906 0.121495 -0.016549 -0.956926 -0.180554 -0.227360
-0.037391 0.099421 -0.060112 -0.562050 -0.720407 -0.406342
-0.046697 0.121363 -0.038370 -0.956926 -0.180554 -0.227360
-0.052277 0.114270 -0.009249 -0.956926 -0.180554 -0.227360
-0.033345 0.149333 -0.172144 -0.906733 -0.071111 -0.415667
-0.037082 0.126465 -0.107497 -0.964110 -0.227832 -0.136321
-0.040510 0.130642 -0.090235 -0.964111 -0.227832 -0.136321
-0.042898 0.124412 -0.062932 -0.964111 -0.227832 -0.136321
-0.041549 0.141049 -0.100276 -0.964110 -0.227832 -0.136321
-0.058161 0.130271 0.110967 -0.905172 0.272710 0.326025
-0.046214 0.083731 0.131550 -0.927420 -0.076118 0.366193
-0.050635 0.108252 0.124214 -0.881951 -0.018097 0.470993
-0.047530 0.110753 0.130124 -0.881951 -0.018097 0.470993
-0.038215 0.118258 0.147855 -0.873788 0.037929 0.484825
-0.043986 0.104247 0.136510 -0.881951 -0.018097 0.470993
-0.047969 0.119761 0.129649 -0.881951 -0.018097 0.470993
-0.052486 0.103210 0.118165 -0.957664 -0.132890 0.255382
-0.053084 0.095629 0.111979 -0.957664 -0.132890 0.255382
-0.054877 0.072884 0.093420 -0.976323 -0.168689 0.135416
-0.055374 0.099595 0.105455 -0.957664 -0.132890 0.255382
-0.051392 0.084081 0.112316 -0.957664 -0.132890 0.255382
-0.060868 0.101042 0.075589 -0.981020 -0.105822 0.162484
-0.060191 0.108349 0.084434 -0.981020 -0.105822 0.162484
-0.057743 0.103835 0.096274 -0.981020 -0.105822 0.162485
-0.061962 0.120171 0.081438 -0.981020 -0.105822 0.162485
-0.060174 0.093848 0.066937 -0.964694 -0.262935 -0.015168
-0.058111 0.086766 0.058477 -0.964694 -0.262934 -0.015168
-0.051922 0.065522 0.033098 -0.964939 -0.233773 -0.119345
-0.059189 0.091394 0.046830 -0.964694 -0.262934 -0.015168
-0.054970 0.075057 0.061665 -0.964694 -0.262934 -0.015168
-0.047199 0.086852 -0.006571 -0.953890 -0.201876 -0.222126
-0.052283 0.095612 0.007300 -0.953890 -0.201876 -0.222126
-0.057247 0.094342 0.029771 -0.953890 -0.201876 -0.222126
-0.052403 0.105642 -0.001299 -0.953890 -0.201876 -0.222126
-0.018858 0.167152 -0.155866 0.634395 0.758778 -0.147644
-0.034661 0.154514 -0.105489 -0.743659 0.665254 -0.066395
-0.034332 0.153219 -0.122153 -0.743659 0.665254 -0.066395
-0.028845 0.156568 -0.150054 -0.743659 0.665254 -0.066395
-0.039490 0.148575 -0.110915 -0.743659 0.665254 -0.066395
-0.051859 0.142867 0.095910 -0.861021 0.504787 0.061917
-0.055778 0.137624 0.084161 -0.861021 0.504787 0.061916
-0.054984 0.140075 0.075226 -0.861021 0.504786 0.061917
-0.060491 0.129929 0.081347 -0.861021 0.504787 0.061916
0.054890 0.072884 0.093420 0.976777 -0.165212 0.136424
0.051937 0.065522 0.033098 0.964998 -0.233540 -0.119319
0.054983 0.075057 0.061665 0.964759 -0.262696 -0.015168
0.058121 0.086766 0.058477 0.964760 -0.262696 -0.015168
0.067535 0.121893 0.048914 0.991886 0.122562 -0.033764
0.059198 0.091394 0.046830 0.964760 -0.262696 -0.015168
0.060182 0.093848 0.066937 0.964760 -0.262696 -0.015168
0.057845 0.130271 0.110967 0.905924 0.273637 0.323149
0.038229 0.118258 0.147855 0.877249 0.037154 0.478596
0.047836 0.119761 0.129649 0.884832 -0.014916 0.465671
0.047434 0.110753 0.130124 0.884832 -0.014916 0.465671
0.046228 0.083731 0.131550 0.929166 -0.071534 0.362674
0.043964 0.104247 0.136510 0.884832 -0.014916 0.465671
0.050502 0.108252 0.124214 0.884832 -0.014916 0.465671
0.046496 0.125889 0.131842 0.867090 0.089115 0.490115
0.043413 0.129139 0.136705 0.867090 0.089115 0.490116
0.034165 0.138887 0.151294 0.871117 0.425996 0.244298
0.045141 0.132766 0.132989 0.867090 0.089115 0.490115
0.038602 0.128761 0.145285 0.867090 0.089115 0.490116
0.041321 0.160707 0.092603 0.560706 0.810835 0.167796
0.018538 0.162161 0.090658 0.107323 0.987190 0.118062
0.029749 0.160026 0.095726 0.032448 0.944752 0.326177
0.029387 0.157210 0.103918 0.032448 0.944751 0.326178
0.028303 0.148763 0.128493 0.440432 0.828824 0.345066
0.025409 0.156045 0.107690 0.032447 0.944752 0.326178
0.033004 0.155560 0.108338 0.032448 0.944751 0.326178
0.031994 0.160547 0.086739 0.075496 0.986242 -0.147061
0.036123 0.158772 0.076955 0.075497 0.986242 -0.147061
0.048509 0.153447 0.047605 0.502388 0.862105 -0.066190
0.041984 0.157642 0.072388 0.075496 0.986242 -0.147061
0.034390 0.158127 0.071739 0.075496 0.986242 -0.147061
0.055241 0.099595 0.105455 0.958839 -0.127024 0.253955
0.052988 0.095629 0.111979 0.958839 -0.127024 0.253954
0.052354 0.103210 0.118165 0.958839 -0.127024 0.253955
0.051369 0.084081 0.112316 0.958839 -0.127024 0.253955
0.057608 0.103835 0.096274 0.980741 -0.101520 0.166856
0.060090 0.108349 0.084434 0.980741 -0.101520 0.166856
0.060838 0.101042 0.075589 0.980741 -0.101520 0.166856
0.061823 0.120171 0.081438 0.980741 -0.101520 0.166856
0.042084 0.139447 0.123237 0.597720 0.780238 0.184280
0.040104 0.139307 0.130251 0.597721 0.780237 0.184281
0.034191 0.142319 0.136679 0.668472 0.729630 0.144171
0.044038 0.136155 0.130837 0.597721 0.780237 0.184281
0.042879 0.141871 0.116716 0.649461 0.619035 0.441584
0.042490 0.146580 0.110688 0.649461 0.619035 0.441584
0.047219 0.145853 0.104753 0.649461 0.619035 0.441583
0.037371 0.152017 0.110595 0.649461 0.619035 0.441584
0.054808 0.140075 0.075226 0.859723 0.506495 0.065868
0.055567 0.137624 0.084161 0.859723 0.506495 0.065868
0.051578 0.142867 0.095910 0.859723 0.506495 0.065868
0.060316 0.129929 0.081347 0.859724 0.506495 0.065868
0.053770 0.142650 0.068186 0.854193 0.517248 0.052996
0.052455 0.145349 0.063041 0.854193 0.517248 0.052996
0.056166 0.140230 0.053187 0.854193 0.517248 0.052996
0.047428 0.153168 0.067750 0.854193 0.517248 0.052996
0.050716 0.143172 -0.038449 0.842578 0.529787 -0.096896
0.051604 0.145374 0.009504 0.856426 0.514757 -0.039498
0.055587 0.139504 0.019357 0.856426 0.514757 -0.039498
0.057210 0.138281 0.038625 0.856426 0.514757 -0.039499
0.057946 0.134856 0.009941 0.856426 0.514757 -0.039498
0.037404 0.099421 -0.060112 0.985883 -0.099995 -0.134299
0.033358 0.149333 -0.172144 0.995316 0.023652 -0.093734
0.034078 0.127575 -0.106637 0.974502 0.215927 0.061005
0.031473 0.133970 -0.087656 0.974502 0.215927 0.061005
0.023657 0.153156 -0.030711 0.396924 0.917610 -0.021073
0.029496 0.145486 -0.096837 0.974502 0.215928 0.061005
0.030845 0.128849 -0.059493 0.974502 0.215927 0.061005
0.078242 0.131360 0.111982 0.073937 -0.783438 0.617056
0.061990 0.121918 0.050347 -0.428121 -0.902549 -0.046006
0.078474 0.127036 0.083749 0.000157 -0.988475 0.151385
0.095190 0.127830 0.088917 0.000157 -0.988475 0.151385
0.145338 0.130213 0.104423 0.066259 -0.803517 0.591582
0.100839 0.126654 0.081229 0.000158 -0.988475 0.151385
0.106257 0.129801 0.101774 0.000157 -0.988475 0.151385
0.095812 0.140977 -0.062420 0.157958 0.041843 -0.986559
0.114066 0.134075 0.024262 0.171355 -0.978592 -0.114000
0.101047 0.131036 0.030783 0.171355 -0.978592 -0.114000
0.102792 0.127722 0.061851 0.171355 -0.978592 -0.114000
0.086283 0.131310 0.006237 0.171355 -0.978592 -0.114000
0.126098 0.135108 0.030271 0.039865 -0.996302 -0.076111
0.137143 0.134134 0.048809 0.039865 -0.996302 -0.076111
0.170280 0.131211 0.104423 0.040637 -0.931284 0.362021
0.134412 0.135441 0.030271 0.039865 -0.996302 -0.076111
0.150920 0.131853 0.085885 0.039864 -0.996302 -0.076111
0.221700 0.141980 -0.060325 0.301803 -0.009905 -0.953319
0.184859 0.137082 0.012664 0.008991 -0.998009 -0.062430
0.162597 0.138056 -0.006107 0.008991 -0.998009 -0.062430
0.142896 0.136748 0.011965 0.008990 -0.998009 -0.062430
0.160036 0.140338 -0.042951 0.008991 -0.998009 -0.062430
-0.221700 0.141980 -0.060325 -0.301802 -0.009905 -0.953319
-0.249391 0.152500 0.103019 -0.027956 0.962512 0.269796
-0.228294 0.148226 0.030578 -0.044223 0.996447 -0.071672
-0.213790 0.150197 0.049039 -0.044223 0.996447 -0.071672
-0.170280 0.156112 0.104423 -0.030105 0.915956 0.400147
-0.211154 0.152936 0.085494 -0.044223 0.996447 -0.071672
-0.201923 0.149430 0.031046 -0.044224 0.996447 -0.071672
-0.249391 0.144255 0.111263 -0.033311 0.051761 0.998104
-0.214231 0.150441 0.107307 -0.044788 0.706355 0.706439
-0.223021 0.150956 0.106235 -0.044788 0.706354 0.706440
-0.214231 0.153189 0.104559 -0.044788 0.706353 0.706441
-0.240601 0.149237 0.106839 -0.044787 0.706354 0.706440
-0.205440 0.149867 0.108489 -0.049007 0.723939 0.688122
-0.196650 0.149233 0.109782 -0.049007 0.723938 0.688123
-0.170280 0.147332 0.113660 -0.018585 0.144460 0.989336
-0.205440 0.146940 0.111568 -0.049007 0.723938 0.688122
-0.179070 0.150892 0.109288 -0.049007 0.723938 0.688122
0.249391 0.152500 0.103019 0.032350 0.935875 0.350843
0.249391 0.144255 0.111263 0.011659 -0.000256 0.999932
0.277236 0.147787 0.107792 -0.001544 0.707063 0.707149
0.332927 0.146605 0.109095 -0.001544 0.707063 0.707149
0.500000 0.143061 0.113004 0.043568 -0.000607 0.999050
0.360773 0.144640 0.111121 -0.001544 0.707063 0.707149
0.360773 0.147389 0.108373 -0.001544 0.707062 0.707149
-0.170280 0.131211 0.104423 -0.032314 -0.854895 0.517793
-0.095805 0.140977 -0.062420 -0.157942 0.041833 -0.986562
-0.134409 0.135441 0.030271 -0.039865 -0.996302 -0.076112
-0.137141 0.134134 0.048809 -0.039865 -0.996302 -0.076112
-0.145338 0.130213 0.104423 -0.074733 -0.914052 0.398653
-0.126095 0.135108 0.030271 -0.039864 -0.996302 -0.076112
-0.150920 0.131853 0.085885 -0.039864 -0.996302 -0.076112
0.337087 0.142638 -0.047963 0.419536 -0.011545 -0.907665
0.316212 0.147068 0.037025 0.039290 0.998328 -0.042389
0.362159 0.146066 0.056020 0.039290 0.998328 -0.042389
0.370517 0.147209 0.090681 0.039290 0.998328 -0.042389
0.399749 0.143922 0.040354 0.039290 0.998328 -0.042389
0.065746 0.148680 0.119805 0.097165 0.318313 0.942993
0.145338 0.157047 0.104423 0.020942 0.909798 0.414522
0.102262 0.153372 0.110471 -0.030626 0.936000 0.350666
0.095702 0.154388 0.107186 -0.030626 0.936000 0.350666
0.076023 0.157436 0.097331 0.023508 0.996265 0.083092
0.105688 0.156290 0.102980 -0.030626 0.936000 0.350666
0.079157 0.153501 0.108107 -0.030626 0.936000 0.350666
0.109964 0.152231 0.112293 0.068478 0.683914 0.726342
0.118807 0.150965 0.112651 0.068478 0.683913 0.726342
0.145338 0.147169 0.113724 0.039883 0.126240 0.991198
0.109964 0.148938 0.115393 0.068478 0.683914 0.726342
0.136494 0.151727 0.110266 0.068478 0.683914 0.726342
0.136494 0.139801 0.110266 0.057759 -0.480131 0.875293
0.118807 0.142021 0.112651 0.057759 -0.480131 0.875293
0.109964 0.145957 0.115393 0.057759 -0.480131 0.875293
0.109964 0.140305 0.112293 0.057759 -0.480131 0.875293
0.148109 0.139651 0.109583 0.005392 -0.480927 0.876744
0.153652 0.141571 0.110602 0.005393 -0.480927 0.876744
0.170280 0.147332 0.113660 0.029737 0.106805 0.993835
0.156423 0.139705 0.109562 0.005393 -0.480927 0.876744
0.156423 0.145357 0.112662 0.005393 -0.480927 0.876744
0.167509 0.138265 0.108528 0.019888 -0.497055 0.867491
0.161966 0.136252 0.107502 0.019889 -0.497055 0.867491
0.159195 0.137932 0.108528 0.019889 -0.497055 0.867491
0.159195 0.132559 0.105449 0.019888 -0.497054 0.867491
0.179070 0.138909 0.108372 0.045503 -0.496638 0.866764
0.196650 0.138184 0.107034 0.045503 -0.496638 0.866764
0.249391 0.136009 0.103019 0.024185 -0.914310 0.404293
0.205440 0.135135 0.104825 0.045503 -0.496638 0.866764
0.205440 0.140508 0.107904 0.045503 -0.496638 0.866764
0.080143 0.138930 0.114619 0.098994 -0.349414 0.931724
0.096442 0.136751 0.112070 0.098994 -0.349413 0.931724
0.106674 0.132775 0.109492 0.098994 -0.349414 0.931724
0.102509 0.138548 0.112099 0.098995 -0.349413 0.931725
-0.145338 0.147169 0.113724 -0.047348 0.046369 0.997802
-0.078238 0.131360 0.111982 -0.102534 -0.688252 0.718190
-0.106673 0.140309 0.113626 -0.063802 -0.372808 0.925712
-0.096444 0.142398 0.115172 -0.063802 -0.372809 0.925712
-0.065757 0.148664 0.119811 -0.107030 0.489822 0.865228
-0.080146 0.140807 0.115655 -0.063803 -0.372808 0.925712
-0.102513 0.146077 0.116236 -0.063802 -0.372809 0.925712
-0.115516 0.138259 0.111916 -0.090179 -0.478976 0.873184
-0.122971 0.136247 0.110043 -0.090179 -0.478974 0.873185
-0.137882 0.137876 0.109397 -0.090179 -0.478975 0.873184
-0.115516 0.132607 0.108816 -0.090179 -0.478974 0.873185
-0.156423 0.132541 0.105456 -0.019240 -0.480845 0.876594
-0.153652 0.136198 0.107523 -0.019240 -0.480845 0.876594
-0.148109 0.137860 0.108557 -0.019240 -0.480845 0.876594
-0.156423 0.138193 0.108557 -0.019240 -0.480845 0.876594
-0.159195 0.151162 0.109583 0.002969 0.724806 0.688947
-0.161966 0.150204 0.110602 0.002969 0.724807 0.688946
-0.167509 0.151216 0.109562 0.002969 0.724806 0.688947
-0.159195 0.148235 0.112662 0.002969 0.724806 0.688947
-0.156423 0.152241 0.108557 -0.025690 0.685296 0.727811
-0.153652 0.153443 0.107523 -0.025690 0.685296 0.727811
-0.145338 0.157047 0.104423 -0.025429 0.936885 0.348712
-0.148109 0.152553 0.108557 -0.025690 0.685297 0.727811
-0.156423 0.155534 0.105456 -0.025690 0.685297 0.727811
-0.109969 0.152224 0.112296 -0.068405 0.683917 0.726346
-0.118811 0.150960 0.112653 -0.068405 0.683918 0.726345
-0.136496 0.151725 0.110267 -0.068405 0.683917 0.726346
-0.109969 0.148931 0.115396 -0.068405 0.683917 0.726346
-0.102267 0.153364 0.110474 0.030677 0.935814 0.351158
-0.095706 0.154382 0.107188 0.030677 0.935814 0.351158
-0.076023 0.157436 0.097331 -0.037072 0.990924 0.129211
-0.079162 0.153494 0.108110 0.030677 0.935814 0.351158
-0.105689 0.156288 0.102981 0.030677 0.935814 0.351158
0.214231 0.144706 0.111412 -0.006072 -0.707009 0.707179
0.223021 0.142532 0.109314 -0.006072 -0.707008 0.707180
0.214231 0.141958 0.108664 -0.006072 -0.707007 0.707181
0.240601 0.140932 0.107865 -0.006072 -0.707008 0.707180
-0.500000 0.143061 0.113004 -0.043568 -0.000607 0.999050
-0.360773 0.144640 0.111121 0.001544 0.707063 0.707149
-0.332927 0.146605 0.109095 0.001544 0.707063 0.707149
-0.277236 0.147787 0.107792 0.001544 0.707063 0.707149
-0.360773 0.147389 0.108373 0.001544 0.707062 0.707149
-0.014648 0.130585 0.221473 -0.566669 -0.319467 0.759492
-0.010968 0.131552 0.224626 -0.566669 -0.319467 0.759491
-0.008474 0.130039 0.225850 -0.566670 -0.319466 0.759491
-0.009781 0.134033 0.226555 -0.566669 -0.319468 0.759491
-0.017502 0.128345 0.216964 -0.801894 -0.348039 0.485629
-0.019529 0.124832 0.211100 -0.801893 -0.348039 0.485629
-0.021195 0.125073 0.208521 -0.801893 -0.348040 0.485629
-0.019889 0.121079 0.207815 -0.801894 -0.348039 0.485629
0.016474 0.152204 0.164957 0.527425 0.838858 -0.134686
0.020897 0.148875 0.161541 0.527425 0.838858 -0.134687
0.027833 0.145182 0.165707 0.527425 0.838858 -0.134687
0.018383 0.149238 0.153960 0.527425 0.838858 -0.134687
0.029804 0.128946 0.173722 0.983522 -0.028764 0.178485
0.029463 0.133656 0.176363 0.983522 -0.028764 0.178485
0.030689 0.140109 0.170648 0.983522 -0.028764 0.178485
0.027895 0.131912 0.184719 0.983522 -0.028764 0.178485
0.030378 0.124190 0.171207 0.973299 0.052082 0.223553
0.031183 0.119388 0.168820 0.973299 0.052082 0.223553
0.030189 0.112889 0.174662 0.973299 0.052082 0.223553
0.032982 0.121086 0.160590 0.973299 0.052082 0.223553
0.014989 0.130585 0.221473 0.568815 -0.301568 0.765184
0.011260 0.131552 0.224626 0.568815 -0.301568 0.765184
0.009980 0.134033 0.226555 0.568815 -0.301569 0.765183
0.008811 0.130039 0.225850 0.568816 -0.301567 0.765183
0.017845 0.128345 0.216964 0.820508 -0.323334 0.471403
0.019830 0.124832 0.211100 0.820508 -0.323334 0.471403
0.020238 0.121079 0.207815 0.820509 -0.323333 0.471403
0.021407 0.125073 0.208521 0.820508 -0.323334 0.471404
0.013176 0.111535 0.203762 0.548758 -0.675089 0.493071
0.013657 0.114679 0.207531 0.548758 -0.675089 0.493071
0.018181 0.117695 0.206626 0.548758 -0.675090 0.493071
0.009615 0.114807 0.212205 0.548758 -0.675089 0.493070
-0.049283 0.128339 0.112354 -0.760573 -0.318493 0.565766
-0.046220 0.113614 0.125795 -0.934868 0.112773 0.336605
-0.043162 0.119932 0.132170 -0.934869 0.112773 0.336605
-0.041122 0.117130 0.138775 -0.934868 0.112773 0.336606
-0.042145 0.129053 0.131939 -0.934868 0.112773 0.336606
-0.048541 0.106941 0.118936 -0.981722 0.024012 0.188802
-0.050125 0.099914 0.111593 -0.981722 0.024012 0.188802
-0.051428 0.102362 0.104503 -0.981722 0.024012 0.188802
-0.050405 0.090439 0.111339 -0.981722 0.024012 0.188802
-0.053179 0.105622 0.095335 0.979899 -0.019316 -0.198556
-0.055378 0.109696 0.084088 0.979899 -0.019316 -0.198556
-0.057410 0.103482 0.074666 0.979899 -0.019316 -0.198556
-0.055545 0.119984 0.082263 0.979899 -0.019316 -0.198556
0.027773 0.145617 0.140910 0.500206 0.834063 0.232665
0.020852 0.149201 0.142944 0.500206 0.834063 0.232665
0.016414 0.152639 0.140160 0.500207 0.834062 0.232665
0.018368 0.149347 0.147761 0.500207 0.834063 0.232664
0.037255 0.138663 0.130714 0.733089 0.672328 0.102739
0.040239 0.135296 0.131454 0.733089 0.672329 0.102739
0.038285 0.138588 0.123854 0.733089 0.672328 0.102739
0.046251 0.113614 0.125795 0.936126 0.111015 0.333681
0.043230 0.119932 0.132170 0.936126 0.111015 0.333681
0.042230 0.129053 0.131939 0.936126 0.111014 0.333681
0.041208 0.117130 0.138775 0.936126 0.111015 0.333681
0.029994 0.153906 0.031505 0.105351 0.987480 -0.117410
0.022496 0.156446 0.046140 0.105351 0.987480 -0.117410
0.023815 0.154541 0.031301 0.105351 0.987480 -0.117410
0.013678 0.160891 0.075615 0.105351 0.987480 -0.117410
0.008311 0.136677 0.227279 0.479381 0.477819 0.736127
0.006253 0.139484 0.226797 0.479381 0.477819 0.736127
0.008312 0.141160 0.224368 0.479381 0.477819 0.736127
0.002135 0.140615 0.228745 0.479381 0.477819 0.736127
0.055559 0.119984 0.082263 -0.979890 -0.019293 -0.198604
0.055392 0.109696 0.084088 -0.979890 -0.019293 -0.198604
0.057424 0.103482 0.074666 -0.979890 -0.019293 -0.198604
0.053193 0.105622 0.095335 -0.979890 -0.019293 -0.198604
0.054366 0.080582 0.060110 -0.981786 0.187825 0.028609
0.056272 0.090916 0.057669 -0.981786 0.187825 0.028609
0.057717 0.097222 0.065860 -0.981786 0.187825 0.028609
0.056733 0.094944 0.047038 -0.981786 0.187825 0.028609
0.014642 0.153719 0.123494 0.240265 0.932881 0.268338
0.015616 0.155830 0.115285 0.240266 0.932881 0.268338
0.020819 0.155585 0.111479 0.240266 0.932881 0.268337
0.011387 0.158185 0.110883 0.240265 0.932882 0.268337
0.012592 0.153474 0.129982 0.271509 0.951416 -0.145224
0.009466 0.155093 0.134747 0.271509 0.951416 -0.145225
0.003187 0.157203 0.136832 0.271509 0.951416 -0.145225
0.012619 0.154603 0.137428 0.271508 0.951416 -0.145225
-0.040157 0.135292 0.131455 -0.734402 0.670248 0.106868
-0.037199 0.138651 0.130717 -0.734402 0.670248 0.106868
-0.033171 0.142089 0.136838 -0.667794 0.729296 0.148923
-0.038269 0.138573 0.123858 -0.734402 0.670248 0.106868
-0.001580 0.113529 0.234527 -0.562376 -0.821950 -0.090177
-0.004817 0.116174 0.230605 -0.562376 -0.821950 -0.090177
-0.006449 0.117205 0.231389 -0.562376 -0.821950 -0.090177
-0.006423 0.117789 0.225899 -0.562376 -0.821950 -0.090177
0.001028 0.113005 0.237613 0.676321 -0.732804 -0.074748
0.003006 0.114601 0.239863 0.676321 -0.732805 -0.074748
0.004009 0.115692 0.238243 0.676320 -0.732805 -0.074748
0.003982 0.115107 0.243733 0.676321 -0.732805 -0.074748
0.010694 0.120787 0.232229 0.588992 -0.808111 -0.006713
0.008040 0.118861 0.231235 0.588992 -0.808111 -0.006713
0.005687 0.117112 0.235367 0.588992 -0.808111 -0.006713
0.007739 0.118685 0.226109 0.588992 -0.808111 -0.006713
0.002063 0.160521 0.106407 0.093661 0.975397 0.199572
0.006182 0.160931 0.102470 0.093661 0.975397 0.199572
0.008242 0.159886 0.106611 0.093661 0.975397 0.199572
0.008240 0.162386 0.094392 0.093661 0.975397 0.199572
-0.002061 0.160521 0.106407 -0.093415 0.975413 0.199606
-0.006192 0.160931 0.102470 -0.093415 0.975413 0.199606
-0.018585 0.162161 0.090658 -0.111487 0.990046 0.085902
-0.008259 0.162386 0.094392 -0.093415 0.975413 0.199606
-0.008257 0.159886 0.106611 -0.093415 0.975413 0.199606
-0.030008 0.153906 0.031505 -0.105079 0.987495 -0.117524
-0.022506 0.156446 0.046140 -0.105078 0.987495 -0.117524
-0.013697 0.160891 0.075615 -0.105079 0.987495 -0.117524
-0.023813 0.154541 0.031301 -0.105079 0.987495 -0.117524
0.001751 0.110996 0.219204 0.676281 -0.680541 0.281972
0.005088 0.114275 0.219112 0.676281 -0.680541 0.281973
0.006758 0.114672 0.216065 0.676281 -0.680541 0.281972
0.006755 0.117156 0.222068 0.676281 -0.680541 0.281972
-0.017830 0.118523 0.208626 -0.703397 -0.502733 0.502486
-0.013353 0.117163 0.213533 -0.703398 -0.502732 0.502486
-0.012961 0.114847 0.211765 -0.703398 -0.502731 0.502486
-0.009268 0.118119 0.220208 -0.703398 -0.502733 0.502485
0.018985 0.105010 -0.086351 0.684881 -0.652159 -0.325002
0.023590 0.106577 -0.079791 0.684881 -0.652159 -0.325002
0.031451 0.115980 -0.082094 0.684881 -0.652159 -0.325002
0.020334 0.098741 -0.070929 0.684881 -0.652159 -0.325002
0.014830 0.106932 -0.099026 0.686212 -0.651740 -0.323030
0.011124 0.112344 -0.117816 0.686212 -0.651740 -0.323030
0.003713 0.106430 -0.121628 0.686212 -0.651740 -0.323030
0.014830 0.123669 -0.132794 0.686212 -0.651740 -0.323030
-0.014816 0.123669 -0.132794 -0.686201 -0.651749 -0.323034
-0.011110 0.112344 -0.117816 -0.686201 -0.651749 -0.323034
-0.003699 0.106430 -0.121628 -0.686201 -0.651749 -0.323034
-0.014816 0.106932 -0.099026 -0.686201 -0.651749 -0.323034
-0.044256 0.121923 -0.200296 0.111564 -0.991717 0.063644
-0.046478 0.122391 -0.189108 0.111564 -0.991717 0.063644
-0.053146 0.123795 -0.155542 -0.897018 -0.213221 0.387164
-0.033206 0.124921 -0.172945 0.111564 -0.991717 0.063644
-0.061973 0.120329 -0.194082 0.111564 -0.991717 0.063644
-0.038440 0.127122 -0.135763 0.116980 -0.989944 0.079540
-0.028828 0.127486 -0.145369 0.116980 -0.989944 0.079540
-0.027322 0.126620 -0.158366 0.116980 -0.989944 0.079540
-0.020722 0.128716 -0.141978 0.116980 -0.989944 0.079540
0.038364 0.130839 -0.213097 0.287441 0.955716 -0.063126
0.028775 0.132771 -0.227510 0.287441 0.955716 -0.063126
0.038364 0.128713 -0.245284 0.287441 0.955716 -0.063126
0.009596 0.138761 -0.224148 0.287441 0.955716 -0.063126
0.035254 0.118672 0.153852 0.926129 0.096036 0.364776
0.037997 0.112147 0.148604 0.926129 0.096035 0.364776
0.039275 0.103234 0.147707 0.926129 0.096035 0.364776
0.039463 0.114535 0.144253 0.926130 0.096036 0.364776
-0.014651 0.153704 0.123499 -0.240870 0.932534 0.269002
-0.015634 0.155818 0.115289 -0.240870 0.932534 0.269002
-0.011404 0.158181 0.110884 -0.240870 0.932534 0.269002
-0.020848 0.155569 0.111484 -0.240871 0.932534 0.269002
0.027336 0.126620 -0.158366 -0.116980 -0.989944 0.079538
0.028842 0.127486 -0.145369 -0.116980 -0.989944 0.079538
0.038453 0.127122 -0.135763 -0.116980 -0.989944 0.079538
0.020736 0.128716 -0.141978 -0.116980 -0.989944 0.079538
0.033220 0.124921 -0.172945 -0.111564 -0.991717 0.063643
0.046493 0.122391 -0.189108 -0.111564 -0.991717 0.063643
0.044270 0.121923 -0.200296 -0.111564 -0.991717 0.063642
0.061988 0.120329 -0.194082 -0.111563 -0.991717 0.063643
0.038364 0.126894 -0.245284 -0.228213 -0.968443 -0.100182
0.028775 0.127315 -0.227510 -0.228213 -0.968443 -0.100182
0.038364 0.123564 -0.213097 -0.228213 -0.968443 -0.100182
0.009596 0.131487 -0.224148 -0.228213 -0.968443 -0.100182
-0.003699 0.149283 -0.104299 -0.537791 0.839216 -0.080606
-0.011110 0.144483 -0.104819 -0.537791 0.839216 -0.080606
-0.014816 0.139838 -0.128461 -0.537790 0.839216 -0.080606
-0.014816 0.144329 -0.081697 -0.537790 0.839216 -0.080606
0.003713 0.149283 -0.104299 0.537802 0.839209 -0.080605
0.011124 0.144483 -0.104819 0.537802 0.839209 -0.080605
0.014830 0.144329 -0.081697 0.537802 0.839209 -0.080605
0.014830 0.139838 -0.128461 0.537802 0.839209 -0.080605
0.036581 0.139022 -0.069838 0.249594 0.935315 -0.250778
0.027438 0.143872 -0.060852 0.249594 0.935314 -0.250779
0.020268 0.144126 -0.067041 0.249594 0.935314 -0.250778
0.025464 0.148467 -0.045676 0.249594 0.935314 -0.250779
0.042085 0.127515 -0.057329 -0.952649 0.243401 0.182253
0.039903 0.128157 -0.069592 -0.952649 0.243401 0.182253
0.040736 0.133784 -0.072752 -0.952649 0.243401 0.182253
0.036888 0.123173 -0.078694 -0.952649 0.243400 0.182253
0.049614 0.119543 -0.009038 0.952328 -0.239567 -0.188891
0.049447 0.125435 -0.017350 0.952328 -0.239567 -0.188891
0.045266 0.126607 -0.039915 0.952328 -0.239567 -0.188891
0.053462 0.130154 -0.003096 0.952328 -0.239567 -0.188891
0.054790 0.098549 0.030408 -0.970941 0.125015 0.204069
0.050444 0.101731 0.007778 -0.970941 0.125015 0.204069
0.049946 0.111642 -0.000662 -0.970941 0.125015 0.204069
0.046595 0.095002 -0.006412 -0.970941 0.125015 0.204069
-0.038350 0.130839 -0.213097 -0.287444 0.955715 -0.063126
-0.028761 0.132771 -0.227510 -0.287444 0.955715 -0.063126
-0.009582 0.138761 -0.224148 -0.287444 0.955715 -0.063126
-0.038350 0.128713 -0.245284 -0.287444 0.955715 -0.063126
-0.044256 0.129197 -0.200296 -0.356699 0.933284 0.041798
-0.046478 0.127847 -0.189108 -0.356700 0.933284 0.041799
-0.061973 0.122147 -0.194082 -0.356700 0.933284 0.041799
-0.033206 0.132196 -0.172945 -0.356699 0.933284 0.041799
-0.008156 0.141160 0.224368 -0.479495 0.477986 0.735944
-0.006099 0.139484 0.226797 -0.479496 0.477986 0.735944
-0.008158 0.136677 0.227279 -0.479495 0.477986 0.735944
-0.001982 0.140615 0.228745 -0.479495 0.477986 0.735944
-0.020722 0.135991 -0.141978 -0.361580 0.931967 0.026393
-0.028828 0.132942 -0.145369 -0.361580 0.931967 0.026393
-0.027322 0.133894 -0.158366 -0.361580 0.931968 0.026393
-0.038440 0.128941 -0.135763 -0.361579 0.931968 0.026393
0.024880 0.009403 -0.007316 -0.610574 0.615834 0.497944
0.027318 0.040849 -0.025316 0.089241 0.474387 0.875781
0.025318 0.027220 -0.018355 -0.599983 0.431961 0.673372
0.023756 0.031407 -0.022432 -0.599984 0.431961 0.673372
0.019071 0.043968 -0.034665 -0.976657 -0.038777 0.211275
0.023382 0.038741 -0.027471 -0.599983 0.431961 0.673372
0.022569 0.028259 -0.021471 -0.599984 0.431961 0.673371
0.026435 0.023575 -0.015277 -0.273781 0.493700 0.825412
0.027108 0.020473 -0.013198 -0.273781 0.493700 0.825411
0.027038 0.013681 -0.009159 -0.273782 0.493700 0.825411
0.027851 0.024163 -0.015159 0.243932 0.520745 0.818121
0.026731 0.006443 -0.006613 0.355214 -0.648750 0.673013
0.027590 0.008872 -0.006847 -0.141342 0.144221 0.979399
0.026913 0.009005 -0.006964 -0.141342 0.144221 0.979399
0.026973 0.009859 -0.007081 -0.141342 0.144221 0.979399
0.026175 0.008284 -0.006964 -0.141342 0.144221 0.979399
0.044033 0.015923 0.019493 0.706134 -0.687059 -0.171244
0.034896 0.010643 0.004861 0.056262 -0.949841 0.307632
0.033924 0.009563 0.001704 0.056263 -0.949841 0.307632
0.030555 0.007443 -0.004226 0.056263 -0.949841 0.307632
0.036322 0.010603 0.004476 0.056263 -0.949841 0.307632
0.035250 0.011741 0.008186 0.056249 -0.949839 0.307640
0.034987 0.012856 0.011678 0.056249 -0.949839 0.307640
0.034196 0.016202 0.022153 -0.973519 -0.082961 0.213022
0.037739 0.014994 0.017775 0.056249 -0.949839 0.307640
0.031971 0.011834 0.009073 0.056248 -0.949839 0.307640
0.056558 0.010993 0.008179 0.503714 -0.771697 -0.388272
0.053260 0.013518 0.007371 0.506989 0.421701 -0.751751
0.047931 0.011260 0.002511 0.506990 0.421701 -0.751751
0.031945 0.004485 -0.012071 0.604977 -0.636763 -0.478054
0.045478 0.008913 -0.000460 0.506989 0.421702 -0.751751
0.045056 0.011349 0.000621 0.506990 0.421700 -0.751751
0.056496 0.013321 0.010883 0.948408 0.250643 -0.194166
0.057640 0.010669 0.013047 0.948408 0.250643 -0.194166
0.061072 0.002712 0.019538 0.807561 -0.569192 -0.154486
0.058001 0.010561 0.014670 0.948408 0.250643 -0.194167
0.058423 0.008125 0.013588 0.636755 -0.480307 -0.603199
0.060156 0.005515 0.019125 0.949297 0.293792 -0.111901
0.058940 0.008711 0.017200 0.949297 0.293792 -0.111900
0.058434 0.009908 0.016054 0.949297 0.293792 -0.111900
0.023064 0.004737 -0.009673 -0.739011 -0.668444 0.083931
0.027003 0.005631 -0.008487 0.084053 -0.909739 0.406584
0.026935 0.005834 -0.008018 0.084097 -0.909796 0.406447
0.028225 0.006200 -0.007467 0.084097 -0.909796 0.406447
0.025577 0.005671 -0.008101 0.084097 -0.909796 0.406447
0.028673 0.005181 -0.009838 0.084008 -0.909681 0.406722
0.027894 0.004801 -0.010527 0.084008 -0.909681 0.406722
0.030542 0.005329 -0.009893 0.084008 -0.909681 0.406722
0.019577 0.006597 -0.023646 -0.861842 -0.505080 0.046063
0.025461 0.005452 -0.016949 -0.059735 -0.991328 -0.117052
0.024862 0.005273 -0.015130 -0.059735 -0.991328 -0.117052
0.026624 0.004832 -0.012291 -0.059735 -0.991328 -0.117052
0.022501 0.005536 -0.016150 -0.059735 -0.991328 -0.117052
0.025763 0.005683 -0.018687 -0.010371 -0.985604 -0.168754
0.025768 0.005967 -0.020345 -0.010371 -0.985604 -0.168754
0.023709 0.006461 -0.023103 -0.010371 -0.985604 -0.168754
0.027831 0.005757 -0.019245 -0.010370 -0.985604 -0.168754
0.019711 0.000000 -0.029713 -0.383022 -0.898605 0.214020
0.022394 0.003763 -0.027086 0.217737 -0.658329 0.720551
0.021690 0.004472 -0.026226 0.217656 -0.658293 0.720608
0.022349 0.005962 -0.025063 0.217656 -0.658293 0.720608
0.020326 0.003690 -0.026528 0.217656 -0.658293 0.720608
0.022609 0.002304 -0.028484 0.217819 -0.658364 0.720494
0.021551 0.000799 -0.029539 0.016198 -0.997345 -0.070998
0.023575 0.003072 -0.028074 0.217818 -0.658364 0.720494
0.050142 0.013676 0.009338 -0.676810 0.517346 0.523719
0.045677 0.012556 0.004675 -0.676810 0.517346 0.523719
0.032281 0.009194 -0.009316 0.539450 0.602219 0.588494
0.044416 0.013350 0.002261 -0.676810 0.517345 0.523719
0.042472 0.010641 0.002425 -0.676810 0.517346 0.523719
0.033624 0.008026 -0.006269 -0.655502 0.562027 0.504423
0.037583 0.008563 -0.001723 -0.655502 0.562027 0.504423
0.039350 0.008352 0.000808 -0.655503 0.562027 0.504423
0.039774 0.009310 0.000292 -0.655502 0.562027 0.504423
0.059794 0.003904 0.020807 0.584439 -0.208329 0.784239
0.060114 0.003606 0.020490 0.584439 -0.208328 0.784239
0.030738 0.009752 -0.008098 0.641854 0.123393 0.756834
0.030806 0.008895 -0.008016 0.641854 0.123393 0.756834
0.030314 0.008795 -0.007583 0.641854 0.123393 0.756834
0.031365 0.008137 -0.008367 0.641854 0.123393 0.756834
0.030328 0.013589 -0.010048 0.696075 0.407808 0.590908
0.029575 0.020404 -0.013865 0.696074 0.407808 0.590909
0.029725 0.023482 -0.016166 0.696074 0.407808 0.590909
0.031534 0.038718 -0.027693 0.598900 0.434059 0.672987
0.031721 0.031337 -0.023099 0.598900 0.434059 0.672987
0.030440 0.027127 -0.019244 0.598900 0.434059 0.672987
0.033188 0.028166 -0.022360 0.598900 0.434059 0.672987
0.030982 0.042745 -0.029647 0.688416 0.235986 0.685852
0.030066 0.043419 -0.028959 0.688417 0.235986 0.685852
0.027318 0.045441 -0.026896 0.000061 0.174830 0.984599
0.030982 0.044276 -0.030173 0.692152 0.126184 0.710635
0.028234 0.043236 -0.027057 0.688417 0.235986 0.685852
0.027318 0.050896 -0.027007 0.171918 -0.236224 0.956370
0.028234 0.047702 -0.027809 0.687108 0.014781 0.726404
0.030066 0.046768 -0.029523 0.687108 0.014781 0.726404
0.030982 0.047211 -0.030398 0.687109 0.014781 0.726404
0.025652 0.009524 -0.015659 0.013773 0.538583 -0.842460
0.026105 0.021508 -0.025538 -0.325291 -0.597945 -0.732563
0.025345 0.017315 -0.021572 -0.553228 -0.517349 -0.652908
0.024687 0.010525 -0.015635 -0.553228 -0.517349 -0.652908
0.025242 0.019912 -0.023543 -0.553230 -0.517348 -0.652907
0.028305 0.017231 -0.022371 -0.076276 -0.639795 -0.764751
0.029189 0.019800 -0.024609 -0.076276 -0.639795 -0.764751
0.028634 0.010413 -0.016700 -0.076276 -0.639795 -0.764751
0.033039 0.025722 -0.025148 0.668991 -0.414396 -0.617031
0.031609 0.028712 -0.028707 0.668991 -0.414396 -0.617031
0.030291 0.023627 -0.026721 0.668991 -0.414396 -0.617031
0.031497 0.036788 -0.034252 0.668991 -0.414396 -0.617031
0.033590 0.022556 -0.021807 0.996535 -0.081323 0.017464
0.033263 0.019216 -0.018684 0.996535 -0.081323 0.017464
0.033702 0.024126 -0.020888 0.996535 -0.081322 0.017465
0.032496 0.010965 -0.013357 0.996535 -0.081323 0.017465
0.042468 0.008194 -0.001159 -0.068019 -0.922793 0.379244
0.039837 0.007267 -0.003887 -0.068019 -0.922793 0.379244
0.034264 0.006025 -0.007909 -0.068019 -0.922793 0.379244
0.042780 0.007582 -0.002593 -0.068019 -0.922794 0.379243
0.044414 0.008826 0.001506 0.144587 -0.987809 0.057688
0.045675 0.009162 0.004109 0.144587 -0.987809 0.057687
0.050564 0.010109 0.008068 0.144587 -0.987809 0.057687
0.042047 0.008552 0.002752 0.144587 -0.987809 0.057687
0.055409 0.006948 0.014888 -0.183490 -0.827625 -0.530441
0.055696 0.007959 0.013211 -0.183490 -0.827625 -0.530442
0.053904 0.009708 0.011102 -0.183490 -0.827625 -0.530442
0.055659 0.006058 0.016346 -0.354640 -0.878677 -0.319620
0.058778 0.003662 0.019472 -0.354640 -0.878677 -0.319620
0.042470 0.012718 -0.000404 0.519219 0.403670 -0.753301
0.039839 0.010660 -0.003321 0.519219 0.403671 -0.753300
0.042358 0.011149 -0.001323 0.519218 0.403672 -0.753300
0.034688 0.008113 -0.008236 0.519219 0.403671 -0.753300
0.023180 0.036816 -0.033985 -0.675291 -0.443941 -0.588981
0.023151 0.028796 -0.027907 -0.675291 -0.443941 -0.588981
0.024511 0.023739 -0.025655 -0.675291 -0.443941 -0.588981
0.021762 0.025834 -0.024082 -0.675291 -0.443941 -0.588981
0.023653 0.041137 -0.037793 -0.676120 -0.448145 -0.584831
0.024569 0.041760 -0.039329 -0.676120 -0.448145 -0.584832
0.023653 0.043118 -0.039311 -0.676120 -0.448144 -0.584832
0.026402 0.041024 -0.040884 -0.676120 -0.448145 -0.584832
0.026402 0.047084 -0.041322 -0.708049 0.297080 -0.640633
0.024569 0.046305 -0.039658 -0.708049 0.297080 -0.640633
0.023653 0.044633 -0.039420 -0.708049 0.297080 -0.640633
0.023653 0.047197 -0.038231 -0.708049 0.297080 -0.640633
0.016258 0.012138 0.019070 -0.949615 -0.268581 -0.161540
0.019884 0.019306 0.020991 0.505551 0.809278 0.299145
0.018828 0.015020 0.016992 -0.809857 0.494326 -0.315871
0.020341 0.013616 0.010915 -0.809857 0.494326 -0.315871
0.021702 0.014108 0.008197 -0.809857 0.494326 -0.315871
0.020493 0.011719 0.007556 -0.809857 0.494326 -0.315871
0.018360 0.014670 0.021292 -0.840753 0.305512 0.446986
0.018937 0.012565 0.023816 -0.840753 0.305512 0.446986
0.020668 0.006252 0.031388 -0.371472 0.342165 0.863094
0.018621 0.010318 0.024758 -0.840753 0.305512 0.446986
0.019830 0.012708 0.025398 -0.840753 0.305512 0.446985
0.019290 0.003899 0.030827 -0.610885 -0.462008 0.642936
0.019566 0.005860 0.029770 -0.808560 0.363135 0.462994
0.018739 0.007430 0.027095 -0.840988 -0.520462 -0.147844
0.018555 0.008607 0.025851 -0.808560 0.363135 0.462994
0.023115 0.007633 -0.005432 -0.818638 0.478810 -0.317132
0.021401 0.008759 0.000694 -0.818638 0.478810 -0.317132
0.020241 0.008545 0.003364 -0.818639 0.478809 -0.317132
0.020846 0.010100 0.004149 -0.818638 0.478810 -0.317132
0.043129 0.005610 0.033296 0.522251 0.246238 0.816469
0.043662 0.010062 0.027048 0.846392 -0.386556 -0.366325
0.043825 0.008652 0.028354 0.846393 -0.386556 -0.366325
0.044313 0.004424 0.032274 0.641282 -0.618006 0.454782
0.043756 0.006229 0.031308 0.846392 -0.386557 -0.366325
0.043194 0.012135 0.026002 0.886780 0.340529 0.312506
0.042419 0.014871 0.025218 0.886781 0.340529 0.312506
0.042183 0.017958 0.022526 0.886780 0.340529 0.312506
0.041881 0.014520 0.027127 0.886780 0.340529 0.312507
0.036495 0.014837 0.008876 0.630922 0.586453 -0.507947
0.038379 0.015108 0.011530 0.630922 0.586453 -0.507947
0.040836 0.018037 0.017963 0.630922 0.586453 -0.507947
0.037807 0.012451 0.007751 0.630922 0.586453 -0.507947
0.023482 0.012489 0.005577 0.850929 0.524229 -0.033214
0.023832 0.011717 0.002354 0.850929 0.524229 -0.033215
0.025148 0.009188 -0.003858 0.850929 0.524230 -0.033215
0.022865 0.013475 0.005343 0.850928 0.524230 -0.033215
0.023435 0.012653 0.008465 0.878170 0.478322 -0.005065
0.023691 0.012210 0.011016 0.878170 0.478322 -0.005065
0.024459 0.010882 0.018671 0.666104 -0.739203 0.099423
0.022678 0.014133 0.016893 0.878170 0.478322 -0.005065
0.024960 0.009845 0.007691 0.878170 0.478321 -0.005065
0.022300 0.004022 0.031160 0.744728 -0.526207 0.410471
0.022991 0.008769 0.024479 0.812712 -0.558445 -0.166249
0.022214 0.011403 0.023607 0.859795 0.370036 0.351889
0.022186 0.013864 0.021090 0.859795 0.370036 0.351889
0.021466 0.011577 0.025253 0.859795 0.370036 0.351889
0.020237 0.004958 0.031113 -0.101242 -0.174237 0.979485
0.020753 0.004724 0.031125 -0.101241 -0.174238 0.979485
0.022096 0.024247 -0.019733 -0.907449 0.156134 0.390075
0.022338 0.019369 -0.017218 -0.907449 0.156134 0.390075
0.021491 0.022691 -0.020519 -0.907449 0.156134 0.390074
0.023427 0.011170 -0.011402 -0.907449 0.156134 0.390074
0.022928 0.008290 0.006118 -0.137510 -0.966589 0.216325
0.021260 0.009252 0.009356 -0.137510 -0.966589 0.216325
0.020659 0.010757 0.015699 -0.137510 -0.966589 0.216325
0.020194 0.008709 0.006251 -0.137510 -0.966589 0.216325
0.024091 0.007658 0.003264 0.279067 -0.941222 0.190323
0.024751 0.007354 0.000795 0.279066 -0.941222 0.190323
0.024849 0.006178 -0.005164 0.279067 -0.941222 0.190323
0.025314 0.008226 0.004284 0.279067 -0.941222 0.190323
0.020501 0.011806 0.026742 0.709180 0.464806 0.530112
0.020951 0.009860 0.027846 0.709181 0.464806 0.530112
0.021306 0.006711 0.030131 0.709180 0.464806 0.530112
0.019855 0.008391 0.024399 -0.154979 -0.854341 -0.496067
0.021006 0.009014 0.022967 -0.154979 -0.854341 -0.496067
0.020574 0.010678 0.020236 -0.154979 -0.854341 -0.496067
0.019280 0.007615 0.025750 0.097856 -0.802968 -0.587935
0.020291 0.004869 0.029669 0.097856 -0.802968 -0.587935
0.041417 0.004507 0.033059 -0.564766 -0.599503 0.567130
0.041777 0.010880 0.025818 -0.197365 -0.731003 -0.653209
0.039882 0.012211 0.024902 -0.197366 -0.731003 -0.653209
0.038498 0.010973 0.026705 -0.892745 -0.432066 0.127773
0.039370 0.014779 0.022183 -0.197366 -0.731002 -0.653209
0.043465 0.004960 0.032815 0.211749 -0.508052 0.834893
0.042953 0.004847 0.032876 0.211747 -0.508053 0.834892
0.042500 0.004988 0.033077 0.211747 -0.508052 0.834893
0.042894 0.004593 0.032736 0.211748 -0.508055 0.834891
0.041020 0.012884 0.028555 -0.385815 0.422626 0.820082
0.041547 0.011066 0.029740 -0.385814 0.422626 0.820082
0.042031 0.007061 0.032032 -0.385815 0.422626 0.820082
0.040028 0.014061 0.027317 -0.532143 0.377938 0.757619
0.038570 0.014596 0.026026 -0.532143 0.377938 0.757619
0.037621 0.017959 0.023682 -0.532143 0.377938 0.757619
0.032599 0.014729 0.009292 -0.759878 0.649760 0.019952
0.034473 0.016817 0.012685 -0.759877 0.649760 0.019952
0.036255 0.018700 0.019235 -0.759877 0.649760 0.019952
0.034565 0.017022 0.009529 -0.759877 0.649760 0.019952
0.031114 0.012880 0.006016 -0.887052 0.455422 0.075693
0.030018 0.011271 0.002859 -0.887052 0.455422 0.075693
0.028625 0.009627 -0.003572 -0.887052 0.455422 0.075693
0.030315 0.011305 0.006133 -0.887052 0.455422 0.075693
0.020851 0.000693 -0.030470 -0.198091 -0.556383 -0.806969
0.020507 0.001985 -0.031277 -0.544339 0.140379 -0.827036
0.020356 0.000893 -0.030487 -0.198091 -0.556383 -0.806968
0.021231 0.000924 -0.030723 -0.198090 -0.556383 -0.806969
0.026409 0.007761 -0.019553 0.677394 0.710648 -0.190044
0.027793 0.006942 -0.017683 0.677393 0.710649 -0.190044
0.028463 0.006984 -0.015138 0.677393 0.710649 -0.190044
0.028506 0.006082 -0.018357 0.677393 0.710649 -0.190043
0.025303 0.008369 -0.021102 0.646430 0.736886 -0.197808
0.024475 0.008766 -0.022329 0.646429 0.736886 -0.197808
0.024082 0.008514 -0.024552 0.646429 0.736886 -0.197808
0.024039 0.009416 -0.021333 0.646429 0.736887 -0.197808
0.021611 0.004012 -0.029236 0.656787 0.326747 -0.679608
0.021484 0.002030 -0.030311 0.656787 0.326747 -0.679608
0.021370 0.005318 -0.028841 -0.162601 0.564798 -0.809051
0.022875 0.007589 -0.017599 -0.669145 0.694009 0.265699
0.023569 0.008073 -0.017114 -0.669145 0.694009 0.265699
0.024095 0.007445 -0.014149 -0.669145 0.694009 0.265699
0.023737 0.009185 -0.019594 -0.669145 0.694009 0.265699
0.022200 0.007264 -0.018486 -0.687117 0.677781 0.261694
0.021544 0.007097 -0.019776 -0.687117 0.677781 0.261694
0.021037 0.007884 -0.023144 -0.687117 0.677781 0.261694
0.021395 0.006144 -0.017698 -0.687117 0.677781 0.261694
0.020259 0.004921 -0.027300 -0.860881 0.382176 -0.335895
0.020692 0.006180 -0.026978 -0.860881 0.382176 -0.335895
0.020753 0.007578 -0.025545 -0.860881 0.382176 -0.335895
0.020005 0.003814 -0.027712 -0.951922 0.196668 -0.234874
0.019932 0.002861 -0.028212 -0.951922 0.196669 -0.234874
0.020050 0.001615 -0.029734 -0.951922 0.196668 -0.234874
0.023653 0.044276 -0.030173 -0.692065 0.126198 0.710718
0.024569 0.043419 -0.028959 -0.688329 0.236013 0.685931
0.023653 0.042745 -0.029647 -0.688329 0.236012 0.685931
0.026402 0.043236 -0.027057 -0.688329 0.236013 0.685931
0.024569 0.046768 -0.029523 -0.687020 0.014783 0.726488
0.026402 0.047702 -0.027809 -0.687020 0.014783 0.726488
0.023653 0.047211 -0.030398 -0.687021 0.014783 0.726488
0.013366 0.090267 -0.021766 -0.926741 -0.011918 -0.375513
0.021117 0.072957 -0.031391 -0.653499 0.122696 -0.746917
0.022667 0.077284 -0.032037 -0.653499 0.122696 -0.746917
0.021117 0.085939 -0.029259 -0.653499 0.122696 -0.746917
0.025768 0.072957 -0.035460 -0.653499 0.122696 -0.746917
0.020201 0.067812 -0.031468 -0.640760 0.131766 -0.756350
0.019918 0.061851 -0.032267 -0.640760 0.131766 -0.756350
0.022102 0.052379 -0.035768 -0.640759 0.131766 -0.756350
0.017452 0.065362 -0.029566 -0.640759 0.131766 -0.756350
0.027318 0.090267 -0.009557 -0.185143 -0.384372 0.904423
0.022102 0.069690 -0.022073 -0.632340 -0.279239 0.722615
0.019918 0.074834 -0.021996 -0.632340 -0.279239 0.722615
0.020201 0.085123 -0.017773 -0.632340 -0.279239 0.722615
0.017452 0.069690 -0.026142 -0.632340 -0.279239 0.722615
0.023653 0.065315 -0.022655 -0.453291 -0.361183 0.814907
0.024569 0.061710 -0.023743 -0.453291 -0.361183 0.814908
0.023653 0.052191 -0.028472 -0.453290 -0.361183 0.814908
0.026402 0.067624 -0.020102 -0.453290 -0.361183 0.814908
0.033518 0.072769 -0.022739 0.624757 -0.316391 0.713846
0.031968 0.077143 -0.019443 0.624756 -0.316391 0.713846
0.033518 0.085892 -0.016922 0.624756 -0.316391 0.713846
0.028868 0.072769 -0.018669 0.624756 -0.316391 0.713846
0.034434 0.067624 -0.025529 0.510082 -0.288594 0.810265
0.034716 0.061710 -0.027813 0.510082 -0.288594 0.810265
0.032532 0.052191 -0.029828 0.510082 -0.288594 0.810265
0.037182 0.065315 -0.028081 0.510082 -0.288594 0.810265
-0.030717 0.012336 -0.005929 -0.249839 0.657907 0.710450
-0.025010 0.026204 -0.018766 0.332588 0.563266 0.756384
-0.025377 0.022307 -0.015703 0.332588 0.563266 0.756384
-0.026477 0.010618 -0.006514 0.155193 0.794074 0.587675
-0.027524 0.015087 -0.009382 0.332588 0.563266 0.756384
-0.023597 0.025631 -0.018961 0.684073 0.373952 0.626262
-0.025088 0.029563 -0.020855 0.624960 0.384460 0.679423
-0.025611 0.032384 -0.021970 0.624960 0.384460 0.679423
-0.027181 0.040849 -0.025316 0.024611 0.451644 0.891859
-0.023909 0.039067 -0.027317 0.624960 0.384460 0.679423
-0.027836 0.028523 -0.017738 0.624960 0.384460 0.679423
-0.027181 0.045441 -0.026896 0.000031 0.174830 0.984599
-0.026265 0.043236 -0.027057 0.688417 0.235986 0.685852
-0.024433 0.043419 -0.028959 0.688417 0.235986 0.685852
-0.023517 0.042745 -0.029647 0.688416 0.235986 0.685852
-0.023517 0.044276 -0.030173 0.692152 0.126184 0.710635
-0.035344 0.014300 0.023606 0.697704 -0.683994 0.212984
-0.035229 0.011323 0.009624 -0.053751 -0.976748 0.207542
-0.037727 0.012067 0.012480 -0.053750 -0.976748 0.207542
-0.045221 0.014300 0.021048 -0.900049 -0.103018 -0.423437
-0.039431 0.013556 0.019045 -0.053750 -0.976748 0.207542
-0.038522 0.011323 0.008771 -0.053750 -0.976748 0.207542
-0.033352 0.010578 0.006607 -0.053746 -0.976748 0.207543
-0.032095 0.009834 0.003429 -0.053746 -0.976748 0.207543
-0.028323 0.007601 -0.006103 0.188846 -0.764829 0.615933
-0.031012 0.008345 -0.003296 -0.053747 -0.976748 0.207543
-0.031921 0.010578 0.006977 -0.053747 -0.976748 0.207543
-0.033620 0.006224 -0.011676 -0.626294 -0.714131 -0.312686
-0.031154 0.006989 -0.008703 -0.080447 -0.947165 0.310493
-0.031520 0.007142 -0.008331 -0.080396 -0.947185 0.310448
-0.030820 0.007448 -0.007216 -0.080396 -0.947184 0.310448
-0.032586 0.006989 -0.009074 -0.080396 -0.947185 0.310448
-0.028883 0.006683 -0.009048 -0.080499 -0.947146 0.310538
-0.024705 0.006224 -0.009365 0.789342 -0.591601 -0.164156
-0.029069 0.006377 -0.010030 -0.080499 -0.947146 0.310538
-0.027304 0.006836 -0.008172 -0.080499 -0.947146 0.310538
-0.027655 0.007442 -0.024982 -0.734538 -0.515410 -0.441368
-0.027007 0.006765 -0.016563 0.021183 -0.996431 -0.081715
-0.028660 0.006630 -0.015341 0.021183 -0.996431 -0.081715
-0.028995 0.006359 -0.012127 0.021183 -0.996431 -0.081715
-0.029978 0.006765 -0.017333 0.021183 -0.996431 -0.081715
-0.025652 0.006901 -0.017862 0.021200 -0.996430 -0.081718
-0.024595 0.007036 -0.019238 0.021200 -0.996430 -0.081718
-0.021426 0.007442 -0.023366 0.768806 -0.191020 0.610286
-0.024559 0.007307 -0.022529 0.021200 -0.996430 -0.081718
-0.023575 0.006901 -0.017323 0.894654 -0.411601 0.173719
-0.057921 0.010580 0.009425 -0.659559 -0.252848 -0.707849
-0.054663 0.013663 0.009207 -0.518104 0.498158 -0.695275
-0.049475 0.012902 0.004795 -0.518104 0.498158 -0.695275
-0.033909 0.010618 -0.008441 -0.807503 0.571563 0.145793
-0.046659 0.013676 0.003251 -0.518104 0.498159 -0.695275
-0.047102 0.011367 0.001926 -0.518104 0.498158 -0.695275
-0.057745 0.012866 0.012505 -0.954211 0.263747 -0.141132
-0.058719 0.010509 0.014689 -0.954211 0.263747 -0.141132
-0.061643 0.003438 0.021243 -0.813881 0.254108 0.522519
-0.059428 0.008176 0.015119 -0.954211 0.263747 -0.141132
-0.058985 0.010485 0.016444 -0.954211 0.263747 -0.141132
-0.062277 0.001157 0.019907 -0.829880 -0.545177 0.118669
-0.061511 0.003218 0.019336 -0.941378 0.321505 -0.102185
-0.060614 0.005058 0.016858 -0.575131 -0.475010 -0.666026
-0.060059 0.006359 0.015842 -0.897814 -0.068814 -0.434965
-0.043417 0.012339 0.001811 0.672755 0.507048 0.538798
-0.041040 0.011909 -0.000752 0.672755 0.507048 0.538798
-0.035855 0.010043 -0.005469 0.672755 0.507049 0.538797
-0.043848 0.013345 0.001402 0.672755 0.507049 0.538797
-0.059993 0.001244 0.021654 0.400377 -0.589635 0.701448
-0.055515 0.006663 0.016879 0.767799 -0.579273 0.273728
-0.055785 0.009374 0.016009 0.492258 0.309927 0.813405
-0.054382 0.012084 0.014128 0.492258 0.309927 0.813405
-0.057457 0.009375 0.017021 0.492258 0.309927 0.813405
-0.061741 0.002180 0.020695 -0.574697 -0.288758 0.765730
-0.061304 0.001946 0.020935 -0.574697 -0.288759 0.765730
-0.032347 0.011046 -0.007188 -0.632228 0.043599 0.773555
-0.032414 0.010185 -0.007195 -0.632228 0.043599 0.773554
-0.032980 0.009468 -0.007617 -0.632228 0.043599 0.773555
-0.031916 0.010041 -0.006780 -0.632229 0.043599 0.773554
-0.032659 0.015087 -0.010238 -0.689858 0.427821 0.584008
-0.033351 0.022307 -0.016345 -0.689858 0.427821 0.584008
-0.033165 0.026204 -0.018980 -0.689858 0.427821 0.584008
-0.034229 0.025631 -0.019817 -0.927347 0.204308 0.313506
-0.031239 0.039067 -0.027317 -0.550266 0.515085 0.657187
-0.031108 0.032384 -0.021970 -0.550266 0.515085 0.657187
-0.032417 0.029563 -0.020855 -0.550266 0.515085 0.657187
-0.029669 0.028523 -0.017738 -0.550266 0.515085 0.657187
-0.030846 0.042745 -0.029647 -0.688372 0.236000 0.685892
-0.029930 0.043419 -0.028959 -0.688373 0.235999 0.685892
-0.028097 0.043236 -0.027057 -0.688373 0.235999 0.685892
-0.030846 0.044276 -0.030173 -0.692109 0.126191 0.710677
-0.026104 0.020780 -0.023418 0.432654 -0.604330 -0.669026
-0.026425 0.018431 -0.021504 0.432654 -0.604330 -0.669026
-0.027388 0.011385 -0.015762 0.620273 0.377662 -0.687483
-0.026173 0.012013 -0.015544 0.432653 -0.604331 -0.669026
-0.026998 0.022500 -0.025550 0.253872 -0.647441 -0.718588
-0.025164 0.024400 -0.025518 0.681260 -0.476585 -0.555654
-0.023607 0.029292 -0.027805 0.681260 -0.476585 -0.555654
-0.023241 0.036981 -0.033951 0.681260 -0.476585 -0.555654
-0.022416 0.026495 -0.023945 0.681260 -0.476585 -0.555654
-0.034455 0.023487 -0.021534 -0.998349 -0.055885 -0.013281
-0.034319 0.020270 -0.018261 -0.998349 -0.055886 -0.013282
-0.033949 0.012371 -0.012793 -0.998349 -0.055885 -0.013281
-0.033708 0.026495 -0.024972 -0.667951 -0.410189 -0.620957
-0.032076 0.029292 -0.028575 -0.667951 -0.410189 -0.620957
-0.031561 0.036981 -0.034208 -0.667951 -0.410189 -0.620957
-0.030959 0.024400 -0.026545 -0.667950 -0.410189 -0.620957
-0.028097 0.041024 -0.040884 -0.676164 -0.448120 -0.584799
-0.029930 0.041760 -0.039329 -0.676165 -0.448120 -0.584799
-0.030846 0.041137 -0.037793 -0.676164 -0.448120 -0.584799
-0.030846 0.043118 -0.039311 -0.676164 -0.448120 -0.584799
-0.043941 0.008107 0.001624 -0.170200 -0.985382 0.007407
-0.047436 0.008725 0.003574 -0.170200 -0.985382 0.007407
-0.052041 0.009559 0.008658 -0.170200 -0.985382 0.007407
-0.046326 0.008510 0.000441 -0.170200 -0.985382 0.007407
-0.041129 0.007776 -0.000225 0.186769 -0.949752 0.251173
-0.039001 0.007732 -0.001972 0.186769 -0.949753 0.251172
-0.035079 0.007186 -0.006954 0.186769 -0.949753 0.251172
-0.040795 0.008235 0.001262 0.186769 -0.949753 0.251172
-0.059216 0.009448 0.017803 0.291888 0.383641 0.876140
-0.059410 0.007397 0.018766 0.291887 0.383641 0.876140
-0.060349 0.004026 0.020554 0.291887 0.383641 0.876140
-0.058047 0.006296 0.015254 0.154342 -0.797761 -0.582885
-0.056227 0.007065 0.014684 0.154343 -0.797761 -0.582885
-0.054972 0.009005 0.012361 0.154343 -0.797761 -0.582885
-0.059326 0.005384 0.016025 0.415989 -0.755432 -0.506238
-0.060778 0.002243 0.019519 0.415989 -0.755431 -0.506238
-0.036449 0.008661 -0.007894 -0.523303 0.482633 -0.702295
-0.041817 0.009141 -0.003564 -0.523303 0.482634 -0.702295
-0.044453 0.008648 -0.001938 -0.523303 0.482633 -0.702295
-0.044549 0.010113 -0.000860 -0.523303 0.482633 -0.702296
-0.021046 0.022201 0.022612 0.502680 0.835468 0.222049
-0.023276 0.013813 0.005164 0.762983 0.539114 -0.356668
-0.024076 0.013014 0.002244 0.762983 0.539114 -0.356668
-0.025086 0.009952 -0.004545 0.762983 0.539114 -0.356668
-0.023866 0.015278 0.006114 0.762984 0.539114 -0.356668
-0.022274 0.014330 0.008100 0.766367 0.535303 -0.355151
-0.021070 0.014566 0.011052 0.766367 0.535303 -0.355151
-0.017459 0.015273 0.019910 0.694769 -0.719210 0.005741
-0.019858 0.017347 0.017858 0.766367 0.535303 -0.355151
-0.021078 0.012021 0.007199 0.766367 0.535303 -0.355151
-0.020330 0.005850 0.030779 0.769877 -0.554631 0.315711
-0.019134 0.011855 0.025041 0.882595 -0.444736 -0.152435
-0.019612 0.014441 0.024434 0.851260 0.263837 0.453593
-0.019372 0.017305 0.022319 0.851260 0.263837 0.453593
-0.020329 0.014164 0.025942 0.851260 0.263837 0.453593
-0.021695 0.008130 0.031597 -0.261718 0.306935 0.915038
-0.021255 0.014130 0.027513 0.802572 0.294322 0.518895
-0.021024 0.012060 0.028329 0.802572 0.294322 0.518896
-0.021016 0.008680 0.030235 0.802572 0.294322 0.518895
-0.045328 0.001528 0.032559 -0.768717 -0.633819 0.085719
-0.041223 0.021065 0.025105 -0.053519 0.879102 0.473619
-0.043492 0.011630 0.027967 -0.884238 0.316740 0.343219
-0.043924 0.012298 0.026237 -0.884238 0.316740 0.343219
-0.043456 0.015888 0.024130 -0.884238 0.316740 0.343219
-0.044824 0.009375 0.026615 -0.803642 -0.394690 -0.445397
-0.043370 0.010330 0.029371 -0.788692 0.356747 0.500696
-0.043560 0.008398 0.030449 -0.788692 0.356747 0.500695
-0.044128 0.002602 0.033684 -0.012158 0.150025 0.988607
-0.044339 0.004176 0.032231 -0.788692 0.356747 0.500696
-0.025668 0.014064 0.019478 -0.971300 -0.234427 -0.040250
-0.023704 0.017298 0.017983 -0.862097 0.505151 -0.040140
-0.024397 0.015628 0.011859 -0.862097 0.505151 -0.040140
-0.023973 0.016149 0.009319 -0.862097 0.505151 -0.040140
-0.025514 0.013437 0.008274 -0.862097 0.505151 -0.040140
-0.023172 0.017021 0.022217 -0.845744 0.314333 0.431174
-0.022803 0.014798 0.024562 -0.845744 0.314334 0.431174
-0.023389 0.012331 0.025212 -0.845744 0.314334 0.431174
-0.021848 0.015043 0.026257 -0.845744 0.314333 0.431174
-0.023334 0.005937 0.031156 -0.560471 -0.488635 0.668662
-0.022865 0.007815 0.030054 -0.748740 0.464495 0.472899
-0.023566 0.009377 0.027410 -0.915259 -0.392615 -0.090304
-0.023643 0.010524 0.026162 -0.748740 0.464495 0.472899
-0.027208 0.009660 -0.003443 -0.854779 0.517292 -0.041977
-0.026823 0.010761 0.002287 -0.854779 0.517292 -0.041977
-0.026938 0.010809 0.005221 -0.854779 0.517292 -0.041977
-0.026323 0.011814 0.005084 -0.854779 0.517292 -0.041977
-0.022272 0.006902 0.031310 0.111839 -0.275581 0.954750
-0.021786 0.006639 0.031177 0.111839 -0.275581 0.954750
-0.027769 0.009468 -0.006266 0.152843 0.040992 0.987400
-0.028506 0.010185 -0.006182 0.152843 0.040992 0.987400
-0.028567 0.011046 -0.006208 0.152843 0.040992 0.987400
-0.029182 0.010041 -0.006071 0.152843 0.040992 0.987400
-0.029396 0.018431 -0.022274 0.065880 -0.667063 -0.742082
-0.030135 0.012013 -0.016571 0.065881 -0.667064 -0.742082
-0.030066 0.020780 -0.024445 0.065880 -0.667064 -0.742082
-0.024852 0.012371 -0.010909 0.914947 0.118706 0.385722
-0.023373 0.020270 -0.016848 0.914947 0.118706 0.385722
-0.022338 0.023487 -0.020293 0.914947 0.118706 0.385722
-0.023093 0.010858 0.005096 -0.078879 -0.946747 0.312166
-0.023496 0.009699 0.001481 -0.078879 -0.946747 0.312166
-0.025508 0.007841 -0.004662 -0.078879 -0.946747 0.312166
-0.021887 0.010399 0.004009 -0.078879 -0.946747 0.312166
-0.023200 0.011729 0.008301 0.129926 -0.964436 0.230178
-0.023817 0.012313 0.011095 0.129926 -0.964436 0.230178
-0.022315 0.013883 0.016828 0.129926 -0.964436 0.230179
-0.025936 0.011326 0.008157 0.129926 -0.964436 0.230179
-0.022383 0.010548 0.024549 0.145783 -0.766243 -0.625795
-0.021152 0.011729 0.023389 0.145783 -0.766243 -0.625795
-0.021426 0.013689 0.020926 0.145783 -0.766243 -0.625795
-0.023036 0.009510 0.025798 -0.093698 -0.825872 -0.556018
-0.022258 0.006801 0.029691 -0.093698 -0.825872 -0.556018
-0.040879 0.008624 0.027301 0.188720 -0.658327 -0.728691
-0.041964 0.010043 0.025738 0.188720 -0.658327 -0.728691
-0.040843 0.012881 0.023464 0.188720 -0.658327 -0.728691
-0.040568 0.007204 0.028664 0.578990 -0.671859 -0.461927
-0.041031 0.005785 0.029826 0.906445 -0.400556 0.133836
-0.042421 0.001528 0.033312 0.316854 -0.667218 0.674110
-0.042927 0.002947 0.031899 0.906445 -0.400556 0.133835
-0.043903 0.001647 0.033019 -0.202159 -0.591634 0.780449
-0.043959 0.001886 0.033185 -0.202159 -0.591633 0.780450
-0.044472 0.002005 0.033143 -0.202161 -0.591633 0.780450
-0.039901 0.009853 0.028252 0.532548 0.286311 0.796504
-0.040232 0.012656 0.027465 0.532548 0.286311 0.796504
-0.038933 0.016007 0.025392 0.532548 0.286311 0.796504
-0.041861 0.012108 0.028751 0.532548 0.286311 0.796504
-0.039465 0.007324 0.029040 0.422681 0.388148 0.818952
-0.038331 0.014179 0.009509 -0.662135 0.632412 -0.402034
-0.039054 0.015900 0.013408 -0.662135 0.632412 -0.402034
-0.041833 0.017088 0.019854 -0.662135 0.632412 -0.402034
-0.036998 0.016434 0.010861 -0.662136 0.632412 -0.402034
-0.037374 0.012683 0.005918 -0.779409 0.435165 -0.450725
-0.036185 0.011412 0.002635 -0.779409 0.435165 -0.450725
-0.033173 0.010450 -0.003503 -0.779409 0.435165 -0.450725
-0.038008 0.011104 0.005489 -0.779409 0.435165 -0.450725
-0.034836 0.014329 0.011068 0.757936 0.651534 0.032207
-0.034963 0.014322 0.014203 0.757936 0.651534 0.032207
-0.037177 0.016562 0.020971 0.757936 0.651534 0.032207
-0.032877 0.012074 0.010569 0.757936 0.651533 0.032207
-0.034322 0.014111 0.007787 0.881250 0.439132 0.174816
-0.033421 0.013667 0.004358 0.881250 0.439134 0.174815
-0.030820 0.011201 -0.002558 0.881250 0.439133 0.174815
-0.035120 0.015689 0.007845 0.881250 0.439134 0.174815
-0.024272 0.000110 -0.029202 -0.464023 -0.883819 0.059553
-0.022461 0.001873 -0.030318 0.008296 0.024359 -0.999669
-0.023174 0.000894 -0.029622 -0.015599 -0.523304 -0.852003
-0.022790 0.000698 -0.029346 0.189542 -0.656742 -0.729906
-0.021638 0.000110 -0.028518 0.896547 -0.341797 -0.281740
-0.023882 0.010465 -0.026120 0.178355 0.837595 -0.516357
-0.028629 0.008244 -0.019574 -0.685104 0.679558 -0.262361
-0.028386 0.008044 -0.020926 -0.649665 0.726234 -0.224763
-0.026641 0.008650 -0.024009 -0.649665 0.726234 -0.224763
-0.029887 0.007237 -0.019195 -0.649666 0.726234 -0.224763
-0.028297 0.009358 -0.017853 -0.717222 0.629586 -0.298687
-0.029768 0.008989 -0.015097 -0.717222 0.629586 -0.298687
-0.026522 0.010403 -0.019912 -0.717222 0.629586 -0.298687
-0.024349 0.009530 -0.020292 0.684248 0.709495 0.168588
-0.024232 0.009764 -0.021749 0.684247 0.709495 0.168588
-0.023180 0.009224 -0.023745 0.684247 0.709495 0.168588
-0.025167 0.010538 -0.021210 0.684247 0.709495 0.168588
-0.024440 0.009059 -0.018431 0.721188 0.654882 0.225871
-0.024506 0.008350 -0.016164 0.721188 0.654882 0.225871
-0.025533 0.008653 -0.013764 0.721188 0.654882 0.225871
-0.024927 0.005303 -0.027480 -0.495643 0.313731 -0.809883
-0.024666 0.006593 -0.027140 -0.495642 0.313732 -0.809883
-0.025401 0.008167 -0.026081 -0.495642 0.313732 -0.809883
-0.023670 0.006310 -0.027859 0.367891 0.456621 -0.810033
-0.024971 0.004152 -0.027822 -0.622764 0.154152 -0.767074
-0.024796 0.003142 -0.028167 -0.622764 0.154152 -0.767074
-0.023383 0.004183 -0.026139 -0.208434 -0.558284 0.803041
-0.024451 0.004998 -0.025850 -0.208334 -0.558323 0.803040
-0.024511 0.006627 -0.024733 -0.208334 -0.558323 0.803040
-0.025459 0.004183 -0.026678 -0.208334 -0.558323 0.803040
-0.022445 0.002554 -0.027029 -0.208534 -0.558246 0.803041
-0.022785 0.000925 -0.028250 -0.208534 -0.558246 0.803041
-0.021836 0.003369 -0.026304 -0.208534 -0.558246 0.803041
-0.022612 0.005527 -0.026880 0.908157 0.270745 -0.319294
-0.022315 0.006006 -0.026001 0.849500 0.286663 -0.442916
-0.022541 0.007971 -0.025162 0.849500 0.286663 -0.442916
-0.021793 0.004519 -0.025962 0.849500 0.286662 -0.442916
-0.022660 0.004149 -0.028319 0.949580 0.249690 -0.189611
-0.022253 0.002044 -0.029052 0.949580 0.249691 -0.189611
-0.027181 0.090267 -0.033973 0.268638 0.158133 -0.950172
-0.023517 0.065362 -0.034991 0.637494 0.124889 -0.760266
-0.024433 0.061851 -0.036336 0.637494 0.124889 -0.760266
-0.023517 0.052379 -0.037124 0.637494 0.124889 -0.760266
-0.026265 0.067812 -0.036893 0.637494 0.124889 -0.760266
-0.021967 0.069690 -0.032924 0.653156 0.127471 -0.746417
-0.019783 0.074834 -0.030135 0.653156 0.127471 -0.746417
-0.013231 0.090267 -0.021766 0.890691 -0.237874 0.387409
-0.020065 0.085123 -0.028625 0.653155 0.127471 -0.746417
-0.017317 0.069690 -0.028855 0.653156 0.127471 -0.746417
-0.033382 0.072957 -0.031391 -0.653499 0.122696 -0.746917
-0.031832 0.077284 -0.032037 -0.653499 0.122696 -0.746917
-0.033382 0.085939 -0.029259 -0.653499 0.122696 -0.746917
-0.028731 0.072957 -0.035460 -0.653499 0.122696 -0.746917
-0.034298 0.067812 -0.031468 -0.640796 0.131740 -0.756324
-0.034580 0.061851 -0.032267 -0.640796 0.131740 -0.756323
-0.032396 0.052379 -0.035768 -0.640796 0.131740 -0.756323
-0.037047 0.065362 -0.029566 -0.640796 0.131740 -0.756323
-0.030846 0.044633 -0.039420 -0.708092 0.297062 -0.640594
-0.029930 0.046305 -0.039658 -0.708092 0.297062 -0.640594
-0.030846 0.047197 -0.038231 -0.708092 0.297061 -0.640594
-0.028097 0.047084 -0.041322 -0.708092 0.297061 -0.640593
-0.020981 0.072769 -0.022739 0.624756 -0.316391 0.713846
-0.022531 0.077143 -0.019443 0.624756 -0.316391 0.713846
-0.020981 0.085892 -0.016922 0.624756 -0.316391 0.713846
-0.025631 0.072769 -0.018669 0.624756 -0.316391 0.713846
-0.020065 0.067624 -0.025529 0.510082 -0.288594 0.810265
-0.019783 0.061710 -0.027813 0.510082 -0.288594 0.810265
-0.021967 0.052191 -0.029828 0.510082 -0.288594 0.810265
-0.017317 0.065315 -0.028081 0.510082 -0.288594 0.810265
-0.024433 0.046768 -0.029523 0.687108 0.014781 0.726404
-0.023517 0.047211 -0.030398 0.687109 0.014781 0.726404
-0.026265 0.047702 -0.027809 0.687108 0.014781 0.726404
-0.028097 0.047702 -0.027809 -0.687064 0.014782 0.726446
-0.029930 0.046768 -0.029523 -0.687064 0.014782 0.726446
-0.030846 0.047211 -0.030398 -0.687064 0.014782 0.726446
-0.042270 0.157642 0.072388 -0.074627 0.986286 -0.147210
-0.036349 0.158772 0.076955 -0.074628 0.986286 -0.147210
-0.032191 0.160547 0.086739 -0.074627 0.986286 -0.147210
-0.034586 0.158127 0.071739 -0.074627 0.986286 -0.147210
-0.043065 0.141856 0.116721 -0.645638 0.619723 0.446201
-0.042708 0.146569 0.110691 -0.645638 0.619724 0.446200
-0.037557 0.152001 0.110599 -0.645638 0.619723 0.446200
-0.047502 0.145849 0.104754 -0.645638 0.619723 0.446200
-0.042215 0.139431 0.123242 -0.594713 0.781276 0.189534
-0.040159 0.139295 0.130255 -0.594714 0.781276 0.189535
-0.044103 0.136151 0.130839 -0.594714 0.781276 0.189535
-0.038553 0.128761 0.145285 -0.862658 0.093825 0.497010
-0.043455 0.129139 0.136705 -0.862658 0.093825 0.497010
-0.045202 0.132766 0.132989 -0.862658 0.093825 0.497010
-0.046610 0.125889 0.131842 -0.862658 0.093825 0.497010
-0.025475 0.156029 0.107695 -0.031980 0.944482 0.327003
-0.029516 0.157199 0.103922 -0.031982 0.944482 0.327003
-0.029913 0.160022 0.095728 -0.031981 0.944482 0.327002
-0.033160 0.155545 0.108343 -0.031982 0.944482 0.327003
-0.023734 0.153156 -0.030711 0.035712 0.998989 -0.027321
-0.034313 0.154286 0.017582 -0.190305 0.979597 -0.064608
-0.030381 0.156255 0.035851 -0.190305 0.979597 -0.064608
-0.032597 0.157288 0.058038 -0.190305 0.979597 -0.064608
-0.024233 0.157191 0.031933 -0.190305 0.979597 -0.064608
-0.037892 0.152176 0.003236 -0.317607 0.942363 -0.105253
-0.041117 0.149925 -0.007185 -0.317606 0.942363 -0.105253
-0.038548 0.148751 -0.025448 -0.317606 0.942363 -0.105253
-0.046911 0.148848 0.000657 -0.317606 0.942363 -0.105253
-0.033593 0.154939 -0.089775 -0.367140 0.925875 0.089236
-0.031128 0.154493 -0.075009 -0.367140 0.925875 0.089236
-0.035218 0.150274 -0.048056 -0.367140 0.925875 0.089236
-0.024573 0.158267 -0.087195 -0.367140 0.925875 0.089236
0.052275 0.114270 -0.009249 0.957221 -0.178480 -0.227755
0.051885 0.121495 -0.016549 0.957221 -0.178480 -0.227755
0.046668 0.121363 -0.038370 0.957221 -0.178480 -0.227755
0.056712 0.128853 -0.002028 0.957221 -0.178480 -0.227755
0.052410 0.105642 -0.001299 0.953949 -0.201653 -0.222075
0.052292 0.095612 0.007300 0.953949 -0.201653 -0.222075
0.057255 0.094342 0.029771 0.953949 -0.201653 -0.222075
0.047211 0.086852 -0.006571 0.953949 -0.201653 -0.222075
0.041522 0.141049 -0.100276 0.964561 -0.226313 -0.135661
0.040493 0.130642 -0.090235 0.964561 -0.226313 -0.135661
0.042871 0.124412 -0.062932 0.964561 -0.226313 -0.135661
0.037085 0.126465 -0.107497 0.964561 -0.226313 -0.135661
0.039456 0.148575 -0.110915 0.742717 0.666373 -0.065721
0.034295 0.153219 -0.122153 0.742716 0.666373 -0.065721
0.018811 0.167152 -0.155866 0.309317 0.950861 -0.013680
0.028821 0.156568 -0.150054 0.742717 0.666373 -0.065721
0.034607 0.154514 -0.105489 0.742717 0.666373 -0.065721
0.046729 0.148848 0.000657 0.317863 0.942375 -0.104369
0.040961 0.149925 -0.007185 0.317863 0.942375 -0.104369
0.038445 0.148751 -0.025448 0.317863 0.942375 -0.104369
0.037709 0.152176 0.003236 0.317864 0.942374 -0.104369
0.024510 0.158267 -0.087195 0.367159 0.925860 0.089322
0.031061 0.154493 -0.075009 0.367159 0.925860 0.089322
0.035145 0.150274 -0.048056 0.367159 0.925860 0.089322
0.033529 0.154939 -0.089775 0.367159 0.925860 0.089322
0.034134 0.154286 0.017582 0.191981 0.979273 -0.064560
0.030235 0.156255 0.035851 0.191981 0.979273 -0.064560
0.024143 0.157191 0.031933 0.191981 0.979273 -0.064560
0.032427 0.157288 0.058038 0.191981 0.979273 -0.064560
-0.027637 0.135494 -0.099403 0.967875 -0.251249 0.009611
-0.026661 0.139910 -0.082230 0.967875 -0.251249 0.009611
-0.023084 0.153406 -0.089602 0.967875 -0.251249 0.009611
-0.029262 0.130829 -0.057684 0.967875 -0.251249 0.009611
-0.028705 0.135069 -0.115117 0.840586 -0.505432 -0.194820
-0.029865 0.138635 -0.129374 0.840586 -0.505431 -0.194820
-0.033534 0.129130 -0.120543 0.840586 -0.505431 -0.194820
-0.027356 0.151707 -0.152461 0.840586 -0.505431 -0.194820
0.027430 0.153012 -0.107476 -0.790694 -0.611048 -0.037717
0.025275 0.156547 -0.119574 -0.790695 -0.611048 -0.037717
0.022581 0.158952 -0.102050 -0.790695 -0.611048 -0.037717
0.025815 0.157677 -0.149195 -0.790695 -0.611048 -0.037718
0.067803 0.126828 0.084630 0.104577 -0.986807 0.123596
0.063176 0.127206 0.091561 0.104579 -0.986807 0.123596
0.063571 0.128968 0.105299 0.104578 -0.986807 0.123595
0.058154 0.125821 0.084754 0.104579 -0.986807 0.123596
0.201923 0.136530 0.031046 0.059649 -0.997133 -0.046562
0.213790 0.136400 0.049039 0.059649 -0.997133 -0.046562
0.228294 0.138130 0.030578 0.059649 -0.997133 -0.046562
0.211154 0.134540 0.085494 0.059649 -0.997133 -0.046562
0.285290 0.139619 0.017767 0.009789 -0.999223 -0.038186
0.269393 0.140209 -0.001756 0.009789 -0.999223 -0.038186
0.246828 0.139399 0.013646 0.009789 -0.999223 -0.038186
0.276060 0.141609 -0.036681 0.009789 -0.999223 -0.038186
0.316212 0.139739 0.037025 0.029190 -0.999211 -0.026917
0.362159 0.140569 0.056020 0.029190 -0.999211 -0.026917
0.399749 0.142089 0.040354 0.029190 -0.999211 -0.026917
0.370517 0.139880 0.090681 0.029190 -0.999211 -0.026917
-0.246828 0.146729 0.013646 -0.001217 0.997919 -0.064476
-0.269393 0.145706 -0.001756 -0.001217 0.997919 -0.064476
-0.337087 0.142638 -0.047963 -0.419536 -0.011544 -0.907665
-0.276060 0.143441 -0.036681 -0.001217 0.997919 -0.064476
-0.285290 0.146948 0.017767 -0.001217 0.997919 -0.064476
0.115625 0.149948 0.029483 0.015869 0.994808 -0.100529
0.105724 0.151820 0.046445 0.015869 0.994808 -0.100528
0.092520 0.150078 0.027119 0.015868 0.994808 -0.100528
0.109028 0.155434 0.082733 0.015868 0.994808 -0.100528
0.126098 0.149801 0.030271 0.037247 0.993587 -0.106757
0.137143 0.151379 0.048809 0.037246 0.993587 -0.106757
0.170280 0.156112 0.104423 0.032229 0.969518 0.242892
0.150920 0.154846 0.085885 0.037247 0.993587 -0.106757
0.134412 0.149489 0.030271 0.037246 0.993587 -0.106757
0.167509 0.152314 0.108528 0.027160 0.724542 0.688695
0.161966 0.153497 0.107502 0.027161 0.724542 0.688695
0.159195 0.155552 0.105449 0.027161 0.724541 0.688696
0.159195 0.152625 0.108528 0.027162 0.724543 0.688695
0.179070 0.151808 0.108372 0.045273 0.724066 0.688243
0.196650 0.151981 0.107034 0.045273 0.724066 0.688243
0.205440 0.150604 0.107904 0.045273 0.724066 0.688243
0.205440 0.153531 0.104825 0.045273 0.724066 0.688243
0.240601 0.148261 0.107865 0.048869 0.706219 0.706305
0.223021 0.148029 0.109314 0.048869 0.706218 0.706306
0.214231 0.149287 0.108664 0.048869 0.706219 0.706305
0.214231 0.146539 0.111412 0.048869 0.706218 0.706305
0.360773 0.140059 0.108373 -0.008281 -0.706996 0.707169
0.332927 0.141108 0.109095 -0.008281 -0.706996 0.707169
0.360773 0.142808 0.111121 -0.008281 -0.706997 0.707168
0.277236 0.140457 0.107792 -0.008281 -0.706997 0.707168
-0.142893 0.136748 0.011965 -0.008990 -0.998009 -0.062430
-0.162595 0.138056 -0.006107 -0.008990 -0.998009 -0.062430
-0.184858 0.137082 0.012664 -0.008990 -0.998009 -0.062430
-0.160033 0.140338 -0.042951 -0.008990 -0.998009 -0.062431
-0.102784 0.127722 0.061851 -0.171321 -0.978598 -0.113997
-0.101039 0.131036 0.030783 -0.171321 -0.978598 -0.113997
-0.114061 0.134075 0.024262 -0.171321 -0.978598 -0.113997
-0.086273 0.131310 0.006237 -0.171321 -0.978598 -0.113997
-0.100832 0.126654 0.081229 -0.000158 -0.988475 0.151385
-0.095183 0.127830 0.088917 -0.000157 -0.988475 0.151385
-0.078465 0.127036 0.083749 -0.000157 -0.988475 0.151385
-0.106253 0.129801 0.101774 -0.000157 -0.988475 0.151385
-0.063562 0.128968 0.105299 -0.104546 -0.986812 0.123584
-0.063165 0.127206 0.091561 -0.104546 -0.986811 0.123584
-0.067792 0.126828 0.084630 -0.104545 -0.986812 0.123585
-0.058141 0.125821 0.084754 -0.104547 -0.986811 0.123585
-0.059823 0.131947 0.113983 -0.070362 -0.573926 0.815879
-0.051949 0.136142 0.117613 -0.070362 -0.573926 0.815879
-0.043186 0.137736 0.119490 -0.070362 -0.573926 0.815879
-0.052837 0.138743 0.119366 -0.070362 -0.573926 0.815878
0.246828 0.146729 0.013646 0.001217 0.997919 -0.064476
0.269393 0.145706 -0.001756 0.001217 0.997919 -0.064476
0.285290 0.146948 0.017767 0.001217 0.997919 -0.064476
0.276060 0.143441 -0.036681 0.001217 0.997919 -0.064476
0.228294 0.148226 0.030578 0.044223 0.996447 -0.071672
0.213790 0.150197 0.049039 0.044223 0.996447 -0.071672
0.201923 0.149430 0.031046 0.044224 0.996447 -0.071672
0.211154 0.152936 0.085494 0.044223 0.996447 -0.071672
0.142896 0.147815 0.011965 -0.006481 0.996146 -0.087472
0.162597 0.146356 -0.006107 -0.006481 0.996146 -0.087472
0.184859 0.148149 0.012664 -0.006481 0.996146 -0.087472
0.160036 0.143104 -0.042951 -0.006481 0.996146 -0.087472
0.069472 0.138722 0.115500 0.051525 -0.379974 0.923561
0.064428 0.136126 0.114714 0.051526 -0.379974 0.923561
0.059823 0.137715 0.115624 0.051526 -0.379974 0.923561
0.063989 0.131942 0.113017 0.051526 -0.379973 0.923561
0.041794 0.139676 0.120355 0.197986 -0.474327 0.857797
0.047782 0.141927 0.120217 0.197985 -0.474328 0.857797
0.054275 0.139649 0.117459 0.197985 -0.474327 0.857797
0.047277 0.146457 0.122838 0.197985 -0.474328 0.857797
0.066188 0.149240 0.017530 0.001310 0.994750 -0.102326
0.073594 0.147174 -0.002458 0.001309 0.994750 -0.102326
0.081810 0.148529 0.010818 0.001309 0.994750 -0.102326
0.072785 0.143754 -0.035721 0.001310 0.994750 -0.102326
0.057602 0.151594 0.034538 0.095140 0.988223 -0.119852
0.047836 0.154236 0.048568 0.095140 0.988223 -0.119852
0.038441 0.153169 0.032314 0.095140 0.988223 -0.119852
0.047466 0.157944 0.078852 0.095140 0.988223 -0.119852
-0.047485 0.157944 0.078852 -0.095220 0.988212 -0.119877
-0.047847 0.154236 0.048568 -0.095220 0.988212 -0.119877
-0.038455 0.153169 0.032314 -0.095220 0.988212 -0.119877
-0.057601 0.151594 0.034538 -0.095220 0.988212 -0.119877
-0.045195 0.158568 0.097829 -0.039959 0.944843 0.325077
-0.040978 0.156108 0.105498 -0.039959 0.944843 0.325077
-0.048442 0.154091 0.110444 -0.039959 0.944843 0.325078
-0.029296 0.155666 0.108220 -0.039958 0.944843 0.325077
-0.050261 0.149667 0.121177 -0.094208 0.912123 0.398945
-0.056702 0.151609 0.115215 -0.094209 0.912123 0.398945
-0.053683 0.152591 0.113683 -0.094208 0.912123 0.398945
-0.066161 0.152570 0.110786 -0.094208 0.912123 0.398945
-0.050507 0.146770 0.122805 -0.217519 -0.267770 0.938608
-0.057440 0.142917 0.120099 -0.217519 -0.267770 0.938608
-0.067145 0.140980 0.117297 -0.217519 -0.267770 0.938608
-0.054668 0.141002 0.120195 -0.217519 -0.267771 0.938608
-0.249391 0.136009 0.103019 -0.031679 -0.958589 0.283024
-0.360773 0.140059 0.108373 0.008281 -0.706996 0.707169
-0.332927 0.141108 0.109095 0.008281 -0.706996 0.707169
-0.277236 0.140457 0.107792 0.008281 -0.706997 0.707169
-0.360773 0.142808 0.111121 0.008281 -0.706997 0.707168
-0.370517 0.139880 0.090681 -0.029190 -0.999211 -0.026917
-0.362159 0.140569 0.056020 -0.029190 -0.999211 -0.026917
-0.399749 0.142089 0.040354 -0.029190 -0.999211 -0.026917
-0.316212 0.139739 0.037025 -0.029190 -0.999211 -0.026917
-0.167509 0.140149 0.109562 -0.005475 -0.497145 0.867650
-0.161966 0.141904 0.110602 -0.005475 -0.497146 0.867650
-0.159195 0.140095 0.109583 -0.005475 -0.497146 0.867650
-0.159195 0.145468 0.112662 -0.005475 -0.497145 0.867650
-0.179070 0.139825 0.109288 -0.006953 -0.497141 0.867642
-0.196650 0.140933 0.109782 -0.006953 -0.497140 0.867642
-0.205440 0.144173 0.111568 -0.006953 -0.497141 0.867642
-0.205440 0.138800 0.108489 -0.006953 -0.497141 0.867642
-0.115622 0.149948 0.029483 -0.015869 0.994808 -0.100529
-0.105722 0.151820 0.046445 -0.015869 0.994808 -0.100529
-0.109028 0.155434 0.082733 -0.015869 0.994808 -0.100529
-0.092517 0.150078 0.027119 -0.015868 0.994808 -0.100529
-0.126095 0.149801 0.030271 -0.037247 0.993587 -0.106759
-0.137141 0.151379 0.048809 -0.037246 0.993587 -0.106758
-0.134409 0.149489 0.030271 -0.037246 0.993587 -0.106758
-0.150920 0.154846 0.085885 -0.037247 0.993587 -0.106758
-0.184858 0.148149 0.012664 0.006481 0.996146 -0.087472
-0.162595 0.146356 -0.006107 0.006481 0.996146 -0.087472
-0.142893 0.147815 0.011965 0.006481 0.996146 -0.087472
-0.160033 0.143104 -0.042951 0.006481 0.996146 -0.087471
-0.075561 0.132743 -0.010064 0.131549 -0.970209 -0.203443
-0.068904 0.135335 -0.018119 0.131550 -0.970209 -0.203443
-0.071214 0.139807 -0.040941 0.131550 -0.970209 -0.203443
-0.059937 0.133454 -0.003352 0.131550 -0.970209 -0.203443
0.156423 0.148339 0.112662 -0.002612 0.685520 0.728049
0.153652 0.150516 0.110602 -0.002612 0.685521 0.728048
0.156423 0.151632 0.109562 -0.002612 0.685521 0.728048
0.148109 0.151577 0.109583 -0.002612 0.685521 0.728049
0.071226 0.139807 -0.040941 -0.131570 -0.970207 -0.203438
0.068917 0.135335 -0.018119 -0.131570 -0.970207 -0.203438
0.075573 0.132743 -0.010064 -0.131570 -0.970207 -0.203438
0.059952 0.133454 -0.003352 -0.131570 -0.970207 -0.203438
-0.228294 0.138130 0.030578 -0.059649 -0.997133 -0.046562
-0.213790 0.136400 0.049039 -0.059649 -0.997133 -0.046562
-0.201923 0.136530 0.031046 -0.059649 -0.997133 -0.046562
-0.211154 0.134540 0.085494 -0.059649 -0.997133 -0.046562
-0.246828 0.139399 0.013646 -0.009789 -0.999223 -0.038186
-0.269393 0.140209 -0.001756 -0.009789 -0.999223 -0.038186
-0.285290 0.139619 0.017767 -0.009789 -0.999223 -0.038186
-0.276060 0.141609 -0.036681 -0.009789 -0.999223 -0.038186
-0.399749 0.143922 0.040354 -0.039290 0.998328 -0.042389
-0.362159 0.146066 0.056020 -0.039290 0.998328 -0.042389
-0.370517 0.147209 0.090681 -0.039290 0.998328 -0.042389
-0.316212 0.147068 0.037025 -0.039290 0.998328 -0.042389
-0.066181 0.149240 0.017530 -0.001310 0.994750 -0.102326
-0.073587 0.147174 -0.002458 -0.001309 0.994750 -0.102326
-0.072775 0.143754 -0.035721 -0.001309 0.994750 -0.102326
-0.081805 0.148529 0.010818 -0.001309 0.994750 -0.102326
-0.240601 0.139141 0.106839 -0.055346 -0.705937 0.706109
-0.223021 0.137158 0.106235 -0.055346 -0.705937 0.706108
-0.214231 0.134793 0.104559 -0.055346 -0.705936 0.706110
-0.214231 0.137541 0.107307 -0.055346 -0.705938 0.706108
0.040604 0.154681 0.107816 0.075310 0.945922 0.315530
0.037529 0.153201 0.112985 0.075310 0.945923 0.315529
0.028123 0.154708 0.110712 0.075310 0.945923 0.315530
0.043859 0.150215 0.120428 0.075310 0.945923 0.315529
0.045907 0.155644 0.104354 0.032514 0.926168 0.375708
0.053436 0.156092 0.102598 0.032514 0.926168 0.375708
0.065068 0.154069 0.106578 0.032513 0.926168 0.375708
0.049332 0.158563 0.096862 0.032513 0.926167 0.375708
