0.000000 0.396605 -0.020306
0.048066 0.349125 -0.021876
-0.000000 0.448259 -0.021442
-0.048066 0.349125 -0.021876
0.048067 0.201162 -0.023582
-0.000001 0.569712 -0.007040
0.058717 0.512594 -0.016991
-0.058718 0.512594 -0.016991
-0.048065 0.201162 -0.023582
0.048067 0.061927 -0.033820
-0.000001 0.583819 0.048241
0.097270 0.523254 -0.015381
0.081717 0.529355 -0.015381
-0.081718 0.529354 -0.015381
-0.097271 0.523253 -0.015381
-0.048065 0.061927 -0.033820
0.048067 0.026933 0.049232
-0.000000 0.528489 0.097235
0.259435 0.523254 -0.015380
0.234738 0.569570 -0.015380
-0.234739 0.569569 -0.015380
-0.259436 0.523254 -0.015380
-0.047466 0.026938 0.049232
0.379127 0.523255 -0.015380
-0.379128 0.523254 -0.015380
0.409609 0.500135 0.028206
-0.409610 0.500132 0.028206
0.411636 0.490077 0.058004
-0.411637 0.490075 0.058004
0.413489 0.479581 0.089168
-0.413490 0.479577 0.089169
