0 55
0 2
0 600
0 54
0 159
0 595
0 543
0 540
0 1
0 592
1 544
1 5
1 52
1 2
1 53
1 54
1 589
1 545
1 595
1 50
2 543
2 0
2 600
2 542
2 50
2 55
2 544
2 592
2 159
2 545
3 159
3 435
3 543
3 147
3 51
3 52
3 2
3 6
3 436
3 88
4 621
4 156
4 8
4 55
4 57
4 63
4 622
4 541
4 54
4 600
5 620
5 540
5 6
5 55
5 53
5 543
5 54
5 1
5 541
5 50
6 3
6 434
6 61
6 435
6 147
6 436
6 51
6 5
6 62
6 148
7 60
7 6
7 59
7 435
7 61
7 433
7 10
7 11
7 434
7 149
8 12
8 583
8 622
8 464
8 9
8 463
8 10
8 17
8 14
8 15
9 8
9 12
9 13
9 14
9 596
9 621
10 7
10 433
10 60
10 434
10 8
10 62
10 11
10 59
10 435
10 432
11 596
11 60
11 14
11 7
11 58
11 10
11 125
11 148
11 62
11 433
12 463
12 16
12 584
12 462
12 56
12 17
12 44
12 460
12 43
12 585
13 8
13 598
13 12
13 11
13 585
13 58
13 9
13 432
13 17
13 56
14 464
14 462
14 12
14 463
14 44
14 460
14 59
14 15
14 17
14 43
15 582
15 584
15 16
15 41
15 577
15 463
15 578
15 17
15 576
15 460
16 56
16 586
16 17
16 12
16 14
16 460
16 20
16 58
16 576
16 596
17 586
17 577
17 464
17 58
17 44
17 12
17 463
17 16
17 41
17 43
18 462
18 598
18 587
18 461
18 618
18 459
18 460
18 582
18 15
18 585
19 22
19 32
19 34
19 35
19 42
19 125
19 138
19 361
19 362
19 579
20 576
20 15
20 578
20 32
20 579
20 17
20 56
20 34
20 33
20 40
21 576
21 585
21 460
21 618
21 20
21 42
21 464
21 18
21 597
21 582
22 19
22 35
22 39
22 130
22 359
22 360
22 361
22 362
23 129
24 21
24 129
24 576
24 618
25 47
25 37
25 616
25 29
25 618
25 502
25 132
25 581
25 36
25 617
26 27
26 38
26 39
26 92
26 130
26 133
26 135
26 358
26 359
26 360
27 133
27 26
27 359
27 358
27 46
27 357
27 49
27 37
27 38
27 360
29 49
29 46
29 36
29 132
29 619
29 48
29 501
29 47
29 30
29 617
30 29
30 357
30 46
30 48
30 550
30 504
30 505
30 581
30 506
30 551
31 357
31 132
31 619
31 30
31 29
31 549
31 47
31 581
31 505
31 502
32 19
32 20
32 34
32 40
32 42
32 125
32 361
32 362
32 578
32 579
33 42
33 576
33 41
33 587
33 578
33 21
33 577
33 43
33 582
33 618
34 19
34 20
34 32
34 33
34 40
34 42
34 361
34 362
34 578
34 579
35 19
35 22
35 39
35 130
35 359
35 360
35 361
35 362
36 616
36 619
36 47
36 33
36 37
36 617
36 618
36 581
36 29
36 502
37 25
37 27
37 36
37 38
37 616
37 617
38 27
38 47
38 357
38 358
38 359
38 37
38 39
38 26
38 501
38 49
39 22
39 26
39 27
39 35
39 38
39 130
39 133
39 358
39 359
39 360
40 578
40 616
40 41
40 33
40 582
40 462
40 459
40 44
40 32
40 42
41 461
41 583
41 40
41 16
41 43
41 464
41 597
41 585
41 460
41 586
42 45
42 20
42 582
42 33
42 21
42 578
42 362
42 19
42 459
42 44
43 577
43 596
43 462
43 463
43 18
43 578
43 12
43 42
43 582
43 459
44 56
44 14
44 577
44 576
44 33
44 45
44 463
44 597
44 18
44 583
45 459
45 461
45 597
45 576
45 42
45 460
45 16
45 43
45 33
45 463
46 502
46 30
46 553
46 48
46 31
46 619
46 49
46 503
46 581
46 549
47 505
47 132
47 503
47 580
47 357
47 49
47 504
47 46
47 25
47 501
48 553
48 549
48 506
48 505
48 502
48 550
48 30
48 501
48 134
48 619
49 551
49 27
49 506
49 38
49 581
49 503
49 505
49 502
49 501
49 504
50 600
50 1
50 595
50 543
50 594
50 85
50 546
50 591
50 52
50 593
51 435
51 147
51 3
51 588
51 161
51 159
51 6
51 88
51 90
51 436
52 55
52 600
52 0
52 595
52 53
52 589
52 588
52 594
52 1
52 620
53 2
53 589
53 592
53 541
53 52
53 600
53 595
53 54
53 5
53 55
54 621
54 1
54 53
54 63
54 5
54 622
54 600
54 599
54 156
54 623
55 591
55 623
55 622
55 1
55 52
55 600
55 54
55 2
55 540
55 543
56 45
56 461
56 41
56 462
56 597
56 464
56 463
56 16
56 460
56 20
57 4
57 63
57 622
58 11
58 59
58 583
58 14
58 17
58 15
58 596
58 16
58 586
58 13
59 60
59 125
59 7
59 433
59 11
59 14
59 58
59 596
59 432
59 62
60 7
60 10
60 11
60 59
60 147
60 149
60 433
60 434
60 435
61 6
61 7
61 62
61 148
61 156
61 434
61 435
61 436
62 6
62 10
62 11
62 59
62 61
62 124
62 148
62 432
62 434
63 4
63 54
63 57
63 621
63 622
63 623
64 66
64 141
64 143
64 146
65 910
65 901
65 849
65 909
65 899
65 847
65 908
65 249
65 246
65 777
66 64
66 69
66 249
66 899
67 70
67 71
67 144
67 173
67 174
68 69
68 72
68 73
68 247
68 248
68 252
69 66
69 68
69 70
69 73
69 249
69 900
70 67
70 69
70 71
70 73
70 89
70 144
70 173
70 174
71 160
71 173
71 144
71 88
71 89
71 174
71 70
71 147
71 67
71 74
72 74
72 257
72 252
72 258
72 78
72 247
72 76
72 77
72 68
72 73
73 68
73 69
73 70
73 72
73 74
73 77
73 251
73 252
74 71
74 72
74 73
74 75
74 76
74 77
74 78
74 79
74 89
74 251
75 74
75 76
75 77
75 78
75 79
75 84
75 87
75 89
75 90
75 251
76 251
76 625
76 78
76 74
76 254
76 72
76 81
76 84
76 79
76 75
77 78
77 251
77 252
77 84
77 258
77 72
77 76
77 74
77 89
77 73
78 75
78 81
78 87
78 253
78 79
78 76
78 251
78 254
78 84
78 72
79 84
79 78
79 74
79 251
79 257
79 76
79 75
79 87
79 253
79 81
80 81
80 82
80 83
80 86
80 438
80 547
81 78
81 82
81 86
81 254
81 80
81 76
81 625
81 79
81 437
81 87
82 80
82 81
82 83
82 86
82 254
82 437
82 438
82 547
82 625
83 80
83 81
83 82
83 84
83 86
83 87
83 438
83 445
84 90
84 81
84 251
84 87
84 75
84 79
84 76
84 78
84 77
84 254
85 446
85 540
85 591
85 546
85 186
85 590
85 445
85 544
85 87
85 185
86 80
86 81
86 82
86 83
86 438
86 443
86 445
86 625
87 78
87 84
87 593
87 75
87 590
87 85
87 90
87 79
87 83
87 81
88 3
88 51
88 71
88 89
88 90
88 147
88 160
88 161
88 436
88 588
89 70
89 71
89 74
89 75
89 77
89 88
89 160
89 161
89 173
90 84
90 186
90 159
90 75
90 85
90 590
90 593
90 88
90 87
90 546
91 92
91 93
91 108
91 112
91 113
91 130
91 135
91 136
91 137
91 139
92 26
92 91
92 93
92 94
92 96
92 108
92 130
92 133
92 135
93 91
93 92
93 94
93 96
93 108
93 109
93 135
94 96
94 108
94 93
94 103
94 105
94 288
94 109
94 135
94 92
94 97
95 97
95 98
95 100
95 134
95 188
95 507
95 519
95 521
95 548
95 552
96 92
96 93
96 94
96 97
96 133
96 507
96 548
96 552
97 94
97 95
97 96
97 98
97 100
97 101
97 102
97 103
97 105
97 106
98 95
98 97
98 99
98 100
98 101
98 103
98 106
98 514
98 515
98 521
99 98
99 100
99 101
99 514
100 95
100 97
100 98
100 99
100 103
100 514
100 515
100 518
100 520
100 521
101 106
101 103
101 97
101 517
101 514
101 98
101 516
101 99
101 102
101 292
102 105
102 106
102 101
102 288
102 292
102 97
102 293
102 104
102 517
102 103
103 102
103 101
103 292
103 97
103 108
103 514
103 94
103 106
103 105
103 100
104 107
104 291
104 94
104 102
104 293
104 109
104 288
104 105
104 292
104 106
105 292
105 108
105 106
105 102
105 97
105 109
105 103
105 293
105 288
105 104
106 288
106 97
106 101
106 103
106 105
106 104
106 293
106 98
106 102
106 518
107 104
107 109
107 110
107 111
107 284
107 287
107 288
108 104
108 111
108 103
108 291
108 109
108 288
108 91
108 93
108 94
108 105
109 93
109 105
109 104
109 94
109 102
109 292
109 103
109 288
109 293
109 107
110 107
110 111
110 112
110 181
110 284
110 285
110 287
110 290
111 104
111 107
111 108
111 109
111 110
111 112
111 284
111 288
111 290
111 291
112 91
112 110
112 111
112 113
112 136
112 139
112 181
113 91
113 112
113 135
113 136
113 137
113 139
113 140
114 449
114 451
114 150
114 116
114 180
114 179
114 452
114 117
114 395
114 450
115 118
115 398
115 116
115 448
115 522
115 524
115 120
115 117
115 523
115 395
116 150
116 448
116 117
116 450
116 398
116 114
116 115
116 449
116 120
116 451
117 116
117 121
117 450
117 150
117 152
117 114
117 457
117 179
117 115
117 448
118 127
118 119
118 122
118 115
118 522
118 524
118 538
118 176
118 539
118 123
119 395
119 116
119 539
119 115
119 118
119 123
119 524
119 523
119 122
119 522
120 115
120 116
120 117
120 119
120 121
120 123
120 150
120 180
120 448
121 117
121 120
121 150
121 151
121 152
121 158
121 179
122 118
122 119
122 123
122 124
122 127
122 463
122 522
122 523
122 539
123 115
123 118
123 119
123 120
123 122
123 395
123 522
123 523
123 539
124 62
124 122
124 148
124 463
125 11
125 19
125 32
125 59
125 142
125 433
125 579
126 168
126 131
126 171
126 163
126 167
126 169
126 627
126 164
126 172
126 170
127 118
127 122
127 170
127 171
127 175
127 176
127 178
127 538
127 539
128 20
128 578
128 585
128 597
128 598
129 23
129 24
130 359
130 139
130 35
130 91
130 360
130 137
130 135
130 26
130 22
130 92
131 167
131 165
131 519
131 162
131 187
131 126
131 573
131 168
131 164
131 188
132 134
132 503
132 502
132 505
132 580
132 581
132 25
132 47
132 29
132 553
133 26
133 27
133 39
133 92
133 96
133 134
133 358
133 359
134 549
134 188
134 504
134 95
134 581
134 133
134 48
134 505
134 506
134 507
135 26
135 91
135 92
135 93
135 94
135 113
135 130
135 136
135 137
135 139
136 91
136 112
136 113
136 130
136 135
136 137
136 139
136 140
137 91
137 113
137 130
137 135
137 136
137 138
137 139
137 359
137 360
138 19
138 137
138 142
138 360
138 362
139 91
139 112
139 113
139 130
139 135
139 136
139 137
139 140
140 113
140 136
140 139
140 142
140 143
141 64
141 142
141 143
141 145
141 146
142 125
142 138
142 140
142 141
142 143
143 64
143 140
143 141
143 142
144 67
144 70
144 71
144 147
144 149
144 160
144 161
144 173
144 174
145 141
145 146
145 149
145 174
146 64
146 141
146 145
146 174
147 160
147 144
147 435
147 588
147 60
147 173
147 7
147 436
147 149
147 71
148 6
148 7
148 10
148 11
148 61
148 62
148 124
148 434
148 435
148 436
149 7
149 60
149 144
149 145
149 147
149 160
149 433
149 434
150 114
150 448
150 450
150 121
150 158
150 116
150 457
150 152
150 179
150 120
151 448
151 456
151 183
151 114
151 150
151 155
151 121
151 450
151 179
151 454
152 157
152 153
152 155
152 158
152 151
152 150
152 457
152 117
152 179
152 183
153 152
153 447
153 155
153 158
153 610
153 179
153 154
153 446
153 183
153 151
154 183
154 184
154 157
154 447
154 609
154 331
154 455
154 610
154 536
154 458
155 151
155 180
155 453
155 153
155 447
155 457
155 152
155 455
155 454
155 158
156 1
156 4
156 54
156 61
156 620
156 622
156 623
157 158
157 155
157 153
157 183
157 154
157 184
157 185
157 447
157 152
157 446
158 152
158 157
158 121
158 610
158 150
158 447
158 180
158 179
158 183
158 153
159 3
159 589
159 50
159 599
159 90
159 52
159 436
159 51
159 595
159 186
160 89
160 88
160 149
160 144
160 435
160 173
160 51
160 436
160 161
160 147
161 147
161 588
161 51
161 89
161 144
161 3
161 71
161 160
161 88
161 173
162 167
162 573
162 126
162 266
162 627
162 187
162 572
162 168
162 164
162 264
163 187
163 167
163 168
163 188
163 573
163 264
163 126
163 266
163 164
163 166
164 172
164 266
164 167
164 162
164 169
164 627
164 131
164 166
164 163
164 168
165 494
165 495
165 496
165 168
165 572
165 162
165 163
165 169
165 571
165 568
166 269
166 573
166 163
166 189
166 568
166 571
166 267
166 187
166 266
166 264
167 172
167 265
167 188
167 189
167 627
167 264
167 267
167 166
167 573
167 169
168 177
168 131
168 165
168 567
168 163
168 169
168 627
168 496
168 162
168 170
169 556
169 415
169 170
169 627
169 168
169 167
169 264
169 126
169 263
169 164
170 494
170 175
170 169
170 496
170 176
170 627
170 171
170 172
170 168
170 345
171 176
171 168
171 172
171 127
171 175
171 170
171 126
171 495
171 169
171 177
172 126
172 178
172 162
172 170
172 165
172 495
172 494
172 164
172 171
172 627
173 67
173 70
173 71
173 89
173 144
173 147
173 160
173 161
173 174
174 67
174 70
174 71
174 144
174 145
174 146
174 173
175 127
175 522
175 171
175 118
175 178
175 345
175 539
175 170
175 523
175 538
176 538
176 537
176 523
176 348
176 539
176 345
176 171
176 127
176 347
176 118
177 169
177 418
177 349
177 348
177 170
177 493
177 495
177 176
177 178
177 168
178 348
178 171
178 345
178 496
178 494
178 176
178 418
178 493
178 537
178 347
179 117
179 448
179 455
179 456
179 457
179 153
179 121
179 155
179 116
179 151
180 155
180 448
180 458
180 114
180 150
180 120
180 457
180 158
180 117
180 456
181 110
181 112
181 182
181 289
182 181
182 777
182 847
183 446
183 447
183 609
183 155
183 154
183 153
183 184
183 185
183 610
183 444
184 183
184 609
184 153
184 154
184 185
184 446
184 157
184 610
184 447
184 530
185 183
185 85
185 157
185 446
185 445
185 184
185 447
185 593
185 546
185 590
186 50
186 590
186 446
186 589
186 595
186 592
186 591
186 593
186 90
186 185
187 131
187 189
187 572
187 406
187 167
187 162
187 407
187 166
187 267
187 270
188 519
188 167
188 572
188 164
188 95
188 187
188 163
188 134
188 405
188 166
189 519
189 131
189 270
189 266
189 267
189 167
189 165
189 188
189 166
189 265
190 191
190 192
190 193
190 195
190 295
190 298
190 335
190 338
190 555
191 194
191 296
191 555
191 298
191 297
191 196
191 295
191 195
191 192
191 302
192 190
192 191
192 193
192 195
192 196
192 298
193 190
193 191
193 192
193 195
193 196
193 197
194 299
194 295
194 298
194 302
194 195
194 301
194 191
194 297
194 296
194 304
195 193
195 297
195 298
195 190
195 192
195 194
195 295
195 302
195 191
195 296
196 191
196 192
196 193
196 195
196 197
197 193
197 196
197 199
198 194
198 199
198 200
198 300
199 197
199 198
199 200
199 300
200 198
200 199
200 225
201 203
201 204
202 206
202 207
202 386
202 387
202 388
202 390
202 466
203 201
203 605
204 201
204 207
205 230
205 231
205 232
205 233
206 202
206 207
206 211
206 387
206 388
206 465
206 466
207 202
207 204
207 206
207 466
208 231
209 328
209 327
209 330
209 212
209 234
209 329
209 237
209 236
209 235
209 213
210 211
210 212
210 215
210 467
210 468
210 469
210 472
210 475
210 477
210 478
211 206
211 210
211 212
211 213
211 215
211 467
211 468
211 477
212 478
212 211
212 477
212 214
212 472
212 215
212 218
212 217
212 237
212 213
213 332
213 478
213 211
213 218
213 209
213 472
213 217
213 220
213 237
213 215
214 481
214 219
214 212
214 565
214 475
214 564
214 476
214 308
214 477
214 482
215 473
215 210
215 217
215 213
215 475
215 565
215 472
215 211
215 564
215 220
216 454
216 458
216 334
216 564
216 220
216 483
216 331
216 333
216 456
216 237
217 213
217 218
217 212
217 479
217 216
217 472
217 237
217 214
217 215
217 332
218 214
218 481
218 480
218 479
218 482
218 217
218 237
218 565
218 216
218 624
219 565
219 214
219 474
219 472
219 473
219 308
219 564
219 478
219 481
219 311
220 481
220 483
220 564
220 565
220 624
220 213
220 215
220 332
220 214
220 333
222 223
222 281
222 282
222 607
223 222
223 224
223 282
223 283
223 607
224 223
225 200
225 226
226 225
226 228
227 484
228 226
228 230
229 487
229 488
230 205
230 228
230 233
231 205
231 208
231 232
231 323
232 205
232 231
232 233
232 489
232 492
233 205
233 230
233 232
233 489
233 492
234 209
234 235
234 238
234 323
234 329
235 236
235 324
235 531
235 327
235 329
235 330
235 534
235 234
235 238
235 535
236 334
236 327
236 331
236 609
236 328
236 453
236 332
236 534
236 235
236 329
237 236
237 238
237 209
237 332
237 212
237 213
237 330
237 218
237 327
237 217
238 235
238 209
238 535
238 237
238 330
238 531
238 234
238 236
238 329
238 328
239 241
239 278
240 241
240 244
240 259
240 262
241 239
241 240
241 244
242 245
242 280
243 244
243 255
243 259
244 240
244 241
244 243
244 259
245 242
245 749
246 65
246 749
246 847
246 850
246 899
246 901
246 908
246 909
247 68
247 72
247 248
247 258
248 68
248 247
248 255
249 910
249 908
249 900
249 865
249 909
249 66
249 69
249 901
249 899
249 65
251 258
251 75
251 84
251 72
251 74
251 253
251 78
251 77
251 79
251 257
252 68
252 72
252 73
252 77
252 253
252 900
253 76
253 77
253 78
253 79
253 251
253 252
253 625
254 76
254 78
254 79
254 81
254 82
254 84
254 257
254 437
255 243
255 248
255 256
255 258
256 255
256 259
256 260
256 261
256 262
257 72
257 76
257 77
257 78
257 79
257 251
257 254
257 258
258 72
258 77
258 247
258 251
258 255
258 257
258 260
259 240
259 243
259 244
259 256
259 261
259 262
260 256
260 258
260 261
260 262
261 256
261 259
261 260
261 262
262 240
262 256
262 259
262 260
262 261
263 566
263 562
263 557
263 559
263 568
263 416
263 601
263 169
263 165
263 496
264 572
264 627
264 571
264 567
264 496
264 265
264 266
264 573
264 165
264 189
265 189
265 270
265 569
265 557
265 601
265 263
265 567
265 559
265 414
265 380
266 269
266 573
266 263
266 571
266 627
266 167
266 270
266 165
266 572
266 189
267 571
267 271
267 572
267 187
267 268
267 166
267 380
267 568
267 272
267 167
268 572
268 519
268 270
268 410
268 406
268 411
268 187
268 269
268 267
268 628
269 272
269 271
269 380
269 405
269 275
269 166
269 266
269 569
269 573
269 571
270 603
270 166
270 264
270 266
270 189
270 405
270 380
270 274
270 602
270 628
271 267
271 276
271 277
271 413
271 272
271 269
271 275
271 572
271 569
271 570
272 406
272 275
272 271
272 405
272 340
272 277
272 628
272 269
272 410
272 268
273 554
273 342
273 382
273 277
273 570
273 276
273 341
273 413
273 269
273 271
274 342
274 343
274 277
274 628
274 380
274 270
274 381
274 273
274 413
274 275
275 628
275 340
275 273
275 274
275 272
275 408
275 411
275 277
275 572
275 407
276 408
276 344
276 413
276 277
276 410
276 275
276 271
276 382
276 273
276 409
277 412
277 340
277 276
277 343
277 413
277 409
277 342
277 379
277 628
277 271
278 239
278 281
279 280
279 281
279 282
279 283
279 286
280 242
280 279
280 285
280 753
281 222
281 278
281 279
281 282
282 222
282 223
282 279
282 281
282 283
282 607
283 223
283 279
283 282
283 286
283 607
283 608
284 107
284 110
284 111
284 287
284 290
285 110
285 280
285 286
285 655
285 753
285 757
285 776
285 779
286 279
286 283
286 285
287 107
287 110
287 284
287 293
288 291
288 293
288 105
288 94
288 292
288 106
288 103
288 104
288 109
288 102
289 181
289 290
289 846
289 847
289 848
289 849
289 901
290 110
290 111
290 284
290 289
290 291
291 104
291 108
291 109
291 111
291 288
291 290
291 518
292 101
292 102
292 103
292 104
292 105
292 106
292 109
292 288
292 293
292 517
293 102
293 104
293 105
293 106
293 109
293 287
293 288
293 292
293 517
293 608
294 338
294 299
294 378
294 554
294 344
294 343
294 342
294 339
294 555
294 295
295 294
295 195
295 339
295 297
295 555
295 191
295 301
295 299
295 298
295 190
296 300
296 191
296 304
296 295
296 298
296 614
296 299
296 297
296 302
296 195
297 296
297 194
297 299
297 301
297 195
297 339
297 302
297 294
297 378
297 298
298 296
298 191
298 302
298 190
298 192
298 295
298 299
298 301
298 300
298 194
299 194
299 297
299 304
299 298
299 296
299 379
299 378
299 614
299 294
299 305
300 194
300 195
300 198
300 199
300 296
300 297
300 298
300 299
300 302
300 304
301 298
301 294
301 295
301 302
301 554
301 555
301 297
301 296
301 378
301 339
302 614
302 195
302 298
302 300
302 295
302 301
302 299
302 296
302 555
302 194
303 305
303 306
303 379
303 381
303 382
303 384
303 385
303 615
304 194
304 296
304 298
304 299
304 300
304 301
304 302
304 305
304 615
305 299
305 303
305 304
305 306
305 606
305 615
306 303
306 305
306 366
306 384
306 510
306 511
306 513
306 604
306 606
307 565
307 481
307 624
307 312
307 474
307 472
307 574
307 309
307 219
307 308
308 309
308 219
308 565
308 481
308 307
308 452
308 624
308 475
308 574
308 449
309 476
309 312
309 307
309 452
309 624
309 574
309 310
309 313
309 451
309 473
310 529
310 425
310 528
310 399
310 400
310 424
310 574
310 355
310 403
310 402
311 471
311 317
311 309
311 474
311 427
311 473
311 308
311 428
311 425
311 307
312 425
312 315
312 624
312 474
312 219
312 574
312 476
312 313
312 473
312 311
313 527
313 309
313 310
313 317
313 428
313 312
313 574
313 471
313 429
313 321
314 312
314 318
314 427
314 316
314 320
314 319
314 370
314 313
314 376
314 311
315 313
315 469
315 394
315 321
315 475
315 371
315 311
315 474
315 427
315 314
316 470
316 319
316 369
316 424
316 371
316 475
316 474
316 427
316 425
316 370
317 429
317 319
317 311
317 469
317 471
317 321
317 320
317 318
317 425
317 427
318 428
318 393
318 314
318 371
318 471
318 394
318 429
318 319
318 313
318 392
319 389
319 469
319 314
319 321
319 470
319 322
319 392
319 467
319 394
319 471
320 394
320 428
320 311
320 470
320 392
320 319
320 322
320 318
320 371
320 389
321 319
321 369
321 471
321 373
321 427
321 371
321 428
321 370
321 314
321 322
322 320
322 371
322 513
322 317
322 391
322 393
322 511
322 392
322 389
322 369
323 231
323 234
323 235
323 324
323 326
323 442
324 238
324 235
324 328
324 323
324 533
324 531
324 535
324 536
324 442
324 534
325 326
325 488
325 491
325 492
326 323
326 325
326 442
326 492
327 333
327 236
327 536
327 328
327 534
327 533
327 331
327 235
327 332
327 535
328 535
328 238
328 331
328 235
328 327
328 324
328 536
328 533
328 531
328 332
329 234
329 235
329 238
329 324
329 532
329 535
329 236
329 209
329 533
329 328
330 536
330 534
330 236
330 209
330 237
330 329
330 334
330 535
330 609
330 328
331 455
331 333
331 329
331 534
331 535
331 327
331 330
331 609
331 328
331 444
332 331
332 458
332 236
332 482
332 220
332 218
332 536
332 483
332 213
332 333
333 327
333 536
333 218
333 220
333 216
333 334
333 330
333 236
333 482
333 454
334 327
334 236
334 237
334 480
334 535
334 479
334 328
334 454
334 458
334 609
335 190
335 337
336 338
336 515
336 410
336 411
336 406
336 340
336 413
336 407
336 412
336 409
337 335
337 516
338 336
338 409
338 294
338 554
338 344
338 339
338 340
338 190
338 295
338 555
339 338
339 344
339 340
339 297
339 409
339 294
339 341
339 301
339 343
339 342
340 628
340 382
340 412
340 408
340 409
340 273
340 554
340 344
340 277
340 413
341 412
341 343
341 339
341 378
341 344
341 413
341 277
341 276
341 273
341 294
342 340
342 378
342 379
342 409
342 412
342 343
342 276
342 344
342 614
342 341
343 274
343 276
343 379
343 382
343 294
343 341
343 378
343 614
343 340
343 615
344 274
344 338
344 294
344 409
344 614
344 379
344 342
344 382
344 343
344 412
345 178
345 176
345 415
345 346
345 493
345 347
345 495
345 417
345 538
345 421
346 349
346 538
346 177
346 420
346 347
346 494
346 352
346 351
346 353
346 176
347 537
347 500
347 351
347 418
347 525
347 538
347 401
347 176
347 404
347 178
348 351
348 417
348 353
348 498
348 537
348 421
348 422
348 175
348 346
348 345
349 415
349 423
349 346
349 422
349 420
349 611
349 403
349 352
349 419
349 421
350 422
350 376
350 353
350 417
350 415
350 419
350 356
350 418
350 354
350 421
351 499
351 396
351 403
351 401
351 349
351 346
351 422
351 399
351 402
351 529
352 402
352 526
352 497
352 356
352 349
352 347
352 426
352 348
352 422
352 400
353 354
353 348
353 347
353 356
353 403
353 349
353 526
353 404
353 402
353 377
354 376
354 356
354 377
354 611
354 350
354 431
354 353
354 355
354 402
354 421
355 430
355 377
355 351
355 528
355 527
355 402
355 356
355 499
355 425
355 431
356 351
356 421
356 352
356 528
356 499
356 498
356 350
356 402
356 431
356 527
357 504
357 30
357 550
357 581
357 501
357 503
357 47
357 551
357 502
357 549
358 26
358 27
358 38
358 39
358 133
358 359
359 361
359 22
359 130
359 27
359 360
359 35
359 39
359 26
359 137
359 358
360 137
360 130
360 39
360 27
360 359
360 26
360 138
360 362
360 361
360 35
361 19
361 22
361 32
361 34
361 35
361 359
361 360
361 362
361 579
362 19
362 22
362 32
362 34
362 35
362 42
362 138
362 360
362 361
362 579
363 561
363 559
363 368
363 569
363 558
363 560
363 603
363 563
363 562
363 383
364 420
364 417
364 363
364 601
364 419
364 557
364 365
364 562
364 414
364 423
365 603
365 363
365 562
365 602
365 383
365 561
365 372
365 366
365 364
365 563
366 368
366 509
366 510
366 512
366 365
366 511
366 306
366 383
366 384
366 372
367 613
367 611
367 423
367 372
367 366
367 612
367 368
367 364
367 375
367 363
368 365
368 561
368 372
368 367
368 612
368 562
368 374
368 366
368 509
368 563
369 371
369 425
369 394
369 373
369 427
369 430
369 376
369 611
369 375
369 374
370 428
370 376
370 316
370 427
370 321
370 314
370 374
370 394
370 318
370 319
371 313
371 471
371 373
371 315
371 317
371 314
371 319
371 375
371 320
371 369
372 376
372 370
372 375
372 369
372 613
372 373
372 368
372 511
372 512
372 366
373 393
373 512
373 321
373 370
373 389
373 511
373 369
373 367
373 428
373 372
374 420
374 367
374 370
374 375
374 612
374 417
374 421
374 613
374 611
374 430
375 372
375 369
375 374
375 377
375 370
375 429
375 367
375 613
375 376
375 427
376 428
376 424
376 372
376 420
376 354
376 350
376 371
376 355
376 611
376 427
377 431
377 355
377 354
377 353
377 349
377 611
377 613
377 350
377 417
377 376
378 299
378 341
378 379
378 382
378 273
378 614
378 340
378 409
378 554
378 342
379 381
379 301
379 615
379 303
379 614
379 342
379 273
379 382
379 299
379 294
380 571
380 560
380 274
380 269
380 570
380 602
380 381
380 385
380 271
380 265
381 384
381 615
381 382
381 274
381 628
381 380
381 343
381 379
381 510
381 385
382 570
382 273
382 381
382 554
382 340
382 341
382 615
382 344
382 274
382 276
383 365
383 560
383 563
383 380
383 510
383 385
383 569
383 384
383 363
383 602
384 303
384 306
384 366
384 381
384 383
384 385
384 509
384 510
385 384
385 303
385 510
385 603
385 381
385 383
385 380
385 382
385 509
385 570
386 202
386 387
386 388
386 389
386 390
386 391
386 465
386 513
386 604
386 605
387 386
387 389
387 466
387 390
387 393
387 206
387 465
387 604
387 388
387 202
388 202
388 206
388 386
388 387
388 389
388 390
388 391
388 393
388 465
388 466
389 386
389 512
389 465
389 513
389 319
389 322
389 373
389 391
389 387
389 393
390 604
390 465
390 386
390 393
390 466
390 387
390 391
390 392
390 394
390 202
391 389
391 513
391 388
391 465
391 469
391 386
391 392
391 319
391 604
391 387
392 511
392 318
392 319
392 604
392 322
392 370
392 465
392 394
392 391
392 321
393 392
393 387
393 322
393 389
393 320
393 469
393 319
393 321
393 512
393 465
394 392
394 320
394 512
394 513
394 322
394 391
394 373
394 393
394 321
394 369
395 450
395 523
395 451
395 525
395 115
395 123
395 116
395 401
395 396
395 522
396 626
396 497
396 398
396 538
396 524
396 499
396 525
396 404
396 522
396 400
397 525
397 404
397 574
397 451
397 498
397 528
397 309
397 527
397 424
397 310
398 397
398 395
398 497
398 396
398 574
398 525
398 309
398 451
398 401
398 116
399 353
399 499
399 537
399 347
399 424
399 356
399 528
399 401
399 525
399 529
400 500
400 497
400 424
400 537
400 356
400 402
400 431
400 498
400 396
400 355
401 500
401 626
401 351
401 499
401 525
401 537
401 398
401 524
401 347
401 399
402 527
402 310
402 497
402 500
402 431
402 352
402 354
402 404
402 430
402 626
403 399
403 404
403 352
403 351
403 401
403 498
403 499
403 528
403 525
403 500
404 402
404 527
404 403
404 353
404 574
404 497
404 310
404 499
404 355
404 431
405 573
405 269
405 408
405 275
405 412
405 188
405 276
405 189
405 187
405 272
406 573
406 412
406 340
406 408
406 515
406 410
406 272
406 275
406 407
406 268
407 340
407 275
407 274
407 408
407 271
407 406
407 277
407 410
407 411
407 628
408 341
408 340
408 410
408 271
408 277
408 407
408 344
408 342
408 413
408 343
409 275
409 406
409 411
409 410
409 344
409 273
409 341
409 407
409 340
409 412
410 408
410 272
410 274
410 341
410 409
410 412
410 276
410 407
410 277
410 411
411 405
411 515
411 340
411 413
411 272
411 406
411 341
411 277
411 275
411 268
412 342
412 275
412 406
412 344
412 336
412 341
412 515
412 410
412 272
412 273
413 340
413 276
413 275
413 405
413 336
413 277
413 268
413 628
413 412
413 271
414 562
414 419
414 566
414 558
414 493
414 263
414 423
414 364
414 416
414 265
415 612
415 562
415 493
415 177
415 613
415 557
415 350
415 169
415 422
415 561
416 493
416 419
416 420
416 556
416 496
416 562
416 557
416 417
416 263
416 494
417 415
417 613
417 367
417 349
417 416
417 611
417 346
417 352
417 421
417 377
418 345
418 349
418 422
418 348
418 496
418 612
418 419
418 567
418 420
418 421
419 557
419 420
419 612
419 613
419 349
419 414
419 415
419 494
419 422
419 350
420 611
420 352
420 422
420 368
420 375
420 353
420 374
420 423
420 350
420 349
421 350
421 426
421 613
421 346
421 420
421 348
421 356
421 347
421 354
421 415
422 493
422 374
422 416
422 415
422 417
422 421
422 348
422 352
422 611
422 346
423 419
423 349
423 493
423 414
423 611
423 557
423 417
423 420
423 346
423 496
424 526
424 426
424 626
424 527
424 376
424 355
424 310
424 316
424 356
424 425
425 529
425 527
425 526
425 317
425 426
425 311
425 528
425 424
425 371
425 316
426 421
426 526
426 399
426 431
426 353
426 404
426 352
426 430
426 424
426 376
427 425
427 321
427 424
427 311
427 314
427 369
427 370
427 318
427 315
427 316
428 424
428 371
428 429
428 317
428 369
428 425
428 427
428 314
428 316
428 373
429 373
429 314
429 311
429 369
429 428
429 317
429 370
429 371
429 376
429 375
430 611
430 400
430 528
430 431
430 374
430 313
430 376
430 404
430 355
430 377
431 425
431 353
431 402
431 430
431 528
431 376
431 354
431 310
431 403
431 426
432 56
432 11
432 433
432 58
432 13
432 10
432 59
432 15
432 14
432 586
433 7
433 10
433 11
433 59
433 60
433 125
433 149
433 432
433 434
434 433
434 62
434 7
434 148
434 59
434 435
434 436
434 11
434 10
434 61
435 6
435 160
435 3
435 51
435 61
435 10
435 588
435 147
435 436
435 7
436 588
436 61
436 51
436 148
436 147
436 435
436 7
436 3
436 161
436 6
437 81
437 82
437 254
437 439
438 80
438 82
438 83
438 86
438 445
439 437
440 441
440 442
440 530
440 532
441 324
441 440
441 442
441 444
441 530
441 532
441 533
442 323
442 324
442 326
442 440
442 441
443 86
443 625
444 533
444 536
444 441
444 610
444 453
444 530
444 447
444 535
444 183
444 331
445 83
445 85
445 86
445 185
445 438
445 446
445 530
445 546
445 590
445 593
446 546
446 85
446 444
446 184
446 593
446 185
446 183
446 153
446 445
446 447
447 157
447 444
447 610
447 609
447 185
447 154
447 183
447 184
447 155
447 446
448 120
448 457
448 114
448 116
448 151
448 449
448 456
448 179
448 451
448 395
449 456
449 114
449 452
449 116
449 308
449 565
449 481
449 624
449 451
449 448
450 117
450 451
450 116
450 481
450 179
450 180
450 151
450 150
450 448
450 452
451 448
451 114
451 307
451 456
451 624
451 452
451 309
451 116
451 398
451 450
452 565
452 450
452 624
452 308
452 481
452 449
452 114
452 476
452 307
452 398
453 536
453 332
453 236
453 151
453 155
453 331
453 330
453 454
453 334
453 216
454 334
454 151
454 456
454 179
454 154
454 458
454 453
454 332
454 480
454 216
455 332
455 480
455 482
455 151
455 155
455 483
455 454
455 179
455 535
455 333
456 151
456 481
456 448
456 455
456 449
456 180
456 457
456 454
456 451
456 450
457 180
457 151
457 117
457 479
457 150
457 453
457 456
457 483
457 480
457 458
458 610
458 482
458 483
458 457
458 154
458 180
458 480
458 455
458 479
458 454
459 582
459 40
459 577
459 18
459 585
459 33
459 464
459 583
459 597
459 587
460 41
460 578
460 18
460 17
460 20
460 21
460 14
460 464
460 13
460 12
461 597
461 584
461 576
461 18
461 56
461 21
461 20
461 42
461 598
461 14
462 596
462 33
462 16
462 15
462 578
462 583
462 40
462 12
462 577
462 461
463 576
463 577
463 43
463 587
463 124
463 14
463 596
463 45
463 464
463 16
464 20
464 460
464 576
464 44
464 583
464 41
464 16
464 43
464 597
464 462
465 468
465 469
465 320
465 391
465 393
465 466
465 467
465 386
465 392
465 389
466 202
466 206
466 207
466 387
466 388
466 390
466 465
467 315
467 470
467 477
467 475
467 469
467 210
467 471
467 473
467 211
467 468
468 210
468 211
468 465
468 467
468 469
468 471
468 477
469 315
469 471
469 320
469 318
469 210
469 470
469 317
469 468
469 389
469 465
470 471
470 475
470 320
470 467
470 322
470 315
470 317
470 318
470 311
470 393
471 319
471 394
471 312
471 474
471 468
471 475
471 313
471 470
471 320
471 467
472 218
472 214
472 473
472 477
472 624
472 476
472 212
472 215
472 210
472 307
473 475
473 471
473 308
473 624
473 472
473 219
473 467
473 565
473 476
473 312
474 565
474 312
474 574
474 309
474 478
474 624
474 315
474 311
474 314
474 308
475 467
475 215
475 474
475 313
475 311
475 470
475 214
475 315
475 469
475 473
476 308
476 478
476 475
476 309
476 219
476 564
476 311
476 474
476 214
476 481
477 468
477 469
477 215
477 467
477 473
477 212
477 471
477 472
477 211
477 210
478 476
478 210
478 214
478 473
478 565
478 624
478 217
478 474
478 213
478 307
479 456
479 453
479 483
479 454
479 217
479 332
479 458
479 216
479 457
479 334
480 332
480 481
480 214
480 483
480 564
480 457
480 565
480 218
480 333
480 220
481 451
481 472
481 456
481 219
481 449
481 564
481 450
481 307
481 309
481 114
482 216
482 564
482 455
482 458
482 220
482 565
482 457
482 218
482 483
482 334
483 457
483 456
483 179
483 479
483 482
483 220
483 151
483 218
483 564
483 332
484 227
486 487
487 229
487 486
488 229
488 325
488 489
488 492
489 232
489 233
489 488
489 492
491 325
492 232
492 233
492 325
492 326
492 488
492 489
493 414
493 263
493 178
493 348
493 423
493 419
493 177
493 421
493 345
493 496
494 172
494 493
494 165
494 177
494 419
494 556
494 627
494 263
494 416
494 178
495 496
495 176
495 171
495 172
495 168
495 418
495 567
495 493
495 627
495 345
496 416
496 627
496 414
496 495
496 423
496 493
496 556
496 417
496 264
496 177
497 524
497 401
497 528
497 397
497 404
497 399
497 403
497 499
497 396
497 525
498 426
498 349
498 575
498 499
498 352
498 397
498 525
498 526
498 356
498 396
499 537
499 400
499 497
499 426
499 348
499 401
499 403
499 353
499 528
499 526
500 397
500 349
500 529
500 401
500 527
500 526
500 356
500 426
500 396
500 400
501 29
501 46
501 550
501 580
501 581
501 504
501 49
501 551
501 357
501 48
502 619
502 549
502 501
502 553
502 132
502 47
502 503
502 504
502 49
502 357
503 29
503 47
503 48
503 505
503 580
503 553
503 502
503 549
503 551
503 619
504 502
504 46
504 550
504 551
504 31
504 29
504 507
504 501
504 580
504 134
505 49
505 617
505 134
505 29
505 357
505 506
505 619
505 553
505 30
505 549
506 49
506 31
506 550
506 503
506 619
506 46
506 580
506 502
506 501
506 617
507 95
507 96
507 134
507 504
507 548
507 549
507 551
507 552
509 384
509 385
509 368
509 365
509 560
509 563
509 569
509 602
509 380
509 510
510 306
510 366
510 381
510 383
510 384
510 385
510 509
510 511
510 563
511 306
511 322
511 366
511 372
511 373
511 392
511 510
511 512
511 513
511 604
512 322
512 370
512 513
512 393
512 389
512 392
512 511
512 373
512 604
512 366
513 394
513 322
513 393
513 386
513 512
513 389
513 392
513 366
513 391
513 511
514 98
514 99
514 100
514 101
514 103
514 106
514 515
514 521
515 100
515 514
515 411
515 407
515 336
515 519
515 405
515 101
515 98
515 521
516 101
516 337
516 517
517 101
517 102
517 106
517 292
517 293
517 516
517 608
518 100
518 106
518 291
518 520
519 188
519 189
519 187
519 268
519 405
519 515
519 521
519 406
519 573
519 131
520 100
520 518
521 95
521 98
521 100
521 406
521 514
521 515
521 519
522 538
522 525
522 175
522 537
522 115
522 539
522 123
522 523
522 122
522 524
523 522
523 396
523 539
523 395
523 524
523 115
523 175
523 118
523 525
523 537
524 522
524 401
524 118
524 497
524 525
524 538
524 396
524 537
524 395
524 115
525 397
525 538
525 537
525 500
525 398
525 522
525 524
525 498
525 399
525 348
526 351
526 356
526 575
526 397
526 401
526 310
526 402
526 529
526 355
526 353
527 426
527 355
527 526
527 424
527 310
527 403
527 397
527 351
527 353
527 401
528 401
528 353
528 575
528 526
528 351
528 356
528 313
528 497
528 529
528 527
529 401
529 575
529 526
529 500
529 356
529 355
529 313
529 397
529 400
529 431
530 184
530 440
530 441
530 444
530 445
530 532
531 609
531 536
531 532
531 533
531 329
531 328
531 330
531 324
531 331
531 238
532 536
532 440
532 441
532 324
532 329
532 534
532 535
532 609
532 444
532 530
533 534
533 441
533 235
533 535
533 329
533 327
533 532
533 324
533 328
533 531
534 329
534 609
534 531
534 235
534 330
534 533
534 324
534 327
534 238
534 536
535 329
535 333
535 332
535 154
535 444
535 330
535 453
535 327
535 531
535 324
536 236
536 453
536 154
536 533
536 609
536 329
536 327
536 324
536 531
536 535
537 348
537 396
537 347
537 345
537 400
537 498
537 525
537 349
537 523
537 351
538 346
538 523
538 539
538 118
538 537
538 345
538 176
538 524
538 348
538 522
539 175
539 538
539 115
539 522
539 525
539 127
539 123
539 119
539 537
539 178
540 600
540 2
540 595
540 593
540 53
540 5
540 52
540 546
540 85
540 1
541 599
541 622
541 620
541 53
541 0
541 594
541 55
541 5
541 544
541 1
542 623
542 543
542 1
542 2
542 540
542 592
542 544
542 5
542 50
542 545
543 50
543 0
543 55
543 594
543 588
543 591
543 5
543 595
543 599
543 600
544 55
544 595
544 0
544 53
544 186
544 600
544 540
544 591
544 590
544 2
545 50
545 53
545 52
545 1
545 591
545 540
545 592
545 54
545 542
545 541
546 87
546 185
546 50
546 593
546 186
546 540
546 591
546 595
546 446
546 590
547 80
547 82
548 95
548 96
548 134
548 504
548 507
548 549
548 551
548 552
549 503
549 30
549 49
549 134
549 48
549 619
549 580
549 502
549 507
549 357
550 49
550 502
550 580
550 503
550 504
550 48
550 553
550 581
550 132
550 551
551 580
551 505
551 550
551 46
551 357
551 29
551 31
551 549
551 553
551 581
552 95
552 96
552 134
552 504
552 507
552 548
552 549
552 551
553 506
553 48
553 29
553 357
553 550
553 31
553 551
553 504
553 503
553 47
554 614
554 339
554 295
554 408
554 340
554 409
554 294
554 341
554 555
554 378
555 191
555 301
555 302
555 195
555 298
555 338
555 295
555 299
555 554
555 194
556 496
556 567
556 562
556 418
556 415
556 612
556 561
556 416
556 364
556 568
557 566
557 414
557 601
557 265
557 568
557 562
557 496
557 493
557 558
557 423
558 601
558 556
558 563
558 567
558 416
558 265
558 562
558 414
558 569
558 602
559 563
559 561
559 416
559 567
559 562
559 603
559 566
559 265
559 601
559 602
560 368
560 383
560 603
560 559
560 566
560 563
560 363
560 569
560 558
560 602
561 566
561 568
561 414
561 263
561 601
561 556
561 612
561 559
561 558
561 365
562 423
562 263
562 414
562 558
562 566
562 365
562 568
562 557
562 368
562 559
563 602
563 603
563 365
563 368
563 367
563 558
563 569
563 363
563 383
563 509
564 218
564 219
564 472
564 482
564 216
564 624
564 481
564 213
564 220
564 217
565 219
565 215
565 472
565 214
565 473
565 218
565 449
565 307
565 309
565 452
566 415
566 556
566 263
566 561
566 165
566 601
566 562
566 567
566 558
566 559
567 168
567 568
567 559
567 263
567 165
567 416
567 561
567 414
567 493
567 494
568 569
568 263
568 166
568 559
568 627
568 266
568 560
568 557
568 561
568 165
569 267
569 363
569 383
569 558
569 509
569 570
569 380
569 560
569 601
569 265
570 270
570 273
570 267
570 271
570 272
570 269
570 569
570 382
570 380
570 274
571 167
571 566
571 569
571 380
571 269
571 263
571 573
571 265
571 603
571 568
572 189
572 165
572 163
572 166
572 187
572 267
572 269
572 167
572 266
572 271
573 187
573 405
573 571
573 268
573 162
573 131
573 267
573 269
573 270
573 275
574 626
574 313
574 312
574 624
574 309
574 307
574 529
574 310
574 404
574 575
575 431
575 425
575 528
575 404
575 399
575 400
575 309
575 527
575 397
575 310
576 44
576 585
576 45
576 461
576 17
576 583
576 462
576 598
576 464
576 582
577 44
577 597
577 33
577 21
577 464
577 40
577 618
577 459
577 45
577 461
578 56
578 18
578 576
578 17
578 128
578 45
578 40
578 461
578 585
578 583
579 19
579 20
579 32
579 34
579 40
579 42
579 125
579 361
579 362
579 578
580 49
580 29
580 553
580 617
580 47
580 31
580 132
580 30
580 619
580 549
581 549
581 551
581 25
581 619
581 502
581 501
581 580
581 504
581 134
581 48
582 40
582 43
582 597
582 583
582 463
582 598
582 16
582 41
582 459
582 12
583 577
583 598
583 16
583 587
583 56
583 578
583 461
583 18
583 460
583 462
584 585
584 56
584 17
584 461
584 44
584 12
584 43
584 463
584 587
584 583
585 582
585 17
585 597
585 15
585 577
585 13
585 464
585 463
585 43
585 18
586 18
586 14
586 12
586 464
586 577
586 58
586 584
586 461
586 20
586 45
587 12
587 43
587 596
587 18
587 33
587 576
587 45
587 21
587 14
587 56
588 161
588 436
588 2
588 51
588 3
588 88
588 589
588 147
588 543
588 435
589 591
589 53
589 2
589 0
589 542
589 541
589 588
589 594
589 50
589 55
590 445
590 594
590 593
590 540
590 87
590 50
590 592
590 546
590 595
590 90
591 592
591 0
591 600
591 5
591 599
591 159
591 620
591 594
591 2
591 55
592 52
592 620
592 85
592 593
592 599
592 590
592 594
592 543
592 540
592 546
593 546
593 50
593 595
593 87
593 544
593 445
593 186
593 591
593 185
593 540
594 595
594 589
594 593
594 591
594 620
594 52
594 600
594 55
594 545
594 53
595 591
595 53
595 186
595 85
595 541
595 55
595 590
595 594
595 2
595 620
596 461
596 460
596 56
596 11
596 587
596 12
596 8
596 462
596 58
596 463
597 56
597 20
597 464
597 14
597 587
597 43
597 461
597 42
597 17
597 584
598 18
598 45
598 583
598 128
598 459
598 577
598 42
598 586
598 21
598 463
599 1
599 594
599 591
599 595
599 600
599 542
599 592
599 52
599 2
599 543
600 591
600 592
600 623
600 1
600 540
600 0
600 595
600 54
600 541
600 50
601 265
601 363
601 563
601 416
601 603
601 556
601 566
601 559
601 263
601 557
602 365
602 383
602 559
602 270
602 566
602 571
602 269
602 569
602 601
602 380
603 571
603 509
603 270
603 269
603 380
603 570
603 383
603 563
603 569
603 363
604 306
604 513
604 512
604 389
604 511
604 387
604 392
604 390
604 386
604 391
605 203
605 386
605 606
606 305
606 306
606 605
607 222
607 223
607 282
607 283
607 608
608 283
608 293
608 517
608 607
609 536
609 236
609 330
609 153
609 531
609 453
609 447
609 183
609 532
609 184
610 536
610 609
610 331
610 183
610 446
610 184
610 455
610 453
610 447
610 154
611 423
611 377
611 369
611 367
611 376
611 422
611 372
611 421
611 354
611 375
612 367
612 415
612 417
612 349
612 374
612 375
612 421
612 420
612 561
612 365
613 419
613 417
613 349
613 368
613 375
613 365
613 367
613 374
613 422
613 372
614 379
614 555
614 295
614 302
614 342
614 299
614 554
614 339
614 615
614 296
615 303
615 305
615 378
615 299
615 554
615 381
615 304
615 614
615 379
615 382
616 21
616 25
616 33
616 36
616 37
616 40
616 576
616 617
616 618
617 506
617 580
617 47
617 616
617 618
617 502
617 505
617 619
617 48
617 25
618 33
618 18
618 617
618 577
618 45
618 25
618 21
618 616
618 36
618 41
619 503
619 581
619 617
619 48
619 36
619 49
619 47
619 46
619 549
619 501
620 591
620 0
620 55
620 543
620 2
620 54
620 52
620 1
620 594
620 542
621 4
621 8
621 9
621 12
621 13
621 54
621 63
621 463
621 622
621 623
622 541
622 63
622 156
622 57
622 54
622 1
622 55
622 623
622 621
622 53
623 541
623 54
623 63
623 5
623 1
623 545
623 0
623 600
623 599
623 621
624 451
624 472
624 565
624 219
624 452
624 478
624 574
624 309
624 308
624 307
625 76
625 81
625 82
625 86
625 253
625 443
626 499
626 574
626 310
626 575
626 528
626 400
626 355
626 529
626 431
626 404
627 496
627 264
627 263
627 494
627 162
627 266
627 566
627 164
627 166
627 172
628 277
628 269
628 409
628 274
628 271
628 273
628 410
628 268
628 381
628 413
629 760
629 762
629 758
629 748
629 813
629 759
629 723
629 751
629 761
629 812
630 764
630 724
630 635
630 746
630 813
630 748
630 727
630 763
630 631
630 761
631 813
631 632
631 763
631 733
631 812
631 760
631 746
631 635
631 722
631 633
632 840
632 747
632 813
632 721
632 758
632 635
632 839
632 759
632 812
632 800
633 631
633 912
633 732
633 730
633 748
633 733
633 813
633 635
633 815
633 632
634 760
634 764
634 631
634 728
634 815
634 812
634 763
634 912
634 724
634 813
635 729
635 812
635 636
635 747
635 815
635 630
635 799
635 879
635 813
635 631
636 822
636 930
636 640
636 800
636 637
636 799
636 725
636 638
636 732
636 639
637 725
637 732
637 641
637 645
637 639
637 921
637 820
637 731
637 638
637 794
638 635
638 879
638 633
638 820
638 639
638 731
638 637
638 821
638 732
638 636
639 645
639 852
639 929
639 921
639 642
639 821
639 641
639 636
639 640
639 644
640 823
640 642
640 929
640 930
640 636
640 644
640 725
640 645
640 820
640 852
641 645
641 820
641 639
641 637
641 795
641 642
641 644
641 794
641 921
641 725
642 639
642 795
642 794
642 640
642 644
642 637
642 645
642 929
642 797
642 921
643 644
643 645
643 646
643 649
643 795
643 797
643 801
643 802
643 803
643 927
644 641
644 797
644 639
644 640
644 854
644 645
644 802
644 643
644 921
644 927
645 854
645 644
645 637
645 643
645 725
645 646
645 921
645 641
645 640
645 794
646 647
646 810
646 645
646 831
646 643
646 888
646 742
646 644
646 854
646 809
647 646
647 742
647 809
647 810
647 811
647 832
647 870
647 888
648 650
648 801
648 802
648 823
648 880
648 803
648 821
648 824
648 927
648 822
649 643
649 646
649 648
649 650
649 801
649 927
650 646
650 648
650 649
650 651
650 735
650 801
650 824
650 834
651 835
651 870
651 650
651 736
651 825
651 735
651 738
651 834
651 824
651 826
652 785
652 788
652 857
652 756
652 914
652 753
652 654
652 657
652 773
652 790
653 654
653 787
653 785
653 784
653 914
653 788
653 685
653 881
653 903
653 857
654 757
654 661
654 792
654 793
654 789
654 653
654 859
654 785
654 652
654 756
655 755
655 658
655 753
655 790
655 654
655 913
655 756
655 757
655 285
655 791
656 685
656 856
656 654
656 792
656 702
656 662
656 756
656 914
656 855
656 663
657 656
657 662
657 757
657 773
657 859
657 654
657 755
657 792
657 914
657 856
658 756
658 859
658 656
658 913
658 856
658 776
658 659
658 779
658 778
658 791
659 858
659 791
659 657
659 661
659 779
659 855
659 856
659 662
659 793
659 656
660 664
660 704
660 686
660 681
660 682
660 678
660 705
660 923
660 679
660 922
661 659
661 665
661 655
661 663
661 657
661 654
661 656
661 792
661 914
661 791
662 659
662 685
662 859
662 666
662 663
662 655
662 855
662 656
662 858
662 661
663 859
663 666
663 793
663 791
663 661
663 659
663 665
663 902
663 858
663 658
664 660
664 665
664 669
664 678
664 922
664 666
664 667
664 683
664 668
664 682
665 664
665 681
665 666
665 662
665 684
665 660
665 686
665 678
665 661
665 705
666 660
666 662
666 663
666 664
666 665
666 669
666 678
666 681
666 686
666 858
667 664
667 668
667 669
667 670
667 673
667 678
667 680
667 882
667 883
668 664
668 667
668 669
668 670
668 673
668 674
668 678
668 679
668 680
669 664
669 666
669 667
669 668
669 670
669 678
669 679
669 680
669 681
669 683
670 667
670 668
670 669
670 673
670 674
670 678
670 680
670 882
670 883
671 703
671 923
671 672
671 701
671 830
671 706
671 829
671 704
671 883
671 705
672 830
672 701
672 671
672 923
672 706
672 703
672 924
672 673
672 883
672 704
673 703
673 829
673 672
673 674
673 677
673 668
673 670
673 701
673 667
673 883
674 668
674 670
674 673
674 675
674 677
674 680
674 688
674 691
675 674
675 691
675 692
675 696
675 717
675 718
675 884
675 885
676 677
676 688
676 707
676 711
676 712
676 827
676 828
676 860
676 905
676 919
677 672
677 673
677 674
677 676
677 688
677 905
677 919
678 667
678 683
678 682
678 669
678 680
678 679
678 670
678 660
678 666
678 665
679 886
679 926
679 668
679 681
679 664
679 660
679 682
679 678
679 669
679 925
680 667
680 668
680 669
680 670
680 674
680 678
680 717
680 884
680 885
681 660
681 665
681 669
681 686
681 666
681 925
681 684
681 679
681 924
681 705
682 925
682 683
682 679
682 923
682 706
682 684
682 922
682 704
682 926
682 660
683 925
683 926
683 665
683 679
683 660
683 704
683 664
683 705
683 669
683 922
684 703
684 681
684 829
684 686
684 702
684 660
684 830
684 665
684 682
684 685
685 773
685 686
685 653
685 655
685 658
685 657
685 702
685 654
685 656
685 913
686 681
686 666
686 665
686 660
686 705
686 685
686 656
686 662
686 922
686 702
687 689
687 862
687 690
687 860
687 699
687 893
687 692
687 895
687 861
687 716
688 674
688 676
688 677
688 707
688 711
688 712
688 827
688 828
688 905
688 919
689 716
689 863
689 893
689 862
689 896
689 711
689 860
689 699
689 692
689 895
690 699
690 893
690 689
690 693
690 700
690 715
690 698
690 863
690 861
690 697
691 884
691 719
691 905
691 720
691 692
691 693
691 675
691 886
691 674
691 696
692 687
692 895
692 693
692 690
692 860
692 694
692 696
692 905
692 893
692 675
693 692
693 697
693 690
693 691
693 695
693 694
693 700
693 894
693 698
693 696
694 693
694 894
694 690
694 692
694 696
694 697
694 699
694 695
694 700
694 715
695 894
695 696
695 700
695 716
695 719
695 713
695 904
695 693
695 698
695 694
696 894
696 697
696 719
696 715
696 718
696 904
696 885
696 692
696 694
696 717
697 716
697 894
697 698
697 713
697 715
697 693
697 699
697 694
697 696
697 719
698 716
698 694
698 700
698 697
698 693
698 696
698 896
698 699
698 893
698 690
699 860
699 710
699 863
699 715
699 895
699 700
699 716
699 713
699 694
699 896
700 693
700 862
700 695
700 863
700 696
700 861
700 690
700 694
700 710
700 896
701 671
701 829
701 704
701 830
701 703
701 684
701 883
701 702
701 673
701 882
702 685
702 882
702 684
702 881
702 656
702 653
702 703
702 686
702 923
702 701
703 671
703 830
703 704
703 829
703 923
703 705
703 673
703 686
703 924
703 702
704 830
704 925
704 683
704 924
704 703
704 923
704 829
704 672
704 705
704 828
705 925
705 829
705 665
705 672
705 684
705 703
705 706
705 830
705 923
705 671
706 708
706 829
706 672
706 923
706 827
706 926
706 924
706 828
706 704
706 671
707 708
707 828
707 712
707 720
707 714
707 709
707 688
707 710
707 676
707 827
708 827
708 886
708 714
708 924
708 706
708 919
708 828
708 707
708 709
708 926
709 886
709 925
709 708
709 717
709 712
709 919
709 707
709 714
709 904
709 719
710 716
710 707
710 714
710 860
710 713
710 715
710 861
710 720
710 711
710 712
711 860
711 919
711 861
711 676
711 863
711 905
711 688
711 714
711 720
711 716
712 827
712 709
712 828
712 720
712 714
712 708
712 711
712 707
712 710
712 688
713 698
713 714
713 696
713 715
713 710
713 709
713 695
713 700
713 718
713 886
714 708
714 712
714 863
714 710
714 709
714 861
714 919
714 904
714 695
714 707
715 861
715 895
715 693
715 713
715 719
715 710
715 696
715 694
715 695
715 697
716 695
716 861
716 862
716 715
716 719
716 714
716 700
716 710
716 698
716 895
717 885
717 904
717 709
717 884
717 675
717 691
717 886
717 719
717 696
717 718
718 919
718 719
718 714
718 886
718 696
718 713
718 717
718 884
718 709
718 700
719 700
719 697
719 886
719 717
719 720
719 714
719 713
719 691
719 695
719 709
720 711
720 695
720 718
720 712
720 713
720 708
720 709
720 919
720 691
720 904
721 763
721 747
721 733
721 764
721 723
721 632
721 819
721 912
721 722
721 759
722 864
722 762
722 816
722 798
722 631
722 727
722 817
722 721
722 819
722 813
723 814
723 796
723 722
723 760
723 764
723 721
723 815
723 866
723 864
723 629
724 909
724 761
724 816
724 730
724 912
724 746
724 728
724 814
724 762
724 763
725 645
725 637
725 636
725 642
725 731
725 820
725 638
725 639
725 921
725 641
726 814
726 725
726 727
726 794
726 728
726 730
726 732
726 819
726 724
726 816
727 731
727 722
727 816
727 724
727 762
727 733
727 761
727 723
727 746
727 796
728 634
728 764
728 763
728 746
728 911
728 630
728 724
728 730
728 726
728 633
729 748
729 812
729 731
729 815
729 749
729 733
729 724
729 633
729 630
729 634
730 724
730 764
730 911
730 731
730 816
730 814
730 630
730 633
730 733
730 762
731 728
731 726
731 633
731 730
731 724
731 732
731 634
731 725
731 638
731 637
732 636
732 794
732 633
732 731
732 728
732 725
732 637
732 724
732 726
732 730
733 763
733 726
733 630
733 748
733 727
733 724
733 761
733 721
733 633
733 728
734 907
734 877
734 806
734 736
734 878
734 868
734 804
734 737
734 807
734 906
735 826
735 870
735 834
735 738
735 739
735 650
735 825
735 651
735 736
735 835
736 870
736 825
736 835
736 738
736 871
736 834
736 906
736 734
736 876
736 651
737 873
737 739
737 876
737 874
737 736
737 878
737 871
737 807
737 738
737 907
738 737
738 853
738 825
738 736
738 735
738 834
738 743
738 739
738 835
738 826
739 826
739 740
739 833
739 877
739 875
739 835
739 878
739 825
739 873
739 737
740 826
740 878
740 877
740 874
740 873
740 807
740 853
740 825
740 739
740 736
741 877
741 804
741 744
741 743
741 874
741 740
741 872
741 808
741 832
741 807
742 646
742 833
742 811
742 743
742 744
742 831
742 888
742 809
742 745
742 810
743 835
743 831
743 874
743 825
743 834
743 739
743 738
743 745
743 832
743 742
744 872
744 874
744 808
744 887
744 809
744 811
744 805
744 831
744 743
744 810
745 832
745 804
745 742
745 811
745 872
745 873
745 874
745 744
745 810
745 808
746 748
746 630
746 912
746 633
746 721
746 728
746 911
746 733
746 634
746 764
747 631
747 898
747 633
747 840
747 812
747 634
747 632
747 760
747 800
747 635
748 721
748 733
748 911
748 816
748 634
748 759
748 758
748 812
748 761
748 633
749 912
749 908
749 764
749 909
749 245
749 630
749 911
749 65
749 763
749 752
750 751
750 752
751 750
751 815
751 749
751 629
751 763
751 752
751 746
751 912
751 631
751 748
752 749
752 750
752 751
752 753
753 792
753 779
753 280
753 776
753 752
753 755
753 757
753 285
753 756
753 655
754 790
754 652
754 757
754 786
754 903
754 756
754 784
754 755
754 914
754 653
755 753
755 914
755 790
755 785
755 652
755 787
755 757
755 788
755 754
755 655
756 913
756 787
756 773
756 753
756 914
756 790
756 754
756 657
756 788
756 655
757 855
757 657
757 778
757 789
757 658
757 791
757 652
757 779
757 792
757 654
758 747
758 631
758 815
758 812
758 723
758 759
758 816
758 813
758 632
758 748
759 763
759 629
759 761
759 764
759 748
759 723
759 758
759 819
759 816
759 721
760 629
760 723
760 748
760 746
760 761
760 758
760 721
760 764
760 815
760 759
761 631
761 911
761 758
761 729
761 762
761 764
761 629
761 724
761 727
761 812
762 629
762 814
762 631
762 727
762 819
762 817
762 761
762 763
762 722
762 758
763 723
763 762
763 749
763 816
763 912
763 729
763 629
763 911
763 724
763 728
764 816
764 746
764 748
764 749
764 733
764 730
764 812
764 633
764 815
764 762
765 768
765 931
765 932
765 933
765 934
765 935
765 951
765 990
766 788
766 902
766 785
766 903
766 782
766 786
766 859
766 857
766 769
766 787
767 771
767 842
768 765
768 931
768 932
768 934
768 935
768 951
769 903
769 787
769 789
769 902
769 857
769 773
769 793
769 786
769 881
769 784
770 769
770 774
770 783
770 784
771 767
771 774
772 890
772 932
772 946
772 947
772 949
772 960
772 961
772 963
773 756
773 787
773 785
773 702
773 903
773 914
773 902
773 769
773 754
773 786
774 770
774 771
774 775
774 892
774 920
775 774
775 892
776 789
776 655
776 778
776 856
776 757
776 285
776 791
776 753
776 777
776 793
777 65
777 182
777 776
777 778
777 779
777 780
777 782
777 847
777 865
777 867
778 855
778 791
778 663
778 859
778 658
778 659
778 782
778 792
778 857
778 757
779 776
779 655
779 285
779 793
779 859
779 778
779 855
779 659
779 777
779 856
780 777
780 778
780 781
780 782
780 865
780 867
781 780
781 782
781 864
781 866
781 867
782 766
782 778
782 902
782 859
782 903
782 784
782 786
782 789
782 781
782 788
783 770
783 842
784 769
784 785
784 754
784 858
784 788
784 653
784 778
784 782
784 786
784 793
785 653
785 773
785 754
785 789
785 788
785 784
785 786
785 766
785 793
785 755
786 755
786 766
786 773
786 754
786 789
786 793
786 790
786 792
786 902
786 769
787 788
787 785
787 784
787 766
787 754
787 859
787 786
787 914
787 654
787 769
788 913
788 792
788 787
788 653
788 903
788 754
788 859
788 902
788 784
788 779
789 791
789 776
789 655
789 856
789 859
789 779
789 778
789 790
789 755
789 857
790 792
790 786
790 791
790 785
790 903
790 793
790 857
790 778
790 856
790 913
791 661
791 913
791 776
791 656
791 659
791 790
791 663
791 792
791 662
791 655
792 755
792 757
792 655
792 790
792 756
792 855
792 914
792 753
792 856
792 659
793 792
793 766
793 855
793 791
793 769
793 914
793 903
793 757
793 659
793 776
794 726
794 639
794 725
794 637
794 796
794 798
794 642
794 795
794 645
794 644
795 797
795 921
795 802
795 803
795 645
795 641
795 642
795 927
795 644
795 794
796 726
796 817
796 800
796 816
796 722
796 819
796 798
796 723
796 794
796 727
797 795
797 643
797 642
797 803
797 802
797 641
797 927
797 644
797 794
797 645
798 722
798 794
798 795
798 796
798 797
798 800
798 803
798 816
798 817
798 818
799 880
799 802
799 638
799 803
799 801
799 800
799 927
799 879
799 635
799 821
800 799
800 796
800 802
800 803
800 636
800 880
800 632
800 879
800 813
800 635
801 821
801 649
801 927
801 930
801 928
801 802
801 648
801 823
801 650
801 799
802 644
802 648
802 880
802 795
802 800
802 799
802 927
802 643
802 803
802 797
803 822
803 801
803 798
803 797
803 880
803 928
803 800
803 799
803 802
803 643
804 872
804 744
804 806
804 876
804 907
804 807
804 877
804 741
804 808
804 811
805 872
805 868
805 741
805 809
805 907
805 811
805 869
805 870
805 807
805 745
806 869
806 870
806 868
806 808
806 745
806 907
806 871
806 805
806 906
806 804
807 734
807 877
807 878
807 907
807 806
807 874
807 740
807 805
807 876
807 737
808 871
808 869
808 806
808 805
808 877
808 874
808 872
808 811
808 734
808 868
809 834
809 745
809 833
809 832
809 743
809 805
809 744
809 647
809 811
809 869
810 646
810 870
810 831
810 832
810 745
810 744
810 888
810 809
810 647
810 834
811 869
811 806
811 810
811 832
811 647
811 888
811 805
811 742
811 874
811 744
812 721
812 763
812 751
812 729
812 631
812 758
812 748
812 633
812 760
812 629
813 816
813 634
813 800
813 812
813 629
813 815
813 758
813 630
813 817
813 633
814 727
814 733
814 866
814 764
814 723
814 912
814 816
814 819
814 909
814 729
815 727
815 728
815 814
815 759
815 633
815 635
815 630
815 721
815 813
815 729
816 721
816 733
816 798
816 864
816 764
816 724
816 730
816 727
816 760
816 726
817 721
817 631
817 727
817 812
817 813
817 816
817 723
817 798
817 722
817 818
818 722
818 762
818 817
818 819
818 816
818 864
818 796
818 798
818 845
818 918
819 762
819 866
819 814
819 816
819 758
819 730
819 760
819 796
819 761
819 722
820 640
820 852
820 854
820 637
820 928
820 641
820 636
820 639
820 638
820 823
821 880
821 799
821 929
821 824
821 639
821 928
821 648
821 823
821 921
821 930
822 820
822 802
822 801
822 799
822 821
822 638
822 879
822 928
822 880
822 927
823 929
823 824
823 826
823 854
823 636
823 930
823 820
823 801
823 640
823 648
824 735
824 801
824 821
824 823
824 929
824 928
824 650
824 651
824 825
824 826
825 833
825 740
825 826
825 735
825 835
825 853
825 834
825 824
825 738
825 737
826 835
826 823
826 824
826 853
826 834
826 651
826 740
826 852
826 739
826 738
827 924
827 711
827 706
827 676
827 707
827 708
827 828
827 712
827 714
827 688
828 829
828 827
828 830
828 676
828 672
828 706
828 924
828 712
828 704
828 707
829 923
829 883
829 704
829 828
829 705
829 673
829 706
829 701
829 830
829 924
830 923
830 705
830 673
830 828
830 924
830 925
830 829
830 883
830 701
830 703
831 888
831 811
831 887
831 833
831 744
831 832
831 809
831 854
831 745
831 646
832 888
832 831
832 741
832 745
832 744
832 809
832 811
832 805
832 647
832 834
833 887
833 738
833 832
833 743
833 739
833 744
833 853
833 742
833 831
833 745
834 736
834 835
834 739
834 651
834 809
834 853
834 650
834 810
834 826
834 738
835 735
835 743
835 740
835 825
835 651
835 736
835 737
835 826
835 739
835 834
836 837
836 838
836 940
836 942
836 1027
837 836
837 897
838 836
838 939
838 940
838 941
838 942
838 980
838 1027
839 632
839 747
839 840
839 898
840 632
840 747
840 839
840 898
841 937
841 952
842 767
842 783
843 915
843 917
843 948
843 950
843 979
844 917
845 818
845 918
846 289
846 847
846 848
846 849
846 850
846 901
847 182
847 289
847 65
847 777
847 899
847 246
847 901
847 850
847 848
847 849
848 289
848 846
848 847
848 849
848 850
848 901
849 65
849 289
849 846
849 847
849 848
849 850
849 899
849 901
850 246
850 846
850 847
850 848
850 849
850 851
850 908
850 910
851 249
851 850
851 900
851 908
851 910
852 854
852 639
852 930
852 823
852 853
852 929
852 821
852 887
852 820
852 824
853 854
853 835
853 743
853 740
853 739
853 833
853 887
853 738
853 826
853 834
854 742
854 642
854 640
854 852
854 646
854 887
854 644
854 921
854 823
854 929
855 791
855 661
855 658
855 663
855 757
855 778
855 858
855 659
855 657
855 902
856 789
856 776
856 913
856 662
856 661
856 663
856 778
856 756
856 659
856 790
857 790
857 902
857 792
857 793
857 913
857 782
857 766
857 653
857 788
857 787
858 665
858 769
858 902
858 881
858 855
858 663
858 662
858 666
858 859
858 784
859 784
859 788
859 663
859 779
859 787
859 659
859 786
859 769
859 789
859 754
860 689
860 862
860 716
860 863
860 714
860 676
860 692
860 861
860 687
860 711
861 895
861 862
861 713
861 894
861 863
861 710
861 687
861 860
861 711
861 714
862 700
862 714
862 710
862 699
862 895
862 861
862 716
862 711
862 893
862 860
863 716
863 895
863 714
863 711
863 896
863 710
863 894
863 689
863 715
863 893
864 819
864 781
864 762
864 866
864 724
864 722
864 818
864 723
864 817
864 814
865 814
865 867
865 900
865 777
865 911
865 249
865 65
865 912
865 901
865 899
866 723
866 781
866 814
866 816
866 819
866 864
866 865
866 867
866 909
866 911
867 777
867 780
867 781
867 782
867 865
867 866
867 909
868 877
868 875
868 871
868 734
868 874
868 907
868 808
868 806
868 807
868 876
869 806
869 805
869 878
869 804
869 811
869 809
869 876
869 871
869 906
869 870
870 647
870 805
870 734
870 906
870 834
870 868
870 876
870 811
870 735
870 809
871 804
871 737
871 869
871 907
871 870
871 877
871 873
871 875
871 876
871 736
872 737
872 877
872 811
872 869
872 875
872 808
872 806
872 745
872 741
872 744
873 739
873 737
873 877
873 875
873 876
873 745
873 872
873 871
873 874
873 807
874 907
874 741
874 745
874 876
874 744
874 875
874 808
874 737
874 877
874 806
875 741
875 807
875 878
875 877
875 808
875 872
875 873
875 868
875 739
875 907
876 869
876 870
876 737
876 734
876 877
876 806
876 906
876 874
876 868
876 808
877 875
877 874
877 804
877 872
877 878
877 907
877 736
877 808
877 871
877 807
878 739
878 870
878 868
878 740
878 871
878 875
878 873
878 877
878 734
878 807
879 928
879 813
879 803
879 635
879 822
879 821
879 880
879 636
879 800
879 799
880 928
880 648
880 879
880 799
880 823
880 801
880 803
880 802
880 927
880 636
881 653
881 702
881 769
881 773
881 784
881 858
881 882
882 667
882 670
882 701
882 702
882 881
882 883
883 673
883 829
883 701
883 667
883 670
883 923
883 702
883 703
883 671
883 672
884 675
884 679
884 680
884 691
884 717
884 718
884 885
884 886
884 926
885 884
885 680
885 886
885 719
885 691
885 675
885 709
885 904
885 696
885 718
886 717
886 718
886 713
886 708
886 720
886 679
886 926
886 925
886 719
886 691
887 852
887 853
887 831
887 888
887 809
887 833
887 854
887 742
887 743
887 744
888 646
888 647
888 742
888 744
888 809
888 810
888 811
888 831
888 832
888 887
889 891
889 943
889 945
890 772
890 946
890 947
890 949
890 960
890 961
891 889
891 892
892 774
892 775
892 891
893 689
893 698
893 895
893 863
893 894
893 692
893 860
893 861
893 694
893 699
894 896
894 861
894 895
894 700
894 893
894 699
894 696
894 690
894 863
894 697
895 862
895 894
895 692
895 700
895 716
895 699
895 715
895 687
895 893
895 698
896 861
896 698
896 692
896 693
896 694
896 715
896 689
896 893
896 894
896 699
897 837
897 898
898 632
898 747
898 839
898 840
898 897
899 865
899 847
899 65
899 66
899 849
899 900
899 909
899 910
899 246
899 901
900 69
900 249
900 252
900 851
900 865
900 899
900 901
900 909
900 910
901 910
901 246
901 900
901 899
901 848
901 846
901 847
901 909
901 289
901 849
902 778
902 858
902 773
902 663
902 769
902 784
902 786
902 785
902 788
902 913
903 663
903 788
903 657
903 792
903 857
903 659
903 654
903 793
903 754
903 913
904 713
904 717
904 696
904 695
904 714
904 691
904 720
904 919
904 718
904 719
905 919
905 904
905 711
905 676
905 677
905 688
905 714
905 709
905 691
905 720
906 736
906 878
906 734
906 871
906 907
906 872
906 737
906 875
906 806
906 873
907 906
907 870
907 872
907 874
907 806
907 876
907 807
907 873
907 869
907 877
908 65
908 246
908 249
908 749
908 850
908 851
908 910
909 867
909 866
909 911
909 865
909 901
909 65
909 246
909 814
909 912
909 249
910 65
910 249
910 850
910 851
910 899
910 900
910 901
910 908
910 909
911 865
911 749
911 815
911 730
911 866
911 728
911 727
911 764
911 733
911 746
912 763
912 761
912 746
912 729
912 721
912 630
912 751
912 911
912 748
912 631
913 914
913 791
913 769
913 856
913 788
913 653
913 754
913 757
913 773
913 755
914 755
914 685
914 655
914 789
914 652
914 793
914 859
914 903
914 654
914 658
915 843
915 917
915 948
915 950
915 976
915 977
915 979
916 917
916 918
917 843
917 844
917 915
917 916
917 918
918 818
918 845
918 916
918 917
919 719
919 676
919 720
919 677
919 708
919 905
919 711
919 718
919 714
919 904
920 774
921 794
921 725
921 644
921 641
921 795
921 821
921 645
921 854
921 797
921 640
922 705
922 660
922 686
922 830
922 682
922 681
922 923
922 926
922 706
922 829
923 922
923 706
923 829
923 672
923 704
923 703
923 701
923 671
923 705
923 830
924 827
924 925
924 682
924 705
924 926
924 828
924 923
924 660
924 683
924 704
925 830
925 829
925 706
925 922
925 681
925 926
925 708
925 827
925 683
925 924
926 886
926 705
926 683
926 884
926 682
926 922
926 660
926 706
926 924
926 681
927 880
927 795
927 797
927 928
927 930
927 799
927 649
927 644
927 648
927 822
928 822
928 927
928 648
928 930
928 821
928 824
928 929
928 803
928 880
928 879
929 820
929 823
929 639
929 853
929 852
929 821
929 930
929 824
929 928
929 921
930 929
930 822
930 826
930 880
930 852
930 820
930 640
930 823
930 821
930 648
931 765
931 768
931 933
931 934
931 935
931 951
931 986
931 990
931 992
931 1008
932 765
932 768
932 772
932 951
932 963
932 986
933 765
933 931
933 934
933 935
933 951
933 990
933 992
933 1008
934 765
934 768
934 931
934 933
934 935
934 951
934 990
935 765
935 768
935 931
935 933
935 934
935 951
935 952
935 990
936 937
936 1009
936 1013
937 841
937 936
937 950
938 948
938 973
938 975
938 976
938 978
938 979
938 999
938 1000
938 1025
939 972
939 1027
939 965
939 940
939 838
939 942
939 980
939 1017
939 969
939 941
940 836
940 838
940 939
940 941
940 942
940 968
940 970
940 980
940 1027
941 968
941 940
941 980
941 972
941 942
941 969
941 939
941 1027
941 1017
941 970
942 836
942 838
942 939
942 940
942 941
942 968
942 970
942 980
942 1027
943 889
943 944
943 945
943 946
943 1023
944 943
944 945
944 996
944 1023
944 1028
945 889
945 943
945 944
945 1027
946 772
946 890
946 943
946 947
946 949
946 960
946 961
946 962
946 1023
946 1024
947 772
947 961
947 958
947 963
947 890
947 962
947 1024
947 946
947 956
947 949
948 843
948 915
948 938
948 950
948 976
948 977
948 978
948 979
949 772
949 890
949 946
949 947
949 960
949 961
949 962
949 963
950 843
950 915
950 937
950 948
950 976
950 979
951 765
951 768
951 931
951 932
951 933
951 934
951 935
951 986
951 990
952 841
952 935
952 1008
953 954
953 955
953 959
953 1133
953 1134
953 1136
953 1146
953 1147
953 1153
954 953
954 955
954 1133
954 1134
954 1136
954 1146
954 1147
954 1148
955 953
955 954
955 959
955 983
955 1134
955 1136
955 1153
956 947
956 957
956 958
956 959
956 960
956 961
956 962
956 1012
956 1024
957 947
957 956
957 958
957 959
957 960
957 962
957 982
957 983
957 1024
958 959
958 1012
958 962
958 947
958 957
958 1024
958 982
958 983
958 960
958 956
959 953
959 955
959 956
959 957
959 958
959 983
959 1012
960 963
960 962
960 890
960 772
960 958
960 947
960 961
960 949
960 1024
960 957
961 772
961 890
961 946
961 947
961 949
961 956
961 958
961 960
961 962
961 963
962 956
962 946
962 1024
962 947
962 958
962 982
962 957
962 949
962 960
962 961
963 772
963 932
963 947
963 949
963 960
963 961
963 962
963 982
963 986
964 966
964 967
964 1119
964 1121
964 1122
964 1123
964 1124
965 939
965 941
965 968
965 969
965 970
965 971
965 972
965 1017
965 1026
966 964
966 967
966 971
966 1026
966 1121
966 1123
966 1124
967 964
967 966
967 1119
967 1120
967 1121
967 1122
967 1123
967 1124
968 942
968 939
968 971
968 941
968 1017
968 970
968 972
968 969
968 940
968 1027
969 939
969 941
969 965
969 968
969 970
969 971
969 972
969 974
969 1017
969 1026
970 968
970 980
970 941
970 940
970 1017
970 942
970 939
970 972
970 965
970 969
971 965
971 966
971 968
971 969
971 970
971 972
971 974
971 1026
972 939
972 941
972 965
972 968
972 969
972 970
972 971
972 974
972 975
973 938
973 978
973 999
973 1000
973 1002
973 1004
973 1025
974 969
974 971
974 972
974 1005
975 938
975 972
975 976
975 977
975 978
975 979
975 980
975 1000
976 915
976 938
976 948
976 950
976 975
976 977
976 978
976 979
976 1000
976 1025
977 915
977 948
977 975
977 976
977 979
977 980
978 938
978 948
978 973
978 975
978 976
978 979
978 999
978 1000
979 915
979 948
979 977
979 976
979 843
979 975
979 978
979 1000
979 1025
979 938
980 838
980 939
980 940
980 941
980 942
980 970
980 975
980 977
981 986
981 988
981 989
981 990
981 991
981 992
982 957
982 958
982 962
982 963
982 983
982 986
983 955
983 957
983 958
983 959
983 982
983 985
984 985
984 987
984 988
984 991
984 1007
984 1104
984 1135
984 1137
984 1138
984 1139
985 983
985 984
985 988
985 991
985 1137
986 931
986 932
986 951
986 963
986 981
986 982
986 992
987 984
987 988
987 1007
987 1104
987 1135
987 1137
987 1138
987 1139
987 1141
988 981
988 984
988 985
988 987
988 989
988 991
988 1137
988 1139
989 981
989 988
989 990
989 991
989 992
989 1008
990 765
990 931
990 933
990 934
990 935
990 951
990 981
990 989
990 992
990 1008
991 981
991 984
991 985
991 988
991 989
991 992
991 1007
991 1008
992 931
992 933
992 981
992 986
992 989
992 990
992 991
992 1008
993 1014
993 1113
993 1216
993 1217
993 1168
993 1029
993 1206
993 1006
993 1018
993 1140
994 1019
994 1022
994 1029
994 1191
994 1214
995 997
995 1213
995 1220
995 1152
995 1010
995 1221
995 998
995 1210
995 1171
995 1219
996 944
996 1023
996 1028
997 995
997 998
997 1010
997 1011
997 1016
997 1021
997 1210
997 1212
997 1219
997 1221
998 995
998 1210
998 1021
998 1171
998 1212
998 1220
998 1211
998 1176
998 1010
998 1221
999 938
999 973
999 978
999 1000
999 1002
999 1004
999 1025
1000 938
1000 973
1000 975
1000 976
1000 978
1000 979
1000 999
1000 1002
1000 1025
1001 1003
1001 1004
1001 1015
1001 1074
1001 1114
1001 1115
1001 1116
1001 1117
1001 1177
1002 973
1002 999
1002 1000
1002 1003
1002 1004
1002 1005
1002 1015
1003 1001
1003 1002
1003 1004
1003 1005
1003 1015
1003 1115
1003 1116
1003 1117
1003 1118
1004 973
1004 999
1004 1001
1004 1002
1004 1003
1004 1005
1004 1015
1004 1118
1005 974
1005 1002
1005 1003
1005 1004
1006 1206
1006 1218
1006 1022
1006 1029
1006 1215
1006 1168
1006 1014
1006 993
1006 1071
1006 1142
1007 984
1007 987
1007 991
1007 1139
1007 1141
1007 1142
1008 931
1008 933
1008 952
1008 989
1008 990
1008 991
1008 992
1009 936
1009 1022
1009 1029
1010 1212
1010 1125
1010 1176
1010 1211
1010 1188
1010 1221
1010 995
1010 1021
1010 997
1010 1171
1011 997
1011 1010
1011 1012
1011 1021
1011 1176
1011 1210
1011 1212
1012 956
1012 958
1012 959
1012 1011
1012 1024
1013 936
1013 1022
1013 1025
1013 1029
1014 1206
1014 1216
1014 1168
1014 1172
1014 1112
1014 993
1014 1018
1014 1142
1014 1215
1014 1022
1015 1001
1015 1002
1015 1003
1015 1004
1015 1114
1015 1115
1016 995
1016 997
1016 998
1016 1021
1016 1026
1016 1219
1016 1220
1016 1221
1017 939
1017 941
1017 965
1017 968
1017 969
1017 970
1017 1026
1017 1027
1017 1028
1018 1071
1018 1215
1018 1172
1018 1217
1018 1216
1018 1140
1018 1168
1018 1029
1018 1142
1018 1006
1019 994
1019 1022
1019 1029
1019 1191
1019 1214
1021 995
1021 997
1021 998
1021 1010
1021 1011
1021 1016
1021 1210
1021 1212
1021 1219
1021 1221
1022 1006
1022 1018
1022 1009
1022 1014
1022 1218
1022 993
1022 1029
1022 1019
1022 1215
1022 994
1023 943
1023 944
1023 946
1023 996
1023 1024
1024 946
1024 947
1024 956
1024 957
1024 958
1024 960
1024 962
1024 1012
1024 1023
1025 938
1025 973
1025 976
1025 979
1025 999
1025 1000
1025 1013
1026 965
1026 966
1026 969
1026 971
1026 1016
1026 1017
1027 939
1027 1028
1027 940
1027 1017
1027 838
1027 836
1027 970
1027 968
1027 941
1027 945
1028 944
1028 996
1028 1017
1028 1027
1029 994
1029 1216
1029 1022
1029 1018
1029 1009
1029 1014
1029 1006
1029 1215
1029 1019
1029 1218
1030 1049
1030 1078
1030 1079
1030 1105
1030 1106
1030 1144
1030 1145
1031 1033
1031 1149
1031 1046
1031 1032
1031 1111
1031 1047
1031 1167
1031 1161
1031 1150
1031 1151
1032 1031
1032 1033
1032 1111
1032 1143
1032 1150
1032 1151
1032 1167
1033 1151
1033 1111
1033 1046
1033 1099
1033 1167
1033 1149
1033 1031
1033 1047
1033 1150
1033 1161
1034 1060
1034 1035
1034 1109
1034 1195
1034 1037
1034 1197
1034 1160
1034 1132
1034 1036
1034 1187
1035 1034
1035 1036
1035 1057
1035 1109
1035 1110
1035 1160
1035 1166
1035 1194
1036 1108
1036 1162
1036 1110
1036 1037
1036 1035
1036 1130
1036 1159
1036 1109
1036 1164
1036 1107
1037 1034
1037 1160
1037 1195
1037 1156
1037 1108
1037 1165
1037 1107
1037 1130
1037 1162
1037 1129
1038 1041
1038 1042
1038 1043
1038 1044
1038 1054
1038 1066
1038 1082
1038 1091
1040 1041
1040 1067
1040 1068
1040 1069
1040 1070
1040 1080
1040 1092
1040 1094
1040 1169
1040 1207
1041 1038
1041 1068
1041 1094
1041 1040
1041 1042
1041 1069
1041 1067
1041 1093
1041 1044
1041 1054
1042 1069
1042 1044
1042 1066
1042 1041
1042 1093
1042 1094
1042 1054
1042 1088
1042 1068
1042 1067
1043 1038
1043 1044
1043 1063
1043 1065
1043 1066
1043 1082
1044 1038
1044 1041
1044 1042
1044 1043
1044 1054
1044 1066
1044 1069
1044 1082
1044 1088
1044 1093
1045 1046
1045 1047
1045 1058
1045 1059
1045 1099
1045 1100
1045 1161
1045 1167
1045 1192
1046 1031
1046 1033
1046 1045
1046 1047
1046 1058
1046 1099
1046 1100
1046 1111
1046 1161
1046 1167
1047 1150
1047 1099
1047 1046
1047 1111
1047 1100
1047 1033
1047 1149
1047 1167
1047 1031
1047 1045
1048 1050
1048 1051
1048 1052
1048 1053
1048 1075
1048 1077
1049 1030
1049 1111
1050 1048
1050 1051
1050 1075
1050 1077
1050 1078
1050 1079
1050 1106
1051 1048
1051 1050
1051 1075
1051 1076
1051 1077
1051 1078
1051 1106
1052 1048
1052 1053
1052 1075
1052 1077
1052 1090
1052 1091
1053 1048
1053 1052
1053 1075
1053 1077
1053 1090
1053 1091
1054 1038
1054 1041
1054 1042
1054 1044
1054 1088
1054 1090
1054 1091
1054 1093
1057 1035
1057 1036
1057 1059
1057 1060
1057 1160
1057 1192
1057 1194
1057 1195
1058 1045
1058 1046
1058 1047
1058 1059
1058 1100
1058 1167
1058 1192
1059 1045
1059 1057
1059 1058
1059 1060
1059 1100
1059 1165
1059 1192
1059 1194
1059 1195
1060 1034
1060 1036
1060 1057
1060 1059
1060 1160
1060 1166
1060 1192
1060 1194
1060 1195
1061 1063
1061 1065
1061 1097
1062 1063
1062 1064
1062 1065
1062 1072
1062 1095
1062 1097
1062 1102
1062 1103
1063 1043
1063 1061
1063 1062
1063 1064
1063 1065
1063 1066
1063 1082
1063 1097
1063 1102
1064 1062
1064 1063
1064 1065
1064 1066
1064 1069
1064 1072
1064 1102
1064 1103
1065 1043
1065 1061
1065 1062
1065 1063
1065 1064
1065 1066
1065 1082
1065 1102
1066 1038
1066 1042
1066 1043
1066 1044
1066 1063
1066 1064
1066 1065
1066 1069
1066 1082
1067 1040
1067 1041
1067 1042
1067 1068
1067 1069
1067 1070
1067 1080
1067 1092
1067 1207
1068 1067
1068 1070
1068 1040
1068 1069
1068 1088
1068 1093
1068 1094
1068 1080
1068 1207
1068 1092
1069 1042
1069 1064
1069 1041
1069 1067
1069 1093
1069 1068
1069 1094
1069 1066
1069 1088
1069 1040
1070 1169
1070 1112
1070 1206
1070 1067
1070 1140
1070 1071
1070 1080
1070 1040
1070 1168
1070 1092
1071 1218
1071 1206
1071 1215
1071 1018
1071 1014
1071 1217
1071 993
1071 1070
1071 1168
1071 1113
1072 1062
1072 1064
1072 1073
1072 1095
1072 1096
1072 1097
1072 1102
1072 1103
1072 1170
1073 1072
1073 1074
1073 1095
1073 1102
1073 1103
1073 1114
1073 1170
1073 1177
1074 1001
1074 1073
1074 1114
1074 1115
1074 1116
1074 1117
1074 1170
1074 1177
1075 1048
1075 1050
1075 1051
1075 1052
1075 1053
1075 1077
1076 1051
1076 1077
1076 1078
1076 1081
1076 1089
1076 1090
1077 1048
1077 1050
1077 1051
1077 1052
1077 1053
1077 1075
1077 1076
1077 1078
1077 1090
1077 1091
1078 1030
1078 1050
1078 1051
1078 1076
1078 1077
1078 1079
1078 1081
1078 1105
1078 1106
1078 1208
1079 1030
1079 1050
1079 1078
1079 1105
1079 1106
1079 1144
1080 1070
1080 1092
1080 1094
1080 1088
1080 1209
1080 1089
1080 1067
1080 1207
1080 1093
1080 1068
1081 1076
1081 1078
1081 1089
1081 1090
1081 1094
1081 1208
1081 1209
1082 1038
1082 1043
1082 1044
1082 1063
1082 1065
1082 1066
1085 1086
1085 1087
1085 1184
1085 1185
1085 1196
1085 1198
1085 1200
1085 1201
1085 1203
1086 1085
1086 1087
1086 1178
1086 1184
1086 1185
1086 1196
1086 1198
1086 1200
1086 1201
1086 1203
1087 1085
1087 1086
1087 1109
1087 1197
1087 1198
1087 1201
1088 1093
1088 1044
1088 1041
1088 1092
1088 1069
1088 1094
1088 1054
1088 1068
1088 1080
1088 1042
1089 1076
1089 1080
1089 1081
1089 1088
1089 1090
1089 1092
1089 1093
1089 1094
1090 1052
1090 1053
1090 1054
1090 1076
1090 1077
1090 1081
1090 1088
1090 1089
1090 1091
1090 1093
1091 1038
1091 1052
1091 1053
1091 1054
1091 1077
1091 1088
1091 1090
1091 1093
1092 1093
1092 1070
1092 1089
1092 1040
1092 1207
1092 1209
1092 1088
1092 1080
1092 1067
1092 1068
1093 1092
1093 1041
1093 1044
1093 1088
1093 1054
1093 1042
1093 1068
1093 1091
1093 1094
1093 1089
1094 1089
1094 1081
1094 1207
1094 1080
1094 1042
1094 1093
1094 1092
1094 1069
1094 1088
1094 1040
1095 1062
1095 1072
1095 1073
1095 1096
1095 1097
1095 1102
1095 1103
1096 1072
1096 1095
1096 1170
1096 1177
1096 1181
1097 1061
1097 1062
1097 1063
1097 1072
1097 1095
1097 1102
1098 1199
1099 1100
1099 1033
1099 1163
1099 1161
1099 1045
1099 1167
1099 1151
1099 1031
1099 1046
1099 1149
1100 1045
1100 1046
1100 1047
1100 1058
1100 1059
1100 1099
1100 1161
1100 1163
1100 1167
1100 1192
1102 1062
1102 1063
1102 1064
1102 1065
1102 1072
1102 1073
1102 1095
1102 1097
1102 1103
1103 1062
1103 1064
1103 1072
1103 1073
1103 1095
1103 1102
1104 984
1104 987
1104 1105
1104 1135
1104 1138
1104 1139
1104 1141
1104 1144
1104 1208
1105 1030
1105 1078
1105 1079
1105 1104
1105 1106
1105 1144
1105 1145
1105 1208
1106 1030
1106 1050
1106 1051
1106 1078
1106 1079
1106 1105
1106 1208
1107 1128
1107 1132
1107 1159
1107 1129
1107 1130
1107 1187
1107 1156
1107 1186
1107 1166
1107 1037
1108 1036
1108 1037
1108 1110
1108 1132
1108 1187
1109 1034
1109 1035
1109 1036
1109 1087
1109 1130
1109 1166
1109 1197
1109 1198
1110 1035
1110 1036
1110 1108
1110 1166
1110 1193
1111 1031
1111 1032
1111 1033
1111 1046
1111 1047
1111 1049
1112 1140
1112 1113
1112 1070
1112 1218
1112 1014
1112 1168
1112 1071
1112 1114
1112 1217
1112 1172
1113 1014
1113 1169
1113 1218
1113 993
1113 1114
1113 1172
1113 1168
1113 1018
1113 1071
1113 1112
1114 1001
1114 1015
1114 1073
1114 1074
1114 1112
1114 1113
1114 1115
1114 1116
1114 1117
1114 1177
1115 1001
1115 1003
1115 1015
1115 1074
1115 1114
1115 1116
1115 1117
1115 1118
1115 1170
1115 1177
1116 1001
1116 1003
1116 1074
1116 1114
1116 1115
1116 1117
1116 1118
1116 1170
1116 1177
1117 1001
1117 1003
1117 1074
1117 1114
1117 1115
1117 1116
1117 1118
1117 1170
1117 1177
1118 1003
1118 1004
1118 1115
1118 1116
1118 1117
1118 1120
1119 964
1119 967
1119 1120
1119 1121
1119 1122
1119 1123
1119 1124
1119 1180
1119 1182
1120 967
1120 1118
1120 1119
1120 1121
1120 1180
1121 964
1121 966
1121 967
1121 1119
1121 1120
1121 1122
1121 1123
1121 1124
1121 1182
1122 964
1122 967
1122 1119
1122 1121
1122 1123
1122 1124
1122 1127
1122 1179
1122 1180
1122 1182
1123 964
1123 966
1123 967
1123 1119
1123 1121
1123 1122
1123 1124
1123 1182
1124 964
1124 966
1124 967
1124 1119
1124 1121
1124 1122
1124 1123
1124 1127
1124 1182
1124 1220
1125 1188
1125 1171
1125 1210
1125 1212
1125 1220
1125 1211
1125 1010
1125 1152
1125 1221
1125 995
1126 1178
1126 1179
1126 1184
1126 1185
1126 1196
1126 1198
1126 1200
1126 1201
1126 1202
1126 1203
1127 1122
1127 1124
1127 1128
1127 1179
1127 1182
1128 1107
1128 1127
1128 1129
1128 1130
1128 1131
1128 1186
1128 1202
1129 1107
1129 1130
1129 1159
1129 1186
1129 1166
1129 1187
1129 1128
1129 1162
1129 1164
1129 1157
1130 1107
1130 1186
1130 1034
1130 1037
1130 1194
1130 1157
1130 1197
1130 1036
1130 1128
1130 1131
1131 1128
1131 1166
1131 1129
1131 1107
1131 1202
1131 1197
1131 1198
1131 1132
1131 1130
1131 1037
1132 1108
1132 1129
1132 1166
1132 1156
1132 1037
1132 1131
1132 1159
1132 1107
1132 1187
1132 1034
1133 1148
1133 954
1133 1147
1133 1153
1133 1134
1133 1154
1133 953
1133 1136
1133 1143
1133 1151
1134 953
1134 954
1134 955
1134 1133
1134 1136
1134 1146
1134 1147
1134 1148
1135 984
1135 987
1135 1104
1135 1137
1135 1138
1135 1139
1135 1141
1135 1144
1136 953
1136 954
1136 955
1136 1133
1136 1134
1136 1137
1136 1146
1136 1147
1137 984
1137 985
1137 987
1137 988
1137 1135
1137 1136
1137 1138
1138 984
1138 987
1138 1104
1138 1135
1138 1137
1138 1139
1138 1141
1138 1144
1139 984
1139 987
1139 988
1139 1007
1139 1104
1139 1135
1139 1138
1139 1141
1139 1144
1140 1018
1140 1006
1140 1112
1140 1168
1140 1216
1140 1113
1140 1215
1140 1169
1140 1014
1140 1142
1141 987
1141 1007
1141 1104
1141 1135
1141 1138
1141 1139
1141 1142
1141 1144
1141 1209
1142 1217
1142 993
1142 1014
1142 1007
1142 1172
1142 1141
1142 1071
1142 1006
1142 1018
1142 1206
1143 1032
1143 1133
1143 1145
1143 1148
1143 1151
1144 1030
1144 1079
1144 1104
1144 1105
1144 1135
1144 1138
1144 1139
1144 1141
1144 1145
1144 1208
1145 1030
1145 1105
1145 1143
1145 1144
1146 953
1146 954
1146 1133
1146 1134
1146 1136
1146 1147
1146 1148
1146 1151
1146 1153
1146 1154
1147 953
1147 954
1147 1133
1147 1134
1147 1136
1147 1146
1147 1148
1147 1151
1147 1153
1147 1154
1148 954
1148 1133
1148 1134
1148 1143
1148 1146
1148 1147
1148 1151
1148 1154
1149 1031
1149 1033
1149 1047
1149 1099
1149 1150
1149 1151
1149 1161
1149 1163
1149 1167
1150 1031
1150 1032
1150 1033
1150 1047
1150 1099
1150 1149
1150 1151
1150 1161
1150 1163
1150 1167
1151 1143
1151 1148
1151 1146
1151 1133
1151 1147
1151 1031
1151 1150
1151 1099
1151 1033
1151 1032
1152 1188
1152 1220
1152 1010
1152 1219
1152 998
1152 1158
1152 1221
1152 1210
1152 1189
1152 1171
1153 953
1153 955
1153 1133
1153 1146
1153 1147
1153 1154
1153 1176
1154 1133
1154 1146
1154 1147
1154 1148
1154 1153
1154 1155
1154 1176
1155 1154
1155 1158
1155 1165
1155 1211
1156 1192
1156 1130
1156 1187
1156 1162
1156 1195
1156 1165
1156 1037
1156 1107
1156 1160
1156 1158
1157 1156
1157 1194
1157 1164
1157 1160
1157 1186
1157 1107
1157 1129
1157 1158
1157 1195
1157 1162
1158 1152
1158 1157
1158 1164
1158 1189
1158 1159
1158 1211
1158 1162
1158 1188
1158 1155
1158 1156
1159 1187
1159 1130
1159 1129
1159 1160
1159 1194
1159 1156
1159 1107
1159 1186
1159 1165
1159 1195
1160 1164
1160 1060
1160 1156
1160 1130
1160 1194
1160 1035
1160 1036
1160 1166
1160 1192
1160 1132
1161 1100
1161 1099
1161 1046
1161 1031
1161 1151
1161 1150
1161 1167
1161 1033
1161 1163
1161 1047
1162 1130
1162 1187
1162 1192
1162 1186
1162 1160
1162 1164
1162 1036
1162 1156
1162 1107
1162 1129
1163 1099
1163 1100
1163 1149
1163 1150
1163 1161
1163 1165
1163 1167
1163 1192
1164 1160
1164 1192
1164 1166
1164 1107
1164 1132
1164 1194
1164 1129
1164 1162
1164 1036
1164 1037
1165 1163
1165 1155
1165 1037
1165 1194
1165 1157
1165 1159
1165 1156
1165 1160
1165 1162
1165 1132
1166 1162
1166 1197
1166 1156
1166 1034
1166 1159
1166 1160
1166 1110
1166 1195
1166 1036
1166 1164
1167 1032
1167 1149
1167 1163
1167 1161
1167 1046
1167 1099
1167 1031
1167 1045
1167 1150
1167 1058
1168 1014
1168 1172
1168 1071
1168 1206
1168 1207
1168 1142
1168 1113
1168 1070
1168 1215
1168 1140
1169 1168
1169 1070
1169 1113
1169 1112
1169 1040
1169 1215
1169 1216
1169 1172
1169 1217
1169 1140
1170 1072
1170 1073
1170 1074
1170 1096
1170 1115
1170 1116
1170 1117
1170 1177
1170 1181
1171 1211
1171 1152
1171 1125
1171 995
1171 1221
1171 1189
1171 1176
1171 1010
1171 1210
1171 1158
1172 1014
1172 1112
1172 1113
1172 1070
1172 1071
1172 1142
1172 1215
1172 1168
1172 1217
1172 1006
1173 1190
1173 1205
1173 1213
1174 1204
1175 1193
1176 1011
1176 1210
1176 995
1176 1219
1176 998
1176 1171
1176 1188
1176 1212
1176 1221
1176 1152
1177 1001
1177 1073
1177 1074
1177 1096
1177 1114
1177 1115
1177 1116
1177 1117
1177 1170
1177 1181
1178 1086
1178 1126
1178 1179
1178 1183
1178 1184
1178 1185
1178 1196
1178 1200
1178 1201
1178 1203
1179 1122
1179 1126
1179 1127
1179 1178
1179 1180
1179 1182
1180 1119
1180 1120
1180 1122
1180 1179
1180 1182
1180 1183
1181 1096
1181 1170
1181 1177
1181 1183
1182 1119
1182 1121
1182 1122
1182 1123
1182 1124
1182 1127
1182 1179
1182 1180
1183 1178
1183 1180
1183 1181
1183 1184
1183 1199
1184 1201
1184 1183
1184 1185
1184 1203
1184 1085
1184 1086
1184 1196
1184 1178
1184 1200
1184 1198
1185 1178
1185 1200
1185 1203
1185 1201
1185 1085
1185 1086
1185 1202
1185 1196
1185 1126
1185 1184
1186 1128
1186 1159
1186 1157
1186 1162
1186 1107
1186 1037
1186 1164
1186 1166
1186 1132
1186 1189
1187 1195
1187 1194
1187 1156
1187 1129
1187 1186
1187 1160
1187 1108
1187 1034
1187 1036
1187 1159
1188 1189
1188 1010
1188 1125
1188 1220
1188 1221
1188 998
1188 1211
1188 1152
1188 1219
1188 1171
1189 1219
1189 1152
1189 1220
1189 1171
1189 1210
1189 1158
1189 1188
1189 1211
1189 1125
1189 998
1190 995
1190 1173
1190 1205
1190 1213
1191 994
1191 1019
1191 1214
1192 1100
1192 1058
1192 1165
1192 1195
1192 1156
1192 1157
1192 1059
1192 1057
1192 1159
1192 1045
1193 1110
1193 1175
1194 1130
1194 1057
1194 1059
1194 1192
1194 1162
1194 1037
1194 1195
1194 1165
1194 1036
1194 1034
1195 1159
1195 1057
1195 1165
1195 1132
1195 1162
1195 1060
1195 1157
1195 1187
1195 1034
1195 1166
1196 1184
1196 1201
1196 1185
1196 1126
1196 1198
1196 1203
1196 1086
1196 1085
1196 1202
1196 1178
1197 1034
1197 1087
1197 1109
1197 1129
1197 1130
1197 1131
1197 1166
1197 1198
1197 1202
1198 1203
1198 1131
1198 1184
1198 1086
1198 1202
1198 1085
1198 1109
1198 1196
1198 1201
1198 1197
1199 1098
1199 1183
1200 1086
1200 1184
1200 1198
1200 1202
1200 1201
1200 1085
1200 1185
1200 1203
1200 1178
1200 1196
1201 1185
1201 1198
1201 1085
1201 1126
1201 1184
1201 1200
1201 1086
1201 1178
1201 1196
1201 1087
1202 1126
1202 1128
1202 1131
1202 1185
1202 1196
1202 1197
1202 1198
1202 1200
1202 1203
1203 1178
1203 1196
1203 1185
1203 1126
1203 1198
1203 1085
1203 1184
1203 1200
1203 1202
1203 1201
1204 1174
1205 1173
1205 1190
1205 1213
1206 1006
1206 1014
1206 1113
1206 1209
1206 1215
1206 1207
1206 1216
1206 1018
1206 1169
1206 1217
1207 1080
1207 1067
1207 1094
1207 1206
1207 1169
1207 1168
1207 1209
1207 1172
1207 1092
1207 1068
1208 1078
1208 1081
1208 1104
1208 1105
1208 1106
1208 1144
1208 1209
1209 1080
1209 1081
1209 1092
1209 1141
1209 1142
1209 1206
1209 1207
1209 1208
1210 997
1210 1211
1210 998
1210 1171
1210 1188
1210 1125
1210 995
1210 1011
1210 1189
1210 1010
1211 1158
1211 1221
1211 1171
1211 1010
1211 1176
1211 1210
1211 1219
1211 1125
1211 1155
1211 1188
1212 1152
1212 1211
1212 1021
1212 1125
1212 1188
1212 1011
1212 995
1212 1219
1212 1189
1212 1221
1213 995
1213 1173
1213 1190
1213 1205
1214 994
1214 1019
1214 1191
1215 1018
1215 1113
1215 1142
1215 993
1215 1071
1215 1216
1215 1206
1215 1022
1215 1169
1215 1168
1216 1006
1216 1217
1216 993
1216 1113
1216 1218
1216 1215
1216 1168
1216 1029
1216 1206
1216 1172
1217 1215
1217 1206
1217 1142
1217 1112
1217 1169
1217 1172
1217 993
1217 1113
1217 1216
1217 1168
1218 1140
1218 1113
1218 1018
1218 1029
1218 1168
1218 1215
1218 1216
1218 1022
1218 1217
1218 1014
1219 1211
1219 1021
1219 1171
1219 1212
1219 1152
1219 998
1219 1016
1219 997
1219 995
1219 1010
1220 1212
1220 1188
1220 1189
1220 1221
1220 1016
1220 1152
1220 1124
1220 1010
1220 1219
1220 1125
1221 1021
1221 1171
1221 1220
1221 1212
1221 1016
1221 1210
1221 1219
1221 1152
1221 1189
1221 1211
