0.000000 0.098471 -0.068251
0.000000 0.127919 0.077479
0.000000 0.124049 0.141484
0.000000 0.123971 0.014098
-0.054110 0.098467 -0.007823
0.054110 0.098467 -0.007823
0.000000 0.120024 -0.049278
-0.112567 0.098466 -0.040394
0.112567 0.098466 -0.040394
0.000000 0.116078 -0.112654
-0.144153 0.098464 -0.097325
0.144153 0.098464 -0.097325
0.000000 0.112132 -0.176030
-0.181121 0.098463 -0.123562
-0.130971 0.098463 -0.115320
-0.155754 0.098463 -0.118993
0.181121 0.098463 -0.123562
0.130971 0.098463 -0.115320
0.155754 0.098463 -0.118993
-0.037467 0.098464 -0.207460
0.037467 0.098464 -0.207460
0.000000 0.108188 -0.239406
-0.061630 0.098464 -0.226050
0.061630 0.098464 -0.226050
0.000000 0.104244 -0.302782
-0.075223 0.098465 -0.252627
0.075223 0.098465 -0.252627
0.000000 0.100301 -0.366158
-0.092524 0.098465 -0.263603
0.092524 0.098465 -0.263604
