0 1
0 2
0 3
0 4
0 18
0 21
0 22
1 0
1 19
1 2
1 3
2 0
2 1
2 18
2 19
2 20
3 0
3 1
3 4
3 5
3 19
3 29
4 0
4 3
4 5
4 6
4 8
4 22
4 24
5 3
5 4
5 6
5 7
5 29
5 30
6 8
6 4
6 5
6 7
7 5
7 6
7 8
7 9
7 30
8 4
8 6
8 7
8 9
8 10
8 24
9 7
9 8
9 10
9 11
9 28
9 30
10 8
10 9
10 11
10 12
10 24
10 26
11 9
11 10
11 12
11 13
11 15
11 28
12 10
12 11
12 13
12 14
12 26
12 27
13 64
13 11
13 12
13 14
13 15
13 50
13 52
13 26
14 12
14 13
14 15
14 16
14 50
14 51
14 52
14 21
14 27
14 31
15 11
15 13
15 14
15 16
15 17
15 28
16 14
16 15
16 17
16 18
16 21
17 15
17 16
17 18
17 19
17 28
17 29
18 0
18 2
18 16
18 17
18 19
18 20
18 21
19 1
19 2
19 3
19 17
19 18
19 20
19 29
20 2
20 18
20 19
21 0
21 14
21 16
21 18
21 22
21 23
21 31
22 0
22 4
22 21
22 23
22 24
23 32
23 35
23 52
23 21
23 22
23 24
23 25
23 31
24 4
24 8
24 10
24 22
24 23
24 25
24 26
25 32
25 34
25 35
25 59
25 52
25 23
25 24
25 26
25 27
26 64
26 59
26 10
26 12
26 13
26 52
26 24
26 25
26 27
27 32
27 12
27 14
27 25
27 26
27 31
28 9
28 11
28 15
28 17
28 29
28 30
29 3
29 5
29 17
29 19
29 28
29 30
30 5
30 7
30 9
30 28
30 29
31 32
31 35
31 14
31 51
31 52
31 21
31 23
31 27
32 25
32 27
32 31
32 23
33 65
33 34
33 35
33 36
33 37
33 67
33 49
33 51
34 33
34 35
34 36
34 25
34 58
34 59
34 63
35 33
35 34
35 51
35 23
35 25
35 31
36 33
36 34
36 37
36 38
36 63
37 65
37 33
37 66
37 36
37 38
37 39
38 36
38 37
38 39
38 40
38 62
38 63
39 66
39 68
39 37
39 38
39 40
39 41
40 38
40 39
40 41
40 42
40 60
40 61
40 62
41 68
41 39
41 40
41 42
41 43
42 40
42 41
42 43
42 44
42 46
42 53
42 60
43 68
43 69
43 41
43 42
43 44
43 45
44 42
44 43
44 45
44 46
45 69
45 43
45 44
45 46
45 47
46 42
46 44
46 45
46 47
46 48
46 53
47 69
47 45
47 46
47 48
47 49
48 46
48 47
48 49
48 50
48 53
48 54
48 55
49 33
49 67
49 69
49 47
49 48
49 50
49 51
50 64
50 13
50 14
50 48
50 49
50 51
50 55
50 57
51 33
51 35
51 14
51 49
51 50
51 31
52 13
52 14
52 23
52 25
52 26
52 31
53 42
53 46
53 48
53 54
53 56
53 60
54 48
54 56
54 53
54 55
55 48
55 50
55 54
55 56
55 57
56 53
56 54
56 55
56 57
56 58
56 60
56 61
57 64
57 50
57 55
57 56
57 58
57 59
58 34
58 56
58 57
58 59
58 61
58 62
58 63
59 64
59 34
59 26
59 57
59 58
59 25
60 40
60 42
60 53
60 56
60 61
61 40
61 56
61 58
61 60
61 62
62 38
62 40
62 58
62 61
62 63
63 34
63 36
63 38
63 58
63 62
64 13
64 50
64 57
64 26
64 59
65 33
65 66
65 67
65 37
66 65
66 67
66 68
66 37
66 39
67 65
67 66
67 33
67 68
67 69
67 49
68 66
68 67
68 69
68 39
68 41
68 43
69 67
69 68
69 43
69 45
69 47
69 49
70 71
70 72
70 74
70 76
70 78
71 70
71 72
71 73
71 78
71 80
72 73
72 74
72 70
72 71
73 71
73 72
73 74
73 75
73 80
74 70
74 72
74 73
74 75
74 76
75 73
75 74
75 76
75 77
75 80
75 82
76 70
76 74
76 75
76 77
76 78
77 75
77 76
77 78
77 79
77 81
77 82
78 70
78 71
78 76
78 77
78 79
78 80
79 80
79 81
79 77
79 78
80 71
80 73
80 75
80 78
80 79
80 81
80 82
81 80
81 82
81 77
81 79
82 80
82 81
82 75
82 77
83 97
83 98
83 84
83 85
84 98
84 99
84 83
84 85
84 86
85 83
85 84
85 86
85 87
86 99
86 84
86 85
86 87
86 88
87 88
87 89
87 85
87 86
88 99
88 86
88 87
88 89
88 90
89 88
89 90
89 91
89 87
90 99
90 88
90 89
90 91
90 92
91 89
91 90
91 92
91 93
92 99
92 90
92 91
92 93
92 94
93 91
93 92
93 94
93 95
94 96
94 99
94 92
94 93
94 95
95 96
95 97
95 93
95 94
96 97
96 98
96 99
96 94
96 95
97 96
97 98
97 83
97 95
98 96
98 97
98 99
98 83
98 84
99 96
99 98
99 84
99 86
99 88
99 90
99 92
99 94
100 101
100 102
100 103
100 104
100 108
100 112
101 100
101 102
101 103
101 105
101 107
102 100
102 101
102 106
102 107
102 112
102 115
103 104
103 105
103 100
103 101
104 100
104 103
104 105
104 106
104 108
104 109
105 101
105 103
105 104
105 106
105 107
106 102
106 104
106 105
106 107
106 109
106 115
107 105
107 106
107 101
107 102
108 100
108 104
108 109
108 110
108 112
108 114
109 104
109 106
109 108
109 110
109 111
109 115
110 108
110 109
110 111
110 114
110 116
110 117
110 119
111 109
111 110
111 113
111 115
111 119
112 100
112 102
112 108
112 113
112 114
112 115
113 111
113 112
113 114
113 115
113 116
113 118
113 119
114 108
114 110
114 112
114 113
114 116
115 102
115 106
115 109
115 111
115 112
115 113
116 110
116 113
116 114
116 117
116 118
117 118
117 116
117 110
117 119
118 113
118 116
118 117
118 119
119 110
119 111
119 113
119 117
119 118
120 121
120 122
120 123
120 124
121 142
121 144
121 145
121 146
121 150
121 120
121 122
121 123
122 142
122 143
122 120
122 121
122 124
123 150
123 120
123 121
123 124
123 125
124 142
124 143
124 120
124 122
124 123
124 125
124 126
125 150
125 151
125 123
125 124
125 126
125 127
126 128
126 141
126 142
126 124
126 125
126 127
127 128
127 129
127 151
127 152
127 125
127 126
128 129
128 130
128 132
128 141
128 126
128 127
129 128
129 130
129 131
129 140
129 152
129 127
130 128
130 129
130 131
130 132
130 168
130 170
130 139
130 172
131 129
131 130
131 132
131 133
131 139
131 140
132 128
132 130
132 131
132 133
132 134
132 168
132 172
132 141
132 173
132 144
133 131
133 132
133 134
133 135
133 137
133 139
134 132
134 133
134 135
134 136
134 172
134 173
134 144
134 155
135 136
135 137
135 133
135 134
136 134
136 135
136 137
136 138
136 172
136 144
136 145
136 155
137 133
137 135
137 136
137 138
137 139
137 171
137 172
137 153
137 155
138 136
138 137
138 139
138 140
138 145
138 146
138 147
139 130
139 131
139 133
139 137
139 138
139 170
139 140
139 171
139 172
140 129
140 131
140 138
140 139
140 147
140 152
141 128
141 132
141 142
141 144
141 126
142 141
142 143
142 144
142 121
142 122
142 124
142 126
143 122
143 124
143 142
144 132
144 134
144 136
144 141
144 142
144 145
144 121
145 136
145 138
145 144
145 146
145 121
146 138
146 145
146 147
146 148
146 150
146 121
147 138
147 140
147 146
147 148
147 149
147 152
148 146
148 147
148 149
148 150
149 147
149 148
149 150
149 151
149 152
150 146
150 148
150 149
150 151
150 121
150 123
150 125
151 149
151 150
151 152
151 125
151 127
152 129
152 140
152 147
152 149
152 151
152 127
153 137
153 171
153 181
153 154
153 155
153 156
153 157
154 185
154 173
154 174
154 175
154 184
154 153
154 155
154 156
155 134
155 136
155 137
155 173
155 153
155 154
156 184
156 153
156 154
156 157
156 158
157 181
157 153
157 156
157 158
157 159
158 160
158 189
158 184
158 156
158 157
158 159
159 160
159 161
159 181
159 157
159 158
160 161
160 162
160 179
160 180
160 189
160 158
160 159
161 160
161 162
161 163
161 181
161 159
162 160
162 161
162 163
162 164
162 180
163 161
163 162
163 164
163 165
163 167
163 169
163 181
164 162
164 163
164 165
164 166
164 180
164 182
165 163
165 164
165 166
165 167
166 164
166 165
166 167
166 168
166 174
166 182
166 183
167 163
167 165
167 166
167 168
167 169
168 130
168 132
168 166
168 167
168 169
168 170
168 173
168 174
169 163
169 167
169 168
169 170
169 171
169 181
170 130
170 168
170 169
170 171
170 139
171 137
171 169
171 170
171 139
171 181
171 153
172 130
172 132
172 134
172 136
172 137
172 139
173 132
173 134
173 168
173 174
173 154
173 155
174 166
174 168
174 173
174 175
174 176
174 183
174 154
175 186
175 174
175 176
175 177
175 185
175 154
176 174
176 175
176 177
176 178
176 183
176 188
177 175
177 176
177 178
177 179
177 186
177 189
178 176
178 177
178 179
178 180
178 187
178 188
179 160
179 177
179 178
179 180
179 189
180 160
180 162
180 164
180 178
180 179
180 182
180 187
181 161
181 163
181 169
181 171
181 153
181 157
181 159
182 164
182 166
182 180
182 183
182 187
182 188
183 166
183 174
183 176
183 182
183 188
184 154
184 185
184 186
184 156
184 189
184 158
185 184
185 186
185 154
185 175
186 175
186 177
186 184
186 185
186 189
187 178
187 188
187 180
187 182
188 176
188 178
188 182
188 183
188 187
189 160
189 177
189 179
189 184
189 186
189 158
190 192
190 193
190 194
190 201
190 202
190 191
191 192
191 193
191 199
191 200
191 190
192 200
192 201
192 190
192 191
193 194
193 195
193 197
193 198
193 199
193 190
193 191
194 193
194 195
194 196
194 201
194 202
194 203
194 190
195 193
195 194
195 196
195 197
196 194
196 195
196 197
196 198
196 199
196 203
197 193
197 195
197 196
197 198
198 193
198 196
198 197
198 199
199 193
199 196
199 198
199 200
199 203
199 191
200 192
200 199
200 201
200 203
200 191
201 192
201 194
201 200
201 202
201 203
201 190
202 201
202 194
202 190
203 194
203 196
203 199
203 200
203 201
204 208
204 205
204 206
204 207
205 204
205 206
205 207
205 219
205 220
206 218
206 219
206 204
206 205
207 204
207 205
207 208
207 209
207 220
208 209
208 210
208 204
208 207
209 207
209 208
209 210
209 211
209 220
210 208
210 209
210 211
210 212
211 209
211 210
211 212
211 213
211 220
212 210
212 211
212 213
212 214
213 211
213 212
213 214
213 215
213 220
214 216
214 212
214 213
214 215
215 213
215 214
215 216
215 217
215 220
216 217
216 218
216 214
216 215
217 215
217 216
217 218
217 219
217 220
218 216
218 217
218 219
218 206
219 205
219 206
219 217
219 218
219 220
220 205
220 207
220 209
220 211
220 213
220 215
220 217
220 219
221 224
221 225
221 231
221 233
221 222
221 223
222 224
222 236
222 237
222 239
222 240
222 221
222 223
223 233
223 235
223 237
223 221
223 222
224 225
224 226
224 234
224 236
224 221
224 222
225 224
225 226
225 227
225 229
225 231
225 221
226 224
226 225
226 227
226 228
226 232
226 234
227 225
227 226
227 228
227 229
228 226
228 227
228 229
228 230
228 232
229 225
229 227
229 228
229 230
229 231
230 232
230 228
230 229
230 231
231 225
231 229
231 230
231 232
231 233
231 221
232 226
232 228
232 230
232 231
232 233
232 234
233 231
233 232
233 234
233 235
233 221
233 223
234 224
234 226
234 232
234 233
234 235
234 236
235 233
235 234
235 236
235 237
235 238
235 240
235 223
236 224
236 234
236 235
236 240
236 222
237 235
237 238
237 239
237 222
237 223
238 240
238 235
238 237
238 239
239 240
239 237
239 222
239 238
240 235
240 236
240 238
240 239
240 222
241 242
241 243
241 244
241 245
241 254
242 256
242 258
242 241
242 243
242 244
242 255
243 241
243 242
243 252
243 253
243 254
243 255
244 258
244 241
244 242
244 245
244 246
245 260
245 241
245 244
245 246
245 247
245 254
246 257
246 258
246 244
246 245
246 247
246 248
247 260
247 245
247 246
247 248
247 249
248 257
248 246
248 247
248 249
248 250
249 259
249 260
249 247
249 248
249 250
249 251
250 257
250 248
250 249
250 251
250 252
251 259
251 249
251 250
251 252
251 253
252 256
252 257
252 243
252 250
252 251
252 253
252 255
253 259
253 243
253 251
253 252
253 254
254 259
254 260
254 241
254 243
254 245
254 253
255 256
255 242
255 243
255 252
256 257
256 258
256 242
256 252
256 255
257 256
257 258
257 246
257 248
257 250
257 252
258 256
258 257
258 242
258 244
258 246
259 260
259 249
259 251
259 253
259 254
260 259
260 245
260 247
260 249
260 254
261 262
261 263
261 264
261 265
261 273
262 261
262 263
262 264
262 271
262 272
263 261
263 262
263 269
263 270
263 271
263 273
264 261
264 262
264 265
264 266
264 272
265 261
265 264
265 266
265 267
265 273
266 264
266 265
266 267
266 268
266 272
266 274
267 265
267 266
267 268
267 269
267 273
268 266
268 267
268 269
268 270
268 274
269 263
269 267
269 268
269 270
269 273
270 263
270 268
270 269
270 271
270 274
271 262
271 263
271 270
271 272
271 274
272 262
272 264
272 266
272 271
272 274
273 261
273 263
273 265
273 267
273 269
274 266
274 268
274 270
274 271
274 272
275 276
275 277
275 278
275 279
275 287
276 275
276 277
276 278
276 285
276 286
277 275
277 276
277 283
277 284
277 285
277 287
278 275
278 276
278 279
278 280
278 286
279 275
279 278
279 280
279 281
279 287
280 288
280 278
280 279
280 281
280 282
280 286
281 279
281 280
281 282
281 283
281 287
282 288
282 280
282 281
282 283
282 284
283 277
283 281
283 282
283 284
283 287
284 288
284 277
284 282
284 283
284 285
285 288
285 276
285 277
285 284
285 286
286 288
286 276
286 278
286 280
286 285
287 275
287 277
287 279
287 281
287 283
288 280
288 282
288 284
288 285
288 286
289 290
289 291
289 292
289 293
290 289
290 291
290 292
290 297
290 298
291 289
291 290
291 293
291 295
291 297
292 289
292 290
292 293
292 294
292 298
293 289
293 291
293 292
293 294
293 295
294 292
294 293
294 295
294 296
294 298
295 291
295 293
295 294
295 296
295 297
296 297
296 298
296 294
296 295
297 290
297 291
297 295
297 296
297 298
298 290
298 292
298 294
298 296
298 297
299 300
299 301
299 302
299 303
300 299
300 301
300 302
300 306
300 307
301 299
301 300
301 303
301 305
301 307
302 299
302 300
302 303
302 304
302 306
303 299
303 301
303 302
303 304
303 305
304 305
304 306
304 302
304 303
305 301
305 303
305 304
305 306
305 307
306 300
306 302
306 304
306 305
306 307
307 305
307 306
307 300
307 301
308 309
308 310
308 311
308 312
308 317
308 318
309 323
309 324
309 308
309 310
309 311
310 324
310 308
310 309
310 318
310 319
311 322
311 323
311 308
311 309
311 312
311 313
312 308
312 311
312 313
312 314
312 316
312 317
313 321
313 322
313 311
313 312
313 314
313 315
314 320
314 312
314 313
314 315
314 316
315 320
315 313
315 314
315 321
316 312
316 314
316 320
316 317
317 320
317 321
317 308
317 312
317 316
317 318
318 321
318 322
318 308
318 310
318 317
318 319
319 322
319 323
319 324
319 310
319 318
320 321
320 314
320 315
320 316
320 317
321 320
321 322
321 313
321 315
321 317
321 318
322 321
322 323
322 311
322 313
322 318
322 319
323 322
323 324
323 309
323 311
323 319
324 323
324 309
324 310
324 319
325 328
325 329
325 326
325 327
326 354
326 325
326 327
326 328
326 340
327 339
327 340
327 325
327 326
328 354
328 325
328 326
328 329
328 330
329 328
329 330
329 331
329 325
330 354
330 328
330 329
330 331
330 332
331 329
331 330
331 332
331 333
332 354
332 330
332 331
332 333
332 334
333 331
333 332
333 334
333 335
334 354
334 332
334 333
334 335
334 336
335 336
335 337
335 333
335 334
336 354
336 334
336 335
336 337
336 338
337 336
337 338
337 339
337 335
338 354
338 336
338 337
338 339
338 340
339 337
339 338
339 340
339 327
340 354
340 326
340 327
340 338
340 339
341 342
341 343
341 344
341 345
341 351
342 344
342 352
342 341
342 343
343 352
343 353
343 341
343 342
343 351
344 352
344 341
344 342
344 345
344 346
345 341
345 344
345 346
345 347
345 350
345 351
346 352
346 353
346 344
346 345
346 347
346 348
347 345
347 346
347 348
347 349
347 350
348 353
348 346
348 347
348 349
349 353
349 347
349 348
349 350
349 351
350 345
350 347
350 349
350 351
351 353
351 341
351 343
351 345
351 349
351 350
352 353
352 342
352 343
352 344
352 346
353 352
353 343
353 346
353 348
353 349
353 351
354 326
354 328
354 330
354 332
354 334
354 336
354 338
354 340
355 362
355 356
355 357
355 359
356 355
356 357
356 358
356 362
356 363
356 366
357 355
357 356
357 358
357 359
357 361
358 356
358 357
358 360
358 361
358 363
358 364
359 355
359 357
359 360
359 361
359 362
360 358
360 359
360 361
360 362
360 364
360 365
361 360
361 357
361 358
361 359
362 355
362 356
362 359
362 360
362 365
362 366
363 356
363 358
363 364
363 366
363 367
363 370
364 358
364 360
364 363
364 365
364 367
364 368
365 360
365 362
365 364
365 366
365 368
365 369
366 356
366 362
366 363
366 365
366 369
366 370
367 363
367 364
367 368
367 370
367 371
367 372
368 364
368 365
368 367
368 369
368 371
368 374
369 365
369 366
369 368
369 370
369 373
369 374
370 363
370 366
370 367
370 369
370 372
370 373
371 368
371 372
371 374
371 367
372 367
372 370
372 371
372 373
372 374
373 369
373 370
373 372
373 374
374 368
374 369
374 371
374 372
374 373
375 450
375 451
375 376
375 377
375 378
375 379
376 390
376 423
376 430
376 375
376 377
376 378
377 449
377 450
377 389
377 390
377 375
377 376
378 423
378 424
378 375
378 376
378 379
378 380
379 512
379 451
379 501
379 502
379 375
379 378
379 380
379 381
379 511
380 424
380 425
380 378
380 379
380 381
380 382
381 511
381 498
381 499
381 500
381 501
381 536
381 379
381 380
381 382
381 383
382 384
382 425
382 426
382 380
382 381
382 383
383 384
383 385
383 446
383 498
383 535
383 536
383 381
383 382
383 445
384 385
384 386
384 426
384 427
384 382
384 383
385 384
385 386
385 387
385 447
385 445
385 383
386 384
386 385
386 387
386 388
386 427
386 428
387 448
387 385
387 386
387 388
387 389
387 447
388 386
388 387
388 389
388 390
388 428
388 429
389 448
389 449
389 387
389 388
389 390
389 377
390 388
390 389
390 429
390 430
390 376
390 377
391 578
391 392
391 393
391 394
391 395
392 576
392 391
392 393
392 394
392 406
393 578
393 391
393 392
393 405
393 406
394 576
394 391
394 392
394 395
394 396
395 578
395 391
395 394
395 396
395 397
396 576
396 394
396 395
396 397
396 398
397 578
397 395
397 396
397 398
397 399
398 576
398 396
398 397
398 399
398 400
399 578
399 397
399 398
399 400
399 401
400 576
400 398
400 399
400 401
400 402
401 578
401 399
401 400
401 402
401 403
402 576
402 400
402 401
402 403
402 404
403 578
403 401
403 402
403 404
403 405
404 576
404 402
404 403
404 405
404 406
405 578
405 393
405 403
405 404
405 406
406 576
406 392
406 393
406 404
406 405
407 408
407 409
407 410
407 411
407 575
408 577
408 422
408 407
408 409
408 410
409 421
409 422
409 407
409 408
409 575
410 577
410 407
410 408
410 411
410 412
411 407
411 410
411 412
411 413
411 575
412 577
412 410
412 411
412 413
412 414
413 415
413 411
413 412
413 414
413 575
414 416
414 577
414 412
414 413
414 415
415 416
415 417
415 413
415 414
415 575
416 577
416 417
416 418
416 414
416 415
417 416
417 418
417 419
417 415
417 575
418 416
418 417
418 577
418 419
418 420
419 417
419 418
419 420
419 421
419 575
420 577
420 418
420 419
420 421
420 422
421 419
421 420
421 422
421 409
421 575
422 577
422 420
422 421
422 408
422 409
423 583
423 424
423 430
423 376
423 378
424 583
424 423
424 425
424 378
424 380
425 583
425 424
425 426
425 380
425 382
426 384
426 583
426 425
426 427
426 382
427 384
427 386
427 583
427 426
427 428
428 386
428 388
428 583
428 427
428 429
429 388
429 390
429 583
429 428
429 430
430 390
430 583
430 423
430 429
430 376
431 449
431 450
431 451
431 432
431 433
431 434
431 435
432 514
432 515
432 431
432 433
432 434
433 513
433 514
433 451
433 431
433 432
433 505
433 509
433 510
434 515
434 431
434 432
434 435
434 436
435 448
435 449
435 431
435 434
435 436
435 437
436 515
436 434
436 435
436 437
436 438
437 448
437 435
437 436
437 438
437 439
437 447
438 515
438 550
438 436
438 533
438 437
438 439
438 440
439 437
439 438
439 440
439 441
439 445
439 447
440 533
440 438
440 439
440 441
440 442
441 439
441 440
441 442
441 443
441 445
441 446
442 533
442 440
442 441
442 443
442 444
443 506
443 499
443 533
443 534
443 503
443 441
443 442
443 444
443 446
444 442
444 443
444 533
445 385
445 383
445 439
445 441
445 446
445 447
446 498
446 499
446 534
446 535
446 441
446 443
446 445
446 383
447 448
447 385
447 387
447 437
447 439
447 445
448 449
448 387
448 389
448 435
448 437
448 447
449 448
449 450
449 389
449 431
449 435
449 377
450 449
450 451
450 431
450 375
450 377
451 512
451 513
451 450
451 431
451 433
451 502
451 375
451 505
451 379
452 579
452 453
452 454
452 455
452 456
453 452
453 454
453 455
453 584
453 573
454 579
454 452
454 453
454 572
454 573
455 452
455 453
455 456
455 457
455 584
456 579
456 452
456 455
456 457
456 458
457 455
457 456
457 584
457 458
457 459
458 579
458 456
458 457
458 459
458 460
459 584
459 457
459 458
459 460
459 461
460 579
460 458
460 459
460 461
460 462
461 584
461 459
461 460
461 462
461 463
462 579
462 460
462 461
462 463
462 464
462 574
462 543
463 584
463 552
463 554
463 461
463 462
463 464
464 544
464 552
464 555
464 462
464 463
464 543
465 525
465 466
465 467
465 468
465 469
466 580
466 581
466 465
466 467
466 468
467 581
467 582
467 525
467 465
467 466
468 580
468 465
468 466
468 469
468 470
469 525
469 465
469 468
469 470
469 471
470 580
470 468
470 469
470 471
470 472
471 525
471 469
471 470
471 472
471 473
472 580
472 470
472 471
472 473
472 474
473 525
473 471
473 472
473 474
473 475
474 580
474 472
474 473
474 475
474 476
475 588
475 525
475 526
475 527
475 473
475 474
475 476
476 580
476 588
476 557
476 558
476 474
476 475
477 480
477 481
477 561
477 478
477 479
478 480
478 566
478 569
478 570
478 477
478 479
479 561
479 565
479 566
479 477
479 478
480 481
480 482
480 570
480 571
480 477
480 478
481 480
481 482
481 483
481 548
481 561
481 563
481 477
482 480
482 481
482 483
482 484
482 571
483 481
483 482
483 547
483 484
483 485
483 548
483 524
483 496
484 482
484 483
484 485
484 486
484 539
484 571
484 541
485 483
485 484
485 486
485 487
485 489
485 496
485 497
486 484
486 485
486 487
486 531
486 541
487 485
487 486
487 488
487 489
487 531
488 489
488 490
488 531
488 487
489 485
489 487
489 488
489 490
489 491
489 497
490 488
490 489
490 491
490 492
490 531
490 532
491 489
491 490
491 492
491 493
491 495
491 497
492 516
492 490
492 491
492 493
492 494
492 532
493 491
493 492
493 494
493 495
494 516
494 520
494 522
494 492
494 493
494 495
494 496
495 491
495 493
495 494
495 496
495 497
496 483
496 485
496 522
496 523
496 524
496 494
496 495
496 497
497 485
497 489
497 491
497 495
497 496
498 499
498 381
498 446
498 383
499 498
499 500
499 503
499 443
499 381
499 446
500 499
500 501
500 502
500 503
500 504
500 381
501 379
501 500
501 381
501 502
502 451
502 500
502 501
502 504
502 505
502 379
503 499
503 500
503 507
503 504
503 506
503 443
504 500
504 502
504 503
504 505
504 507
504 508
505 451
505 433
505 502
505 504
505 508
505 509
506 587
506 443
506 507
506 503
507 587
507 503
507 504
507 506
507 508
508 586
508 587
508 504
508 505
508 507
508 509
509 585
509 586
509 433
509 505
509 508
509 510
510 585
510 433
510 509
511 512
511 556
511 535
511 536
511 379
511 381
512 513
512 451
512 556
512 379
512 511
513 512
513 514
513 451
513 551
513 556
513 433
514 513
514 515
514 550
514 551
514 432
514 433
515 514
515 550
515 432
515 434
515 436
515 438
516 517
516 518
516 519
516 520
516 492
516 494
516 562
516 532
517 547
517 516
517 548
517 518
517 519
517 549
518 516
518 517
518 548
518 562
518 563
519 547
519 516
519 517
519 520
519 521
520 516
520 519
520 521
520 522
520 494
521 547
521 519
521 520
521 522
521 523
521 524
522 520
522 521
522 523
522 494
522 496
523 496
523 521
523 522
523 524
524 547
524 483
524 521
524 523
524 496
525 582
525 526
525 465
525 467
525 469
525 471
525 473
525 475
526 582
526 525
526 558
526 527
526 528
526 475
527 588
527 526
527 528
527 529
527 560
527 475
528 557
528 526
528 527
528 558
528 529
528 530
529 528
529 530
529 560
529 527
530 557
530 559
530 528
530 529
530 560
531 486
531 487
531 488
531 490
531 532
531 541
531 542
532 516
532 490
532 492
532 562
532 531
532 567
532 542
533 550
533 551
533 534
533 438
533 440
533 442
533 443
533 444
534 551
534 556
534 533
534 535
534 443
534 446
535 511
535 556
535 534
535 536
535 446
535 383
536 511
536 535
536 381
536 383
537 571
537 538
537 539
537 570
538 569
538 537
538 570
538 539
538 540
539 484
539 537
539 538
539 571
539 540
539 541
540 568
540 569
540 538
540 539
540 541
540 542
541 484
541 486
541 531
541 539
541 540
541 542
542 531
542 532
542 567
542 568
542 540
542 541
543 544
543 545
543 553
543 462
543 464
543 574
544 545
544 546
544 555
544 464
544 543
545 544
545 553
545 546
545 543
546 544
546 545
546 552
546 553
546 555
547 483
547 548
547 549
547 517
547 519
547 521
547 524
548 481
548 547
548 483
548 549
548 518
548 517
548 563
549 547
549 548
549 517
550 514
550 515
550 551
550 533
550 438
551 513
551 514
551 550
551 556
551 533
551 534
552 546
552 553
552 554
552 555
552 463
552 464
553 545
553 546
553 552
553 554
553 574
553 543
554 552
554 553
554 584
554 463
554 572
554 573
554 574
555 552
555 546
555 544
555 464
556 512
556 513
556 551
556 534
556 535
556 511
557 588
557 558
557 559
557 528
557 530
557 476
558 580
558 581
558 582
558 557
558 526
558 528
558 476
559 560
559 530
559 588
559 557
560 588
560 527
560 559
560 529
560 530
561 481
561 562
561 563
561 564
561 565
561 477
561 479
562 516
562 518
562 561
562 563
562 564
562 532
562 567
563 481
563 548
563 518
563 561
563 562
564 561
564 562
564 565
564 566
564 567
564 568
565 561
565 564
565 566
565 479
566 564
566 565
566 568
566 569
566 478
566 479
567 562
567 564
567 532
567 568
567 542
568 564
568 566
568 567
568 569
568 540
568 542
569 570
569 566
569 568
569 538
569 540
569 478
570 480
570 537
570 569
570 538
570 571
570 478
571 480
571 482
571 484
571 537
571 570
571 539
572 579
572 454
572 554
572 573
572 574
573 453
573 454
573 584
573 554
573 572
574 579
574 553
574 554
574 462
574 572
574 543
575 417
575 419
575 421
575 407
575 409
575 411
575 413
575 415
576 392
576 394
576 396
576 398
576 400
576 402
576 404
576 406
577 416
577 418
577 420
577 422
577 408
577 410
577 412
577 414
578 391
578 393
578 395
578 397
578 399
578 401
578 403
578 405
579 452
579 454
579 456
579 458
579 460
579 462
579 572
579 574
580 581
580 558
580 466
580 468
580 470
580 472
580 474
580 476
581 580
581 582
581 558
581 466
581 467
582 581
582 525
582 558
582 526
582 467
583 423
583 424
583 425
583 426
583 427
583 428
583 429
583 430
584 453
584 455
584 457
584 554
584 459
584 461
584 463
584 573
585 586
585 509
585 510
586 585
586 587
586 508
586 509
587 506
587 507
587 508
587 586
588 557
588 559
588 560
588 527
588 475
588 476
589 590
589 591
589 592
589 593
589 603
589 604
590 589
590 591
590 592
590 602
590 606
591 602
591 603
591 589
591 590
592 589
592 590
592 593
592 594
592 606
593 589
593 592
593 594
593 595
593 604
594 608
594 592
594 593
594 595
594 596
594 606
595 593
595 594
595 596
595 597
595 604
595 605
596 608
596 594
596 595
596 597
596 598
597 595
597 596
597 598
597 599
597 605
598 608
598 596
598 597
598 599
598 600
598 607
599 597
599 598
599 600
599 601
599 605
600 598
600 599
600 601
600 602
600 607
601 599
601 600
601 602
601 603
601 605
602 590
602 591
602 600
602 601
602 603
602 606
602 607
603 589
603 591
603 601
603 602
603 604
603 605
604 589
604 593
604 595
604 603
604 605
605 595
605 597
605 599
605 601
605 603
605 604
606 608
606 590
606 592
606 594
606 602
606 607
607 608
607 598
607 600
607 602
607 606
608 594
608 596
608 598
608 606
608 607
609 610
609 611
609 612
609 613
609 622
610 609
610 611
610 612
610 619
610 620
611 609
611 610
611 617
611 618
611 619
611 622
612 609
612 610
612 613
612 614
612 620
613 609
613 612
613 614
613 615
613 622
614 612
614 613
614 615
614 616
614 620
614 621
615 613
615 614
615 616
615 617
615 622
616 614
616 615
616 617
616 618
616 621
617 611
617 615
617 616
617 618
617 622
618 611
618 616
618 617
618 619
618 621
619 610
619 611
619 618
619 620
619 621
620 610
620 612
620 614
620 619
620 621
621 614
621 616
621 618
621 619
621 620
622 609
622 611
622 613
622 615
622 617
623 624
623 625
623 626
623 627
623 636
624 623
624 625
624 626
624 633
624 634
625 623
625 624
625 631
625 632
625 633
625 636
626 623
626 624
626 627
626 628
626 634
627 623
627 626
627 628
627 629
627 636
628 626
628 627
628 629
628 630
628 634
628 635
629 627
629 628
629 630
629 631
629 636
630 628
630 629
630 631
630 632
630 635
631 625
631 629
631 630
631 632
631 636
632 625
632 630
632 631
632 633
632 635
633 624
633 625
633 632
633 634
633 635
634 624
634 626
634 628
634 633
634 635
635 628
635 630
635 632
635 633
635 634
636 623
636 625
636 627
636 629
636 631
637 640
637 641
637 638
637 639
638 640
638 645
638 646
638 637
638 639
639 641
639 643
639 645
639 637
639 638
640 641
640 642
640 646
640 637
640 638
641 640
641 642
641 643
641 637
641 639
642 640
642 641
642 643
642 644
642 646
643 641
643 642
643 644
643 645
643 639
644 642
644 643
644 645
644 646
645 643
645 644
645 646
645 638
645 639
646 640
646 642
646 644
646 645
646 638
647 648
647 649
647 650
647 651
647 655
648 647
648 649
648 650
648 652
648 654
649 648
649 655
649 654
649 647
650 648
650 651
650 652
650 647
651 647
651 650
651 652
651 653
651 655
652 648
652 650
652 651
652 653
652 654
653 651
653 652
653 654
653 655
654 648
654 649
654 652
654 653
654 655
655 647
655 649
655 651
655 653
655 654
656 672
656 657
656 658
656 659
656 660
657 656
657 658
657 659
657 661
657 668
658 656
658 657
658 668
658 672
659 656
659 657
659 660
659 661
660 672
660 656
660 659
660 661
660 662
660 671
661 657
661 659
661 660
661 662
661 663
661 668
662 660
662 661
662 663
662 664
662 670
662 671
663 661
663 662
663 664
663 665
663 668
663 669
664 662
664 663
664 665
664 666
664 670
665 663
665 664
665 666
665 667
665 669
666 664
666 665
666 667
666 670
667 665
667 666
667 669
667 670
667 671
668 672
668 657
668 658
668 661
668 663
668 669
669 672
669 663
669 665
669 667
669 668
669 671
670 662
670 664
670 666
670 667
670 671
671 672
671 660
671 662
671 667
671 669
671 670
672 656
672 658
672 660
672 668
672 669
672 671
673 674
673 675
673 676
673 677
673 702
674 688
674 673
674 675
674 676
675 673
675 674
675 687
675 688
675 702
676 673
676 674
676 677
676 678
677 673
677 676
677 678
677 679
677 702
678 680
678 676
678 677
678 679
679 677
679 678
679 680
679 681
679 702
680 681
680 682
680 678
680 679
681 679
681 680
681 682
681 683
681 702
682 680
682 681
682 683
682 684
683 681
683 682
683 684
683 685
683 702
684 682
684 683
684 685
684 686
685 683
685 684
685 686
685 687
685 702
686 688
686 684
686 685
686 687
687 675
687 685
687 686
687 688
687 702
688 674
688 675
688 686
688 687
689 690
689 691
689 692
689 693
689 700
690 689
690 691
690 692
690 694
690 701
691 689
691 690
691 700
691 701
692 689
692 690
692 693
692 694
693 689
693 692
693 694
693 695
693 699
693 700
694 690
694 692
694 693
694 695
694 696
694 701
695 693
695 694
695 696
695 697
695 699
696 694
696 695
696 697
696 698
696 701
697 696
697 698
697 699
697 695
698 696
698 697
698 699
698 700
698 701
699 693
699 695
699 697
699 698
699 700
700 689
700 691
700 693
700 698
700 699
700 701
701 690
701 691
701 694
701 696
701 698
701 700
702 673
702 675
702 677
702 679
702 681
702 683
702 685
702 687
703 704
703 705
703 706
703 707
704 705
704 706
704 708
704 703
705 704
705 707
705 708
705 703
706 704
706 707
706 708
706 703
707 705
707 706
707 708
707 703
708 704
708 705
708 706
708 707
709 710
709 711
709 712
709 713
709 812
710 833
710 836
710 709
710 711
710 712
710 816
710 826
711 709
711 710
711 812
711 815
711 816
712 709
712 710
712 713
712 714
712 826
712 827
713 709
713 712
713 714
713 715
713 812
714 712
714 713
714 715
714 716
714 827
714 828
715 713
715 714
715 716
715 717
715 812
715 788
715 789
716 714
716 715
716 717
716 718
716 828
717 715
717 716
717 718
717 719
717 787
717 789
718 716
718 717
718 719
718 720
718 828
718 830
719 717
719 718
719 720
719 721
719 785
719 787
720 832
720 718
720 719
720 721
720 722
720 830
721 781
721 719
721 720
721 785
721 722
721 723
721 783
722 832
722 720
722 721
722 849
722 723
722 724
723 834
723 781
723 782
723 721
723 722
723 724
723 725
724 848
724 849
724 722
724 723
724 725
724 726
725 834
725 723
725 724
725 726
725 727
726 848
726 724
726 725
726 727
726 728
727 833
727 834
727 725
727 726
727 728
727 729
727 826
728 848
728 726
728 727
728 729
728 829
728 831
729 727
729 728
729 826
729 827
729 829
730 838
730 841
730 842
730 731
730 732
730 733
730 734
731 870
731 730
731 732
731 733
731 862
732 870
732 871
732 842
732 730
732 731
733 865
733 862
733 730
733 731
733 734
733 735
734 736
734 730
734 733
734 735
735 736
735 737
735 865
735 868
735 869
735 733
735 734
736 737
736 738
736 734
736 735
737 736
737 738
737 739
737 868
737 735
738 736
738 737
738 739
738 740
739 737
739 738
739 740
739 741
739 868
739 824
740 738
740 739
740 741
740 742
741 739
741 740
741 742
741 743
741 820
741 822
741 824
742 744
742 740
742 741
742 743
743 741
743 742
743 744
743 745
743 820
744 745
744 746
744 742
744 743
745 743
745 744
745 746
745 747
745 818
745 820
746 866
746 867
746 744
746 745
746 747
746 748
747 745
747 746
747 748
747 818
747 819
748 866
748 746
748 747
748 819
748 857
749 752
749 753
749 750
749 751
750 752
750 764
750 749
750 751
751 763
751 764
751 749
751 750
752 753
752 754
752 749
752 750
753 752
753 754
753 755
753 749
754 752
754 753
754 755
754 756
755 753
755 754
755 756
755 757
756 754
756 755
756 757
756 758
757 755
757 756
757 758
757 759
758 760
758 756
758 757
758 759
759 760
759 761
759 757
759 758
760 761
760 762
760 758
760 759
761 760
761 762
761 763
761 759
762 760
762 761
762 763
762 764
763 761
763 762
763 764
763 751
764 762
764 763
764 750
764 751
765 768
765 769
765 766
765 767
766 768
766 780
766 765
766 767
767 779
767 780
767 765
767 766
768 769
768 770
768 765
768 766
769 768
769 770
769 771
769 765
770 768
770 769
770 771
770 772
771 769
771 770
771 772
771 773
772 770
772 771
772 773
772 774
773 771
773 772
773 774
773 775
774 776
774 772
774 773
774 775
775 776
775 777
775 773
775 774
776 777
776 778
776 774
776 775
777 776
777 778
777 779
777 775
778 776
778 777
778 779
778 780
779 777
779 778
779 780
779 767
780 778
780 779
780 766
780 767
781 721
781 723
781 782
781 783
782 834
782 835
782 781
782 783
782 784
782 723
783 781
783 782
783 784
783 785
783 721
784 835
784 837
784 782
784 783
784 785
784 786
785 719
785 784
785 783
785 786
785 787
785 721
786 837
786 814
786 784
786 785
786 787
786 788
787 717
787 719
787 785
787 786
787 788
787 789
788 715
788 812
788 813
788 814
788 786
788 787
788 789
789 787
789 788
789 717
789 715
790 843
790 846
790 847
790 791
790 792
790 793
790 794
791 881
791 886
791 790
791 792
791 793
792 791
792 847
792 886
792 887
792 790
793 791
793 881
793 854
793 790
793 794
793 795
794 793
794 795
794 796
794 790
795 852
795 853
795 854
795 793
795 794
795 796
795 797
796 794
796 795
796 797
796 798
797 852
797 795
797 796
797 798
797 799
798 800
798 796
798 797
798 799
799 800
799 797
799 811
799 852
799 861
799 798
800 889
800 811
800 798
800 799
801 802
801 803
801 804
801 805
801 807
801 850
802 801
802 803
802 804
802 878
802 879
802 851
803 801
803 802
803 851
803 850
804 801
804 802
804 805
804 806
804 879
805 801
805 804
805 806
805 807
806 804
806 805
806 807
806 808
806 879
807 801
807 805
807 806
807 808
807 809
807 850
808 806
808 807
808 809
808 810
808 879
808 890
809 807
809 808
809 810
809 811
809 880
809 850
809 891
810 808
810 809
810 811
810 889
810 890
811 800
811 809
811 810
811 880
811 889
811 861
811 799
812 709
812 711
812 713
812 715
812 813
812 815
812 788
813 814
813 788
813 812
813 815
814 837
814 813
814 815
814 816
814 786
814 788
815 711
815 812
815 813
815 814
815 816
816 836
816 837
816 710
816 711
816 814
816 815
817 818
817 819
817 820
817 821
817 855
817 856
817 857
818 745
818 747
818 817
818 819
818 820
819 747
819 748
819 817
819 818
819 857
820 741
820 743
820 745
820 817
820 818
820 821
820 822
821 817
821 820
821 822
821 823
822 741
822 820
822 821
822 823
822 824
823 824
823 825
823 821
823 822
824 739
824 868
824 741
824 822
824 823
824 825
825 824
825 868
825 877
825 823
826 833
826 710
826 712
826 727
826 729
826 827
827 712
827 714
827 729
827 826
827 828
827 829
828 714
828 716
828 718
828 827
828 829
828 830
829 728
829 729
829 827
829 828
829 830
829 831
830 832
830 718
830 720
830 828
830 829
830 831
831 832
831 848
831 849
831 728
831 829
831 830
832 720
832 849
832 722
832 830
832 831
833 834
833 835
833 836
833 710
833 727
833 826
834 833
834 835
834 782
834 723
834 725
834 727
835 833
835 834
835 836
835 837
835 782
835 784
836 833
836 835
836 837
836 710
836 816
837 835
837 836
837 814
837 784
837 816
837 786
838 839
838 840
838 841
838 875
838 730
839 838
839 840
839 841
839 874
839 873
840 874
840 875
840 838
840 839
841 838
841 839
841 872
841 873
841 842
841 730
842 871
842 872
842 841
842 730
842 732
843 844
843 845
843 846
843 883
843 790
844 843
844 845
844 846
844 882
844 884
845 883
845 884
845 843
845 844
846 843
846 844
846 847
846 882
846 885
846 790
847 846
847 885
847 790
847 887
847 792
848 849
848 724
848 726
848 728
848 831
849 832
849 848
849 722
849 724
849 831
850 801
850 803
850 807
850 809
850 851
850 891
851 850
851 803
851 802
851 878
852 861
852 853
852 858
852 795
852 860
852 797
852 799
853 795
853 852
853 854
853 858
853 859
854 859
854 881
854 853
854 793
854 795
854 892
855 856
855 817
855 866
855 857
856 817
856 866
856 867
856 855
857 866
857 748
857 817
857 819
857 855
858 859
858 852
858 853
858 860
859 858
859 892
859 853
859 854
860 858
860 893
860 852
860 861
861 811
861 880
861 852
861 860
861 893
861 799
862 864
862 865
862 870
862 731
862 733
862 863
863 864
863 865
863 876
863 862
864 870
864 871
864 872
864 875
864 862
864 863
865 869
865 876
865 863
865 733
865 862
865 735
866 867
866 746
866 748
866 855
866 856
866 857
867 856
867 866
867 746
868 737
868 739
868 869
868 877
868 824
868 825
868 735
869 865
869 868
869 876
869 877
869 735
870 864
870 871
870 731
870 732
870 862
871 864
871 870
871 872
871 842
871 732
872 864
872 871
872 841
872 842
872 875
872 873
873 839
873 872
873 841
873 874
873 875
874 840
874 873
874 875
874 839
875 864
875 838
875 840
875 873
875 874
875 872
876 865
876 877
876 869
876 863
877 868
877 825
877 876
877 869
878 802
878 851
878 879
879 802
879 804
879 806
879 808
879 878
879 890
880 809
880 811
880 861
880 891
880 893
881 791
881 886
881 854
881 888
881 793
881 892
882 844
882 846
882 883
882 884
882 885
883 843
883 845
883 882
883 884
883 885
883 888
884 882
884 883
884 844
884 845
885 846
885 847
885 882
885 883
885 887
885 888
886 791
886 881
886 888
886 887
886 792
887 847
887 888
887 885
887 886
887 792
888 881
888 883
888 885
888 886
888 887
888 892
889 800
889 810
889 811
889 890
890 808
890 889
890 810
890 879
891 880
891 809
891 850
891 893
892 888
892 881
892 859
892 854
893 880
893 891
893 860
893 861
894 896
894 897
894 898
894 895
895 896
895 897
895 905
895 894
896 904
896 905
896 894
896 895
897 898
897 899
897 894
897 895
898 897
898 899
898 900
898 894
899 897
899 898
899 900
899 901
900 898
900 899
900 901
900 902
901 899
901 900
901 902
901 903
902 904
902 900
902 901
902 903
903 904
903 905
903 901
903 902
904 896
904 905
904 902
904 903
905 904
905 895
905 896
905 903
906 907
906 908
906 909
906 910
906 919
906 920
907 906
907 908
907 909
907 917
907 925
907 927
908 929
908 906
908 907
908 920
908 921
908 927
909 906
909 907
909 910
909 911
909 916
909 917
910 906
910 909
910 911
910 912
910 918
910 919
911 909
911 910
911 912
911 913
911 914
911 916
912 913
912 918
912 910
912 911
913 912
913 914
913 915
913 911
914 937
914 938
914 911
914 913
914 915
914 916
915 938
915 913
915 914
915 940
916 935
916 937
916 909
916 911
916 914
916 917
917 935
917 907
917 909
917 916
917 923
917 925
918 912
918 941
918 910
918 919
919 906
919 939
919 941
919 910
919 918
919 920
920 934
920 936
920 906
920 939
920 908
920 919
920 921
921 929
921 931
921 934
921 908
921 920
922 942
922 923
922 924
922 925
922 926
923 933
923 935
923 917
923 922
923 924
923 925
924 932
924 933
924 942
924 922
924 923
925 907
925 917
925 922
925 923
925 926
925 927
926 930
926 942
926 922
926 925
926 927
927 929
927 930
927 907
927 908
927 925
927 926
928 929
928 930
928 931
928 932
928 942
929 928
929 930
929 931
929 908
929 921
929 927
930 928
930 929
930 942
930 926
930 927
931 928
931 929
931 932
931 933
931 934
931 921
932 928
932 931
932 933
932 942
932 924
933 931
933 932
933 934
933 935
933 923
933 924
934 931
934 933
934 935
934 936
934 920
934 921
935 933
935 934
935 936
935 937
935 916
935 917
935 923
936 934
936 935
936 937
936 938
936 939
936 920
937 935
937 936
937 938
937 914
937 916
938 936
938 937
938 939
938 940
938 914
938 915
939 936
939 938
939 940
939 941
939 919
939 920
940 938
940 939
940 915
940 941
941 939
941 940
941 918
941 919
942 928
942 930
942 932
942 922
942 924
942 926
943 944
943 945
943 946
943 947
944 943
944 945
944 946
944 950
944 951
944 952
944 953
945 943
945 944
945 947
945 949
945 953
946 943
946 944
946 947
946 948
946 950
947 943
947 945
947 946
947 948
947 949
948 946
948 947
948 949
948 950
949 945
949 947
949 948
949 950
949 951
949 953
949 955
950 944
950 946
950 948
950 949
950 951
951 944
951 949
951 950
951 952
951 955
951 956
951 957
952 944
952 951
952 953
952 954
952 957
952 958
953 944
953 945
953 949
953 952
953 954
953 955
954 952
954 953
954 955
954 956
954 957
954 958
955 949
955 951
955 953
955 954
955 956
956 954
956 955
956 957
956 951
957 951
957 952
957 954
957 956
957 958
958 952
958 954
958 957
959 960
959 961
959 962
959 963
959 981
959 982
960 961
960 962
960 972
960 974
960 959
961 960
961 973
961 974
961 980
961 981
961 959
962 960
962 963
962 964
962 972
962 959
963 962
963 964
963 965
963 976
963 982
963 959
964 962
964 963
964 965
964 966
964 970
964 972
965 963
965 964
965 966
965 967
965 975
965 976
966 964
966 965
966 967
966 968
966 970
967 965
967 966
967 968
967 969
967 975
967 977
968 969
968 970
968 966
968 967
969 967
969 968
969 970
969 971
969 977
969 978
970 964
970 966
970 968
970 969
970 971
970 972
971 969
971 970
971 972
971 973
971 978
971 979
972 960
972 962
972 964
972 970
972 971
972 973
972 974
973 961
973 971
973 972
973 974
973 979
973 980
974 960
974 961
974 972
974 973
975 976
975 977
975 965
975 967
976 963
976 965
976 975
976 977
976 982
977 967
977 969
977 975
977 976
977 978
977 982
978 969
978 971
978 977
978 979
978 980
978 981
978 982
979 978
979 971
979 980
979 973
980 961
980 973
980 978
980 979
980 981
981 961
981 978
981 980
981 982
981 959
982 963
982 976
982 977
982 978
982 981
982 959
983 993
983 995
983 984
983 985
983 986
983 987
984 985
984 986
984 1017
984 983
985 995
985 996
985 983
985 984
985 1017
986 984
986 987
986 988
986 983
987 993
987 983
987 986
987 988
987 989
987 991
988 986
988 987
988 989
988 990
989 987
989 988
989 990
989 991
990 992
990 988
990 989
990 991
991 992
991 993
991 987
991 989
991 990
992 993
992 994
992 990
992 991
993 992
993 994
993 995
993 983
993 987
993 991
994 992
994 993
994 1018
994 995
995 993
995 994
995 996
995 983
995 985
995 1018
996 985
996 1018
996 995
996 1017
997 998
997 999
997 1000
997 1001
997 1008
997 1015
997 1016
998 997
998 999
998 1000
998 1012
998 1014
999 1015
999 997
999 998
999 1014
1000 997
1000 998
1000 1001
1000 1012
1000 1013
1001 997
1001 1000
1001 1008
1001 1009
1001 1010
1001 1013
1002 1003
1002 1004
1002 1005
1002 1006
1003 1002
1003 1004
1003 1005
1003 1007
1004 1002
1004 1003
1004 1006
1004 1007
1005 1002
1005 1003
1005 1006
1005 1007
1006 1002
1006 1004
1006 1005
1006 1007
1007 1003
1007 1004
1007 1005
1007 1006
1008 997
1008 1001
1008 1009
1008 1011
1008 1016
1009 1008
1009 1001
1009 1010
1009 1011
1010 1009
1010 1011
1010 1001
1010 1013
1011 1008
1011 1009
1011 1010
1011 1016
1012 1000
1012 1013
1012 998
1012 1014
1013 1000
1013 1001
1013 1010
1013 1012
1014 1015
1014 1012
1014 998
1014 999
1015 1016
1015 997
1015 1014
1015 999
1016 1008
1016 1011
1016 997
1016 1015
1017 984
1017 985
1017 1018
1017 996
1018 1017
1018 994
1018 995
1018 996
1019 1020
1019 1021
1019 1022
1019 1023
1020 1025
1020 1026
1020 1027
1020 1019
1020 1021
1020 1022
1021 1024
1021 1025
1021 1019
1021 1020
1021 1023
1022 1024
1022 1027
1022 1019
1022 1020
1022 1023
1023 1024
1023 1019
1023 1021
1023 1022
1024 1025
1024 1027
1024 1028
1024 1021
1024 1022
1024 1023
1025 1024
1025 1026
1025 1028
1025 1020
1025 1021
1026 1025
1026 1027
1026 1020
1026 1028
1027 1024
1027 1026
1027 1028
1027 1020
1027 1022
1028 1024
1028 1025
1028 1026
1028 1027
1029 1032
1029 1033
1029 1030
1029 1031
1030 1032
1030 1036
1030 1029
1030 1031
1031 1029
1031 1030
1031 1033
1031 1034
1031 1036
1032 1035
1032 1036
1032 1029
1032 1030
1033 1034
1033 1035
1033 1029
1033 1031
1034 1033
1034 1035
1034 1036
1034 1031
1035 1032
1035 1033
1035 1034
1035 1036
1036 1030
1036 1031
1036 1032
1036 1034
1036 1035
