-0.057764 0.747043 0.137183 -0.291675 0.647214 0.704301
-0.105814 0.747040 0.105627 -0.737725 0.461808 0.492438
-0.085235 0.712798 0.111583 -0.539819 -0.181440 0.821995
-0.092127 0.644311 0.091940 -0.523194 -0.666304 0.531326
-0.066756 0.678554 0.116163 -0.539931 -0.181376 0.821935
-0.050377 0.644308 0.119365 -0.242174 -0.774151 0.584844
-0.036543 0.678554 0.128675 -0.199194 -0.181348 0.963034
-0.001487 0.644311 0.129478 0.000013 -0.577614 0.816310
-0.020246 0.712798 0.138500 -0.199439 -0.181477 0.962959
-0.001487 0.747040 0.148838 0.000012 0.648411 0.761290
-0.129666 0.644306 0.001299 -0.731844 -0.673942 0.101030
-0.109202 0.678552 0.066289 -0.910209 -0.171497 0.376973
-0.149025 0.747043 0.001299 -0.734929 0.670441 -0.101922
-0.128168 0.712796 0.036075 -0.910201 -0.171511 0.376986
0.054781 0.747043 0.137183 0.291667 0.647223 0.704296
0.017269 0.712798 0.138500 0.199470 -0.181475 0.962953
0.047395 0.644308 0.119365 0.242141 -0.774149 0.584861
0.033563 0.678554 0.128675 0.199226 -0.181347 0.963028
-0.092127 0.644311 -0.089332 -0.588940 -0.673933 -0.446054
-0.123606 0.678553 -0.028911 -0.910192 -0.171510 -0.377007
-0.105814 0.747040 -0.103019 -0.447596 0.670439 -0.591752
-0.115655 0.712798 -0.063684 -0.910190 -0.171500 -0.377017
0.089145 0.644305 0.091940 0.625715 -0.583788 0.517371
0.063774 0.678552 0.116163 0.539913 -0.181372 0.821948
-0.001487 0.644311 -0.126878 -0.101057 -0.673923 -0.731858
-0.066476 0.678554 -0.106410 -0.377028 -0.171501 -0.910185
-0.001487 0.747040 -0.146231 0.101926 0.670433 -0.734936
-0.036263 0.712797 -0.125376 -0.377003 -0.171472 -0.910201
0.102832 0.747039 0.105627 0.445447 0.815923 0.368574
0.082253 0.712796 0.111583 0.539810 -0.181431 0.822003
0.146043 0.747043 0.001299 0.871714 0.474961 0.120527
0.112673 0.712796 0.066289 0.910205 -0.171489 0.376986
0.126691 0.644310 0.001299 0.731861 -0.673919 -0.101059
0.120626 0.678553 0.031513 0.910197 -0.171456 0.377019
0.089145 0.644305 -0.089332 0.446043 -0.673931 -0.588950
0.028724 0.678552 -0.120814 0.377049 -0.171468 -0.910183
0.102832 0.747039 -0.103019 0.493782 0.785194 -0.373697
0.063497 0.712795 -0.112861 0.377025 -0.171492 -0.910188
0.106223 0.678551 -0.063684 0.910177 -0.171494 -0.377052
0.125189 0.712797 -0.033474 0.910198 -0.171456 -0.377019
0.104850 0.746960 0.001299 -0.001533 0.999999 0.000000
0.117908 0.747014 -0.033474 -0.002016 0.999998 0.000797
0.073707 0.746962 -0.073895 -0.000651 1.000000 0.000661
0.093796 0.746987 -0.058538 -0.001851 0.999998 0.000793
-0.001487 0.746960 -0.105039 -0.000173 0.999999 0.001147
0.058351 0.746987 -0.093984 -0.000793 0.999998 0.001851
0.033286 0.747013 -0.118096 -0.000795 0.999998 0.001942
0.117908 0.747014 0.036075 -0.002016 0.999998 -0.000797
-0.076689 0.746958 -0.073895 0.000717 0.999999 0.000942
-0.026554 0.746986 -0.108388 0.000778 0.999998 0.001942
-0.061330 0.747013 -0.107715 0.000824 0.999998 0.001990
0.073707 0.746962 0.076500 -0.000361 1.000000 -0.000372
0.093796 0.746987 0.061142 -0.001851 0.999998 -0.000793
-0.107833 0.746960 0.001299 0.001203 0.999999 0.000163
-0.096779 0.746986 -0.058538 0.002008 0.999998 0.000806
-0.120891 0.747014 -0.033474 0.002016 0.999998 0.000806
0.077107 0.747015 0.106437 -0.000998 0.999998 -0.001646
0.036110 0.746957 0.092069 -0.000315 1.000000 -0.000697
0.054866 0.746987 0.101917 -0.000788 0.999998 -0.001581
-0.076689 0.746958 0.076500 0.000933 0.999999 -0.000845
-0.111182 0.746987 0.026366 0.002016 0.999998 -0.000809
-0.110509 0.747014 0.061142 0.002010 0.999998 -0.000804
-0.001487 0.746960 0.107644 0.000028 0.999999 -0.001416
0.029801 0.746987 0.112299 -0.000607 0.999999 -0.001655
-0.080089 0.747014 0.106437 0.001077 0.999998 -0.001737
0.017269 0.747014 0.131222 -0.000456 0.999998 -0.001942
-0.039092 0.746962 0.092069 0.000266 1.000000 -0.000566
-0.032781 0.746988 0.112299 0.000681 0.999999 -0.001514
-0.020246 0.747014 0.131222 0.000456 0.999998 -0.001942
-0.057848 0.746988 0.101917 0.000544 0.999999 -0.001570
0.059563 0.742794 -0.147392 0.323358 -0.534780 -0.780673
-0.001491 0.804486 -0.166911 -0.000021 0.366332 -0.930484
0.040151 0.783923 -0.156170 0.193752 -0.116456 -0.974114
0.062382 0.804489 -0.154207 0.283441 0.671840 -0.684319
-0.001488 0.742798 -0.159533 -0.000012 -0.753526 -0.657418
0.018861 0.763359 -0.157945 0.193712 -0.116497 -0.974117
0.079492 0.783923 -0.139876 0.551762 -0.116435 -0.825834
0.116531 0.804485 -0.118028 0.573921 0.490959 -0.655419
0.095804 0.763359 -0.126075 0.551840 -0.116538 -0.825767
0.111318 0.742798 -0.112806 0.586852 -0.625762 -0.513836
-0.062539 0.742796 -0.147392 -0.250158 -0.625759 -0.738814
-0.021839 0.763360 -0.157945 -0.193715 -0.116516 -0.974114
0.152717 0.804489 -0.063873 0.781048 0.490951 -0.385917
0.126855 0.783924 -0.098236 0.825807 -0.116497 -0.551790
-0.065363 0.804483 -0.154207 -0.385883 0.490936 -0.781074
-0.043131 0.783922 -0.156170 -0.193743 -0.116487 -0.974112
-0.114300 0.742799 -0.112806 -0.513823 -0.625781 -0.586842
-0.080734 0.763359 -0.138135 -0.551797 -0.116493 -0.825803
0.145898 0.742795 -0.061051 0.738802 -0.625763 -0.250184
0.136644 0.763361 -0.079243 0.825815 -0.116516 -0.551773
0.165421 0.804489 0.000000 0.869271 0.490964 -0.057647
0.154679 0.783924 -0.041641 0.974107 -0.116530 -0.193745
-0.119519 0.804487 -0.118028 -0.655416 0.490930 -0.573949
-0.099727 0.783923 -0.128347 -0.551715 -0.116586 -0.825844
-0.148881 0.742794 -0.061051 -0.890214 -0.118513 -0.439856
-0.127567 0.763360 -0.097295 -0.825800 -0.116575 -0.551784
0.158044 0.742794 0.000000 0.990781 -0.118489 0.065680
0.156454 0.763359 -0.020350 0.974102 -0.116475 -0.193798
0.152717 0.804489 0.063873 0.825149 0.490957 0.279445
0.158727 0.783924 0.021291 0.974113 -0.116477 0.193746
-0.155698 0.804490 -0.063873 -0.825167 0.490970 -0.279372
-0.141366 0.783924 -0.080984 -0.825856 -0.116487 -0.551718
-0.161027 0.742795 0.000000 -0.869268 0.490970 -0.057634
-0.155202 0.763360 -0.041641 -0.974101 -0.116496 -0.193794
0.145898 0.742795 0.061051 0.890207 -0.118490 0.439876
0.152220 0.763359 0.041641 0.974096 -0.116531 0.193797
0.116531 0.804485 0.118022 0.655420 0.490969 0.573911
0.138382 0.783923 0.080982 0.825777 -0.116514 0.551831
-0.168402 0.804483 0.000000 -0.869267 0.490970 0.057644
-0.161709 0.783923 -0.021291 -0.974113 -0.116458 -0.193759
-0.148881 0.742794 0.061051 -0.825163 0.490961 0.279399
-0.159437 0.763357 0.020350 -0.974105 -0.116457 0.193795
0.111318 0.742798 0.112806 0.513874 -0.625743 0.586838
0.124582 0.763359 0.097293 0.825822 -0.116444 0.551778
0.062382 0.804489 0.154207 0.385914 0.490949 0.781050
0.096744 0.783924 0.128345 0.551824 -0.116458 0.825789
-0.155698 0.804490 0.063873 -0.781060 0.490961 0.385879
-0.157660 0.783922 0.041641 -0.974108 -0.116495 0.193758
-0.114300 0.742799 0.112806 -0.747057 -0.118499 0.654113
-0.139626 0.763361 0.079243 -0.825808 -0.116485 0.551790
0.059563 0.742794 0.147385 0.250168 -0.625775 0.738797
0.077754 0.763360 0.138133 0.551763 -0.116528 0.825820
-0.001491 0.804486 0.166911 0.057628 0.490940 0.869285
0.040151 0.783923 0.156168 0.193749 -0.116565 0.974102
-0.119519 0.804487 0.118022 -0.573887 0.490934 0.655467
-0.129839 0.783925 0.098234 -0.825824 -0.116521 0.551758
-0.062539 0.742796 0.147385 -0.345511 -0.625788 0.699293
-0.098786 0.763361 0.126071 -0.551719 -0.116507 0.825853
-0.001488 0.742798 0.159533 -0.051609 -0.625776 0.778293
0.018861 0.763359 0.157943 0.193819 -0.116494 0.974096
-0.065363 0.804483 0.154207 -0.279424 0.490908 0.825186
-0.022781 0.783922 0.160217 -0.193743 -0.116515 0.974109
-0.082474 0.783922 0.139871 -0.551778 -0.116586 0.825802
-0.043130 0.763359 0.153708 -0.193820 -0.116598 0.974083
0.028614 0.426133 -0.076776 0.816460 0.000041 -0.577401
-0.001494 0.456230 -0.076776 -0.000095 0.816515 -0.577325
0.008542 0.446198 -0.064395 0.706978 0.707236 -0.000000
-0.001494 0.456230 -0.039634 -0.000116 1.000000 -0.000000
0.018578 0.436165 -0.052015 0.706978 0.707236 -0.000000
0.028614 0.426133 -0.039634 1.000000 0.000050 -0.000000
0.018579 0.416100 -0.052015 0.707048 -0.707165 0.000000
-0.001491 0.396033 -0.039634 0.316174 -0.948701 -0.000000
0.008544 0.406066 -0.064395 0.707048 -0.707165 0.000000
-0.001491 0.396033 -0.076776 -0.288658 -0.866040 -0.408230
-0.031591 0.426130 -0.039634 -0.948667 -0.316275 -0.000000
-0.011524 0.406065 -0.052015 -0.707072 -0.707142 0.000000
-0.031591 0.426130 -0.076776 -0.707119 0.235667 -0.666667
-0.021558 0.416098 -0.064395 -0.707072 -0.707142 0.000000
-0.021559 0.436163 -0.052015 -0.707142 0.707071 0.000000
-0.011526 0.446197 -0.064395 -0.707142 0.707071 0.000000
-0.031701 0.644310 -0.071636 -0.000007 -1.000000 -0.000016
-0.001488 0.644309 0.001302 -0.000012 -1.000000 -0.000001
-0.074427 0.644309 -0.028910 0.000023 -1.000000 -0.000046
-0.074427 0.644309 0.031514 0.000023 -1.000000 0.000046
-0.047997 0.644309 0.070869 -0.000053 -1.000000 -0.000030
0.014807 0.644309 0.083382 -0.000059 -1.000000 0.000016
0.071449 0.644308 0.031514 0.000008 -1.000000 -0.000052
0.071449 0.644308 -0.028910 0.000008 -1.000000 0.000052
0.028723 0.644308 -0.071636 -0.000060 -1.000000 -0.000016
0.045017 0.644307 0.070869 -0.000061 -1.000000 0.000016
-0.017784 0.644309 0.083382 0.000059 -1.000000 0.000016
0.085243 0.742798 -0.057952 -0.000045 -1.000000 -0.000027
-0.001488 0.742800 0.000000 -0.000025 -1.000000 -0.000016
0.056464 0.742797 -0.086733 0.000039 -1.000000 0.000057
0.018862 0.742797 -0.102308 -0.000068 -1.000000 0.000013
-0.021838 0.742798 -0.102308 0.000035 -1.000000 0.000013
-0.059442 0.742798 -0.086733 -0.000031 -1.000000 0.000040
-0.088223 0.742798 -0.057952 0.000063 -1.000000 -0.000054
-0.103799 0.742796 -0.020350 -0.000031 1.000000 -0.000023
-0.103799 0.742796 0.020350 -0.000031 1.000000 0.000023
-0.088223 0.742798 0.057952 -0.000063 1.000000 -0.000054
-0.059442 0.742798 0.086730 -0.000031 -1.000000 -0.000040
-0.021838 0.742798 0.102306 0.000035 -1.000000 -0.000013
0.018862 0.742797 0.102306 -0.000068 -1.000000 -0.000013
0.056464 0.742797 0.086730 0.000039 -1.000000 -0.000057
0.085243 0.742798 0.057952 -0.000045 -1.000000 0.000027
0.100818 0.742796 0.020350 0.000038 1.000000 -0.000009
0.100818 0.742796 -0.020350 -0.000038 -1.000000 -0.000009
-0.001491 0.804488 0.000000 -0.000005 1.000000 0.000000
0.105549 0.804489 -0.021291 -0.000006 1.000000 0.000001
0.089252 0.804487 -0.060634 -0.000029 1.000000 -0.000054
0.059141 0.804487 -0.090745 0.000054 1.000000 0.000029
0.019800 0.804488 -0.107039 -0.000045 1.000000 -0.000012
-0.022782 0.804486 -0.107039 -0.000049 1.000000 -0.000012
-0.062124 0.804486 -0.090745 0.000041 1.000000 -0.000049
-0.092236 0.804488 -0.060634 0.000028 1.000000 -0.000036
-0.108530 0.804487 -0.021291 -0.000030 1.000000 0.000103
-0.108530 0.804487 0.021291 -0.000030 1.000000 -0.000103
-0.092236 0.804488 0.060632 0.000028 1.000000 0.000036
-0.062124 0.804486 0.090743 0.000041 1.000000 0.000049
-0.022782 0.804486 0.107039 -0.000049 1.000000 0.000012
0.019800 0.804488 0.107039 -0.000045 1.000000 0.000012
0.059141 0.804487 0.090743 0.000054 1.000000 -0.000029
0.089252 0.804487 0.060632 -0.000029 1.000000 0.000054
0.105549 0.804489 0.021291 -0.000006 1.000000 -0.000001
-0.001490 0.436164 -0.076776 0.000000 0.000000 -1.000000
-0.001489 0.416099 -0.076776 0.000000 0.000000 -1.000000
-0.001491 0.639895 -0.040358 -0.000004 0.775103 -0.631834
-0.065131 0.639834 0.016754 -0.744575 0.667533 0.002854
-0.022704 0.644138 -0.002314 -0.193633 0.957284 -0.214742
-0.001490 0.652686 0.016661 -0.000000 0.999999 0.001471
-0.001491 0.639771 0.073459 -0.000004 0.769275 0.638918
-0.022704 0.644097 0.035625 -0.192903 0.956795 0.217558
0.062151 0.639834 0.016754 0.744581 0.667527 0.002854
0.019723 0.644097 0.035625 0.192902 0.956794 0.217564
0.019723 0.644138 -0.002314 0.193633 0.957282 -0.214749
-0.001491 0.614487 -0.047346 -0.000004 0.265018 -0.964243
-0.022704 0.631405 -0.023650 -0.654447 0.200508 -0.729037
-0.046440 0.622899 -0.004679 -0.654538 0.200253 -0.729026
-0.072697 0.614376 0.016554 -0.958565 0.284856 0.003194
-0.022704 0.631290 0.056739 -0.653269 0.188159 0.733373
-0.001491 0.614265 0.080003 -0.000004 0.248633 0.968598
-0.046440 0.622825 0.037770 -0.653197 0.188366 0.733384
0.019723 0.631290 0.056739 0.653257 0.188162 0.733383
0.043459 0.622825 0.037770 0.653198 0.188333 0.733392
0.069716 0.614375 0.016554 0.958578 0.284811 0.003194
0.019723 0.631405 -0.023650 0.654435 0.200511 -0.729047
0.043459 0.622899 -0.004679 0.654539 0.200220 -0.729034
0.084088 0.746961 0.001301 0.000065 1.000000 0.000000
0.048642 0.746961 -0.034145 -0.000027 1.000000 0.000000
-0.001490 0.746960 -0.034145 -0.000026 1.000000 -0.000000
-0.036938 0.746960 0.001301 -0.000000 1.000000 -0.000026
-0.036938 0.746960 0.051433 -0.000027 1.000000 0.000037
-0.014025 0.746961 0.081690 -0.000027 1.000000 -0.000192
0.023575 0.746960 0.086879 0.000067 1.000000 0.000482
-0.001490 0.746960 0.097261 0.000067 1.000000 -0.000031
0.084045 0.706154 0.122901 0.607110 0.412320 0.679272
0.090256 0.700340 0.117518 0.847539 0.226695 0.479882
0.085201 0.709016 0.117318 0.786821 0.467732 0.402665
0.081302 0.720554 0.111534 0.685995 0.526814 0.501874
0.087976 0.710362 0.110332 0.786754 0.467739 0.402788
0.092371 0.710193 0.101945 0.934547 0.229366 0.272054
0.075628 0.706154 0.128418 0.301242 0.383125 0.873194
0.075325 0.710954 0.124228 0.435485 0.607395 0.664398
0.066301 0.720555 0.121366 0.316301 0.574525 0.754901
0.077216 0.715754 0.118600 0.435494 0.607403 0.664384
0.068214 0.700338 0.131966 0.046756 0.150252 0.987541
0.065644 0.705563 0.129358 0.055335 0.467634 0.882189
0.053091 0.710196 0.127689 -0.033401 0.354277 0.934544
0.065007 0.712302 0.125824 0.055370 0.467810 0.882093
0.064641 0.690930 0.132186 -0.059069 -0.197216 0.978579
0.059859 0.694899 0.130745 -0.208468 0.101919 0.972704
0.046723 0.693429 0.128084 -0.229501 -0.049772 0.972035
0.056009 0.701321 0.129246 -0.208524 0.102110 0.972672
0.066273 0.681525 0.128997 0.024060 -0.526516 0.849824
0.060181 0.683040 0.127861 -0.255041 -0.349898 0.901402
0.049628 0.676665 0.122401 -0.197005 -0.483164 0.853078
0.053664 0.687008 0.127557 -0.255147 -0.349794 0.901413
0.072481 0.675711 0.123618 0.264465 -0.712032 0.650437
0.066483 0.674515 0.121809 -0.067135 -0.715262 0.695625
0.060694 0.666308 0.112812 0.051335 -0.780398 0.623172
0.058865 0.674833 0.121403 -0.066775 -0.715342 0.695576
0.080900 0.675711 0.118097 0.570360 -0.682855 0.456508
0.076358 0.672576 0.114899 0.284533 -0.854859 0.433887
0.075694 0.666306 0.102981 0.421106 -0.828057 0.370123
0.069623 0.669442 0.113137 0.284256 -0.854951 0.433886
0.088311 0.681524 0.114550 0.824790 -0.450099 0.342246
0.086038 0.677967 0.109768 0.664540 -0.715286 0.216224
0.088904 0.676666 0.096657 0.770793 -0.607911 0.190585
0.081833 0.672894 0.105912 0.664502 -0.715325 0.216209
0.091884 0.690932 0.114329 0.930667 -0.102723 0.351150
0.091823 0.688628 0.108380 0.928398 -0.349634 0.125826
0.095273 0.693429 0.096262 0.966921 -0.203975 0.153159
0.090829 0.683873 0.102490 0.928363 -0.349764 0.125728
0.091504 0.700488 0.111264 0.975096 0.101976 0.196950
0.093176 0.698185 0.104179 0.975081 0.102011 0.197004
0.085256 0.698775 0.122854 0.708540 0.111816 0.696756
0.081466 0.689832 0.128143 0.538726 -0.185309 0.821848
0.080380 0.700713 0.126487 0.539336 0.179044 0.822837
0.075103 0.698775 0.129509 0.356248 0.111792 0.927680
0.071440 0.693700 0.130765 0.229191 -0.064331 0.971253
0.070793 0.687429 0.129775 0.206750 -0.281812 0.936929
0.073407 0.682356 0.126919 0.297356 -0.457706 0.837905
0.078282 0.680418 0.123286 0.466719 -0.525028 0.711702
0.083559 0.682356 0.120263 0.649611 -0.457837 0.606952
0.087220 0.687429 0.119007 0.776709 -0.281748 0.563330
0.087869 0.693701 0.119997 0.799205 -0.064273 0.597613
-0.087028 0.706151 0.122901 -0.607130 0.412251 0.679295
-0.084283 0.720555 0.111534 -0.686029 0.526762 0.501882
-0.088183 0.709015 0.117318 -0.786888 0.467674 0.402601
-0.093237 0.700338 0.117518 -0.847548 0.226664 0.479881
-0.090957 0.710363 0.110332 -0.786793 0.467683 0.402777
-0.095350 0.710195 0.101945 -0.934539 0.229424 0.272032
-0.078608 0.706154 0.128418 -0.301285 0.383148 0.873169
-0.069282 0.720554 0.121366 -0.316305 0.574518 0.754904
-0.078306 0.710953 0.124228 -0.435520 0.607411 0.664360
-0.080198 0.715753 0.118600 -0.435460 0.607347 0.664458
-0.071199 0.700340 0.131966 -0.046808 0.150286 0.987534
-0.056074 0.710196 0.127689 0.033383 0.354330 0.934525
-0.068627 0.705563 0.129358 -0.055367 0.467758 0.882121
-0.067988 0.712301 0.125824 -0.055383 0.467840 0.882076
-0.067623 0.690932 0.132186 0.059107 -0.197159 0.978588
-0.049708 0.693432 0.128084 0.229521 -0.049714 0.972033
-0.062843 0.694901 0.130745 0.208485 0.101991 0.972693
-0.058994 0.701323 0.129246 0.208516 0.102101 0.972675
-0.069253 0.681524 0.128997 -0.024044 -0.526481 0.849847
-0.052609 0.676665 0.122401 0.197084 -0.483061 0.853118
-0.063162 0.683040 0.127861 0.255130 -0.349758 0.901431
-0.056647 0.687010 0.127557 0.255200 -0.349688 0.901438
-0.075461 0.675711 0.123618 -0.264506 -0.712022 0.650431
-0.063675 0.666305 0.112812 -0.051414 -0.780360 0.623214
-0.069463 0.674513 0.121809 0.066989 -0.715252 0.695648
-0.061846 0.674831 0.121403 0.066862 -0.715281 0.695631
-0.083881 0.675711 0.118097 -0.570360 -0.682860 0.456499
-0.078676 0.666306 0.102981 -0.421187 -0.828012 0.370131
-0.079339 0.672576 0.114899 -0.284514 -0.854854 0.433909
-0.072604 0.669441 0.113137 -0.284422 -0.854884 0.433908
-0.091294 0.681526 0.114550 -0.824791 -0.450127 0.342208
-0.091885 0.676668 0.096657 -0.770828 -0.607889 0.190516
-0.089020 0.677968 0.109768 -0.664540 -0.715306 0.216158
-0.084814 0.672895 0.105912 -0.664589 -0.715254 0.216178
-0.094866 0.690930 0.114329 -0.930666 -0.102684 0.351165
-0.098254 0.693432 0.096262 -0.966940 -0.203951 0.153069
-0.094805 0.688629 0.108380 -0.928399 -0.349688 0.125672
-0.093811 0.683875 0.102490 -0.928381 -0.349752 0.125623
-0.094484 0.700488 0.111264 -0.975090 0.102088 0.196921
-0.096157 0.698186 0.104179 -0.975070 0.102135 0.196993
-0.084445 0.689829 0.128143 -0.538705 -0.185347 0.821854
-0.088237 0.698773 0.122854 -0.708574 0.111635 0.696750
-0.083360 0.700711 0.126487 -0.539255 0.178948 0.822910
-0.078084 0.698774 0.129509 -0.356454 0.111824 0.927597
-0.074422 0.693700 0.130765 -0.229206 -0.064410 0.971245
-0.073774 0.687428 0.129775 -0.206710 -0.281780 0.936948
-0.076386 0.682355 0.126919 -0.297347 -0.457766 0.837875
-0.081262 0.680417 0.123286 -0.466665 -0.525072 0.711704
-0.086540 0.682355 0.120263 -0.649582 -0.457854 0.606970
-0.090202 0.687428 0.119007 -0.776638 -0.281756 0.563424
-0.090849 0.693699 0.119997 -0.799125 -0.064239 0.597723
0.222489 0.585340 0.029439 -0.172481 0.002963 0.985008
0.157779 0.564626 0.013900 0.058423 -0.998291 0.001611
0.200853 0.573025 0.018783 0.059072 -0.710538 0.701175
0.222290 0.569110 0.013009 -0.131325 -0.971707 -0.196315
0.157410 0.584902 0.034334 0.074474 0.001767 0.997221
0.179226 0.578289 0.025891 0.057697 -0.708142 0.703709
0.226164 0.572806 0.018485 -0.304232 -0.675855 0.671315
0.233713 0.563967 0.013008 -0.223288 -0.974753 -0.000036
0.157892 0.605173 0.013899 0.061319 0.998111 0.003833
0.179264 0.591805 0.025891 0.048184 0.708557 0.704007
0.230059 0.578157 0.025640 -0.304486 -0.675880 0.671174
0.233976 0.585165 0.034474 -0.150234 0.203626 0.967453
0.222690 0.601568 0.013005 -0.127648 0.972290 -0.195854
0.201024 0.597360 0.018781 0.049209 0.710390 0.702086
0.230240 0.592290 0.025640 -0.284081 0.684009 0.671885
0.234254 0.606366 0.013008 -0.239866 0.970806 -0.000035
0.226478 0.597758 0.018484 -0.283969 0.683995 0.671947
0.158261 0.584890 -0.006541 0.049559 -0.000318 -0.998771
0.179443 0.572875 0.006789 0.039647 -0.710083 -0.703001
0.141790 0.570640 0.021054 0.048432 -0.708575 0.703971
0.110182 0.562393 0.014927 0.224854 -0.974316 0.012196
0.110502 0.585543 -0.008973 0.157827 0.002084 -0.987465
0.142181 0.578353 -0.000538 0.026112 -0.710240 -0.703475
0.126154 0.570854 0.006618 0.018691 -0.718287 -0.695496
0.244373 0.584764 0.034479 0.169010 -0.202615 0.964563
0.237354 0.577965 0.027320 -0.027765 -0.711090 0.702553
0.226165 0.572805 0.007532 -0.304339 -0.675833 -0.671288
0.222491 0.585338 -0.003420 -0.261456 0.003734 -0.965208
0.244120 0.563957 0.013012 0.241839 -0.954049 0.176929
0.240735 0.570896 0.020166 -0.000958 -0.718052 0.695988
0.230063 0.578158 0.000377 -0.304226 -0.675821 -0.671351
0.233984 0.585169 -0.008458 -0.149737 0.203656 -0.967524
0.244374 0.584762 -0.008454 0.222883 -0.147103 -0.963682
0.240736 0.570895 0.005855 -0.000423 -0.718074 -0.695967
0.237357 0.577966 -0.001301 -0.027585 -0.711023 -0.702627
0.230243 0.592291 0.000377 -0.284430 0.683949 -0.671799
0.201147 0.590599 0.001015 0.029189 0.710837 -0.702751
0.201014 0.579779 0.001016 0.039069 -0.711141 -0.701963
0.226478 0.597757 0.007531 -0.283555 0.683837 -0.672282
0.179614 0.597210 0.006788 0.029778 0.709782 -0.703792
0.142218 0.591869 -0.000538 0.045511 0.709503 -0.703231
0.110497 0.585544 0.037715 0.278793 -0.179213 0.943482
0.126030 0.577613 0.028992 0.041701 -0.701176 0.711768
0.142039 0.599394 0.021054 0.059536 0.707988 0.703710
0.110815 0.608108 0.014929 0.273507 0.950898 0.144870
0.126241 0.592851 0.028993 0.060349 0.708843 0.702779
0.126403 0.599608 0.006618 0.030284 0.726620 -0.686372
0.240990 0.591833 0.027322 0.027346 0.717649 0.695868
0.244622 0.605569 0.013013 0.224400 0.966278 0.126300
0.237617 0.599033 0.020165 0.054245 0.710087 0.702022
0.240993 0.591833 -0.001300 0.028381 0.717605 -0.695871
0.237620 0.599035 0.005854 0.054925 0.710132 -0.701923
0.259006 0.584582 0.027854 0.726209 -0.006851 0.687440
0.249166 0.577768 0.025115 0.292000 -0.688482 0.663874
0.249107 0.573015 0.005778 0.287875 -0.689379 -0.664744
0.258827 0.570326 0.012776 0.721736 -0.669788 -0.174586
0.253984 0.572955 0.017881 0.310379 -0.692586 0.651144
0.249334 0.591638 0.025115 0.308984 0.681145 0.663755
0.105079 0.567816 0.022655 0.311582 -0.668727 0.675071
0.094558 0.555512 0.015322 0.233352 -0.952592 0.195232
0.095007 0.585797 -0.015233 0.224482 -0.143663 -0.963830
0.105230 0.577911 -0.003093 0.259339 -0.695445 -0.670149
0.099916 0.567901 0.005005 0.283838 -0.683110 -0.672902
0.105441 0.593149 -0.003092 0.278558 0.696547 -0.661232
0.259006 0.584584 -0.002996 0.818888 -0.005021 -0.573931
0.254069 0.579891 0.000442 0.233877 -0.722559 -0.650546
0.249392 0.596271 0.005779 0.319643 0.678540 -0.661372
0.259180 0.598483 0.012779 0.738612 0.651482 -0.173274
0.254187 0.589276 0.000443 0.248274 0.725459 -0.641926
0.254269 0.596211 0.017882 0.345134 0.687990 0.638398
0.095002 0.585797 0.044622 0.214630 -0.006650 0.976673
0.100019 0.575618 0.032553 0.294324 -0.666749 0.684704
0.105438 0.593150 0.032422 0.310152 0.673352 0.671120
0.088079 0.565848 0.005134 -0.025561 -0.709818 -0.703921
0.074673 0.556236 0.015314 0.219406 -0.948785 -0.227307
0.095455 0.615655 0.015321 0.173322 0.984824 0.008994
0.100426 0.603187 0.005006 0.315355 0.676396 -0.665612
0.081614 0.576147 -0.005053 -0.021578 -0.711226 -0.702632
0.075162 0.586407 -0.015241 0.716427 0.398604 -0.572579
0.088541 0.595953 -0.005051 0.022255 0.714866 -0.698908
0.100424 0.603187 0.024957 0.339599 0.656163 0.673886
0.088078 0.565848 0.025086 -0.025591 -0.694901 0.718650
0.259985 0.579831 0.007403 0.954946 -0.225465 -0.192985
0.262123 0.584583 0.012429 0.999957 -0.009292 0.000205
0.259985 0.579830 0.017686 0.956938 -0.216522 0.193358
0.260103 0.589217 0.007404 0.958779 0.207875 -0.193731
0.260103 0.589216 0.017687 0.960678 0.198511 0.194141
0.075636 0.616137 0.015320 0.523482 0.702307 -0.482423
0.082084 0.606066 0.005133 0.017462 0.716540 -0.697327
0.061116 0.586835 0.000232 -0.990040 0.013587 -0.140126
0.070317 0.576493 0.000102 0.625941 0.549896 0.553002
0.070638 0.596460 0.000104 0.594636 -0.580881 0.555864
0.088536 0.595953 0.034854 0.021440 0.700092 0.713731
0.075150 0.586407 0.044620 0.962725 0.263395 -0.061519
0.081608 0.576147 0.034852 -0.021471 -0.696414 0.717319
0.082080 0.606066 0.025087 0.017030 0.701694 0.712275
0.065569 0.571628 0.010287 -0.623065 -0.550113 -0.556027
0.060919 0.571814 0.015314 -0.624446 0.147785 -0.766960
0.061316 0.601853 0.015313 -0.623905 -0.133354 -0.770039
0.066023 0.601608 0.010288 -0.579545 0.581285 -0.571170
0.060392 0.581848 0.010287 -0.984905 -0.116043 -0.128438
0.059142 0.586894 0.015316 -0.999909 0.013506 0.000079
0.060525 0.591861 0.010287 -0.981341 0.142593 -0.128982
0.070701 0.601466 0.025084 0.576931 -0.578102 -0.577017
0.070247 0.571486 0.025083 0.615968 0.543847 -0.569924
0.061118 0.586832 0.030397 -0.669866 0.003881 -0.742472
0.060525 0.591860 0.020342 -0.981311 0.142640 0.129163
0.060393 0.581847 0.020342 -0.984884 -0.116074 0.128568
0.065729 0.581684 0.030110 0.595599 0.565289 -0.570710
0.065861 0.591697 0.030110 0.567376 -0.587202 -0.577303
0.038848 0.216441 0.036654 0.001354 0.182763 0.983156
0.011123 0.287700 0.017249 -0.989476 -0.058076 0.132531
0.022818 0.240194 0.023045 -0.721556 -0.093942 0.685953
0.018483 0.216441 0.015232 -0.978647 0.101207 -0.178904
0.036608 0.288333 0.046689 0.223041 0.000110 0.974809
0.028860 0.264158 0.033531 -0.749892 -0.114319 0.651608
0.023545 0.212494 0.022373 -0.690887 0.302146 0.656797
0.013305 0.204601 0.015232 -0.956480 0.261448 0.129581
0.062119 0.288122 0.017249 0.999964 -0.008464 -0.000707
0.045858 0.264299 0.033531 0.753759 -0.067754 0.653649
0.030334 0.208548 0.031700 -0.691869 0.349920 0.631564
0.038848 0.204601 0.043214 0.214498 0.218269 0.952024
0.059213 0.216441 0.015232 0.982201 0.187831 -0.000355
0.053393 0.240335 0.023045 0.723901 -0.048712 0.688182
0.047349 0.208548 0.031700 0.692420 0.349664 0.631102
0.064352 0.204601 0.015232 0.953893 0.300148 -0.000017
0.054138 0.212494 0.022373 0.691361 0.300076 0.657248
0.036627 0.287489 -0.012186 0.010699 -0.032322 -0.999420
0.022078 0.263877 0.006765 -0.754644 -0.059448 -0.653436
0.027479 0.303005 0.035676 -0.756125 0.020518 0.654105
0.034707 0.332981 0.043091 -0.017486 -0.267287 0.963458
0.034707 0.332981 -0.012173 -0.221336 -0.190445 -0.956421
0.027486 0.302723 -0.002370 -0.755502 -0.031699 -0.654379
0.018694 0.317887 0.025477 -0.741184 0.002925 0.671296
0.010252 0.332981 0.016090 -0.917613 -0.397471 0.002058
0.018694 0.317887 0.007055 -0.755843 -0.031279 -0.654005
0.038848 0.187026 0.043674 -0.215445 -0.240267 0.946496
0.030334 0.198743 0.034040 -0.738447 0.017643 0.674081
0.023545 0.212494 0.008094 -0.690790 0.302104 -0.656919
0.038848 0.216441 -0.006183 0.157656 0.245046 -0.956607
0.012838 0.187026 0.015232 -0.953358 -0.301036 -0.022052
0.021664 0.192884 0.024713 -0.737811 0.019605 0.674723
0.030334 0.208548 -0.001233 -0.691779 0.350207 -0.631504
0.038848 0.204601 -0.012749 0.000516 0.191698 -0.981454
0.021664 0.198743 0.005905 -0.738407 0.019621 -0.674069
0.031319 0.240124 -0.001046 -0.722290 -0.080615 -0.686876
0.053393 0.240335 0.008766 0.724613 -0.009986 -0.689084
0.058541 0.332981 0.016090 0.979417 -0.163872 -0.117849
0.052423 0.303145 0.026676 0.753766 0.076983 0.652618
0.045865 0.264017 -0.000373 0.755880 -0.031624 -0.653945
0.052429 0.302864 0.007051 0.754753 0.043288 -0.654580
0.043285 0.318098 0.035290 0.746996 0.084942 0.659380
0.054138 0.212494 0.008094 0.691263 0.300034 -0.657370
0.034707 0.345493 -0.018285 0.188758 -0.303754 -0.933865
0.026555 0.337152 -0.004789 -0.720313 -0.304458 -0.623262
0.026555 0.337152 0.036626 -0.686259 -0.377789 0.621550
0.034707 0.345493 0.050696 0.053625 -0.307347 0.950085
-0.000974 0.345493 0.016506 0.000000 -0.999989 0.004710
0.014662 0.341322 0.004770 -0.597957 -0.516109 -0.613253
0.014662 0.341322 0.027764 -0.581475 -0.541886 0.606833
0.047492 0.192884 0.034040 0.738833 0.017632 0.673657
0.064781 0.187026 0.015232 0.959017 -0.260971 0.110365
0.055994 0.198743 0.024559 0.738954 0.018038 0.673514
0.038848 0.187026 -0.013210 0.001217 -0.395003 -0.918679
0.030178 0.192884 -0.003576 -0.737837 0.017699 -0.674747
0.043292 0.317817 -0.002756 0.764061 0.032432 -0.644328
0.047349 0.208548 -0.001233 0.692330 0.349951 -0.631042
0.055994 0.198743 0.005905 0.738942 0.018038 -0.673528
0.065786 0.345493 0.016506 0.942201 -0.292437 0.163517
0.045067 0.341322 0.036764 0.684937 -0.378435 0.622614
0.053011 0.337152 0.025229 0.682103 -0.414986 0.602098
0.022813 0.355102 -0.006688 -0.698121 0.000000 -0.715980
0.034707 0.374319 -0.018285 -0.164637 0.534437 -0.829019
0.030178 0.182828 0.031160 -0.663292 -0.438304 0.606575
0.038848 0.174431 0.034573 0.001181 -0.816536 0.577293
0.047492 0.182828 0.031160 0.664392 -0.437732 0.605783
0.021862 0.174431 0.014925 -0.835864 -0.536675 -0.115372
0.024516 0.182828 0.005649 -0.656789 -0.455932 -0.600628
0.038848 0.174431 -0.005639 0.298082 -0.491278 -0.818409
0.033186 0.178629 -0.001308 -0.720036 -0.357514 -0.594754
0.024516 0.178629 0.021577 -0.660622 -0.487240 0.571118
0.042652 0.337152 -0.004789 0.729162 -0.300372 -0.614898
0.053011 0.341322 0.004770 0.690103 -0.379103 -0.616473
0.047492 0.192884 -0.003576 0.738833 0.017670 -0.673657
0.034707 0.374312 0.050696 -0.161440 0.530121 0.832411
0.022813 0.355099 0.039299 -0.691860 0.000000 0.722032
0.054953 0.355099 0.027905 0.739483 0.036299 0.672196
0.064365 0.374312 0.016513 0.893922 0.448202 0.004389
0.044593 0.364706 0.039302 0.755331 0.000000 0.655343
0.054953 0.355099 0.004911 0.745263 0.036909 -0.665748
0.010043 0.364708 0.004911 -0.671093 -0.061064 -0.738854
-0.003604 0.374312 0.016513 -0.742392 0.669952 0.004343
0.021937 0.378165 0.004914 -0.275166 0.912480 -0.302762
0.034707 0.385865 0.016513 0.039701 0.999208 0.002804
0.010043 0.364706 0.027905 -0.664531 -0.060825 0.744781
0.021937 0.378163 0.027907 -0.274693 0.910913 0.307866
0.038848 0.170840 0.014470 0.212821 -0.961832 0.172007
0.033186 0.173234 0.007919 0.208164 0.962862 0.171945
0.055405 0.174431 0.014925 0.595869 -0.788682 -0.151397
0.044367 0.173234 0.007919 0.213315 -0.961769 -0.171750
0.033186 0.173234 0.021323 -0.199323 -0.964664 0.172318
0.044367 0.173234 0.021323 0.204275 -0.963660 0.172139
0.053011 0.182828 0.005649 0.651923 -0.470818 -0.594414
0.053011 0.178629 0.021577 0.660058 -0.504920 0.556218
0.044593 0.364708 -0.006686 0.761078 0.000000 -0.648660
0.044593 0.378163 0.027907 0.346211 0.888768 0.300381
0.044593 0.378165 0.004914 0.346778 0.890223 -0.295377
0.044367 0.178629 -0.001308 0.728841 -0.352746 -0.586823
-0.001493 0.585596 0.112223 -0.000044 0.000045 1.000000
-0.001494 0.571337 0.107947 0.000053 -0.588082 0.808801
0.001916 0.576638 0.108613 0.251188 -0.278049 0.927143
0.008734 0.572981 0.105669 0.500409 -0.472990 0.725170
-0.011715 0.572976 0.105669 -0.500425 -0.473068 0.725108
-0.004901 0.576636 0.108613 -0.251218 -0.278014 0.927145
0.005888 0.581391 0.109279 0.176736 -0.337146 0.924715
0.010424 0.585595 0.109945 0.649787 0.000040 0.760116
-0.013404 0.585590 0.109945 -0.649818 0.000044 0.760090
-0.008871 0.581387 0.109279 -0.176686 -0.337130 0.924730
0.005889 0.589798 0.109279 0.176784 0.337256 0.924666
0.008735 0.598204 0.105669 0.500483 0.473097 0.725049
-0.011713 0.598205 0.105669 -0.500502 0.473005 0.725096
-0.008870 0.589797 0.109279 -0.177013 0.337153 0.924659
0.001917 0.594550 0.108613 0.251242 0.278122 0.927106
-0.001492 0.599849 0.107947 -0.000048 0.588122 0.808772
-0.004899 0.594550 0.108613 -0.251358 0.278145 0.927068
-0.001488 0.563516 0.096633 0.000038 -0.717092 0.696978
0.001917 0.569278 0.103416 0.250616 -0.796280 0.550573
-0.004899 0.569276 0.103416 -0.250392 -0.796452 0.550426
0.018251 0.585595 0.089304 0.954769 0.223359 0.196282
0.012470 0.589798 0.101639 0.908071 0.238410 0.344337
0.012470 0.581390 0.101639 0.908076 -0.238389 0.344339
-0.015449 0.589795 0.101639 -0.908059 0.238443 0.344345
-0.021231 0.585591 0.089304 -0.954764 0.223328 0.196343
-0.015450 0.581386 0.101639 -0.908096 -0.238318 0.344335
0.001917 0.601908 0.103416 0.250701 0.796311 0.550488
-0.001491 0.607670 0.096633 0.000038 0.942267 -0.334864
-0.004899 0.601908 0.103416 -0.250766 0.796318 0.550449
0.012861 0.566599 0.096633 0.427458 -0.204784 0.880536
0.006702 0.567699 0.099645 0.165116 -0.768492 0.618188
-0.009682 0.567698 0.099645 -0.165268 -0.768775 0.617796
-0.015843 0.566602 0.096633 -0.427561 -0.204856 0.880469
-0.016263 0.575056 0.097202 -0.886033 -0.074811 0.457547
0.013282 0.575058 0.097202 0.886024 -0.074872 0.457554
0.012857 0.604584 0.096633 0.676799 0.730430 0.091731
0.006700 0.603486 0.099645 0.165305 0.768558 0.618056
0.013281 0.596128 0.097202 0.886116 0.075202 0.457321
-0.015841 0.604586 0.096633 -0.676833 0.730370 0.091958
-0.016262 0.596127 0.097202 -0.885996 0.074845 0.457612
-0.009682 0.603487 0.099645 -0.165162 0.768507 0.618157
-0.001487 0.391321 0.101209 0.000007 0.000000 1.000000
-0.001490 0.362034 0.080881 0.000014 -0.887774 0.460279
0.013720 0.374328 0.082386 0.354914 -0.533107 0.768006
0.044137 0.369628 0.065067 0.411806 -0.811191 0.415193
-0.047122 0.369628 0.065067 -0.411781 -0.811200 0.415199
-0.016700 0.374328 0.082386 -0.354883 -0.533064 0.768050
0.034252 0.384091 0.082386 0.230329 -0.678216 0.697833
0.060107 0.391323 0.080881 0.704349 0.000018 0.709853
-0.063089 0.391319 0.080881 -0.704340 -0.000019 0.709863
-0.037233 0.384089 0.082386 -0.230253 -0.678249 0.697827
0.034253 0.398553 0.082386 0.230278 0.678256 0.697812
0.044140 0.413014 0.065067 0.434970 0.786415 0.438581
-0.047119 0.413014 0.065067 -0.434989 0.786374 0.438635
-0.037232 0.398551 0.082386 -0.230304 0.678209 0.697848
0.013720 0.408314 0.082386 0.354879 0.533130 0.768006
-0.001492 0.420608 0.080881 -0.000017 0.851463 0.524414
-0.016699 0.408314 0.082386 -0.354918 0.533040 0.768050
-0.001490 0.360850 0.019895 0.000021 -1.000000 0.000007
0.013719 0.364171 0.055281 0.170595 -0.985156 0.019126
-0.016701 0.364171 0.055281 -0.170577 -0.985159 0.019126
0.080639 0.391321 0.019895 1.000000 0.000042 0.000023
0.061629 0.398553 0.055281 0.693919 0.681108 0.233598
0.061628 0.384091 0.055281 0.693910 -0.681103 0.233639
-0.064609 0.398551 0.055281 -0.693922 0.681098 0.233620
-0.083620 0.391320 0.019895 -1.000000 -0.000010 0.000023
-0.064610 0.384089 0.055281 -0.693919 -0.681108 0.233598
0.013719 0.421330 0.055281 0.214017 0.964556 0.154368
-0.001491 0.430368 0.019895 0.000008 1.000000 0.000012
-0.016701 0.421330 0.055281 -0.214037 0.964552 0.154360
0.060112 0.362036 0.019895 0.457810 -0.889050 0.000022
0.034253 0.364171 0.034952 0.018961 -0.984874 0.172233
-0.037234 0.364170 0.034952 -0.018897 -0.984864 0.172293
-0.063091 0.362032 0.019895 -0.457787 -0.889062 0.000022
0.044137 0.369628 -0.025284 0.411812 -0.811194 -0.415181
0.034253 0.364171 0.004835 0.018961 -0.984878 -0.172207
-0.037234 0.364170 0.004835 -0.018898 -0.984869 -0.172267
-0.047122 0.369628 -0.025284 -0.411787 -0.811203 -0.415188
-0.001490 0.362034 -0.041097 0.000014 -0.887774 -0.460279
0.013719 0.364171 -0.015495 0.170594 -0.985156 -0.019124
-0.016701 0.364171 -0.015495 -0.170576 -0.985159 -0.019124
-0.064611 0.374327 0.034952 -0.763935 -0.535469 0.360106
-0.064611 0.374327 0.004835 -0.763950 -0.535480 -0.360057
0.061629 0.374328 0.004835 0.763934 -0.535471 -0.360104
0.061629 0.374328 0.034952 0.763919 -0.535460 0.360153
0.060109 0.420603 0.019895 0.521513 0.853243 0.000023
0.034253 0.421328 0.034952 0.152870 0.964340 0.216053
0.061629 0.408313 0.034952 0.763896 0.535577 0.360027
-0.063093 0.420606 0.019895 -0.521539 0.853227 0.000023
-0.064611 0.408313 0.034952 -0.763932 0.535451 0.360139
-0.037234 0.421329 0.034952 -0.152817 0.964335 0.216115
-0.016700 0.374328 -0.042602 -0.354869 -0.533067 -0.768054
-0.001487 0.391321 -0.061425 0.000007 0.000000 -1.000000
0.013720 0.374328 -0.042602 0.354899 -0.533110 -0.768011
0.044140 0.413014 -0.025284 0.434976 0.786419 -0.438567
0.061629 0.408313 0.004835 0.763911 0.535588 -0.359979
0.061628 0.384091 -0.015495 0.693927 -0.681092 -0.233622
0.060107 0.391323 -0.041097 0.704359 0.000018 -0.709844
0.061629 0.398553 -0.015495 0.693936 0.681097 -0.233580
0.034253 0.398553 -0.042602 0.230283 0.678239 -0.697827
0.034252 0.384091 -0.042602 0.230334 -0.678199 -0.697848
0.034253 0.421328 0.004835 0.152871 0.964347 -0.216022
-0.064611 0.408313 0.004835 -0.763947 0.535462 -0.360090
-0.047119 0.413014 -0.025284 -0.434994 0.786379 -0.438621
-0.063089 0.391319 -0.041097 -0.704349 -0.000019 -0.709854
-0.064610 0.384089 -0.015495 -0.693936 -0.681097 -0.233580
-0.064609 0.398551 -0.015495 -0.693938 0.681086 -0.233603
-0.037233 0.384089 -0.042602 -0.230258 -0.678231 -0.697842
-0.037232 0.398551 -0.042602 -0.230310 0.678192 -0.697864
-0.037234 0.421329 0.004835 -0.152818 0.964342 -0.216083
0.013720 0.408314 -0.042602 0.354864 0.533134 -0.768010
-0.001492 0.420608 -0.041097 -0.000017 0.851467 -0.524408
0.013719 0.421330 -0.015495 0.214009 0.964560 -0.154353
-0.016701 0.421330 -0.015495 -0.214030 0.964556 -0.154346
-0.016699 0.408314 -0.042602 -0.354904 0.533043 -0.768055
0.292439 0.583330 -0.004082 0.008025 0.002491 -0.999965
0.292303 0.601193 0.012827 0.007869 0.948348 0.317135
0.323686 0.593301 0.006873 0.035141 0.687164 -0.725652
0.386315 0.595379 0.011874 0.053845 0.942500 -0.329842
0.248621 0.598481 0.012819 -0.036587 0.949912 -0.310369
0.277788 0.594335 0.007188 -0.042498 0.686656 -0.725740
0.355092 0.588031 0.003344 0.033202 0.693884 -0.719321
0.386521 0.585383 0.002241 0.067023 0.001550 -0.997750
0.248447 0.584584 -0.002963 -0.025229 0.006983 -0.999657
0.263169 0.588798 0.001925 0.004582 0.750472 -0.660886
0.355230 0.581365 0.003344 0.063445 -0.691646 -0.719445
0.386730 0.575382 0.011874 0.103326 -0.994648 -0.000442
0.248280 0.570324 0.012816 -0.083725 -0.996472 0.005754
0.263055 0.579413 0.001924 -0.038176 -0.741174 -0.670227
0.323918 0.574723 0.006874 0.064918 -0.685560 -0.725116
0.292585 0.565456 0.012830 -0.002262 -0.999997 -0.000279
0.277768 0.573037 0.007188 -0.075110 -0.685671 -0.724026
0.386524 0.585378 0.021499 0.077597 0.302649 0.949938
0.355047 0.593983 0.015400 0.050153 0.693104 0.719091
0.263126 0.594751 0.017844 -0.045725 0.734481 0.677087
0.248453 0.584580 0.027887 -0.048179 0.315784 0.947607
0.292443 0.583325 0.029738 0.015449 -0.311649 0.950072
0.323757 0.589965 0.021355 0.048526 0.686781 0.725243
0.277733 0.589699 0.023484 -0.010953 0.687303 0.726288
0.323919 0.574721 0.018147 0.079556 -0.684792 0.724383
0.277769 0.573035 0.018461 -0.075565 -0.685655 0.723994
0.355232 0.581362 0.021037 0.078032 -0.690663 0.718955
0.263059 0.579410 0.023480 -0.049584 -0.725299 0.686646
-0.041830 0.216441 0.036654 -0.001362 0.182753 0.983158
-0.014104 0.287700 0.017249 0.989476 -0.058069 0.132535
-0.031841 0.264158 0.033531 0.749879 -0.114321 0.651623
-0.039590 0.288333 0.046689 -0.223056 0.000106 0.974806
-0.021464 0.216441 0.015232 0.978649 0.101177 -0.178911
-0.025799 0.240194 0.023045 0.721539 -0.093941 0.685971
-0.048840 0.264299 0.033531 -0.753772 -0.067751 0.653635
-0.065100 0.288122 0.017249 -0.999964 -0.008465 -0.000707
-0.016287 0.204601 0.015232 0.956486 0.261427 0.129582
-0.026527 0.212494 0.022373 0.690885 0.302087 0.656827
-0.056375 0.240335 0.023045 -0.723901 -0.048702 0.688183
-0.062195 0.216441 0.015232 -0.982200 0.187837 -0.000355
-0.041830 0.204601 0.043214 -0.214498 0.218269 0.952024
-0.033316 0.208548 0.031700 0.691869 0.349921 0.631564
-0.057120 0.212494 0.022373 -0.691361 0.300076 0.657248
-0.067334 0.204601 0.015232 -0.953893 0.300148 -0.000017
-0.050331 0.208548 0.031700 -0.692420 0.349664 0.631101
-0.037689 0.332981 0.043091 0.017524 -0.267354 0.963439
-0.030461 0.303005 0.035676 0.756112 0.020520 0.654120
-0.025059 0.263877 0.006765 0.754631 -0.059446 -0.653451
-0.039609 0.287489 -0.012186 -0.010716 -0.032325 -0.999420
-0.013234 0.332981 0.016090 0.917615 -0.397464 0.002058
-0.021676 0.317887 0.025477 0.741184 0.002942 0.671296
-0.030467 0.302723 -0.002370 0.755489 -0.031699 -0.654394
-0.037689 0.332981 -0.012173 0.221332 -0.190439 -0.956423
-0.021676 0.317887 0.007055 0.755844 -0.031262 -0.654006
-0.041830 0.216441 -0.006183 -0.157662 0.245035 -0.956609
-0.056375 0.240335 0.008766 -0.724613 -0.009976 -0.689084
-0.055404 0.303145 0.026676 -0.753780 0.076966 0.652604
-0.061523 0.332981 0.016090 -0.979397 -0.163981 -0.117866
-0.048846 0.264017 -0.000373 -0.755893 -0.031622 -0.653931
-0.055411 0.302864 0.007051 -0.754766 0.043272 -0.654565
-0.046267 0.318098 0.035290 -0.746996 0.084942 0.659380
-0.057120 0.212494 0.008094 -0.691263 0.300034 -0.657370
-0.033316 0.198743 0.034040 0.738447 0.017643 0.674081
-0.041830 0.187026 0.043674 0.215445 -0.240267 0.946496
-0.026527 0.212494 0.008094 0.690787 0.302044 -0.656949
-0.024646 0.192884 0.024713 0.737811 0.019605 0.674723
-0.015820 0.187026 0.015232 0.953358 -0.301036 -0.022052
-0.041830 0.204601 -0.012749 -0.000516 0.191698 -0.981454
-0.033316 0.208548 -0.001233 0.691779 0.350207 -0.631504
-0.024646 0.198743 0.005905 0.738407 0.019621 -0.674069
-0.034301 0.240124 -0.001046 0.722273 -0.080616 -0.686893
-0.037689 0.345493 -0.018285 -0.188714 -0.303772 -0.933868
-0.029537 0.337152 -0.004789 0.720313 -0.304458 -0.623262
-0.046274 0.317817 -0.002756 -0.764061 0.032432 -0.644328
-0.029537 0.337152 0.036626 0.686259 -0.377788 0.621550
-0.037689 0.345493 0.050696 -0.053590 -0.307313 0.950098
-0.068774 0.345493 0.016506 -0.942170 -0.292531 0.163526
-0.055995 0.337152 0.025229 -0.682010 -0.415257 0.602016
-0.048051 0.341322 0.036764 -0.684867 -0.378469 0.622670
-0.050331 0.208548 -0.001233 -0.692330 0.349951 -0.631042
-0.067763 0.187026 0.015232 -0.959017 -0.260970 0.110365
-0.050474 0.192884 0.034040 -0.738833 0.017632 0.673657
-0.058976 0.198743 0.024559 -0.738954 0.018038 0.673514
-0.058976 0.198743 0.005905 -0.738942 0.018038 -0.673528
-0.041830 0.187026 -0.013210 -0.001217 -0.395003 -0.918679
-0.033160 0.192884 -0.003576 0.737837 0.017699 -0.674747
-0.033160 0.182828 0.031160 0.663292 -0.438304 0.606575
-0.041830 0.174431 0.034573 -0.001180 -0.816536 0.577293
-0.024844 0.174431 0.014925 0.835864 -0.536676 -0.115372
-0.027498 0.182828 0.005649 0.656789 -0.455932 -0.600628
-0.027498 0.178629 0.021577 0.660622 -0.487240 0.571118
-0.050474 0.182828 0.031160 -0.664392 -0.437732 0.605783
-0.017644 0.341322 0.004770 0.597957 -0.516109 -0.613253
-0.037689 0.374319 -0.018285 0.164637 0.534437 -0.829019
-0.025795 0.355102 -0.006688 0.698121 0.000000 -0.715980
-0.017644 0.341322 0.027764 0.581475 -0.541886 0.606833
-0.045634 0.337152 -0.004789 -0.729162 -0.300372 -0.614898
-0.055995 0.341322 0.004770 -0.689967 -0.379356 -0.616470
-0.050474 0.192884 -0.003576 -0.738833 0.017670 -0.673657
-0.036168 0.178629 -0.001308 0.720036 -0.357514 -0.594754
-0.041830 0.174431 -0.005639 -0.298082 -0.491278 -0.818409
-0.055993 0.178629 0.021577 -0.660058 -0.504920 0.556219
-0.058387 0.174431 0.014925 -0.595869 -0.788682 -0.151397
-0.041830 0.170840 0.014470 -0.212821 -0.961832 0.172007
-0.036168 0.173234 0.021323 0.199323 -0.964664 0.172318
-0.047349 0.173234 0.021323 -0.204275 -0.963660 0.172139
-0.036168 0.173234 0.007919 -0.208164 0.962862 0.171945
-0.055993 0.182828 0.005649 -0.651923 -0.470817 -0.594414
0.000622 0.374312 0.016513 0.742392 0.669952 0.004343
-0.013025 0.364708 0.004911 0.671093 -0.061064 -0.738854
-0.037689 0.385865 0.016513 -0.039701 0.999208 0.002804
-0.024919 0.378165 0.004914 0.275166 0.912480 -0.302762
-0.067347 0.374312 0.016513 -0.893886 0.448273 0.004388
-0.057937 0.355099 0.027905 -0.739414 0.036450 0.672263
-0.025795 0.355099 0.039299 0.691860 -0.000000 0.722032
-0.037689 0.374312 0.050696 0.161440 0.530121 0.832411
-0.047575 0.364706 0.039302 -0.755331 -0.000000 0.655343
-0.024919 0.378163 0.027907 0.274693 0.910913 0.307866
-0.013025 0.364706 0.027905 0.664531 -0.060825 0.744781
-0.057937 0.355099 0.004911 -0.745195 0.037061 -0.665816
-0.047349 0.173234 0.007919 -0.213315 -0.961769 -0.171750
-0.047349 0.178629 -0.001308 -0.728841 -0.352746 -0.586823
-0.047575 0.378163 0.027907 -0.346211 0.888768 0.300381
-0.047575 0.364708 -0.006686 -0.761079 0.000000 -0.648660
-0.047575 0.378165 0.004914 -0.346778 0.890223 -0.295377
0.108521 0.622180 0.109183 0.532686 0.108873 0.839281
0.125508 0.632700 0.097682 0.550665 0.252209 0.795712
0.113322 0.631257 0.101844 0.212900 0.543731 0.811807
0.105937 0.638891 0.098668 0.284531 0.577243 0.765397
0.127311 0.615535 0.089438 0.738145 -0.185166 0.648734
0.120447 0.623472 0.098768 0.649459 -0.272692 0.709818
0.102691 0.633099 0.104498 0.395187 0.532218 0.748713
0.093616 0.638226 0.105644 0.441048 0.525374 0.727639
0.114273 0.599766 0.099666 0.595136 -0.179839 0.783244
0.116702 0.612494 0.099429 0.698646 -0.120181 0.705301
0.097872 0.626838 0.111681 0.409232 0.542018 0.733993
0.091478 0.620107 0.120216 0.415873 0.106363 0.903181
0.087201 0.595006 0.113696 0.404400 -0.273442 0.872749
0.103332 0.605651 0.107515 0.479515 -0.235838 0.845249
0.095733 0.612431 0.114365 0.544141 -0.296576 0.784827
0.117438 0.642999 0.091166 0.152153 0.610824 0.777010
0.116294 0.638197 0.095839 0.241034 0.646710 0.723650
0.129702 0.628252 0.089398 0.844532 -0.157157 0.511924
0.136286 0.636520 0.081074 0.844766 -0.090138 0.527490
0.139705 0.661372 0.076798 0.524072 0.316436 0.790707
0.127550 0.645690 0.088549 0.061440 0.567588 0.821017
0.133833 0.643531 0.085185 0.840999 -0.022692 0.540560
0.073399 0.644026 0.116480 0.499372 0.402269 0.767338
0.086164 0.634120 0.114113 0.516240 0.498925 0.696111
0.079549 0.607581 0.118723 0.170154 -0.274801 0.946326
0.059969 0.607629 0.122258 0.121907 -0.288175 0.949786
0.069711 0.627603 0.127449 0.247113 -0.021694 0.968744
0.078196 0.630579 0.121382 0.415800 0.438710 0.796645
0.049213 0.643304 0.133138 0.279425 0.029857 0.959703
0.064108 0.638311 0.125689 0.513351 0.393943 0.762417
0.054040 0.657819 0.124972 0.498978 0.292919 0.815610
0.058884 0.648383 0.124863 0.540944 0.268517 0.797043
0.073719 0.618446 0.123308 0.191877 -0.333469 0.923028
0.035883 0.668042 0.131027 0.318230 0.343997 0.883400
0.046379 0.656388 0.129712 0.455663 0.316529 0.831974
0.041487 0.629231 0.127935 -0.011869 -0.309514 0.950821
0.057056 0.621488 0.125881 0.002098 -0.252490 0.967597
0.053470 0.633379 0.129507 -0.003736 -0.344966 0.938608
0.025457 0.657597 0.137984 0.104815 0.076247 0.991564
0.036851 0.656314 0.134050 0.341196 0.260914 0.903056
0.019358 0.668523 0.133529 0.127231 0.434566 0.891608
0.026899 0.664721 0.134180 0.146819 0.442643 0.884597
0.037424 0.639213 0.131282 -0.033932 -0.330132 0.943325
0.021571 0.645105 0.132774 0.022336 -0.375697 0.926473
0.032080 0.648669 0.134632 -0.036628 -0.374944 0.926323
0.003076 0.666252 0.136557 0.052547 0.293268 0.954585
0.015964 0.664124 0.136023 0.107579 0.426274 0.898174
0.015899 0.650669 0.136226 0.137291 -0.417363 0.898309
0.000668 0.649305 0.137920 0.067682 -0.209864 0.975385
0.000631 0.657900 0.137843 -0.004669 0.081306 0.996678
0.009721 0.660583 0.137461 -0.003742 0.153250 0.988180
0.008919 0.654934 0.137916 -0.005570 0.008935 0.999945
-0.111502 0.622182 0.109183 -0.532683 0.108926 0.839276
-0.108921 0.638887 0.098668 -0.284491 0.577192 0.765451
-0.116303 0.631256 0.101844 -0.212902 0.543842 0.811732
-0.128487 0.632699 0.097682 -0.550573 0.252178 0.795786
-0.096595 0.638227 0.105644 -0.441048 0.525413 0.727611
-0.105673 0.633099 0.104498 -0.395201 0.532299 0.748648
-0.123427 0.623472 0.098768 -0.649455 -0.272599 0.709858
-0.130293 0.615534 0.089438 -0.738073 -0.185153 0.648820
-0.094458 0.620108 0.120216 -0.415885 0.106420 0.903169
-0.100852 0.626839 0.111681 -0.409176 0.542052 0.733999
-0.119682 0.612493 0.099429 -0.698594 -0.120276 0.705337
-0.117251 0.599763 0.099666 -0.595133 -0.179876 0.783237
-0.090185 0.595006 0.113696 -0.404434 -0.273394 0.872748
-0.098715 0.612432 0.114365 -0.544139 -0.296486 0.784862
-0.106313 0.605650 0.107515 -0.479577 -0.235820 0.845219
-0.120422 0.643003 0.091166 -0.152191 0.610595 0.777182
-0.119277 0.638196 0.095839 -0.240912 0.646390 0.723976
-0.089145 0.634120 0.114113 -0.516279 0.498925 0.696082
-0.076383 0.644024 0.116480 -0.499407 0.402282 0.767308
-0.132684 0.628251 0.089398 -0.844409 -0.157126 0.512137
-0.139271 0.636521 0.081074 -0.844632 -0.090040 0.527721
-0.062952 0.607625 0.122258 -0.121942 -0.288092 0.949807
-0.082532 0.607580 0.118723 -0.170201 -0.274771 0.946326
-0.142687 0.661373 0.076798 -0.524019 0.316417 0.790749
-0.130532 0.645692 0.088549 -0.061647 0.567481 0.821075
-0.136815 0.643531 0.085185 -0.840849 -0.022528 0.540801
-0.081177 0.630580 0.121382 -0.415854 0.438730 0.796606
-0.072691 0.627607 0.127449 -0.247153 -0.021642 0.968735
-0.067090 0.638312 0.125689 -0.513386 0.393939 0.762396
-0.052197 0.643305 0.133138 -0.279446 0.029881 0.959696
-0.061867 0.648383 0.124863 -0.540960 0.268554 0.797020
-0.057022 0.657821 0.124972 -0.498964 0.292966 0.815602
-0.076700 0.618447 0.123308 -0.191896 -0.333328 0.923075
-0.038864 0.668041 0.131027 -0.318253 0.343971 0.883402
-0.049361 0.656389 0.129712 -0.455619 0.316586 0.831977
-0.056452 0.633381 0.129507 0.003687 -0.344967 0.938608
-0.044467 0.629231 0.127935 0.011820 -0.309489 0.950830
-0.028439 0.657595 0.137984 -0.104835 0.076190 0.991567
-0.039833 0.656314 0.134050 -0.341160 0.260957 0.903056
-0.040404 0.639213 0.131282 0.033876 -0.330131 0.943327
-0.024548 0.645102 0.132774 -0.022370 -0.375694 0.926474
-0.035061 0.648667 0.134632 0.036563 -0.374925 0.926334
-0.060037 0.621488 0.125881 -0.002138 -0.252414 0.967617
-0.029883 0.664721 0.134180 -0.146983 0.442485 0.884649
-0.022345 0.668526 0.133529 -0.127292 0.434378 0.891691
-0.003652 0.649305 0.137920 -0.067674 -0.209873 0.975384
-0.018880 0.650667 0.136226 -0.137273 -0.417379 0.898305
-0.018947 0.664125 0.136023 -0.107538 0.426052 0.898285
-0.006057 0.666253 0.136557 -0.052531 0.293139 0.954626
-0.003613 0.657900 0.137843 0.004662 0.081295 0.996679
-0.011901 0.654933 0.137916 0.005569 0.008934 0.999945
-0.012703 0.660583 0.137461 0.003730 0.153229 0.988184
0.001862 0.034675 0.081427 -0.899851 0.318718 0.297804
-0.002842 0.000006 0.083930 -0.535433 -0.822666 0.191135
0.005092 0.011562 0.091166 -0.776306 0.149542 0.612362
0.016256 0.000006 0.108141 -0.438252 -0.138950 0.888047
-0.003802 0.000006 0.032153 -0.764018 -0.641586 -0.068147
-0.001594 0.011562 0.065837 -0.000098 0.990982 0.133996
0.012313 0.023769 0.097837 -0.797740 0.123570 0.590205
0.018822 0.036627 0.103942 -0.427563 0.397452 0.811925
0.006553 0.041088 0.024683 -0.800940 0.577192 -0.159200
0.001538 0.025256 0.046088 -0.970543 0.234869 -0.053690
0.014694 0.043620 0.090281 -0.699938 0.527474 0.481516
0.023398 0.059559 0.085473 -0.335994 0.847080 0.411781
0.008831 0.052186 0.066873 -0.651554 0.758382 -0.018291
0.005749 0.042650 0.057661 -0.939146 0.341289 -0.039067
0.011364 0.048807 0.077924 -0.736456 0.581039 0.346449
0.004443 0.021169 0.008325 -0.965786 0.217847 -0.140714
0.010579 0.022413 -0.031861 -0.592318 0.249753 -0.766018
0.004746 0.007473 -0.010457 -0.975868 0.134193 -0.172261
0.007462 0.000000 -0.031663 -0.402051 -0.344781 -0.848222
0.039866 0.045114 -0.025102 0.005767 0.954806 -0.297175
0.024032 0.052286 0.042415 -0.270472 0.948621 -0.164205
0.018417 0.046129 0.022151 -0.419953 0.883010 -0.209599
0.063924 0.022413 -0.033358 0.525988 0.251109 -0.812577
0.027322 0.014942 -0.032294 -0.028051 -0.004929 -0.999594
0.012851 0.033210 -0.012740 -0.751190 0.609000 -0.254622
0.021420 0.036128 -0.031041 -0.342486 0.642243 -0.685731
0.052096 0.036128 -0.031041 0.265918 0.524736 -0.808665
0.042200 0.026985 -0.032087 -0.027763 0.143190 -0.989306
0.028032 0.031556 -0.031314 0.000000 0.059682 -0.998217
0.022613 0.040777 -0.010487 -0.382430 0.905751 -0.182652
0.046673 0.007471 -0.032744 -0.025296 -0.011872 -0.999609
0.068634 0.000000 -0.033211 0.384433 -0.758407 -0.526337
0.037794 0.039123 -0.029061 0.000000 0.551375 -0.834258
0.056717 0.059559 0.085473 0.417896 0.856987 0.301557
0.055768 0.052286 0.041152 0.244205 0.956077 -0.162113
0.070720 0.052186 0.063084 0.645449 0.763474 -0.022419
0.061720 0.046129 0.020257 0.392505 0.895653 -0.209154
0.074573 0.041088 0.022790 0.789833 0.579575 -0.200640
0.055512 0.040777 -0.011118 0.478215 0.833587 -0.276484
0.077684 0.034675 0.077638 0.903407 0.310853 0.295340
0.068374 0.048807 0.075398 0.773910 0.557490 0.300446
0.059341 0.036627 0.103942 0.295571 0.393867 0.870348
0.064581 0.043620 0.089018 0.739330 0.471639 0.480569
0.074326 0.042650 0.054504 0.932143 0.361936 -0.010553
0.063531 0.033210 -0.013870 0.681513 0.645874 -0.344075
0.061908 0.000006 0.108141 0.516513 -0.515733 0.683545
0.066311 0.023769 0.096574 0.818367 0.121764 0.561649
0.045835 0.012213 0.106741 -0.000000 0.113915 0.993491
0.031473 0.024420 0.105342 -0.000000 0.113915 0.993491
0.033854 0.044271 0.097786 -0.000000 0.627247 0.778820
0.046485 0.051915 0.091629 -0.000000 0.627247 0.778820
0.086100 0.000006 0.030258 0.949702 -0.291574 -0.114238
0.074866 0.021169 0.006563 0.942781 0.218797 -0.251580
0.079452 0.025256 0.043562 0.963656 0.266107 -0.023545
0.082394 0.000006 0.080141 0.539204 -0.818458 0.198457
0.073995 0.011562 0.088640 0.797858 0.150539 0.583747
0.082059 0.011562 0.062679 0.987507 0.139456 0.073366
0.039994 0.054744 0.048615 0.000000 0.991575 -0.129535
0.072886 0.007473 -0.012104 0.945272 0.196939 -0.260147
-0.004850 0.034675 0.081427 0.899860 0.318701 0.297796
-0.019237 0.000006 0.108141 0.438290 -0.138908 0.888035
-0.008075 0.011562 0.091166 0.776287 0.149696 0.612347
-0.000139 0.000006 0.083930 0.535470 -0.822639 0.191148
-0.021804 0.036627 0.103942 0.427638 0.397453 0.811885
-0.015297 0.023769 0.097837 0.797840 0.123583 0.590066
0.000821 0.000006 0.032153 0.764041 -0.641560 -0.068127
-0.026380 0.059559 0.085473 0.336036 0.847058 0.411791
-0.017678 0.043620 0.090281 0.700049 0.527417 0.481417
-0.004521 0.025256 0.046088 0.970539 0.234912 -0.053582
-0.009535 0.041088 0.024683 0.800961 0.577172 -0.159168
-0.011813 0.052186 0.066873 0.651631 0.758317 -0.018244
-0.014348 0.048807 0.077924 0.736518 0.580898 0.346553
-0.008733 0.042650 0.057661 0.939233 0.341057 -0.039002
-0.013560 0.022413 -0.031861 0.592312 0.249765 -0.766018
-0.007425 0.021169 0.008325 0.965782 0.217871 -0.140705
-0.010443 0.000000 -0.031663 0.402050 -0.344779 -0.848224
-0.007727 0.007473 -0.010457 0.975868 0.134193 -0.172261
-0.027013 0.052286 0.042415 0.270475 0.948620 -0.164203
-0.042847 0.045114 -0.025102 -0.005758 0.954806 -0.297174
-0.021398 0.046129 0.022151 0.419963 0.883006 -0.209598
-0.066912 0.022413 -0.033358 -0.525990 0.251105 -0.812577
-0.030305 0.014942 -0.032294 0.028048 -0.004930 -0.999594
-0.071616 0.000000 -0.033211 -0.384420 -0.758441 -0.526297
-0.049657 0.007471 -0.032744 0.025295 -0.011865 -0.999610
-0.024402 0.036128 -0.031041 0.342482 0.642249 -0.685728
-0.025595 0.040777 -0.010487 0.382446 0.905744 -0.182656
-0.015832 0.033210 -0.012740 0.751164 0.609034 -0.254618
-0.055078 0.036128 -0.031041 -0.265880 0.524777 -0.808651
-0.045183 0.026985 -0.032087 0.027759 0.143181 -0.989307
-0.073702 0.052186 0.063084 -0.645460 0.763465 -0.022412
-0.058749 0.052286 0.041152 -0.244203 0.956077 -0.162115
-0.059699 0.059559 0.085473 -0.417904 0.856982 0.301558
-0.077555 0.041088 0.022790 -0.789814 0.579611 -0.200611
-0.064701 0.046129 0.020257 -0.392497 0.895656 -0.209155
-0.058493 0.040777 -0.011118 -0.478192 0.833603 -0.276476
-0.031013 0.031556 -0.031314 0.000000 0.059682 -0.998217
-0.040776 0.039123 -0.029061 0.000000 0.551375 -0.834258
-0.071355 0.048807 0.075398 -0.773923 0.557464 0.300463
-0.080665 0.034675 0.077638 -0.903409 0.310845 0.295343
-0.067562 0.043620 0.089018 -0.739347 0.471629 0.480554
-0.062323 0.036627 0.103942 -0.295580 0.393863 0.870347
-0.077307 0.042650 0.054504 -0.932158 0.361898 -0.010541
-0.066515 0.033210 -0.013870 -0.681373 0.646044 -0.344032
-0.069292 0.023769 0.096574 -0.818383 0.121740 0.561631
-0.064889 0.000006 0.108141 -0.516513 -0.515733 0.683545
-0.048816 0.012213 0.106741 -0.000000 0.113915 0.993491
-0.034455 0.024420 0.105342 -0.000000 0.113915 0.993491
-0.036836 0.044271 0.097786 -0.000000 0.627247 0.778820
-0.049467 0.051915 0.091629 -0.000000 0.627247 0.778820
-0.089082 0.000006 0.030258 -0.949693 -0.291613 -0.114212
-0.077850 0.021169 0.006563 -0.942800 0.218819 -0.251490
-0.075870 0.007473 -0.012104 -0.945319 0.196695 -0.260160
-0.082434 0.025256 0.043562 -0.963655 0.266111 -0.023527
-0.076977 0.011562 0.088640 -0.797842 0.150561 0.583764
-0.085376 0.000006 0.080141 -0.539206 -0.818455 0.198465
-0.085041 0.011562 0.062679 -0.987503 0.139484 0.073365
-0.042975 0.054744 0.048615 0.000000 0.991575 -0.129535
0.063290 0.109509 0.005644 0.999655 0.025551 -0.006010
0.058189 0.036688 0.000941 0.961328 -0.030881 -0.273671
0.053788 0.085141 -0.004649 0.745468 -0.009176 -0.666479
0.039885 0.109227 -0.020531 -0.000911 0.070136 -0.997537
0.040294 0.036349 0.025280 0.001303 -0.125232 0.992127
0.053924 0.060849 0.010622 0.802711 -0.094260 0.588872
0.047345 0.136568 -0.006654 0.737978 0.134290 -0.661328
0.038861 0.190969 -0.005075 0.000733 0.199919 -0.979812
0.039885 0.109182 0.031815 0.002654 -0.043874 0.999034
0.047823 0.085013 0.020913 0.744595 -0.055505 0.665205
0.052523 0.163816 0.005352 0.770144 0.149357 -0.620138
0.055418 0.190969 0.015487 0.948573 0.059449 0.310927
0.052864 0.136553 0.017649 0.745425 -0.008504 0.666535
0.040294 0.036349 -0.023400 -0.000325 0.039335 -0.999226
0.046123 0.060755 -0.014330 0.805198 0.027838 -0.592352
0.032220 0.084779 0.020913 -0.743418 -0.063911 0.665767
0.016480 0.108805 0.005644 -0.999950 0.005755 -0.008127
0.026389 0.060388 0.010622 -0.800592 -0.103165 0.590262
0.022393 0.036010 0.000941 -0.961044 -0.041622 -0.273243
0.038861 0.190969 0.032942 0.006479 -0.013697 0.999885
0.044721 0.163707 0.026748 0.725523 -0.000399 0.688198
0.026253 0.084681 -0.004649 -0.745196 -0.017463 -0.666616
0.026080 0.136319 0.017649 -0.744821 -0.030944 0.666547
0.021875 0.190969 0.015487 -0.949456 0.032578 0.312204
0.031742 0.136334 -0.006654 -0.741369 0.115705 -0.661048
0.025739 0.163581 0.005352 -0.764826 0.125909 -0.631813
0.033540 0.163707 0.026748 -0.716546 -0.018580 0.697293
0.034191 0.060529 -0.014330 -0.805583 0.018792 -0.592185
-0.058708 0.617351 0.073348 -0.664486 -0.551102 0.504722
-0.001491 0.617353 0.016484 0.000025 -1.000000 0.000000
-0.020563 0.617352 0.062244 0.000035 -1.000000 -0.000000
-0.001491 0.617353 0.096901 0.000028 -0.433515 0.901146
0.055726 0.617356 0.073348 0.664490 -0.551086 0.504735
0.017581 0.617354 0.062244 0.000052 -1.000000 0.000000
-0.042314 0.540943 0.084709 -0.380064 0.055731 0.923280
-0.066743 0.388125 0.083877 -0.705968 0.058984 0.705783
0.063761 0.388122 0.083877 0.705984 0.058973 0.705768
0.039332 0.540944 0.084709 0.380060 0.055729 0.923282
-0.023241 0.464535 0.097230 -0.382143 0.056374 0.922382
-0.001488 0.388127 0.110912 0.000011 0.063075 0.998009
0.020261 0.464534 0.097230 0.382175 0.056383 0.922368
-0.093777 0.388127 0.018628 -0.998674 0.051482 -0.000038
-0.073076 0.464534 0.058618 -0.922693 0.049903 0.382292
-0.082407 0.617353 0.016484 -0.823755 -0.555393 -0.113869
-0.078297 0.540944 0.036153 -0.921920 0.049323 0.384227
-0.047535 0.617352 0.035439 -0.000000 -1.000000 -0.000036
0.070094 0.464535 0.058618 0.922687 0.049901 0.382306
0.090796 0.388127 0.018628 0.998676 0.051431 -0.000020
0.079426 0.617354 0.016484 0.823755 -0.555392 -0.113873
0.044554 0.617354 0.035439 0.000012 -1.000000 0.000041
0.075316 0.540946 0.036153 0.921916 0.049322 0.384238
-0.045449 0.377435 0.093371 -0.382109 0.057931 0.922300
-0.068115 0.356054 0.085323 -0.707447 0.060005 0.704214
0.065135 0.356058 0.085323 0.707473 0.059987 0.704190
0.042469 0.377436 0.093371 0.382140 0.057968 0.922285
-0.023698 0.366748 0.103084 -0.383134 0.060534 0.921707
-0.001490 0.356063 0.113017 0.000001 0.062687 0.998033
0.020719 0.366749 0.103084 0.383132 0.060486 0.921711
-0.080976 0.464535 -0.003838 -0.923033 0.042207 -0.382398
-0.066743 0.388125 -0.046627 -0.706001 0.045775 -0.706730
-0.095508 0.356044 0.018679 -0.998594 0.052966 -0.002386
-0.085343 0.377432 0.040395 -0.922670 0.050389 0.382283
-0.076122 0.377429 -0.025230 -0.922946 0.044389 -0.382362
-0.067846 0.356035 -0.047690 -0.705435 0.047167 -0.707203
-0.085710 0.366735 -0.003461 -0.921919 0.049130 -0.384254
-0.076789 0.366741 0.062626 -0.923435 0.056618 0.379555
0.063761 0.388122 -0.046627 0.706004 0.045784 -0.706727
0.077994 0.464534 -0.003838 0.923028 0.042207 -0.382412
0.082359 0.377431 0.040395 0.922673 0.050215 0.382300
0.092521 0.356043 0.018679 0.998596 0.052914 -0.002382
0.064866 0.356039 -0.047690 0.705457 0.047118 -0.707185
0.073141 0.377429 -0.025230 0.922937 0.044457 -0.382374
0.082728 0.366736 -0.003461 0.921963 0.048959 -0.384171
0.073806 0.366741 0.062626 0.923467 0.056685 0.379467
-0.046364 0.344865 0.095035 -0.383251 0.055232 0.921991
-0.069487 0.322479 0.086764 -0.417123 -0.642861 0.642447
0.066502 0.322476 0.086764 0.417079 -0.642929 0.642407
0.043382 0.344866 0.095035 0.383250 0.055163 0.921996
-0.024156 0.333679 0.104970 -0.384369 0.057990 0.921356
-0.001492 0.322494 0.115129 -0.000020 -0.883709 0.468036
0.021173 0.333678 0.104970 0.384377 0.057944 0.921356
-0.058708 0.617351 -0.040381 -0.500105 -0.557849 -0.662344
-0.069286 0.540943 -0.023508 -0.922200 0.042798 -0.384337
-0.047535 0.617352 -0.002471 0.000000 -1.000000 0.000036
-0.068949 0.322435 -0.048753 -0.635388 -0.649223 -0.418081
-0.077434 0.344838 -0.025921 -0.922203 0.042434 -0.384372
-0.045360 0.366730 -0.056479 -0.381667 0.043702 -0.923266
-0.001490 0.356030 -0.075121 0.000005 0.045435 -0.998967
-0.001492 0.322430 -0.076581 0.000010 -0.492355 -0.870395
-0.046096 0.333633 -0.057675 -0.381019 0.041728 -0.923625
-0.023609 0.344832 -0.066464 -0.381724 0.040147 -0.923404
0.066304 0.540944 -0.023508 0.922196 0.042797 -0.384348
0.055726 0.617356 -0.040381 0.500126 -0.557829 -0.662345
0.044554 0.617354 -0.002471 0.000012 -1.000000 -0.000041
0.074451 0.344840 -0.025921 0.922243 0.042321 -0.384288
0.065965 0.322438 -0.048753 0.635388 -0.649247 -0.418044
0.042379 0.366730 -0.056479 0.381664 0.043736 -0.923266
0.043113 0.333636 -0.057675 0.381019 0.041682 -0.923627
0.020628 0.344833 -0.066464 0.381723 0.040102 -0.923407
-0.097238 0.322456 0.018737 -0.747288 -0.646225 0.154772
-0.078280 0.333663 0.063608 -0.924577 0.053969 0.377154
-0.086954 0.344851 0.040913 -0.923841 0.048239 0.379724
-0.087232 0.333645 -0.003779 -0.921244 0.046783 -0.386162
0.075297 0.333663 0.063608 0.924583 0.053820 0.377159
0.094253 0.322455 0.018737 0.747290 -0.646236 0.154714
0.083970 0.344852 0.040913 0.923874 0.048296 0.379636
0.084246 0.333645 -0.003779 0.921247 0.046838 -0.386147
-0.001488 0.388127 -0.073656 0.000011 0.043235 -0.999065
-0.042313 0.464534 -0.053555 -0.382394 0.038559 -0.923195
-0.001491 0.617353 -0.063933 0.000032 -0.720773 -0.693172
-0.020562 0.540944 -0.059323 -0.380349 0.039189 -0.924012
-0.020563 0.617352 -0.029277 0.000035 -1.000000 -0.000000
0.039333 0.464535 -0.053555 0.382425 0.038559 -0.923182
-0.023240 0.377427 -0.065135 -0.382338 0.042155 -0.923060
0.017582 0.540945 -0.059323 0.380346 0.039199 -0.924013
0.020261 0.377426 -0.065135 0.382371 0.042107 -0.923049
0.017581 0.617354 -0.029277 0.000052 -1.000000 -0.000000
-0.051747 0.580998 0.103179 -0.299898 -0.027061 0.953587
-0.075810 0.599278 0.089983 -0.811991 0.295399 0.503398
-0.067890 0.586298 0.094322 -0.481165 -0.000562 0.876630
-0.076112 0.578619 0.089804 -0.954700 -0.109290 -0.276773
-0.049122 0.600000 0.100735 -0.190046 0.273181 0.943003
-0.058893 0.593425 0.097966 -0.372254 0.168808 0.912651
-0.066393 0.572841 0.094407 -0.471838 -0.095402 0.876508
-0.071320 0.558906 0.090238 -0.755825 -0.405534 0.514073
-0.012111 0.585590 0.104883 0.084077 0.010089 0.996408
-0.037660 0.588863 0.102932 -0.058192 0.135255 0.989100
-0.056015 0.567558 0.098129 -0.336872 -0.235542 0.911613
-0.044977 0.562770 0.100971 -0.132403 -0.273156 0.952814
-0.036278 0.576453 0.103011 -0.027516 -0.130273 0.991096
-0.063315 0.604549 0.093712 -0.368498 0.237824 0.898693
-0.065012 0.614369 0.090417 -0.062309 0.792893 -0.606167
-0.060159 0.543987 0.090872 0.094868 -0.741432 -0.664289
-0.058819 0.555221 0.094027 -0.341020 -0.216241 0.914847
-0.040263 0.612249 0.096011 0.153241 0.665956 0.730082
-0.033832 0.599280 0.100543 0.027910 0.342056 0.939265
-0.030118 0.566963 0.100754 0.100378 -0.306817 0.946460
-0.033265 0.552529 0.096409 0.353513 -0.606329 0.712315
-0.012110 0.590774 0.102380 0.225343 0.536593 0.813197
-0.021495 0.596204 0.101091 0.126890 0.431268 0.893256
-0.019162 0.572844 0.101224 0.304463 -0.414612 0.857554
-0.012111 0.580413 0.102380 0.435141 -0.491637 0.754285
-0.046134 0.553095 0.096084 -0.042221 -0.446447 0.893814
-0.051466 0.608873 0.095721 -0.159366 0.453456 0.876915
-0.012110 0.598615 0.095462 0.376239 0.706498 -0.599420
-0.021494 0.600546 0.097951 0.317668 0.627324 0.711021
-0.019163 0.568505 0.098084 0.551171 -0.552108 0.625609
-0.012112 0.572573 0.095462 0.535300 -0.550023 -0.641037
0.048760 0.580997 0.103179 0.299860 -0.027060 0.953599
0.046138 0.599999 0.100735 0.190045 0.273126 0.943019
0.034674 0.588864 0.102932 0.058214 0.135249 0.989100
0.009125 0.585595 0.104883 -0.084097 0.010184 0.996405
0.072826 0.599281 0.089983 0.811935 0.295373 0.503504
0.055908 0.593426 0.097966 0.372234 0.168748 0.912670
0.033293 0.576454 0.103011 0.027497 -0.130268 0.991097
0.041994 0.562770 0.100971 0.132393 -0.273123 0.952825
0.073132 0.578615 0.089804 0.954713 -0.109310 -0.276720
0.064906 0.586298 0.094322 0.481066 -0.000470 0.876684
0.053030 0.567559 0.098129 0.336905 -0.235494 0.911613
0.068337 0.558909 0.090238 0.755814 -0.405474 0.514136
0.063410 0.572840 0.094407 0.471716 -0.095476 0.876566
0.037281 0.612250 0.096011 -0.153369 0.666034 0.729984
0.030848 0.599281 0.100543 -0.027850 0.342050 0.939269
0.060331 0.604551 0.093712 0.368472 0.237741 0.898725
0.062030 0.614373 0.090417 0.062221 0.792934 -0.606123
0.048483 0.608874 0.095721 0.159331 0.453354 0.876974
0.057180 0.543985 0.090872 -0.094881 -0.741416 -0.664305
0.055837 0.555221 0.094027 0.341068 -0.216114 0.914859
0.027133 0.566965 0.100754 -0.100418 -0.306820 0.946455
0.030281 0.552531 0.096409 -0.353447 -0.606285 0.712386
0.043152 0.553095 0.096084 0.042145 -0.446452 0.893814
0.009125 0.590773 0.102380 -0.225562 0.536802 0.812998
0.018510 0.596206 0.101091 -0.127273 0.431673 0.893006
0.009126 0.598613 0.095462 -0.376287 0.706525 -0.599359
0.018511 0.600545 0.097951 -0.317734 0.627375 0.710947
0.016179 0.572846 0.101224 -0.304224 -0.414479 0.857703
0.009131 0.580411 0.102380 -0.434986 -0.491557 0.754426
0.016181 0.568504 0.098084 -0.551082 -0.552066 0.625725
0.009130 0.572571 0.095462 -0.535287 -0.550057 -0.641019
-0.066272 0.109509 0.005644 -0.999655 0.025558 -0.006009
-0.042866 0.109227 -0.020531 0.000918 0.070134 -0.997537
-0.056770 0.085141 -0.004649 -0.745453 -0.009174 -0.666495
-0.061171 0.036688 0.000941 -0.961326 -0.030875 -0.273678
-0.041842 0.190969 -0.005075 -0.000721 0.199927 -0.979811
-0.050327 0.136568 -0.006654 -0.737964 0.134293 -0.661343
-0.056906 0.060849 0.010622 -0.802711 -0.094260 0.588872
-0.043276 0.036349 0.025280 -0.001298 -0.125236 0.992126
-0.058399 0.190969 0.015487 -0.948570 0.059455 0.310935
-0.055504 0.163816 0.005352 -0.770143 0.149366 -0.620137
-0.050805 0.085013 0.020913 -0.744581 -0.055496 0.665221
-0.042866 0.109182 0.031815 -0.002642 -0.043871 0.999034
-0.055846 0.136553 0.017649 -0.745411 -0.008498 0.666551
-0.043276 0.036349 -0.023400 0.000325 0.039335 -0.999226
-0.049104 0.060755 -0.014330 -0.805197 0.027849 -0.592352
-0.019461 0.108805 0.005644 0.999950 0.005752 -0.008122
-0.035201 0.084779 0.020913 0.743417 -0.063921 0.665766
-0.025375 0.036010 0.000941 0.961043 -0.041636 -0.273243
-0.029371 0.060388 0.010622 0.800591 -0.103176 0.590261
-0.047702 0.163707 0.026748 -0.725523 -0.000399 0.688198
-0.041842 0.190969 0.032942 -0.006464 -0.013697 0.999885
-0.029234 0.084681 -0.004649 0.745196 -0.017474 -0.666616
-0.037172 0.060529 -0.014330 0.805583 0.018781 -0.592185
-0.024857 0.190969 0.015487 0.949457 0.032584 0.312200
-0.036522 0.163707 0.026748 0.716566 -0.018580 0.697272
-0.029061 0.136319 0.017649 0.744821 -0.030935 0.666547
-0.034723 0.136334 -0.006654 0.741369 0.115705 -0.661048
-0.028720 0.163581 0.005352 0.764844 0.125917 -0.631790
0.009125 0.585595 0.093414 -0.090779 -0.001565 -0.995870
0.050198 0.574373 0.091152 -0.057186 -0.008072 -0.998331
0.051694 0.587830 0.091067 -0.055458 0.007827 -0.998430
0.044881 0.562830 0.091508 -0.054361 -0.001780 -0.998520
0.047994 0.599750 0.091271 -0.051969 -0.008459 -0.998613
0.025145 0.567384 0.093249 -0.183644 -0.152766 -0.971050
0.026760 0.599527 0.093098 -0.139135 0.153908 -0.978240
0.032197 0.556362 0.094248 -0.294990 -0.353297 -0.887785
0.036146 0.608412 0.093963 -0.231015 0.510305 -0.828384
-0.012111 0.585590 0.093414 0.090777 -0.001584 -0.995870
-0.054678 0.587829 0.091067 0.055463 0.007840 -0.998430
-0.053181 0.574372 0.091152 0.057191 -0.008077 -0.998331
-0.050978 0.599746 0.091271 0.051969 -0.008466 -0.998613
-0.047863 0.562828 0.091508 0.054358 -0.001768 -0.998520
-0.029744 0.599525 0.093098 0.139095 0.153808 -0.978262
-0.028127 0.567383 0.093249 0.183669 -0.152791 -0.971041
-0.039128 0.608411 0.093963 0.230957 0.510263 -0.828427
-0.035179 0.556363 0.094248 0.294981 -0.353247 -0.887808
0.410988 0.596427 0.013721 0.814102 0.580707 0.004091
0.415464 0.596423 0.030308 0.606692 0.679263 -0.412949
0.413972 0.589820 0.024778 0.965465 -0.000010 -0.260531
0.415463 0.576609 0.030305 0.578762 -0.766546 -0.278283
0.412479 0.583216 0.019250 0.965427 -0.000137 -0.260673
0.410986 0.576612 0.013724 0.602119 -0.798381 0.006347
0.412460 0.583218 0.008187 0.966366 -0.000058 0.257169
0.415406 0.576615 -0.002885 0.661172 -0.679015 0.319046
0.413932 0.589824 0.002649 0.966467 0.000282 0.256790
0.415401 0.596430 -0.002888 0.694086 0.537487 0.478908
0.427651 0.576612 0.042418 0.409787 -0.678998 -0.609128
0.419526 0.583215 0.034344 0.704921 0.000071 -0.709285
0.427652 0.596420 0.042422 0.318553 0.679175 -0.661245
0.423589 0.589818 0.038383 0.704951 0.000107 -0.709256
0.427519 0.576616 -0.015073 0.413513 -0.679039 0.606559
0.419442 0.583220 -0.006949 0.709285 0.000285 0.704921
0.444266 0.576610 0.046818 0.050177 -0.679100 -0.732329
0.433190 0.583214 0.043886 0.255996 0.000182 -0.966678
0.444261 0.596424 0.046817 -0.054800 0.679127 -0.731973
0.438726 0.589818 0.045352 0.255811 0.000016 -0.966727
0.427515 0.596431 -0.015077 0.322630 0.679131 0.659311
0.423478 0.589826 -0.011013 0.709286 0.000285 0.704921
0.444101 0.576616 -0.019576 0.054675 -0.679153 0.731958
0.433045 0.583221 -0.016575 0.262068 0.000248 0.965049
0.460848 0.576609 0.042317 -0.322736 -0.679019 -0.659375
0.449792 0.583214 0.045317 -0.261960 -0.000114 -0.965079
0.460850 0.596424 0.042321 -0.413263 0.679234 -0.606511
0.455320 0.589819 0.043818 -0.261586 0.000221 -0.965180
0.444103 0.596431 -0.019573 -0.050287 0.679071 0.732348
0.438573 0.589826 -0.018075 0.261601 -0.000173 0.965176
0.460717 0.576614 -0.015175 -0.318623 -0.679101 0.661288
0.449640 0.583220 -0.018108 -0.256037 -0.000121 0.966667
0.472961 0.576611 0.030128 -0.686759 -0.535000 -0.492074
0.464886 0.583215 0.038255 -0.709315 0.000214 -0.704892
0.472963 0.596419 0.030133 -0.651563 0.676999 -0.342255
0.468925 0.589818 0.034194 -0.709286 0.000249 -0.704921
0.460712 0.596429 -0.015178 -0.409646 0.679128 0.609077
0.455177 0.589825 -0.016642 -0.255811 0.000082 0.966727
0.472905 0.576617 -0.003062 -0.683581 -0.535266 0.496193
0.464778 0.583220 -0.011138 -0.704921 -0.000071 0.709286
0.477369 0.576606 0.016495 -0.624695 -0.596362 -0.504092
0.474431 0.583212 0.025585 -0.951499 0.000174 -0.307651
0.477370 0.596421 0.016500 -0.335328 0.605220 -0.721986
0.475901 0.589815 0.021043 -0.951520 0.000125 -0.307587
0.472900 0.596432 -0.003064 -0.649546 0.676957 0.346148
0.468839 0.589826 -0.007101 -0.704950 -0.000107 0.709257
0.477393 0.576614 0.010544 -0.621512 -0.596649 0.507674
0.474399 0.583221 0.001473 -0.949670 -0.000208 0.313252
0.477389 0.596429 0.010548 -0.330814 0.605119 0.724150
0.475894 0.589825 0.006009 -0.949690 -0.000255 0.313191
0.395919 0.574201 0.041669 -0.654158 -0.593113 0.469356
0.399921 0.575006 0.028588 0.105722 -0.993979 -0.028801
0.388381 0.574207 0.013791 -0.765411 -0.643526 -0.004575
0.416403 0.574202 0.062029 -0.261509 -0.754211 0.602312
0.409262 0.575004 0.044668 0.077285 -0.993976 -0.077707
0.404943 0.575809 0.019273 0.105667 -0.993987 -0.028710
0.419839 0.575808 0.044917 0.077476 -0.993961 -0.077711
0.395800 0.574212 -0.014128 -0.530024 -0.754088 -0.387847
0.398389 0.575010 0.004462 0.105835 -0.993991 0.027946
0.444328 0.574205 0.069423 0.074621 -0.754175 0.652421
0.429461 0.575006 0.057957 0.028171 -0.993968 -0.105991
0.438748 0.575809 0.052886 0.027909 -0.993992 -0.105832
0.407397 0.575813 -0.001096 0.105785 -0.993995 0.027973
0.416162 0.574215 -0.034619 -0.265237 -0.754118 -0.600796
0.409123 0.575014 -0.017211 0.077658 -0.994000 0.077024
0.472205 0.574204 0.061861 0.390763 -0.754172 0.527758
0.453600 0.575006 0.059367 -0.028700 -0.993986 -0.105676
0.459106 0.575808 0.050332 -0.028730 -0.993991 -0.105621
0.419696 0.575815 -0.017526 0.077583 -0.994006 0.077023
0.444040 0.574214 -0.042176 0.070620 -0.754111 -0.652939
0.429240 0.575015 -0.030623 0.028564 -0.994008 0.105506
0.492567 0.574200 0.041377 0.480913 -0.846659 0.227799
0.475207 0.575004 0.048518 -0.077778 -0.993984 -0.077118
0.475459 0.575807 0.037941 -0.077786 -0.993956 -0.077461
0.438553 0.575815 -0.025608 0.028668 -0.993999 0.105568
0.471965 0.574210 -0.034787 0.387584 -0.754140 -0.530143
0.453369 0.575013 -0.032180 -0.028116 -0.993998 0.105722
0.480966 0.575806 0.029333 -0.103295 -0.994102 -0.033034
0.458928 0.575813 -0.023179 -0.028119 -0.993999 0.105717
0.492448 0.574211 -0.014419 0.479611 -0.846615 -0.230686
0.475043 0.575012 -0.021460 -0.077125 -0.993996 0.077610
0.499974 0.574204 0.017151 0.413445 -0.451706 -0.790585
0.489970 0.575003 0.025008 -0.104685 -0.993985 -0.032173
0.475357 0.575814 -0.010885 -0.077130 -0.993977 0.077852
0.480915 0.575814 -0.002312 -0.102810 -0.994130 0.033694
0.499998 0.574212 0.009752 0.418226 -0.452008 0.787894
0.489946 0.575012 0.001959 -0.104477 -0.993990 0.032676
0.393407 0.582410 0.032376 -0.965334 0.000100 0.261019
0.395921 0.598823 0.041667 -0.600812 0.754188 0.265001
0.390895 0.590620 0.023082 -0.965336 0.000110 0.261010
0.388383 0.598829 0.013788 -0.476182 0.879318 -0.007127
0.390855 0.590623 0.004483 -0.966455 0.000047 -0.256837
0.395802 0.598833 -0.014129 -0.485136 0.847645 -0.214804
0.393328 0.582417 -0.004822 -0.966459 0.000068 -0.256820
0.416404 0.598824 0.062029 -0.387691 0.754162 0.530034
0.402748 0.590616 0.048455 -0.705009 0.000115 0.709199
0.409575 0.582409 0.055242 -0.704957 0.000029 0.709250
0.416164 0.598836 -0.034619 -0.390843 0.754201 -0.527659
0.402589 0.590627 -0.020959 -0.709318 0.000029 -0.704888
0.444330 0.598826 0.069421 -0.070650 0.754157 0.652883
0.425712 0.590617 0.064493 -0.255887 0.000011 0.966707
0.435020 0.582411 0.066958 -0.255960 0.000099 0.966687
0.409375 0.582421 -0.027789 -0.709336 0.000058 -0.704871
0.444042 0.598835 -0.042176 -0.074449 0.754168 -0.652448
0.425456 0.590629 -0.037138 -0.261632 0.000021 -0.965168
0.472207 0.598826 0.061859 0.265305 0.754182 0.600685
0.453622 0.590619 0.066901 0.261802 0.000057 0.965122
0.462913 0.582412 0.064381 0.261802 0.000057 0.965122
0.434748 0.582421 -0.039657 -0.261632 0.000021 -0.965168
0.471960 0.598831 -0.034784 0.261596 0.754157 -0.602341
0.453347 0.590627 -0.039712 0.255955 -0.000021 -0.966689
0.492569 0.598828 0.041375 0.527410 0.752865 0.393743
0.478994 0.590619 0.055032 0.709216 -0.000000 0.704991
0.485780 0.582411 0.048204 0.709216 -0.000000 0.704991
0.462655 0.582418 -0.037249 0.255799 0.000169 -0.966730
0.492450 0.598832 -0.014422 0.525186 0.752749 -0.396925
0.478792 0.590624 -0.027998 0.704888 0.000229 -0.709319
0.499969 0.598826 0.017150 0.859944 0.465464 -0.209380
0.495035 0.590618 0.033301 0.956374 -0.000054 0.292144
0.497503 0.582410 0.025226 0.956301 0.000206 0.292385
0.485621 0.582418 -0.021209 0.705113 -0.000144 -0.709095
0.500000 0.598834 0.009756 0.861329 0.465279 0.204030
0.494966 0.590626 -0.006362 0.954543 -0.000114 -0.298073
0.497482 0.582419 0.001696 0.954519 -0.000029 -0.298151
0.398391 0.598030 0.004460 0.105703 0.993997 0.028235
0.407397 0.597230 -0.001099 0.105668 0.994000 0.028254
0.412906 0.597231 -0.010698 0.077595 0.993992 0.077200
0.413160 0.598033 -0.021275 0.077596 0.993987 0.077256
0.404945 0.597226 0.019272 0.105538 0.994014 -0.028236
0.399923 0.598025 0.028588 0.105600 0.994005 -0.028340
0.429261 0.597233 -0.023090 0.028646 0.993987 0.105689
0.413012 0.597222 0.038132 0.077118 0.994017 -0.077345
0.413326 0.598022 0.048706 0.077123 0.993995 -0.077631
0.434770 0.598034 -0.032123 0.028672 0.993991 0.105640
0.449619 0.597232 -0.025642 -0.027873 0.993997 0.105793
0.429439 0.597223 0.050423 0.027792 0.993985 -0.105930
0.434998 0.598025 0.059422 0.027912 0.994005 -0.105713
0.458905 0.598032 -0.030713 -0.027868 0.993998 0.105790
0.468524 0.597231 -0.017675 -0.077239 0.993999 0.077466
0.449814 0.597225 0.052853 -0.028604 0.994004 -0.105540
0.459129 0.598025 0.057867 -0.028634 0.994001 -0.105558
0.479103 0.598032 -0.017423 -0.077027 0.994015 0.077461
0.480913 0.597231 -0.002313 -0.102319 0.994172 0.033961
0.468673 0.597223 0.044771 -0.077324 0.994008 -0.077257
0.479246 0.598024 0.044456 -0.077828 0.993968 -0.077266
0.489946 0.598032 0.001961 -0.104583 0.993983 0.032577
0.480967 0.597223 0.029336 -0.103120 0.994115 -0.033187
0.489969 0.598025 0.025008 -0.104855 0.993969 -0.032113
0.009872 0.599283 0.094190 0.081504 0.378941 -0.921825
0.005091 0.585594 0.094190 -0.348054 -0.000024 -0.937475
-0.008070 0.585592 0.094190 0.348038 0.000024 -0.937480
-0.012854 0.599282 0.094190 -0.081409 0.378802 -0.921890
0.009875 0.571903 0.094190 -0.081383 0.378779 0.921902
-0.012854 0.571903 0.094190 0.081456 0.378907 0.921843
0.054897 0.000006 0.047517 0.000000 -1.000000 0.000000
0.050311 0.000004 0.009733 0.000002 -1.000000 0.000094
0.025250 0.000006 0.065408 0.000000 -1.000000 0.000000
0.024098 0.000002 -0.010907 0.000002 -1.000000 0.000094
0.047153 0.000006 0.090737 0.000000 -1.000000 0.000000
0.025107 0.000006 0.100071 0.000000 -1.000000 0.000000
-0.028231 0.000006 0.065408 0.000000 -1.000000 0.000000
-0.057879 0.000006 0.047517 0.000000 -1.000000 0.000000
-0.053292 0.000004 0.009733 -0.000002 -1.000000 0.000094
-0.027079 0.000002 -0.010907 -0.000002 -1.000000 0.000094
-0.050135 0.000006 0.090737 0.000000 -1.000000 0.000000
-0.028088 0.000006 0.100071 0.000000 -1.000000 0.000000
0.395595 0.573803 -0.015472 -0.237809 -0.666681 -0.706388
0.366454 0.573799 0.013845 -0.865164 -0.408195 0.291320
0.376168 0.582302 0.004072 -0.709232 0.000028 -0.704975
0.366456 0.599304 0.013844 -0.707799 0.666682 -0.233569
0.385883 0.590803 -0.005700 -0.709232 0.000028 -0.704975
0.395597 0.599301 -0.015473 0.286038 0.408162 -0.866941
0.405368 0.582302 -0.005758 0.704975 -0.000083 -0.709232
0.424913 0.573801 0.013670 0.865112 -0.408330 -0.291285
0.424915 0.599306 0.013667 0.707822 0.666662 0.233560
0.415142 0.590803 0.003955 0.704951 -0.000139 -0.709256
0.395772 0.573804 0.042987 0.237861 -0.666633 0.706415
0.405487 0.590804 0.033213 0.709245 -0.000000 0.704962
0.395774 0.599302 0.042985 -0.286050 0.408299 0.866872
0.415200 0.582304 0.023441 0.709233 0.000027 0.704974
0.386000 0.582302 0.033272 -0.704975 0.000111 0.709232
0.376228 0.590802 0.023558 -0.704962 0.000083 0.709244
0.395715 0.599304 0.023499 -0.000033 1.000000 0.000103
0.395656 0.599304 0.004013 -0.000034 1.000000 -0.000138
0.385940 0.573802 0.013787 0.000154 -1.000000 0.000017
0.405427 0.573803 0.013728 -0.000087 -1.000000 0.000018
0.484904 0.582410 0.016715 0.029035 0.000251 -0.999578
0.492438 0.589817 0.016934 0.028754 -0.000035 -0.999587
0.484927 0.582418 0.010281 0.034994 -0.000195 0.999388
0.492462 0.589825 0.010019 0.035023 -0.000165 0.999386
-0.023976 0.341032 -0.033670 0.195714 -0.858179 0.474578
-0.001488 0.378232 0.024324 -0.000014 -0.999938 -0.011158
-0.055892 0.341041 -0.001897 0.483975 -0.851180 0.203127
-0.056071 0.341056 0.043275 0.501599 -0.840621 -0.204339
-0.024156 0.341068 0.075406 0.213385 -0.832628 -0.511075
0.021174 0.341067 0.075406 -0.213429 -0.832611 -0.511084
0.053089 0.341054 0.043275 -0.501638 -0.840588 -0.204379
0.052910 0.341042 -0.001897 -0.484021 -0.851163 0.203089
0.020995 0.341033 -0.033670 -0.195682 -0.858178 0.474593
-0.113164 0.562397 0.014927 -0.224830 -0.974321 0.012216
-0.097539 0.555511 0.015322 -0.233341 -0.952594 0.195236
-0.108061 0.567817 0.022654 -0.311790 -0.668766 0.674936
-0.113481 0.585542 0.037714 -0.278838 -0.179249 0.943461
-0.103001 0.575617 0.032553 -0.294157 -0.666745 0.684780
-0.097982 0.585799 0.044622 -0.214605 -0.006639 0.976678
-0.108420 0.593149 0.032422 -0.310265 0.673346 0.671074
-0.113796 0.608105 0.014929 -0.273559 0.950879 0.144896
-0.103404 0.603186 0.024958 -0.339717 0.656148 0.673841
-0.098434 0.615655 0.015322 -0.173301 0.984828 0.009017
-0.097990 0.585800 -0.015236 -0.224441 -0.143677 -0.963838
-0.103407 0.603187 0.005005 -0.315442 0.676472 -0.665493
-0.108424 0.593149 -0.003094 -0.278745 0.696572 -0.661127
-0.113487 0.585541 -0.008975 -0.157783 0.002048 -0.987472
-0.108214 0.577913 -0.003095 -0.259089 -0.695623 -0.670061
-0.102898 0.567903 0.005004 -0.284022 -0.683070 -0.672865
-0.077655 0.556239 0.015317 -0.219386 -0.948766 -0.227406
-0.091059 0.565850 0.025087 0.025622 -0.694865 0.718683
-0.084590 0.576148 0.034852 0.021442 -0.696401 0.717333
-0.078133 0.586406 0.044618 -0.962734 0.263335 -0.061632
-0.091516 0.595953 0.034854 -0.021267 0.700107 0.713721
-0.085061 0.606067 0.025086 -0.016957 0.701673 0.712298
-0.078617 0.616139 0.015317 -0.523490 0.702230 -0.482526
-0.078141 0.586407 -0.015240 -0.716459 0.398569 -0.572564
-0.085064 0.606067 0.005133 -0.017674 0.716466 -0.697398
-0.091522 0.595954 -0.005051 -0.022005 0.714953 -0.698826
-0.084595 0.576149 -0.005053 0.021611 -0.711284 -0.702573
-0.091061 0.565850 0.005134 0.025811 -0.709799 -0.703931
-0.063900 0.571816 0.015316 0.624247 0.147806 -0.767117
-0.073229 0.571487 0.025084 -0.615928 0.543847 -0.569968
-0.064098 0.586836 0.030395 0.669743 0.003707 -0.742584
-0.068710 0.581686 0.030110 -0.595707 0.565138 -0.570747
-0.064298 0.601853 0.015316 0.623919 -0.133469 -0.770008
-0.068843 0.591698 0.030110 -0.567140 -0.587335 -0.577399
-0.073683 0.601466 0.025084 -0.576823 -0.578116 -0.577111
-0.064103 0.586836 0.000232 0.989977 0.013623 -0.140568
-0.069006 0.601609 0.010288 0.579771 0.581151 -0.571076
-0.073620 0.596461 0.000103 -0.594829 -0.580745 0.555800
-0.073300 0.576494 0.000103 -0.626109 0.549875 0.552833
-0.068553 0.571630 0.010288 0.622943 -0.550114 -0.556162
-0.062125 0.586896 0.015313 0.999908 0.013548 -0.000167
-0.063374 0.581849 0.020341 0.984928 -0.115906 0.128385
-0.063507 0.591862 0.020341 0.981353 0.142548 0.128946
-0.063509 0.591862 0.010287 0.981303 0.142592 -0.129274
-0.063376 0.581849 0.010287 0.984880 -0.115952 -0.128714
-0.160873 0.605174 0.013898 -0.061316 0.998111 0.003872
-0.161242 0.584891 -0.006543 -0.049591 -0.000249 -0.998770
-0.182596 0.597210 0.006788 -0.029866 0.709798 -0.703772
-0.225672 0.601565 0.013008 0.127815 0.972305 -0.195668
-0.204129 0.590598 0.001014 -0.029178 0.711032 -0.702554
-0.225474 0.585339 -0.003422 0.261490 0.003772 -0.965199
-0.160758 0.564623 0.013899 -0.058403 -0.998292 0.001632
-0.225273 0.569111 0.013009 0.131414 -0.971689 -0.196341
-0.182424 0.572875 0.006788 -0.039695 -0.710032 -0.703049
-0.203996 0.579780 0.001015 -0.039066 -0.711184 -0.701920
-0.160388 0.584903 0.034334 -0.074447 0.001780 0.997223
-0.225470 0.585337 0.029437 0.172550 0.002915 0.984996
-0.182205 0.578288 0.025890 -0.057675 -0.708090 0.703763
-0.203834 0.573024 0.018782 -0.059104 -0.710578 0.701132
-0.182244 0.591805 0.025890 -0.048246 0.708568 0.703992
-0.204005 0.597359 0.018781 -0.049204 0.710281 0.702197
-0.145201 0.591869 -0.000540 -0.045470 0.709521 -0.703216
-0.129385 0.599607 0.006617 -0.030211 0.726669 -0.686324
-0.129136 0.570854 0.006617 -0.018581 -0.718408 -0.695374
-0.145162 0.578352 -0.000540 -0.026162 -0.710189 -0.703525
-0.129011 0.577614 0.028992 -0.041729 -0.701253 0.711690
-0.144770 0.570641 0.021053 -0.048345 -0.708526 0.704027
-0.145019 0.599394 0.021054 -0.059491 0.708003 0.703699
-0.129222 0.592850 0.028992 -0.060297 0.708850 0.702777
-0.261811 0.570324 0.012777 -0.721674 -0.669879 -0.174498
-0.247103 0.563959 0.013012 -0.241909 -0.954021 0.176985
-0.256967 0.572956 0.017880 -0.310063 -0.692428 0.651463
-0.261987 0.584585 0.027851 -0.726048 -0.006752 0.687611
-0.252147 0.577769 0.025113 -0.292147 -0.688425 0.663868
-0.247352 0.584764 0.034477 -0.169201 -0.202578 0.964538
-0.247607 0.605569 0.013012 -0.224405 0.966276 0.126303
-0.252315 0.591639 0.025113 -0.308883 0.681111 0.663837
-0.257252 0.596213 0.017881 -0.345086 0.687967 0.638449
-0.262161 0.598484 0.012780 -0.738517 0.651613 -0.173185
-0.247357 0.584764 -0.008451 -0.222779 -0.147087 -0.963709
-0.252375 0.596272 0.005780 -0.319743 0.678470 -0.661394
-0.257170 0.589278 0.000444 -0.248096 0.725568 -0.641872
-0.261991 0.584585 -0.002997 -0.818835 -0.004898 -0.574008
-0.257053 0.579891 0.000443 -0.233639 -0.722581 -0.650607
-0.252090 0.573016 0.005779 -0.287707 -0.689368 -0.664829
-0.236695 0.563965 0.013010 0.223169 -0.974780 -0.000023
-0.243717 0.570896 0.020166 0.000549 -0.718057 0.695984
-0.240337 0.577965 0.027320 0.027713 -0.711007 0.702639
-0.236963 0.585166 0.034474 0.150085 0.203602 0.967482
-0.243974 0.591833 0.027321 -0.027566 0.717623 0.695886
-0.240601 0.599034 0.020165 -0.054490 0.710050 0.702039
-0.237234 0.606368 0.013009 0.239934 0.970789 -0.000031
-0.236966 0.585166 -0.008454 0.149618 0.203582 -0.967558
-0.240602 0.599034 0.005856 -0.054892 0.710003 -0.702056
-0.243977 0.591833 -0.001298 -0.027961 0.717584 -0.695911
-0.240339 0.577965 -0.001298 0.027303 -0.711015 -0.702646
-0.243718 0.570896 0.005857 0.000282 -0.718026 -0.696016
-0.229146 0.572804 0.018485 0.304547 -0.675842 0.671184
-0.233043 0.578156 0.025640 0.304279 -0.675816 0.671333
-0.233222 0.592290 0.025640 0.284303 0.683885 0.671917
-0.229459 0.597757 0.018485 0.284144 0.683865 0.672005
-0.229460 0.597757 0.007532 0.284048 0.683913 -0.671997
-0.233225 0.592291 0.000378 0.283969 0.683902 -0.672041
-0.233045 0.578157 0.000378 0.304153 -0.675824 -0.671381
-0.229147 0.572805 0.007532 0.304433 -0.675852 -0.671227
-0.263087 0.589218 0.007404 -0.958712 0.208182 -0.193731
-0.265108 0.584585 0.012428 -0.999958 -0.009149 0.000344
-0.262970 0.579831 0.007403 -0.954942 -0.225495 -0.192969
-0.263085 0.589218 0.017686 -0.960580 0.198749 0.194382
-0.262969 0.579831 0.017685 -0.956891 -0.216485 0.193636
-0.396374 0.573800 0.042973 -0.237848 -0.666654 0.706400
-0.367070 0.573801 0.013845 0.865182 -0.408178 0.291290
-0.386607 0.582301 0.033263 0.704974 0.000112 0.709233
-0.396376 0.599303 0.042971 0.286042 0.408305 0.866872
-0.376839 0.590802 0.023554 0.704949 0.000055 0.709258
-0.367072 0.599303 0.013845 0.707790 0.666697 -0.233558
-0.396200 0.573801 -0.015459 0.237832 -0.666626 -0.706432
-0.376781 0.582302 0.004077 0.709209 0.000055 -0.704998
-0.386490 0.590803 -0.005690 0.709233 -0.000000 -0.704974
-0.396198 0.599304 -0.015457 -0.286038 0.408305 -0.866873
-0.425503 0.573801 0.013667 -0.865166 -0.408191 -0.291321
-0.405967 0.582302 -0.005750 -0.704962 0.000111 -0.709245
-0.415734 0.590803 0.003959 -0.704937 0.000055 -0.709270
-0.425502 0.599303 0.013668 -0.707804 0.666680 0.233561
-0.406084 0.590802 0.033204 -0.709246 -0.000001 0.704961
-0.415793 0.582301 0.023436 -0.709245 -0.000000 0.704962
-0.396317 0.599303 0.023495 0.000000 1.000000 0.000000
-0.396257 0.599303 0.004019 -0.000000 1.000000 0.000035
-0.386548 0.573801 0.013786 0.000016 -1.000000 -0.000016
-0.406026 0.573801 0.013727 -0.000016 -1.000000 -0.000016
-0.416075 0.596379 0.030139 -0.607389 0.678449 -0.413263
-0.411642 0.596382 0.013722 -0.597116 0.789211 0.143521
-0.414597 0.589804 0.024667 -0.965423 -0.000098 -0.260689
-0.416073 0.576650 0.030139 -0.255093 -0.941713 -0.219326
-0.411643 0.576656 0.013722 -0.106215 -0.978141 0.178769
-0.413119 0.583229 0.019194 0.965467 -0.000050 0.260524
-0.428141 0.596378 0.042131 -0.319109 0.678424 -0.661749
-0.424118 0.589803 0.038134 -0.704928 -0.000071 -0.709279
-0.428139 0.576652 0.042131 -0.409890 -0.678420 -0.609702
-0.420096 0.583227 0.034136 -0.704928 -0.000071 -0.709279
-0.444584 0.596378 0.046485 0.054574 0.678436 -0.732629
-0.439103 0.589803 0.045034 -0.255972 0.000013 -0.966684
-0.444585 0.576652 0.046485 -0.050123 -0.678424 -0.732959
-0.433622 0.583227 0.043582 -0.255928 -0.000026 -0.966696
-0.461003 0.596380 0.042032 0.413615 0.678402 -0.607201
-0.455530 0.589803 0.043516 0.261754 -0.000013 -0.965135
-0.461004 0.576650 0.042032 0.323123 -0.678428 -0.659793
-0.450058 0.583227 0.045001 0.261754 -0.000013 -0.965135
-0.472996 0.596379 0.029966 0.652062 0.676275 -0.342736
-0.468999 0.589803 0.033988 0.709249 -0.000036 -0.704958
-0.472997 0.576650 0.029966 0.686869 -0.534695 -0.492252
-0.465001 0.583227 0.038010 0.709248 -0.000035 -0.704959
-0.477359 0.596379 0.016469 0.335983 0.604797 -0.722036
-0.475905 0.589804 0.020968 0.951520 -0.000049 -0.307586
-0.477360 0.576653 0.016469 0.625093 -0.595939 -0.504098
-0.474451 0.583227 0.025467 0.951520 -0.000049 -0.307586
-0.389027 0.574208 0.013787 0.764984 -0.644032 -0.004683
-0.405581 0.575838 0.019216 -0.107482 -0.993773 -0.029364
-0.400540 0.575020 0.028477 -0.107390 -0.993788 -0.029209
-0.396520 0.574203 0.041506 0.653822 -0.593564 0.469253
-0.420367 0.575835 0.044674 -0.078598 -0.993778 -0.078920
-0.416888 0.574204 0.061751 0.261039 -0.754768 0.601817
-0.409827 0.575019 0.044465 -0.078491 -0.993786 -0.078918
-0.439125 0.575836 0.052571 -0.028505 -0.993778 -0.107669
-0.444651 0.574204 0.069097 -0.074815 -0.754793 0.651682
-0.429893 0.575020 0.057660 -0.028486 -0.993780 -0.107658
-0.459318 0.575835 0.050033 0.029233 -0.993792 -0.107349
-0.472366 0.574204 0.061582 -0.390560 -0.754782 0.527036
-0.453867 0.575020 0.059055 0.029149 -0.993778 -0.107501
-0.475537 0.575834 0.037737 0.079002 -0.993777 -0.078524
-0.492611 0.574202 0.041214 -0.480122 -0.847280 0.227156
-0.475327 0.575019 0.048276 0.079000 -0.993785 -0.078424
-0.480989 0.575835 0.029216 0.104547 -0.993938 -0.034015
-0.489981 0.575020 0.024938 0.106668 -0.993757 -0.032690
-0.499973 0.574204 0.017130 -0.412875 -0.451755 -0.790855
-0.394022 0.582412 0.032266 0.965351 -0.000057 0.260953
-0.396518 0.598826 0.041504 0.600304 0.754796 0.264418
-0.391525 0.590622 0.023027 0.965375 0.000047 0.260868
-0.389029 0.598831 0.013790 0.474926 0.879995 -0.007321
-0.410098 0.582410 0.055002 0.704962 0.000029 0.709245
-0.416887 0.598824 0.061749 0.387415 0.754759 0.529385
-0.403308 0.590618 0.048253 0.704945 0.000000 0.709262
-0.435396 0.582411 0.066649 0.255794 -0.000089 0.966731
-0.444650 0.598824 0.069099 0.070873 0.754739 0.652186
-0.426142 0.590617 0.064200 0.255924 0.000068 0.966697
-0.463128 0.582412 0.064087 -0.261703 0.000018 0.965149
-0.472368 0.598827 0.061581 -0.264719 0.754758 0.600221
-0.453890 0.590618 0.066592 -0.261774 -0.000068 0.965129
-0.485863 0.582410 0.048004 -0.709245 -0.000115 0.704962
-0.492613 0.598825 0.041216 -0.526823 0.753377 0.393548
-0.479116 0.590619 0.054793 -0.709193 -0.000029 0.705014
-0.497518 0.582411 0.025158 -0.956318 0.000066 0.292328
-0.499971 0.598827 0.017131 -0.859815 0.465568 -0.209679
-0.495065 0.590618 0.033187 -0.956366 -0.000101 0.292172
-0.400541 0.598012 0.028478 -0.107558 0.993779 -0.028885
-0.405582 0.597197 0.019217 -0.107539 0.993782 -0.028854
-0.413849 0.598009 0.048461 -0.078494 0.993789 -0.078878
-0.413578 0.597194 0.037925 -0.078494 0.993787 -0.078900
-0.435374 0.598009 0.059111 -0.028479 0.993789 -0.107574
-0.429871 0.597193 0.050122 -0.028483 0.993790 -0.107567
-0.459340 0.598010 0.057571 0.029237 0.993786 -0.107398
-0.450079 0.597194 0.052539 0.029248 0.993785 -0.107405
-0.479326 0.598010 0.044254 0.078884 0.993787 -0.078518
-0.468789 0.597195 0.044526 0.078913 0.993784 -0.078519
-0.489981 0.598010 0.024939 0.106636 0.993767 -0.032494
-0.480989 0.597194 0.029217 0.104551 0.993945 -0.033797
-0.484897 0.582412 0.016689 -0.029219 0.000001 -0.999573
-0.492434 0.589803 0.016910 -0.029259 0.000043 -0.999572
-0.416013 0.596385 -0.002723 -0.694469 0.536804 0.479119
-0.416014 0.576659 -0.002723 -0.661611 -0.678364 0.319520
-0.414556 0.589809 0.002759 -0.966444 0.000048 0.256877
-0.413100 0.583232 0.008240 -0.966444 0.000050 0.256875
-0.428007 0.596385 -0.014790 -0.323070 0.678387 0.659861
-0.428008 0.576658 -0.014790 -0.413560 -0.678410 0.607230
-0.424009 0.589809 -0.010768 -0.709249 0.000035 0.704958
-0.420012 0.583234 -0.006745 -0.709249 0.000035 0.704958
-0.444426 0.596386 -0.019242 0.050153 0.678390 0.732988
-0.444424 0.576657 -0.019242 -0.054529 -0.678434 0.732635
-0.438952 0.589809 -0.017758 -0.261700 -0.000026 0.965149
-0.433480 0.583233 -0.016274 -0.261744 0.000013 0.965137
-0.460872 0.596386 -0.014888 0.409885 0.678427 0.609698
-0.460870 0.576657 -0.014888 0.319069 -0.678412 0.661780
-0.455389 0.589810 -0.016339 0.255928 0.000026 0.966696
-0.449907 0.583233 -0.017791 0.255928 0.000026 0.966696
-0.472937 0.596385 -0.002895 0.649998 0.676287 0.346610
-0.472935 0.576659 -0.002895 0.683950 -0.534654 0.496344
-0.468915 0.589810 -0.006893 0.704988 0.000071 0.709220
-0.464892 0.583234 -0.010890 0.704988 0.000071 0.709220
-0.477381 0.596386 0.010576 0.331609 0.604827 0.724030
-0.477379 0.576657 0.010576 0.622113 -0.595952 0.507756
-0.475899 0.589809 0.006086 0.949659 0.000096 0.313287
-0.474417 0.583234 0.001595 0.949659 0.000096 0.313287
-0.396401 0.574213 -0.013972 0.529250 -0.754736 -0.387644
-0.408019 0.575843 -0.000991 -0.107635 -0.993784 0.028425
-0.399024 0.575026 0.004512 -0.107649 -0.993783 0.028417
-0.416646 0.574211 -0.034337 0.264714 -0.754786 -0.600187
-0.420223 0.575843 -0.017283 -0.078925 -0.993783 0.078531
-0.409687 0.575028 -0.017011 -0.078897 -0.993785 0.078531
-0.444364 0.574211 -0.041855 -0.070805 -0.754751 -0.652179
-0.438932 0.575842 -0.025296 -0.029070 -0.993789 0.107419
-0.429673 0.575027 -0.030327 -0.029148 -0.993782 0.107465
-0.472124 0.574211 -0.034506 -0.387425 -0.754776 -0.529353
-0.459139 0.575842 -0.022879 0.028479 -0.993790 0.107570
-0.453637 0.575026 -0.031868 0.028478 -0.993789 0.107571
-0.492493 0.574212 -0.014260 -0.478761 -0.847244 -0.230141
-0.475433 0.575843 -0.010681 0.078406 -0.993783 0.079044
-0.475162 0.575027 -0.021218 0.078404 -0.993792 0.078930
-0.499998 0.574211 0.009778 -0.417754 -0.451799 0.788264
-0.489957 0.575027 0.002031 0.106297 -0.993782 0.033146
-0.480936 0.575843 -0.002193 0.104426 -0.993941 0.034300
-0.396399 0.598833 -0.013970 0.484214 0.848323 -0.214209
-0.393942 0.582418 -0.004718 0.966481 -0.000058 -0.256739
-0.391485 0.590624 0.004536 0.966518 0.000110 -0.256600
-0.416645 0.598834 -0.034339 0.390619 0.754779 -0.526998
-0.409897 0.582419 -0.027549 0.709193 -0.000086 -0.705015
-0.403148 0.590627 -0.020760 0.709245 -0.000000 -0.704962
-0.444363 0.598834 -0.041853 0.074803 0.754785 -0.651693
-0.435124 0.582419 -0.039348 0.261774 0.000068 -0.965129
-0.425885 0.590626 -0.036843 0.261644 -0.000089 -0.965164
-0.472126 0.598834 -0.034507 -0.261059 0.754777 -0.601797
-0.462871 0.582419 -0.036956 -0.255917 -0.000060 -0.966699
-0.453618 0.590626 -0.039405 -0.255794 0.000089 -0.966731
-0.492494 0.598835 -0.014263 -0.524387 0.753401 -0.396743
-0.485704 0.582419 -0.021010 -0.704962 -0.000115 -0.709245
-0.478915 0.590627 -0.027759 -0.704945 -0.000086 -0.709262
-0.500000 0.598834 0.009775 -0.861089 0.465514 0.204505
-0.497497 0.582419 0.001764 -0.954558 -0.000114 -0.298026
-0.494996 0.590627 -0.006249 -0.954546 -0.000074 -0.298063
-0.408018 0.597200 -0.000990 -0.107540 0.993785 0.028764
-0.399023 0.598015 0.004514 -0.107711 0.993769 0.028669
-0.413684 0.598017 -0.021033 -0.079006 0.993773 0.078575
-0.413473 0.597201 -0.010494 -0.079005 0.993777 0.078527
-0.435145 0.598018 -0.031811 -0.029144 0.993777 0.107509
-0.429693 0.597202 -0.022790 -0.029108 0.993771 0.107576
-0.459120 0.598018 -0.030416 0.028486 0.993780 0.107659
-0.449887 0.597202 -0.025328 0.028505 0.993778 0.107670
-0.479186 0.598018 -0.017222 0.078572 0.993773 0.079003
-0.468645 0.597202 -0.017430 0.078446 0.993783 0.079001
-0.489958 0.598018 0.002029 0.106374 0.993770 0.033258
-0.480937 0.597202 -0.002194 0.104515 0.993928 0.034404
-0.484919 0.582418 0.010310 -0.035258 -0.000004 0.999378
-0.492460 0.589810 0.010043 -0.035378 0.000119 0.999374
-0.389503 0.585379 0.002242 -0.067051 0.001322 -0.997749
-0.389296 0.595381 0.011871 -0.053893 0.942403 -0.330109
-0.358075 0.588030 0.003343 -0.033273 0.693519 -0.719670
-0.295425 0.583329 -0.004083 -0.008026 0.002370 -0.999965
-0.326669 0.593302 0.006872 -0.035115 0.687131 -0.725684
-0.295286 0.601197 0.012829 -0.007848 0.948375 0.317053
-0.295566 0.565459 0.012830 0.002240 -0.999997 -0.000254
-0.389711 0.575378 0.011874 -0.103294 -0.994651 -0.000404
-0.326901 0.574722 0.006874 -0.064879 -0.685673 -0.725012
-0.358213 0.581362 0.003344 -0.063442 -0.691612 -0.719478
-0.389505 0.585380 0.021502 -0.077625 0.302774 0.949896
-0.358214 0.581362 0.021039 -0.078034 -0.690559 0.719054
-0.295427 0.583327 0.029740 -0.015437 -0.311648 0.950072
-0.326901 0.574721 0.018148 -0.079512 -0.684866 0.724318
-0.358029 0.593986 0.015401 -0.050219 0.693326 0.718872
-0.326739 0.589968 0.021357 -0.048523 0.686741 0.725281
-0.251431 0.584583 -0.002960 0.025320 0.006924 -0.999655
-0.266153 0.588798 0.001924 -0.004510 0.750280 -0.661105
-0.251602 0.598482 0.012815 0.036657 0.949854 -0.310537
-0.280771 0.594336 0.007187 0.042441 0.686618 -0.725779
-0.251260 0.570322 0.012815 0.083706 -0.996474 0.005749
-0.266039 0.579411 0.001924 0.038234 -0.741059 -0.670351
-0.280750 0.573037 0.007187 0.075024 -0.685767 -0.723945
-0.251434 0.584582 0.027887 0.048274 0.315842 0.947583
-0.266040 0.579410 0.023481 0.049613 -0.725223 0.686724
-0.280751 0.573036 0.018462 0.075508 -0.685716 0.723942
-0.266107 0.594754 0.017844 0.045872 0.734590 0.676959
-0.280716 0.589702 0.023485 0.010988 0.687261 0.726327
