0.000000 0.360178 -0.000072
0.000000 0.474556 -0.000072
0.142378 0.375912 -0.052792
-0.142378 0.375913 -0.052792
0.150995 0.727171 -0.046529
0.000000 0.755074 -0.047493
-0.150995 0.727172 -0.046529
0.142378 0.253503 -0.116547
-0.142378 0.253508 -0.116558
0.150995 0.596645 -0.046529
0.000000 0.661484 0.134071
-0.150995 0.596647 -0.046529
0.142377 0.218699 0.129175
-0.142377 0.218683 0.129162
0.000000 0.875877 -0.033572
0.142377 0.025825 0.041338
-0.142377 0.025297 0.042459
0.000000 0.913449 -0.003493
0.006899 0.950879 -0.041256
-0.006899 0.950880 -0.041256
0.060127 0.950879 -0.123218
-0.060127 0.950882 -0.123218
