0.000000 0.325061 -0.032260
0.000000 0.326044 -0.007911
0.100627 0.304296 -0.040419
0.000000 0.325030 0.054744
-0.100627 0.304296 -0.040419
0.000000 0.307522 -0.146781
0.073981 0.280871 0.129631
0.000000 0.346571 0.143132
-0.073981 0.280870 0.129631
0.100627 0.162166 -0.010083
-0.100627 0.162166 -0.010084
0.000000 0.307140 -0.266056
0.073981 0.207792 0.137369
-0.000000 0.373551 0.224637
-0.073981 0.207792 0.137369
0.100627 0.095314 -0.034801
-0.100627 0.095314 -0.034802
0.000000 0.323592 -0.387098
0.073981 0.161366 0.161441
0.011778 0.380442 0.233267
-0.011778 0.380442 0.233267
-0.000000 0.356013 0.438204
-0.073981 0.161366 0.161441
0.100627 0.048125 -0.026936
0.100627 0.048125 -0.026936
-0.100627 0.048125 -0.026938
-0.100627 0.048125 -0.026938
0.000000 0.335292 -0.499774
0.041540 0.410298 0.281508
-0.041556 0.410298 0.281508
