0 1
0 2
0 3
0 4
0 5
0 8
0 9
0 10
0 11
0 12
0 428
0 432
0 17
0 439
1 0
1 2
1 3
1 428
1 430
1 398
1 439
2 0
2 1
2 3
3 0
3 1
3 2
3 4
3 5
3 6
3 7
3 29
3 31
4 0
4 3
4 5
4 6
4 7
4 11
4 17
4 18
5 0
5 3
5 4
6 3
6 4
6 7
7 3
7 4
7 6
7 11
7 14
7 18
7 28
7 29
7 30
7 31
8 0
8 9
8 10
8 11
8 12
8 13
8 14
8 15
8 16
9 0
9 416
9 417
9 8
9 10
9 395
9 428
9 399
9 431
9 432
9 19
9 23
9 415
10 8
10 9
10 0
11 0
11 4
11 7
11 8
11 12
11 13
11 14
11 17
11 18
11 28
12 8
12 0
12 11
13 8
13 11
13 14
14 34
14 7
14 8
14 11
14 13
14 15
14 16
14 28
14 29
14 30
15 34
15 8
15 14
15 16
15 29
16 8
16 14
16 15
17 0
17 11
17 4
18 11
18 4
18 7
19 417
19 9
19 842
19 850
19 20
19 21
19 22
19 23
19 24
20 32
20 33
20 841
20 842
20 850
20 19
20 21
20 22
20 25
20 27
21 19
21 20
21 22
22 19
22 20
22 21
22 23
22 24
22 25
22 26
22 27
23 416
23 417
23 392
23 393
23 394
23 395
23 396
23 9
23 410
23 19
23 22
23 24
23 25
23 26
24 19
24 22
24 23
25 32
25 33
25 392
25 410
25 20
25 22
25 23
25 409
25 26
25 27
26 25
26 22
26 23
27 25
27 20
27 22
28 11
28 14
28 7
29 34
29 3
29 7
29 14
29 15
29 30
29 31
30 29
30 14
30 7
31 3
31 29
31 7
32 33
32 392
32 841
32 409
32 842
32 843
32 20
32 407
32 408
32 25
33 32
33 25
33 20
34 29
34 14
34 15
35 65
35 66
35 36
35 37
35 38
35 39
35 40
35 68
35 74
35 43
35 75
35 52
35 56
35 63
36 35
36 67
36 37
36 38
36 68
36 518
36 521
36 536
36 995
36 998
36 999
36 47
36 535
36 56
36 59
36 62
37 35
37 36
37 38
38 35
38 36
38 37
38 39
38 40
38 41
38 42
38 46
38 47
38 60
38 61
38 62
39 35
39 38
39 40
39 41
39 42
39 43
39 44
39 75
40 35
40 38
40 39
41 42
41 38
41 39
42 38
42 39
42 41
42 43
42 44
42 45
42 46
42 60
43 35
43 39
43 73
43 42
43 74
43 44
43 45
43 46
43 47
43 48
43 75
43 63
44 42
44 43
44 39
45 42
45 43
45 46
46 38
46 42
46 43
46 45
46 47
46 48
46 60
46 61
47 64
47 995
47 36
47 997
47 38
47 998
47 73
47 43
47 46
47 48
47 49
47 50
47 51
47 52
47 53
47 61
47 62
47 63
48 43
48 46
48 47
49 961
49 994
49 995
49 996
49 69
49 70
49 71
49 72
49 997
49 973
49 47
49 50
49 51
49 959
50 49
50 51
50 47
51 71
51 72
51 780
51 556
51 782
51 47
51 781
51 49
51 50
51 783
51 52
51 53
51 54
51 55
52 64
52 65
52 66
52 35
52 47
52 51
52 53
52 54
52 55
52 56
52 57
52 63
53 51
53 52
53 47
54 51
54 52
54 55
55 567
55 552
55 556
55 780
55 558
55 530
55 51
55 52
55 531
55 54
55 532
55 56
55 57
55 58
55 59
55 533
56 66
56 35
56 67
56 36
56 68
56 52
56 55
56 57
56 58
56 59
57 56
57 52
57 55
58 56
58 59
58 55
59 67
59 36
59 518
59 536
59 532
59 533
59 534
59 55
59 56
59 58
60 38
60 42
60 46
61 38
61 46
61 47
62 36
62 38
62 47
63 64
63 65
63 35
63 73
63 74
63 43
63 47
63 52
64 52
64 47
64 63
65 35
65 52
65 63
66 56
66 35
66 52
67 56
67 59
67 36
68 56
68 35
68 36
69 960
69 961
69 70
69 71
69 711
69 715
69 716
69 717
69 49
69 959
70 49
70 69
70 71
71 804
71 69
71 70
71 711
71 72
71 717
71 718
71 783
71 781
71 49
71 784
71 51
71 562
71 785
71 786
71 700
71 701
71 702
72 49
72 51
72 71
73 43
73 63
73 47
74 43
74 35
74 63
75 35
75 43
75 39
76 98
76 99
76 77
76 78
76 79
76 80
76 81
76 91
77 98
77 489
77 491
77 76
77 78
77 79
77 91
77 508
78 76
78 77
78 79
79 448
79 481
79 482
79 487
79 488
79 489
79 490
79 491
79 76
79 77
79 78
79 80
79 81
79 82
79 83
79 84
79 85
79 86
79 87
79 444
80 99
80 100
80 105
80 106
80 76
80 79
80 81
80 82
80 83
80 114
80 91
80 93
81 80
81 76
81 79
82 80
82 83
82 79
83 105
83 106
83 107
83 108
83 109
83 79
83 80
83 82
83 86
83 87
83 88
83 89
84 480
84 481
84 986
84 1003
84 1004
84 79
84 85
84 86
84 442
84 444
84 478
84 479
85 84
85 86
85 79
86 101
86 102
86 1003
86 79
86 83
86 84
86 85
86 1111
86 87
86 88
86 89
86 986
87 83
87 86
87 79
88 89
88 83
88 86
89 1124
89 101
89 102
89 107
89 109
89 110
89 111
89 112
89 113
89 1133
89 83
89 1140
89 86
89 88
90 448
90 452
90 1005
90 494
90 495
90 496
90 497
90 507
90 506
90 91
90 92
90 93
90 94
90 95
91 448
91 98
91 99
91 100
91 487
91 489
91 76
91 77
91 492
91 493
91 80
91 508
91 90
91 507
91 92
91 93
92 90
92 91
92 93
93 96
93 97
93 100
93 103
93 104
93 105
93 107
93 80
93 114
93 115
93 116
93 90
93 91
93 92
93 94
93 95
94 96
94 97
94 965
94 966
94 1005
94 494
94 1006
94 1112
94 1113
94 90
94 93
94 95
95 90
95 93
95 94
96 97
96 93
96 94
97 96
97 966
97 103
97 104
97 1039
97 1107
97 1108
97 1109
97 1141
97 1112
97 93
97 94
98 91
98 76
98 77
99 80
99 91
99 76
100 80
100 91
100 93
101 89
101 102
101 86
102 1124
102 101
102 1126
102 1008
102 1105
102 1106
102 1140
102 86
102 1110
102 1111
102 89
102 986
103 104
103 97
103 93
104 97
104 103
104 1130
104 107
104 110
104 113
104 1107
104 116
104 117
104 118
104 1117
104 1139
104 1141
104 93
105 106
105 107
105 108
105 80
105 114
105 83
105 115
105 93
106 80
106 105
106 83
107 104
107 105
107 108
107 109
107 110
107 111
107 83
107 115
107 116
107 117
107 89
107 93
108 105
108 83
108 107
109 89
109 83
109 107
110 104
110 107
110 111
110 112
110 113
110 117
110 118
110 89
111 89
111 107
111 110
112 89
112 110
112 113
113 1120
113 1124
113 104
113 1133
113 110
113 1134
113 112
113 1139
113 118
113 89
113 1117
113 1118
114 80
114 105
114 93
115 105
115 107
115 93
116 104
116 107
116 93
117 104
117 107
117 110
118 104
118 113
118 110
119 353
119 354
119 164
119 168
119 169
119 171
119 172
119 173
119 174
119 120
119 121
119 122
119 123
119 124
120 354
120 164
120 119
120 121
120 122
120 412
120 413
120 414
121 120
121 122
121 119
122 414
122 440
122 202
122 206
122 244
122 245
122 412
122 119
122 120
122 121
122 123
122 124
122 125
122 126
123 128
123 172
123 174
123 175
123 176
123 177
123 119
123 122
123 124
123 125
123 126
123 127
124 122
124 123
124 119
125 122
125 123
125 126
126 128
126 129
126 130
126 206
126 210
126 370
126 245
126 246
126 247
126 248
126 122
126 123
126 125
126 127
127 128
127 129
127 130
127 131
127 132
127 365
127 175
127 177
127 178
127 179
127 180
127 181
127 123
127 126
128 123
128 126
128 127
129 130
129 126
129 127
130 129
130 131
130 132
130 133
130 134
130 351
130 370
130 371
130 247
130 251
130 126
130 127
131 130
131 132
131 133
131 134
131 135
131 136
131 364
131 365
131 181
131 127
132 130
132 131
132 127
133 130
133 131
133 134
134 352
134 130
134 131
134 133
134 135
134 136
134 137
134 138
134 251
134 351
135 131
135 134
135 359
135 136
135 137
135 138
135 139
135 140
135 364
135 178
135 181
135 182
135 183
135 184
135 315
135 318
136 131
136 134
136 135
137 138
137 134
137 135
138 352
138 134
138 135
138 137
138 139
138 140
138 141
138 142
138 251
138 254
139 135
139 359
139 360
139 138
139 140
139 141
139 142
139 143
139 144
139 315
140 138
140 139
140 135
141 138
141 139
141 142
142 138
142 139
142 141
142 143
142 144
142 145
142 146
142 276
142 250
142 251
142 253
142 254
143 360
143 139
143 142
143 144
143 145
143 146
143 147
143 148
143 310
143 314
143 315
143 316
144 139
144 142
144 143
145 146
145 142
145 143
146 142
146 143
146 272
146 145
146 274
146 147
146 148
146 149
146 150
146 275
146 276
146 250
147 314
147 143
147 146
147 148
147 149
147 150
147 151
147 152
147 309
147 310
147 311
147 190
148 146
148 147
148 143
149 146
149 147
149 150
150 269
150 271
150 272
150 273
150 146
150 147
150 274
150 149
150 151
150 152
150 153
150 154
151 193
151 194
151 195
151 196
151 147
151 309
151 150
151 152
151 153
151 154
151 155
151 156
151 190
151 191
152 147
152 150
152 151
153 154
153 150
153 151
154 268
154 269
154 270
154 271
154 222
154 150
154 151
154 153
154 155
154 156
154 157
154 158
155 160
155 194
155 196
155 197
155 198
155 199
155 151
155 154
155 156
155 157
155 158
155 159
156 154
156 155
156 151
157 154
157 155
157 158
158 160
158 457
158 268
158 470
158 471
158 472
158 473
158 154
158 155
158 157
158 222
158 159
159 160
159 197
159 199
159 200
159 201
159 457
159 460
159 461
159 462
159 470
159 155
159 158
160 155
160 158
160 159
161 256
161 191
161 162
161 163
161 164
161 165
161 166
161 257
161 384
161 387
161 391
161 255
162 384
162 161
162 386
162 163
162 164
162 387
162 420
162 419
162 421
162 411
162 412
162 383
163 161
163 162
163 164
164 161
164 162
164 163
164 353
164 165
164 166
164 167
164 168
164 354
164 119
164 120
164 411
164 412
164 413
165 192
165 161
165 255
165 164
165 166
165 167
165 168
165 169
165 170
165 187
165 188
165 189
165 190
165 191
166 161
166 164
166 165
167 168
167 164
167 165
168 353
168 164
168 165
168 167
168 169
168 170
168 171
168 119
169 165
169 357
169 168
169 170
169 171
169 172
169 173
169 178
169 119
169 184
169 185
169 186
169 187
169 188
170 168
170 169
170 165
171 168
171 169
171 119
172 357
172 358
172 169
172 173
172 174
172 175
172 176
172 178
172 119
172 123
173 169
173 172
173 119
174 123
174 172
174 119
175 358
175 172
175 176
175 177
175 178
175 179
175 123
175 127
176 123
176 172
176 175
177 123
177 127
177 175
178 357
178 358
178 135
178 169
178 172
178 175
178 179
178 180
178 181
178 182
178 183
178 184
178 185
178 127
179 178
179 127
179 175
180 178
180 181
180 127
181 131
181 135
181 364
181 365
181 178
181 180
181 182
181 127
182 178
182 181
182 135
183 184
183 178
183 135
184 135
184 313
184 169
184 315
184 178
184 310
184 183
184 185
184 186
184 187
184 317
184 318
185 184
185 169
185 178
186 184
186 169
186 187
187 312
187 165
187 169
187 310
187 184
187 313
187 186
187 188
187 189
187 190
188 169
188 187
188 165
189 187
189 165
189 190
190 192
190 193
190 165
190 311
190 147
190 309
190 310
190 151
190 312
190 187
190 189
190 191
191 192
191 193
191 194
191 195
191 161
191 165
191 257
191 256
191 258
191 259
191 277
191 151
191 190
191 255
192 165
192 190
192 191
193 151
193 190
193 191
194 195
194 196
194 197
194 198
194 259
194 277
194 278
194 151
194 280
194 155
194 279
194 191
195 151
195 194
195 191
196 194
196 155
196 151
197 225
197 194
197 198
197 199
197 200
197 201
197 278
197 280
197 281
197 282
197 155
197 159
198 194
198 155
198 197
199 155
199 197
199 159
200 225
200 197
200 201
200 460
200 462
200 282
200 509
200 159
201 200
201 197
201 159
202 419
202 422
202 423
202 203
202 204
202 205
202 206
202 207
202 244
202 440
202 122
202 412
203 419
203 423
203 424
203 202
203 204
203 205
203 401
203 402
203 403
203 404
204 202
204 203
204 205
205 320
205 202
205 203
205 204
205 206
205 207
205 208
205 209
205 403
205 404
205 405
205 406
206 202
206 205
206 207
206 208
206 209
206 210
206 211
206 244
206 245
206 246
206 122
206 126
207 202
207 205
207 206
208 209
208 205
208 206
209 320
209 205
209 206
209 208
209 210
209 211
209 212
209 213
209 341
209 342
209 406
209 319
210 248
210 206
210 272
210 209
210 211
210 212
210 213
210 214
210 215
210 246
210 249
210 250
210 247
210 374
210 126
210 375
211 209
211 210
211 206
212 209
212 210
212 213
213 294
213 332
213 209
213 210
213 212
213 214
213 215
213 216
213 217
213 342
213 343
213 319
214 272
214 210
214 379
214 213
214 215
214 216
214 217
214 218
214 219
214 375
215 210
215 213
215 214
216 217
216 213
216 214
217 294
217 332
217 333
217 334
217 378
217 213
217 214
217 216
217 218
217 219
217 220
217 221
218 269
218 366
218 367
218 272
218 379
218 214
218 217
218 219
218 220
218 221
218 222
218 223
219 217
219 218
219 214
220 217
220 218
220 221
221 334
221 378
221 463
221 464
221 465
221 474
221 284
221 217
221 218
221 476
221 220
221 477
221 222
221 223
222 154
222 268
222 269
222 270
222 366
222 474
222 471
222 473
222 218
222 475
222 476
222 221
222 158
222 223
223 218
223 221
223 222
224 356
224 225
224 226
224 227
224 228
224 229
224 259
224 262
224 260
224 264
224 263
224 265
224 266
224 232
224 305
224 306
224 278
224 355
225 224
225 226
225 227
225 356
225 197
225 486
225 200
225 460
225 278
225 281
225 282
225 509
226 224
226 225
226 227
227 224
227 225
227 226
227 228
227 229
227 230
227 231
227 485
227 486
227 460
228 224
228 227
228 229
228 230
228 231
228 232
228 233
228 305
229 224
229 227
229 228
230 227
230 228
230 231
231 227
231 228
231 483
231 230
231 484
231 232
231 233
231 234
231 235
231 456
231 460
231 485
231 336
231 337
231 338
231 339
232 224
232 228
232 231
232 233
232 234
232 235
232 236
232 237
232 266
232 305
232 306
232 307
233 232
233 228
233 231
234 232
234 235
234 231
235 231
235 232
235 234
235 236
235 237
235 238
235 239
235 338
235 339
235 340
236 232
236 266
236 235
236 237
236 238
236 239
236 240
236 241
236 307
236 308
237 232
237 235
237 236
238 235
238 236
238 239
239 545
239 514
239 515
239 235
239 236
239 238
239 240
239 241
239 242
239 243
239 338
239 340
240 388
240 263
240 328
240 329
240 266
240 267
240 236
240 330
240 331
240 239
240 361
240 241
240 242
240 243
240 308
240 380
241 240
241 236
241 239
242 240
242 243
242 239
243 544
243 545
243 514
243 546
243 326
243 327
243 328
243 329
243 239
243 240
243 242
243 532
244 202
244 122
244 206
245 122
245 206
245 126
246 210
246 206
246 126
247 130
247 210
247 370
247 371
247 248
247 249
247 250
247 251
247 252
247 126
248 210
248 126
248 247
249 210
249 250
249 247
250 142
250 272
250 210
250 275
250 146
250 276
250 374
250 247
250 249
250 251
250 252
250 253
251 352
251 130
251 134
251 138
251 142
251 371
251 247
251 250
251 252
251 253
251 254
251 351
252 250
252 251
252 247
253 250
253 251
253 142
254 138
254 251
254 142
255 161
255 165
255 191
256 384
256 161
256 258
256 259
256 257
256 260
256 261
256 389
256 390
256 361
256 362
256 331
256 391
256 191
257 256
257 161
257 191
258 256
258 259
258 191
259 256
259 224
259 258
259 194
259 260
259 261
259 262
259 355
259 277
259 278
259 279
259 191
260 256
260 224
260 259
260 261
260 262
260 263
260 264
260 361
260 362
260 363
261 256
261 259
261 260
262 224
262 259
262 260
263 224
263 260
263 264
263 265
263 266
263 267
263 361
263 363
263 240
263 380
264 224
264 260
264 263
265 224
265 266
265 263
266 224
266 263
266 232
266 265
266 267
266 236
266 240
266 306
266 307
266 308
267 240
267 266
267 263
268 154
268 158
268 222
269 218
269 270
269 271
269 272
269 273
269 366
269 367
269 150
269 154
269 222
270 154
270 269
270 222
271 154
271 269
271 150
272 218
272 269
272 367
272 273
272 274
272 146
272 275
272 210
272 150
272 374
272 214
272 250
272 379
272 375
273 272
273 269
273 150
274 272
274 146
274 150
275 272
275 250
275 146
276 250
276 142
276 146
277 194
277 259
277 191
278 224
278 225
278 194
278 259
278 355
278 197
278 356
278 279
278 280
278 281
279 194
279 259
279 278
280 194
280 197
280 278
281 225
281 197
281 278
282 200
282 225
282 197
283 288
283 295
283 296
283 464
283 466
283 467
283 468
283 441
283 284
283 285
283 286
283 287
284 294
284 334
284 335
284 463
284 369
284 465
284 464
284 466
284 221
284 283
284 285
284 286
285 283
285 284
285 286
286 288
286 289
286 290
286 294
286 368
286 369
286 283
286 284
286 285
286 287
287 288
287 289
287 290
287 291
287 292
287 295
287 296
287 297
287 298
287 299
287 300
287 373
287 283
287 286
288 283
288 286
288 287
289 290
289 286
289 287
290 289
290 291
290 292
290 293
290 294
290 368
290 286
290 287
291 290
291 322
291 292
291 293
291 294
291 324
291 325
291 300
291 304
291 372
291 373
291 287
292 290
292 291
292 287
293 290
293 291
293 294
294 322
294 290
294 291
294 325
294 293
294 332
294 333
294 334
294 335
294 368
294 369
294 213
294 343
294 217
294 284
294 381
294 286
294 319
295 296
295 297
295 298
295 527
295 528
295 468
295 469
295 441
295 442
295 283
295 860
295 287
296 283
296 287
296 295
297 295
297 298
297 299
297 300
297 301
297 302
297 527
297 860
297 861
297 287
298 297
298 287
298 295
299 297
299 300
299 287
300 291
300 297
300 299
300 301
300 302
300 303
300 304
300 372
300 373
300 287
301 864
301 865
301 866
301 773
301 297
301 425
301 300
301 302
301 303
301 304
301 527
301 852
301 538
301 861
301 862
301 863
302 297
302 300
302 301
303 304
303 300
303 301
304 320
304 321
304 322
304 323
304 324
304 291
304 425
304 426
304 427
304 300
304 301
304 303
304 403
304 372
304 862
304 319
305 224
305 232
305 228
306 224
306 232
306 266
307 232
307 266
307 236
308 240
308 266
308 236
309 147
309 190
309 151
310 143
310 315
310 147
310 184
310 311
310 312
310 313
310 314
310 187
310 316
310 317
310 190
311 147
311 190
311 310
312 187
312 190
312 310
313 184
313 187
313 310
314 147
314 310
314 143
315 135
315 359
315 360
315 139
315 143
315 310
315 184
315 316
315 317
315 318
316 315
316 310
316 143
317 184
317 315
317 310
318 184
318 315
318 135
319 320
319 321
319 322
319 323
319 294
319 304
319 209
319 341
319 342
319 213
319 381
319 343
320 321
320 427
320 205
320 304
320 209
320 403
320 341
320 405
320 406
320 319
321 320
321 304
321 319
322 291
322 323
322 324
322 294
322 325
322 304
322 381
322 319
323 304
323 322
323 319
324 304
324 322
324 291
325 322
325 291
325 294
326 544
326 548
326 549
326 550
326 327
326 328
326 551
326 530
326 243
326 532
326 348
326 543
327 328
327 243
327 326
328 548
328 326
328 327
328 329
328 330
328 331
328 240
328 243
328 376
328 347
328 348
328 350
329 240
329 328
329 243
330 240
330 331
330 328
331 384
331 385
331 256
331 388
331 389
331 390
331 328
331 377
331 330
331 361
331 240
331 376
331 345
331 347
331 382
331 383
332 217
332 213
332 294
333 217
333 294
333 334
334 294
334 333
334 335
334 463
334 217
334 378
334 284
334 221
335 294
335 284
335 334
336 512
336 483
336 231
336 456
336 496
336 337
336 338
336 499
336 510
336 511
337 336
337 338
337 231
338 512
338 513
338 514
338 515
338 231
338 235
338 239
338 336
338 337
338 339
338 340
338 511
339 338
339 235
339 231
340 338
340 235
340 239
341 320
341 209
341 319
342 209
342 213
342 319
343 213
343 294
343 319
344 419
344 825
344 826
344 433
344 434
344 435
344 697
344 633
344 694
344 822
344 698
344 345
344 346
344 347
344 348
344 349
345 418
345 419
345 331
345 433
345 344
345 377
345 346
345 347
345 382
345 383
346 344
346 345
346 347
347 376
347 328
347 377
347 331
347 344
347 345
347 346
347 348
347 349
347 350
348 827
348 548
348 549
348 326
348 550
348 328
348 822
348 344
348 826
348 347
348 349
348 350
349 344
349 347
349 348
350 328
350 347
350 348
351 130
351 251
351 134
352 138
352 251
352 134
353 168
353 164
353 119
354 120
354 164
354 119
355 224
355 259
355 278
356 224
356 225
356 278
357 169
357 178
357 172
358 178
358 172
358 175
359 315
359 139
359 135
360 315
360 139
360 143
361 256
361 260
361 388
361 389
361 263
361 362
361 363
361 331
361 240
361 380
362 256
362 361
362 260
363 361
363 260
363 263
364 131
364 181
364 135
365 131
365 181
365 127
366 218
366 269
366 222
367 272
367 218
367 269
368 290
368 294
368 286
369 284
369 294
369 286
370 130
370 126
370 247
371 130
371 251
371 247
372 304
372 291
372 300
373 291
373 300
373 287
374 272
374 210
374 250
375 272
375 210
375 214
376 328
376 347
376 331
377 345
377 347
377 331
378 217
378 221
378 334
379 272
379 218
379 214
380 240
380 361
380 263
381 322
381 294
381 319
382 345
382 331
382 383
383 384
383 385
383 386
383 162
383 418
383 419
383 420
383 331
383 345
383 382
384 256
384 385
384 162
384 386
384 161
384 387
384 390
384 391
384 331
384 383
385 384
385 331
385 383
386 384
386 162
386 383
387 384
387 161
387 162
388 240
388 361
388 331
389 256
389 361
389 331
390 256
390 331
390 384
391 256
391 161
391 384
392 32
392 393
392 394
392 23
392 407
392 408
392 409
392 410
392 25
393 392
393 394
393 23
394 392
394 393
394 395
394 396
394 397
394 398
394 23
395 416
395 9
395 394
395 396
395 397
395 398
395 399
395 400
395 23
395 415
396 394
396 395
396 23
397 394
397 395
397 398
398 1
398 394
398 395
398 428
398 397
398 429
398 399
398 400
398 430
399 9
399 395
399 428
399 429
399 398
399 431
399 400
399 415
400 395
400 398
400 399
401 419
401 838
401 424
401 840
401 203
401 844
401 402
401 403
401 437
401 438
402 401
402 203
402 403
403 320
403 838
403 425
403 426
403 203
403 427
403 205
403 844
403 845
403 304
403 401
403 402
403 404
403 405
404 203
404 403
404 205
405 320
405 403
405 205
406 320
406 209
406 205
407 32
407 392
407 842
407 843
407 408
408 32
408 392
408 407
409 32
409 25
409 392
410 392
410 25
410 23
411 412
411 162
411 164
412 162
412 419
412 164
412 421
412 422
412 440
412 202
412 120
412 122
412 411
412 413
412 414
413 120
413 412
413 164
414 120
414 122
414 412
415 9
415 395
415 399
416 9
416 395
416 23
417 9
417 19
417 23
418 345
418 419
418 383
419 162
419 418
419 420
419 421
419 422
419 423
419 424
419 202
419 203
419 401
419 433
419 434
419 435
419 436
419 437
419 438
419 344
419 345
419 412
419 383
420 162
420 419
420 383
421 162
421 419
421 412
422 202
422 419
422 412
423 202
423 419
423 203
424 401
424 203
424 419
425 837
425 838
425 426
425 845
425 301
425 304
425 403
425 852
425 853
425 855
425 856
425 829
425 862
425 863
426 304
426 425
426 403
427 320
427 304
427 403
428 0
428 1
428 9
428 429
428 430
428 398
428 399
428 431
428 432
428 439
429 428
429 398
429 399
430 1
430 428
430 398
431 9
431 428
431 399
432 0
432 9
432 428
433 344
433 345
433 419
434 640
434 419
434 679
434 688
434 689
434 435
434 436
434 437
434 698
434 344
434 610
434 611
434 614
434 618
434 621
434 622
434 623
434 624
434 625
434 626
434 627
434 628
434 629
434 633
435 344
435 434
435 419
436 434
436 419
436 437
437 419
437 677
437 678
437 679
437 839
437 838
437 840
437 846
437 401
437 434
437 689
437 436
437 438
437 829
437 830
437 831
438 401
438 419
438 437
439 0
439 1
439 428
440 202
440 412
440 122
441 295
441 464
441 283
441 474
441 467
441 468
441 469
441 500
441 501
441 442
441 443
441 444
441 445
441 446
442 480
442 295
442 525
442 526
442 527
442 528
442 529
442 84
442 469
442 441
442 443
442 444
442 478
442 479
443 441
443 442
443 444
444 448
444 480
444 481
444 482
444 79
444 84
444 441
444 442
444 443
444 445
444 446
444 447
445 448
445 449
445 450
445 503
445 501
445 502
445 471
445 441
445 474
445 444
445 446
445 447
446 441
446 444
446 445
447 448
447 444
447 445
448 449
448 450
448 451
448 452
448 482
448 90
448 487
448 488
448 492
448 79
448 507
448 506
448 91
448 444
448 445
448 447
449 448
449 450
449 451
449 452
449 453
449 454
449 503
449 457
449 471
449 504
449 505
449 445
450 448
450 449
450 445
451 448
451 449
451 452
452 448
452 449
452 451
452 453
452 454
452 455
452 456
452 496
452 497
452 498
452 506
452 90
453 449
453 452
453 454
453 455
453 456
453 457
453 458
453 504
454 449
454 452
454 453
455 456
455 452
455 453
456 483
456 452
456 453
456 484
456 455
456 231
456 457
456 458
456 459
456 460
456 336
456 496
456 498
456 499
457 449
457 453
457 456
457 504
457 458
457 459
457 460
457 461
457 470
457 471
457 472
457 505
457 158
457 159
458 456
458 457
458 453
459 456
459 457
459 460
460 225
460 227
460 484
460 485
460 486
460 231
460 456
460 457
460 200
460 459
460 461
460 462
460 509
460 159
461 457
461 460
461 159
462 200
462 460
462 159
463 284
463 221
463 334
464 477
464 465
464 466
464 467
464 500
464 441
464 474
464 283
464 284
464 221
465 464
465 284
465 221
466 464
466 283
466 284
467 464
467 441
467 283
468 441
468 283
468 295
469 441
469 442
469 295
470 457
470 158
470 159
471 449
471 503
471 457
471 505
471 475
471 502
471 472
471 473
471 474
471 158
471 445
471 222
472 457
472 158
472 471
473 222
473 158
473 471
474 477
474 464
474 500
474 501
474 502
474 471
474 441
474 475
474 476
474 221
474 222
474 445
475 474
475 222
475 471
476 474
476 221
476 222
477 464
477 474
477 221
478 986
478 771
478 777
478 1004
478 525
478 529
478 84
478 442
478 987
478 479
479 442
479 84
479 478
480 442
480 444
480 84
481 444
481 79
481 84
482 448
482 444
482 79
483 456
483 336
483 231
484 456
484 460
484 231
485 227
485 460
485 231
486 225
486 227
486 460
487 448
487 488
487 489
487 490
487 492
487 493
487 79
487 91
488 448
488 79
488 487
489 487
489 490
489 491
489 77
489 493
489 79
489 91
489 508
490 489
490 79
490 487
491 489
491 77
491 79
492 448
492 91
492 487
493 489
493 91
493 487
494 516
494 517
494 518
494 519
494 520
494 521
494 1001
494 969
494 1002
494 965
494 1005
494 495
494 496
494 1006
494 90
494 94
495 496
495 90
495 494
496 452
496 516
496 517
496 456
496 522
496 494
496 495
496 336
496 497
496 498
496 499
496 90
496 510
496 511
497 496
497 90
497 452
498 456
498 496
498 452
499 336
499 496
499 456
500 464
500 441
500 474
501 441
501 474
501 445
502 474
502 445
502 471
503 449
503 445
503 471
504 449
504 457
504 453
505 449
505 457
505 471
506 448
506 90
506 452
507 448
507 90
507 91
508 489
508 91
508 77
509 200
509 225
509 460
510 336
510 496
510 511
511 512
511 513
511 514
511 516
511 522
511 523
511 496
511 336
511 338
511 510
512 336
512 338
512 511
513 338
513 514
513 511
514 513
514 545
514 515
514 516
514 546
514 518
514 547
514 523
514 524
514 239
514 338
514 243
514 532
514 511
515 338
515 514
515 239
516 514
516 517
516 518
516 519
516 522
516 523
516 524
516 494
516 496
516 511
517 496
517 516
517 494
518 514
518 547
518 516
518 36
518 519
518 520
518 521
518 524
518 494
518 532
518 534
518 535
518 536
518 59
519 516
519 518
519 494
520 521
520 518
520 494
521 995
521 36
521 518
521 999
521 520
521 1000
521 969
521 1001
521 494
521 535
522 496
522 516
522 511
523 514
523 516
523 511
524 514
524 516
524 518
525 768
525 771
525 776
525 777
525 779
525 526
525 527
525 529
525 442
525 478
526 442
526 525
526 527
527 768
527 866
527 773
527 295
527 297
527 778
527 779
527 525
527 526
527 301
527 528
527 442
527 860
527 861
528 442
528 527
528 295
529 442
529 525
529 478
530 549
530 326
530 551
530 552
530 553
530 567
530 531
530 532
530 55
530 543
531 530
531 532
531 55
532 544
532 546
532 514
532 547
532 518
532 326
532 530
532 531
532 243
532 533
532 534
532 55
532 59
532 543
533 59
533 532
533 55
534 59
534 532
534 518
535 521
535 36
535 518
536 59
536 36
536 518
537 768
537 769
537 770
537 800
537 773
537 774
537 775
537 789
537 790
537 791
537 792
537 538
537 539
537 540
537 541
537 542
538 864
538 865
538 773
538 774
538 301
538 851
538 852
538 537
538 539
538 540
539 537
539 538
539 540
540 859
540 562
540 563
540 851
540 565
540 566
540 852
540 853
540 537
540 538
540 539
540 854
540 541
540 542
541 562
541 787
541 786
541 788
541 566
541 789
541 790
541 537
541 540
541 542
542 537
542 540
542 541
543 530
543 532
543 326
544 243
544 532
544 326
545 514
545 243
545 239
546 514
546 243
546 532
547 514
547 532
547 518
548 328
548 348
548 326
549 675
549 326
549 550
549 551
549 552
549 553
549 554
549 555
549 806
549 530
549 821
549 822
549 823
549 827
549 348
549 670
550 348
550 549
550 326
551 530
551 549
551 326
552 549
552 567
552 553
552 554
552 555
552 556
552 557
552 558
552 530
552 55
553 552
553 530
553 549
554 549
554 806
554 807
554 552
554 808
554 809
554 555
554 556
554 557
554 781
554 819
554 670
555 552
555 554
555 549
556 552
556 554
556 780
556 557
556 558
556 781
556 782
556 51
556 819
556 55
557 552
557 554
557 556
558 552
558 556
558 55
559 832
559 833
559 834
559 835
559 811
559 812
559 560
559 561
559 562
559 563
559 564
559 853
559 857
559 858
559 829
559 831
560 807
560 811
560 812
560 813
560 814
560 559
560 561
560 562
560 817
560 818
561 560
561 562
561 559
562 71
562 807
562 810
562 781
562 559
562 560
562 561
562 784
562 563
562 564
562 565
562 566
562 785
562 786
562 787
562 817
562 540
562 541
563 559
563 562
563 564
563 565
563 853
563 858
563 859
563 540
564 562
564 563
564 559
565 562
565 563
565 540
566 562
566 540
566 541
567 552
567 530
567 55
568 569
568 570
568 571
568 572
568 573
569 577
569 582
569 568
569 570
569 571
570 568
570 569
570 571
571 576
571 577
571 582
571 583
571 584
571 585
571 586
571 568
571 569
571 570
571 572
571 573
571 574
571 575
572 606
572 607
572 598
572 568
572 571
572 604
572 573
572 574
572 575
573 568
573 571
573 572
574 571
574 572
574 575
575 585
575 586
575 598
575 599
575 571
575 572
575 574
575 607
576 577
576 578
576 579
576 580
576 581
576 583
576 584
576 585
576 587
576 571
577 576
577 578
577 579
577 582
577 583
577 569
577 571
578 576
578 577
578 579
579 576
579 577
579 578
579 580
579 581
580 576
580 579
580 581
581 576
581 579
581 580
581 585
581 587
581 600
581 602
582 577
582 569
582 571
583 576
583 577
583 571
584 576
584 585
584 571
585 576
585 581
585 584
585 586
585 587
585 598
585 599
585 600
585 601
585 602
585 571
585 575
586 585
586 571
586 575
587 576
587 585
587 581
588 589
588 590
588 591
588 592
588 593
588 598
588 603
588 604
588 605
589 608
589 609
589 588
589 590
589 591
589 598
589 600
589 603
590 588
590 589
590 591
591 608
591 588
591 589
591 590
591 652
591 592
591 593
591 594
591 595
591 660
591 661
591 658
591 662
591 600
592 588
592 591
592 593
592 594
592 595
592 596
592 597
593 592
593 588
593 591
594 592
594 595
594 591
595 642
595 645
595 646
595 647
595 651
595 652
595 591
595 592
595 656
595 594
595 657
595 596
595 597
595 660
596 645
596 647
596 592
596 595
596 597
597 592
597 595
597 596
598 609
598 585
598 588
598 589
598 607
598 572
598 599
598 600
598 601
598 603
598 604
598 605
598 606
598 575
599 585
599 598
599 575
600 608
600 609
600 581
600 585
600 589
600 591
600 658
600 598
600 662
600 601
600 602
601 600
601 585
601 598
602 600
602 585
602 581
603 588
603 589
603 598
604 588
604 598
604 572
604 605
604 606
605 604
605 598
605 588
606 604
606 598
606 572
607 572
607 598
607 575
608 600
608 589
608 591
609 600
609 589
609 598
610 611
610 612
610 613
610 614
610 615
610 434
610 628
610 629
611 640
611 610
611 612
611 613
611 434
611 629
611 633
611 634
611 635
611 636
612 610
612 611
612 613
613 610
613 611
613 612
613 614
613 615
613 616
613 617
613 691
613 692
613 693
613 663
613 664
613 635
613 636
613 637
613 638
614 610
614 613
614 615
614 616
614 617
614 618
614 619
614 434
614 627
614 628
615 610
615 613
615 614
616 617
616 613
616 614
617 641
617 613
617 614
617 616
617 618
617 619
617 620
617 621
617 630
617 637
617 638
617 639
618 614
618 617
618 619
618 620
618 621
618 434
618 626
618 627
619 617
619 618
619 614
620 617
620 618
620 621
621 641
621 617
621 618
621 620
621 622
621 625
621 434
621 626
621 630
621 632
622 621
622 623
622 624
622 625
622 434
622 630
622 631
622 632
623 679
623 680
623 682
623 683
623 622
623 624
623 688
623 434
623 630
623 631
624 434
624 622
624 623
625 434
625 621
625 622
626 434
626 621
626 618
627 434
627 618
627 614
628 434
628 610
628 614
629 434
629 610
629 611
630 641
630 673
630 680
630 617
630 683
630 621
630 622
630 623
630 686
630 687
630 631
630 632
630 638
630 639
631 622
631 630
631 623
632 622
632 621
632 630
633 640
633 611
633 344
633 434
633 694
633 696
633 697
633 634
633 635
633 698
634 635
634 633
634 611
635 611
635 613
635 696
635 693
635 694
635 695
635 664
635 633
635 634
635 636
636 635
636 611
636 613
637 617
637 613
637 638
638 673
638 613
638 617
638 687
638 690
638 691
638 630
638 663
638 637
638 639
639 617
639 638
639 630
640 633
640 434
640 611
641 617
641 621
641 630
642 643
642 644
642 645
642 646
642 651
642 655
642 657
642 595
643 642
643 644
643 645
643 649
643 651
643 654
643 655
644 642
644 643
644 645
645 642
645 643
645 644
645 646
645 647
645 595
645 596
646 642
646 595
646 645
647 595
647 596
647 645
648 649
648 650
648 651
648 652
648 653
648 658
648 659
649 643
649 648
649 650
649 651
649 654
650 648
650 649
650 651
651 642
651 643
651 648
651 649
651 650
651 652
651 653
651 654
651 655
651 656
651 657
651 595
652 648
652 651
652 653
652 591
652 656
652 658
652 595
652 659
652 660
652 661
653 648
653 651
653 652
654 649
654 651
654 643
655 642
655 651
655 643
656 595
656 652
656 651
657 642
657 595
657 651
658 648
658 652
658 591
658 659
658 661
658 662
658 600
659 648
659 658
659 652
660 595
660 652
660 591
661 658
661 652
661 591
662 600
662 658
662 591
663 673
663 674
663 613
663 690
663 691
663 692
663 664
663 665
663 666
663 667
663 668
663 638
664 613
664 695
664 692
664 693
664 694
664 663
664 665
664 666
664 635
664 699
665 664
665 666
665 663
666 675
666 676
666 828
666 699
666 694
666 663
666 664
666 665
666 667
666 668
666 669
666 670
667 672
667 673
667 674
667 834
667 836
667 812
667 813
667 815
667 816
667 848
667 663
667 666
667 668
667 669
667 670
667 671
668 666
668 667
668 663
669 666
669 667
669 670
670 675
670 676
670 549
670 806
670 807
670 808
670 554
670 813
670 816
670 820
670 821
670 666
670 667
670 669
671 672
671 673
671 834
671 677
671 680
671 684
671 685
671 847
671 848
671 849
671 667
671 831
672 673
672 667
672 671
673 672
673 674
673 680
673 685
673 686
673 687
673 690
673 630
673 663
673 667
673 638
673 671
674 673
674 667
674 663
675 676
675 549
675 821
675 822
675 823
675 824
675 694
675 666
675 828
675 670
676 666
676 675
676 670
677 678
677 679
677 680
677 681
677 684
677 846
677 847
677 437
677 831
677 671
678 679
678 677
678 437
679 677
679 678
679 680
679 681
679 682
679 623
679 688
679 689
679 434
679 437
680 673
680 677
680 679
680 681
680 682
680 683
680 684
680 685
680 686
680 623
680 630
680 671
681 680
681 677
681 679
682 680
682 623
682 679
683 680
683 630
683 623
684 680
684 677
684 671
685 680
685 673
685 671
686 680
686 673
686 630
687 673
687 630
687 638
688 679
688 434
688 623
689 434
689 437
689 679
690 673
690 638
690 663
691 613
691 638
691 663
692 664
692 613
692 663
693 664
693 635
693 613
694 344
694 675
694 696
694 824
694 697
694 825
694 822
694 695
694 664
694 633
694 666
694 635
694 828
694 699
695 664
695 635
695 694
696 633
696 635
696 694
697 344
697 633
697 694
698 344
698 633
698 434
699 664
699 666
699 694
700 704
700 804
700 805
700 71
700 715
700 722
700 786
700 793
700 956
700 701
700 702
700 703
701 700
701 702
701 71
702 704
702 705
702 706
702 71
702 711
702 718
702 724
702 700
702 701
702 703
703 704
703 705
703 706
703 707
703 708
703 709
703 712
703 715
703 719
703 720
703 721
703 722
703 700
703 702
704 700
704 702
704 703
705 706
705 702
705 703
706 705
706 707
706 708
706 711
706 723
706 724
706 702
706 703
707 706
707 708
707 709
707 710
707 711
707 719
707 723
707 703
708 706
708 707
708 703
709 707
709 710
709 711
709 712
709 713
709 719
709 720
709 703
710 707
710 709
710 711
711 706
711 707
711 709
711 710
711 69
711 712
711 713
711 714
711 715
711 716
711 717
711 71
711 718
711 723
711 724
711 702
712 709
712 711
712 713
712 714
712 715
712 720
712 721
712 703
713 712
713 709
713 711
714 712
714 715
714 711
715 960
715 69
715 711
715 712
715 714
715 956
715 716
715 1100
715 985
715 1101
715 1102
715 721
715 722
715 1077
715 959
715 793
715 700
715 957
715 958
715 703
716 715
716 69
716 711
717 711
717 69
717 71
718 711
718 702
718 71
719 707
719 709
719 703
720 712
720 709
720 703
721 712
721 715
721 703
722 715
722 700
722 703
723 706
723 707
723 711
724 706
724 702
724 711
725 739
725 740
725 741
725 742
725 743
725 744
725 726
725 727
725 728
725 729
725 730
725 758
726 740
726 759
726 760
726 756
726 757
726 725
726 727
726 728
726 758
726 761
727 728
727 725
727 726
728 736
728 867
728 764
728 747
728 910
728 911
728 760
728 725
728 726
728 727
728 761
728 729
728 730
728 731
728 732
728 765
729 742
729 744
729 745
729 746
729 766
729 725
729 728
729 730
729 731
729 732
729 733
729 734
730 728
730 729
730 725
731 728
731 729
731 732
732 736
732 728
732 729
732 731
732 764
732 733
732 734
732 735
733 736
733 737
733 738
733 745
733 766
733 751
733 729
733 762
733 763
733 732
733 734
733 735
734 729
734 732
734 733
735 736
735 732
735 733
736 737
736 738
736 764
736 742
736 765
736 747
736 749
736 750
736 728
736 732
736 733
736 735
737 736
737 738
737 742
737 750
737 751
737 753
737 755
737 762
737 733
737 767
738 736
738 737
738 733
739 740
739 741
739 742
739 743
739 906
739 747
739 748
739 725
740 739
740 867
740 741
740 868
740 869
740 870
740 871
740 899
740 906
740 747
740 907
740 756
740 725
740 757
740 726
740 758
741 739
741 740
741 725
742 736
742 737
742 739
742 743
742 744
742 745
742 746
742 747
742 748
742 749
742 750
742 753
742 754
742 755
742 725
742 729
743 739
743 725
743 742
744 729
744 725
744 742
745 742
745 746
745 751
745 752
745 753
745 754
745 729
745 763
745 733
745 766
746 745
746 729
746 742
747 736
747 739
747 740
747 867
747 742
747 906
747 907
747 748
747 749
747 910
747 728
747 765
748 747
748 742
748 739
749 736
749 747
749 742
750 736
750 737
750 742
751 737
751 745
751 752
751 753
751 762
751 763
751 733
751 767
752 745
752 753
752 751
753 737
753 742
753 745
753 751
753 752
753 754
753 755
753 767
754 745
754 753
754 742
755 753
755 737
755 742
756 899
756 740
756 900
756 870
756 878
756 879
756 757
756 726
756 759
756 760
756 891
756 892
757 740
757 756
757 726
758 740
758 725
758 726
759 760
759 756
759 726
760 867
760 878
760 911
760 756
760 888
760 726
760 759
760 728
760 761
760 890
760 891
760 889
761 728
761 760
761 726
762 737
762 733
762 751
763 745
763 733
763 751
764 736
764 732
764 728
765 736
765 747
765 728
766 729
766 745
766 733
767 753
767 737
767 751
768 769
768 770
768 771
768 772
768 773
768 775
768 776
768 778
768 779
768 525
768 527
768 537
769 768
769 537
769 770
770 768
770 769
770 800
770 771
770 772
770 801
770 802
770 955
770 962
770 940
770 945
770 978
770 948
770 949
770 952
770 951
770 792
770 537
770 954
770 795
771 768
771 986
771 770
771 772
771 776
771 777
771 525
771 978
771 979
771 980
771 990
771 954
771 987
771 988
771 989
771 478
772 768
772 770
772 771
773 768
773 865
773 866
773 774
773 775
773 778
773 301
773 527
773 537
773 538
774 537
774 538
774 773
775 768
775 537
775 773
776 768
776 771
776 525
777 771
777 525
777 478
778 768
778 773
778 527
779 768
779 525
779 527
780 51
780 556
780 55
781 71
781 807
781 809
781 554
781 810
781 556
781 782
781 783
781 784
781 562
781 51
781 819
782 51
782 556
782 781
783 51
783 781
783 71
784 562
784 781
784 71
785 562
785 786
785 71
786 700
786 804
786 805
786 71
786 785
786 562
786 787
786 788
786 789
786 793
786 794
786 795
786 796
786 541
787 562
787 786
787 541
788 786
788 789
788 541
789 797
789 786
789 788
789 790
789 791
789 792
789 537
789 795
789 796
789 541
789 798
789 799
790 537
790 789
790 541
791 792
791 537
791 789
792 800
792 801
792 770
792 802
792 803
792 789
792 791
792 537
792 798
792 799
793 954
793 805
793 956
793 715
793 786
793 1010
793 953
793 794
793 795
793 700
793 957
793 958
794 793
794 786
794 795
795 954
795 770
795 955
795 939
795 940
795 786
795 789
795 952
795 793
795 794
795 953
795 796
795 797
795 798
796 786
796 795
796 789
797 795
797 789
797 798
798 801
798 803
798 963
798 964
798 939
798 940
798 941
798 942
798 945
798 789
798 792
798 795
798 797
798 799
799 792
799 789
799 798
800 792
800 537
800 770
801 770
801 803
801 802
801 962
801 963
801 945
801 792
801 798
802 792
802 801
802 770
803 792
803 801
803 798
804 786
804 700
804 71
805 793
805 786
805 700
806 554
806 549
806 670
807 808
807 809
807 554
807 810
807 781
807 813
807 560
807 817
807 562
807 818
807 820
807 670
808 554
808 670
808 807
809 554
809 781
809 807
810 562
810 781
810 807
811 560
811 812
811 559
812 834
812 835
812 836
812 811
812 813
812 814
812 559
812 560
812 815
812 667
813 807
813 812
813 814
813 815
813 560
813 816
813 818
813 820
813 667
813 670
814 560
814 812
814 813
815 667
815 812
815 813
816 667
816 813
816 670
817 560
817 562
817 807
818 560
818 813
818 807
819 554
819 556
819 781
820 813
820 670
820 807
821 675
821 549
821 670
822 675
822 344
822 549
822 694
822 823
822 824
822 825
822 826
822 827
822 348
823 675
823 549
823 822
824 675
824 694
824 822
825 344
825 694
825 822
826 344
826 348
826 822
827 348
827 549
827 822
828 666
828 675
828 694
829 832
829 837
829 838
829 839
829 425
829 559
829 437
829 853
829 856
829 857
829 830
829 831
830 831
830 829
830 437
831 832
831 833
831 834
831 677
831 846
831 559
831 847
831 849
831 437
831 829
831 830
831 671
832 831
832 829
832 559
833 834
833 831
833 559
834 833
834 835
834 836
834 812
834 559
834 848
834 671
834 849
834 667
834 831
835 834
835 812
835 559
836 834
836 667
836 812
837 425
837 829
837 838
838 837
838 839
838 840
838 425
838 844
838 845
838 401
838 403
838 437
838 829
839 829
839 437
839 838
840 401
840 437
840 838
841 32
841 842
841 20
842 32
842 841
842 843
842 850
842 19
842 20
842 407
843 32
843 842
843 407
844 401
844 403
844 838
845 425
845 403
845 838
846 677
846 437
846 831
847 677
847 831
847 671
848 834
848 667
848 671
849 671
849 834
849 831
850 842
850 19
850 20
851 538
851 540
851 852
852 864
852 425
852 301
852 851
852 853
852 854
852 855
852 538
852 540
852 863
853 425
853 559
853 563
853 852
853 854
853 855
853 856
853 857
853 858
853 859
853 540
853 829
854 540
854 853
854 852
855 425
855 852
855 853
856 425
856 853
856 829
857 829
857 853
857 559
858 563
858 853
858 559
859 563
859 540
859 853
860 297
860 295
860 527
861 297
861 301
861 527
862 304
862 425
862 301
863 425
863 852
863 301
864 538
864 852
864 301
865 538
865 301
865 773
866 773
866 301
866 527
867 1219
867 868
867 740
867 869
867 1220
867 907
867 747
867 1165
867 910
867 728
867 760
867 911
867 1166
867 1167
867 1168
867 1174
867 888
867 889
868 867
868 740
868 869
869 867
869 868
869 740
869 870
869 871
869 872
869 873
869 1219
869 908
869 1169
869 1170
869 1171
869 1172
869 1173
869 1174
869 894
870 899
870 740
870 869
870 900
870 871
870 872
870 873
870 874
870 875
870 901
870 879
870 756
871 740
871 869
871 870
872 873
872 869
872 870
873 897
873 869
873 870
873 902
873 872
873 904
873 874
873 875
873 876
873 877
873 903
873 905
873 908
873 909
873 887
873 894
874 901
874 870
874 873
874 875
874 876
874 877
874 878
874 879
874 880
874 881
874 882
874 883
875 873
875 874
875 870
876 873
876 874
876 877
877 902
877 873
877 874
877 876
877 881
877 883
877 884
877 885
877 886
877 887
878 874
878 879
878 880
878 881
878 882
878 760
878 756
878 888
878 890
878 891
878 892
878 893
879 900
879 901
879 870
879 874
879 878
879 880
879 756
879 892
880 874
880 878
880 879
881 896
881 874
881 877
881 878
881 882
881 883
881 884
881 885
881 888
881 893
881 894
881 895
882 881
882 874
882 878
883 881
883 874
883 877
884 896
884 897
884 898
884 938
884 877
884 919
884 881
884 885
884 886
884 887
884 921
884 894
885 881
885 884
885 877
886 884
886 877
886 887
887 902
887 903
887 904
887 873
887 877
887 884
887 916
887 886
887 919
887 920
887 921
887 922
888 1215
888 867
888 1159
888 1162
888 1163
888 1164
888 1165
888 878
888 1166
888 881
888 760
888 889
888 890
888 893
888 894
888 895
889 888
889 760
889 867
890 888
890 760
890 878
891 760
891 756
891 878
892 756
892 878
892 879
893 888
893 881
893 878
894 896
894 897
894 898
894 1215
894 1188
894 869
894 1216
894 1159
894 873
894 1194
894 908
894 909
894 881
894 1169
894 1170
894 884
894 888
894 895
895 888
895 881
895 894
896 881
896 884
896 894
897 898
897 903
897 936
897 873
897 905
897 937
897 938
897 909
897 926
897 884
897 919
897 894
898 897
898 884
898 894
899 756
899 740
899 870
900 756
900 870
900 879
901 874
901 870
901 879
902 873
902 877
902 887
903 897
903 904
903 873
903 905
903 937
903 916
903 887
903 922
903 923
903 924
903 925
903 926
904 873
904 887
904 903
905 873
905 897
905 903
906 739
906 740
906 747
907 867
907 740
907 747
908 873
908 869
908 894
909 897
909 894
909 873
910 728
910 867
910 747
911 760
911 867
911 728
912 929
912 930
912 931
912 913
912 914
912 915
912 916
912 917
912 923
913 930
913 933
913 912
913 914
913 915
913 927
914 912
914 913
914 930
914 915
915 933
915 934
915 935
915 912
915 913
915 914
915 916
915 917
915 918
915 919
915 926
915 927
916 929
916 903
916 887
916 912
916 915
916 917
916 918
916 919
916 920
916 922
916 923
916 924
917 912
917 915
917 916
918 915
918 916
918 919
919 897
919 935
919 936
919 938
919 915
919 916
919 884
919 918
919 887
919 920
919 921
919 926
920 919
920 916
920 887
921 919
921 884
921 887
922 903
922 916
922 887
923 928
923 929
923 930
923 931
923 932
923 903
923 912
923 916
923 924
923 925
923 926
923 927
924 923
924 916
924 903
925 923
925 926
925 903
926 928
926 897
926 934
926 903
926 935
926 936
926 937
926 915
926 919
926 923
926 925
926 927
927 928
927 930
927 932
927 933
927 934
927 913
927 915
927 923
927 926
928 923
928 926
928 927
929 912
929 923
929 916
930 931
930 932
930 933
930 912
930 913
930 914
930 923
930 927
931 912
931 930
931 923
932 930
932 923
932 927
933 913
933 930
933 915
933 927
934 915
934 926
934 927
935 915
935 926
935 919
936 897
936 926
936 919
937 897
937 926
937 903
938 897
938 884
938 919
939 795
939 940
939 798
940 770
940 939
940 941
940 942
940 943
940 944
940 948
940 950
940 951
940 952
940 795
940 798
941 964
941 940
941 942
941 943
941 944
941 945
941 946
941 798
942 940
942 941
942 798
943 944
943 940
943 941
944 940
944 941
944 943
944 945
944 946
944 947
944 948
944 950
945 801
945 770
945 962
945 963
945 964
945 941
945 944
945 946
945 947
945 948
945 949
945 798
946 944
946 945
946 941
947 944
947 945
947 948
948 770
948 940
948 944
948 945
948 947
948 949
948 950
948 951
949 945
949 770
949 948
950 944
950 940
950 948
951 770
951 940
951 948
952 770
952 795
952 940
953 793
953 954
953 795
954 770
954 771
954 955
954 953
954 978
954 979
954 980
954 981
954 1010
954 793
954 795
954 957
955 954
955 770
955 795
956 793
956 715
956 700
957 715
957 1100
957 1010
957 979
957 981
957 982
957 983
957 984
957 793
957 954
957 985
957 958
958 793
958 715
958 957
959 960
959 961
959 994
959 69
959 715
959 973
959 1102
959 1103
959 976
959 49
959 977
959 1077
960 715
960 69
960 959
961 49
961 69
961 959
962 945
962 770
962 801
963 945
963 798
963 801
964 945
964 941
964 798
965 966
965 967
965 968
965 969
965 970
965 1002
965 494
965 1006
965 1113
965 94
966 1089
966 1090
966 97
966 965
966 967
966 968
966 1039
966 1043
966 1109
966 1112
966 1113
966 94
967 968
967 965
967 966
968 1090
968 1091
968 1092
968 965
968 966
968 967
968 969
968 970
968 971
968 972
968 1043
968 1047
969 995
969 965
969 968
969 1000
969 970
969 971
969 972
969 973
969 974
969 521
969 1001
969 494
969 1002
969 1011
970 968
970 969
970 965
971 968
971 969
971 972
972 1092
972 968
972 969
972 971
972 973
972 974
972 975
972 976
972 1047
972 1050
972 1051
972 1052
973 994
973 995
973 996
973 969
973 972
973 974
973 975
973 976
973 977
973 49
973 1011
973 959
974 969
974 972
974 973
975 976
975 972
975 973
976 1097
976 1098
976 972
976 973
976 975
976 1103
976 977
976 1074
976 1077
976 1050
976 1052
976 959
977 976
977 973
977 959
978 954
978 770
978 771
979 992
979 993
979 771
979 980
979 981
979 982
979 983
979 954
979 988
979 957
979 990
979 991
980 771
980 954
980 979
981 954
981 979
981 957
982 993
982 1065
982 1067
982 1068
982 1069
982 1070
982 979
982 983
982 984
982 985
982 957
982 991
983 979
983 957
983 982
984 985
984 957
984 982
985 715
985 1068
985 1100
985 1070
985 1071
985 1072
985 1101
985 1077
985 982
985 1079
985 984
985 957
986 771
986 102
986 1003
986 1004
986 1008
986 1009
986 84
986 86
986 1110
986 1111
986 987
986 988
986 989
986 478
987 986
987 771
987 478
988 992
988 771
988 1007
988 1008
988 1009
988 979
988 986
988 989
988 990
988 991
989 986
989 771
989 988
990 771
990 988
990 979
991 992
991 993
991 1063
991 1064
991 1065
991 1066
991 1067
991 1007
991 1008
991 979
991 982
991 988
992 979
992 988
992 991
993 979
993 982
993 991
994 49
994 973
994 959
995 996
995 997
995 36
995 998
995 999
995 521
995 969
995 1000
995 973
995 47
995 49
995 1011
996 49
996 995
996 973
997 49
997 995
997 47
998 995
998 36
998 47
999 521
999 995
999 36
1000 969
1000 995
1000 521
1001 969
1001 521
1001 494
1002 969
1002 965
1002 494
1003 986
1003 84
1003 86
1004 986
1004 84
1004 478
1005 94
1005 90
1005 494
1006 94
1006 965
1006 494
1007 1008
1007 988
1007 991
1008 102
1008 1063
1008 1064
1008 1007
1008 1104
1008 1009
1008 1105
1008 1106
1008 1110
1008 986
1008 988
1008 991
1009 1008
1009 986
1009 988
1010 793
1010 954
1010 957
1011 969
1011 995
1011 973
1012 1056
1012 1057
1012 1058
1012 1033
1012 1073
1012 1013
1012 1014
1012 1015
1012 1016
1012 1017
1012 1050
1012 1055
1012 1054
1012 1023
1013 1057
1013 1026
1013 1058
1013 1059
1013 1060
1013 1061
1013 1062
1013 1093
1013 1037
1013 1038
1013 1012
1013 1014
1013 1015
1013 1022
1014 1012
1014 1013
1014 1015
1015 1026
1015 1036
1015 1037
1015 1012
1015 1013
1015 1014
1015 1016
1015 1017
1015 1018
1015 1019
1016 1025
1016 1029
1016 1031
1016 1032
1016 1033
1016 1034
1016 1012
1016 1015
1016 1017
1016 1018
1016 1019
1016 1020
1016 1021
1016 1023
1017 1016
1017 1012
1017 1015
1018 1016
1018 1019
1018 1015
1019 1026
1019 1035
1019 1036
1019 1015
1019 1016
1019 1018
1019 1020
1019 1021
1020 1026
1020 1029
1020 1030
1020 1031
1020 1035
1020 1016
1020 1019
1020 1021
1021 1016
1021 1019
1021 1020
1022 1024
1022 1025
1022 1026
1022 1027
1022 1088
1022 1093
1022 1061
1022 1094
1022 1095
1022 1096
1022 1038
1022 1071
1022 1013
1022 1023
1023 1024
1023 1025
1023 1095
1023 1033
1023 1034
1023 1071
1023 1073
1023 1074
1023 1075
1023 1012
1023 1076
1023 1016
1023 1050
1023 1022
1024 1025
1024 1022
1024 1023
1025 1024
1025 1026
1025 1027
1025 1028
1025 1029
1025 1032
1025 1034
1025 1016
1025 1022
1025 1023
1026 1025
1026 1027
1026 1028
1026 1029
1026 1030
1026 1035
1026 1036
1026 1037
1026 1038
1026 1013
1026 1015
1026 1019
1026 1020
1026 1022
1027 1025
1027 1026
1027 1022
1028 1025
1028 1026
1028 1029
1029 1025
1029 1026
1029 1028
1029 1030
1029 1031
1029 1032
1029 1016
1029 1020
1030 1026
1030 1020
1030 1029
1031 1016
1031 1020
1031 1029
1032 1016
1032 1025
1032 1029
1033 1016
1033 1012
1033 1023
1034 1016
1034 1025
1034 1023
1035 1026
1035 1019
1035 1020
1036 1026
1036 1019
1036 1015
1037 1026
1037 1013
1037 1015
1038 1026
1038 1013
1038 1022
1039 1089
1039 97
1039 966
1039 1127
1039 1040
1039 1041
1039 1042
1039 1043
1039 1044
1039 1107
1039 1108
1039 1109
1039 1137
1039 1138
1040 1127
1040 1197
1040 1039
1040 1199
1040 1041
1040 1042
1040 1137
1040 1201
1040 1212
1040 1213
1041 1040
1041 1042
1041 1039
1042 1039
1042 1040
1042 1041
1042 1201
1042 1043
1042 1044
1042 1045
1042 1046
1042 1213
1042 1214
1043 1089
1043 1090
1043 1091
1043 966
1043 968
1043 1039
1043 1042
1043 1044
1043 1045
1043 1046
1043 1047
1043 1048
1044 1042
1044 1043
1044 1039
1045 1042
1045 1043
1045 1046
1046 1175
1046 1201
1046 1042
1046 1043
1046 1204
1046 1045
1046 1205
1046 1047
1046 1048
1046 1049
1046 1050
1046 1214
1046 1053
1046 1054
1047 1091
1047 1092
1047 968
1047 972
1047 1043
1047 1046
1047 1048
1047 1049
1047 1050
1047 1051
1048 1043
1048 1046
1048 1047
1049 1050
1049 1046
1049 1047
1050 1023
1050 1098
1050 972
1050 976
1050 1073
1050 1074
1050 1075
1050 1012
1050 1046
1050 1047
1050 1049
1050 1051
1050 1052
1050 1053
1050 1054
1050 1055
1051 1050
1051 972
1051 1047
1052 976
1052 1050
1052 972
1053 1050
1053 1046
1053 1054
1054 1056
1054 1057
1054 1178
1054 1012
1054 1205
1054 1046
1054 1175
1054 1050
1054 1053
1054 1055
1055 1050
1055 1012
1055 1054
1056 1057
1056 1012
1056 1054
1057 1056
1057 1058
1057 1059
1057 1060
1057 1168
1057 1012
1057 1013
1057 1174
1057 1175
1057 1206
1057 1177
1057 1178
1057 1054
1057 1207
1058 1057
1058 1012
1058 1013
1059 1057
1059 1060
1059 1013
1060 1057
1060 1059
1060 1061
1060 1062
1060 1168
1060 1013
1060 1207
1060 1208
1061 1088
1061 1060
1061 1093
1061 1062
1061 1094
1061 1165
1061 1168
1061 1013
1061 1208
1061 1209
1061 1179
1061 1180
1061 1181
1061 1022
1062 1013
1062 1060
1062 1061
1063 1064
1063 1065
1063 1066
1063 1008
1063 1104
1063 1105
1063 1136
1063 1080
1063 1081
1063 991
1064 1008
1064 991
1064 1063
1065 1063
1065 1066
1065 1067
1065 1068
1065 1069
1065 982
1065 1080
1065 1081
1065 1082
1065 1083
1065 1084
1065 991
1066 1065
1066 991
1066 1063
1067 1065
1067 982
1067 991
1068 1088
1068 1065
1068 1099
1068 1069
1068 1070
1068 1071
1068 1072
1068 982
1068 985
1068 1082
1068 1084
1068 1085
1068 1086
1068 1087
1069 1065
1069 1068
1069 982
1070 985
1070 1068
1070 982
1071 1088
1071 1095
1071 1096
1071 1099
1071 1068
1071 1072
1071 1074
1071 1076
1071 1077
1071 1078
1071 1079
1071 985
1071 1022
1071 1023
1072 985
1072 1068
1072 1071
1073 1050
1073 1012
1073 1023
1074 1097
1074 1098
1074 1071
1074 976
1074 1075
1074 1076
1074 1077
1074 1078
1074 1050
1074 1023
1075 1074
1075 1050
1075 1023
1076 1074
1076 1071
1076 1023
1077 1097
1077 715
1077 1101
1077 1102
1077 1071
1077 976
1077 1103
1077 1074
1077 1078
1077 1079
1077 985
1077 959
1078 1074
1078 1077
1078 1071
1079 985
1079 1077
1079 1071
1080 1121
1080 1217
1080 1218
1080 1158
1080 1063
1080 1065
1080 1135
1080 1136
1080 1105
1080 1081
1080 1082
1080 1083
1081 1080
1081 1065
1081 1063
1082 1186
1082 1218
1082 1221
1082 1158
1082 1065
1082 1068
1082 1211
1082 1180
1082 1080
1082 1083
1082 1084
1082 1085
1082 1086
1082 1183
1083 1080
1083 1065
1083 1082
1084 1065
1084 1082
1084 1068
1085 1088
1085 1210
1085 1068
1085 1082
1085 1211
1085 1180
1085 1086
1085 1087
1086 1082
1086 1068
1086 1085
1087 1088
1087 1068
1087 1085
1088 1061
1088 1094
1088 1096
1088 1099
1088 1068
1088 1071
1088 1209
1088 1210
1088 1180
1088 1085
1088 1022
1088 1087
1089 1043
1089 966
1089 1039
1090 968
1090 1043
1090 966
1091 968
1091 1043
1091 1047
1092 968
1092 972
1092 1047
1093 1061
1093 1013
1093 1022
1094 1088
1094 1061
1094 1022
1095 1023
1095 1022
1095 1071
1096 1088
1096 1022
1096 1071
1097 976
1097 1074
1097 1077
1098 976
1098 1050
1098 1074
1099 1088
1099 1068
1099 1071
1100 985
1100 715
1100 957
1101 985
1101 715
1101 1077
1102 715
1102 1077
1102 959
1103 976
1103 1077
1103 959
1104 1008
1104 1105
1104 1063
1105 1121
1105 1124
1105 1125
1105 102
1105 1063
1105 1126
1105 1135
1105 1104
1105 1008
1105 1106
1105 1136
1105 1080
1106 1008
1106 1105
1106 102
1107 97
1107 1127
1107 1128
1107 1129
1107 1130
1107 104
1107 1039
1107 1138
1107 1108
1107 1141
1107 1115
1107 1117
1108 97
1108 1107
1108 1039
1109 97
1109 966
1109 1039
1110 1008
1110 986
1110 102
1111 986
1111 102
1111 86
1112 97
1112 966
1112 94
1113 966
1113 965
1113 94
1114 1153
1114 1122
1114 1124
1114 1131
1114 1132
1114 1148
1114 1151
1114 1115
1114 1116
1114 1117
1114 1118
1114 1119
1115 1153
1115 1146
1115 1127
1115 1128
1115 1129
1115 1192
1115 1191
1115 1193
1115 1148
1115 1107
1115 1142
1115 1143
1115 1144
1115 1145
1115 1114
1115 1147
1115 1116
1115 1117
1116 1114
1116 1115
1116 1117
1117 1120
1117 104
1117 1129
1117 1130
1117 113
1117 1107
1117 1139
1117 1114
1117 1115
1117 1116
1117 1118
1117 1119
1118 1120
1118 1124
1118 1132
1118 1134
1118 113
1118 1114
1118 1117
1118 1119
1119 1114
1119 1117
1119 1118
1120 113
1120 1117
1120 1118
1121 1217
1121 1122
1121 1123
1121 1124
1121 1125
1121 1154
1121 1156
1121 1155
1121 1157
1121 1158
1121 1135
1121 1105
1121 1143
1121 1080
1122 1152
1122 1121
1122 1154
1122 1123
1122 1124
1122 1131
1122 1142
1122 1143
1122 1145
1122 1114
1122 1148
1122 1149
1122 1150
1122 1151
1123 1121
1123 1122
1123 1124
1124 1121
1124 1122
1124 1123
1124 1125
1124 1126
1124 102
1124 1131
1124 1132
1124 1133
1124 1134
1124 1105
1124 113
1124 1140
1124 89
1124 1114
1124 1118
1125 1105
1125 1124
1125 1121
1126 1105
1126 1124
1126 102
1127 1191
1127 1128
1127 1193
1127 1197
1127 1198
1127 1039
1127 1040
1127 1137
1127 1138
1127 1107
1127 1199
1127 1115
1128 1107
1128 1115
1128 1127
1129 1107
1129 1115
1129 1117
1130 104
1130 1107
1130 1117
1131 1122
1131 1124
1131 1114
1132 1114
1132 1124
1132 1118
1133 89
1133 113
1133 1124
1134 113
1134 1124
1134 1118
1135 1080
1135 1121
1135 1105
1136 1080
1136 1105
1136 1063
1137 1040
1137 1039
1137 1127
1138 1107
1138 1039
1138 1127
1139 104
1139 113
1139 1117
1140 89
1140 1124
1140 102
1141 104
1141 97
1141 1107
1142 1122
1142 1143
1142 1144
1142 1145
1142 1146
1142 1115
1142 1149
1142 1150
1143 1121
1143 1122
1143 1154
1143 1155
1143 1156
1143 1189
1143 1188
1143 1190
1143 1191
1143 1192
1143 1142
1143 1144
1143 1115
1143 1149
1144 1115
1144 1142
1144 1143
1145 1152
1145 1122
1145 1115
1145 1142
1145 1146
1145 1147
1145 1148
1145 1150
1146 1145
1146 1115
1146 1142
1147 1145
1147 1115
1147 1148
1148 1152
1148 1153
1148 1122
1148 1115
1148 1145
1148 1114
1148 1147
1148 1151
1149 1122
1149 1142
1149 1143
1150 1145
1150 1122
1150 1142
1151 1114
1151 1148
1151 1122
1152 1145
1152 1122
1152 1148
1153 1114
1153 1115
1153 1148
1154 1121
1154 1122
1154 1143
1155 1121
1155 1187
1155 1156
1155 1157
1155 1158
1155 1159
1155 1160
1155 1188
1155 1189
1155 1143
1156 1121
1156 1155
1156 1143
1157 1121
1157 1155
1157 1158
1158 1121
1158 1185
1158 1155
1158 1186
1158 1157
1158 1217
1158 1159
1158 1160
1158 1161
1158 1162
1158 1218
1158 1080
1158 1082
1158 1183
1159 1216
1159 1155
1159 1187
1159 1188
1159 1158
1159 1160
1159 1161
1159 1162
1159 1163
1159 888
1159 894
1159 1215
1160 1155
1160 1158
1160 1159
1161 1162
1161 1158
1161 1159
1162 1184
1162 1185
1162 1158
1162 1159
1162 1161
1162 1163
1162 1164
1162 1165
1162 888
1162 1180
1162 1182
1162 1183
1163 888
1163 1162
1163 1159
1164 888
1164 1162
1164 1165
1165 867
1165 1061
1165 1162
1165 1164
1165 1166
1165 1167
1165 1168
1165 888
1165 1179
1165 1180
1165 1181
1165 1182
1166 888
1166 867
1166 1165
1167 1168
1167 867
1167 1165
1168 1057
1168 867
1168 1060
1168 1061
1168 1220
1168 1165
1168 1167
1168 1174
1168 1206
1168 1208
1168 1207
1168 1179
1169 1188
1169 869
1169 1191
1169 1194
1169 1195
1169 1196
1169 1197
1169 1200
1169 1170
1169 1171
1169 1172
1169 894
1170 1169
1170 869
1170 894
1171 869
1171 1197
1171 1200
1171 1169
1171 1202
1171 1201
1171 1172
1171 1173
1171 1174
1171 1175
1171 1176
1171 1203
1172 1169
1172 1171
1172 869
1173 1171
1173 869
1173 1174
1174 1057
1174 1219
1174 867
1174 869
1174 1220
1174 1168
1174 1171
1174 1173
1174 1206
1174 1175
1174 1176
1174 1177
1175 1057
1175 1201
1175 1171
1175 1203
1175 1204
1175 1174
1175 1046
1175 1176
1175 1177
1175 1178
1175 1205
1175 1054
1176 1171
1176 1174
1176 1175
1177 1057
1177 1174
1177 1175
1178 1057
1178 1054
1178 1175
1179 1168
1179 1061
1179 1165
1180 1184
1180 1088
1180 1082
1180 1061
1180 1221
1180 1162
1180 1165
1180 1085
1180 1209
1180 1210
1180 1211
1180 1181
1180 1182
1180 1183
1181 1180
1181 1061
1181 1165
1182 1162
1182 1180
1182 1165
1183 1184
1183 1185
1183 1186
1183 1221
1183 1158
1183 1162
1183 1082
1183 1180
1184 1162
1184 1180
1184 1183
1185 1162
1185 1158
1185 1183
1186 1082
1186 1158
1186 1183
1187 1155
1187 1188
1187 1159
1188 1216
1188 1187
1188 1155
1188 1189
1188 1190
1188 1159
1188 1191
1188 1194
1188 1195
1188 1169
1188 1143
1188 894
1189 1155
1189 1188
1189 1143
1190 1191
1190 1188
1190 1143
1191 1188
1191 1190
1191 1127
1191 1192
1191 1193
1191 1195
1191 1196
1191 1197
1191 1198
1191 1169
1191 1143
1191 1115
1192 1191
1192 1115
1192 1143
1193 1115
1193 1127
1193 1191
1194 1169
1194 1188
1194 894
1195 1169
1195 1188
1195 1191
1196 1169
1196 1197
1196 1191
1197 1127
1197 1191
1197 1196
1197 1198
1197 1199
1197 1040
1197 1169
1197 1200
1197 1171
1197 1201
1197 1202
1197 1212
1198 1191
1198 1197
1198 1127
1199 1040
1199 1197
1199 1127
1200 1169
1200 1171
1200 1197
1201 1197
1201 1040
1201 1202
1201 1203
1201 1171
1201 1204
1201 1046
1201 1175
1201 1042
1201 1212
1201 1213
1201 1214
1202 1201
1202 1171
1202 1197
1203 1201
1203 1171
1203 1175
1204 1201
1204 1046
1204 1175
1205 1054
1205 1046
1205 1175
1206 1168
1206 1057
1206 1174
1207 1168
1207 1057
1207 1060
1208 1168
1208 1060
1208 1061
1209 1088
1209 1180
1209 1061
1210 1088
1210 1180
1210 1085
1211 1082
1211 1180
1211 1085
1212 1040
1212 1201
1212 1197
1213 1040
1213 1201
1213 1042
1214 1201
1214 1042
1214 1046
1215 888
1215 894
1215 1159
1216 1188
1216 894
1216 1159
1217 1080
1217 1121
1217 1158
1218 1080
1218 1082
1218 1158
1219 867
1219 869
1219 1174
1220 1168
1220 867
1220 1174
1221 1082
1221 1180
1221 1183
1222 1250
1222 1253
1222 1254
1222 1223
1222 1224
1222 1225
1222 1226
1222 1227
1222 1255
1222 1257
1222 1256
1222 1258
1223 1249
1223 1250
1223 1252
1223 1253
1223 1222
1223 1224
1223 1225
1223 1302
1223 1303
1223 1304
1223 1305
1223 1306
1224 1225
1224 1222
1224 1223
1225 1222
1225 1223
1225 1224
1225 1226
1225 1227
1225 1228
1225 1229
1225 1324
1225 1322
1225 1325
1225 1302
1225 1303
1226 1222
1226 1256
1226 1225
1226 1258
1226 1227
1226 1228
1226 1229
1226 1230
1226 1231
1226 1260
1226 1259
1226 1261
1227 1225
1227 1226
1227 1222
1228 1225
1228 1226
1228 1229
1229 1319
1229 1225
1229 1226
1229 1321
1229 1228
1229 1323
1229 1230
1229 1231
1229 1232
1229 1233
1229 1322
1229 1324
1230 1226
1230 1259
1230 1229
1230 1261
1230 1231
1230 1232
1230 1233
1230 1234
1230 1235
1230 1263
1230 1262
1230 1264
1231 1226
1231 1229
1231 1230
1232 1233
1232 1229
1232 1230
1233 1316
1233 1318
1233 1319
1233 1320
1233 1321
1233 1229
1233 1230
1233 1232
1233 1234
1233 1235
1233 1236
1233 1237
1234 1230
1234 1262
1234 1264
1234 1233
1234 1266
1234 1235
1234 1236
1234 1237
1234 1238
1234 1239
1234 1265
1234 1267
1235 1233
1235 1234
1235 1230
1236 1233
1236 1234
1236 1237
1237 1313
1237 1315
1237 1316
1237 1317
1237 1318
1237 1233
1237 1234
1237 1236
1237 1238
1237 1239
1237 1240
1237 1241
1238 1265
1238 1234
1238 1267
1238 1268
1238 1237
1238 1269
1238 1239
1238 1240
1238 1241
1238 1242
1238 1243
1238 1270
1239 1234
1239 1237
1239 1238
1240 1241
1240 1237
1240 1238
1241 1312
1241 1313
1241 1314
1241 1315
1241 1237
1241 1238
1241 1240
1241 1242
1241 1243
1241 1244
1241 1245
1241 1310
1242 1273
1242 1271
1242 1268
1242 1238
1242 1270
1242 1272
1242 1241
1242 1243
1242 1244
1242 1245
1242 1246
1242 1247
1243 1241
1243 1242
1243 1238
1244 1241
1244 1242
1244 1245
1245 1248
1245 1249
1245 1312
1245 1311
1245 1310
1245 1241
1245 1242
1245 1307
1245 1244
1245 1309
1245 1246
1245 1247
1246 1248
1246 1249
1246 1250
1246 1251
1246 1274
1246 1271
1246 1273
1246 1242
1246 1275
1246 1276
1246 1245
1246 1247
1247 1242
1247 1245
1247 1246
1248 1249
1248 1245
1248 1246
1249 1248
1249 1250
1249 1251
1249 1252
1249 1309
1249 1223
1249 1304
1249 1306
1249 1307
1249 1308
1249 1245
1249 1246
1250 1249
1250 1251
1250 1252
1250 1253
1250 1222
1250 1223
1250 1254
1250 1255
1250 1274
1250 1276
1250 1277
1250 1246
1251 1249
1251 1250
1251 1246
1252 1249
1252 1250
1252 1223
1253 1250
1253 1222
1253 1223
1254 1280
1254 1281
1254 1250
1254 1282
1254 1222
1254 1255
1254 1256
1254 1257
1254 1274
1254 1277
1254 1278
1254 1279
1255 1250
1255 1222
1255 1254
1256 1280
1256 1282
1256 1283
1256 1284
1256 1285
1256 1222
1256 1254
1256 1257
1256 1258
1256 1226
1256 1259
1256 1260
1257 1256
1257 1222
1257 1254
1258 1256
1258 1226
1258 1222
1259 1283
1259 1285
1259 1286
1259 1287
1259 1256
1259 1288
1259 1226
1259 1260
1259 1261
1259 1230
1259 1262
1259 1263
1260 1256
1260 1226
1260 1259
1261 1226
1261 1259
1261 1230
1262 1286
1262 1288
1262 1289
1262 1290
1262 1259
1262 1291
1262 1230
1262 1263
1262 1264
1262 1265
1262 1234
1262 1266
1263 1259
1263 1230
1263 1262
1264 1234
1264 1230
1264 1262
1265 1289
1265 1291
1265 1292
1265 1293
1265 1262
1265 1294
1265 1234
1265 1266
1265 1267
1265 1268
1265 1238
1265 1269
1266 1265
1266 1234
1266 1262
1267 1265
1267 1234
1267 1238
1268 1292
1268 1294
1268 1295
1268 1296
1268 1265
1268 1297
1268 1269
1268 1270
1268 1238
1268 1272
1268 1242
1268 1271
1269 1265
1269 1268
1269 1238
1270 1242
1270 1268
1270 1238
1271 1274
1271 1295
1271 1297
1271 1298
1271 1299
1271 1268
1271 1300
1271 1272
1271 1273
1271 1242
1271 1275
1271 1246
1272 1242
1272 1268
1272 1271
1273 1242
1273 1246
1273 1271
1274 1250
1274 1254
1274 1298
1274 1300
1274 1301
1274 1271
1274 1278
1274 1275
1274 1276
1274 1277
1274 1246
1274 1279
1275 1274
1275 1246
1275 1271
1276 1274
1276 1250
1276 1246
1277 1274
1277 1250
1277 1254
1278 1280
1278 1281
1278 1254
1278 1375
1278 1385
1278 1386
1278 1298
1278 1301
1278 1274
1278 1279
1279 1254
1279 1274
1279 1278
1280 1281
1280 1282
1280 1283
1280 1284
1280 1380
1280 1254
1280 1256
1280 1385
1280 1278
1280 1375
1281 1280
1281 1254
1281 1278
1282 1280
1282 1256
1282 1254
1283 1280
1283 1379
1283 1284
1283 1285
1283 1286
1283 1287
1283 1256
1283 1380
1283 1259
1283 1375
1284 1280
1284 1256
1284 1283
1285 1256
1285 1283
1285 1259
1286 1378
1286 1283
1286 1379
1286 1287
1286 1288
1286 1289
1286 1290
1286 1259
1286 1262
1286 1375
1287 1283
1287 1286
1287 1259
1288 1262
1288 1259
1288 1286
1289 1377
1289 1378
1289 1286
1289 1290
1289 1291
1289 1292
1289 1293
1289 1262
1289 1265
1289 1375
1290 1262
1290 1289
1290 1286
1291 1289
1291 1265
1291 1262
1292 1376
1292 1377
1292 1289
1292 1293
1292 1294
1292 1295
1292 1296
1292 1265
1292 1268
1292 1375
1293 1289
1293 1292
1293 1265
1294 1265
1294 1292
1294 1268
1295 1376
1295 1292
1295 1296
1295 1297
1295 1298
1295 1299
1295 1268
1295 1271
1295 1374
1295 1375
1296 1292
1296 1268
1296 1295
1297 1271
1297 1268
1297 1295
1298 1374
1298 1386
1298 1295
1298 1299
1298 1300
1298 1301
1298 1271
1298 1274
1298 1278
1298 1375
1299 1298
1299 1271
1299 1295
1300 1298
1300 1274
1300 1271
1301 1298
1301 1274
1301 1278
1302 1223
1302 1225
1302 1322
1302 1325
1302 1326
1302 1327
1302 1328
1302 1329
1302 1330
1302 1303
1302 1304
1302 1305
1303 1225
1303 1302
1303 1223
1304 1249
1304 1223
1304 1328
1304 1330
1304 1331
1304 1332
1304 1333
1304 1302
1304 1305
1304 1306
1304 1307
1304 1308
1305 1304
1305 1302
1305 1223
1306 1304
1306 1249
1306 1223
1307 1249
1307 1336
1307 1331
1307 1333
1307 1334
1307 1335
1307 1304
1307 1309
1307 1308
1307 1245
1307 1310
1307 1311
1308 1304
1308 1249
1308 1307
1309 1249
1309 1307
1309 1245
1310 1312
1310 1313
1310 1314
1310 1337
1310 1339
1310 1334
1310 1336
1310 1241
1310 1338
1310 1307
1310 1245
1310 1311
1311 1307
1311 1245
1311 1310
1312 1241
1312 1245
1312 1310
1313 1342
1313 1314
1313 1315
1313 1316
1313 1317
1313 1337
1313 1237
1313 1241
1313 1339
1313 1340
1313 1341
1313 1310
1314 1313
1314 1241
1314 1310
1315 1313
1315 1241
1315 1237
1316 1344
1316 1313
1316 1345
1316 1317
1316 1318
1316 1319
1316 1320
1316 1233
1316 1237
1316 1340
1316 1342
1316 1343
1317 1313
1317 1316
1317 1237
1318 1233
1318 1316
1318 1237
1319 1345
1319 1346
1319 1347
1319 1316
1319 1348
1319 1320
1319 1321
1319 1322
1319 1323
1319 1229
1319 1233
1319 1343
1320 1233
1320 1316
1320 1319
1321 1233
1321 1229
1321 1319
1322 1346
1322 1348
1322 1349
1322 1319
1322 1225
1322 1323
1322 1324
1322 1229
1322 1325
1322 1326
1322 1327
1322 1302
1323 1322
1323 1229
1323 1319
1324 1225
1324 1322
1324 1229
1325 1225
1325 1322
1325 1302
1326 1346
1326 1349
1326 1350
1326 1351
1326 1352
1326 1353
1326 1322
1326 1354
1326 1327
1326 1328
1326 1329
1326 1302
1327 1322
1327 1326
1327 1302
1328 1352
1328 1354
1328 1355
1328 1356
1328 1357
1328 1326
1328 1329
1328 1330
1328 1331
1328 1332
1328 1302
1328 1304
1329 1328
1329 1326
1329 1302
1330 1328
1330 1304
1330 1302
1331 1355
1331 1357
1331 1358
1331 1359
1331 1328
1331 1360
1331 1332
1331 1333
1331 1334
1331 1335
1331 1304
1331 1307
1332 1328
1332 1304
1332 1331
1333 1304
1333 1307
1333 1331
1334 1358
1334 1360
1334 1361
1334 1362
1334 1331
1334 1363
1334 1335
1334 1336
1334 1337
1334 1338
1334 1307
1334 1310
1335 1307
1335 1331
1335 1334
1336 1307
1336 1334
1336 1310
1337 1313
1337 1361
1337 1363
1337 1364
1337 1365
1337 1334
1337 1366
1337 1338
1337 1339
1337 1340
1337 1341
1337 1310
1338 1337
1338 1334
1338 1310
1339 1337
1339 1310
1339 1313
1340 1344
1340 1313
1340 1316
1340 1369
1340 1364
1340 1366
1340 1367
1340 1368
1340 1337
1340 1341
1340 1342
1340 1343
1341 1337
1341 1340
1341 1313
1342 1313
1342 1340
1342 1316
1343 1344
1343 1345
1343 1346
1343 1347
1343 1316
1343 1319
1343 1372
1343 1367
1343 1369
1343 1370
1343 1371
1343 1340
1344 1340
1344 1316
1344 1343
1345 1316
1345 1319
1345 1343
1346 1347
1346 1348
1346 1349
1346 1350
1346 1319
1346 1351
1346 1322
1346 1326
1346 1370
1346 1372
1346 1373
1346 1343
1347 1346
1347 1319
1347 1343
1348 1346
1348 1322
1348 1319
1349 1346
1349 1322
1349 1326
1350 1346
1350 1381
1350 1382
1350 1351
1350 1352
1350 1353
1350 1387
1350 1326
1350 1370
1350 1373
1351 1326
1351 1346
1351 1350
1352 1350
1352 1382
1352 1353
1352 1354
1352 1355
1352 1356
1352 1387
1352 1326
1352 1388
1352 1328
1353 1352
1353 1326
1353 1350
1354 1352
1354 1328
1354 1326
1355 1382
1355 1352
1355 1356
1355 1357
1355 1358
1355 1359
1355 1328
1355 1388
1355 1389
1355 1331
1356 1352
1356 1328
1356 1355
1357 1328
1357 1331
1357 1355
1358 1382
1358 1355
1358 1389
1358 1390
1358 1359
1358 1360
1358 1361
1358 1362
1358 1331
1358 1334
1359 1331
1359 1355
1359 1358
1360 1334
1360 1331
1360 1358
1361 1382
1361 1358
1361 1390
1361 1391
1361 1362
1361 1363
1361 1364
1361 1365
1361 1334
1361 1337
1362 1334
1362 1361
1362 1358
1363 1361
1363 1334
1363 1337
1364 1382
1364 1384
1364 1391
1364 1361
1364 1365
1364 1366
1364 1367
1364 1368
1364 1337
1364 1340
1365 1361
1365 1364
1365 1337
1366 1337
1366 1364
1366 1340
1367 1382
1367 1383
1367 1384
1367 1364
1367 1368
1367 1369
1367 1370
1367 1371
1367 1340
1367 1343
1368 1364
1368 1340
1368 1367
1369 1340
1369 1343
1369 1367
1370 1346
1370 1381
1370 1350
1370 1382
1370 1383
1370 1367
1370 1371
1370 1372
1370 1373
1370 1343
1371 1370
1371 1343
1371 1367
1372 1370
1372 1346
1372 1343
1373 1370
1373 1346
1373 1350
1374 1298
1374 1375
1374 1295
1375 1376
1375 1377
1375 1378
1375 1379
1375 1283
1375 1380
1375 1286
1375 1280
1375 1289
1375 1385
1375 1386
1375 1292
1375 1295
1375 1298
1375 1278
1375 1374
1376 1292
1376 1375
1376 1295
1377 1289
1377 1292
1377 1375
1378 1289
1378 1286
1378 1375
1379 1283
1379 1286
1379 1375
1380 1280
1380 1283
1380 1375
1381 1370
1381 1382
1381 1350
1382 1381
1382 1350
1382 1383
1382 1384
1382 1352
1382 1387
1382 1355
1382 1388
1382 1389
1382 1358
1382 1390
1382 1361
1382 1391
1382 1364
1382 1367
1382 1370
1383 1370
1383 1382
1383 1367
1384 1364
1384 1382
1384 1367
1385 1280
1385 1278
1385 1375
1386 1298
1386 1278
1386 1375
1387 1352
1387 1350
1387 1382
1388 1352
1388 1355
1388 1382
1389 1358
1389 1355
1389 1382
1390 1361
1390 1382
1390 1358
1391 1361
1391 1364
1391 1382
1392 1420
1392 1423
1392 1424
1392 1393
1392 1394
1392 1395
1392 1396
1392 1397
1392 1425
1392 1427
1392 1426
1392 1428
1393 1472
1393 1473
1393 1474
1393 1419
1393 1420
1393 1422
1393 1423
1393 1392
1393 1394
1393 1395
1393 1399
1393 1403
1394 1392
1394 1393
1394 1395
1395 1472
1395 1664
1395 1665
1395 1666
1395 1735
1395 1736
1395 1392
1395 1393
1395 1394
1395 1396
1395 1397
1395 1398
1395 1399
1395 1658
1395 1660
1395 1662
1395 1663
1396 1431
1396 1392
1396 1426
1396 1395
1396 1428
1396 1397
1396 1398
1396 1399
1396 1400
1396 1401
1396 1430
1396 1429
1397 1392
1397 1395
1397 1396
1398 1395
1398 1396
1398 1399
1399 1472
1399 1473
1399 1735
1399 1659
1399 1393
1399 1657
1399 1395
1399 1396
1399 1398
1399 1658
1399 1400
1399 1401
1399 1402
1399 1403
1399 1660
1399 1661
1399 1662
1400 1431
1400 1433
1400 1434
1400 1396
1400 1429
1400 1399
1400 1432
1400 1401
1400 1402
1400 1403
1400 1404
1400 1405
1401 1400
1401 1396
1401 1399
1402 1400
1402 1403
1402 1399
1403 1473
1403 1474
1403 1475
1403 1419
1403 1393
1403 1399
1403 1400
1403 1402
1403 1404
1403 1405
1403 1406
1403 1407
1404 1408
1404 1409
1404 1432
1404 1435
1404 1400
1404 1437
1404 1434
1404 1403
1404 1436
1404 1405
1404 1406
1404 1407
1405 1400
1405 1403
1405 1404
1406 1403
1406 1404
1406 1407
1407 1408
1407 1409
1407 1410
1407 1411
1407 1475
1407 1476
1407 1477
1407 1415
1407 1419
1407 1403
1407 1404
1407 1406
1408 1440
1408 1409
1408 1410
1408 1411
1408 1412
1408 1413
1408 1439
1408 1435
1408 1404
1408 1437
1408 1438
1408 1407
1409 1408
1409 1404
1409 1407
1410 1408
1410 1411
1410 1407
1411 1408
1411 1410
1411 1412
1411 1413
1411 1414
1411 1415
1411 1477
1411 1407
1412 1408
1412 1440
1412 1442
1412 1411
1412 1441
1412 1413
1412 1414
1412 1415
1412 1416
1412 1417
1412 1443
1412 1438
1413 1408
1413 1411
1413 1412
1414 1411
1414 1412
1414 1415
1415 1411
1415 1412
1415 1476
1415 1414
1415 1477
1415 1416
1415 1417
1415 1418
1415 1419
1415 1407
1416 1441
1416 1443
1416 1412
1416 1445
1416 1444
1416 1415
1416 1446
1416 1417
1416 1418
1416 1419
1416 1420
1416 1421
1417 1416
1417 1412
1417 1415
1418 1416
1418 1419
1418 1415
1419 1474
1419 1475
1419 1476
1419 1415
1419 1416
1419 1418
1419 1420
1419 1421
1419 1422
1419 1393
1419 1403
1419 1407
1420 1444
1420 1446
1420 1447
1420 1416
1420 1419
1420 1421
1420 1422
1420 1423
1420 1392
1420 1393
1420 1424
1420 1425
1421 1416
1421 1419
1421 1420
1422 1393
1422 1419
1422 1420
1423 1392
1423 1393
1423 1420
1424 1444
1424 1447
1424 1448
1424 1449
1424 1450
1424 1451
1424 1420
1424 1452
1424 1392
1424 1425
1424 1426
1424 1427
1425 1424
1425 1420
1425 1392
1426 1450
1426 1452
1426 1453
1426 1454
1426 1455
1426 1424
1426 1392
1426 1427
1426 1428
1426 1396
1426 1429
1426 1430
1427 1424
1427 1426
1427 1392
1428 1392
1428 1426
1428 1396
1429 1432
1429 1453
1429 1455
1429 1456
1429 1457
1429 1426
1429 1458
1429 1396
1429 1430
1429 1431
1429 1400
1429 1433
1430 1426
1430 1396
1430 1429
1431 1400
1431 1396
1431 1429
1432 1456
1432 1458
1432 1459
1432 1460
1432 1429
1432 1461
1432 1400
1432 1433
1432 1434
1432 1435
1432 1404
1432 1436
1433 1432
1433 1400
1433 1429
1434 1432
1434 1404
1434 1400
1435 1408
1435 1464
1435 1459
1435 1461
1435 1462
1435 1463
1435 1432
1435 1436
1435 1404
1435 1437
1435 1438
1435 1439
1436 1432
1436 1435
1436 1404
1437 1408
1437 1435
1437 1404
1438 1408
1438 1440
1438 1441
1438 1442
1438 1412
1438 1467
1438 1462
1438 1464
1438 1465
1438 1466
1438 1435
1438 1439
1439 1408
1439 1435
1439 1438
1440 1408
1440 1412
1440 1438
1441 1442
1441 1443
1441 1412
1441 1444
1441 1445
1441 1470
1441 1416
1441 1465
1441 1467
1441 1468
1441 1469
1441 1438
1442 1441
1442 1412
1442 1438
1443 1416
1443 1441
1443 1412
1444 1441
1444 1445
1444 1446
1444 1447
1444 1416
1444 1448
1444 1449
1444 1420
1444 1424
1444 1468
1444 1470
1444 1471
1445 1416
1445 1441
1445 1444
1446 1416
1446 1420
1446 1444
1447 1424
1447 1420
1447 1444
1448 1444
1448 1479
1448 1449
1448 1450
1448 1451
1448 1484
1448 1485
1448 1424
1448 1468
1448 1471
1449 1448
1449 1444
1449 1424
1450 1479
1450 1448
1450 1451
1450 1452
1450 1453
1450 1454
1450 1485
1450 1424
1450 1486
1450 1426
1451 1448
1451 1450
1451 1424
1452 1424
1452 1450
1452 1426
1453 1479
1453 1481
1453 1450
1453 1454
1453 1455
1453 1456
1453 1457
1453 1426
1453 1486
1453 1429
1454 1450
1454 1453
1454 1426
1455 1426
1455 1453
1455 1429
1456 1479
1456 1480
1456 1481
1456 1453
1456 1457
1456 1458
1456 1459
1456 1460
1456 1429
1456 1432
1457 1456
1457 1453
1457 1429
1458 1456
1458 1432
1458 1429
1459 1478
1459 1479
1459 1480
1459 1456
1459 1460
1459 1461
1459 1462
1459 1463
1459 1432
1459 1435
1460 1456
1460 1459
1460 1432
1461 1432
1461 1459
1461 1435
1462 1478
1462 1479
1462 1482
1462 1459
1462 1463
1462 1464
1462 1465
1462 1466
1462 1435
1462 1438
1463 1459
1463 1435
1463 1462
1464 1438
1464 1435
1464 1462
1465 1441
1465 1479
1465 1482
1465 1483
1465 1462
1465 1466
1465 1467
1465 1468
1465 1469
1465 1438
1466 1465
1466 1438
1466 1462
1467 1465
1467 1441
1467 1438
1468 1441
1468 1444
1468 1479
1468 1448
1468 1483
1468 1484
1468 1465
1468 1469
1468 1470
1468 1471
1469 1465
1469 1441
1469 1468
1470 1441
1470 1444
1470 1468
1471 1448
1471 1444
1471 1468
1472 1393
1472 1395
1472 1399
1473 1393
1473 1403
1473 1399
1474 1393
1474 1403
1474 1419
1475 1403
1475 1419
1475 1407
1476 1419
1476 1407
1476 1415
1477 1411
1477 1407
1477 1415
1478 1459
1478 1462
1478 1479
1479 1478
1479 1480
1479 1481
1479 1482
1479 1483
1479 1484
1479 1453
1479 1448
1479 1450
1479 1456
1479 1485
1479 1486
1479 1459
1479 1462
1479 1465
1479 1468
1480 1456
1480 1459
1480 1479
1481 1456
1481 1453
1481 1479
1482 1465
1482 1462
1482 1479
1483 1465
1483 1468
1483 1479
1484 1448
1484 1468
1484 1479
1485 1448
1485 1450
1485 1479
1486 1450
1486 1453
1486 1479
1487 1515
1487 1518
1487 1519
1487 1488
1487 1489
1487 1490
1487 1491
1487 1492
1487 1520
1487 1522
1487 1521
1487 1523
1488 1568
1488 1569
1488 1570
1488 1571
1488 1514
1488 1515
1488 1517
1488 1518
1488 1487
1488 1489
1488 1490
1488 1567
1489 1488
1489 1490
1489 1487
1490 1568
1490 1487
1490 1488
1490 1489
1490 1491
1490 1492
1490 1493
1490 1494
1490 1589
1490 1587
1490 1590
1490 1567
1491 1487
1491 1521
1491 1490
1491 1523
1491 1492
1491 1493
1491 1494
1491 1495
1491 1496
1491 1525
1491 1524
1491 1526
1492 1490
1492 1491
1492 1487
1493 1490
1493 1491
1493 1494
1494 1584
1494 1490
1494 1491
1494 1586
1494 1493
1494 1588
1494 1495
1494 1496
1494 1497
1494 1498
1494 1587
1494 1589
1495 1527
1495 1528
1495 1529
1495 1491
1495 1524
1495 1494
1495 1526
1495 1496
1495 1497
1495 1498
1495 1499
1495 1500
1496 1491
1496 1494
1496 1495
1497 1498
1497 1494
1497 1495
1498 1581
1498 1583
1498 1584
1498 1585
1498 1586
1498 1494
1498 1495
1498 1497
1498 1499
1498 1500
1498 1501
1498 1502
1499 1504
1499 1527
1499 1532
1499 1530
1499 1495
1499 1529
1499 1498
1499 1531
1499 1500
1499 1501
1499 1502
1499 1503
1500 1498
1500 1499
1500 1495
1501 1498
1501 1499
1501 1502
1502 1504
1502 1505
1502 1506
1502 1578
1502 1580
1502 1581
1502 1582
1502 1583
1502 1498
1502 1499
1502 1501
1502 1503
1503 1504
1503 1505
1503 1506
1503 1507
1503 1508
1503 1534
1503 1530
1503 1499
1503 1532
1503 1533
1503 1502
1503 1535
1504 1499
1504 1502
1504 1503
1505 1506
1505 1502
1505 1503
1506 1505
1506 1507
1506 1508
1506 1509
1506 1510
1506 1575
1506 1577
1506 1578
1506 1579
1506 1580
1506 1502
1506 1503
1507 1536
1507 1537
1507 1506
1507 1538
1507 1508
1507 1509
1507 1510
1507 1511
1507 1512
1507 1535
1507 1533
1507 1503
1508 1506
1508 1507
1508 1503
1509 1506
1509 1507
1509 1510
1510 1506
1510 1507
1510 1572
1510 1509
1510 1574
1510 1511
1510 1512
1510 1513
1510 1514
1510 1576
1510 1575
1510 1577
1511 1536
1511 1538
1511 1507
1511 1540
1511 1539
1511 1510
1511 1541
1511 1512
1511 1513
1511 1514
1511 1515
1511 1516
1512 1507
1512 1510
1512 1511
1513 1514
1513 1510
1513 1511
1514 1569
1514 1571
1514 1572
1514 1573
1514 1510
1514 1511
1514 1574
1514 1513
1514 1515
1514 1516
1514 1517
1514 1488
1515 1539
1515 1541
1515 1542
1515 1511
1515 1514
1515 1516
1515 1517
1515 1518
1515 1487
1515 1488
1515 1519
1515 1520
1516 1514
1516 1515
1516 1511
1517 1488
1517 1514
1517 1515
1518 1488
1518 1515
1518 1487
1519 1539
1519 1542
1519 1543
1519 1544
1519 1545
1519 1546
1519 1515
1519 1547
1519 1487
1519 1520
1519 1521
1519 1522
1520 1487
1520 1515
1520 1519
1521 1545
1521 1547
1521 1548
1521 1549
1521 1550
1521 1487
1521 1519
1521 1522
1521 1523
1521 1491
1521 1524
1521 1525
1522 1521
1522 1487
1522 1519
1523 1521
1523 1491
1523 1487
1524 1527
1524 1548
1524 1550
1524 1551
1524 1552
1524 1521
1524 1553
1524 1491
1524 1525
1524 1526
1524 1495
1524 1528
1525 1521
1525 1491
1525 1524
1526 1491
1526 1524
1526 1495
1527 1551
1527 1553
1527 1554
1527 1555
1527 1524
1527 1531
1527 1556
1527 1495
1527 1528
1527 1529
1527 1530
1527 1499
1528 1495
1528 1524
1528 1527
1529 1495
1529 1499
1529 1527
1530 1559
1530 1554
1530 1556
1530 1557
1530 1499
1530 1527
1530 1558
1530 1531
1530 1532
1530 1533
1530 1534
1530 1503
1531 1530
1531 1499
1531 1527
1532 1530
1532 1499
1532 1503
1533 1536
1533 1537
1533 1507
1533 1503
1533 1562
1533 1557
1533 1559
1533 1560
1533 1561
1533 1530
1533 1534
1533 1535
1534 1530
1534 1533
1534 1503
1535 1507
1535 1533
1535 1503
1536 1537
1536 1538
1536 1507
1536 1539
1536 1540
1536 1565
1536 1511
1536 1560
1536 1562
1536 1563
1536 1564
1536 1533
1537 1536
1537 1507
1537 1533
1538 1536
1538 1507
1538 1511
1539 1536
1539 1540
1539 1541
1539 1542
1539 1511
1539 1543
1539 1544
1539 1515
1539 1519
1539 1563
1539 1565
1539 1566
1540 1536
1540 1539
1540 1511
1541 1539
1541 1515
1541 1511
1542 1539
1542 1515
1542 1519
1543 1539
1543 1544
1543 1545
1543 1546
1543 1640
1543 1519
1543 1650
1543 1651
1543 1563
1543 1566
1544 1519
1544 1539
1544 1543
1545 1543
1545 1640
1545 1546
1545 1547
1545 1548
1545 1549
1545 1645
1545 1519
1545 1521
1545 1650
1546 1545
1546 1519
1546 1543
1547 1545
1547 1521
1547 1519
1548 1640
1548 1545
1548 1644
1548 1549
1548 1550
1548 1551
1548 1552
1548 1521
1548 1645
1548 1524
1549 1545
1549 1548
1549 1521
1550 1521
1550 1548
1550 1524
1551 1640
1551 1643
1551 1548
1551 1644
1551 1552
1551 1553
1551 1554
1551 1555
1551 1524
1551 1527
1552 1548
1552 1524
1552 1551
1553 1527
1553 1524
1553 1551
1554 1640
1554 1642
1554 1643
1554 1551
1554 1555
1554 1556
1554 1557
1554 1558
1554 1527
1554 1530
1555 1554
1555 1527
1555 1551
1556 1554
1556 1530
1556 1527
1557 1640
1557 1641
1557 1642
1557 1554
1557 1558
1557 1559
1557 1560
1557 1561
1557 1530
1557 1533
1558 1554
1558 1530
1558 1557
1559 1533
1559 1530
1559 1557
1560 1536
1560 1639
1560 1640
1560 1641
1560 1557
1560 1561
1560 1562
1560 1563
1560 1564
1560 1533
1561 1560
1561 1533
1561 1557
1562 1560
1562 1536
1562 1533
1563 1536
1563 1539
1563 1543
1563 1639
1563 1640
1563 1651
1563 1560
1563 1564
1563 1565
1563 1566
1564 1560
1564 1536
1564 1563
1565 1536
1565 1539
1565 1563
1566 1539
1566 1563
1566 1543
1567 1568
1567 1569
1567 1570
1567 1488
1567 1490
1567 1587
1567 1590
1567 1591
1567 1592
1567 1593
1567 1594
1567 1595
1568 1488
1568 1490
1568 1567
1569 1570
1569 1571
1569 1572
1569 1573
1569 1514
1569 1488
1569 1593
1569 1595
1569 1596
1569 1597
1569 1598
1569 1567
1570 1488
1570 1569
1570 1567
1571 1488
1571 1569
1571 1514
1572 1600
1572 1569
1572 1601
1572 1573
1572 1510
1572 1574
1572 1575
1572 1576
1572 1514
1572 1596
1572 1598
1572 1599
1573 1569
1573 1514
1573 1572
1574 1514
1574 1572
1574 1510
1575 1601
1575 1506
1575 1603
1575 1572
1575 1602
1575 1510
1575 1604
1575 1576
1575 1577
1575 1578
1575 1579
1575 1599
1576 1572
1576 1510
1576 1575
1577 1506
1577 1510
1577 1575
1578 1506
1578 1602
1578 1604
1578 1605
1578 1606
1578 1575
1578 1607
1578 1579
1578 1580
1578 1581
1578 1582
1578 1502
1579 1578
1579 1506
1579 1575
1580 1578
1580 1506
1580 1502
1581 1605
1581 1607
1581 1608
1581 1609
1581 1578
1581 1610
1581 1582
1581 1583
1581 1584
1581 1585
1581 1498
1581 1502
1582 1578
1582 1581
1582 1502
1583 1498
1583 1581
1583 1502
1584 1608
1584 1610
1584 1611
1584 1612
1584 1581
1584 1613
1584 1585
1584 1586
1584 1587
1584 1588
1584 1494
1584 1498
1585 1584
1585 1498
1585 1581
1586 1584
1586 1498
1586 1494
1587 1591
1587 1611
1587 1613
1587 1614
1587 1584
1587 1490
1587 1588
1587 1589
1587 1494
1587 1590
1587 1592
1587 1567
1588 1584
1588 1587
1588 1494
1589 1490
1589 1587
1589 1494
1590 1490
1590 1587
1590 1567
1591 1611
1591 1614
1591 1615
1591 1616
1591 1617
1591 1618
1591 1587
1591 1619
1591 1592
1591 1593
1591 1594
1591 1567
1592 1587
1592 1567
1592 1591
1593 1569
1593 1617
1593 1619
1593 1620
1593 1621
1593 1622
1593 1591
1593 1594
1593 1595
1593 1596
1593 1597
1593 1567
1594 1593
1594 1567
1594 1591
1595 1593
1595 1569
1595 1567
1596 1600
1596 1569
1596 1572
1596 1625
1596 1620
1596 1622
1596 1623
1596 1624
1596 1593
1596 1597
1596 1598
1596 1599
1597 1593
1597 1596
1597 1569
1598 1569
1598 1596
1598 1572
1599 1600
1599 1601
1599 1602
1599 1603
1599 1572
1599 1575
1599 1623
1599 1625
1599 1626
1599 1627
1599 1596
1599 1628
1600 1596
1600 1572
1600 1599
1601 1572
1601 1575
1601 1599
1602 1603
1602 1604
1602 1605
1602 1606
1602 1575
1602 1578
1602 1631
1602 1626
1602 1628
1602 1629
1602 1630
1602 1599
1603 1602
1603 1575
1603 1599
1604 1602
1604 1578
1604 1575
1605 1632
1605 1633
1605 1602
1605 1634
1605 1606
1605 1607
1605 1608
1605 1609
1605 1578
1605 1581
1605 1629
1605 1631
1606 1602
1606 1578
1606 1605
1607 1578
1607 1581
1607 1605
1608 1632
1608 1634
1608 1635
1608 1636
1608 1605
1608 1637
1608 1609
1608 1610
1608 1611
1608 1612
1608 1581
1608 1584
1609 1608
1609 1581
1609 1605
1610 1608
1610 1584
1610 1581
1611 1635
1611 1637
1611 1638
1611 1608
1611 1612
1611 1613
1611 1614
1611 1615
1611 1584
1611 1616
1611 1587
1611 1591
1612 1608
1612 1584
1612 1611
1613 1584
1613 1587
1613 1611
1614 1587
1614 1611
1614 1591
1615 1635
1615 1638
1615 1611
1615 1646
1615 1647
1615 1616
1615 1617
1615 1618
1615 1652
1615 1591
1616 1611
1616 1591
1616 1615
1617 1615
1617 1647
1617 1618
1617 1619
1617 1620
1617 1621
1617 1652
1617 1591
1617 1653
1617 1593
1618 1617
1618 1591
1618 1615
1619 1617
1619 1593
1619 1591
1620 1647
1620 1617
1620 1621
1620 1622
1620 1623
1620 1624
1620 1593
1620 1653
1620 1654
1620 1596
1621 1617
1621 1620
1621 1593
1622 1593
1622 1620
1622 1596
1623 1647
1623 1620
1623 1654
1623 1655
1623 1624
1623 1625
1623 1626
1623 1627
1623 1596
1623 1599
1624 1620
1624 1596
1624 1623
1625 1596
1625 1599
1625 1623
1626 1602
1626 1655
1626 1647
1626 1623
1626 1656
1626 1627
1626 1628
1626 1629
1626 1630
1626 1599
1627 1626
1627 1599
1627 1623
1628 1626
1628 1602
1628 1599
1629 1632
1629 1633
1629 1602
1629 1605
1629 1647
1629 1649
1629 1656
1629 1626
1629 1630
1629 1631
1630 1626
1630 1602
1630 1629
1631 1602
1631 1605
1631 1629
1632 1633
1632 1634
1632 1635
1632 1636
1632 1605
1632 1608
1632 1647
1632 1648
1632 1649
1632 1629
1633 1632
1633 1605
1633 1629
1634 1632
1634 1608
1634 1605
1635 1632
1635 1636
1635 1637
1635 1638
1635 1608
1635 1611
1635 1646
1635 1615
1635 1647
1635 1648
1636 1632
1636 1608
1636 1635
1637 1608
1637 1611
1637 1635
1638 1611
1638 1635
1638 1615
1639 1560
1639 1563
1639 1640
1640 1639
1640 1543
1640 1641
1640 1642
1640 1643
1640 1644
1640 1548
1640 1645
1640 1551
1640 1545
1640 1554
1640 1650
1640 1651
1640 1557
1640 1560
1640 1563
1641 1560
1641 1640
1641 1557
1642 1640
1642 1554
1642 1557
1643 1640
1643 1554
1643 1551
1644 1640
1644 1548
1644 1551
1645 1640
1645 1545
1645 1548
1646 1635
1646 1647
1646 1615
1647 1632
1647 1635
1647 1623
1647 1655
1647 1646
1647 1615
1647 1648
1647 1649
1647 1617
1647 1652
1647 1620
1647 1653
1647 1654
1647 1656
1647 1626
1647 1629
1648 1632
1648 1635
1648 1647
1649 1632
1649 1629
1649 1647
1650 1640
1650 1545
1650 1543
1651 1640
1651 1563
1651 1543
1652 1617
1652 1615
1652 1647
1653 1617
1653 1620
1653 1647
1654 1620
1654 1623
1654 1647
1655 1626
1655 1623
1655 1647
1656 1626
1656 1629
1656 1647
1657 1687
1657 1691
1657 1683
1657 1690
1657 1686
1657 1399
1657 1688
1657 1689
1657 1658
1657 1659
1657 1660
1657 1661
1658 1666
1658 1735
1658 1736
1658 1737
1658 1682
1658 1683
1658 1395
1658 1685
1658 1686
1658 1399
1658 1657
1658 1659
1659 1657
1659 1658
1659 1399
1660 1664
1660 1693
1660 1694
1660 1689
1660 1395
1660 1399
1660 1657
1660 1691
1660 1692
1660 1661
1660 1662
1660 1663
1661 1657
1661 1660
1661 1399
1662 1395
1662 1660
1662 1399
1663 1664
1663 1665
1663 1666
1663 1667
1663 1668
1663 1692
1663 1696
1663 1697
1663 1395
1663 1660
1663 1694
1663 1695
1664 1395
1664 1660
1664 1663
1665 1666
1665 1395
1665 1663
1666 1665
1666 1667
1666 1668
1666 1669
1666 1670
1666 1736
1666 1737
1666 1738
1666 1682
1666 1395
1666 1658
1666 1663
1667 1697
1667 1666
1667 1699
1667 1668
1667 1669
1667 1670
1667 1671
1667 1672
1667 1698
1667 1700
1667 1695
1667 1663
1668 1666
1668 1667
1668 1663
1669 1666
1669 1667
1669 1670
1670 1666
1670 1667
1670 1669
1670 1671
1670 1672
1670 1673
1670 1674
1670 1738
1670 1739
1670 1740
1670 1678
1670 1682
1671 1698
1671 1667
1671 1700
1671 1701
1671 1670
1671 1702
1671 1672
1671 1673
1671 1674
1671 1675
1671 1676
1671 1703
1672 1667
1672 1670
1672 1671
1673 1674
1673 1670
1673 1671
1674 1670
1674 1671
1674 1673
1674 1675
1674 1676
1674 1677
1674 1678
1674 1740
1675 1701
1675 1671
1675 1703
1675 1705
1675 1674
1675 1704
1675 1676
1675 1677
1675 1678
1675 1679
1675 1680
1675 1706
1676 1674
1676 1675
1676 1671
1677 1674
1677 1675
1677 1678
1678 1670
1678 1674
1678 1675
1678 1739
1678 1677
1678 1740
1678 1679
1678 1680
1678 1681
1678 1682
1679 1704
1679 1706
1679 1675
1679 1708
1679 1707
1679 1678
1679 1709
1679 1680
1679 1681
1679 1682
1679 1683
1679 1684
1680 1675
1680 1678
1680 1679
1681 1682
1681 1678
1681 1679
1682 1666
1682 1670
1682 1737
1682 1738
1682 1739
1682 1678
1682 1679
1682 1681
1682 1683
1682 1684
1682 1685
1682 1658
1683 1707
1683 1709
1683 1710
1683 1679
1683 1682
1683 1684
1683 1685
1683 1686
1683 1687
1683 1688
1683 1657
1683 1658
1684 1682
1684 1683
1684 1679
1685 1682
1685 1683
1685 1658
1686 1657
1686 1658
1686 1683
1687 1707
1687 1710
1687 1711
1687 1712
1687 1713
1687 1689
1687 1683
1687 1714
1687 1715
1687 1688
1687 1657
1687 1690
1688 1657
1688 1683
1688 1687
1689 1692
1689 1713
1689 1715
1689 1716
1689 1717
1689 1718
1689 1687
1689 1657
1689 1690
1689 1691
1689 1660
1689 1693
1690 1689
1690 1657
1690 1687
1691 1689
1691 1660
1691 1657
1692 1696
1692 1695
1692 1721
1692 1716
1692 1718
1692 1719
1692 1720
1692 1689
1692 1660
1692 1693
1692 1694
1692 1663
1693 1660
1693 1689
1693 1692
1694 1660
1694 1692
1694 1663
1695 1696
1695 1697
1695 1698
1695 1667
1695 1699
1695 1724
1695 1719
1695 1721
1695 1722
1695 1723
1695 1692
1695 1663
1696 1692
1696 1663
1696 1695
1697 1667
1697 1663
1697 1695
1698 1699
1698 1700
1698 1667
1698 1701
1698 1671
1698 1702
1698 1727
1698 1722
1698 1724
1698 1725
1698 1726
1698 1695
1699 1698
1699 1667
1699 1695
1700 1698
1700 1667
1700 1671
1701 1728
1701 1729
1701 1698
1701 1730
1701 1702
1701 1703
1701 1671
1701 1704
1701 1705
1701 1675
1701 1725
1701 1727
1702 1698
1702 1701
1702 1671
1703 1675
1703 1701
1703 1671
1704 1728
1704 1730
1704 1731
1704 1732
1704 1701
1704 1733
1704 1705
1704 1706
1704 1675
1704 1707
1704 1708
1704 1679
1705 1704
1705 1675
1705 1701
1706 1704
1706 1675
1706 1679
1707 1731
1707 1733
1707 1734
1707 1704
1707 1708
1707 1709
1707 1710
1707 1679
1707 1711
1707 1712
1707 1683
1707 1687
1708 1704
1708 1707
1708 1679
1709 1707
1709 1683
1709 1679
1710 1707
1710 1683
1710 1687
1711 1731
1711 1734
1711 1707
1711 1742
1711 1712
1711 1713
1711 1714
1711 1747
1711 1748
1711 1687
1712 1687
1712 1707
1712 1711
1713 1742
1713 1711
1713 1714
1713 1715
1713 1716
1713 1717
1713 1748
1713 1687
1713 1749
1713 1689
1714 1687
1714 1713
1714 1711
1715 1713
1715 1689
1715 1687
1716 1742
1716 1744
1716 1713
1716 1717
1716 1718
1716 1719
1716 1720
1716 1689
1716 1749
1716 1692
1717 1713
1717 1689
1717 1716
1718 1689
1718 1716
1718 1692
1719 1742
1719 1743
1719 1744
1719 1716
1719 1720
1719 1721
1719 1722
1719 1723
1719 1692
1719 1695
1720 1692
1720 1716
1720 1719
1721 1695
1721 1692
1721 1719
1722 1698
1722 1741
1722 1742
1722 1743
1722 1719
1722 1723
1722 1724
1722 1725
1722 1726
1722 1695
1723 1695
1723 1722
1723 1719
1724 1698
1724 1722
1724 1695
1725 1728
1725 1729
1725 1698
1725 1701
1725 1741
1725 1742
1725 1745
1725 1722
1725 1726
1725 1727
1726 1698
1726 1722
1726 1725
1727 1698
1727 1725
1727 1701
1728 1729
1728 1730
1728 1731
1728 1732
1728 1701
1728 1704
1728 1742
1728 1745
1728 1746
1728 1725
1729 1728
1729 1725
1729 1701
1730 1728
1730 1701
1730 1704
1731 1728
1731 1732
1731 1733
1731 1734
1731 1704
1731 1707
1731 1742
1731 1711
1731 1746
1731 1747
1732 1728
1732 1731
1732 1704
1733 1704
1733 1731
1733 1707
1734 1731
1734 1707
1734 1711
1735 1658
1735 1395
1735 1399
1736 1666
1736 1395
1736 1658
1737 1682
1737 1658
1737 1666
1738 1682
1738 1670
1738 1666
1739 1682
1739 1670
1739 1678
1740 1674
1740 1670
1740 1678
1741 1722
1741 1725
1741 1742
1742 1728
1742 1731
1742 1741
1742 1743
1742 1744
1742 1745
1742 1746
1742 1747
1742 1716
1742 1711
1742 1713
1742 1719
1742 1748
1742 1749
1742 1722
1742 1725
1743 1722
1743 1742
1743 1719
1744 1716
1744 1742
1744 1719
1745 1728
1745 1725
1745 1742
1746 1728
1746 1731
1746 1742
1747 1731
1747 1742
1747 1711
1748 1713
1748 1742
1748 1711
1749 1713
1749 1716
1749 1742
