0.000000 0.032975 0.046030
0.000000 0.422852 0.046030
0.000000 0.395816 0.046030
0.057120 0.473586 -0.009732
-0.057122 0.473584 -0.009732
0.000000 0.489069 0.046030
0.055115 0.367927 0.046030
-0.055114 0.367927 0.046030
-0.000000 0.562138 0.046030
0.055115 0.222939 0.046030
-0.055114 0.222939 0.046030
0.026501 0.657309 0.046030
-0.000001 0.672118 0.046030
-0.026503 0.657310 0.046030
0.055116 0.077948 0.046030
-0.055112 0.077947 0.046030
0.059180 0.641167 0.046030
-0.000001 0.718739 0.046030
0.000744 0.693789 0.024415
-0.000746 0.693788 0.024414
-0.059182 0.641166 0.046030
0.055117 0.047425 0.085931
-0.055112 0.047424 0.085931
0.177588 0.641168 0.046030
-0.000001 0.775293 0.145580
-0.000002 0.952103 0.046030
-0.000001 0.711765 0.142701
-0.177590 0.641167 0.046030
0.295995 0.641168 0.046031
-0.295997 0.641172 0.046031
0.328386 0.618866 0.078169
0.343571 0.648932 0.045967
-0.328387 0.618870 0.078168
-0.343573 0.648936 0.045967
