0.228633 0.864412 -0.097460 -0.669745 0.389691 0.632125
0.282148 0.832153 -0.087165 0.132102 0.470837 0.872274
0.269275 0.842754 -0.091553 0.174217 0.549736 0.816969
0.297044 0.831696 -0.090034 0.156782 0.450886 0.878704
0.251568 0.858381 -0.097327 0.107413 0.428266 0.897246
0.229028 0.879035 -0.104487 -0.682735 0.331374 0.651203
0.229371 0.868467 -0.112781 -0.998888 0.004424 -0.046944
0.230452 0.861954 -0.136397 -0.724752 -0.225593 -0.651032
0.229658 0.857568 -0.121229 -0.998735 0.016024 -0.047669
0.229888 0.846337 -0.129830 -0.736329 -0.239510 -0.632814
0.283174 0.814025 -0.123553 -0.077226 -0.386470 -0.919063
0.247838 0.840772 -0.129927 -0.123027 -0.380905 -0.916393
0.298020 0.814491 -0.124625 -0.085457 -0.370077 -0.925062
0.270549 0.830157 -0.128192 -0.058359 -0.317801 -0.946360
0.229934 0.789025 -0.061225 -0.878195 0.239794 0.413851
0.247198 0.798299 -0.067031 0.033025 0.485474 0.873627
0.229513 0.773718 -0.052703 -0.362060 0.413353 0.835495
0.269568 0.812522 -0.076634 0.186691 0.368836 0.910553
0.228219 0.753652 -0.091982 -0.918639 -0.119761 -0.376511
0.229222 0.772132 -0.068637 -0.999256 0.035667 0.014699
0.228253 0.770147 -0.097844 -0.524420 -0.338965 -0.781080
0.251497 0.779430 -0.104817 -0.147445 -0.330932 -0.932064
0.269816 0.799554 -0.115341 -0.049723 -0.457848 -0.887639
0.228802 0.770941 -0.083684 -0.999162 0.015517 0.037867
-0.228037 0.864669 -0.097461 0.670182 0.388876 0.632164
-0.228415 0.879292 -0.104488 0.683095 0.330597 0.651220
-0.250979 0.858663 -0.097328 -0.106958 0.428398 0.897238
-0.296484 0.832029 -0.090036 -0.156254 0.451048 0.878715
-0.268703 0.843055 -0.091555 -0.173558 0.549819 0.817054
-0.281587 0.832468 -0.087167 -0.131480 0.471028 0.872265
-0.229858 0.862216 -0.136398 0.724525 -0.226456 -0.650984
-0.228770 0.868726 -0.112782 0.998893 0.003273 -0.046922
-0.229312 0.846599 -0.129831 0.736073 -0.240357 -0.632792
-0.229069 0.857828 -0.121230 0.998753 0.014882 -0.047647
-0.247268 0.841053 -0.129928 0.122621 -0.381055 -0.916385
-0.282634 0.814345 -0.123554 0.076877 -0.386546 -0.919061
-0.269991 0.830463 -0.128193 0.058115 -0.317971 -0.946318
-0.297480 0.814828 -0.124628 0.085092 -0.370192 -0.925050
-0.269030 0.812824 -0.076635 -0.186236 0.369117 0.910532
-0.229018 0.773976 -0.052703 0.362624 0.413046 0.835402
-0.246676 0.798575 -0.067033 -0.032282 0.485684 0.873538
-0.229422 0.789282 -0.061228 0.878492 0.238856 0.413763
-0.227748 0.753909 -0.091982 0.918490 -0.120852 -0.376525
-0.228729 0.772389 -0.068638 0.999296 0.034543 0.014662
-0.227763 0.770404 -0.097846 0.524044 -0.339544 -0.781081
-0.269292 0.799859 -0.115343 0.049327 -0.457762 -0.887706
-0.228311 0.771198 -0.083685 0.999180 0.014368 0.037861
-0.250997 0.779714 -0.104819 0.146998 -0.331208 -0.932037
0.032766 0.326466 0.151524 0.016928 -0.477122 0.878674
0.024545 0.327237 0.152211 0.029430 -0.471509 0.881370
0.021884 0.321074 0.148855 0.027259 -0.487124 0.872907
0.008340 0.309518 0.142829 0.023696 -0.483168 0.875207
0.019192 0.315236 0.145703 0.020131 -0.479195 0.877478
0.016469 0.309724 0.142755 0.020129 -0.479193 0.877479
0.007574 0.354351 0.166705 0.006685 -0.477115 0.878815
0.021628 0.336018 0.156813 0.031593 -0.455742 0.889551
0.010403 0.361768 0.170866 -0.003935 -0.488127 0.872764
0.016914 0.347528 0.163032 -0.011287 -0.485964 0.873906
-0.010374 0.361779 0.170866 0.005240 -0.487599 0.873052
-0.002508 0.359302 0.169479 -0.000259 -0.489197 0.872173
-0.007553 0.354359 0.166705 -0.005469 -0.480148 0.877171
0.003475 0.356826 0.168092 -0.000258 -0.489198 0.872173
-0.032776 0.326503 0.151524 -0.017458 -0.477098 0.878677
-0.016901 0.347547 0.163032 0.010740 -0.485984 0.873901
-0.024555 0.327265 0.152211 -0.029951 -0.471472 0.881372
-0.021628 0.336042 0.156813 -0.032095 -0.455723 0.889543
-0.008370 0.309527 0.142829 -0.024231 -0.483119 0.875219
-0.021900 0.321098 0.148855 -0.027800 -0.487072 0.872919
-0.016499 0.309742 0.142755 -0.020659 -0.479147 0.877492
-0.019215 0.315257 0.145703 -0.020660 -0.479148 0.877491
0.045905 0.863653 -0.148941 0.283927 0.453093 -0.845040
0.057953 0.872890 -0.141071 0.257577 0.409650 -0.875124
0.060602 0.851293 -0.151361 0.228370 0.441452 -0.867737
0.077947 0.817335 -0.164072 0.295714 0.312991 -0.902546
0.062526 0.833092 -0.160647 0.311768 0.482979 -0.818249
0.063727 0.818289 -0.168927 0.304283 0.160668 -0.938934
0.066982 0.803253 -0.167636 0.322394 -0.011506 -0.946536
0.059271 0.774135 -0.169908 0.287331 -0.051634 -0.956439
0.054156 0.786910 -0.171288 0.251417 -0.003869 -0.967871
0.039471 0.768306 -0.175028 0.268381 -0.109531 -0.957066
0.079537 0.755212 -0.161014 0.286116 -0.139158 -0.948036
0.139870 0.723194 -0.138106 0.560323 -0.146817 -0.815158
0.106337 0.733783 -0.149565 0.265115 -0.184548 -0.946391
0.139669 0.709849 -0.135560 0.725351 -0.221472 -0.651779
0.046750 0.648845 0.198138 0.708537 -0.209562 0.673839
0.046954 0.643934 0.194541 0.701051 -0.336395 0.628782
0.083082 0.665604 0.164529 0.715523 -0.393203 0.577424
0.155542 0.704032 0.100907 0.874665 -0.105969 0.473004
0.119153 0.688745 0.133502 0.671036 -0.016898 0.741232
0.155166 0.713358 0.101460 0.912653 -0.022550 0.408112
0.156654 0.710450 0.096049 0.967165 0.023991 0.253015
0.159253 0.713961 0.085780 0.961734 -0.036150 0.271590
0.168106 0.735393 0.062327 0.960872 -0.128241 0.245520
0.189899 0.778861 -0.000258 0.998725 0.031227 0.039663
0.176296 0.756167 0.039288 0.938969 0.033729 0.342344
0.183823 0.776283 0.016661 0.940529 0.011517 0.339519
0.189355 0.785964 0.001490 0.974033 0.207105 -0.091470
0.187692 0.780369 0.005964 0.941614 -0.010701 0.336524
0.167531 0.811004 -0.038117 0.904292 0.166045 -0.393301
0.123339 0.868188 -0.115583 0.905608 0.299425 -0.300365
0.146941 0.840239 -0.070643 0.882989 0.424893 -0.199491
0.128130 0.866564 -0.097836 0.882989 0.424894 -0.199490
0.157887 0.690219 0.089848 0.973587 -0.017004 0.227682
0.158866 0.652665 0.082857 0.967825 -0.071587 0.241225
0.160259 0.677893 0.080832 0.933858 -0.022916 0.356910
0.162658 0.667053 0.073859 0.969936 -0.121592 0.210806
0.166325 0.669620 0.050480 0.975702 -0.173337 0.134018
0.177452 0.689143 -0.005276 0.986754 -0.161994 -0.008687
0.173199 0.685972 0.021332 0.976723 -0.165573 0.136376
0.179488 0.701721 -0.004587 0.979773 -0.127059 -0.154599
0.165536 0.700238 -0.048474 0.945368 -0.136818 -0.295906
0.153009 0.711588 -0.092751 0.953155 -0.070477 -0.294156
0.056540 0.648960 0.187350 0.676529 -0.291898 0.676095
0.065414 0.642546 0.175765 0.682319 -0.277542 0.676322
0.092545 0.635100 0.145338 0.671364 -0.354720 0.650726
0.085378 0.641239 0.155232 0.670577 -0.306180 0.675707
0.107049 0.639657 0.133009 0.664828 -0.415984 0.620452
0.109221 0.627703 0.120997 0.651716 -0.475429 0.590960
0.128069 0.608352 0.084643 0.658180 -0.468529 0.589304
0.122841 0.621235 0.100676 0.664585 -0.461585 0.587593
0.133406 0.615695 0.084375 0.664586 -0.461584 0.587592
0.038318 0.618379 -0.105566 0.226137 -0.518654 -0.824536
0.056044 0.553968 -0.061632 0.203447 -0.512877 -0.834006
0.045744 0.576336 -0.077900 0.203448 -0.512877 -0.834006
0.042869 0.556661 -0.066502 0.210911 -0.511635 -0.832914
0.036728 0.594072 -0.091069 0.218361 -0.510364 -0.831773
0.028997 0.607176 -0.101139 0.239055 -0.532248 -0.812136
0.000160 0.618392 -0.117697 -0.000314 -0.560515 -0.828144
0.022492 0.614649 -0.108134 0.256348 -0.532146 -0.806912
0.009770 0.610918 -0.109583 0.242179 -0.553617 -0.796779
0.000154 0.607185 -0.109912 -0.000302 -0.570513 -0.821289
-0.028690 0.607207 -0.101139 -0.239695 -0.531948 -0.812144
-0.009459 0.610928 -0.109583 -0.242765 -0.553358 -0.796781
-0.037998 0.618423 -0.105566 -0.226744 -0.518368 -0.824549
-0.022176 0.614674 -0.108134 -0.256976 -0.531771 -0.806959
-0.036435 0.594113 -0.091069 -0.219065 -0.510096 -0.831753
-0.042618 0.556710 -0.066502 -0.211508 -0.511394 -0.832911
-0.045471 0.576388 -0.077900 -0.203940 -0.512662 -0.834018
-0.055797 0.554030 -0.061632 -0.203942 -0.512662 -0.834018
0.000300 0.866737 -0.164362 0.000288 0.532553 -0.846397
0.015503 0.868891 -0.157219 0.306704 0.506773 -0.805676
0.000305 0.876284 -0.158355 0.000057 0.107376 -0.994218
0.034721 0.870942 -0.149456 0.286290 0.377061 -0.880831
-0.045309 0.863702 -0.148941 -0.283394 0.453382 -0.845064
-0.014901 0.868908 -0.157219 -0.306156 0.507097 -0.805681
-0.057346 0.872957 -0.141071 -0.257062 0.409869 -0.875172
-0.034117 0.870981 -0.149456 -0.285864 0.377266 -0.880882
-0.063182 0.818360 -0.168928 -0.304120 0.161005 -0.938929
-0.061965 0.833162 -0.160647 -0.311213 0.483358 -0.818237
-0.077403 0.817424 -0.164072 -0.295344 0.313318 -0.902554
-0.060019 0.851361 -0.151361 -0.227766 0.441684 -0.867778
-0.058776 0.774202 -0.169908 -0.287407 -0.051325 -0.956432
-0.066454 0.803329 -0.167636 -0.322468 -0.011169 -0.946515
-0.038982 0.768350 -0.175028 -0.268502 -0.109231 -0.957066
-0.053647 0.786971 -0.171288 -0.251420 -0.003606 -0.967871
-0.139432 0.723354 -0.138107 -0.560485 -0.146180 -0.815161
-0.079063 0.755302 -0.161014 -0.286268 -0.138832 -0.948038
-0.139246 0.710008 -0.135561 -0.725593 -0.220660 -0.651785
-0.105887 0.733904 -0.149565 -0.265323 -0.184240 -0.946393
-0.046398 0.648898 0.198138 -0.708786 -0.208816 0.673809
-0.154741 0.713536 0.101460 -0.912690 -0.021609 0.408082
-0.118755 0.688880 0.133501 -0.671111 -0.016315 0.741178
-0.155126 0.704205 0.100906 -0.874787 -0.105063 0.472979
-0.082711 0.665697 0.164528 -0.715972 -0.392334 0.577458
-0.046608 0.643987 0.194541 -0.701452 -0.335525 0.628799
-0.158827 0.714143 0.085777 -0.961777 -0.035146 0.271568
-0.156231 0.710628 0.096048 -0.967161 0.024887 0.252944
-0.189400 0.779073 -0.000258 -0.998688 0.032377 0.039672
-0.167656 0.735584 0.062326 -0.961018 -0.127267 0.245455
-0.183326 0.776491 0.016660 -0.940484 0.012724 0.339599
-0.175822 0.756367 0.039287 -0.938898 0.034925 0.342419
-0.187191 0.780580 0.005964 -0.941596 -0.009482 0.336610
-0.188847 0.786177 0.001489 -0.973794 0.208223 -0.091475
-0.122738 0.868325 -0.115584 -0.905272 0.300392 -0.300411
-0.166995 0.811192 -0.038118 -0.904105 0.167094 -0.393285
-0.127531 0.866710 -0.097837 -0.882545 0.425760 -0.199609
-0.146372 0.840404 -0.070644 -0.882544 0.425761 -0.199608
-0.162284 0.667235 0.073858 -0.970072 -0.120498 0.210810
-0.159873 0.678074 0.080830 -0.933877 -0.021868 0.356924
-0.158508 0.652843 0.082856 -0.967901 -0.070508 0.241238
-0.157487 0.690397 0.089846 -0.973598 -0.015917 0.227715
-0.177053 0.689343 -0.005276 -0.986934 -0.160893 -0.008691
-0.165948 0.669807 0.050479 -0.975894 -0.172259 0.134009
-0.179075 0.701925 -0.004589 -0.979915 -0.125958 -0.154602
-0.172804 0.686168 0.021331 -0.976913 -0.164442 0.136383
-0.165125 0.700425 -0.048475 -0.945513 -0.135792 -0.295914
-0.152584 0.711762 -0.092752 -0.953232 -0.069402 -0.294164
-0.056187 0.649027 0.187349 -0.676843 -0.291178 0.676091
-0.106707 0.639777 0.133008 -0.665254 -0.415315 0.620444
-0.085034 0.641337 0.155231 -0.670848 -0.305606 0.675698
-0.092208 0.635207 0.145336 -0.671721 -0.354034 0.650731
-0.065069 0.642622 0.175764 -0.682672 -0.276679 0.676320
-0.127762 0.608498 0.084643 -0.658688 -0.467817 0.589302
-0.108892 0.627827 0.120996 -0.652147 -0.474814 0.590979
-0.133090 0.615845 0.084373 -0.665165 -0.460780 0.587569
-0.122520 0.621373 0.100675 -0.665166 -0.460778 0.587569
-0.024437 0.454126 0.077176 -0.433019 0.245216 0.867389
0.025609 0.454097 0.077176 0.863600 0.107041 0.492683
0.010743 0.493419 0.065179 0.000169 0.291883 0.956454
0.031056 0.572034 0.041184 0.430001 0.245301 0.868865
-0.007708 0.532743 0.053181 0.000168 0.291883 0.956454
-0.029743 0.572069 0.041184 -0.863501 0.108074 0.492632
0.037197 0.580268 -0.019620 0.920220 -0.156470 -0.358765
0.031287 0.535466 0.032913 0.995026 -0.015946 0.098335
0.030749 0.461473 0.016856 0.458304 -0.283525 -0.842361
0.031185 0.498613 0.024804 0.996262 -0.029102 0.081335
-0.035874 0.580308 -0.019621 -0.461270 -0.282706 -0.841016
0.010691 0.540683 -0.007462 -0.000148 -0.293517 -0.955954
-0.029568 0.461508 0.016855 -0.920391 -0.155366 -0.358806
-0.011564 0.501096 0.004697 -0.000155 -0.293521 -0.955953
-0.027916 0.495901 0.045072 -0.996409 -0.019697 0.082346
-0.031728 0.537962 0.012806 -0.994998 -0.022967 0.097214
0.040262 0.158403 0.126465 0.712901 -0.250841 0.654867
-0.040300 0.158403 0.126465 -0.787233 -0.066824 0.613025
-0.000019 0.139089 0.122421 0.000000 -0.204918 0.978779
-0.000019 0.100460 0.114334 -0.348062 -0.866676 -0.357386
-0.018460 0.285806 0.112934 -0.239357 0.576514 0.781242
-0.006166 0.200871 0.121955 0.000000 0.105612 0.994407
0.018423 0.285806 0.112933 0.636857 0.458377 0.619922
0.013408 0.243338 0.117444 0.000027 0.105625 0.994406
0.042204 0.188340 0.088214 0.923876 -0.045015 0.380035
0.023597 0.294922 0.090872 0.314584 0.659623 0.682594
0.028075 0.256356 0.097340 0.944898 0.157807 0.286817
0.033630 0.210850 0.109204 0.963202 0.185743 0.194273
-0.023635 0.294922 0.090872 -0.522066 0.337432 0.783318
-0.006166 0.291883 0.098226 -0.000000 0.924211 0.381883
0.007853 0.288845 0.105580 0.000010 0.924204 0.381900
-0.042242 0.188340 0.088214 -0.912449 -0.239481 -0.331793
-0.035392 0.213888 0.101850 -0.970057 0.164905 0.178312
-0.027465 0.246377 0.110090 -0.934868 0.191974 0.298612
-0.000019 0.151364 0.080362 0.263392 -0.408849 -0.873766
-0.014093 0.146721 0.094303 -0.539535 -0.467380 -0.700327
-0.027520 0.149068 0.109671 -0.803886 -0.487511 -0.340736
0.027482 0.166036 0.098347 0.632530 -0.625201 -0.457197
0.013408 0.136742 0.107054 0.723811 -0.383023 -0.573926
0.027445 0.293080 -0.031363 0.265838 0.628253 -0.731182
0.037768 0.182851 -0.041079 0.652915 -0.126767 -0.746747
0.009136 0.219594 -0.037840 0.000000 0.087803 -0.996138
-0.037806 0.182851 -0.041079 -0.249467 -0.268232 -0.930494
-0.012615 0.256337 -0.034602 -0.000000 0.087803 -0.996138
-0.027483 0.293080 -0.031363 -0.682859 0.448108 -0.576977
0.032971 0.296688 -0.011028 0.821847 0.500531 -0.272095
0.045372 0.154309 -0.015477 0.560496 -0.731238 -0.388761
0.038704 0.211283 -0.022528 0.977768 0.091064 -0.188883
0.032728 0.257540 -0.027823 0.953423 0.113907 -0.279301
-0.045410 0.154309 -0.015477 -0.829994 -0.205473 -0.518547
-0.012615 0.163823 -0.024011 -0.000000 -0.667728 -0.744406
0.015111 0.173337 -0.032545 -0.000000 -0.667728 -0.744406
-0.033009 0.296688 -0.011724 -0.334606 0.740457 -0.582891
-0.035301 0.248026 -0.019521 -0.954192 0.090625 -0.285139
-0.036900 0.210080 -0.029306 -0.979329 0.106853 -0.171745
0.009136 0.295485 -0.018038 0.001848 0.984534 -0.175186
-0.011016 0.294283 -0.024817 0.000000 0.983540 -0.180691
-0.007891 0.223867 0.089100 -0.000000 -0.024931 0.999689
0.014055 0.259395 0.089986 -0.000000 -0.024931 0.999689
-0.000019 0.176015 0.085597 -0.000000 0.207722 -0.978188
-0.015149 0.249228 -0.012743 0.010545 0.025431 -0.999621
0.010978 0.201769 -0.013994 0.000000 -0.031232 0.999512
0.000071 0.460896 -0.052595 -0.000212 -0.383364 -0.923597
0.041738 0.372771 -0.048400 -0.333119 -0.473033 -0.815642
0.013943 0.401337 -0.046807 -0.200338 -0.140876 -0.969546
0.000020 0.370343 -0.039427 -0.000165 -0.334947 -0.942237
0.012248 0.460896 -0.052278 -0.001870 -0.236418 -0.971650
0.018019 0.431521 -0.051091 0.026008 -0.035260 -0.999040
0.019606 0.460945 0.131836 -0.306745 0.703827 0.640730
0.000076 0.470581 0.105862 0.000520 0.920475 0.390802
0.006584 0.464170 0.122521 -0.035508 0.927969 0.370962
0.000070 0.460985 0.129866 0.000355 0.631755 0.775168
0.047453 0.469277 0.107612 -0.161840 0.875275 0.455742
0.022378 0.466934 0.115103 0.013373 0.940714 0.338937
0.205077 0.499322 0.049941 0.440132 0.767280 0.466440
0.273622 0.449620 0.056911 0.373180 0.614210 0.695329
0.242937 0.470403 0.027888 0.589447 0.806515 -0.045660
0.250113 0.462267 -0.023188 0.440490 0.601061 -0.666853
0.219623 0.486981 0.002940 0.623164 0.781991 -0.012469
0.203680 0.499353 -0.017934 0.373295 0.684361 -0.626339
0.279529 0.567428 0.042682 0.782439 -0.504314 0.365317
0.199996 0.502254 0.048613 0.933178 -0.006300 0.359360
0.226531 0.523798 0.024883 0.634131 -0.773193 0.007120
0.200069 0.501713 -0.016645 0.818351 -0.411186 -0.401531
0.253042 0.545360 -0.003194 0.635165 -0.772362 0.004813
0.279529 0.566940 -0.035620 0.399052 -0.565518 -0.721766
0.205370 0.522162 0.115667 0.535654 0.039472 0.843515
0.228298 0.530615 0.068987 0.631917 -0.755341 0.173612
0.169939 0.457029 0.063083 0.715526 -0.315731 0.623167
0.191768 0.493815 0.075788 0.842505 -0.531091 0.090156
0.162642 0.476983 0.137095 0.683128 -0.144895 0.715781
0.179317 0.485391 0.105282 0.759499 -0.605371 0.238091
0.190408 0.510768 -0.057241 0.377435 -0.122167 -0.917942
0.186600 0.488368 -0.035191 0.847178 -0.438853 -0.299497
0.169322 0.452624 -0.031688 0.486018 -0.520381 -0.702133
0.223335 0.526474 -0.036502 0.559664 -0.770530 -0.305057
0.168928 0.470645 -0.054545 0.806827 -0.457092 -0.374296
0.147053 0.448543 -0.074707 0.337069 -0.326762 -0.882956
0.037276 0.365097 0.131863 -0.220982 -0.369983 0.902374
0.037968 0.400782 0.149116 -0.908603 -0.167397 0.382648
0.057021 0.376303 0.183650 -0.492654 -0.172510 0.852955
0.033986 0.434124 0.151759 -0.811432 -0.000913 0.584446
0.025331 0.465124 0.139791 -0.204921 0.800224 0.563604
0.077779 0.415050 0.156487 0.197206 0.489727 0.849280
0.150986 0.403724 0.146019 0.689523 0.349218 0.634511
0.077730 0.445305 0.137413 0.270546 0.627710 0.729921
0.056873 0.467067 0.126429 0.360712 0.901856 0.237788
0.043219 0.467156 0.124611 -0.009701 0.992553 0.121428
0.030797 0.465115 0.126413 -0.415518 0.893492 -0.170342
0.024628 0.470417 -0.045860 0.261009 0.223660 -0.939069
0.042492 0.446318 -0.052833 0.170652 0.388498 -0.905509
0.090599 0.407642 -0.060360 0.353751 0.473425 -0.806678
0.049876 0.414564 -0.058661 -0.021088 0.119613 -0.992597
0.046780 0.375154 -0.063344 -0.181219 -0.448005 -0.875472
0.033589 0.402940 -0.054674 -0.884323 -0.311242 -0.347995
0.042220 0.495320 -0.018411 0.872748 -0.469623 -0.133287
0.054580 0.546266 -0.116984 0.614725 -0.504020 -0.606693
0.148944 0.408797 0.128704 0.754029 0.551277 0.357118
0.119680 0.451686 0.124470 -0.242934 -0.070257 0.967495
0.138488 0.489474 0.120125 -0.237003 0.590162 0.771712
0.131204 0.517740 0.105899 -0.141710 0.278467 0.949934
0.140790 0.561781 0.094419 -0.407928 0.789972 0.457755
0.216971 0.606595 0.044266 -0.107047 0.674302 0.730655
0.187710 0.563513 0.084784 0.134015 0.629094 0.765690
0.233957 0.565395 0.067538 0.374329 0.568248 0.732783
0.290515 0.619500 0.019253 0.244754 0.354425 0.902484
0.375044 0.684476 -0.029189 0.533479 0.255385 0.806337
0.274280 0.662399 -0.000759 0.112386 0.551493 0.826574
0.230825 0.696126 -0.017353 -0.831063 0.354220 0.428791
0.229683 0.934737 -0.131822 0.175417 0.846996 0.501823
0.278517 0.771780 -0.059455 0.108312 0.430410 0.896111
0.379577 0.819988 -0.096066 0.900503 0.369566 0.229161
0.328101 0.813067 -0.085692 0.121083 0.436038 0.891745
0.202918 0.500310 0.026873 0.501728 0.864968 -0.009932
0.191671 0.486202 0.053879 -0.052166 0.335607 0.940557
0.201248 0.501107 0.004678 0.545481 0.838099 -0.006338
0.329611 0.855398 -0.118396 0.625326 0.752848 -0.205395
0.379573 0.811470 -0.127300 0.672394 0.230799 -0.703291
0.280228 0.891166 -0.141187 0.631420 0.762647 -0.140275
0.231429 0.927292 -0.164440 -0.789333 0.200910 -0.580163
0.375041 0.678783 -0.072672 0.787554 -0.451446 -0.419469
0.378064 0.770080 -0.098679 0.999493 -0.030740 0.008254
0.376554 0.727749 -0.065976 0.999497 -0.031437 0.004047
0.343205 0.643562 -0.019726 0.795477 -0.600864 0.078614
0.311366 0.604384 -0.021870 0.761097 -0.648625 0.004042
0.104454 0.529186 0.053603 -0.699150 0.713007 0.053015
0.125120 0.556501 -0.041223 -0.543704 0.705195 -0.455067
0.065734 0.498732 0.006843 -0.649872 0.753135 0.102246
0.203134 0.610615 -0.032306 -0.655194 0.529421 -0.538920
0.156348 0.576299 0.006963 -0.572256 0.819361 0.034215
0.186965 0.592997 0.035460 -0.439955 0.889111 0.126181
0.237177 0.622265 -0.043097 -0.201315 -0.280932 -0.938376
0.228868 0.689241 -0.061366 -0.534480 -0.211198 -0.818368
0.294479 0.644988 -0.056553 -0.091996 -0.241472 -0.966037
0.224357 0.562774 -0.041722 0.089762 0.230529 -0.968916
0.172887 0.559295 -0.043590 -0.062469 0.249305 -0.966408
0.113385 0.512562 -0.048108 -0.111564 0.182853 -0.976790
0.120696 0.476576 -0.059269 -0.151605 0.363621 -0.919128
0.327827 0.726498 -0.087113 -0.098168 -0.375995 -0.921407
0.279957 0.809334 -0.117702 -0.079690 -0.395357 -0.915064
0.216977 0.637779 -0.001798 -0.943971 0.273348 0.184932
0.220942 0.665327 -0.037008 -0.951032 0.309032 -0.006055
0.230374 0.770886 -0.081053 -0.998805 0.028074 0.040020
0.230646 0.852718 -0.104538 -0.998510 -0.027418 -0.047191
-0.013868 0.401352 -0.046807 0.200180 -0.141102 -0.969545
-0.041695 0.372818 -0.048400 0.332676 -0.473300 -0.815668
-0.017910 0.431541 -0.051091 -0.026045 -0.035232 -0.999040
-0.012106 0.460909 -0.052278 0.001610 -0.236413 -0.971651
-0.019465 0.460967 0.131836 0.307522 0.703483 0.640735
-0.006440 0.464178 0.122521 0.036555 0.927928 0.370963
-0.022231 0.466959 0.115103 -0.012320 0.940730 0.338932
-0.047303 0.469330 0.107612 0.162842 0.875106 0.455711
-0.204892 0.499552 0.049939 -0.439442 0.767669 0.466449
-0.249969 0.462551 -0.023189 -0.439810 0.601555 -0.666857
-0.242785 0.470677 0.027887 -0.588539 0.807180 -0.045631
-0.273493 0.449927 0.056910 -0.372497 0.614630 0.695324
-0.203495 0.499579 -0.017934 -0.372647 0.684686 -0.626370
-0.219452 0.487227 0.002939 -0.622229 0.782736 -0.012496
-0.199808 0.502481 0.048613 -0.933213 -0.005376 0.359285
-0.201061 0.501332 0.004677 -0.544498 0.838738 -0.006408
-0.199881 0.501935 -0.016647 -0.818809 -0.410270 -0.401535
-0.202732 0.500537 0.026873 -0.501124 0.865318 -0.009970
-0.169802 0.457220 0.063083 -0.715900 -0.314938 0.623138
-0.191501 0.486418 0.053878 0.052163 0.335312 0.940662
-0.279267 0.567743 0.042680 -0.783004 -0.503430 0.365327
-0.279267 0.567251 -0.035622 -0.399683 -0.565071 -0.721767
-0.252805 0.545643 -0.003196 -0.636039 -0.771642 0.004848
-0.226319 0.524053 0.024882 -0.634997 -0.772481 0.007173
-0.228078 0.530872 0.068986 -0.632766 -0.754637 0.173579
-0.205160 0.522392 0.115666 -0.535607 0.040093 0.843515
-0.191590 0.494031 0.075787 -0.843112 -0.530132 0.090125
-0.179148 0.485594 0.105281 -0.760151 -0.604537 0.238128
-0.162483 0.477170 0.137094 -0.683291 -0.144104 0.715784
-0.190210 0.510981 -0.057241 -0.377563 -0.121749 -0.917945
-0.223119 0.526722 -0.036503 -0.560516 -0.769894 -0.305100
-0.169189 0.452814 -0.031689 -0.486647 -0.519839 -0.702098
-0.186427 0.488577 -0.035192 -0.847653 -0.437912 -0.299528
-0.146925 0.448709 -0.074708 -0.337435 -0.326384 -0.882956
-0.168775 0.470835 -0.054546 -0.807337 -0.456188 -0.374298
-0.056975 0.376367 0.183650 0.492490 -0.172988 0.852953
-0.037894 0.400824 0.149116 0.908416 -0.168421 0.382642
-0.037243 0.365139 0.131863 0.220667 -0.370154 0.902381
-0.025185 0.465151 0.139791 0.205864 0.799975 0.563613
-0.150909 0.403894 0.146018 -0.689118 0.350015 0.634512
-0.077690 0.415137 0.156486 -0.196659 0.489955 0.849276
-0.033875 0.434162 0.151759 0.811442 -0.001838 0.584430
-0.056725 0.467134 0.126429 -0.359665 0.902281 0.237761
-0.077606 0.445393 0.137413 -0.269792 0.627930 0.730012
-0.043071 0.467205 0.124611 0.010997 0.992550 0.121341
-0.030651 0.465149 0.126413 0.416456 0.893070 -0.170268
-0.033512 0.402978 -0.054674 0.883983 -0.312241 -0.347965
-0.046734 0.375207 -0.063345 0.180786 -0.448102 -0.875512
-0.049786 0.414620 -0.058661 0.021212 0.119606 -0.992595
-0.090517 0.407744 -0.060360 -0.353225 0.473842 -0.806664
-0.042366 0.446366 -0.052833 -0.170213 0.388693 -0.905508
-0.024475 0.470444 -0.045860 -0.260761 0.223957 -0.939067
-0.054342 0.546328 -0.116984 -0.615285 -0.503325 -0.606702
-0.042040 0.495367 -0.018411 -0.873273 -0.468644 -0.133296
-0.119549 0.451821 0.124470 0.242846 -0.070515 0.967499
-0.148862 0.408964 0.128704 -0.753433 0.552119 0.357078
-0.138315 0.489631 0.120124 0.237676 0.589948 0.771668
-0.140536 0.561936 0.094417 0.408818 0.789506 0.457765
-0.131000 0.517886 0.105898 0.142026 0.278338 0.949924
-0.187454 0.563722 0.084782 -0.133279 0.629251 0.765689
-0.216665 0.606839 0.044264 0.107818 0.674180 0.730655
-0.233697 0.565658 0.067537 -0.373687 0.568673 0.732781
-0.374650 0.684897 -0.029191 -0.533194 0.255986 0.806334
-0.290194 0.619826 0.019251 -0.244354 0.354705 0.902483
-0.230418 0.696384 -0.017355 0.831457 0.353286 0.428799
-0.273911 0.662707 -0.000761 -0.111763 0.551626 0.826570
-0.278025 0.772092 -0.059457 -0.107826 0.430532 0.896112
-0.229007 0.934994 -0.131824 -0.174465 0.847189 0.501830
-0.327563 0.813435 -0.085695 -0.120601 0.436178 0.891742
-0.379031 0.820414 -0.096069 -0.900096 0.370574 0.229133
-0.230761 0.927554 -0.164441 0.789577 0.200037 -0.580132
-0.279601 0.891481 -0.141189 -0.630567 0.763364 -0.140215
-0.379035 0.811896 -0.127302 -0.672130 0.231551 -0.703297
-0.329024 0.855768 -0.118398 -0.624475 0.753545 -0.205430
-0.374653 0.679205 -0.072674 -0.788058 -0.450559 -0.419477
-0.377573 0.770505 -0.098682 -0.999527 -0.029629 0.008208
-0.376111 0.728172 -0.065978 -0.999532 -0.030320 0.004038
-0.342857 0.643948 -0.019728 -0.796145 -0.599980 0.078594
-0.311062 0.604733 -0.021872 -0.761842 -0.647750 0.004070
-0.065549 0.498806 0.006843 0.650727 0.752395 0.102253
-0.124870 0.556643 -0.041224 0.544500 0.704587 -0.455058
-0.104236 0.529303 0.053602 0.699936 0.712233 0.053047
-0.156077 0.576475 0.006962 0.573177 0.818715 0.034252
-0.202824 0.610845 -0.032307 0.655806 0.528676 -0.538907
-0.186675 0.593207 0.035458 0.440980 0.888600 0.126201
-0.294129 0.645318 -0.056555 0.091723 -0.241569 -0.966039
-0.228468 0.689498 -0.061368 0.534254 -0.211798 -0.818361
-0.236853 0.622531 -0.043099 0.201036 -0.281165 -0.938366
-0.224100 0.563026 -0.041723 -0.089498 0.230615 -0.968920
-0.172635 0.559490 -0.043591 0.062737 0.249218 -0.966413
-0.113185 0.512689 -0.048108 0.111764 0.182705 -0.976795
-0.120537 0.476711 -0.059270 0.152018 0.363475 -0.919117
-0.327385 0.726866 -0.087115 0.097744 -0.376109 -0.921406
-0.279421 0.809649 -0.117704 0.079253 -0.395440 -0.915066
-0.220570 0.665576 -0.037010 0.951380 0.307960 -0.006031
-0.216636 0.638023 -0.001799 0.944277 0.272288 0.184933
-0.229882 0.771145 -0.081055 0.998835 0.026956 0.040036
-0.230062 0.852977 -0.104540 0.998478 -0.028540 -0.047184
0.277546 0.446521 0.051022 -0.418776 0.475828 0.773443
0.341176 0.405246 0.015756 0.879522 0.474622 -0.034287
0.300389 0.455199 0.026348 0.619312 0.357454 0.699056
0.282444 0.513830 0.012265 0.285301 0.956349 -0.063250
0.277348 0.443024 -0.020057 -0.434553 0.399703 -0.807094
0.279113 0.467792 0.014410 -0.997395 0.072136 -0.000771
-0.277421 0.446834 0.051022 0.419298 0.475358 0.773449
-0.282242 0.514149 0.012264 -0.284249 0.956661 -0.063266
-0.300253 0.455538 0.026347 -0.618930 0.358157 0.699035
-0.341096 0.405630 0.015755 -0.878989 0.475606 -0.034304
-0.277226 0.443335 -0.020058 0.435012 0.399200 -0.807096
-0.278963 0.468106 0.014409 0.997476 0.071001 -0.000759
0.042063 0.359534 -0.038797 -0.138102 -0.583820 -0.800052
0.084432 0.335489 -0.028564 0.159739 -0.727434 -0.667325
0.028149 0.346084 -0.032561 0.021985 -0.248567 -0.968365
-0.000006 0.332419 -0.029693 -0.000138 -0.345682 -0.938352
0.022300 0.489353 -0.073952 0.020614 -0.610389 -0.791833
0.018258 0.519591 -0.101512 0.175558 -0.661804 -0.728831
0.000122 0.551612 -0.134956 -0.000375 -0.675640 -0.737232
0.060887 0.297029 0.064815 0.764830 -0.488534 0.419964
0.070403 0.317676 0.064246 0.629909 -0.776664 -0.002879
0.064302 0.312458 0.081447 0.893037 -0.406260 0.193488
0.061617 0.322669 0.115281 0.603219 -0.654561 0.455716
0.057856 0.306751 0.101698 0.916299 -0.362252 0.170793
0.051063 0.300554 0.124997 0.544492 -0.617689 0.567441
0.014563 0.375122 0.170411 0.433524 0.044899 0.900023
0.042414 0.332782 0.136896 0.734124 -0.052937 0.676949
0.037819 0.354296 0.139185 0.849401 0.324706 0.416034
0.037310 0.298946 0.105092 0.025963 -0.997696 0.062676
-0.000020 0.299254 0.125464 -0.000292 -0.846788 0.531931
0.021869 0.324977 0.140291 0.020892 -0.512561 0.858396
0.020283 0.297161 0.093329 0.075667 -0.990785 0.112337
-0.000019 0.295200 0.089708 -0.000043 -0.470329 0.882491
0.000022 0.375648 0.170996 -0.000025 -0.044490 0.999010
0.004855 0.350008 0.155624 0.016036 -0.511917 0.858885
0.004885 0.403918 0.157091 0.051875 0.433565 0.899628
0.011413 0.432351 0.144038 -0.090551 0.412701 0.906354
0.023815 0.400388 0.144703 0.868099 0.160170 0.469841
0.311418 0.307232 -0.033289 -0.627735 -0.613204 -0.479510
0.310594 0.307794 0.064167 -0.640562 -0.602733 0.475809
0.285288 0.332975 0.033073 -0.704208 -0.709991 -0.001860
0.233852 0.383900 0.068341 -0.618472 -0.575462 0.535103
0.259917 0.356051 0.000934 -0.670784 -0.740198 0.046438
0.234480 0.377020 -0.032251 -0.249373 -0.203785 -0.946723
0.211241 0.398018 -0.035510 -0.346631 -0.295146 -0.890357
0.226524 0.386313 0.000193 -0.673272 -0.737945 0.046269
0.204805 0.411514 0.000381 -0.787122 -0.610431 0.088391
0.191038 0.431184 0.033245 -0.753747 -0.656210 0.035408
0.323316 0.293515 -0.001056 -0.752425 -0.658673 -0.002563
0.347937 0.265518 -0.034047 -0.044160 -0.816009 -0.576350
0.335489 0.279628 0.031538 -0.749054 -0.662509 0.000370
0.347937 0.265573 0.064494 -0.155683 -0.658593 0.736219
0.369951 0.285905 0.070573 0.872739 -0.326538 0.362905
0.355275 0.272332 0.033673 0.678424 -0.734671 0.000410
0.360199 0.279374 0.000407 0.817039 -0.573434 -0.060177
0.362710 0.286699 -0.035306 0.890608 0.219693 -0.398186
0.327166 0.332365 0.072512 0.394513 0.096323 0.913828
0.290537 0.341353 0.068340 -0.162881 -0.217029 0.962480
0.328566 0.301911 0.067058 -0.213874 -0.181730 0.959809
0.348351 0.294614 0.069193 -0.125774 -0.156709 0.979604
0.225804 0.430183 0.062778 0.068219 0.130736 0.989067
0.278213 0.388628 0.065921 0.038033 0.148840 0.988130
0.216213 0.468657 0.056645 0.074698 0.238793 0.968193
0.273417 0.445915 -0.024729 0.288330 0.538264 -0.791920
0.265717 0.452601 0.002998 0.572246 0.819173 -0.038613
0.221678 0.453213 -0.025544 0.026570 0.172757 -0.984606
0.194748 0.449998 -0.028377 0.145235 0.179591 -0.972961
0.252670 0.428401 -0.026723 0.007466 0.104362 -0.994511
0.231945 0.412435 -0.030316 0.198216 0.067607 -0.977824
0.370891 0.390953 -0.027874 0.536231 0.730325 -0.423180
0.305977 0.428829 0.001436 0.489757 0.870906 -0.040753
0.333767 0.340772 -0.038334 -0.056590 -0.238016 -0.969611
0.280555 0.387902 -0.031771 -0.017618 0.118353 -0.992815
0.326025 0.392547 -0.030312 0.059273 0.161488 -0.985093
0.370199 0.391414 0.060665 0.409426 0.634698 0.655384
0.338237 0.410662 0.029901 0.516201 0.856467 -0.000425
0.430776 0.335506 -0.026560 0.639122 0.055237 -0.767119
0.378478 0.355744 -0.030923 0.125735 0.112440 -0.985671
0.384056 0.286551 -0.031539 0.340789 -0.848205 -0.405477
0.382866 0.320943 -0.032144 0.119762 -0.013330 -0.992713
0.430776 0.335561 0.071277 0.811673 0.065626 0.580415
0.410814 0.354007 0.005614 0.679399 0.733769 -0.000413
0.390622 0.372643 0.034689 0.677719 0.735319 0.001468
0.415203 0.319206 0.004393 0.723408 -0.690421 0.000388
0.384056 0.286608 0.068150 -0.314516 -0.855717 0.410887
0.399629 0.302907 0.035963 0.723401 -0.690428 0.000395
0.329304 0.333926 -0.040992 0.498691 -0.133111 -0.856498
0.299184 0.350573 -0.037192 0.061320 0.326261 -0.943289
0.291734 0.339393 -0.035511 -0.166315 -0.168905 -0.971499
0.329553 0.302225 -0.036109 -0.192447 -0.150860 -0.969642
0.346650 0.295381 -0.036782 0.043178 -0.089262 -0.995072
0.333350 0.341840 0.069431 0.260470 -0.298871 0.918058
0.325724 0.394291 0.062336 0.046241 0.140510 0.988999
0.378108 0.356272 0.067124 -0.007089 0.179228 0.983782
0.311379 0.374608 0.066285 0.167038 0.204604 0.964487
0.382727 0.321336 0.069619 -0.021703 -0.043090 0.998835
0.159203 0.398845 0.068416 0.946265 -0.311876 0.085536
0.163928 0.444286 0.089531 0.975769 -0.167100 0.141254
0.161106 0.417694 0.033156 0.981590 -0.185348 -0.046114
0.154175 0.397208 -0.032031 0.787382 -0.365942 -0.496101
0.164479 0.435620 -0.000212 0.964589 -0.263691 0.005977
0.156930 0.428208 0.111405 0.955922 -0.216452 0.198396
0.156850 0.432792 -0.046142 0.871997 -0.235690 -0.429035
0.131080 0.418553 -0.050910 0.043439 -0.635098 -0.771209
0.092011 0.409908 -0.045991 0.292559 0.332066 -0.896739
0.092325 0.164844 0.017521 0.761198 -0.245074 -0.600430
0.093561 0.200424 -0.018312 0.444783 -0.166597 -0.880008
0.093721 0.199253 0.004699 0.998992 -0.043937 -0.009168
0.095276 0.232490 0.014888 0.860815 -0.080461 -0.502517
0.096433 0.237017 0.063368 0.997842 -0.034280 -0.056002
0.094678 0.211450 0.031926 0.998822 -0.044339 -0.019697
0.097989 0.166685 0.062771 0.968238 -0.225851 0.107268
0.095582 0.189515 0.047887 0.991879 0.023006 -0.125091
0.101612 0.167351 0.073219 0.664803 -0.743006 0.077319
0.098678 0.190351 0.066453 0.944074 0.023678 -0.328881
0.107411 0.212930 0.109980 0.755131 0.041534 0.654256
0.101819 0.205766 0.082189 0.977215 0.043264 -0.207796
0.081724 0.258495 0.084587 0.625665 0.620361 0.472965
0.095189 0.236147 0.085978 0.852773 0.517989 0.066830
0.074654 0.251021 -0.000146 0.069274 0.606832 -0.791806
0.087830 0.227978 -0.001190 0.753901 0.452671 -0.476154
0.060948 0.166620 0.069453 -0.639994 -0.673703 0.369501
0.086850 0.166885 0.068481 0.012451 -0.998162 0.059309
0.076076 0.167085 0.077503 0.015275 -0.999461 0.029067
0.065668 0.167285 0.089838 -0.323871 -0.578639 0.748522
0.084934 0.212903 0.094802 -0.553867 0.144703 0.819934
0.091564 0.182522 0.091012 0.331016 -0.617559 0.713477
0.039317 0.188641 0.073339 -0.495274 -0.599003 0.629205
0.046567 0.181008 0.048094 -0.712724 -0.701406 0.007391
0.039435 0.187764 0.001490 -0.400908 -0.828301 -0.391394
0.054423 0.173083 0.030384 -0.697822 -0.716269 -0.001950
0.062886 0.164866 0.020209 -0.337601 -0.507684 -0.792643
0.026244 0.193729 0.049573 -0.379470 -0.925142 0.010669
-0.000019 0.204782 0.073890 -0.000000 -0.908538 0.417803
0.013132 0.198823 0.025839 -0.378851 -0.925392 0.011065
-0.000019 0.203924 0.002136 -0.000000 -0.713485 -0.700670
0.114398 0.315297 -0.017191 0.264547 0.061495 -0.962410
0.118465 0.315703 0.006557 0.180576 0.924032 0.336981
0.117418 0.305297 -0.001421 0.985100 0.030660 -0.169229
0.119392 0.284892 0.006371 0.991070 -0.130187 0.028831
0.115160 0.295108 -0.008477 0.932303 -0.113094 -0.343542
0.111690 0.285136 -0.014611 0.759093 -0.458221 -0.462397
0.049869 0.297033 -0.004355 0.711223 -0.094256 -0.696619
0.034919 0.236333 -0.012483 0.008960 -0.120039 -0.992729
0.028256 0.256566 -0.012471 0.225007 0.074669 -0.971492
-0.000019 0.236333 -0.020575 0.000006 -0.128638 -0.991692
0.016610 0.276802 -0.012442 0.157773 0.131837 -0.978635
-0.000019 0.297039 -0.012397 -0.000092 -0.324899 -0.945749
0.053147 0.261462 -0.005661 0.275467 0.060622 -0.959397
0.068749 0.268850 0.026695 0.878962 0.463020 -0.114181
0.064160 0.284186 0.048349 0.899454 0.412872 -0.143249
0.011627 0.225530 -0.010307 0.186352 -0.563829 -0.804593
0.024778 0.209340 -0.002952 -0.132438 -0.285397 -0.949215
0.059134 0.263952 0.075543 -0.288122 0.309224 0.906293
0.034791 0.236333 0.077228 -0.282146 0.110683 0.952965
0.031886 0.276187 0.077250 0.377500 0.026994 0.925616
0.011584 0.255955 0.083308 0.162252 -0.111900 0.980384
-0.000019 0.236333 0.082989 -0.000000 -0.153068 0.988216
0.024696 0.220436 0.077852 0.162934 -0.064818 0.984505
0.013093 0.209919 0.076739 -0.099744 -0.275716 0.956050
0.115150 0.020549 -0.029143 0.631619 -0.321266 -0.705582
0.049545 0.020497 -0.026834 -0.638851 -0.405271 -0.653930
0.073606 0.044113 -0.021850 -0.034338 0.239741 -0.970229
0.056122 0.091294 -0.009573 -0.554862 0.516789 -0.651964
0.092295 0.067956 -0.014479 0.087145 0.332486 -0.939074
0.105614 0.092026 -0.004721 0.723140 0.516951 -0.458073
0.097664 0.114432 0.017779 0.663099 0.532746 -0.525816
0.086467 0.099251 0.001162 0.057444 0.717490 -0.694196
0.062903 0.114398 0.019761 -0.783359 0.378351 -0.493153
0.072230 0.106708 0.009322 -0.035737 0.789088 -0.613239
0.120931 0.081809 0.087159 0.690277 0.643315 0.331154
0.113898 0.064795 0.017765 0.973564 0.178556 -0.142444
0.137711 0.020852 0.097294 0.789357 -0.613934 0.000410
0.124597 0.041070 0.051770 0.956806 0.234906 -0.171292
0.100405 0.000000 0.208408 0.058503 0.275326 0.959569
0.119682 0.034220 0.130954 0.885023 0.302467 0.353904
0.050453 0.081314 0.090838 -0.758434 0.544143 0.358730
0.090596 0.054374 0.128802 0.023524 0.826876 0.561892
0.063587 0.113856 0.057037 -0.525092 0.450645 0.721940
0.078324 0.092326 0.078345 0.031503 0.713894 0.699545
0.097381 0.113744 0.051025 0.794438 0.205195 0.571631
0.107975 0.095860 0.044488 0.844094 0.529921 -0.081789
0.100220 0.106734 0.021361 0.946896 0.321205 0.014707
0.093966 0.103136 0.065074 0.112172 0.779717 0.616002
0.040104 0.019853 0.099013 -0.744292 -0.665720 0.053342
0.063654 0.033722 0.132753 -0.840138 0.208086 0.500867
0.048893 0.064154 0.060093 -0.986192 0.160778 -0.039698
0.048590 0.043881 0.020869 -0.991180 0.110072 -0.073795
0.058981 0.103189 0.055879 -0.918720 0.394262 0.022591
0.056493 0.095669 0.033675 -0.950988 0.308369 -0.023042
0.097655 0.020418 0.055721 0.010244 -0.999947 0.000568
0.068266 0.020300 0.014345 0.000614 -0.999987 -0.005071
0.092740 0.013568 0.134905 0.006854 -0.983235 -0.182216
0.095472 0.153853 0.065719 0.565635 -0.011411 0.824577
0.094039 0.139124 0.065109 0.872288 -0.080043 0.482397
0.094148 0.144143 0.051121 0.995054 -0.095708 -0.026613
0.092932 0.139453 0.022535 0.763447 0.029800 -0.645183
0.063017 0.138472 0.070238 -0.524006 -0.241825 0.816663
0.084176 0.143816 0.067022 0.164018 -0.056744 0.984824
0.073491 0.148715 0.069213 0.174816 -0.080564 0.981299
0.061985 0.153821 0.071682 -0.657911 -0.018947 0.752858
0.094878 0.131003 0.035141 0.981454 0.190185 -0.024050
0.096361 0.122433 0.044638 0.992155 0.124529 0.011022
0.084812 0.130447 0.062124 0.153991 -0.463854 0.872426
0.074662 0.122024 0.059433 0.153642 -0.464230 0.872287
0.095464 0.153330 0.050342 0.981543 -0.191150 0.006008
0.094415 0.156994 0.034276 0.992261 -0.000799 -0.124170
0.084803 0.162386 0.065981 0.174047 0.187934 0.966638
0.072802 0.158098 0.068951 0.172197 0.182533 0.968003
0.062814 0.156761 0.038597 -0.996574 -0.074173 -0.036578
0.064609 0.138797 0.026128 -0.816630 -0.058035 -0.574236
0.062514 0.153079 0.055754 -0.995892 -0.085754 -0.029083
0.063204 0.143697 0.056016 -0.997308 -0.063624 -0.036463
0.063169 0.122242 0.049012 -0.999305 -0.032718 0.017861
0.063510 0.130556 0.038709 -0.996255 0.078890 -0.035375
0.134561 0.372088 0.037247 0.750689 -0.660111 -0.026819
0.090304 0.320210 0.075355 0.415025 -0.909582 -0.020368
0.113394 0.351919 0.003924 0.706686 -0.702589 -0.083448
0.095703 0.338338 -0.031551 0.170137 -0.821412 -0.544368
0.085024 0.325822 0.150857 0.144777 -0.873125 0.465502
0.111510 0.348292 0.098209 0.752689 -0.650584 0.100994
0.131738 0.376130 0.121764 0.761276 -0.637102 0.120663
0.153044 0.403789 0.114380 0.845157 0.531569 0.056069
0.061306 0.337863 0.132667 -0.662294 -0.570007 0.486270
0.059774 0.355741 0.155457 -0.672380 -0.627762 0.392200
0.118934 0.426529 0.133717 0.522589 0.832850 0.182380
0.084423 0.448380 0.120915 0.530155 0.831134 -0.167788
0.073958 0.348866 -0.036172 -0.084647 -0.541841 -0.836207
0.061407 0.362088 -0.047765 -0.450092 -0.845702 -0.286715
0.098886 0.370233 -0.042309 0.326164 -0.331178 -0.885403
0.097185 0.393335 -0.051912 0.328782 -0.363388 -0.871695
0.112262 0.404919 -0.046127 0.234447 0.956454 -0.173871
0.069079 0.429322 -0.050737 0.657029 0.732059 -0.180010
0.015884 0.497157 0.026173 -0.014305 -0.947686 -0.318883
0.034052 0.522385 -0.048109 -0.014004 0.946009 0.323837
0.030485 0.492526 -0.071707 0.679638 -0.626372 -0.381773
0.350391 0.323073 0.033082 -0.736595 -0.676324 0.003852
0.367293 0.304644 -0.000574 -0.733216 -0.679996 0.000389
0.332140 0.338846 -0.003298 0.836137 -0.548453 0.008671
0.329940 0.336044 0.033650 0.838627 -0.544643 0.008306
0.339727 0.317663 -0.001262 0.814856 0.579195 0.023315
0.353276 0.301656 0.035926 0.733913 0.677744 -0.045110
0.055311 0.174182 0.077543 -0.685305 -0.705229 0.181683
0.046592 0.197420 0.080135 -0.595514 -0.121272 0.794139
0.065146 0.236830 0.104661 0.822424 -0.112672 0.557605
0.048045 0.284710 0.139558 -0.490668 0.567752 0.660987
0.049501 0.229443 0.102208 -0.854906 -0.305759 0.419102
0.054853 0.259846 0.100458 -0.284872 0.785642 -0.549195
0.191024 0.484563 -0.022089 -0.103502 0.350118 -0.930970
0.087897 0.442956 -0.055519 -0.269010 -0.297588 -0.916010
0.094776 0.266269 -0.000816 0.275473 -0.401909 -0.873260
0.101133 0.251548 0.021215 0.955420 -0.295211 0.004765
0.107121 0.277641 -0.005638 -0.904950 0.045056 -0.423127
0.109172 0.269015 0.018376 0.705930 -0.656126 -0.266761
0.099183 0.260135 0.051442 0.873613 0.136968 0.466948
0.106527 0.286363 0.032505 0.897460 0.024343 0.440423
0.091614 0.275073 0.030333 -0.828743 0.559278 0.019817
0.102506 0.294007 -0.003593 -0.826988 0.546435 0.132285
0.083289 0.147698 0.022061 -0.118983 -0.195091 -0.973541
0.073273 0.156169 0.021286 -0.088742 -0.226116 -0.970050
0.073481 0.130883 0.022808 -0.127459 0.258773 -0.957492
0.084500 0.122761 0.020025 -0.056207 0.176172 -0.982753
0.077034 0.205437 0.000584 -0.758296 -0.049991 -0.649991
0.082924 0.176711 0.006473 -0.064831 -0.706996 -0.704240
0.045747 0.196321 0.003072 0.484536 -0.199951 -0.851613
0.055117 0.250035 -0.021926 -0.416483 0.845042 0.335329
0.055779 0.262751 -0.053149 -0.132125 0.174036 -0.975835
0.064440 0.226213 -0.011029 0.905199 -0.210824 -0.369009
0.051195 0.221317 -0.015141 -0.578823 -0.515529 -0.631818
-0.028142 0.346107 -0.032562 -0.022180 -0.248537 -0.968368
-0.084441 0.335559 -0.028565 -0.160347 -0.727193 -0.667443
-0.042039 0.359573 -0.038797 0.137494 -0.583740 -0.800214
-0.022126 0.489378 -0.073952 -0.021267 -0.610350 -0.791847
-0.018050 0.519612 -0.101512 -0.176311 -0.661605 -0.728830
-0.060926 0.297042 0.064815 -0.765244 -0.487808 0.420053
-0.020322 0.297165 0.093329 -0.075874 -0.990770 0.112331
-0.061638 0.322722 0.115281 -0.603823 -0.653935 0.455815
-0.064330 0.312499 0.081447 -0.893618 -0.404987 0.193473
-0.070427 0.317734 0.064245 -0.630809 -0.775932 -0.002871
-0.051102 0.300598 0.124997 -0.544920 -0.617090 0.567682
-0.057889 0.306787 0.101698 -0.916594 -0.361418 0.170978
-0.037349 0.298965 0.105092 -0.026827 -0.997632 0.063326
-0.014519 0.375138 0.170411 -0.433429 0.045367 0.900045
-0.021880 0.324997 0.140291 -0.021333 -0.512522 0.858409
-0.004839 0.350013 0.155624 -0.016600 -0.511899 0.858885
-0.042420 0.332819 0.136896 -0.734066 -0.052240 0.677066
-0.004809 0.403924 0.157091 -0.051400 0.433623 0.899627
-0.037800 0.354333 0.139185 -0.849036 0.325662 0.416032
-0.011305 0.432363 0.144038 0.091020 0.412597 0.906355
-0.023742 0.400415 0.144703 -0.867920 0.161149 0.469837
-0.311449 0.307583 -0.033289 0.627059 -0.613907 -0.479494
-0.234432 0.377284 -0.032251 0.249150 -0.204056 -0.946724
-0.259893 0.356343 0.000934 0.669945 -0.740956 0.046441
-0.233797 0.384163 0.068341 0.617824 -0.576155 0.535106
-0.285290 0.333296 0.033073 0.703414 -0.710778 -0.001870
-0.310624 0.308143 0.064167 0.639879 -0.603456 0.475811
-0.226466 0.386568 0.000193 0.672454 -0.738691 0.046271
-0.211170 0.398256 -0.035510 0.346305 -0.295536 -0.890355
-0.204719 0.411744 0.000381 0.786427 -0.611326 0.088387
-0.190929 0.431399 0.033245 0.753009 -0.657057 0.035417
-0.348015 0.265909 -0.034049 0.043236 -0.816060 -0.576348
-0.323363 0.293878 -0.001057 0.751692 -0.659510 -0.002574
-0.348015 0.265965 0.064493 0.154915 -0.658772 0.736220
-0.335551 0.280006 0.031537 0.748296 -0.663365 0.000377
-0.370006 0.286321 0.070571 -0.873108 -0.325553 0.362901
-0.355345 0.272732 0.033672 -0.679238 -0.733918 0.000417
-0.362764 0.287107 -0.035306 -0.890367 0.220696 -0.398171
-0.360262 0.279779 0.000405 -0.817695 -0.572498 -0.060180
-0.290530 0.341680 0.068340 0.162629 -0.217202 0.962484
-0.327169 0.332734 0.072512 -0.394419 0.096765 0.913822
-0.328603 0.302281 0.067057 0.213641 -0.181975 0.959814
-0.348397 0.295007 0.069192 0.125559 -0.156853 0.979608
-0.225697 0.430437 0.062778 -0.068083 0.130822 0.989065
-0.278153 0.388941 0.065921 -0.037871 0.148896 0.988127
-0.333342 0.342215 0.069431 -0.260785 -0.298608 0.918055
-0.311335 0.374959 0.066284 -0.166820 0.204808 0.964481
-0.325657 0.394658 0.062335 -0.046073 0.140566 0.988999
-0.370136 0.391831 0.060665 -0.408706 0.635163 0.655384
-0.370828 0.391371 -0.027875 -0.535402 0.730932 -0.423182
-0.338152 0.411043 0.029900 -0.515226 0.857054 -0.000426
-0.273292 0.446222 -0.024730 -0.287738 0.538575 -0.791924
-0.305871 0.429173 0.001435 -0.488767 0.871462 -0.040752
-0.325960 0.392913 -0.030313 -0.059088 0.161553 -0.985093
-0.333761 0.341147 -0.038335 0.056337 -0.238086 -0.969609
-0.265585 0.452900 0.002997 -0.571390 0.819770 -0.038610
-0.216062 0.468900 0.056644 -0.074442 0.238912 0.968184
-0.221545 0.453462 -0.025544 -0.026336 0.172790 -0.984607
-0.194618 0.450216 -0.028378 -0.145060 0.179762 -0.972956
-0.252564 0.428686 -0.026723 -0.007352 0.104355 -0.994513
-0.231857 0.412697 -0.030317 -0.198135 0.067818 -0.977826
-0.280495 0.388218 -0.031772 0.017762 0.118327 -0.992816
-0.430776 0.336046 0.071277 -0.811598 0.066529 0.580415
-0.390580 0.373083 0.034689 -0.676892 0.736081 0.001466
-0.378085 0.356697 0.067124 0.007292 0.179219 0.983782
-0.430776 0.335991 -0.026562 -0.639052 0.055943 -0.767127
-0.410793 0.354469 0.005613 -0.678572 0.734534 -0.000413
-0.378455 0.356170 -0.030924 -0.125597 0.112588 -0.985672
-0.382882 0.321374 -0.032145 -0.119765 -0.013227 -0.992714
-0.384110 0.286984 -0.031539 -0.341727 -0.847828 -0.405476
-0.415221 0.319674 0.004392 -0.724172 -0.689619 0.000388
-0.399665 0.303357 0.035962 -0.724173 -0.689619 0.000387
-0.384110 0.287040 0.068149 0.313552 -0.856075 0.410877
-0.299166 0.350909 -0.037193 -0.060996 0.326463 -0.943240
-0.329305 0.334297 -0.040994 -0.498838 -0.132564 -0.856498
-0.291729 0.339721 -0.035511 0.166163 -0.169136 -0.971485
-0.329590 0.302596 -0.036111 0.192353 -0.151093 -0.969624
-0.346695 0.295771 -0.036783 -0.043376 -0.089185 -0.995070
-0.190855 0.484776 -0.022090 0.103531 0.349808 -0.931083
-0.163806 0.444471 0.089531 -0.975957 -0.165995 0.141258
-0.159132 0.399024 0.068415 -0.946644 -0.310724 0.085531
-0.154104 0.397381 -0.032031 -0.787842 -0.364955 -0.496097
-0.161013 0.417875 0.033156 -0.981799 -0.184235 -0.046132
-0.164365 0.435805 -0.000212 -0.964883 -0.262611 0.005968
-0.156826 0.428386 0.111404 -0.956172 -0.215355 0.198386
-0.156739 0.432968 -0.046143 -0.872260 -0.234722 -0.429031
-0.091926 0.410011 -0.045991 -0.292194 0.332412 -0.896730
-0.130985 0.418700 -0.050910 -0.044154 -0.635050 -0.771208
-0.092364 0.164844 0.017521 -0.761204 -0.245077 -0.600421
-0.095314 0.232490 0.014888 -0.860820 -0.080450 -0.502510
-0.093759 0.199253 0.004699 -0.998993 -0.043922 -0.009153
-0.093600 0.200424 -0.018313 -0.444797 -0.166597 -0.880001
-0.096471 0.237017 0.063368 -0.997842 -0.034274 -0.056007
-0.094716 0.211450 0.031926 -0.998823 -0.044325 -0.019698
-0.095621 0.189515 0.047886 -0.991881 0.023007 -0.125072
-0.098027 0.166685 0.062770 -0.968241 -0.225843 0.107261
-0.098716 0.190351 0.066452 -0.944056 0.023683 -0.328934
-0.101651 0.167351 0.073219 -0.664800 -0.743008 0.077324
-0.101857 0.205766 0.082189 -0.977216 0.043279 -0.207789
-0.107449 0.212931 0.109980 -0.755123 0.041550 0.654265
-0.095227 0.236148 0.085978 -0.852770 0.517995 0.066822
-0.081762 0.258495 0.084587 -0.625702 0.620316 0.472975
-0.087869 0.227979 -0.001190 -0.753912 0.452681 -0.476127
-0.074692 0.251022 -0.000146 -0.069287 0.606822 -0.791812
-0.084972 0.212904 0.094802 0.553869 0.144705 0.819933
-0.065706 0.167286 0.089838 0.323869 -0.578629 0.748530
-0.060986 0.166620 0.069452 0.639997 -0.673694 0.369513
-0.076114 0.167086 0.077503 -0.015269 -0.999459 0.029116
-0.091602 0.182523 0.091012 -0.330997 -0.617549 0.713494
-0.086888 0.166885 0.068480 -0.012449 -0.998162 0.059303
-0.062925 0.164866 0.020209 0.337599 -0.507682 -0.792645
-0.054461 0.173083 0.030384 0.697801 -0.716289 -0.001963
-0.039473 0.187764 0.001490 0.400905 -0.828302 -0.391396
-0.013170 0.198823 0.025839 0.378851 -0.925392 0.011065
-0.026282 0.193729 0.049573 0.379470 -0.925142 0.010669
-0.039355 0.188641 0.073339 0.495270 -0.599002 0.629209
-0.046605 0.181008 0.048094 0.712724 -0.701406 0.007391
-0.114436 0.315297 -0.017191 -0.264540 0.061500 -0.962412
-0.111728 0.285136 -0.014611 -0.759093 -0.458221 -0.462397
-0.115198 0.295108 -0.008477 -0.932303 -0.113094 -0.343542
-0.119430 0.284892 0.006371 -0.991070 -0.130187 0.028831
-0.117456 0.305297 -0.001421 -0.985100 0.030660 -0.169229
-0.118503 0.315703 0.006557 -0.180580 0.924032 0.336982
-0.049908 0.297044 -0.004355 -0.711359 -0.093811 -0.696540
-0.016649 0.276805 -0.012442 -0.157741 0.131837 -0.978640
-0.028295 0.256570 -0.012471 -0.225008 0.074652 -0.971493
-0.034957 0.236333 -0.012483 -0.008955 -0.120048 -0.992728
-0.011665 0.225530 -0.010307 -0.186352 -0.563829 -0.804593
-0.053186 0.261466 -0.005661 -0.275471 0.060605 -0.959397
-0.068787 0.268854 0.026695 -0.879012 0.462928 -0.114171
-0.064199 0.284194 0.048349 -0.899515 0.412731 -0.143271
-0.024816 0.209340 -0.002952 0.132438 -0.285397 -0.949215
-0.034829 0.236333 0.077228 0.282140 0.110667 0.952969
-0.031925 0.276192 0.077250 -0.377490 0.026987 0.925620
-0.059172 0.263957 0.075543 0.288095 0.309157 0.906324
-0.011622 0.255955 0.083308 -0.162252 -0.111900 0.980384
-0.013131 0.209919 0.076739 0.099744 -0.275716 0.956050
-0.024734 0.220436 0.077852 -0.162934 -0.064818 0.984505
-0.115189 0.020550 -0.029143 -0.631619 -0.321256 -0.705586
-0.105652 0.092027 -0.004721 -0.723145 0.516951 -0.458065
-0.092334 0.067957 -0.014479 -0.087139 0.332486 -0.939074
-0.056160 0.091294 -0.009573 0.554867 0.516787 -0.651962
-0.073644 0.044114 -0.021850 0.034338 0.239744 -0.970229
-0.049584 0.020498 -0.026834 0.638848 -0.405275 -0.653931
-0.086505 0.099251 0.001162 -0.057428 0.717503 -0.694184
-0.097703 0.114432 0.017779 -0.663105 0.532747 -0.525806
-0.072268 0.106708 0.009322 0.035736 0.789088 -0.613240
-0.062941 0.114398 0.019761 0.783361 0.378359 -0.493143
-0.120969 0.081809 0.087159 -0.690271 0.643321 0.331155
-0.113937 0.064795 0.017765 -0.973562 0.178569 -0.142441
-0.124636 0.041071 0.051770 -0.956802 0.234924 -0.171292
-0.137750 0.020853 0.097294 -0.789366 -0.613923 0.000408
-0.119721 0.034221 0.130954 -0.885015 0.302485 0.353908
-0.100444 0.000000 0.208408 -0.058502 0.275330 0.959568
-0.090635 0.054374 0.128802 -0.023524 0.826877 0.561891
-0.050491 0.081314 0.090838 0.758430 0.544145 0.358734
-0.078362 0.092326 0.078345 -0.031503 0.713894 0.699545
-0.063626 0.113856 0.057037 0.525074 0.450653 0.721948
-0.094005 0.103136 0.065074 -0.112175 0.779718 0.616001
-0.097419 0.113744 0.051025 -0.794434 0.205181 0.571643
-0.100258 0.106734 0.021361 -0.946912 0.321154 0.014735
-0.108013 0.095860 0.044488 -0.844091 0.529927 -0.081782
-0.040143 0.019853 0.099013 0.744286 -0.665728 0.053337
-0.063693 0.033722 0.132753 0.840142 0.208073 0.500866
-0.048931 0.064154 0.060093 0.986194 0.160762 -0.039700
-0.048629 0.043882 0.020869 0.991182 0.110059 -0.073794
-0.056531 0.095669 0.033675 0.950988 0.308369 -0.023042
-0.059019 0.103189 0.055879 0.918700 0.394308 0.022616
-0.068305 0.020300 0.014345 -0.000614 -0.999987 -0.005079
-0.097694 0.020419 0.055721 -0.010255 -0.999947 0.000567
-0.092779 0.013569 0.134905 -0.006864 -0.983234 -0.182221
-0.095510 0.153853 0.065719 -0.565640 -0.011379 0.824574
-0.092970 0.139453 0.022535 -0.763448 0.029802 -0.645181
-0.094186 0.144143 0.051121 -0.995054 -0.095708 -0.026613
-0.094077 0.139124 0.065109 -0.872284 -0.080038 0.482404
-0.063056 0.138473 0.070238 0.523998 -0.241825 0.816668
-0.084214 0.143817 0.067022 -0.164021 -0.056744 0.984823
-0.062024 0.153821 0.071682 0.657898 -0.018946 0.752869
-0.073530 0.148716 0.069213 -0.174821 -0.080569 0.981298
-0.094917 0.131003 0.035141 -0.981446 0.190223 -0.024049
-0.096400 0.122433 0.044638 -0.992156 0.124513 0.011052
-0.084851 0.130447 0.062124 -0.153981 -0.463855 0.872427
-0.074700 0.122024 0.059433 -0.153648 -0.464215 0.872294
-0.095502 0.153330 0.050341 -0.981543 -0.191149 0.006008
-0.094454 0.156994 0.034275 -0.992263 -0.000834 -0.124150
-0.072840 0.158098 0.068951 -0.172199 0.182620 0.967986
-0.084841 0.162386 0.065980 -0.174044 0.188007 0.966624
-0.064647 0.138797 0.026128 0.816635 -0.058044 -0.574228
-0.063242 0.143697 0.056016 0.997308 -0.063631 -0.036439
-0.062552 0.153079 0.055754 0.995887 -0.085826 -0.029037
-0.062853 0.156761 0.038596 0.996576 -0.074139 -0.036601
-0.063208 0.122242 0.049012 0.999304 -0.032731 0.017888
-0.063548 0.130556 0.038709 0.996257 0.078885 -0.035354
-0.095710 0.338416 -0.031551 -0.170941 -0.821176 -0.544472
-0.113380 0.352027 0.003924 -0.707727 -0.701552 -0.083346
-0.090327 0.320285 0.075355 -0.415973 -0.909149 -0.020345
-0.134521 0.372230 0.037246 -0.751566 -0.659111 -0.026840
-0.111500 0.348401 0.098209 -0.753554 -0.649579 0.101016
-0.085041 0.325894 0.150856 -0.145708 -0.872929 0.465579
-0.131694 0.376271 0.121763 -0.762117 -0.636094 0.120674
-0.152968 0.403961 0.114379 -0.844574 0.532495 0.056076
-0.061307 0.337918 0.132667 0.661759 -0.570670 0.486221
-0.059753 0.355800 0.155456 0.671791 -0.628387 0.392208
-0.118832 0.426664 0.133717 -0.521673 0.833425 0.182372
-0.084297 0.448476 0.120915 -0.529230 0.831694 -0.167933
-0.073949 0.348931 -0.036172 0.084224 -0.541817 -0.836266
-0.098849 0.370335 -0.042309 -0.326521 -0.330567 -0.885500
-0.061380 0.362147 -0.047765 0.449397 -0.846054 -0.286768
-0.097118 0.393444 -0.051912 -0.329195 -0.363006 -0.871698
-0.112182 0.405045 -0.046127 -0.233363 0.956727 -0.173826
-0.068973 0.429400 -0.050737 -0.656210 0.732805 -0.179962
-0.015702 0.497174 0.026173 0.013245 -0.947702 -0.318882
-0.033841 0.522423 -0.048109 0.015082 0.945991 0.323841
-0.030308 0.492560 -0.071707 -0.680352 -0.625599 -0.381769
-0.382743 0.321767 0.069619 0.021655 -0.043133 0.998835
-0.367327 0.305057 -0.000575 0.732448 -0.680823 0.000382
-0.350404 0.323467 0.033082 0.735834 -0.677151 0.003850
-0.332136 0.339220 -0.003299 -0.836672 -0.547635 0.008680
-0.329939 0.336415 0.033650 -0.839229 -0.543714 0.008306
-0.339746 0.318046 -0.001263 -0.814208 0.580105 0.023310
-0.353313 0.302054 0.035926 -0.733160 0.678559 -0.045111
-0.055349 0.174182 0.077543 0.685295 -0.705232 0.181707
-0.046630 0.197420 0.080135 0.595510 -0.121272 0.794141
-0.048083 0.284710 0.139558 0.490666 0.567747 0.660992
-0.065184 0.236830 0.104661 -0.822424 -0.112674 0.557606
-0.049539 0.229443 0.102208 0.854904 -0.305762 0.419104
-0.054891 0.259846 0.100458 0.284872 0.785642 -0.549195
-0.087775 0.443055 -0.055520 0.268679 -0.297895 -0.916008
-0.107159 0.277641 -0.005638 0.904950 0.045056 -0.423127
-0.094814 0.266270 -0.000816 -0.275459 -0.401908 -0.873265
-0.101171 0.251548 0.021215 -0.955420 -0.295211 0.004765
-0.109210 0.269015 0.018376 -0.705930 -0.656126 -0.266761
-0.099221 0.260135 0.051442 -0.873613 0.136968 0.466948
-0.106565 0.286363 0.032505 -0.897460 0.024343 0.440423
-0.102544 0.294007 -0.003593 0.826985 0.546440 0.132284
-0.091652 0.275073 0.030333 0.828739 0.559284 0.019823
-0.083327 0.147698 0.022061 0.118983 -0.195087 -0.973542
-0.073519 0.130883 0.022808 0.127459 0.258773 -0.957492
-0.084538 0.122761 0.020025 0.056205 0.176170 -0.982754
-0.073312 0.156169 0.021286 0.088742 -0.226113 -0.970050
-0.077072 0.205437 0.000583 0.758302 -0.049996 -0.649984
-0.082963 0.176711 0.006472 0.064830 -0.707006 -0.704230
-0.045785 0.196321 0.003072 -0.484519 -0.199955 -0.851622
-0.055817 0.262751 -0.053149 0.132131 0.174039 -0.975834
-0.055155 0.250035 -0.021926 0.416499 0.845038 0.335318
-0.064478 0.226213 -0.011029 -0.905204 -0.210811 -0.369004
-0.051233 0.221317 -0.015141 0.578817 -0.515535 -0.631819
0.300323 0.454033 0.002655 0.595107 0.297890 -0.746398
-0.300188 0.454371 0.002654 -0.594769 0.298554 -0.746402
0.028136 0.321649 -0.023551 0.027970 -0.439028 -0.898038
0.044761 0.309854 -0.015105 0.126363 -0.607330 -0.784336
0.068235 0.316733 0.010442 0.737997 -0.674566 -0.017915
0.060386 0.303913 0.041569 0.897351 -0.417520 -0.142962
0.078982 0.322900 0.113831 0.019584 -0.996956 0.075472
0.097677 0.368616 0.160175 0.430241 -0.311684 0.847198
0.074108 0.320185 0.084961 0.065807 -0.991930 0.108374
0.090146 0.331346 0.005080 0.203680 -0.966902 -0.153671
0.081713 0.324458 0.037012 0.208825 -0.965784 -0.153797
-0.028155 0.321672 -0.023552 -0.028323 -0.439007 -0.898037
-0.044789 0.309881 -0.015106 -0.126560 -0.606757 -0.784747
-0.068259 0.316779 0.010442 -0.738836 -0.673650 -0.017819
-0.060420 0.303940 0.041568 -0.897933 -0.416238 -0.143043
-0.079002 0.322967 0.113831 -0.020372 -0.996938 0.075489
-0.097642 0.368718 0.160175 -0.430583 -0.311060 0.847254
-0.074131 0.320247 0.084960 -0.066622 -0.991871 0.108413
-0.090159 0.331420 0.005080 -0.204380 -0.966755 -0.153668
-0.081732 0.324526 0.037012 -0.209645 -0.965606 -0.153798
0.000153 0.607877 0.201599 -0.000133 -0.256840 0.966454
0.031090 0.614204 0.200741 0.526573 -0.299573 0.795599
0.022005 0.629059 0.202019 0.040185 -0.061247 0.997313
0.034772 0.665096 0.203718 0.500918 -0.629828 0.593631
0.011703 0.645631 0.205442 0.208804 -0.162048 0.964438
0.000184 0.663921 0.211009 -0.000427 -0.737367 0.675493
0.000097 0.508754 0.140186 -0.000554 -0.982566 0.185916
0.010447 0.576945 0.180842 0.130179 -0.522243 0.842802
0.062837 0.520542 0.087700 0.669934 -0.715115 0.199497
0.031341 0.547833 0.142876 0.602505 -0.523191 0.602709
0.153882 0.652665 0.082857 0.859464 -0.322512 0.396621
0.082603 0.595804 0.123766 0.687219 -0.452733 0.568122
0.175175 0.685084 -0.005164 0.916645 -0.395635 -0.056873
0.130631 0.619430 0.055131 0.823219 -0.567638 -0.009923
0.103102 0.581113 0.034451 0.812604 -0.580968 -0.046382
0.071295 0.537712 0.020817 0.448375 -0.868755 -0.210296
0.101320 0.592284 -0.014892 0.770314 -0.586926 -0.249269
0.057490 0.554056 -0.060328 0.372419 -0.783565 -0.497323
0.123832 0.649664 -0.066660 0.767742 -0.554047 -0.321876
0.000218 0.722373 -0.187535 -0.000225 -0.395126 -0.918627
0.065513 0.662094 -0.127450 0.262983 -0.523165 -0.810641
0.000128 0.563041 -0.080002 -0.000480 -0.821808 -0.569764
0.019279 0.613157 -0.109288 0.192942 -0.548979 -0.813262
0.167905 0.724627 -0.046636 0.947501 -0.131492 -0.291463
0.156601 0.767300 -0.092401 0.941920 -0.047828 -0.332413
0.141261 0.813102 -0.142457 0.698081 0.303034 -0.648732
0.000275 0.822530 -0.190591 0.000082 0.139684 -0.990196
0.046441 0.751585 -0.170871 0.355014 -0.028713 -0.934420
0.093456 0.781828 -0.155845 0.317232 -0.080407 -0.944933
0.111278 0.678047 0.132648 0.709139 -0.157755 0.687194
0.148863 0.767272 0.114346 0.854541 -0.434266 0.284910
0.159307 0.701674 0.064013 0.973432 -0.020042 0.228099
0.171249 0.743767 0.036308 0.934705 -0.161300 0.316717
0.069527 0.724166 0.185927 0.761775 -0.435746 0.479399
0.045130 0.667822 0.196795 0.569556 -0.089006 0.817119
0.083160 0.701881 0.167005 0.706712 -0.154001 0.690537
0.168568 0.848258 0.009481 0.873169 -0.349928 -0.339301
0.166513 0.813435 -0.044411 0.919225 0.313799 -0.237815
0.169047 0.798158 0.041190 0.909424 0.228580 0.347418
0.143634 0.843208 -0.083486 0.864850 0.432189 -0.255436
0.121072 0.868263 -0.117482 0.519527 -0.505503 -0.688882
0.047280 0.837305 -0.163801 0.310982 0.488674 -0.815161
0.087546 0.852550 -0.139431 0.309221 0.483854 -0.818699
0.057693 0.995297 -0.255378 0.623763 0.261870 -0.736440
0.059690 0.913281 -0.177072 0.196035 -0.674661 -0.711619
0.019458 0.957194 -0.228632 0.157955 -0.668574 -0.726676
0.000375 1.000000 -0.272164 0.000272 0.467901 -0.883781
-0.056948 0.995364 -0.255378 -0.623472 0.262566 -0.736439
-0.018756 0.957216 -0.228632 -0.158737 -0.668392 -0.726673
-0.059038 0.913350 -0.177072 -0.196802 -0.674433 -0.711625
-0.120471 0.868401 -0.117483 -0.520072 -0.504936 -0.688887
-0.140722 0.813262 -0.142458 -0.697736 0.303813 -0.648739
-0.046714 0.837359 -0.163801 -0.310422 0.489023 -0.815165
-0.086963 0.852649 -0.139432 -0.308664 0.484194 -0.818708
-0.167990 0.848449 0.009480 -0.873553 -0.348952 -0.339320
-0.143061 0.843371 -0.083487 -0.864364 0.433157 -0.255440
-0.165974 0.813623 -0.044412 -0.918874 0.314823 -0.237818
-0.156113 0.767476 -0.092401 -0.941972 -0.046778 -0.332417
-0.045971 0.751637 -0.170871 -0.355045 -0.028309 -0.934420
-0.092951 0.781933 -0.155846 -0.317316 -0.080052 -0.944935
-0.167466 0.724815 -0.046637 -0.947646 -0.130413 -0.291479
-0.174781 0.685279 -0.005166 -0.917086 -0.394610 -0.056883
-0.057243 0.554123 -0.060328 -0.373315 -0.783142 -0.497318
-0.018966 0.613179 -0.109288 -0.193586 -0.548758 -0.813258
-0.123477 0.649803 -0.066661 -0.768352 -0.553191 -0.321893
-0.065144 0.662168 -0.127450 -0.263564 -0.522877 -0.810638
-0.101030 0.592399 -0.014892 -0.770962 -0.586076 -0.249265
-0.071067 0.537796 0.020817 -0.449348 -0.868248 -0.210315
-0.102825 0.581229 0.034450 -0.813242 -0.580071 -0.046416
-0.062628 0.520613 0.087700 -0.670733 -0.714372 0.199472
-0.130311 0.619577 0.055130 -0.823854 -0.566715 -0.009918
-0.153525 0.652838 0.082856 -0.859829 -0.321547 0.396613
-0.010176 0.576955 0.180842 -0.130703 -0.522100 0.842810
-0.030777 0.614235 0.200741 -0.526906 -0.298984 0.795599
-0.082310 0.595895 0.123766 -0.687737 -0.451967 0.568105
-0.031103 0.547867 0.142876 -0.603101 -0.522523 0.602693
-0.034402 0.665136 0.203718 -0.501630 -0.629264 0.593628
-0.021675 0.629083 0.202019 -0.040245 -0.061195 0.997314
-0.011355 0.645645 0.205442 -0.208995 -0.161817 0.964436
-0.148377 0.767441 0.114346 -0.855030 -0.433310 0.284896
-0.158894 0.701853 0.064012 -0.973455 -0.018946 0.228092
-0.168526 0.798349 0.041189 -0.909169 0.229604 0.347408
-0.170789 0.743959 0.036307 -0.934887 -0.160248 0.316713
-0.110893 0.678171 0.132648 -0.709323 -0.156958 0.687186
-0.044756 0.667871 0.196795 -0.569648 -0.088359 0.817125
-0.069090 0.724241 0.185927 -0.762269 -0.434880 0.479401
-0.082748 0.701972 0.167005 -0.706892 -0.153207 0.690530
0.203709 0.784460 0.129535 0.946053 -0.295562 0.132765
0.079579 0.854168 0.201835 0.416291 0.643541 0.642306
0.118276 0.791042 0.190384 0.577793 0.211177 0.788391
0.071540 0.734499 0.239781 0.685745 -0.311438 0.657844
0.070188 0.955957 0.014216 0.510129 0.828276 0.231794
0.117825 0.864862 0.115195 0.606460 0.711214 0.355500
0.187989 0.854949 0.010963 0.851957 -0.438790 -0.285714
0.153962 0.865122 0.051571 0.617583 0.709315 0.339798
0.050041 0.925642 0.076627 0.133117 0.873929 0.467470
0.000355 0.966801 0.013829 0.000532 0.957079 0.289828
0.050473 0.819024 0.222042 0.309167 0.268517 0.912313
0.000300 0.868405 0.224511 0.000289 0.520605 0.853798
0.026745 0.896458 0.146725 0.272981 0.871615 0.407147
0.042745 0.972685 -0.075778 0.151288 0.979108 0.135863
0.019474 0.987366 -0.171238 0.047679 0.992200 0.115181
0.024022 0.779914 0.240673 0.244389 0.237236 0.940209
0.000225 0.736837 0.257728 0.000129 0.232211 0.972665
0.030804 0.670026 0.266418 0.488804 -0.396351 0.777159
0.034190 0.713787 0.254642 0.244473 0.234279 0.940928
0.010405 0.692200 0.265437 0.178577 0.206851 0.961937
0.000187 0.669737 0.272164 -0.000486 -0.843370 0.537334
0.151957 0.878152 -0.114882 0.897840 -0.058496 -0.436418
0.093279 0.943135 -0.118681 0.738840 0.670868 0.063652
0.136711 0.896353 -0.029901 0.649501 0.758966 -0.046029
0.186755 0.829222 0.049993 0.314009 -0.797235 -0.515573
0.173713 0.799997 0.084454 0.383150 -0.764491 -0.518411
0.153673 0.867121 -0.073800 0.314244 -0.913498 -0.258403
0.110241 0.913904 -0.162581 0.266719 -0.644640 -0.716450
0.159210 0.857157 -0.032346 0.332063 -0.904745 -0.266779
0.141371 0.762077 0.161221 0.312468 -0.948326 -0.055156
0.096643 0.741979 0.180018 0.564410 -0.814355 0.135154
0.058613 0.707920 0.209809 0.868274 -0.492198 0.061983
0.045705 0.689874 0.236639 0.858724 -0.503751 0.093954
0.021921 0.668286 0.247433 0.024402 -0.996504 0.079898
0.011714 0.666251 0.228964 0.053697 -0.994072 0.094536
-0.011344 0.666265 0.228964 -0.054848 -0.994009 0.094535
-0.021548 0.668311 0.247433 -0.025540 -0.996476 0.079890
-0.030429 0.670061 0.266418 -0.489257 -0.395804 0.777153
-0.045308 0.689925 0.236639 -0.859286 -0.502794 0.093943
-0.071092 0.734578 0.239781 -0.686101 -0.310668 0.657838
-0.058195 0.707985 0.209809 -0.868817 -0.491237 0.061993
-0.096186 0.742087 0.180018 -0.565370 -0.813687 0.135166
-0.173190 0.800192 0.084453 -0.383944 -0.764077 -0.518434
-0.203204 0.784686 0.129534 -0.946384 -0.294516 0.132734
-0.140891 0.762235 0.161220 -0.313474 -0.947990 -0.055223
-0.186199 0.829432 0.049992 -0.314893 -0.796870 -0.515597
-0.187403 0.855162 0.010961 -0.852437 -0.437852 -0.285722
-0.158621 0.857337 -0.032347 -0.333084 -0.904368 -0.266784
-0.151344 0.878321 -0.114882 -0.897896 -0.057512 -0.436434
-0.153073 0.867295 -0.073801 -0.315188 -0.913183 -0.258367
-0.109588 0.914029 -0.162581 -0.267401 -0.644354 -0.716453
-0.018739 0.987388 -0.171238 -0.046520 0.992255 0.115181
0.019238 0.541950 -0.000048 -0.069806 -0.968555 -0.238805
0.042961 0.533507 0.033558 0.052487 -0.977195 -0.205754
0.044743 0.522336 0.082901 -0.029069 -0.967292 -0.251996
-0.023522 0.779940 0.240673 -0.244128 0.237514 0.940207
-0.117764 0.791174 0.190383 -0.577560 0.211832 0.788385
-0.078996 0.854257 0.201834 -0.415581 0.644009 0.642296
-0.049929 0.819080 0.222042 -0.308873 0.268870 0.912308
-0.026114 0.896488 0.146725 -0.272004 0.871920 0.407147
-0.042027 0.972733 -0.075778 -0.150227 0.979270 0.135878
-0.069489 0.956033 0.014214 -0.509206 0.828844 0.231791
-0.153365 0.865294 0.051570 -0.616766 0.710015 0.339820
-0.117230 0.864992 0.115194 -0.605668 0.711897 0.355484
-0.092594 0.943239 -0.118682 -0.738092 0.671691 0.063659
-0.136079 0.896505 -0.029902 -0.648631 0.759708 -0.046049
-0.049377 0.925697 0.076626 -0.132182 0.874079 0.467454
-0.010006 0.692212 0.265437 -0.178344 0.207053 0.961937
-0.033765 0.713825 0.254642 -0.244215 0.234557 0.940926
-0.019006 0.541973 -0.000048 0.068676 -0.968636 -0.238806
-0.042738 0.533558 0.033558 -0.053653 -0.977133 -0.205747
-0.044533 0.522388 0.082901 0.028022 -0.967309 -0.252048
