0.157078 0.807210 0.137490 0.804966 0.475972 0.354231
0.095313 0.857521 0.142873 0.820466 0.535421 0.200400
0.117768 0.820213 0.160651 0.543221 0.604559 0.582597
0.100912 0.795907 0.201589 0.812811 0.316368 0.489131
0.081969 0.883287 0.028884 0.790690 0.610502 -0.045791
0.111453 0.849339 0.103082 0.633619 0.767252 0.099255
0.165716 0.818621 0.018235 0.921782 0.387564 -0.010580
0.134921 0.836373 0.061536 0.616259 0.778481 0.119127
0.175551 0.673871 0.130213 0.831697 -0.207252 0.515099
0.166115 0.766567 0.095313 0.987637 0.132234 0.084190
0.180469 0.680947 0.003350 0.998188 -0.027592 -0.053477
0.173912 0.724480 0.050599 0.993831 0.101719 0.044201
0.173376 0.729198 -0.034207 0.992795 0.111210 -0.044612
0.173944 0.688027 -0.124207 0.924407 0.020386 -0.380862
0.146057 0.508878 -0.062675 0.616063 -0.723655 -0.311111
0.166823 0.625951 -0.061177 0.982992 -0.173597 -0.059919
0.161524 0.565311 -0.012542 0.979549 -0.140715 -0.143817
0.158047 0.506109 0.021699 -0.449043 -0.885346 -0.120509
0.110230 0.688031 -0.179153 0.489197 -0.069746 -0.869380
0.143410 0.628312 -0.122012 0.614113 -0.340191 -0.712135
0.142725 0.821756 -0.105826 0.714672 0.564524 -0.412984
0.142300 0.732605 -0.136395 0.632599 0.248503 -0.733528
0.160795 0.776135 -0.070599 0.954093 0.246181 -0.170592
0.130137 0.841221 -0.019569 0.601304 0.793778 -0.091375
0.115069 0.777713 -0.147160 0.696352 0.207522 -0.687044
0.092253 0.823351 -0.156500 0.451745 0.521010 -0.724207
0.092588 0.862702 -0.057481 0.549555 0.825412 -0.129164
0.053071 0.883063 -0.095500 0.405431 0.619459 -0.672233
0.096016 0.842723 -0.119275 0.470237 0.762509 -0.444362
0.000285 0.823384 -0.186476 0.000300 0.529834 -0.848101
0.067589 0.778255 -0.174043 0.303920 0.196433 -0.932227
0.048536 0.843266 -0.146159 0.201120 0.761471 -0.616208
0.017892 0.864147 -0.126437 0.065333 0.816556 -0.573557
0.000320 0.885994 -0.097336 0.000299 0.543217 -0.839592
0.116609 0.568596 -0.118975 0.673061 -0.303808 -0.674307
0.093539 0.508878 -0.115096 0.253525 -0.876901 -0.408375
0.000209 0.688077 -0.207539 -0.000051 -0.097917 -0.995195
0.036908 0.733164 -0.191056 0.247097 0.148910 -0.957480
0.000107 0.508916 -0.142176 -0.000459 -0.815402 -0.578894
0.067959 0.568608 -0.145475 0.261006 -0.346479 -0.901015
0.036849 0.628341 -0.176289 0.235416 -0.333218 -0.912987
0.167982 0.605551 0.083849 0.156502 0.440797 0.883858
0.174667 0.653456 0.072471 0.990908 -0.130894 0.031113
0.168833 0.597536 0.036299 -0.991643 0.123133 -0.038497
0.157469 0.503127 0.099044 -0.047493 -0.949889 0.308959
0.161166 0.538262 0.068197 -0.994820 0.101588 -0.003518
0.136245 0.500702 0.155780 0.608403 -0.742535 0.280156
0.153899 0.536460 0.112891 0.936308 -0.044424 0.348359
0.147825 0.569608 0.149512 0.532037 0.612711 0.584398
0.150684 0.558620 0.129714 0.965412 -0.142374 0.218425
0.086636 0.496571 0.198038 0.405845 -0.726697 0.554257
0.123569 0.522294 0.167777 0.649866 -0.040172 0.758987
0.093631 0.566921 0.196944 0.382240 0.296822 0.875094
0.109364 0.544367 0.181498 0.659156 -0.053877 0.750074
0.045963 0.493365 0.209014 0.331265 -0.856902 0.394946
0.075410 0.518952 0.201332 0.261330 -0.010975 0.965187
0.041678 0.566959 0.208169 0.156540 0.673697 0.722238
0.060424 0.542415 0.204709 0.211146 0.023514 0.977172
0.076596 0.896924 0.153550 0.596528 0.730083 0.333366
0.064011 0.925571 0.035661 0.683075 0.728395 0.053380
0.046984 0.918550 0.075397 0.119848 0.967578 0.222327
0.000346 0.933154 0.036979 0.000554 0.987148 0.159806
0.025757 0.911255 0.116264 0.100267 0.966833 0.234904
0.000330 0.903688 0.158264 0.000461 0.815017 0.579437
0.038860 0.931655 -0.003741 0.119487 0.989879 0.076568
0.052224 0.936239 -0.083862 0.619111 0.727156 -0.296556
0.017641 0.938290 -0.044249 0.170825 0.980379 0.098365
0.000354 0.945478 -0.085865 0.000335 0.597710 -0.801712
0.087756 0.811051 0.232535 0.632940 0.433207 0.641653
0.054894 0.870554 0.181450 0.105178 0.680587 0.725078
0.029454 0.842229 0.213151 0.137150 0.695174 0.705637
0.000277 0.811948 0.248654 0.000239 0.421874 0.906655
0.093507 0.675246 0.267908 0.443325 -0.459769 0.769464
0.060513 0.766082 0.249699 0.177745 0.255087 0.950440
0.031328 0.720968 0.267580 0.186750 0.260767 0.947167
0.000200 0.675711 0.286177 -0.000335 -0.599715 0.800214
0.141772 0.683501 0.130489 -0.151392 -0.554487 0.818306
0.154288 0.654311 0.113025 -0.151392 -0.554487 0.818306
0.145540 0.605560 0.078373 -0.214780 -0.098344 0.971699
0.163024 0.628327 0.097478 -0.200502 -0.534826 0.820829
0.105901 0.673967 0.230567 0.860741 -0.189968 0.472268
0.119090 0.712814 0.207511 0.669663 0.197529 0.715915
0.150458 0.668569 0.190378 0.779569 0.177155 0.600739
0.136149 0.757229 0.176486 0.714284 0.219411 0.664573
0.161029 0.716550 0.152694 0.914474 0.105371 0.390685
0.149532 0.594888 0.099291 -0.114007 0.875987 0.468668
0.135073 0.573553 0.135651 -0.069087 0.927874 0.366438
0.150293 0.582904 0.123004 -0.189454 0.884628 0.426075
0.124927 0.571146 0.153680 0.099594 0.977384 0.186553
0.091884 0.570276 0.175877 0.164773 0.969817 0.179736
0.111113 0.568935 0.174111 0.082490 0.985229 0.150062
0.043205 0.569317 0.187083 0.879873 0.475197 0.003491
0.076240 0.568838 0.186635 -0.016436 -0.987633 -0.155923
0.059505 0.567732 0.197399 0.025119 0.993289 0.112895
0.046536 0.503720 -0.016086 0.012901 -0.998862 -0.045915
0.015389 0.498562 0.101842 -0.027209 -0.998802 -0.040675
0.000098 0.493406 0.238688 -0.000380 -0.697050 0.717022
0.045963 0.493381 0.238688 0.832065 -0.365607 0.417133
0.030675 0.493384 0.228797 -0.000545 -1.000000 0.000539
0.108744 0.504776 0.006756 0.038329 -0.998527 -0.038400
0.075379 0.499605 0.097319 0.068417 -0.996945 -0.037674
0.122979 0.502050 0.097048 0.053327 -0.997965 -0.034955
0.146783 0.505230 0.038268 0.024617 -0.999038 -0.036285
0.150587 0.503313 0.092174 0.011410 -0.999196 -0.038439
0.148469 0.684954 0.130533 0.961412 -0.023270 0.274125
0.139360 0.686192 0.157589 0.805876 -0.035113 0.591043
0.142295 0.665241 0.148848 0.947725 -0.000367 0.319089
0.139056 0.624578 0.158421 0.848671 -0.126059 0.513679
0.148350 0.637929 0.121547 0.972472 -0.046110 0.228412
0.157525 0.604256 0.075686 0.965950 -0.097616 0.239607
0.084827 0.618266 0.207161 0.446103 -0.227389 0.865613
0.121081 0.643012 0.174390 0.668014 0.006752 0.744118
0.083889 0.686258 0.219364 0.371966 -0.160598 0.914248
0.102692 0.663572 0.194705 0.739560 -0.109007 0.664206
0.000167 0.616916 0.220749 -0.000145 -0.245562 0.969381
0.056294 0.640480 0.215758 0.158781 -0.172291 0.972165
0.000207 0.686312 0.233372 -0.000107 -0.178962 0.983856
0.028088 0.663162 0.224495 0.162390 -0.176677 0.970780
0.103434 0.603294 0.183881 0.661070 -0.268073 0.700802
0.086420 0.567037 0.186062 0.508860 -0.313436 0.801760
0.143794 0.598881 0.125008 0.956703 -0.148846 0.250127
0.134800 0.567810 0.140918 0.841185 -0.215923 0.495767
0.120092 0.586475 0.161800 0.659901 -0.266117 0.702647
0.028378 0.600128 0.209149 0.152730 -0.375098 0.914317
0.000139 0.565202 0.199538 -0.000222 -0.378087 0.925770
0.057129 0.583502 0.197587 0.150942 -0.372443 0.915698
0.043182 0.566975 0.235160 0.314803 0.678101 0.664137
0.044117 0.543224 0.220310 0.999280 0.037873 0.002323
0.045044 0.518688 0.211595 0.999341 0.036283 -0.000020
0.000139 0.566996 0.235160 0.000379 0.710220 0.703980
0.014473 0.542459 0.236336 0.000023 0.047886 0.998853
0.029748 0.517921 0.237512 0.000026 0.047885 0.998853
0.028842 0.568388 0.203132 -0.010217 0.998764 0.048648
0.000140 0.568873 0.187154 0.000557 0.999037 0.043881
0.014487 0.567615 0.219158 0.000487 0.999236 0.039070
0.000200 0.674033 0.242160 -0.000554 -0.999326 0.036713
0.066536 0.674415 0.246878 0.003249 -0.999371 0.035309
0.031302 0.674997 0.265415 0.002479 -0.999271 0.038094
0.098190 0.760308 0.221564 0.933371 0.118682 0.338723
0.095721 0.720088 0.243670 0.943404 0.120437 0.309004
0.088421 0.834627 0.195891 0.916224 0.329174 0.228425
0.090940 0.850117 0.166004 0.894219 0.348717 0.280658
0.078640 0.893339 0.110695 0.904019 0.427428 0.007358
0.080431 0.888793 0.069139 0.919189 0.393374 -0.018686
0.066068 0.915032 -0.006439 0.915855 0.397749 -0.054818
0.062421 0.900863 -0.050159 0.971976 0.064930 -0.225935
0.035216 0.921593 -0.088409 0.075782 0.214335 -0.973816
0.017915 0.904845 -0.092900 0.044651 0.189140 -0.980935
0.201781 0.526530 0.127870 0.669026 -0.438150 0.600356
0.193885 0.542654 -0.016206 0.694020 -0.668984 -0.266075
0.200755 0.563957 0.049963 0.991453 -0.112019 -0.066872
0.206599 0.622688 0.038226 0.894555 -0.208028 0.395595
0.204620 0.574498 0.098923 0.996756 -0.075627 -0.027550
0.205481 0.574275 0.130672 0.439323 0.581426 0.684791
0.215312 0.694629 -0.031916 0.926119 0.242920 -0.288606
0.205265 0.619990 -0.003299 0.989629 -0.141861 -0.022568
0.213953 0.674897 -0.086126 0.465926 -0.048475 -0.883495
0.207717 0.637393 -0.044749 0.990251 -0.137026 0.025052
0.215865 0.695971 0.107362 0.673404 0.101028 0.732339
0.212592 0.671096 0.037891 0.992417 -0.122882 -0.002756
0.210066 0.776673 0.055177 0.701240 0.708316 0.080940
0.213748 0.722424 0.043541 0.997627 0.068697 -0.004623
0.214360 0.746315 -0.037551 0.434114 0.281728 -0.855672
0.213246 0.739206 -0.004763 0.998989 0.022636 0.038850
0.145750 0.529732 0.129890 0.001485 -0.930087 0.367336
0.150613 0.541267 -0.016093 -0.015312 -0.713867 -0.700114
0.163416 0.537884 0.032530 0.031737 -0.996473 -0.077680
0.180472 0.532972 0.080518 -0.060592 -0.992332 -0.107734
0.170550 0.683708 -0.086236 0.153142 0.647221 -0.746762
0.178372 0.633291 -0.062818 -0.085128 -0.430558 -0.898540
0.186150 0.586273 -0.039475 0.012723 -0.468883 -0.883169
0.199938 0.684411 -0.068093 0.187915 0.921422 -0.340101
0.178513 0.703943 -0.031765 0.065996 0.278625 -0.958130
0.188125 0.694093 -0.049972 0.226718 0.901715 -0.368115
0.168982 0.756372 -0.037143 0.137582 0.741889 -0.656256
0.187285 0.735543 -0.035486 -0.032846 -0.107893 -0.993620
0.202728 0.714962 -0.033744 -0.031641 -0.108903 -0.993549
0.156623 0.786236 0.057498 0.152579 0.812751 0.562277
0.178557 0.773094 0.025177 0.157447 0.947468 -0.278414
0.197803 0.759787 -0.006506 0.204140 0.933108 -0.296035
0.171680 0.699268 0.109903 0.026757 -0.345176 0.938157
0.181389 0.727158 0.091588 0.087867 0.525238 0.846406
0.194185 0.752960 0.073346 0.133453 0.544890 0.827820
0.174605 0.625707 0.040507 0.088577 0.538607 0.837888
0.184295 0.649221 0.062879 -0.012935 -0.686429 0.727082
0.198048 0.672642 0.085164 -0.009293 -0.685575 0.727943
0.195562 0.607557 0.069802 0.115905 0.879328 0.461896
0.153798 0.577410 0.132822 0.055269 0.289636 0.955540
0.177961 0.592464 0.101334 0.072956 0.876853 0.475192
0.211129 0.955677 -0.286175 -0.162502 -0.195618 -0.967123
0.219927 0.999750 -0.276969 -0.584827 0.778185 0.228923
0.220725 0.983634 -0.279348 0.235957 0.153338 -0.959589
0.231120 0.995474 -0.274900 0.866641 0.212834 -0.451260
0.221449 0.967532 -0.281366 0.313478 0.109762 -0.943230
0.222098 0.951445 -0.283022 0.544263 -0.270733 -0.794029
0.213833 0.769660 -0.054249 0.559103 0.268517 0.784413
0.221627 0.921628 -0.202039 0.130742 0.687746 0.714081
0.207321 0.848203 -0.128104 0.179297 0.681779 0.709246
0.188202 0.775199 -0.053094 -0.638155 0.432812 0.636735
0.175073 0.719299 -0.047952 -0.409759 -0.228215 0.883185
0.192369 0.754719 -0.051765 0.061503 0.077092 0.995125
0.201990 0.712007 -0.050274 0.229789 -0.754144 0.615194
0.196965 0.733655 -0.050825 0.098809 0.048232 0.993937
0.173196 0.703570 -0.100470 -0.888294 -0.457368 -0.041805
0.193775 0.826173 -0.143511 -0.982984 0.179189 0.040433
0.201417 0.886332 -0.221205 -0.981367 0.185245 0.051024
0.178824 0.732689 -0.067172 -0.973654 0.225662 -0.032787
0.201981 0.696008 -0.100882 0.653682 -0.658915 -0.372196
0.205935 0.725892 -0.068468 0.978495 -0.196725 0.062018
0.215645 0.820381 -0.143344 0.990602 -0.126547 -0.051899
0.218400 0.880976 -0.219601 0.975069 -0.174519 -0.137055
0.195435 0.785085 -0.162509 -0.161147 -0.569495 -0.806044
0.211736 0.867710 -0.223360 0.009749 -0.581054 -0.813806
0.192389 0.703862 -0.083875 -0.239032 -0.925836 0.292732
0.183420 0.711625 -0.066232 -0.227364 -0.930606 0.286840
0.167110 0.544557 0.130194 0.032138 -0.066752 0.997252
0.187020 0.559405 0.130455 0.037764 -0.061460 0.997395
-0.156528 0.807389 0.137489 -0.804426 0.476889 0.354225
-0.100376 0.796019 0.201588 -0.812454 0.317287 0.489130
-0.117203 0.820344 0.160650 -0.542507 0.605199 0.582598
-0.094706 0.857625 0.142872 -0.819860 0.536351 0.200392
-0.110855 0.849464 0.103082 -0.632712 0.767998 0.099271
-0.081331 0.883378 0.028884 -0.790003 0.611391 -0.045792
-0.134337 0.836524 0.061536 -0.615386 0.779177 0.119090
-0.165153 0.818804 0.018234 -0.921347 0.388597 -0.010588
-0.175150 0.674066 0.130212 -0.831928 -0.206319 0.515100
-0.165610 0.766753 0.095312 -0.987490 0.133334 0.084182
-0.173455 0.724672 0.050598 -0.993715 0.102837 0.044207
-0.180061 0.681146 0.003349 -0.998217 -0.026473 -0.053494
-0.173525 0.688222 -0.124207 -0.924381 0.021418 -0.380869
-0.172913 0.729391 -0.034208 -0.992668 0.112330 -0.044633
-0.145840 0.509045 -0.062675 -0.616858 -0.722971 -0.311125
-0.166475 0.626138 -0.061178 -0.983183 -0.172501 -0.059948
-0.157835 0.506287 0.021698 0.448169 -0.885787 -0.120525
-0.161245 0.565493 -0.012543 -0.979701 -0.139622 -0.143845
-0.109812 0.688156 -0.179154 -0.489278 -0.069198 -0.869378
-0.036499 0.628383 -0.176290 -0.235787 -0.332950 -0.912989
-0.036439 0.733206 -0.191056 -0.246920 0.149188 -0.957483
-0.143059 0.628474 -0.122012 -0.614501 -0.339503 -0.712128
-0.142156 0.821918 -0.105828 -0.714037 0.565329 -0.412981
-0.129547 0.841367 -0.019570 -0.600416 0.794453 -0.091356
-0.160278 0.776315 -0.070600 -0.953816 0.247245 -0.170600
-0.141831 0.732765 -0.136396 -0.632338 0.249201 -0.733518
-0.091683 0.823455 -0.156501 -0.451147 0.521525 -0.724208
-0.114550 0.777843 -0.147161 -0.696113 0.208306 -0.687048
-0.067070 0.778332 -0.174044 -0.303689 0.196774 -0.932230
-0.052435 0.883121 -0.095500 -0.404731 0.619920 -0.672229
-0.017277 0.864166 -0.126437 -0.064434 0.816628 -0.573557
-0.095425 0.842831 -0.119276 -0.469360 0.763048 -0.444364
-0.091974 0.862806 -0.057481 -0.548614 0.826040 -0.129157
-0.047944 0.843320 -0.146159 -0.200249 0.761708 -0.616199
-0.093323 0.508986 -0.115097 -0.254542 -0.876607 -0.408372
-0.067676 0.568686 -0.145476 -0.261402 -0.346187 -0.901012
-0.116325 0.568729 -0.118975 -0.673415 -0.303049 -0.674295
-0.167658 0.605738 0.083849 -0.156027 0.440971 0.883855
-0.174290 0.653650 0.072470 -0.991054 -0.129784 0.031122
-0.168518 0.597724 0.036299 0.991780 0.122023 -0.038504
-0.157262 0.503302 0.099042 0.046666 -0.949928 0.308966
-0.160918 0.538442 0.068196 0.994935 0.100456 -0.003494
-0.153653 0.536632 0.112890 -0.936350 -0.043357 0.348381
-0.136039 0.500856 0.155779 -0.609186 -0.741895 0.280150
-0.150413 0.558789 0.129713 -0.965575 -0.141317 0.218391
-0.147543 0.569774 0.149512 -0.531362 0.613307 0.584388
-0.123339 0.522433 0.167776 -0.649922 -0.039470 0.758975
-0.086435 0.496670 0.198038 -0.406673 -0.726235 0.554256
-0.109110 0.544491 0.181497 -0.659191 -0.053111 0.750097
-0.093351 0.567029 0.196942 -0.381869 0.297252 0.875110
-0.075184 0.519038 0.201331 -0.261343 -0.010654 0.965187
-0.045766 0.493415 0.209014 -0.332246 -0.856524 0.394943
-0.060172 0.542483 0.204708 -0.211153 0.023754 0.977164
-0.041398 0.567004 0.208169 -0.155762 0.673823 0.722288
-0.075944 0.897011 0.153548 -0.595713 0.730755 0.333351
-0.025089 0.911284 0.116264 -0.099171 0.966946 0.234905
-0.046308 0.918602 0.075396 -0.118770 0.967714 0.222316
-0.063327 0.925642 0.035661 -0.682271 0.729149 0.053370
-0.016943 0.938310 -0.044249 -0.169724 0.980571 0.098362
-0.051528 0.936297 -0.083862 -0.618302 0.727845 -0.296555
-0.038170 0.931698 -0.003741 -0.118384 0.990011 0.076569
-0.087202 0.811151 0.232535 -0.632457 0.433921 0.641647
-0.054272 0.870617 0.181449 -0.104421 0.680717 0.725066
-0.028865 0.842262 0.213151 -0.136356 0.695331 0.705636
-0.093106 0.675350 0.267908 -0.443837 -0.459274 0.769465
-0.030876 0.721003 0.267580 -0.186461 0.260978 0.947166
-0.060010 0.766150 0.249699 -0.177455 0.255283 0.950442
-0.162675 0.628509 0.097478 0.199908 -0.535044 0.820832
-0.145216 0.605722 0.078373 0.214677 -0.098571 0.971698
-0.153909 0.654482 0.113024 0.150789 -0.554645 0.818310
-0.141362 0.683659 0.130488 0.150790 -0.554645 0.818310
-0.135656 0.757382 0.176485 -0.714038 0.220212 0.664573
-0.150064 0.668739 0.190377 -0.779372 0.178027 0.600738
-0.160581 0.716731 0.152693 -0.914363 0.106391 0.390667
-0.118647 0.712947 0.207511 -0.669432 0.198276 0.715924
-0.105500 0.674083 0.230567 -0.860947 -0.189009 0.472277
-0.149996 0.583073 0.123004 0.190399 0.884424 0.426078
-0.134787 0.573706 0.135650 0.070100 0.927795 0.366446
-0.149220 0.595055 0.099291 0.114977 0.875870 0.468649
-0.091600 0.570380 0.175876 -0.163683 0.969992 0.179785
-0.124643 0.571287 0.153679 -0.098527 0.977483 0.186600
-0.110831 0.569061 0.174110 -0.081352 0.985337 0.149976
-0.042923 0.569367 0.187083 -0.879341 0.476179 0.003621
-0.075958 0.568925 0.186634 0.015324 -0.987664 -0.155834
-0.059224 0.567800 0.197398 -0.023951 0.993301 0.113045
-0.015187 0.498579 0.101842 0.026121 -0.998831 -0.040675
-0.046327 0.503772 -0.016086 -0.014058 -0.998846 -0.045924
-0.030478 0.493417 0.228797 -0.000545 -1.000000 0.000539
-0.045766 0.493431 0.238688 -0.832471 -0.364687 0.417127
-0.075175 0.499690 0.097318 -0.069617 -0.996862 -0.037676
-0.108533 0.504900 0.006755 -0.039456 -0.998483 -0.038404
-0.122771 0.502190 0.097047 -0.054423 -0.997906 -0.034966
-0.146571 0.505396 0.038267 -0.025627 -0.999012 -0.036299
-0.150379 0.503482 0.092173 -0.012310 -0.999184 -0.038471
-0.148058 0.685120 0.130532 -0.961428 -0.022219 0.274158
-0.157202 0.604434 0.075686 -0.966058 -0.096529 0.239612
-0.147990 0.638097 0.121546 -0.972518 -0.045058 0.228426
-0.138710 0.624736 0.158420 -0.848810 -0.125107 0.513683
-0.141905 0.665402 0.148847 -0.947707 0.000680 0.319141
-0.138946 0.686349 0.157588 -0.805911 -0.034214 0.591047
-0.120716 0.643149 0.174389 -0.668026 0.007489 0.744100
-0.084491 0.618362 0.207160 -0.446376 -0.226895 0.865602
-0.028062 0.600160 0.209149 -0.153166 -0.374931 0.914312
-0.083476 0.686354 0.219363 -0.372157 -0.160173 0.914245
-0.027701 0.663194 0.224495 -0.162602 -0.176489 0.970779
-0.102304 0.663688 0.194704 -0.739687 -0.108167 0.664201
-0.055933 0.640544 0.215757 -0.158988 -0.172108 0.972163
-0.086140 0.567137 0.186061 -0.509221 -0.312864 0.801755
-0.103114 0.603412 0.183880 -0.661390 -0.267351 0.700776
-0.056831 0.583567 0.197586 -0.151382 -0.372288 0.915688
-0.134520 0.567963 0.140918 -0.841429 -0.214939 0.495781
-0.119790 0.586612 0.161800 -0.660187 -0.265343 0.702671
-0.143477 0.599044 0.125008 -0.956877 -0.147729 0.250124
-0.044818 0.518738 0.211595 -0.999300 0.037400 -0.000020
-0.043864 0.543273 0.220310 -0.999238 0.038972 0.002297
-0.042904 0.567021 0.235160 -0.314046 0.678440 0.664149
-0.014222 0.542474 0.236336 0.000028 0.047886 0.998853
-0.029524 0.517953 0.237512 0.000026 0.047885 0.998853
-0.014208 0.567630 0.219158 0.000581 0.999236 0.039070
-0.028562 0.568420 0.203132 0.011377 0.998747 0.048731
-0.030902 0.675031 0.265415 -0.003593 -0.999268 0.038093
-0.066135 0.674489 0.246878 -0.004350 -0.999365 0.035353
-0.095269 0.720195 0.243670 -0.943282 0.121488 0.308966
-0.097693 0.760418 0.221563 -0.933234 0.119719 0.338735
-0.087841 0.834727 0.195890 -0.915853 0.330214 0.228411
-0.090342 0.850218 0.166003 -0.893836 0.349724 0.280623
-0.077992 0.893426 0.110694 -0.903548 0.428425 0.007348
-0.079788 0.888882 0.069139 -0.918757 0.394380 -0.018703
-0.065395 0.915106 -0.006439 -0.915420 0.398749 -0.054821
-0.061765 0.900932 -0.050159 -0.971905 0.066022 -0.225923
-0.017254 0.904864 -0.092900 -0.044442 0.189191 -0.980934
-0.034536 0.921632 -0.088409 -0.075539 0.214416 -0.973817
-0.201547 0.526759 0.127869 -0.669539 -0.437391 0.600339
-0.205193 0.574508 0.130671 -0.438665 0.581939 0.684778
-0.204332 0.574729 0.098921 -0.996840 -0.074499 -0.027562
-0.206255 0.622921 0.038224 -0.894793 -0.207024 0.395583
-0.200478 0.564185 0.049962 -0.991580 -0.110892 -0.066877
-0.193632 0.542874 -0.016206 -0.694787 -0.668187 -0.266077
-0.204925 0.620222 -0.003299 -0.989789 -0.140743 -0.022562
-0.214887 0.694870 -0.031916 -0.925848 0.243948 -0.288608
-0.207356 0.637627 -0.044749 -0.990405 -0.135909 0.025043
-0.213550 0.675138 -0.086126 -0.466003 -0.047951 -0.883483
-0.212194 0.671334 0.037889 -0.992553 -0.121779 -0.002769
-0.215440 0.696211 0.107360 -0.673304 0.101763 0.732329
-0.213292 0.722664 0.043540 -0.997549 0.069813 -0.004633
-0.209550 0.776910 0.055177 -0.700441 0.709105 0.080945
-0.212771 0.739447 -0.004764 -0.998963 0.023755 0.038839
-0.213877 0.746560 -0.037554 -0.433773 0.282223 -0.855682
-0.145513 0.529894 0.129889 -0.002569 -0.930090 0.367322
-0.180231 0.533176 0.080517 0.059406 -0.992403 -0.107738
-0.163168 0.538069 0.032529 -0.032868 -0.996435 -0.077704
-0.150360 0.541438 -0.016095 0.014477 -0.713883 -0.700116
-0.185847 0.586483 -0.039476 -0.013294 -0.468877 -0.883163
-0.178016 0.633492 -0.062819 0.084612 -0.430658 -0.898540
-0.170137 0.683899 -0.086237 -0.152438 0.647389 -0.746760
-0.199525 0.684636 -0.068093 -0.186863 0.921644 -0.340080
-0.187701 0.694304 -0.049973 -0.225738 0.901955 -0.368129
-0.178079 0.704143 -0.031767 -0.065691 0.278687 -0.958133
-0.202281 0.715191 -0.033746 0.031478 -0.108984 -0.993545
-0.186815 0.735755 -0.035488 0.032777 -0.107899 -0.993621
-0.168488 0.756563 -0.037143 -0.136714 0.742057 -0.656248
-0.197305 0.760011 -0.006507 -0.203018 0.933361 -0.296008
-0.178045 0.773296 0.025177 -0.156428 0.947632 -0.278431
-0.156097 0.786415 0.057496 -0.151700 0.812911 0.562284
-0.193696 0.753179 0.073344 -0.132828 0.545008 0.827842
-0.180930 0.727362 0.091586 -0.087325 0.525334 0.846404
-0.171252 0.699459 0.109903 -0.027189 -0.345162 0.938149
-0.197649 0.672864 0.085162 0.008503 -0.685603 0.727926
-0.183922 0.649427 0.062877 0.012122 -0.686456 0.727070
-0.174258 0.625902 0.040505 -0.087971 0.538724 0.837876
-0.195235 0.607777 0.069800 -0.114863 0.879471 0.461884
-0.177652 0.592665 0.101333 -0.071980 0.876950 0.475160
-0.153506 0.577585 0.132822 -0.054957 0.289702 0.955538
-0.210408 0.955913 -0.286177 0.162199 -0.195836 -0.967130
-0.221383 0.951694 -0.283022 -0.544642 -0.270141 -0.793970
-0.220716 0.967779 -0.281367 -0.313452 0.110049 -0.943206
-0.230356 0.995731 -0.274902 -0.866441 0.213728 -0.451220
-0.219974 0.983881 -0.279350 -0.235826 0.153575 -0.959584
-0.219157 1.000000 -0.276971 0.585636 0.777572 0.228939
-0.213325 0.769901 -0.054249 -0.558846 0.269129 0.784386
-0.220946 0.921877 -0.202041 -0.130287 0.687860 0.714055
-0.187686 0.775411 -0.053096 0.638668 0.432106 0.636700
-0.206723 0.848437 -0.128105 -0.178461 0.681991 0.709253
-0.174619 0.719498 -0.047952 0.409499 -0.228669 0.883188
-0.191877 0.754937 -0.051766 -0.061345 0.077215 0.995125
-0.196497 0.733878 -0.050826 -0.098809 0.048297 0.993934
-0.201546 0.712236 -0.050276 -0.230664 -0.753885 0.615184
-0.172761 0.703765 -0.100471 0.887778 -0.458370 -0.041799
-0.200775 0.886559 -0.221206 0.981575 0.184137 0.051028
-0.193201 0.826392 -0.143513 0.983186 0.178077 0.040434
-0.178355 0.732891 -0.067173 0.973902 0.224583 -0.032823
-0.205475 0.726124 -0.068469 -0.978713 -0.195647 0.061991
-0.201553 0.696236 -0.100883 -0.654439 -0.658168 -0.372189
-0.215078 0.820623 -0.143345 -0.990740 -0.125453 -0.051926
-0.217764 0.881220 -0.219602 -0.975257 -0.173442 -0.137081
-0.211115 0.867948 -0.223361 -0.010578 -0.581051 -0.813798
-0.194907 0.785305 -0.162510 0.160503 -0.569682 -0.806041
-0.182975 0.711833 -0.066233 0.226288 -0.930862 0.286862
-0.191953 0.704079 -0.083877 0.237980 -0.926097 0.292763
-0.186749 0.559617 0.130454 -0.037851 -0.061419 0.997394
-0.166855 0.544746 0.130193 -0.032217 -0.066731 0.997251
-0.077915 0.344094 -0.108759 -0.383840 -0.460167 -0.800570
-0.080296 0.386464 -0.107977 -0.609321 0.051242 -0.791266
-0.052724 0.373104 -0.113344 -0.187515 0.007591 -0.982232
0.000040 0.388755 -0.123296 0.000053 0.081909 -0.996640
-0.025954 0.357480 -0.118781 -0.194289 0.019899 -0.980743
0.000012 0.339591 -0.124288 -0.000307 -0.545258 -0.838268
0.000081 0.460810 -0.107300 -0.001360 0.670872 -0.741572
-0.026725 0.412010 -0.112858 -0.188872 0.212923 -0.958640
-0.084835 0.460864 -0.095991 -0.675537 0.419228 -0.606545
-0.055017 0.436046 -0.103756 -0.130427 0.149932 -0.980056
-0.114385 0.361118 -0.033641 -0.705584 -0.015314 -0.708461
-0.093172 0.402815 -0.079203 -0.910353 0.011106 -0.413683
-0.116321 0.467906 -0.001277 -0.421131 0.626908 -0.655466
-0.105180 0.429963 -0.043636 -0.944122 0.079802 -0.319790
-0.114386 0.361206 0.123144 -0.454599 0.305436 0.836689
0.000031 0.373749 0.149553 0.000133 0.246754 0.969078
-0.038093 0.395971 0.128695 -0.247544 0.402519 0.881306
0.000076 0.452957 0.113389 0.000337 0.609106 0.793088
-0.076877 0.427369 0.101738 -0.274029 0.433152 0.858654
-0.116321 0.467944 0.068682 -0.111485 0.580086 0.806890
-0.134423 0.356636 0.103179 -0.863871 0.100172 0.493652
-0.113427 0.311144 0.133425 -0.497495 0.140520 0.856010
-0.120745 0.342995 0.119916 -0.714515 0.127581 0.687889
-0.135800 0.311153 0.108354 -0.970483 0.056089 0.234555
-0.127883 0.326311 0.114986 -0.742513 0.097874 0.662643
0.000085 0.467890 0.086447 0.000537 0.968311 0.249746
-0.038720 0.462930 0.089506 -0.073376 0.872289 0.483454
-0.135800 0.311132 -0.014178 -0.693131 -0.136501 -0.707769
-0.128202 0.342938 -0.025096 -0.227681 -0.267061 -0.936397
-0.134422 0.356563 -0.027470 -0.934413 0.024731 -0.355331
-0.113427 0.311117 -0.027898 -0.712905 -0.328568 -0.619523
-0.121204 0.327789 -0.025239 -0.519804 -0.107303 -0.847520
-0.135341 0.326283 0.022235 -0.999540 0.030316 -0.000005
-0.134882 0.341451 0.061354 -0.999542 0.030258 -0.000025
-0.067025 0.463193 -0.068189 -0.009666 0.996958 -0.077337
-0.038718 0.465516 -0.041497 -0.008998 0.997021 -0.076609
0.000085 0.467832 -0.015913 0.002024 0.999445 -0.033256
-0.077519 0.467894 0.017164 0.000567 1.000000 -0.000543
-0.038717 0.467889 0.046405 0.000550 1.000000 -0.000567
0.077946 0.344007 -0.108759 0.383333 -0.460582 -0.800575
0.025999 0.357451 -0.118781 0.194306 0.019678 -0.980743
0.080374 0.386373 -0.107975 0.609381 0.050568 -0.791263
0.026832 0.411979 -0.112857 0.189135 0.212707 -0.958637
0.052787 0.373045 -0.113343 0.187547 0.007428 -0.982228
0.055150 0.435984 -0.103755 0.130599 0.149760 -0.980059
0.084996 0.460768 -0.095991 0.567505 0.631581 -0.528245
0.114435 0.360990 -0.033641 0.705570 -0.016100 -0.708457
0.093268 0.402710 -0.079202 0.910358 0.010082 -0.413698
0.105307 0.429844 -0.043636 0.944210 0.078752 -0.319790
0.116490 0.467773 -0.001277 0.604456 0.388118 -0.695700
0.114435 0.361078 0.123145 0.454945 0.304928 0.836686
0.038181 0.395928 0.128696 0.247984 0.402239 0.881310
0.116490 0.467815 0.068682 0.112136 0.579976 0.806878
0.077000 0.427283 0.101739 0.274509 0.432847 0.858655
0.038884 0.462887 0.089506 0.074344 0.872205 0.483457
0.134466 0.356485 0.103180 0.863981 0.099225 0.493651
0.120774 0.342860 0.119917 0.714675 0.126789 0.687870
0.113421 0.311016 0.133426 0.497649 0.139979 0.856009
0.127894 0.326167 0.114987 0.742606 0.097088 0.662654
0.135795 0.310999 0.108355 0.970539 0.055056 0.234568
0.134467 0.356412 -0.027469 0.934448 0.023716 -0.355308
0.128233 0.342794 -0.025096 0.227421 -0.267301 -0.936392
0.135796 0.310979 -0.014177 0.692983 -0.137257 -0.707767
0.121218 0.327653 -0.025238 0.519663 -0.107893 -0.847531
0.113422 0.310990 -0.027897 0.712534 -0.329359 -0.619531
0.134909 0.341299 0.061355 0.999573 0.029204 -0.000009
0.135353 0.326130 0.022236 0.999572 0.029240 0.000003
0.067190 0.465458 -0.037727 0.010203 0.996969 -0.077128
0.028387 0.463137 -0.073068 0.010696 0.997004 -0.076608
0.038887 0.467846 0.046405 0.000558 1.000000 -0.000567
0.077688 0.467807 0.017164 0.000582 1.000000 -0.000601
-0.132620 0.000000 -0.027268 -0.166937 -0.708193 -0.685999
-0.122846 0.137804 -0.020972 -0.370589 0.054340 -0.927206
-0.090272 0.091869 -0.023071 0.000000 0.045640 -0.998958
-0.015349 0.137804 -0.020972 0.706725 0.004135 -0.707477
-0.054523 0.045935 -0.025169 0.000000 0.045640 -0.998958
-0.015600 0.000000 -0.027268 0.820752 -0.395939 -0.411824
-0.132620 0.000000 0.132712 -0.287757 -0.593963 0.751268
-0.014732 0.098489 0.128529 0.596632 0.012750 0.802414
-0.090844 0.065659 0.129923 0.000000 0.042434 0.999099
-0.125181 0.098489 0.128529 -0.427933 0.063019 0.901611
-0.015601 0.000000 0.132712 0.412910 -0.811974 0.412557
-0.054318 0.032830 0.131318 0.000000 0.042434 0.999099
-0.158531 0.000000 -0.003963 -0.712101 -0.536138 -0.453285
-0.141257 0.000000 0.033827 0.000000 -1.000000 0.000000
-0.149894 0.000000 0.079385 0.000000 -1.000000 0.000000
-0.158531 0.000000 0.109407 -0.929500 -0.259968 0.261622
-0.093614 0.000000 0.079385 0.000000 -1.000000 0.000000
-0.054607 0.000000 0.026059 0.000000 -1.000000 0.000000
0.132390 0.000000 -0.027268 0.166918 -0.708287 -0.685906
0.015371 0.000000 -0.027268 -0.586227 -0.559817 -0.585613
0.054350 0.045935 -0.025169 0.000000 0.045640 -0.998958
0.015290 0.137804 -0.020972 -0.799382 0.002706 -0.600817
0.090156 0.091869 -0.023071 0.000000 0.045640 -0.998958
0.122787 0.137804 -0.020972 0.370612 0.054050 -0.927214
0.132390 0.000000 0.132712 0.287749 -0.593966 0.751269
0.124953 0.098489 0.128529 0.428053 0.061785 0.901639
0.090615 0.065659 0.129923 0.000000 0.042434 0.999099
0.014503 0.098489 0.128529 -0.442321 0.015442 0.896724
0.054088 0.032830 0.131318 0.000000 0.042434 0.999099
0.015372 0.000000 0.132712 -0.672157 -0.661192 0.333212
0.158302 0.000000 -0.003963 0.711793 -0.536725 -0.453075
0.158302 0.000000 0.109407 0.929267 -0.260310 0.262108
0.149665 0.000000 0.079385 0.000000 -1.000000 0.000000
0.141027 0.000000 0.033827 0.000000 -1.000000 0.000000
0.093384 0.000000 0.079385 0.000000 -1.000000 0.000000
0.054378 0.000000 0.026059 0.000000 -1.000000 0.000000
0.041837 0.142680 0.130157 -0.000018 -0.008389 0.999965
0.113964 0.142741 0.130158 -0.000007 -0.008406 0.999965
0.088176 0.156798 0.130276 -0.000007 -0.008406 0.999965
0.108727 0.184972 0.130513 -0.000018 -0.008389 0.999965
0.064916 0.170830 0.130393 -0.000029 -0.008371 0.999965
0.044184 0.184839 0.130510 -0.000029 -0.008372 0.999965
0.266843 0.417861 -0.001248 -0.571868 0.744115 -0.345339
0.296851 0.420033 -0.012583 0.060299 0.781102 -0.621485
0.272555 0.405951 -0.010213 -0.343404 0.454113 -0.822104
0.253971 0.379958 -0.016808 -0.182304 0.261896 -0.947721
0.266843 0.417903 0.068710 -0.163076 0.946948 0.276939
0.276846 0.418599 0.018293 -0.072417 0.997374 -0.000599
0.295076 0.419194 0.079507 0.224537 0.873183 0.432590
0.286257 0.419043 0.045211 -0.048791 0.998776 0.008159
0.253228 0.384971 0.091371 0.285808 0.269660 0.919564
0.271716 0.407356 0.079863 -0.304303 0.622163 0.721327
0.326961 0.345272 -0.018747 0.273762 0.058931 -0.959991
0.292594 0.381754 -0.016046 0.015539 0.088375 -0.995966
0.340250 0.388811 -0.010926 0.728215 0.523141 -0.442748
0.310726 0.409346 0.018666 0.583423 0.811954 0.018643
0.321354 0.384705 -0.014085 0.134745 0.135202 -0.981613
0.350956 0.357959 0.000058 0.932387 0.221984 -0.285269
0.339389 0.364014 -0.009872 0.633709 -0.054812 -0.771627
0.340250 0.388863 0.081139 0.708950 0.441720 0.549794
0.296185 0.397676 0.084006 0.104993 0.208690 0.972330
0.325192 0.398956 0.049907 0.557445 0.830214 -0.000469
0.343819 0.378544 0.023424 0.944756 0.327776 -0.000185
0.350956 0.358000 0.073840 0.899418 0.223107 0.375860
0.347387 0.368274 0.051679 0.944758 0.327769 -0.000182
0.330330 0.346129 0.096537 0.433937 0.214559 0.875022
0.307936 0.373321 0.089682 0.096718 0.317451 0.943329
0.340512 0.364331 0.083839 0.715191 0.083995 0.693863
0.258014 0.394277 0.047758 0.929475 -0.368138 0.023443
0.262552 0.405241 0.016885 -0.946863 0.321637 -0.000193
-0.041898 0.142680 0.130157 0.000010 -0.008378 0.999965
-0.044243 0.184839 0.130510 0.000014 -0.008372 0.999965
-0.064976 0.170830 0.130393 0.000014 -0.008372 0.999965
-0.108787 0.184972 0.130512 0.000010 -0.008378 0.999965
-0.088236 0.156798 0.130276 0.000007 -0.008383 0.999965
-0.114023 0.142742 0.130158 0.000007 -0.008383 0.999965
-0.266730 0.418160 -0.001249 0.572751 0.743450 -0.345309
-0.253900 0.380244 -0.016808 0.182642 0.261703 -0.947710
-0.272455 0.406258 -0.010214 0.343985 0.453737 -0.822068
-0.296735 0.420369 -0.012585 -0.059361 0.781172 -0.621488
-0.266730 0.418202 0.068710 0.164189 0.946759 0.276929
-0.276732 0.418910 0.018292 0.073648 0.997284 -0.000599
-0.286142 0.419366 0.045210 0.049965 0.998717 0.008180
-0.294962 0.419526 0.079506 -0.223554 0.873434 0.432593
-0.253154 0.385257 0.091371 -0.285520 0.270006 0.919552
-0.271615 0.407662 0.079862 0.304996 0.621836 0.721317
-0.292521 0.382085 -0.016047 -0.015413 0.088368 -0.995969
-0.326928 0.345641 -0.018748 -0.273663 0.059205 -0.960002
-0.310622 0.409696 0.018664 -0.582532 0.812594 0.018654
-0.340169 0.389194 -0.010929 -0.727625 0.523952 -0.442759
-0.321277 0.385068 -0.014087 -0.134554 0.135322 -0.981623
-0.339336 0.364396 -0.009873 -0.633744 -0.054139 -0.771646
-0.350911 0.358354 0.000057 -0.932128 0.223049 -0.285282
-0.340169 0.389246 0.081138 -0.708444 0.442546 0.549783
-0.343750 0.378931 0.023422 -0.944375 0.328872 -0.000186
-0.325100 0.399322 0.049905 -0.556517 0.830836 -0.000469
-0.296095 0.398010 0.084005 -0.104773 0.208827 0.972324
-0.347330 0.368665 0.051678 -0.944373 0.328875 -0.000187
-0.350911 0.358396 0.073840 -0.899154 0.224171 0.375859
-0.307874 0.373668 0.089682 -0.096376 0.317580 0.943321
-0.330299 0.346501 0.096537 -0.433696 0.215083 0.875013
-0.340460 0.364714 0.083838 -0.715088 0.084850 0.693866
-0.262453 0.405535 0.016884 0.947215 0.320598 -0.000193
-0.257928 0.394568 0.047758 -0.929894 -0.367080 0.023423
0.118937 0.251840 -0.016051 0.384412 0.035204 -0.922490
-0.000030 0.250065 -0.038424 -0.000001 0.024218 -0.999707
0.039626 0.258844 -0.030768 0.184425 0.023803 -0.982558
-0.000030 0.274626 -0.037829 -0.000000 0.000158 -1.000000
0.077888 0.266853 -0.023736 0.175663 -0.023489 -0.984170
0.114758 0.274093 -0.017328 0.560756 0.025720 -0.827582
0.139044 0.251840 0.006165 0.862350 0.017257 -0.506018
0.124246 0.259258 -0.009071 0.737690 0.100220 -0.667660
0.140164 0.274080 0.007151 0.663315 -0.176989 -0.727109
0.131322 0.266671 -0.001337 0.693843 -0.003016 -0.720120
-0.000030 0.232617 0.165054 -0.000001 -0.177510 0.984119
-0.000030 0.220603 0.158513 -0.000004 -0.478172 0.878266
0.008235 0.224951 0.158991 0.196809 -0.468819 0.861090
0.024766 0.221634 0.153407 0.333329 -0.592655 0.733248
0.017001 0.229408 0.161077 0.042953 -0.679612 0.732313
0.026268 0.233972 0.164769 0.439973 -0.312426 0.841911
0.038879 0.237667 0.150340 0.590386 0.002855 0.807116
0.029971 0.231091 0.156172 0.702329 -0.526597 0.478987
0.027840 0.263977 0.161483 0.506467 0.245148 0.826676
0.030996 0.245205 0.158864 0.748281 0.033355 0.662543
0.018026 0.243522 0.163769 0.005178 0.108594 0.994073
0.038835 0.270019 0.145452 0.589188 0.257990 0.765702
0.035185 0.257221 0.152425 0.805272 0.089647 0.586089
0.142632 0.248342 0.105131 0.774521 0.087024 0.626533
0.139185 0.274080 0.098306 0.329329 0.275770 0.903047
0.140660 0.265501 0.070196 -0.990720 -0.135505 -0.010640
0.140613 0.258087 0.039482 0.998100 -0.048584 -0.037903
0.117800 0.248342 0.133208 0.566312 0.276841 0.776305
0.133206 0.256921 0.112215 0.722071 0.266048 0.638617
0.114631 0.274866 0.126190 0.395607 0.234451 0.887991
0.123872 0.265763 0.119235 0.729219 0.255124 0.634942
0.090437 0.253625 0.136579 0.169063 0.270934 0.947635
0.064115 0.260851 0.140661 0.234927 0.145524 0.961058
0.013466 0.282755 0.159553 0.157749 0.578155 0.800533
0.022482 0.287654 0.147857 0.440817 0.671823 0.595259
0.011973 0.286009 0.152781 0.056280 0.904695 0.422327
-0.000030 0.287619 0.150932 -0.000002 0.903843 0.427864
0.004469 0.284615 0.156686 0.048449 0.900473 0.432205
-0.000030 0.283472 0.159572 -0.000002 0.576973 0.816763
0.013759 0.259783 0.162030 0.006666 0.107287 0.994206
0.004469 0.266281 0.161393 0.007093 0.107173 0.994215
0.029719 0.273883 0.151597 0.620344 0.491938 0.610877
0.021263 0.278129 0.156298 0.569793 0.502956 0.649901
0.157523 0.280052 0.020328 0.816322 0.247161 -0.522044
0.157118 0.280052 0.073437 0.677841 0.649143 0.345175
0.156650 0.265303 0.056781 0.999159 -0.040285 0.007620
0.155310 0.235804 0.076577 0.788401 -0.239138 0.566777
0.156408 0.249811 0.038927 0.999499 -0.024518 0.020036
0.156392 0.233576 0.019876 0.689436 -0.661904 -0.294214
0.138783 0.287834 0.016221 0.425004 0.804815 -0.414301
0.138323 0.287834 0.076525 0.348560 0.451667 0.821281
0.144741 0.285240 0.055394 0.382959 0.923761 0.002921
0.151141 0.282646 0.036662 0.382961 0.923760 0.002920
0.143560 0.231422 0.080090 0.400884 -0.794593 0.455976
0.145731 0.251687 0.077731 0.256314 0.084645 0.962880
0.150250 0.267897 0.075513 0.186737 0.061947 0.980455
0.144790 0.229899 0.015708 0.377948 -0.406792 -0.831671
0.148247 0.231632 0.038558 0.292777 -0.955765 0.028203
0.151754 0.233601 0.058848 0.360486 -0.931750 0.043491
0.147032 0.265928 0.017419 0.226675 0.032122 -0.973440
0.152902 0.247842 0.018637 0.337831 0.000932 -0.941206
-0.118996 0.251840 -0.016051 -0.384418 0.035191 -0.922488
-0.039685 0.258844 -0.030768 -0.184427 0.023803 -0.982558
-0.114818 0.274093 -0.017328 -0.560762 0.025684 -0.827578
-0.077948 0.266853 -0.023736 -0.175663 -0.023496 -0.984170
-0.124306 0.259258 -0.009071 -0.737706 0.100191 -0.667647
-0.139104 0.251840 0.006167 -0.862357 0.017222 -0.506007
-0.131382 0.266671 -0.001337 -0.693843 -0.003080 -0.720120
-0.140224 0.274080 0.007151 -0.663307 -0.177057 -0.727101
-0.024825 0.221634 0.153407 -0.333326 -0.592643 0.733258
-0.008295 0.224951 0.158991 -0.196817 -0.468818 0.861088
-0.026326 0.233972 0.164769 -0.439958 -0.312415 0.841923
-0.017060 0.229408 0.161077 -0.042956 -0.679611 0.732314
-0.030030 0.231091 0.156172 -0.702316 -0.526577 0.479029
-0.038938 0.237667 0.150340 -0.590366 0.002868 0.807130
-0.031054 0.245205 0.158864 -0.748255 0.033359 0.662572
-0.027898 0.263977 0.161483 -0.506455 0.245139 0.826686
-0.018085 0.243522 0.163769 -0.005178 0.108594 0.994073
-0.035243 0.257221 0.152425 -0.805265 0.089672 0.586095
-0.038893 0.270019 0.145452 -0.589188 0.257985 0.765703
-0.140673 0.258087 0.039483 -0.998100 -0.048588 -0.037884
-0.142690 0.248342 0.105131 -0.774548 0.087009 0.626502
-0.139243 0.274080 0.098306 -0.329378 0.275771 0.903028
-0.140719 0.265501 0.070196 0.990719 -0.135511 -0.010662
-0.133264 0.256921 0.112215 -0.722096 0.266044 0.638591
-0.117859 0.248342 0.133209 -0.566329 0.276839 0.776293
-0.123931 0.265763 0.119235 -0.729244 0.255120 0.634915
-0.114690 0.274866 0.126191 -0.395609 0.234454 0.887989
-0.090496 0.253625 0.136580 -0.169052 0.270934 0.947637
-0.064174 0.260851 0.140661 -0.234911 0.145532 0.961060
-0.013524 0.282755 0.159553 -0.157740 0.578144 0.800542
-0.004528 0.284615 0.156686 -0.048456 0.900473 0.432205
-0.012032 0.286009 0.152781 -0.056281 0.904690 0.422336
-0.022542 0.287654 0.147857 -0.440816 0.671800 0.595286
-0.004528 0.266281 0.161393 -0.007095 0.107173 0.994215
-0.013817 0.259783 0.162030 -0.006666 0.107287 0.994206
-0.021321 0.278129 0.156298 -0.569752 0.502931 0.649956
-0.029778 0.273883 0.151597 -0.620374 0.491894 0.610881
-0.157583 0.280052 0.020328 -0.816312 0.247176 -0.522052
-0.156451 0.233576 0.019876 -0.689413 -0.661922 -0.294227
-0.156468 0.249811 0.038927 -0.999498 -0.024539 0.020020
-0.155370 0.235804 0.076577 -0.788384 -0.239151 0.566796
-0.156710 0.265303 0.056781 -0.999161 -0.040238 0.007657
-0.157176 0.280052 0.073439 -0.677816 0.649154 0.345201
-0.138842 0.287834 0.016222 -0.424975 0.804829 -0.414302
-0.151200 0.282646 0.036663 -0.382941 0.923768 0.002935
-0.144800 0.285240 0.055396 -0.382960 0.923760 0.002928
-0.138381 0.287834 0.076526 -0.348531 0.451653 0.821302
-0.150309 0.267897 0.075514 -0.186673 0.061914 0.980469
-0.145790 0.251687 0.077731 -0.256299 0.084631 0.962886
-0.143619 0.231422 0.080090 -0.400857 -0.794608 0.455974
-0.151813 0.233601 0.058848 -0.360458 -0.931761 0.043485
-0.148306 0.231632 0.038558 -0.292755 -0.955772 0.028198
-0.144848 0.229899 0.015708 -0.377905 -0.406797 -0.831688
-0.152961 0.247842 0.018637 -0.337807 0.000926 -0.941215
-0.147091 0.265928 0.017419 -0.226617 0.032129 -0.973454
-0.395858 0.306246 0.092193 -0.704972 -0.080164 0.704690
-0.346945 0.230026 0.092689 -0.165598 -0.795088 0.583448
-0.344487 0.267987 0.092403 0.001453 0.007440 0.999971
-0.290657 0.267690 0.092327 0.354592 -0.483644 0.800221
-0.341790 0.305949 0.092153 0.000770 0.005578 0.999984
-0.338854 0.343910 0.091939 -0.221283 0.427088 0.876715
-0.395858 0.306185 -0.016572 -0.715249 -0.245451 -0.654349
-0.339637 0.343376 -0.015990 -0.109598 0.175065 -0.978438
-0.342307 0.305572 -0.016471 0.002024 0.012588 -0.999919
-0.291427 0.267155 -0.016852 0.414930 -0.568799 -0.710141
-0.344743 0.267768 -0.017044 0.003800 0.017340 -0.999842
-0.346945 0.229964 -0.017708 -0.191675 -0.921517 -0.337737
-0.403683 0.317854 0.076302 -0.920852 0.339695 0.191412
-0.403683 0.317811 -0.000568 -0.736653 0.510416 -0.443641
-0.401075 0.313950 0.019721 -0.829394 -0.558663 0.000312
-0.398466 0.310095 0.050641 -0.829391 -0.558669 0.000313
-0.379554 0.280798 0.019304 -0.841609 -0.540087 0.000303
-0.363249 0.255412 0.055725 -0.841609 -0.540087 0.000303
0.395844 0.305801 0.092193 0.704856 -0.080978 0.704713
0.338883 0.343528 0.091939 0.191669 0.362619 0.912015
0.341775 0.305564 0.092153 -0.000758 0.005588 0.999984
0.290599 0.267363 0.092328 -0.355136 -0.483242 0.800222
0.344429 0.267600 0.092403 -0.001432 0.007433 0.999971
0.346844 0.229636 0.092689 0.164704 -0.795272 0.583450
0.395844 0.305739 -0.016571 0.714962 -0.246287 -0.654348
0.346846 0.229573 -0.017707 0.190634 -0.921734 -0.337735
0.344687 0.267380 -0.017043 -0.003780 0.017344 -0.999842
0.291371 0.266827 -0.016851 -0.415566 -0.568334 -0.710142
0.342294 0.305186 -0.016471 -0.002003 0.012574 -0.999919
0.339666 0.342993 -0.015990 0.216731 0.411496 -0.885268
0.403683 0.317400 0.076305 0.921237 0.338629 0.191450
0.398457 0.309647 0.050642 0.828731 -0.559647 0.000319
0.401070 0.313498 0.019722 0.828726 -0.559654 0.000320
0.403683 0.317356 -0.000567 0.737237 0.509567 -0.443648
0.379511 0.280371 0.019305 0.841005 -0.541028 0.000309
0.363178 0.255003 0.055725 0.840994 -0.541044 0.000324
0.182345 0.506462 0.033094 0.802197 0.531369 0.272262
0.180796 0.500632 0.086779 0.573749 -0.614990 0.540924
0.155716 0.507183 0.071572 -0.187378 -0.975952 -0.111391
0.104006 0.514455 0.094842 -0.381042 0.180778 0.906712
0.130546 0.512690 0.033750 0.119640 0.992544 0.023305
0.105288 0.517154 -0.026686 -0.583351 0.713768 -0.387603
0.168622 0.435530 0.099313 0.752434 -0.001550 0.658666
0.151141 0.483539 0.093645 0.132091 0.163526 0.977656
0.103596 0.443731 0.108380 -0.888071 0.082570 0.452230
0.125408 0.464572 0.100845 0.158541 0.184742 0.969915
0.223920 0.491658 -0.027026 0.491949 0.553000 -0.672441
0.170518 0.505091 -0.006873 0.208904 0.973292 -0.095200
0.106665 0.444823 -0.032171 -0.423325 0.027451 -0.905562
0.145291 0.484545 -0.028628 0.013447 0.075863 -0.997028
0.202699 0.424293 -0.028115 0.872607 -0.262054 -0.412171
0.177761 0.453591 -0.029104 0.042769 0.002678 -0.999081
0.221769 0.494104 0.033057 0.727790 0.125280 0.674260
0.209345 0.497408 0.013042 0.298970 0.953848 -0.028128
0.216129 0.470018 -0.007361 0.952554 -0.300818 0.046348
0.208233 0.447015 0.012886 0.957087 -0.288190 0.030524
0.200232 0.422649 0.033717 0.667433 -0.194529 0.718812
0.169856 0.434458 0.033599 0.438049 -0.068692 0.896323
0.197286 0.450404 0.033458 -0.000263 0.009315 0.999957
0.191323 0.478341 0.033250 0.002975 0.006497 0.999974
0.173608 0.458817 0.055335 0.985091 -0.170714 0.021283
0.177254 0.480875 0.073062 0.983222 -0.182209 0.008582
0.104297 0.491780 0.058845 -0.999938 0.003794 -0.010464
0.105183 0.468569 0.016508 -0.999608 -0.017365 -0.021962
0.230464 0.462770 0.069983 0.746081 0.161202 0.646048
0.217737 0.421303 0.072323 0.692097 -0.172871 0.700798
0.221979 0.435110 0.045853 0.955989 -0.293401 0.000171
0.217737 0.421258 -0.004748 0.714833 -0.128531 -0.687382
0.226222 0.448919 0.021665 0.955987 -0.293408 0.000175
0.230464 0.462728 -0.000240 0.692329 -0.136012 -0.708648
0.162399 0.489042 -0.001506 -0.098912 -0.335206 -0.936938
0.203533 0.457676 -0.002165 0.053889 0.091552 -0.994341
0.178986 0.450544 -0.004774 0.094909 0.124720 -0.987642
0.156821 0.441331 -0.008067 0.094909 0.124720 -0.987642
0.184496 0.479987 0.022330 -0.360187 -0.932657 -0.020391
0.160626 0.488191 0.068736 -0.000446 0.106616 0.994300
0.207185 0.471230 0.046160 0.342054 0.939680 -0.000562
0.153792 0.443922 0.073192 0.023965 0.072274 0.997097
0.181627 0.464961 0.070637 0.017697 0.097431 0.995085
0.200664 0.442665 0.071833 0.030218 0.047068 0.998435
-0.103785 0.514571 0.094840 0.129100 0.739651 0.660492
-0.105064 0.517270 -0.026686 0.584152 0.713104 -0.387620
-0.130327 0.512837 0.033749 -0.118479 0.992683 0.023294
-0.182132 0.506669 0.033094 -0.600817 0.767119 0.224827
-0.155502 0.507358 0.071571 -0.186276 0.976158 0.111434
-0.180589 0.500835 0.086779 -0.666105 0.490652 0.561752
-0.150955 0.483709 0.093644 -0.131883 0.163672 0.977660
-0.168490 0.435721 0.099312 -0.752436 -0.000687 0.658665
-0.125243 0.464713 0.100844 -0.158343 0.184946 0.969908
-0.103454 0.443847 0.108380 0.888163 0.081590 0.452228
-0.170307 0.505282 -0.006873 -0.207811 0.973518 -0.095271
-0.223724 0.491907 -0.027027 -0.491324 0.553539 -0.672455
-0.145103 0.484707 -0.028629 -0.013360 0.075907 -0.997025
-0.106522 0.444943 -0.032173 0.423355 0.026997 -0.905561
-0.177608 0.453791 -0.029106 -0.042769 0.002740 -0.999081
-0.202579 0.424522 -0.028117 -0.872899 -0.261072 -0.412175
-0.209142 0.497643 0.013041 -0.297940 0.954169 -0.028169
-0.221571 0.494353 0.033055 -0.727673 0.126093 0.674235
-0.200114 0.422873 0.033717 -0.667662 -0.193763 0.718807
-0.208088 0.447249 0.012885 -0.957410 -0.287115 0.030510
-0.215958 0.470261 -0.007363 -0.952888 -0.299760 0.046350
-0.197136 0.450625 0.033457 0.000263 0.009340 0.999956
-0.169724 0.434649 0.033599 -0.438150 -0.068190 0.896312
-0.191142 0.478557 0.033249 -0.003016 0.006492 0.999974
-0.173449 0.459013 0.055335 -0.985283 -0.169601 0.021269
-0.177070 0.481075 0.073062 -0.983431 -0.181081 0.008587
-0.105013 0.468687 0.016507 0.999588 -0.018484 -0.021963
-0.104101 0.491896 0.058845 0.999942 0.002676 -0.010464
-0.230301 0.463027 0.069982 -0.745897 0.162038 0.646051
-0.230301 0.462990 -0.000240 -0.692504 -0.135192 -0.708634
-0.226074 0.449173 0.021664 -0.956325 -0.292306 0.000154
-0.217621 0.421503 -0.004750 -0.714973 -0.127705 -0.687390
-0.221848 0.435359 0.045851 -0.956316 -0.292333 0.000171
-0.217621 0.421548 0.072321 -0.692295 -0.172115 0.700788
-0.162206 0.489225 -0.001506 0.098527 -0.335299 -0.936946
-0.156681 0.441509 -0.008067 -0.094739 0.124832 -0.987644
-0.178836 0.450746 -0.004774 -0.094739 0.124832 -0.987644
-0.203376 0.457906 -0.002165 -0.053797 0.091651 -0.994337
-0.184314 0.480195 0.022330 0.359106 -0.933073 -0.020430
-0.160434 0.488369 0.068736 0.000526 0.106610 0.994301
-0.207012 0.471462 0.046159 -0.340988 0.940068 -0.000496
-0.153649 0.444096 0.073192 -0.023902 0.072289 0.997097
-0.181461 0.465164 0.070637 -0.017603 0.097456 0.995084
-0.200524 0.442890 0.071832 -0.030186 0.047074 0.998435
-0.090546 0.347225 -0.081545 -0.908105 -0.043345 -0.416493
-0.102703 0.352900 -0.056505 -0.898058 -0.067138 -0.434723
-0.000000 0.316748 0.156652 0.000065 0.123587 0.992334
-0.037799 0.333880 0.146543 -0.204874 0.121075 0.971271
-0.075927 0.348700 0.135374 -0.240582 0.190834 0.951684
-0.121710 0.395262 0.098335 -0.705366 0.311979 0.636497
-0.121709 0.395196 -0.020796 -0.338610 0.267279 -0.902167
-0.000006 0.306598 -0.047213 -0.000511 -0.914031 -0.405644
-0.063783 0.320603 -0.061290 -0.106717 -0.903405 -0.415297
-0.025970 0.330094 -0.093420 -0.130424 -0.911451 -0.390189
0.090581 0.347123 -0.081544 0.908059 -0.044334 -0.416488
0.102744 0.352784 -0.056504 0.897978 -0.068135 -0.434734
0.037817 0.333838 0.146544 0.205002 0.120852 0.971272
0.075962 0.348614 0.135375 0.240785 0.190566 0.951686
0.121797 0.395126 0.098336 0.705734 0.311179 0.636480
0.121797 0.395058 -0.020796 0.338955 0.266902 -0.902149
0.025984 0.330065 -0.093420 0.129403 -0.911596 -0.390190
0.063787 0.320532 -0.061290 0.105707 -0.903524 -0.415296
-0.137999 0.045935 -0.017401 -0.666524 0.081132 -0.741055
-0.142747 0.091856 -0.008112 -0.666074 0.080963 -0.741479
-0.146864 0.137763 0.000599 -0.933077 0.097204 -0.346294
-0.154642 0.045921 0.035348 -0.996433 0.084387 -0.000000
-0.151559 0.080057 0.072141 -0.995901 0.090149 0.007353
-0.149283 0.102409 0.106416 -0.869610 0.086737 0.486061
-0.147535 0.126537 0.070851 -0.997096 0.076104 0.002633
-0.146459 0.139439 0.105539 -0.888097 0.084447 0.451833
-0.140308 0.113446 0.113495 -0.668387 0.068514 0.740652
-0.131383 0.125834 0.120403 -0.668411 0.068490 0.740632
-0.122509 0.139575 0.127141 -0.255633 0.015334 0.966652
-0.087474 0.112184 0.128066 0.000000 0.033763 0.999430
-0.135695 0.066966 0.122552 -0.666525 0.081814 0.740980
-0.146811 0.034136 0.116178 -0.666486 0.081829 0.741013
-0.015120 0.139446 0.130747 0.826787 -0.023577 0.562021
-0.050787 0.125837 0.128806 -0.033576 -0.054362 0.997957
-0.015067 0.125246 0.079435 0.999953 0.009560 -0.001613
-0.015227 0.078764 0.026763 0.999988 -0.001613 -0.004551
-0.015311 0.032830 0.077991 0.999961 -0.008823 0.000006
0.137826 0.045935 -0.017401 0.666554 0.080310 -0.741118
0.146803 0.137763 0.000599 0.933262 0.096194 -0.346077
0.142631 0.091856 -0.008112 0.666147 0.080158 -0.741500
0.154469 0.045921 0.035348 0.996535 0.083180 0.000000
0.149055 0.102408 0.106417 0.869621 0.085096 0.486332
0.151387 0.080057 0.072141 0.995885 0.090185 0.008938
0.146582 0.034136 0.116179 0.666473 0.081815 0.741027
0.135466 0.066966 0.122553 0.666512 0.081800 0.740993
0.146399 0.139438 0.105539 0.888240 0.082847 0.451848
0.147419 0.126536 0.070852 0.997429 0.071605 0.002697
0.140136 0.113445 0.113495 0.668773 0.065527 0.740574
0.122450 0.139575 0.127142 0.255658 0.014822 0.966654
0.131267 0.125834 0.120403 0.668560 0.065736 0.740747
0.087302 0.112184 0.128067 0.000000 0.033739 0.999431
0.050671 0.125837 0.128806 0.033566 -0.054500 0.997949
0.015060 0.139446 0.130747 -0.826814 -0.022457 0.562027
0.014951 0.125246 0.079435 -0.999905 0.013688 -0.001664
0.015055 0.078764 0.080090 -0.999929 -0.009148 -0.007670
0.015344 0.045935 0.028157 -1.000000 -0.000588 0.000006
-0.347028 0.355518 0.076182 -0.475085 0.804699 0.356025
-0.360580 0.335225 0.086771 -0.407568 0.621362 0.669177
-0.382190 0.326539 0.081559 -0.414450 0.625530 0.661017
-0.347674 0.355091 -0.000156 -0.561724 0.775527 0.288140
-0.366128 0.342821 0.050776 -0.553621 0.832769 0.000027
-0.385013 0.330252 0.025193 -0.554087 0.832459 -0.000465
-0.379726 0.322457 -0.011043 -0.410343 0.630617 -0.658742
-0.363665 0.338759 -0.005571 -0.409043 0.621920 -0.667757
-0.328182 0.242560 0.055769 0.556119 -0.831103 0.000467
-0.309676 0.254936 0.019256 0.556552 -0.830813 0.000146
0.347070 0.355127 0.076183 0.444246 0.757603 0.478209
0.360599 0.334819 0.086772 0.408248 0.620886 0.669204
0.382199 0.326109 0.081560 0.415090 0.625021 0.661097
0.347717 0.354700 -0.000154 0.497397 0.834701 -0.236369
0.366157 0.342409 0.050778 0.554547 0.832152 0.000045
0.385028 0.329819 0.025195 0.555041 0.831823 -0.000476
0.379731 0.322029 -0.011043 0.411060 0.630141 -0.658751
0.363689 0.338350 -0.005570 0.409753 0.621465 -0.667745
0.328096 0.242191 0.055770 -0.557055 -0.830476 0.000464
0.309605 0.254588 0.019257 -0.557500 -0.830177 0.000134
-0.039710 0.446916 0.073900 -0.447212 -0.001100 0.894427
0.040826 0.446870 0.073900 0.000000 0.000081 1.000000
0.014108 0.479670 0.073897 0.000000 0.000092 1.000000
0.041207 0.545225 0.073891 -0.447213 0.001814 0.894426
-0.012824 0.512470 0.073894 0.000000 0.000092 1.000000
-0.039970 0.545270 0.073891 -0.894424 -0.002323 0.447215
0.040826 0.446824 -0.006634 0.447221 -0.007675 -0.894391
0.040953 0.479624 0.019993 0.999992 -0.003884 0.000002
0.041208 0.545179 -0.007287 0.000021 -0.006649 -0.999978
0.041080 0.512425 0.046835 -0.999992 0.003874 -0.000014
-0.039710 0.446870 -0.006636 -0.894417 -0.005333 -0.447203
-0.012951 0.479640 -0.006853 0.000021 -0.006639 -0.999978
-0.039970 0.545225 -0.007289 -0.447194 -0.007120 -0.894409
0.014021 0.512409 -0.007070 0.000021 -0.006639 -0.999978
-0.039797 0.479685 0.047052 -0.999996 -0.002643 0.000002
-0.039883 0.512455 0.019989 -0.999996 -0.002643 0.000001
-0.149227 0.445948 0.082365 -0.256567 0.364370 0.895214
-0.133324 0.423509 0.084742 0.220350 0.255883 0.941260
-0.157767 0.457558 0.069454 -0.416997 0.744037 0.522037
-0.187660 0.436036 0.074922 -0.298759 0.602903 0.739765
-0.255985 0.404603 0.072946 -0.413354 0.801499 0.432132
-0.218341 0.414125 0.080918 -0.310905 0.643435 0.699521
-0.249812 0.391824 0.087444 -0.107870 0.293421 0.949878
-0.157765 0.457525 0.006593 -0.355664 0.314719 -0.880031
-0.183167 0.443834 0.026644 -0.474732 0.880130 -0.000477
-0.233969 0.416420 0.003885 -0.443377 0.842262 -0.306613
-0.215907 0.426194 0.048762 -0.474594 0.880205 -0.000684
-0.226296 0.404403 -0.010208 -0.168957 0.396340 -0.902424
-0.206010 0.426116 0.000090 -0.314982 0.630666 -0.709258
-0.149225 0.445898 -0.006278 -0.108362 0.336198 -0.935537
-0.141104 0.457110 -0.000321 -0.292205 0.605152 -0.740545
-0.177762 0.435942 -0.003298 -0.289096 0.607059 -0.740204
-0.135690 0.376316 0.082421 -0.853744 -0.410377 0.320487
-0.139780 0.392967 0.089322 -0.974484 -0.189544 -0.120221
0.149371 0.445782 0.082366 0.315182 0.426733 0.847679
0.157924 0.457380 0.069455 0.417819 0.743603 0.521998
0.141262 0.456992 0.073501 0.157971 0.680269 0.715737
0.133442 0.423361 0.084743 -0.220090 0.256130 0.941253
0.256083 0.404315 0.072948 0.438426 0.835828 0.330416
0.187793 0.435826 0.074923 0.299455 0.602621 0.739713
0.249894 0.391543 0.087444 0.121955 0.316392 0.940757
0.218449 0.413880 0.080919 0.311613 0.643020 0.699588
0.234079 0.416159 0.003886 0.427736 0.819796 -0.380758
0.183309 0.443629 0.026645 0.475706 0.879604 -0.000469
0.157923 0.457347 0.006593 0.340794 -0.485923 -0.804822
0.216029 0.425951 0.048763 0.475577 0.879674 -0.000662
0.206132 0.425885 0.000090 0.315678 0.630300 -0.709274
0.226394 0.404148 -0.010208 0.140726 0.348697 -0.926610
0.177895 0.435742 -0.003297 0.289762 0.606718 -0.740224
0.149368 0.445732 -0.006276 -0.078958 0.019518 -0.996687
0.139864 0.392810 0.089323 0.974268 -0.190645 -0.120233
0.135755 0.376163 0.082423 0.726302 -0.348813 0.592296
-0.112509 0.261509 -0.015034 -0.351464 -0.013520 -0.936104
-0.107157 0.317990 -0.016843 -0.427987 -0.017280 -0.903620
-0.073221 0.300463 -0.022758 -0.178972 -0.014549 -0.983747
0.000002 0.321891 -0.036396 -0.000003 -0.003326 -0.999994
-0.037512 0.281638 -0.029442 -0.190780 0.008214 -0.981598
-0.000030 0.261513 -0.036895 -0.000002 -0.070699 -0.997498
-0.118057 0.280336 -0.009950 -0.612599 0.032755 -0.789715
-0.134504 0.261509 0.002028 -0.883021 0.059527 -0.465543
-0.123258 0.299163 -0.006861 -0.466157 -0.068986 -0.882008
-0.128112 0.317991 -0.005768 -0.939359 0.059682 -0.337701
-0.037523 0.242571 -0.026750 -0.188723 -0.146508 -0.971040
-0.000030 0.204692 -0.028322 -0.000001 -0.549431 -0.835539
-0.042354 0.223631 -0.022990 -0.182123 -0.132685 -0.974282
-0.014522 0.204692 -0.025613 0.343280 -0.443410 -0.827977
-0.138492 0.219754 0.003364 -0.902924 0.091736 -0.419896
-0.128502 0.247591 -0.003214 -0.612589 0.033241 -0.789702
-0.117395 0.211474 -0.016238 -0.453707 0.078717 -0.887668
-0.081475 0.225892 -0.018962 -0.088575 0.032605 -0.995536
-0.122799 0.230912 -0.009303 -0.660789 0.082479 -0.746026
-0.084921 0.184657 -0.020941 -0.085939 0.070221 -0.993823
-0.050906 0.160100 -0.022519 -0.000000 -0.069218 -0.997602
-0.134250 0.189664 -0.004092 -0.658059 0.092394 -0.747276
-0.129035 0.162347 -0.012204 -0.665145 0.096794 -0.740414
-0.112509 0.261509 0.126246 -0.428435 0.074268 0.900515
-0.000030 0.254415 0.146270 0.000001 -0.114724 0.993397
-0.037512 0.280419 0.138059 -0.170997 0.063981 0.983192
0.000004 0.325332 0.141661 0.000048 0.110985 0.993822
-0.073221 0.301618 0.128790 -0.219061 0.153453 0.963569
-0.107158 0.318013 0.118464 -0.504092 0.164506 0.847838
-0.128112 0.318008 0.094631 -0.871087 0.156714 0.465454
-0.115926 0.299177 0.113114 -0.741356 0.159972 0.651767
-0.134504 0.261509 0.102146 -0.923263 0.133362 0.360278
-0.125042 0.280342 0.107674 -0.727789 0.170687 0.664221
-0.114276 0.242542 0.127297 -0.519647 0.077218 0.850884
-0.120430 0.255187 0.118563 -0.734500 0.105572 0.670346
-0.014402 0.204692 0.131775 0.072644 -0.268256 0.960605
-0.080396 0.236248 0.128439 -0.022980 0.057446 0.998084
-0.042314 0.240205 0.134764 -0.184523 -0.225529 0.956602
-0.083729 0.195603 0.128738 -0.044032 0.002007 0.999028
-0.050677 0.161238 0.129888 -0.033574 -0.015376 0.999318
-0.127748 0.173852 0.119992 -0.669014 0.052370 0.741402
-0.136616 0.242542 0.103648 -0.950137 0.110776 0.291492
-0.132450 0.208174 0.112161 -0.724508 0.081720 0.684405
-0.128465 0.248864 0.111030 -0.720373 0.134103 0.680499
-0.000030 0.204692 0.137166 0.000000 -0.920174 0.391509
-0.004821 0.221266 0.138404 -0.346159 -0.168966 0.922835
-0.141105 0.457150 0.073500 -0.157168 0.680395 0.715793
-0.143951 0.461009 0.048243 0.243084 -0.970005 0.000517
-0.130136 0.464458 0.024666 0.243070 -0.970009 0.000527
-0.271260 0.396307 0.002561 -0.458600 0.868331 -0.188910
-0.243842 0.405710 -0.001254 -0.314973 0.630671 -0.709258
-0.253738 0.405777 0.026464 -0.474688 0.880154 -0.000723
-0.267078 0.382444 -0.012288 0.188848 -0.242929 -0.951484
-0.254878 0.394385 -0.006645 -0.313735 0.648371 -0.693676
-0.211023 0.323510 0.087237 0.513754 -0.689026 0.511175
-0.203354 0.387094 0.085682 0.039887 0.019621 0.999012
-0.250497 0.327675 0.089003 0.047174 0.023760 0.998604
-0.293108 0.334475 0.090570 0.035586 0.027588 0.998986
-0.281550 0.380112 0.084110 -0.310919 0.643428 0.699521
-0.165313 0.381925 0.084008 0.055676 0.011627 0.998381
-0.170403 0.408856 -0.007589 0.046095 0.008990 -0.998897
-0.135688 0.376267 -0.006280 -0.156992 -0.398471 -0.903645
-0.133745 0.430024 -0.004612 0.133237 0.025931 -0.990745
-0.227765 0.375040 -0.010819 0.040859 0.018744 -0.998989
-0.189920 0.338273 -0.009961 0.355681 -0.432885 -0.828313
-0.183968 0.372981 -0.008816 0.050802 0.024216 -0.998415
-0.128810 0.400245 -0.011676 -0.943230 0.213245 -0.254644
-0.228027 0.344318 -0.011577 0.047041 0.029572 -0.998455
-0.227082 0.312236 -0.012483 0.353507 -0.429134 -0.831190
-0.277932 0.346019 -0.013587 0.037862 0.024344 -0.998986
-0.286049 0.307589 -0.015108 0.041494 0.037537 -0.998433
-0.295337 0.377947 -0.003294 0.323080 -0.644660 0.692844
-0.318130 0.360304 -0.009478 0.328033 -0.672140 0.663794
-0.313956 0.368010 0.080356 -0.335808 0.666723 0.665368
-0.321987 0.368972 0.026196 -0.474699 0.880148 -0.000906
-0.291424 0.385476 0.050563 -0.474584 0.880210 -0.000753
-0.209342 0.324673 0.021598 0.573802 -0.818994 0.000187
-0.178877 0.346017 0.023665 0.573775 -0.819013 0.000178
-0.243177 0.300967 0.019301 0.573791 -0.819001 0.000189
-0.264369 0.286118 0.054237 0.573986 -0.818865 -0.000035
-0.160800 0.358698 0.054459 0.574014 -0.818845 0.000466
-0.135267 0.369715 0.016224 -0.997941 -0.064133 0.000013
-0.134845 0.363172 0.052710 -0.997936 -0.064217 0.000028
-0.014997 0.160647 0.028054 0.999921 -0.012458 -0.001374
-0.014681 0.182943 0.078970 0.999939 -0.010992 -0.000762
-0.143938 0.165652 0.036501 -0.994832 0.101506 0.002218
-0.140522 0.200578 0.070850 -0.995475 0.094981 -0.002961
-0.136537 0.241268 0.036347 -0.995475 0.094982 -0.002961
-0.135208 0.255187 0.069274 -0.993857 0.110667 0.000000
-0.132373 0.280336 0.032802 -0.993657 0.112451 -0.000000
-0.130243 0.299169 0.063670 -0.993661 0.112415 -0.000019
0.112451 0.261508 -0.015034 0.351460 -0.013648 -0.936104
0.037464 0.242571 -0.026750 0.188718 -0.146508 -0.971041
0.037474 0.281637 -0.029442 0.190777 0.008011 -0.981601
0.073204 0.300423 -0.022757 0.178962 -0.014750 -0.983745
0.107158 0.317870 -0.016842 0.427955 -0.017765 -0.903626
0.134446 0.261508 0.002028 0.883039 0.059161 -0.465556
0.118018 0.280295 -0.009949 0.612610 0.032198 -0.789729
0.128112 0.317847 -0.005768 0.939408 0.058870 -0.337709
0.123239 0.299075 -0.006861 0.466057 -0.069652 -0.882009
0.014462 0.204692 -0.025613 -0.343280 -0.443414 -0.827975
0.042294 0.223631 -0.022990 0.182123 -0.132694 -0.974281
0.128444 0.247590 -0.003214 0.612589 0.033241 -0.789702
0.138434 0.219754 0.003364 0.902923 0.091720 -0.419903
0.122740 0.230912 -0.009303 0.660776 0.082466 -0.746039
0.117336 0.211474 -0.016238 0.453708 0.078709 -0.887668
0.081416 0.225891 -0.018962 0.088575 0.032604 -0.995536
0.084862 0.184657 -0.020941 0.085939 0.070221 -0.993823
0.050846 0.160100 -0.022519 0.000000 -0.069218 -0.997602
0.128975 0.162347 -0.012204 0.665175 0.096795 -0.740387
0.134191 0.189664 -0.004092 0.658049 0.092370 -0.747288
0.112451 0.261509 0.126246 0.428486 0.074142 0.900501
0.037475 0.280419 0.138059 0.171006 0.063818 0.983201
0.107157 0.317892 0.118465 0.504245 0.164341 0.847779
0.073204 0.301578 0.128791 0.219239 0.153552 0.963512
0.128112 0.317864 0.094631 0.871179 0.156203 0.465454
0.115907 0.299088 0.113114 0.741480 0.159560 0.651727
0.125003 0.280294 0.107674 0.727832 0.170380 0.664252
0.134446 0.261508 0.102146 0.923305 0.133043 0.360289
0.120371 0.255186 0.118563 0.734506 0.105534 0.670346
0.114217 0.242542 0.127297 0.519648 0.077212 0.850884
0.080337 0.236248 0.128439 0.022980 0.057445 0.998084
0.014342 0.204692 0.131775 -0.072647 -0.268255 0.960605
0.004761 0.221266 0.138404 0.346159 -0.168966 0.922835
0.042254 0.240205 0.134764 0.184519 -0.225530 0.956603
0.083670 0.195603 0.128738 0.044028 0.002017 0.999028
0.050617 0.161238 0.129888 0.033565 -0.015376 0.999318
0.127689 0.173852 0.119993 0.669048 0.052379 0.741372
0.128407 0.248864 0.111030 0.720357 0.134110 0.680515
0.136558 0.242542 0.103648 0.950135 0.110772 0.291501
0.132391 0.208174 0.112161 0.724493 0.081704 0.684422
0.144112 0.460847 0.048243 -0.244230 -0.969717 0.000513
0.130301 0.464312 0.024666 -0.244131 -0.969742 0.000582
0.141260 0.456951 -0.000320 -0.292859 -0.604813 0.740564
0.135754 0.376114 -0.006280 0.218764 -0.530228 -0.819146
0.133871 0.429873 -0.004611 -0.133148 0.026094 -0.990753
0.271349 0.396001 0.002561 0.413122 0.797289 -0.440068
0.253837 0.405492 0.026465 0.475717 0.879598 -0.000720
0.267150 0.382143 -0.012288 0.187877 0.427062 -0.884489
0.242541 0.400817 -0.006203 0.306836 0.635288 -0.708704
0.257526 0.398101 -0.001947 0.323833 0.644275 -0.692851
0.178340 0.404496 0.084078 -0.045246 0.009667 0.998929
0.198893 0.363659 0.085702 -0.047139 0.023822 0.998604
0.211029 0.323272 0.087238 -0.549714 -0.748914 0.370057
0.250507 0.327393 0.089003 -0.047141 0.023823 0.998604
0.293125 0.334145 0.090570 -0.035548 0.027638 0.998986
0.189942 0.338059 -0.009961 -0.358452 -0.435989 -0.825485
0.188568 0.395980 -0.008815 -0.040848 0.018797 -0.998989
0.158355 0.386635 -0.007506 -0.059582 0.011709 -0.998155
0.227075 0.311981 -0.012483 -0.294407 -0.341080 -0.892742
0.214470 0.351396 -0.010884 -0.050766 0.024269 -0.998416
0.240206 0.366091 -0.011660 -0.037821 0.024379 -0.998987
0.292722 0.373712 -0.008572 0.314439 0.648017 -0.693687
0.277964 0.345706 -0.013587 -0.037833 0.024386 -0.998986
0.286037 0.307267 -0.015108 -0.041447 0.037567 -0.998434
0.284349 0.383662 0.078858 0.320419 0.638714 0.699554
0.311949 0.363399 0.085189 0.328491 0.671038 0.664682
0.291716 0.385005 0.025118 0.475684 0.879616 -0.000729
0.316957 0.371381 0.049659 0.475585 0.879669 -0.000890
0.319577 0.364565 -0.004528 0.337093 0.666984 -0.664455
0.209349 0.324437 0.021598 -0.574709 -0.818358 0.000183
0.178908 0.345815 0.023666 -0.574704 -0.818361 0.000182
0.264333 0.285821 0.054238 -0.574909 -0.818218 -0.000048
0.243158 0.300693 0.019301 -0.574707 -0.818359 0.000184
0.160846 0.358516 0.054460 -0.574934 -0.818199 0.000458
0.135325 0.369563 0.016225 0.997872 -0.065211 0.000025
0.128904 0.400100 -0.011675 0.943479 0.212188 -0.254604
0.134896 0.363020 0.052711 0.997864 -0.065318 0.000044
0.014621 0.182943 0.078970 -0.999939 -0.010992 -0.000762
0.014937 0.160647 0.028054 -0.999921 -0.012474 -0.001381
0.140464 0.200578 0.070850 0.995477 0.094961 -0.002956
0.143879 0.165652 0.036501 0.994836 0.101471 0.002210
0.136479 0.241268 0.036347 0.995474 0.094985 -0.002962
0.135150 0.255186 0.069274 0.993857 0.110673 0.000000
0.132335 0.280288 0.032802 0.993739 0.111723 -0.000000
0.130223 0.299073 0.063670 0.993743 0.111687 -0.000019
-0.004861 0.204692 0.027744 0.000000 -1.000000 0.000000
-0.009651 0.204692 0.081109 0.000000 -1.000000 0.000000
0.004801 0.204692 0.027744 0.000000 -1.000000 0.000000
0.009591 0.204692 0.081109 0.000000 -1.000000 0.000000
