0 1
0 2
0 3
0 4
1 0
1 2
1 3
1 35
1 23
1 24
2 0
2 1
2 22
2 23
3 0
3 1
3 4
3 5
3 24
3 25
4 0
4 3
4 5
4 6
5 3
5 4
5 6
5 7
5 25
5 26
6 8
6 4
6 5
6 7
7 5
7 6
7 8
7 9
7 26
7 27
8 9
8 10
8 6
8 7
9 7
9 8
9 10
9 11
9 27
9 28
10 8
10 9
10 11
10 12
11 9
11 10
11 12
11 13
11 28
11 29
12 10
12 11
12 13
12 14
13 11
13 12
13 14
13 15
13 29
13 30
14 16
14 12
14 13
14 15
15 13
15 14
15 16
15 17
15 30
15 31
16 17
16 18
16 14
16 15
17 32
17 15
17 16
17 18
17 19
17 31
18 16
18 17
18 19
18 20
19 32
19 33
19 17
19 18
19 20
19 21
20 18
20 19
20 21
20 22
21 33
21 34
21 19
21 20
21 22
21 23
22 2
22 20
22 21
22 23
23 1
23 2
23 34
23 35
23 21
23 22
24 1
24 3
24 35
24 72
24 25
25 3
25 5
25 72
25 24
25 26
26 5
26 7
26 72
26 25
26 27
27 7
27 72
27 9
27 26
27 28
28 72
28 9
28 11
28 27
28 29
29 72
29 11
29 13
29 28
29 30
30 72
30 13
30 15
30 29
30 31
31 32
31 72
31 15
31 17
31 30
32 33
32 72
32 17
32 19
32 31
33 32
33 34
33 72
33 19
33 21
34 33
34 35
34 72
34 21
34 23
35 1
35 34
35 72
35 23
35 24
36 40
36 37
36 38
36 39
37 36
37 38
37 39
37 59
37 60
37 61
38 58
38 59
38 36
38 37
39 36
39 37
39 40
39 41
39 61
39 62
40 41
40 42
40 36
40 39
41 39
41 40
41 42
41 43
41 62
41 63
42 40
42 41
42 43
42 44
43 64
43 41
43 42
43 44
43 45
43 63
44 42
44 43
44 45
44 46
45 64
45 65
45 43
45 44
45 46
45 47
46 48
46 44
46 45
46 47
47 65
47 66
47 45
47 46
47 48
47 49
48 49
48 50
48 46
48 47
49 66
49 67
49 47
49 48
49 50
49 51
50 48
50 49
50 51
50 52
51 67
51 68
51 49
51 50
51 52
51 53
52 50
52 51
52 53
52 54
53 68
53 69
53 51
53 52
53 54
53 55
54 56
54 52
54 53
54 55
55 69
55 70
55 53
55 54
55 56
55 57
56 57
56 58
56 54
56 55
57 70
57 71
57 55
57 56
57 58
57 59
58 56
58 57
58 59
58 38
59 37
59 38
59 71
59 57
59 58
59 60
60 37
60 71
60 73
60 59
60 61
61 37
61 39
61 73
61 60
61 62
62 39
62 73
62 41
62 61
62 63
63 64
63 41
63 73
63 43
63 62
64 65
64 73
64 43
64 45
64 63
65 64
65 66
65 73
65 45
65 47
66 65
66 67
66 73
66 47
66 49
67 66
67 68
67 73
67 49
67 51
68 67
68 69
68 73
68 51
68 53
69 68
69 70
69 73
69 53
69 55
70 69
70 71
70 73
70 55
70 57
71 70
71 73
71 57
71 59
71 60
72 32
72 33
72 34
72 35
72 24
72 25
72 26
72 27
72 28
72 29
72 30
72 31
73 64
73 65
73 66
73 67
73 68
73 69
73 70
73 71
73 60
73 61
73 62
73 63
74 103
74 104
74 105
74 75
74 76
74 77
74 78
75 74
75 76
75 77
75 116
75 219
76 105
76 74
76 75
76 106
76 114
76 116
77 74
77 75
77 78
77 79
77 219
78 160
78 135
78 103
78 74
78 77
78 79
78 80
79 77
79 78
79 80
79 81
79 118
79 218
79 219
80 135
80 136
80 137
80 78
80 79
80 81
80 82
81 79
81 80
81 82
81 83
81 85
81 118
81 119
82 137
82 138
82 139
82 80
82 81
82 83
82 84
83 81
83 82
83 84
83 85
84 139
84 241
84 82
84 83
84 243
84 85
84 86
85 81
85 83
85 84
85 119
85 86
85 87
86 241
86 242
86 84
86 85
86 87
86 88
86 251
87 166
87 167
87 85
87 86
87 119
87 88
87 89
88 86
88 87
88 89
88 90
88 251
88 92
89 224
89 225
89 167
89 87
89 88
89 90
89 91
90 88
90 89
90 91
90 92
91 89
91 90
91 92
92 88
92 90
92 91
92 251
93 96
93 97
93 122
93 123
93 94
93 95
94 96
94 162
94 163
94 164
94 93
94 95
95 161
95 162
95 93
95 123
95 124
95 125
95 94
96 97
96 98
96 164
96 205
96 93
96 94
97 96
97 98
97 99
97 233
97 234
97 120
97 121
97 122
97 93
98 96
98 97
98 99
98 100
98 205
98 206
99 97
99 98
99 100
99 101
99 233
99 121
100 98
100 99
100 101
100 102
100 206
101 160
101 99
101 100
101 102
101 103
101 121
101 158
102 100
102 101
102 103
102 104
102 206
103 160
103 101
103 102
103 104
103 74
103 78
104 102
104 103
104 105
104 74
104 206
104 221
105 104
105 74
105 106
105 76
105 221
106 165
106 105
106 76
106 111
106 112
106 113
106 114
106 221
107 108
107 141
107 109
107 110
107 111
107 142
108 107
108 109
108 110
108 181
108 150
108 182
109 107
109 108
109 142
109 143
109 144
109 182
110 107
110 108
110 111
110 112
110 150
110 151
111 165
111 106
111 107
111 141
111 110
111 112
112 106
112 110
112 111
112 113
112 151
112 152
113 106
113 112
113 114
113 115
113 152
113 153
114 106
114 76
114 113
114 115
114 116
115 113
115 114
115 116
115 117
115 153
115 154
116 75
116 76
116 114
116 115
116 117
116 118
116 218
116 219
117 115
117 116
117 118
117 119
117 154
118 79
118 81
118 116
118 117
118 119
118 218
119 166
119 81
119 85
119 117
119 118
119 87
119 154
120 97
120 122
120 121
121 97
121 99
121 101
121 233
121 172
121 173
121 240
121 247
121 120
121 158
122 97
122 1057
122 1059
122 923
122 1250
122 1249
122 701
122 924
122 1074
122 120
122 1306
122 123
122 700
122 93
122 702
122 703
123 122
123 924
123 1307
123 696
123 698
123 923
123 124
123 93
123 95
124 123
124 125
124 126
124 95
125 161
125 129
125 95
125 124
125 222
125 126
125 127
126 128
126 124
126 125
126 127
127 128
127 129
127 125
127 126
128 129
128 126
128 127
129 128
129 248
129 125
129 222
129 127
130 131
130 132
130 133
130 134
130 235
130 724
130 725
130 726
130 727
130 217
130 732
131 130
131 132
131 133
131 155
131 252
131 158
131 159
132 130
132 131
132 252
133 160
133 130
133 131
133 134
133 135
133 159
134 130
134 133
134 135
134 136
134 217
135 160
135 133
135 134
135 136
135 78
135 80
136 134
136 135
136 137
136 138
136 80
136 216
136 217
137 80
137 82
137 136
137 138
138 136
138 137
138 139
138 140
138 82
138 215
138 216
139 1280
139 1281
139 138
139 140
139 82
139 243
139 84
139 729
139 731
139 734
140 138
140 139
140 215
141 163
141 164
141 165
141 107
141 142
141 111
142 163
142 107
142 109
142 141
142 143
142 190
143 109
143 142
143 144
143 145
143 190
143 191
144 109
144 143
144 145
144 146
144 182
144 188
145 192
145 143
145 144
145 146
145 147
145 191
146 144
146 145
146 147
146 148
146 188
146 189
147 192
147 193
147 145
147 146
147 148
147 149
148 146
148 147
148 149
148 189
149 193
149 197
149 147
149 148
149 189
150 108
150 110
150 179
150 180
150 181
150 151
151 194
151 110
151 112
151 179
151 150
151 152
152 194
152 195
152 112
152 113
152 151
152 153
153 195
153 196
153 113
153 115
153 152
153 154
154 196
154 166
154 115
154 117
154 119
154 153
155 131
155 156
155 252
155 157
155 158
156 230
156 232
156 172
156 155
156 157
156 158
157 232
157 155
157 156
158 160
158 131
158 101
158 172
158 121
158 155
158 156
158 159
159 160
159 131
159 133
159 158
160 133
160 101
160 135
160 103
160 78
160 158
160 159
161 162
161 228
161 229
161 202
161 203
161 95
161 125
161 222
161 223
162 161
162 163
162 202
162 94
162 190
162 95
163 162
163 164
163 141
163 142
163 190
163 94
164 96
164 163
164 165
164 141
164 205
164 94
165 164
165 106
165 205
165 141
165 111
165 221
166 196
166 167
166 168
166 119
166 87
166 154
167 224
167 166
167 168
167 169
167 170
167 245
167 246
167 87
167 89
167 250
168 195
168 196
168 166
168 167
168 169
168 170
169 167
169 168
169 170
169 171
169 246
170 194
170 195
170 167
170 168
170 169
170 171
170 177
170 249
170 250
171 169
171 170
171 246
172 230
172 231
172 173
172 174
172 121
172 156
172 158
173 172
173 174
173 239
173 175
173 240
173 121
174 172
174 173
174 175
175 173
175 174
175 239
176 177
176 178
176 179
176 180
176 211
176 183
176 220
177 194
177 170
177 176
177 178
177 179
177 249
178 1154
178 176
178 177
178 1111
178 1112
178 249
178 220
178 1182
178 991
179 194
179 176
179 177
179 180
179 150
179 151
180 176
180 179
180 181
180 150
180 183
180 184
181 108
181 180
181 182
181 150
181 184
181 186
182 108
182 109
182 144
182 181
182 186
182 188
183 200
183 201
183 207
183 176
183 209
183 211
183 180
183 184
183 185
184 180
184 181
184 183
184 185
184 186
185 198
185 199
185 200
185 183
185 184
185 186
185 187
186 181
186 182
186 184
186 185
186 187
186 188
187 197
187 198
187 185
187 186
187 188
187 189
188 144
188 146
188 182
188 186
188 187
188 189
189 197
189 146
189 148
189 149
189 187
189 188
190 162
190 163
190 202
190 142
190 143
190 191
191 192
191 202
191 203
191 143
191 145
191 190
192 193
192 203
192 204
192 145
192 147
192 191
193 192
193 147
193 204
193 149
194 195
194 170
194 177
194 179
194 151
194 152
195 194
195 196
195 168
195 170
195 152
195 153
196 195
196 166
196 168
196 153
196 154
197 187
197 149
197 198
197 189
198 185
198 187
198 197
198 199
199 200
199 185
199 201
199 198
200 185
200 201
200 183
200 199
201 1153
201 1154
201 1155
201 199
201 200
201 183
201 504
201 506
201 1182
202 161
202 162
202 203
202 190
202 191
203 192
203 161
203 227
203 228
203 202
203 204
203 191
204 192
204 193
204 203
204 227
205 96
205 98
205 164
205 165
205 206
205 221
206 98
206 100
206 102
206 104
206 205
206 221
207 208
207 209
207 210
207 211
207 183
208 209
208 210
208 207
209 208
209 183
209 207
210 207
210 208
210 211
210 212
210 214
211 207
211 176
211 210
211 212
211 213
211 183
211 220
212 210
212 211
212 213
212 214
213 220
213 211
213 212
213 214
214 210
214 212
214 213
215 216
215 138
215 140
216 136
216 138
216 238
216 215
216 217
217 130
217 134
217 136
217 235
217 236
217 238
217 216
218 219
218 116
218 118
218 79
219 75
219 77
219 79
219 116
219 218
220 176
220 178
220 211
220 213
221 165
221 104
221 105
221 106
221 205
221 206
222 129
222 161
222 248
222 125
222 223
223 248
223 161
223 222
224 225
224 226
224 167
224 244
224 245
224 89
225 224
225 89
225 226
226 224
226 225
226 244
227 229
227 203
227 204
227 228
228 161
228 203
228 229
228 227
229 161
229 227
229 228
229 647
229 648
229 696
229 1307
229 1308
229 1309
230 232
230 172
230 156
230 231
231 232
231 172
231 230
232 156
232 157
232 230
232 231
233 97
233 99
233 234
233 247
233 121
234 233
234 97
234 247
235 217
235 130
235 236
235 237
236 217
236 235
236 237
236 238
237 235
237 236
237 238
238 216
238 217
238 236
238 237
239 240
239 173
239 175
240 121
240 173
240 239
241 242
241 243
241 84
241 86
242 241
242 243
242 86
243 241
243 242
243 139
243 84
244 224
244 226
244 245
245 224
245 244
245 167
246 169
246 171
246 167
247 233
247 234
247 121
248 129
248 222
248 223
249 992
249 993
249 1239
249 997
249 1001
249 170
249 748
249 1243
249 177
249 178
249 1111
249 1113
249 250
249 1115
249 990
249 991
250 249
250 170
250 167
251 88
251 92
251 86
252 132
252 131
252 155
253 256
253 257
253 310
253 312
253 254
253 255
254 256
254 682
254 688
254 537
254 253
254 255
255 644
255 688
255 310
255 311
255 253
255 254
256 257
256 258
256 435
256 437
256 537
256 253
256 254
257 256
257 258
257 259
257 261
257 312
257 313
257 253
258 256
258 257
258 259
258 260
258 433
258 435
258 535
259 257
259 258
259 260
259 261
260 258
260 259
260 261
260 262
260 565
260 535
261 257
261 259
261 260
261 262
261 263
261 313
261 314
262 260
262 261
262 263
262 264
262 565
262 566
263 261
263 262
263 264
263 265
263 314
263 315
263 316
264 262
264 263
264 265
264 266
264 566
265 263
265 264
265 266
265 267
265 269
265 526
265 316
266 264
266 265
266 267
266 268
266 466
266 468
266 566
267 265
267 266
267 268
267 269
268 266
268 267
268 269
268 270
268 468
268 469
268 470
269 265
269 267
269 268
269 270
269 527
269 271
269 526
270 268
270 269
270 271
270 272
270 470
271 269
271 270
271 527
271 272
271 273
271 528
272 485
272 270
272 271
272 273
272 274
272 470
273 271
273 272
273 528
273 274
273 689
274 484
274 485
274 272
274 273
274 689
275 519
275 520
275 656
275 276
275 277
275 278
275 279
276 546
276 547
276 548
276 275
276 277
276 278
276 539
277 519
277 275
277 276
277 539
277 380
277 381
277 382
277 383
278 548
278 585
278 586
278 275
278 276
278 279
278 280
279 440
279 656
279 275
279 278
279 280
279 281
279 442
279 380
279 382
280 584
280 585
280 278
280 279
280 281
280 282
281 282
281 443
281 279
281 280
281 442
281 283
282 584
282 280
282 281
282 283
282 284
283 444
283 281
283 282
283 443
283 284
283 285
283 445
284 608
284 609
284 546
284 584
284 282
284 283
284 285
284 286
285 445
285 284
285 283
285 636
285 637
285 286
285 287
286 288
286 608
286 284
286 285
286 287
287 288
287 289
287 669
287 636
287 285
287 286
288 608
288 289
288 290
288 666
288 286
288 287
289 288
289 290
289 291
289 669
289 287
290 288
290 289
290 291
290 292
290 666
291 289
291 290
291 292
291 634
291 669
292 290
292 291
292 666
292 634
292 635
293 482
293 483
293 294
293 295
293 374
293 375
293 478
294 296
294 353
294 293
294 295
295 293
295 294
295 296
295 297
295 375
295 376
296 353
296 354
296 294
296 295
296 297
296 298
297 295
297 296
297 298
297 299
297 376
297 377
298 354
298 355
298 296
298 297
298 299
298 300
299 297
299 298
299 300
299 301
299 377
299 378
300 355
300 356
300 298
300 299
300 301
300 302
301 299
301 300
301 302
301 303
301 378
301 379
302 356
302 357
302 300
302 301
302 303
302 304
303 301
303 302
303 304
303 305
303 497
303 379
304 357
304 358
304 302
304 303
304 305
304 306
305 578
305 303
305 304
305 497
305 306
305 307
306 358
306 359
306 304
306 305
306 307
306 308
307 576
307 578
307 305
307 306
307 308
307 309
308 359
308 498
308 306
308 307
308 309
308 499
309 576
309 577
309 307
309 308
309 499
309 572
309 573
310 466
310 468
310 469
310 311
310 312
310 253
310 255
311 644
311 466
311 467
311 310
311 255
312 257
312 457
312 469
312 310
312 313
312 253
313 257
313 261
313 457
313 312
313 314
314 261
314 263
314 456
314 457
314 313
314 315
315 455
315 263
315 456
315 314
315 316
315 317
316 263
316 265
316 526
316 315
316 317
316 318
317 454
317 455
317 315
317 316
317 318
317 319
318 320
318 526
318 527
318 316
318 317
318 319
319 320
319 454
319 689
319 317
319 318
320 527
320 528
320 689
320 318
320 319
321 545
321 322
321 323
321 324
321 325
321 327
321 337
321 339
322 321
322 323
322 324
322 360
322 425
323 321
323 322
323 425
323 426
323 337
324 321
324 322
324 325
324 326
324 360
324 654
324 655
325 321
325 324
325 326
325 327
326 324
326 325
326 327
326 328
326 330
326 589
326 590
326 655
327 321
327 545
327 325
327 326
327 328
327 329
328 329
328 330
328 326
328 327
329 544
329 545
329 327
329 328
329 330
329 331
329 687
329 540
330 326
330 328
330 329
330 331
330 332
330 589
331 329
331 330
331 620
331 332
331 333
331 687
332 330
332 331
332 589
332 333
332 334
332 590
332 591
332 570
333 331
333 620
333 332
333 334
333 335
334 649
334 332
334 333
334 335
334 336
334 569
334 570
335 620
335 333
335 334
335 336
335 562
335 439
336 649
336 650
336 334
336 335
336 438
336 439
337 321
337 323
337 426
337 338
337 339
337 340
337 341
338 521
338 522
338 337
338 339
338 340
338 510
339 321
339 545
339 521
339 337
339 338
340 337
340 338
340 341
340 342
340 510
340 511
341 426
341 428
341 337
341 340
341 342
341 343
342 512
342 340
342 341
342 343
342 344
342 475
342 511
343 428
343 341
343 342
343 344
343 345
344 342
344 343
344 345
344 346
344 475
345 428
345 430
345 343
345 344
345 346
345 347
346 423
346 475
346 344
346 345
346 347
346 348
346 477
347 430
347 431
347 345
347 346
347 348
347 349
347 351
348 423
348 424
348 346
348 347
348 349
348 350
349 347
349 348
349 350
349 351
350 352
350 424
350 653
350 567
350 348
350 349
350 351
351 352
351 431
351 370
351 372
351 373
351 347
351 349
351 350
352 370
352 567
352 350
352 351
353 296
353 354
353 374
353 294
354 353
354 355
354 296
354 298
354 374
354 375
355 354
355 356
355 298
355 300
355 375
355 376
356 355
356 357
356 300
356 302
356 376
356 377
357 356
357 358
357 302
357 304
357 377
357 378
358 357
358 359
358 304
358 306
358 378
358 379
359 358
359 497
359 306
359 498
359 308
359 379
360 322
360 324
360 361
360 362
360 363
360 364
360 425
360 654
360 590
360 591
361 360
361 362
361 363
361 501
361 597
362 360
362 361
362 425
362 597
362 599
362 600
362 601
363 360
363 361
363 364
363 365
363 500
363 501
363 502
363 503
364 360
364 363
364 365
364 366
364 591
364 569
364 570
365 363
365 364
365 366
365 367
365 503
366 364
366 365
366 367
366 368
366 568
366 569
367 365
367 366
367 368
367 369
367 503
367 505
368 366
368 367
368 369
368 370
368 567
368 568
369 615
369 683
369 367
369 368
369 370
369 371
369 505
370 352
370 368
370 369
370 371
370 372
370 567
370 351
371 614
371 615
371 369
371 370
371 372
371 373
372 370
372 371
372 373
372 351
373 614
373 429
373 430
373 431
373 371
373 372
373 351
374 480
374 353
374 354
374 482
374 293
374 375
374 478
374 479
375 354
375 355
375 293
375 295
375 374
375 376
376 355
376 356
376 295
376 297
376 375
376 377
377 356
377 357
377 297
377 299
377 376
377 378
378 357
378 358
378 299
378 301
378 377
378 379
379 358
379 359
379 301
379 303
379 497
379 378
380 656
380 277
380 279
380 381
380 382
381 517
381 519
381 656
381 277
381 667
381 380
382 384
382 277
382 279
382 440
382 441
382 380
382 383
383 384
383 385
383 489
383 277
383 539
383 382
384 385
384 386
384 592
384 593
384 441
384 382
384 383
385 384
385 386
385 387
385 489
385 538
385 413
385 383
386 384
386 385
386 387
386 388
386 486
386 593
387 385
387 386
387 388
387 389
387 538
388 386
388 387
388 389
388 390
388 486
388 442
388 443
389 387
389 388
389 390
389 391
389 538
389 410
390 388
390 389
390 391
390 443
390 412
390 413
390 414
391 389
391 390
391 410
391 411
391 412
392 393
392 394
392 395
392 396
392 1357
392 1358
392 1359
393 673
393 392
393 394
393 395
393 530
393 665
393 671
394 392
394 393
394 673
394 1357
395 392
395 393
395 396
395 397
395 665
396 392
396 395
396 397
396 398
396 1359
396 1360
396 663
397 395
397 396
397 398
397 399
397 660
397 665
398 396
398 397
398 399
398 400
398 402
398 662
398 663
399 397
399 398
399 400
399 401
399 659
399 660
400 401
400 402
400 398
400 399
401 513
401 675
401 399
401 400
401 402
401 403
401 659
402 681
402 398
402 400
402 401
402 403
402 404
402 662
403 513
403 524
403 558
403 401
403 402
403 404
403 534
404 681
404 402
404 403
404 532
404 533
404 534
405 406
405 407
405 408
405 409
405 411
406 640
406 641
406 405
406 407
406 408
407 640
407 405
407 406
407 411
407 412
408 641
408 405
408 406
408 409
408 410
409 408
409 410
409 411
409 405
410 641
410 389
410 391
410 408
410 409
410 538
410 411
411 391
411 405
411 407
411 409
411 410
411 412
412 640
412 390
412 391
412 407
412 411
412 413
413 640
413 385
413 390
413 489
413 538
413 412
413 414
414 390
414 489
414 490
414 443
414 413
415 416
415 417
415 418
415 419
415 1121
415 1122
415 587
416 417
416 418
416 677
416 561
416 563
416 415
417 416
417 1121
417 1291
417 563
417 564
417 415
418 416
418 419
418 420
418 677
418 676
418 434
418 415
419 418
419 420
419 421
419 587
419 415
420 418
420 419
420 421
420 422
420 432
420 434
421 419
421 420
421 422
421 423
421 587
421 588
422 420
422 421
422 423
422 424
422 432
423 421
423 422
423 424
423 588
423 348
423 346
423 476
423 477
424 422
424 423
424 652
424 653
424 432
424 348
424 350
425 322
425 323
425 360
425 426
425 427
425 362
425 601
426 323
426 425
426 427
426 428
426 337
426 341
427 612
427 425
427 426
427 428
427 429
427 601
428 426
428 427
428 429
428 430
428 341
428 343
428 345
429 612
429 614
429 427
429 428
429 430
429 373
430 428
430 429
430 431
430 373
430 345
430 347
431 347
431 373
431 430
431 351
432 420
432 422
432 424
432 650
432 652
432 433
432 434
432 435
432 436
433 258
433 432
433 434
433 435
433 535
433 536
434 418
434 676
434 420
434 432
434 433
434 536
435 256
435 258
435 432
435 433
435 436
435 437
436 650
436 432
436 435
436 437
436 438
437 256
437 435
437 436
437 438
437 439
437 537
438 650
438 336
438 436
438 437
438 439
439 335
439 336
439 561
439 562
439 437
439 438
439 537
440 486
440 487
440 279
440 441
440 442
440 382
441 384
441 487
441 488
441 592
441 440
441 382
442 388
442 486
442 279
442 440
442 281
442 443
443 388
443 390
443 490
443 281
443 442
443 283
443 444
443 509
443 414
444 495
444 443
444 283
444 509
444 445
445 610
445 637
445 493
445 495
445 444
445 283
445 508
445 285
446 448
446 452
446 453
446 462
446 463
446 447
447 448
447 449
447 453
447 458
447 461
447 446
448 449
448 450
448 463
448 464
448 446
448 447
449 448
449 450
449 451
449 458
449 459
449 447
450 448
450 449
450 451
450 452
450 464
450 465
451 449
451 450
451 452
451 453
451 459
451 460
452 450
452 451
452 453
452 462
452 465
452 446
453 451
453 452
453 460
453 461
453 446
453 447
454 484
454 455
454 689
454 317
454 319
455 484
455 485
455 454
455 456
455 315
455 317
456 485
456 455
456 457
456 470
456 314
456 315
457 456
457 469
457 470
457 312
457 313
457 314
458 449
458 459
458 461
458 462
458 465
458 447
459 449
459 451
459 458
459 460
459 462
459 463
460 451
460 453
460 459
460 461
460 463
460 464
461 453
461 458
461 460
461 464
461 465
461 447
462 452
462 458
462 459
462 463
462 465
462 446
463 448
463 459
463 460
463 462
463 464
463 446
464 448
464 450
464 460
464 461
464 463
464 465
465 450
465 452
465 458
465 461
465 462
465 464
466 266
466 467
466 468
466 566
466 310
466 311
467 643
467 644
467 466
467 565
467 566
467 311
467 536
468 266
468 268
468 466
468 469
468 310
469 457
469 268
469 468
469 470
469 310
469 312
470 485
470 456
470 457
470 268
470 270
470 272
470 469
471 675
471 661
471 472
471 473
471 474
471 475
472 645
472 646
472 583
472 658
472 471
472 473
472 474
473 674
473 646
473 560
473 661
473 471
473 472
474 658
474 471
474 472
474 475
474 476
475 512
475 513
475 675
475 346
475 342
475 471
475 344
475 474
475 476
475 477
476 423
476 588
476 657
476 658
476 474
476 475
476 477
477 346
477 475
477 476
477 423
478 481
478 483
478 293
478 374
478 479
479 480
479 481
479 374
479 478
480 481
480 482
480 374
480 479
481 480
481 482
481 483
481 478
481 479
482 480
482 481
482 483
482 293
482 374
483 481
483 482
483 293
483 478
484 485
484 454
484 455
484 689
484 274
485 484
485 455
485 456
485 272
485 274
485 470
486 386
486 388
486 487
486 679
486 593
486 440
486 442
486 606
487 486
487 679
487 488
487 440
487 441
488 679
488 487
488 680
488 592
488 441
488 670
489 385
489 490
489 491
489 493
489 539
489 413
489 414
489 383
490 489
490 491
490 492
490 631
490 602
490 443
490 509
490 414
491 489
491 490
491 492
491 493
492 642
492 490
492 491
492 493
492 494
492 631
492 639
493 489
493 491
493 492
493 494
493 495
493 539
493 508
493 445
494 642
494 492
494 493
494 495
494 496
494 604
495 509
495 493
495 494
495 496
495 602
495 444
495 445
496 494
496 495
496 602
496 603
496 604
497 578
497 359
497 303
497 305
497 498
497 379
498 578
498 579
498 359
498 497
498 499
498 308
499 498
499 579
499 308
499 309
500 363
500 685
500 686
500 501
500 502
501 361
501 363
501 686
501 500
501 597
501 692
502 363
502 685
502 500
502 503
502 504
503 363
503 365
503 367
503 502
503 504
503 505
504 201
504 685
504 502
504 503
504 505
504 506
504 1182
505 683
505 367
505 369
505 503
505 504
505 506
505 507
506 1155
506 1156
506 201
506 504
506 505
506 507
507 1156
507 1157
507 683
507 684
507 505
507 506
508 609
508 610
508 493
508 539
508 445
509 490
509 495
509 602
509 443
509 444
510 522
510 523
510 524
510 558
510 338
510 340
510 511
511 512
511 558
511 340
511 342
511 510
512 513
512 558
512 342
512 475
512 511
513 512
513 675
513 558
513 401
513 403
513 475
514 515
514 516
514 517
514 518
514 621
514 668
515 514
515 516
515 517
515 623
516 514
516 515
516 621
516 622
516 623
517 514
517 515
517 518
517 519
517 622
517 623
517 667
517 381
518 514
518 517
518 519
518 520
518 668
519 517
519 518
519 520
519 275
519 277
519 381
520 518
520 519
520 656
520 275
520 668
521 544
521 545
521 522
521 338
521 339
521 543
522 580
522 581
522 521
522 523
522 338
522 510
522 543
523 581
523 646
523 583
523 522
523 524
523 525
523 510
524 523
524 525
524 558
524 403
524 534
524 510
525 646
525 523
525 524
525 559
525 560
525 534
526 265
526 269
526 527
526 316
526 318
527 320
527 269
527 526
527 271
527 528
527 318
528 320
528 271
528 527
528 273
528 689
529 560
529 530
529 531
529 532
529 533
530 393
530 529
530 531
530 532
530 665
530 671
531 674
531 560
531 529
531 530
531 660
531 661
531 665
532 672
532 681
532 529
532 530
532 404
532 533
532 671
533 559
533 560
533 529
533 532
533 404
533 534
534 524
534 525
534 559
534 403
534 404
534 533
535 258
535 260
535 433
535 565
535 536
536 643
536 676
536 433
536 434
536 467
536 565
536 535
537 256
537 682
537 561
537 437
537 439
537 254
538 640
538 385
538 641
538 387
538 389
538 410
538 413
539 609
539 546
539 489
539 493
539 276
539 277
539 508
539 383
540 544
540 329
540 687
540 541
540 542
540 543
541 1191
541 1192
541 540
541 542
541 543
542 1192
542 620
542 1292
542 687
542 562
542 564
542 540
542 541
543 544
543 580
543 1189
543 1191
543 521
543 522
543 540
543 541
544 545
544 329
544 521
544 540
544 543
545 544
545 321
545 327
545 521
545 329
545 339
546 609
546 547
546 584
546 276
546 539
546 284
547 546
547 548
547 549
547 584
547 627
547 276
547 629
548 547
548 549
548 550
548 586
548 276
548 278
549 547
549 548
549 550
549 551
549 625
549 627
550 548
550 549
550 678
550 551
550 586
550 633
551 549
551 550
551 625
551 626
551 633
552 553
552 554
552 555
552 556
553 552
553 554
553 555
553 557
554 552
554 553
554 556
554 557
555 552
555 553
555 556
555 557
556 552
556 554
556 555
556 557
557 553
557 554
557 555
557 556
558 512
558 513
558 524
558 403
558 510
558 511
559 560
559 533
559 525
559 534
560 674
560 646
560 525
560 559
560 529
560 531
560 533
560 473
561 416
561 677
561 682
561 562
561 563
561 439
561 537
562 620
562 335
562 561
562 563
562 564
562 439
562 542
563 416
563 417
563 561
563 562
563 564
564 417
564 1291
564 1292
564 562
564 563
564 542
565 260
565 262
565 467
565 566
565 535
565 536
566 262
566 264
566 266
566 466
566 467
566 565
567 352
567 653
567 368
567 370
567 568
567 350
568 649
568 651
568 653
568 366
568 368
568 567
568 569
569 649
569 364
569 334
569 366
569 568
569 570
570 364
570 332
570 334
570 591
570 569
571 577
571 572
571 573
571 574
571 575
572 576
572 309
572 571
572 573
572 574
573 577
573 571
573 572
573 309
574 576
574 571
574 572
574 575
575 576
575 577
575 571
575 574
576 577
576 578
576 579
576 307
576 309
576 572
576 574
576 575
577 576
577 309
577 571
577 573
577 575
578 576
578 579
578 305
578 498
578 497
578 307
579 576
579 578
579 498
579 499
580 1188
580 1189
580 581
580 582
580 522
580 543
581 580
581 582
581 583
581 522
581 523
582 1188
582 580
582 581
582 645
582 583
582 1287
583 581
583 646
583 582
583 645
583 523
583 472
584 546
584 547
584 585
584 629
584 280
584 282
584 284
585 678
585 584
585 586
585 628
585 629
585 278
585 280
586 548
586 550
586 678
586 585
586 278
587 1122
587 419
587 1124
587 421
587 588
587 690
587 415
588 421
588 423
588 587
588 657
588 690
588 476
589 590
589 330
589 332
589 326
590 326
590 360
590 332
590 589
590 654
590 591
590 655
591 360
591 364
591 332
591 590
591 570
592 384
592 488
592 593
592 594
592 441
592 670
593 384
593 386
593 486
593 592
593 594
593 595
593 606
594 592
594 593
594 595
594 670
595 593
595 594
595 606
595 607
596 647
596 695
596 696
596 597
596 598
596 599
596 600
596 694
597 361
597 362
597 596
597 501
597 598
597 599
597 692
598 692
598 596
598 597
598 694
598 693
599 600
599 362
599 596
599 597
600 612
600 613
600 647
600 362
600 596
600 599
600 601
601 612
601 425
601 362
601 427
601 600
602 490
602 495
602 496
602 630
602 631
602 603
602 509
603 617
603 496
603 630
603 602
603 604
603 605
604 642
604 619
604 494
604 496
604 603
604 605
605 616
605 617
605 619
605 603
605 604
606 486
606 679
606 593
606 595
606 607
607 680
607 595
607 606
607 679
608 288
608 609
608 610
608 666
608 284
608 286
609 608
609 610
609 546
609 508
609 539
609 284
610 608
610 609
610 637
610 666
610 635
610 508
610 445
611 612
611 613
611 614
611 615
611 648
611 691
612 611
612 613
612 614
612 427
612 429
612 600
612 601
613 611
613 612
613 647
613 648
613 600
614 611
614 612
614 615
614 429
614 371
614 373
615 611
615 614
615 683
615 684
615 369
615 371
615 691
616 617
616 618
616 619
616 605
616 638
617 616
617 618
617 630
617 603
617 605
618 616
618 617
618 630
618 638
618 639
619 642
619 616
619 604
619 605
619 638
620 331
620 333
620 335
620 687
620 562
620 542
621 514
621 516
621 622
621 667
621 668
622 516
622 517
622 621
622 623
622 667
623 515
623 516
623 517
623 622
624 625
624 626
624 627
624 628
624 632
625 549
625 551
625 624
625 626
625 627
626 551
626 624
626 625
626 632
626 633
627 547
627 549
627 624
627 625
627 628
627 629
628 678
628 585
628 624
628 627
628 629
628 632
629 547
629 584
629 585
629 627
629 628
630 617
630 618
630 631
630 602
630 603
630 639
631 490
631 492
631 630
631 602
631 639
632 678
632 624
632 626
632 628
632 633
633 678
633 550
633 551
633 626
633 632
634 291
634 292
634 635
634 636
634 669
635 610
635 292
635 666
635 634
635 636
635 637
636 637
636 669
636 634
636 635
636 285
636 287
637 610
637 635
637 636
637 285
637 445
638 642
638 616
638 618
638 619
638 639
639 642
639 618
639 492
639 630
639 631
639 638
640 641
640 406
640 407
640 538
640 412
640 413
641 640
641 410
641 406
641 408
641 538
642 619
642 492
642 494
642 604
642 638
642 639
643 536
643 676
643 467
643 644
644 643
644 676
644 677
644 682
644 688
644 467
644 311
644 255
645 582
645 583
645 1287
645 657
645 658
645 472
645 1278
646 583
646 523
646 525
646 560
646 472
646 473
647 613
647 229
647 648
647 696
647 596
647 600
648 611
648 1315
648 229
648 613
648 647
648 691
648 1309
649 650
649 651
649 334
649 336
649 568
649 569
650 649
650 651
650 652
650 336
650 432
650 436
650 438
651 649
651 650
651 652
651 653
651 568
652 424
652 650
652 651
652 653
652 432
653 424
653 651
653 652
653 567
653 568
653 350
654 360
654 324
654 590
654 655
655 326
655 324
655 654
655 590
656 668
656 520
656 275
656 279
656 667
656 380
656 381
657 645
657 1126
657 588
657 690
657 658
657 476
657 1278
658 645
658 657
658 472
658 474
658 476
659 675
659 399
659 401
659 660
659 661
660 397
660 399
660 531
660 659
660 661
660 665
661 674
661 675
661 531
661 659
661 660
661 471
661 473
662 681
662 398
662 402
662 663
662 664
663 396
663 398
663 1360
663 1361
663 662
663 664
664 672
664 681
664 1361
664 1362
664 662
664 663
665 393
665 395
665 397
665 530
665 531
665 660
666 608
666 288
666 290
666 610
666 292
666 635
667 517
667 621
667 622
667 656
667 668
667 381
668 514
668 518
668 520
668 621
668 656
668 667
669 289
669 291
669 634
669 636
669 287
670 488
670 594
670 592
670 680
671 672
671 673
671 393
671 530
671 532
672 673
672 681
672 1362
672 532
672 664
672 671
673 672
673 393
673 394
673 1356
673 1357
673 1362
673 671
674 560
674 473
674 531
674 661
675 513
675 401
675 659
675 661
675 471
675 475
676 418
676 643
676 644
676 677
676 434
676 536
677 416
677 418
677 644
677 676
677 682
677 561
678 550
678 585
678 586
678 628
678 632
678 633
679 486
679 487
679 680
679 488
679 606
679 607
680 488
680 679
680 670
680 607
681 672
681 402
681 404
681 532
681 662
681 664
682 644
682 677
682 688
682 561
682 537
682 254
683 615
683 684
683 369
683 505
683 507
684 1157
684 615
684 683
684 691
684 507
685 686
685 500
685 982
685 502
685 504
685 1180
685 1182
686 685
686 692
686 501
686 500
686 693
686 982
687 329
687 331
687 620
687 540
687 542
688 682
688 644
688 254
688 255
689 320
689 484
689 454
689 528
689 273
689 274
689 319
690 1124
690 1126
690 587
690 588
690 657
691 611
691 1315
691 1157
691 615
691 648
691 684
692 686
692 597
692 598
692 501
692 693
693 686
693 692
693 981
693 598
693 694
693 852
693 982
693 1078
694 1075
694 596
694 693
694 598
694 695
694 1076
694 1077
694 1078
695 596
695 1076
695 694
695 696
695 697
696 229
696 647
696 123
696 596
696 695
696 697
696 698
696 1307
697 1076
697 695
697 696
697 698
697 699
698 923
698 123
698 696
698 697
698 699
698 700
699 1162
699 1076
699 697
699 698
699 700
699 701
700 923
700 122
700 1073
700 1053
700 1074
700 698
700 699
700 701
700 1054
701 1162
701 122
701 699
701 700
701 702
702 704
702 1162
702 1228
702 122
702 701
702 703
703 704
703 705
703 928
703 1146
703 926
703 122
703 924
703 925
703 702
704 705
704 706
704 870
704 1228
704 702
704 703
705 704
705 706
705 707
705 709
705 1146
705 1147
705 703
706 704
706 705
706 707
706 708
706 868
706 869
706 870
707 705
707 706
707 708
707 709
708 706
708 867
708 707
708 709
708 710
708 868
709 705
709 707
709 708
709 710
709 711
709 1147
709 1148
710 867
710 708
710 709
710 711
710 712
710 785
711 709
711 710
711 712
711 713
711 1148
712 710
712 711
712 713
712 714
712 785
713 930
713 931
713 1026
713 711
713 712
713 1289
713 714
713 715
713 719
713 1148
714 712
714 713
714 715
714 716
714 785
714 786
715 713
715 714
715 716
715 717
715 719
716 714
716 715
716 717
716 718
716 784
716 786
716 787
717 715
717 716
717 718
717 719
718 716
718 717
718 719
718 720
718 1266
718 787
718 1246
719 1026
719 713
719 715
719 717
719 718
719 720
719 721
720 718
720 719
720 721
720 722
720 1266
721 1026
721 1027
721 719
721 720
721 722
721 723
722 720
722 721
722 1266
722 723
722 724
722 732
723 929
723 1027
723 721
723 722
723 724
723 725
723 927
724 130
724 722
724 723
724 725
724 732
725 130
725 723
725 724
725 726
725 925
725 927
726 728
726 130
726 725
726 727
727 130
727 726
727 728
727 729
727 732
728 729
728 730
728 726
728 727
729 139
729 727
729 728
729 730
729 731
729 732
729 733
729 734
730 728
730 729
730 731
731 1280
731 729
731 730
731 139
732 130
732 1266
732 722
732 724
732 727
732 729
732 733
732 1246
733 734
733 789
733 729
733 732
733 1246
733 735
734 736
734 1281
734 1221
734 1222
734 139
734 729
734 733
734 735
735 736
735 737
735 906
735 789
735 733
735 734
736 737
736 738
736 1222
736 734
736 735
737 736
737 738
737 739
737 906
737 907
737 908
737 735
738 736
738 737
738 739
738 740
738 1222
739 737
739 738
739 740
739 741
739 908
739 909
739 910
740 738
740 739
740 1220
740 741
740 1222
740 742
741 739
741 740
741 742
741 743
741 910
742 1220
742 740
742 741
742 743
742 744
743 741
743 742
743 744
743 745
743 910
744 1218
744 1220
744 742
744 743
744 745
744 746
745 743
745 744
745 746
745 747
745 910
745 922
746 1218
746 1253
746 744
746 745
746 747
746 748
747 745
747 746
747 748
747 749
747 920
747 922
748 1219
748 1253
748 746
748 747
748 749
748 750
748 249
748 990
748 991
749 747
749 748
749 750
749 751
749 918
749 919
749 920
750 748
750 749
750 751
750 752
750 976
750 990
751 749
751 750
751 752
751 753
751 916
751 917
751 918
752 974
752 750
752 751
752 753
752 754
752 976
753 751
753 752
753 754
753 755
753 917
753 797
754 866
754 974
754 752
754 753
754 755
754 756
755 903
755 904
755 753
755 754
755 756
755 757
755 796
755 797
756 866
756 754
756 755
756 757
756 758
757 768
757 904
757 755
757 756
757 758
757 759
758 866
758 1260
758 756
758 757
758 759
758 760
759 768
759 757
759 758
759 760
759 761
760 1259
760 1260
760 758
760 759
760 761
760 762
761 768
761 769
761 770
761 759
761 760
761 762
761 763
762 1286
762 1259
762 760
762 761
762 763
762 764
763 770
763 1046
763 761
763 762
763 764
763 765
764 1286
764 861
764 1170
764 1171
764 762
764 763
764 765
764 766
765 1046
765 1047
765 763
765 764
765 766
765 767
766 1170
766 764
766 765
766 767
767 878
767 879
767 1232
767 1170
767 1047
767 765
767 766
768 769
768 904
768 1288
768 757
768 759
768 761
769 768
769 770
769 771
769 773
769 1288
769 761
770 769
770 771
770 772
770 1046
770 761
770 763
771 769
771 770
771 772
771 773
772 770
772 771
772 773
772 774
772 1158
772 1046
773 769
773 771
773 772
773 774
773 775
773 1288
774 772
774 773
774 1158
774 775
774 776
774 1159
775 900
775 773
775 774
775 901
775 776
775 777
775 902
775 1288
776 774
776 1159
776 775
776 777
776 778
777 899
777 900
777 775
777 776
777 778
777 779
778 1159
778 776
778 777
778 779
778 780
778 1052
779 898
779 899
779 777
779 778
779 780
779 781
780 1314
780 778
780 779
780 781
780 782
780 1052
781 897
781 898
781 779
781 780
781 782
781 783
782 1314
782 867
782 868
782 780
782 781
782 783
782 784
783 897
783 781
783 782
783 784
783 788
784 867
784 716
784 782
784 783
784 786
784 787
784 788
785 867
785 710
785 712
785 714
785 786
786 867
786 714
786 716
786 784
786 785
787 716
787 718
787 784
787 788
787 789
787 1246
788 897
788 783
788 784
788 787
788 789
788 790
789 906
789 787
789 788
789 790
789 791
789 733
789 1246
789 735
790 897
790 788
790 789
790 791
790 792
790 986
791 905
791 906
791 789
791 790
791 792
791 793
792 986
792 790
792 791
792 984
792 793
792 794
792 985
793 905
793 791
793 792
793 794
793 795
794 984
794 983
794 792
794 793
794 795
794 796
795 905
795 915
795 917
795 793
795 794
795 796
795 797
796 903
796 755
796 983
796 794
796 795
796 797
797 753
797 755
797 917
797 795
797 796
798 800
798 801
798 802
798 804
798 806
798 799
799 800
799 801
799 1028
799 807
799 1031
799 1297
799 1106
799 1107
799 798
800 1254
800 1031
800 806
800 1030
800 1163
800 1137
800 1297
800 1139
800 1277
800 798
800 799
801 802
801 803
801 805
801 807
801 798
801 799
802 801
802 803
802 804
802 798
803 801
803 802
803 804
803 805
804 802
804 803
804 805
804 806
804 798
805 801
805 803
805 804
805 806
805 807
806 800
806 804
806 805
806 807
806 808
806 1277
806 798
807 801
807 805
807 806
807 808
807 809
807 1107
807 1108
807 1109
807 799
808 806
808 807
808 809
808 810
808 1277
809 807
809 808
809 810
809 811
809 813
809 1262
809 1263
809 1105
809 1106
809 1299
809 1109
810 1028
810 1029
810 1031
810 808
810 809
810 1032
810 811
810 812
810 1290
810 814
810 815
810 1277
811 809
811 810
811 812
811 813
812 810
812 811
812 813
812 814
813 809
813 811
813 812
813 814
813 815
813 1105
813 1277
814 810
814 812
814 813
814 815
815 1277
815 810
815 813
815 814
816 1258
816 1135
816 817
816 818
816 819
816 820
817 833
817 835
817 816
817 818
817 819
817 1214
817 1215
818 835
818 1257
818 1258
818 816
818 817
819 816
819 817
819 820
819 821
819 1215
820 1135
820 816
820 819
820 821
820 822
820 831
821 819
821 820
821 822
821 823
821 1215
822 832
822 820
822 821
822 831
822 823
822 824
822 958
822 959
823 1256
823 821
823 822
823 824
823 825
823 1215
824 822
824 823
824 825
824 826
824 958
825 1256
825 823
825 824
825 826
825 827
826 950
826 824
826 825
826 827
826 828
826 1245
826 958
827 1216
827 1256
827 1133
827 825
827 826
827 828
827 829
828 946
828 950
828 826
828 827
828 829
828 830
829 1133
829 1134
829 1135
829 827
829 828
829 830
829 831
830 832
830 1230
830 1231
830 946
830 828
830 829
830 831
831 832
831 1135
831 820
831 822
831 829
831 830
832 1311
832 1231
832 831
832 822
832 830
832 959
833 834
833 835
833 836
833 837
833 817
833 1236
833 1214
834 833
834 835
834 836
834 1198
834 1267
834 1268
835 833
835 834
835 1257
835 817
835 818
835 1267
836 833
836 834
836 837
836 838
836 1198
836 1199
837 833
837 836
837 838
837 839
837 1236
837 1237
838 836
838 837
838 839
838 840
838 1199
838 1200
839 837
839 838
839 840
839 841
839 1237
839 1238
840 838
840 839
840 841
840 842
840 1200
840 1044
840 1045
841 839
841 840
841 842
841 843
841 1238
842 840
842 841
842 1193
842 843
842 844
842 1194
842 1044
843 841
843 842
843 844
843 845
843 1265
843 1238
844 1194
844 842
844 843
844 845
844 846
844 1196
845 843
845 844
845 846
845 847
845 1265
846 844
846 1197
846 845
846 847
846 848
846 1196
846 1208
847 845
847 846
847 848
847 849
847 1265
847 1264
848 1317
848 1131
848 846
848 847
848 849
848 1208
849 1131
849 847
849 848
849 1264
849 1210
849 1212
850 978
850 851
850 852
850 853
850 854
850 979
850 980
851 1080
851 850
851 852
851 853
852 850
852 851
852 980
852 981
852 693
852 1079
852 1078
852 1080
853 850
853 851
853 854
853 855
853 1080
853 1303
854 978
854 850
854 853
854 855
854 856
855 1304
855 853
855 854
855 1303
855 856
855 857
856 1229
856 978
856 854
856 855
856 857
856 858
857 1304
857 1168
857 855
857 856
857 858
857 859
858 1229
858 856
858 857
858 859
858 860
858 862
859 1168
859 1169
859 1170
859 1171
859 857
859 858
859 860
859 861
860 858
860 859
860 861
860 862
861 764
861 1286
861 1259
861 1171
861 859
861 860
861 862
861 863
862 864
862 1229
862 1294
862 1293
862 858
862 860
862 861
862 863
863 864
863 865
863 1259
863 861
863 862
864 865
864 866
864 1293
864 862
864 863
865 864
865 866
865 1259
865 1260
865 863
866 864
866 865
866 1260
866 1293
866 974
866 1294
866 754
866 756
866 758
867 868
867 708
867 710
867 782
867 784
867 785
867 786
868 706
868 867
868 708
868 869
868 1314
868 782
869 706
869 1314
869 868
869 870
869 871
869 1052
870 704
870 706
870 869
870 871
870 872
870 1228
871 869
871 870
871 872
871 873
871 1051
871 1052
872 870
872 871
872 873
872 874
872 1161
872 1162
872 1228
872 1075
873 871
873 872
873 874
873 875
873 877
873 879
873 1232
873 1049
873 1051
874 872
874 873
874 1160
874 875
874 876
874 1161
875 873
875 874
875 876
875 877
876 1160
876 874
876 875
876 877
876 878
876 1168
876 1169
876 1170
877 873
877 875
877 876
877 878
877 879
878 876
878 877
878 879
878 1170
878 767
879 873
879 877
879 878
879 1232
879 767
880 881
880 882
880 883
880 884
880 1298
880 1270
881 1062
881 1063
881 1064
881 1295
881 880
881 882
881 883
881 1272
882 880
882 881
882 1270
882 1271
882 1272
883 1295
883 880
883 881
883 884
883 885
884 880
884 1298
884 883
884 885
884 886
885 1038
885 1295
885 883
885 884
885 886
885 887
886 1296
886 1298
886 884
886 885
886 887
886 888
887 1037
887 1038
887 1040
887 885
887 886
887 888
887 889
888 1296
888 886
888 887
888 889
888 890
889 1040
889 887
889 888
889 890
889 891
890 1024
890 1296
890 888
890 889
890 891
890 892
891 1040
891 889
891 890
891 892
891 893
891 895
892 1024
892 1022
892 890
892 891
892 893
892 894
892 1023
893 891
893 892
893 894
893 895
894 896
894 1020
894 893
894 892
894 1021
894 1022
894 895
895 896
895 1040
895 1041
895 1042
895 1043
895 891
895 893
895 894
896 1187
896 1043
896 1016
896 1020
896 894
896 895
897 898
897 781
897 783
897 788
897 790
897 986
897 988
898 897
898 899
898 779
898 781
898 988
899 898
899 900
899 777
899 779
899 988
899 989
900 899
900 901
900 775
900 777
900 1276
900 989
901 900
901 902
901 903
901 775
901 983
901 1276
902 901
902 903
902 1288
902 904
902 775
903 901
903 902
903 904
903 755
903 983
903 796
904 768
904 902
904 903
904 1288
904 755
904 757
905 1255
905 906
905 907
905 915
905 791
905 793
905 795
906 737
906 905
906 907
906 789
906 791
906 735
907 737
907 1255
907 905
907 906
907 908
907 909
907 911
908 737
908 907
908 909
908 739
909 739
909 907
909 908
909 910
909 911
910 739
910 741
910 743
910 745
910 909
910 911
910 912
910 1240
910 921
910 922
911 1255
911 907
911 909
911 910
911 912
911 913
912 910
912 911
912 913
912 914
912 1240
913 1255
913 911
913 912
913 914
913 915
914 912
914 913
914 915
914 916
914 919
914 1240
915 1255
915 905
915 913
915 914
915 916
915 917
915 795
916 751
916 914
916 915
916 917
916 918
916 919
917 751
917 753
917 915
917 916
917 795
917 797
918 919
918 916
918 749
918 751
919 749
919 914
919 916
919 918
919 920
919 921
919 1240
920 747
920 749
920 919
920 921
920 922
921 910
921 919
921 920
921 922
921 1240
922 745
922 747
922 910
922 920
922 921
923 1056
923 122
923 1306
923 698
923 123
923 700
923 1053
923 1055
924 122
924 123
924 925
924 703
925 703
925 725
925 924
925 926
925 927
926 927
926 925
926 928
926 703
927 928
927 929
927 723
927 725
927 925
927 926
928 929
928 930
928 927
928 1146
928 926
928 703
929 928
929 930
929 1027
929 931
929 723
929 927
930 928
930 929
930 931
930 713
930 1289
930 1146
931 929
931 930
931 1027
931 1026
931 713
932 933
932 934
932 935
932 936
932 1149
932 1117
933 1184
933 932
933 934
933 935
933 1004
933 1183
934 1184
934 932
934 933
934 1149
934 1150
934 1151
935 932
935 933
935 936
935 937
935 1004
935 1008
936 932
936 1062
936 935
936 937
936 938
936 1065
936 1116
936 1117
937 935
937 936
937 938
937 939
937 1008
937 1010
938 1062
938 936
938 937
938 939
938 940
939 937
939 938
939 940
939 941
939 1010
939 1011
939 1012
939 1013
940 1062
940 1063
940 938
940 939
940 941
940 942
940 1295
941 1285
941 939
941 940
941 942
941 943
941 1301
941 1013
942 940
942 941
942 1038
942 1295
942 944
942 943
943 941
943 942
943 944
943 945
943 1301
944 1320
944 1037
944 1038
944 942
944 943
944 945
944 1039
945 1320
945 943
945 944
945 1204
945 1301
946 1230
946 947
946 948
946 949
946 950
946 828
946 830
947 1201
947 1202
947 946
947 948
947 949
948 1230
948 1231
948 1201
948 946
948 947
949 1202
949 946
949 947
949 1203
949 950
949 951
950 946
950 949
950 951
950 952
950 826
950 828
950 1245
951 1203
951 949
951 950
951 952
951 953
952 950
952 951
952 953
952 954
952 956
952 1245
953 1203
953 951
953 952
953 954
953 955
954 952
954 953
954 955
954 956
955 1203
955 953
955 954
955 956
955 957
955 1311
956 1245
956 952
956 954
956 955
956 957
956 958
957 959
957 955
957 956
957 958
957 1311
958 957
958 822
958 824
958 826
958 956
958 1245
958 959
959 832
959 822
959 957
959 958
959 1311
960 961
960 962
960 963
960 964
960 1313
960 1296
960 1298
961 960
961 962
961 963
961 1034
961 1035
961 1036
961 1233
961 1234
962 960
962 961
962 1025
962 1024
962 1319
962 1036
962 1296
963 960
963 961
963 964
963 965
963 1233
964 960
964 1313
964 963
964 965
964 966
964 1273
965 963
965 964
965 966
965 1127
965 967
965 1233
966 964
966 965
966 967
966 968
966 1273
967 965
967 966
967 1127
967 968
967 969
967 1128
968 1283
968 966
968 967
968 969
968 970
968 1273
968 1274
968 1275
969 967
969 968
969 1128
969 970
969 971
969 1279
970 1282
970 1283
970 968
970 969
970 971
970 972
971 1188
971 969
971 970
971 972
971 973
971 1279
972 1282
972 970
972 971
972 973
972 1297
972 1305
973 1188
973 1189
973 1190
973 971
973 972
973 1305
974 866
974 1294
974 975
974 976
974 977
974 978
974 754
974 752
975 1179
975 974
975 976
975 977
975 1114
975 1115
975 990
976 750
976 974
976 752
976 975
976 990
977 974
977 975
977 978
977 979
977 982
977 1179
978 1229
978 974
978 1294
978 977
978 850
978 979
978 854
978 856
979 977
979 978
979 850
979 980
979 981
979 982
980 850
980 979
980 852
980 981
981 979
981 980
981 693
981 982
981 852
982 685
982 686
982 977
982 979
982 981
982 693
982 1179
982 1180
983 901
983 903
983 1276
983 984
983 794
983 796
984 983
984 792
984 985
984 794
984 1276
985 792
985 984
985 986
985 987
985 1276
985 989
986 897
986 790
986 792
986 985
986 987
986 988
987 985
987 986
987 988
987 989
988 897
988 898
988 899
988 986
988 987
988 989
989 899
989 900
989 1276
989 985
989 987
989 988
990 748
990 750
990 975
990 976
990 249
990 1115
991 249
991 178
991 1219
991 748
992 993
992 994
992 995
992 997
992 249
993 992
993 249
993 994
993 1239
994 992
994 993
994 995
994 996
994 1239
995 992
995 994
995 996
995 997
996 994
996 995
996 997
996 998
996 1000
996 1239
997 992
997 995
997 996
997 998
997 999
997 1001
997 249
998 1000
998 996
998 997
998 999
999 1000
999 1001
999 997
999 998
1000 996
1000 998
1000 999
1000 1001
1000 1002
1000 1111
1000 1239
1001 997
1001 999
1001 1000
1001 1002
1001 1003
1001 249
1001 1243
1001 1244
1002 1000
1002 1001
1002 1003
1002 1111
1003 1001
1003 1002
1003 1111
1003 1113
1003 1242
1003 1244
1004 933
1004 935
1004 1005
1004 1006
1004 1007
1004 1008
1004 1183
1005 1223
1005 1225
1005 1004
1005 1006
1005 1007
1005 1177
1005 1178
1006 1225
1006 1226
1006 1227
1006 1004
1006 1005
1006 1300
1006 1183
1007 1004
1007 1005
1007 1008
1007 1009
1007 1175
1007 1176
1007 1177
1008 935
1008 937
1008 1004
1008 1007
1008 1009
1008 1010
1009 1251
1009 1007
1009 1008
1009 1010
1009 1011
1009 1173
1009 1175
1010 937
1010 939
1010 1008
1010 1009
1010 1011
1011 1251
1011 939
1011 1009
1011 1010
1011 1012
1012 1251
1012 939
1012 1011
1012 1013
1012 1014
1013 1285
1013 939
1013 941
1013 1012
1013 1014
1013 1015
1014 1251
1014 1252
1014 1012
1014 1013
1014 1015
1014 1432
1014 1433
1015 1284
1015 1285
1015 1013
1015 1014
1015 1433
1015 1434
1015 1435
1016 896
1016 1187
1016 1017
1016 1018
1016 1019
1016 1020
1017 1152
1017 1136
1017 1138
1017 1140
1017 1016
1017 1018
1017 1019
1018 1152
1018 1186
1018 1187
1018 1016
1018 1017
1018 1151
1019 1140
1019 1016
1019 1017
1019 1020
1019 1021
1020 896
1020 1016
1020 1019
1020 1021
1020 894
1021 1140
1021 1022
1021 1142
1021 1144
1021 1019
1021 1020
1021 894
1022 1144
1022 892
1022 1021
1022 894
1022 1023
1023 1024
1023 1025
1023 1319
1023 1144
1023 1145
1023 892
1023 1022
1024 1025
1024 962
1024 1296
1024 890
1024 892
1024 1023
1025 1024
1025 962
1025 1319
1025 1023
1026 1027
1026 931
1026 713
1026 719
1026 721
1027 929
1027 1026
1027 931
1027 721
1027 723
1028 1029
1028 1030
1028 1031
1028 1190
1028 810
1028 1105
1028 1106
1028 1297
1028 1305
1028 799
1029 1028
1029 1030
1029 1192
1029 1290
1029 810
1029 1291
1029 1292
1030 800
1030 1028
1030 1029
1030 1190
1030 1192
1030 1105
1030 1277
1031 800
1031 1028
1031 1254
1031 1032
1031 1033
1031 810
1031 799
1032 1031
1032 1033
1032 810
1032 1034
1032 1290
1032 1235
1033 1254
1033 1031
1033 1032
1033 1034
1033 1035
1033 1143
1034 961
1034 1032
1034 1033
1034 1035
1034 1234
1034 1235
1035 961
1035 1033
1035 1034
1035 1036
1035 1143
1036 961
1036 962
1036 1319
1036 1035
1036 1143
1036 1145
1037 1038
1037 1039
1037 944
1037 1040
1037 887
1038 1037
1038 942
1038 1295
1038 944
1038 885
1038 887
1039 1320
1039 1195
1039 1037
1039 944
1039 1040
1039 1041
1040 1037
1040 1039
1040 1041
1040 887
1040 889
1040 891
1040 895
1041 1195
1041 1039
1041 1040
1041 1042
1041 895
1042 1193
1042 1195
1042 1041
1042 1043
1042 1044
1042 895
1043 896
1043 1187
1043 1042
1043 1044
1043 1045
1043 895
1044 840
1044 1193
1044 842
1044 1042
1044 1043
1044 1045
1045 1185
1045 1187
1045 840
1045 1200
1045 1043
1045 1044
1045 1300
1046 770
1046 772
1046 1158
1046 1047
1046 1048
1046 763
1046 765
1047 1232
1047 1046
1047 1048
1047 1049
1047 765
1047 767
1048 1158
1048 1046
1048 1047
1048 1049
1048 1050
1049 873
1049 1232
1049 1047
1049 1048
1049 1050
1049 1051
1050 1158
1050 1159
1050 1048
1050 1049
1050 1051
1050 1052
1051 871
1051 873
1051 1049
1051 1050
1051 1052
1052 1314
1052 869
1052 1159
1052 871
1052 778
1052 780
1052 1050
1052 1051
1053 1057
1053 1072
1053 923
1053 700
1053 1054
1053 1055
1054 1072
1054 1073
1054 700
1054 1053
1055 1056
1055 1057
1055 923
1055 1053
1056 1057
1056 1058
1056 1060
1056 1061
1056 1306
1056 923
1056 1055
1057 1056
1057 1058
1057 1059
1057 1072
1057 1074
1057 122
1057 1053
1057 1055
1058 1056
1058 1057
1058 1059
1058 1060
1059 1057
1059 1058
1059 1249
1059 1060
1059 1061
1059 122
1059 1247
1060 1056
1060 1058
1060 1059
1060 1061
1061 1248
1061 1056
1061 1059
1061 1060
1061 1306
1061 1247
1062 1063
1062 1064
1062 1065
1062 936
1062 938
1062 940
1062 881
1063 881
1063 940
1063 1062
1063 1295
1064 1062
1064 1065
1064 1066
1064 881
1064 1272
1065 1062
1065 1064
1065 936
1065 1066
1065 1067
1065 1116
1066 1064
1066 1065
1066 1067
1066 1068
1066 1271
1066 1272
1067 1065
1067 1066
1067 1068
1067 1069
1067 1116
1067 1117
1067 1118
1068 1066
1068 1067
1068 1069
1068 1070
1068 1271
1068 1274
1069 1120
1069 1067
1069 1068
1069 1070
1069 1071
1069 1118
1069 1119
1070 1274
1070 1068
1070 1069
1070 1071
1071 1120
1071 1069
1071 1070
1071 1274
1071 1275
1072 1057
1072 1073
1072 1074
1072 1053
1072 1054
1073 1072
1073 1074
1073 700
1073 1054
1074 1057
1074 1072
1074 1073
1074 122
1074 700
1075 872
1075 1161
1075 1162
1075 1076
1075 1077
1075 694
1076 1162
1076 1075
1076 694
1076 695
1076 697
1076 699
1077 1161
1077 1075
1077 1079
1077 1078
1077 694
1077 1080
1078 852
1078 693
1078 1077
1078 694
1078 1079
1079 1080
1079 852
1079 1077
1079 1078
1080 1161
1080 851
1080 852
1080 853
1080 1079
1080 1303
1080 1077
1081 1088
1081 1093
1081 1096
1081 1082
1081 1083
1081 1087
1082 1088
1082 1090
1082 1091
1082 1081
1082 1083
1082 1084
1083 1095
1083 1096
1083 1081
1083 1082
1083 1084
1083 1085
1084 1091
1084 1092
1084 1082
1084 1083
1084 1085
1084 1086
1085 1094
1085 1095
1085 1083
1085 1084
1085 1086
1085 1087
1086 1088
1086 1089
1086 1092
1086 1084
1086 1085
1086 1087
1087 1088
1087 1093
1087 1094
1087 1081
1087 1085
1087 1086
1088 1089
1088 1090
1088 1081
1088 1082
1088 1086
1088 1087
1089 1088
1089 1090
1089 1092
1089 1095
1089 1096
1089 1086
1090 1088
1090 1089
1090 1091
1090 1094
1090 1095
1090 1082
1091 1090
1091 1092
1091 1093
1091 1094
1091 1082
1091 1084
1092 1089
1092 1091
1092 1093
1092 1096
1092 1084
1092 1086
1093 1091
1093 1092
1093 1094
1093 1096
1093 1081
1093 1087
1094 1090
1094 1091
1094 1093
1094 1095
1094 1085
1094 1087
1095 1089
1095 1090
1095 1094
1095 1096
1095 1083
1095 1085
1096 1089
1096 1092
1096 1093
1096 1095
1096 1081
1096 1083
1097 1098
1097 1099
1097 1100
1097 1101
1097 1324
1097 1104
1098 1312
1098 1097
1098 1099
1098 1100
1099 1097
1099 1098
1099 1324
1100 1312
1100 1097
1100 1098
1100 1101
1100 1102
1100 1104
1101 1097
1101 1100
1101 1102
1101 1103
1101 1104
1102 1104
1102 1100
1102 1101
1102 1103
1103 1104
1103 1101
1103 1102
1104 1312
1104 1097
1104 1100
1104 1101
1104 1102
1104 1103
1104 1324
1105 1028
1105 1030
1105 809
1105 813
1105 1106
1105 1277
1106 1028
1106 809
1106 1105
1106 1107
1106 1299
1106 799
1107 807
1107 1106
1107 1299
1107 1108
1107 799
1108 807
1108 1261
1108 1262
1108 1107
1108 1299
1108 1109
1108 1110
1109 807
1109 809
1109 1263
1109 1108
1109 1110
1110 1261
1110 1108
1110 1109
1110 1263
1111 1113
1111 1000
1111 1002
1111 1003
1111 178
1111 1239
1111 1112
1111 249
1112 178
1112 1111
1112 1113
1112 1114
1112 1181
1112 1182
1113 249
1113 1242
1113 1003
1113 1243
1113 1111
1113 1112
1113 1241
1113 1114
1113 1115
1114 1179
1114 975
1114 1112
1114 1113
1114 1115
1114 1181
1115 249
1115 975
1115 1113
1115 1114
1115 990
1116 936
1116 1065
1116 1067
1116 1117
1117 932
1117 936
1117 1067
1117 1167
1117 1116
1117 1149
1117 1118
1118 1067
1118 1069
1118 1167
1118 1117
1118 1119
1119 1120
1119 1165
1119 1166
1119 1069
1119 1167
1119 1118
1120 1069
1120 1165
1120 1071
1120 1275
1120 1119
1121 417
1121 1122
1121 1123
1121 1290
1121 1291
1121 1235
1121 415
1122 1121
1122 1123
1122 1124
1122 587
1122 415
1123 1121
1123 1122
1123 1124
1123 1125
1123 1234
1123 1235
1124 1122
1124 1123
1124 1125
1124 1126
1124 587
1124 690
1125 1123
1125 1124
1125 1126
1125 1127
1125 1233
1125 1234
1126 1124
1126 1125
1126 1127
1126 1128
1126 657
1126 690
1126 1278
1127 965
1127 1125
1127 1126
1127 1128
1127 967
1127 1233
1128 1126
1128 1127
1128 967
1128 969
1128 1278
1128 1279
1129 1216
1129 1130
1129 1131
1129 1132
1129 1133
1129 1211
1130 1317
1130 1129
1130 1257
1130 1131
1130 1132
1130 1267
1131 1317
1131 1129
1131 1130
1131 848
1131 849
1131 1211
1131 1212
1132 1129
1132 1130
1132 1257
1132 1258
1132 1133
1132 1134
1133 1216
1133 1129
1133 1132
1133 1134
1133 827
1133 829
1134 1258
1134 1132
1134 1133
1134 1135
1134 829
1135 1258
1135 1134
1135 816
1135 820
1135 829
1135 831
1136 1137
1136 1138
1136 1139
1136 1140
1136 1017
1137 800
1137 1163
1137 1164
1137 1136
1137 1138
1137 1139
1138 1152
1138 1209
1138 1164
1138 1136
1138 1137
1138 1017
1139 800
1139 1254
1139 1136
1139 1137
1139 1140
1139 1141
1140 1136
1140 1139
1140 1141
1140 1142
1140 1017
1140 1019
1140 1021
1141 1254
1141 1139
1141 1140
1141 1142
1141 1143
1142 1140
1142 1141
1142 1143
1142 1144
1142 1021
1143 1254
1143 1033
1143 1035
1143 1036
1143 1141
1143 1142
1143 1144
1143 1145
1144 1142
1144 1143
1144 1145
1144 1021
1144 1022
1144 1023
1145 1319
1145 1036
1145 1143
1145 1144
1145 1023
1146 928
1146 705
1146 930
1146 1289
1146 1147
1146 703
1147 705
1147 709
1147 1289
1147 1146
1147 1148
1148 709
1148 711
1148 713
1148 1289
1148 1147
1149 932
1149 934
1149 1167
1149 1117
1149 1150
1150 1152
1150 934
1150 1167
1150 1209
1150 1149
1150 1151
1151 1152
1151 1184
1151 1186
1151 934
1151 1018
1151 1150
1152 1209
1152 1138
1152 1017
1152 1018
1152 1150
1152 1151
1153 201
1153 1154
1153 1155
1153 1318
1154 178
1154 201
1154 1153
1154 1182
1155 1153
1155 1156
1155 1318
1155 201
1155 506
1156 1155
1156 1316
1156 1157
1156 1318
1156 506
1156 507
1157 1315
1157 1156
1157 1316
1157 684
1157 691
1157 507
1158 772
1158 774
1158 1159
1158 1046
1158 1048
1158 1050
1159 1158
1159 774
1159 776
1159 778
1159 1050
1159 1052
1160 1161
1160 874
1160 876
1160 1168
1160 1304
1161 1304
1161 1160
1161 872
1161 874
1161 1075
1161 1077
1161 1303
1161 1080
1162 872
1162 1228
1162 1075
1162 1076
1162 699
1162 701
1162 702
1163 800
1163 1282
1163 1164
1163 1165
1163 1137
1163 1297
1164 1163
1164 1165
1164 1166
1164 1137
1164 1138
1164 1209
1165 1120
1165 1282
1165 1283
1165 1163
1165 1164
1165 1166
1165 1275
1165 1119
1166 1164
1166 1165
1166 1167
1166 1209
1166 1119
1167 1166
1167 1117
1167 1209
1167 1150
1167 1149
1167 1118
1167 1119
1168 1160
1168 876
1168 1169
1168 1304
1168 857
1168 859
1169 1168
1169 1170
1169 859
1169 876
1170 876
1170 878
1170 1169
1170 1171
1170 859
1170 764
1170 766
1170 767
1171 1170
1171 859
1171 764
1171 861
1172 1321
1172 1173
1172 1174
1172 1175
1172 1176
1172 1469
1172 1471
1173 1251
1173 1252
1173 1009
1173 1172
1173 1174
1173 1175
1174 1252
1174 1172
1174 1173
1174 1432
1174 1469
1175 1007
1175 1009
1175 1172
1175 1173
1175 1176
1176 1321
1176 1322
1176 1007
1176 1172
1176 1175
1176 1177
1177 1322
1177 1323
1177 1005
1177 1007
1177 1176
1177 1178
1178 1223
1178 1224
1178 1323
1178 1005
1178 1177
1179 975
1179 977
1179 982
1179 1114
1179 1180
1179 1181
1180 685
1180 982
1180 1179
1180 1181
1180 1182
1181 1112
1181 1114
1181 1179
1181 1180
1181 1182
1182 1154
1182 504
1182 201
1182 685
1182 178
1182 1112
1182 1180
1182 1181
1183 1184
1183 1185
1183 933
1183 1004
1183 1006
1183 1300
1184 1183
1184 1185
1184 1186
1184 933
1184 934
1184 1151
1185 1184
1185 1186
1185 1187
1185 1300
1185 1045
1185 1183
1186 1184
1186 1185
1186 1187
1186 1018
1186 1151
1187 896
1187 1185
1187 1186
1187 1043
1187 1045
1187 1016
1187 1018
1188 580
1188 1189
1188 582
1188 1287
1188 971
1188 973
1188 1279
1189 1188
1189 580
1189 1190
1189 1191
1189 973
1189 543
1190 1028
1190 1189
1190 1030
1190 1191
1190 1192
1190 973
1190 1305
1191 1189
1191 1190
1191 1192
1191 541
1191 543
1192 1029
1192 1030
1192 1190
1192 1191
1192 1292
1192 541
1192 542
1193 1194
1193 842
1193 1195
1193 1042
1193 1044
1194 1193
1194 842
1194 1195
1194 1196
1194 844
1195 1320
1195 1193
1195 1194
1195 1196
1195 1197
1195 1039
1195 1041
1195 1042
1196 1194
1196 1195
1196 844
1196 1197
1196 846
1197 1320
1197 1195
1197 1196
1197 846
1197 1204
1197 1207
1197 1208
1198 834
1198 836
1198 1199
1198 1268
1198 1269
1199 836
1199 838
1199 1198
1199 1200
1199 1269
1200 838
1200 840
1200 1199
1200 1300
1200 1269
1200 1045
1200 1302
1201 1202
1201 947
1201 948
1201 1231
1202 1231
1202 1201
1202 1203
1202 947
1202 949
1202 1311
1203 1202
1203 949
1203 951
1203 953
1203 955
1203 1311
1204 1320
1204 1197
1204 945
1204 1301
1204 1205
1204 1206
1204 1207
1205 1204
1205 1300
1205 1302
1205 1206
1205 1207
1206 1227
1206 1300
1206 1301
1206 1204
1206 1205
1207 1197
1207 1204
1207 1205
1207 1268
1207 1269
1207 1208
1207 1302
1208 1317
1208 1197
1208 846
1208 848
1208 1267
1208 1268
1208 1207
1209 1152
1209 1164
1209 1166
1209 1167
1209 1138
1209 1150
1210 1264
1210 849
1210 1236
1210 1211
1210 1212
1210 1213
1210 1214
1211 1216
1211 1129
1211 1131
1211 1210
1211 1212
1211 1213
1212 849
1212 1131
1212 1210
1212 1211
1213 1216
1213 1256
1213 1210
1213 1211
1213 1214
1213 1215
1214 833
1214 817
1214 1236
1214 1210
1214 1213
1214 1215
1215 1256
1215 817
1215 819
1215 821
1215 823
1215 1213
1215 1214
1216 827
1216 1256
1216 1129
1216 1133
1216 1211
1216 1213
1217 1280
1217 1281
1217 1218
1217 1219
1217 1220
1217 1221
1218 1217
1218 1219
1218 1220
1218 1253
1218 744
1218 746
1219 1217
1219 1218
1219 1253
1219 748
1219 991
1220 1217
1220 1218
1220 740
1220 1221
1220 1222
1220 742
1220 744
1221 1281
1221 1217
1221 1220
1221 1222
1221 734
1222 736
1222 738
1222 740
1222 1220
1222 1221
1222 734
1223 1284
1223 1285
1223 1224
1223 1225
1223 1005
1223 1178
1224 1284
1224 1223
1224 1323
1224 1519
1224 1178
1225 1285
1225 1223
1225 1226
1225 1005
1225 1006
1225 1301
1226 1225
1226 1227
1226 1301
1226 1006
1227 1226
1227 1006
1227 1300
1227 1301
1227 1206
1228 704
1228 870
1228 872
1228 1162
1228 702
1229 1294
1229 978
1229 856
1229 858
1229 862
1230 946
1230 948
1230 830
1230 1231
1231 832
1231 1230
1231 1201
1231 1202
1231 948
1231 830
1231 1311
1232 873
1232 879
1232 1047
1232 1049
1232 767
1233 961
1233 963
1233 1125
1233 965
1233 1127
1233 1234
1234 961
1234 1123
1234 1125
1234 1034
1234 1233
1234 1235
1235 1121
1235 1123
1235 1032
1235 1290
1235 1034
1235 1234
1236 833
1236 837
1236 1264
1236 1237
1236 1238
1236 1210
1236 1214
1237 1236
1237 837
1237 1238
1237 839
1238 839
1238 841
1238 843
1238 1264
1238 1265
1238 1236
1238 1237
1239 993
1239 994
1239 996
1239 1000
1239 1111
1239 249
1240 910
1240 912
1240 914
1240 919
1240 921
1241 1113
1241 1242
1241 1243
1241 1244
1242 1113
1242 1241
1242 1003
1242 1244
1243 1241
1243 249
1243 1001
1243 1113
1243 1244
1244 1001
1244 1003
1244 1241
1244 1242
1244 1243
1245 950
1245 952
1245 826
1245 956
1245 958
1246 718
1246 1266
1246 787
1246 789
1246 732
1246 733
1247 1248
1247 1249
1247 1059
1247 1061
1248 1249
1248 1250
1248 1061
1248 1306
1248 1247
1249 1248
1249 1250
1249 1059
1249 122
1249 1247
1250 1248
1250 1249
1250 122
1250 1306
1251 1252
1251 1009
1251 1011
1251 1012
1251 1173
1251 1014
1252 1251
1252 1173
1252 1174
1252 1014
1252 1432
1253 746
1253 1218
1253 1219
1253 748
1254 800
1254 1031
1254 1033
1254 1139
1254 1141
1254 1143
1255 905
1255 907
1255 911
1255 913
1255 915
1256 1216
1256 823
1256 825
1256 827
1256 1213
1256 1215
1257 835
1257 1130
1257 1258
1257 1132
1257 818
1257 1267
1258 1257
1258 1132
1258 1134
1258 1135
1258 816
1258 818
1259 865
1259 1286
1259 1260
1259 760
1259 762
1259 861
1259 863
1260 865
1260 866
1260 1259
1260 758
1260 760
1261 1262
1261 1108
1261 1110
1261 1263
1262 809
1262 1261
1262 1263
1262 1299
1262 1108
1263 809
1263 1261
1263 1262
1263 1109
1263 1110
1264 847
1264 1265
1264 849
1264 1236
1264 1238
1264 1210
1265 843
1265 845
1265 847
1265 1264
1265 1238
1266 718
1266 720
1266 722
1266 732
1266 1246
1267 834
1267 835
1267 1317
1267 1257
1267 1130
1267 1268
1267 1208
1268 834
1268 1198
1268 1267
1268 1269
1268 1207
1268 1208
1269 1198
1269 1199
1269 1200
1269 1268
1269 1302
1269 1207
1270 1313
1270 880
1270 882
1270 1298
1270 1271
1270 1273
1271 1066
1271 1068
1271 882
1271 1270
1271 1272
1271 1273
1271 1274
1272 1064
1272 1066
1272 881
1272 882
1272 1271
1273 1313
1273 964
1273 966
1273 968
1273 1270
1273 1271
1273 1274
1274 968
1274 1068
1274 1070
1274 1071
1274 1271
1274 1273
1274 1275
1275 1120
1275 1283
1275 968
1275 1165
1275 1071
1275 1274
1276 900
1276 901
1276 983
1276 984
1276 985
1276 989
1277 800
1277 806
1277 1030
1277 808
1277 810
1277 813
1277 815
1277 1105
1278 645
1278 1126
1278 1287
1278 1128
1278 657
1278 1279
1279 1188
1279 1287
1279 1128
1279 969
1279 971
1279 1278
1280 1281
1280 139
1280 1217
1280 731
1281 1280
1281 1217
1281 1221
1281 139
1281 734
1282 1283
1282 970
1282 1163
1282 972
1282 1165
1282 1297
1283 1282
1283 968
1283 970
1283 1165
1283 1275
1284 1285
1284 1223
1284 1224
1284 1519
1284 1015
1284 1435
1285 1284
1285 1223
1285 1225
1285 941
1285 1013
1285 1301
1285 1015
1286 762
1286 1259
1286 764
1286 861
1287 1188
1287 645
1287 582
1287 1278
1287 1279
1288 768
1288 769
1288 773
1288 902
1288 775
1288 904
1289 930
1289 713
1289 1146
1289 1147
1289 1148
1290 1121
1290 1029
1290 1032
1290 810
1290 1291
1290 1235
1291 1121
1291 417
1291 1029
1291 1290
1291 1292
1291 564
1292 1029
1292 1192
1292 1291
1292 564
1292 542
1293 864
1293 862
1293 866
1293 1294
1294 866
1294 1229
1294 974
1294 1293
1294 978
1294 862
1295 1063
1295 940
1295 1038
1295 942
1295 881
1295 883
1295 885
1296 1024
1296 960
1296 962
1296 1298
1296 886
1296 888
1296 890
1297 800
1297 1282
1297 1028
1297 1163
1297 972
1297 1305
1297 799
1298 960
1298 1313
1298 1296
1298 880
1298 884
1298 886
1298 1270
1299 809
1299 1262
1299 1106
1299 1107
1299 1108
1300 1185
1300 1227
1300 1006
1300 1200
1300 1205
1300 1206
1300 1302
1300 1045
1300 1183
1301 1285
1301 1225
1301 1226
1301 1227
1301 941
1301 943
1301 945
1301 1204
1301 1206
1302 1200
1302 1300
1302 1205
1302 1269
1302 1207
1303 1304
1303 1161
1303 853
1303 855
1303 1080
1304 1160
1304 1161
1304 1168
1304 855
1304 857
1304 1303
1305 1028
1305 1190
1305 972
1305 973
1305 1297
1306 1056
1306 1248
1306 1250
1306 1061
1306 122
1306 923
1307 696
1307 123
1307 1308
1307 229
1308 1309
1308 1307
1308 229
1308 1310
1309 1315
1309 229
1309 648
1309 1308
1309 1310
1310 1315
1310 1308
1310 1309
1310 1316
1311 832
1311 1231
1311 1202
1311 1203
1311 955
1311 957
1311 959
1312 1104
1312 1098
1312 1100
1312 1324
1313 960
1313 964
1313 1298
1313 1270
1313 1273
1314 868
1314 869
1314 780
1314 782
1314 1052
1315 1316
1315 1157
1315 648
1315 691
1315 1309
1315 1310
1316 1315
1316 1156
1316 1157
1316 1318
1316 1310
1317 1130
1317 1131
1317 848
1317 1267
1317 1208
1318 1153
1318 1155
1318 1156
1318 1316
1319 1025
1319 962
1319 1036
1319 1145
1319 1023
1320 1195
1320 1197
1320 1039
1320 944
1320 945
1320 1204
1321 1176
1321 1322
1321 1172
1321 1471
1322 1473
1322 1321
1322 1323
1322 1176
1322 1177
1322 1471
1323 1473
1323 1224
1323 1322
1323 1519
1323 1177
1323 1178
1324 1104
1324 1097
1324 1312
1324 1099
1325 1413
1325 1326
1325 1327
1325 1328
1325 1329
1325 1339
1325 1341
1326 1325
1326 1327
1326 1328
1326 1330
1326 1530
1327 1450
1327 1325
1327 1326
1327 1530
1327 1341
1328 1329
1328 1330
1328 1325
1328 1326
1329 1411
1329 1412
1329 1413
1329 1325
1329 1328
1329 1330
1329 1331
1330 1450
1330 1326
1330 1328
1330 1329
1330 1331
1330 1332
1330 1530
1331 1408
1331 1411
1331 1329
1331 1330
1331 1332
1331 1333
1332 1450
1332 1451
1332 1452
1332 1330
1332 1331
1332 1333
1332 1334
1333 1408
1333 1331
1333 1332
1333 1334
1333 1335
1334 1452
1334 1332
1334 1333
1334 1335
1334 1336
1335 1408
1335 1409
1335 1410
1335 1333
1335 1334
1335 1336
1335 1337
1336 1452
1336 1454
1336 1334
1336 1335
1336 1337
1336 1338
1337 1410
1337 1335
1337 1336
1337 1338
1337 1339
1338 1453
1338 1454
1338 1336
1338 1337
1338 1339
1338 1340
1339 1410
1339 1413
1339 1325
1339 1337
1339 1338
1339 1340
1339 1341
1340 1451
1340 1453
1340 1338
1340 1339
1340 1341
1341 1450
1341 1451
1341 1325
1341 1327
1341 1339
1341 1340
1342 1344
1342 1345
1342 1346
1342 1536
1342 1343
1343 1344
1343 1345
1343 1355
1343 1356
1343 1362
1343 1342
1344 1536
1344 1354
1344 1355
1344 1342
1344 1343
1345 1346
1345 1347
1345 1356
1345 1357
1345 1342
1345 1343
1346 1536
1346 1345
1346 1347
1346 1348
1346 1342
1347 1345
1347 1346
1347 1348
1347 1349
1347 1357
1347 1358
1348 1536
1348 1346
1348 1347
1348 1349
1348 1350
1349 1347
1349 1348
1349 1350
1349 1351
1349 1358
1349 1359
1350 1536
1350 1348
1350 1349
1350 1351
1350 1352
1351 1349
1351 1350
1351 1352
1351 1353
1351 1359
1351 1360
1352 1536
1352 1350
1352 1351
1352 1353
1352 1354
1353 1351
1353 1352
1353 1354
1353 1355
1353 1360
1353 1361
1354 1344
1354 1536
1354 1352
1354 1353
1354 1355
1355 1344
1355 1353
1355 1354
1355 1361
1355 1362
1355 1343
1356 1345
1356 673
1356 1357
1356 1362
1356 1343
1357 673
1357 1345
1357 1347
1357 392
1357 394
1357 1356
1357 1358
1358 1347
1358 1349
1358 392
1358 1357
1358 1359
1359 1349
1359 1351
1359 392
1359 396
1359 1358
1359 1360
1360 1351
1360 1353
1360 396
1360 1359
1360 1361
1360 663
1361 1353
1361 1355
1361 1360
1361 1362
1361 663
1361 664
1362 672
1362 673
1362 1355
1362 1356
1362 1361
1362 664
1362 1343
1363 1486
1363 1364
1363 1365
1363 1366
1363 1367
1364 1518
1364 1491
1364 1363
1364 1365
1364 1366
1365 1486
1365 1490
1365 1491
1365 1363
1365 1364
1366 1518
1366 1363
1366 1364
1366 1367
1366 1368
1367 1486
1367 1363
1367 1366
1367 1368
1367 1369
1368 1518
1368 1491
1368 1492
1368 1366
1368 1367
1368 1369
1368 1370
1369 1486
1369 1487
1369 1488
1369 1367
1369 1368
1369 1370
1369 1371
1370 1511
1370 1492
1370 1368
1370 1369
1370 1371
1370 1372
1371 1488
1371 1369
1371 1370
1371 1372
1371 1373
1372 1511
1372 1512
1372 1513
1372 1370
1372 1371
1372 1373
1372 1374
1373 1384
1373 1488
1373 1371
1373 1372
1373 1374
1373 1375
1374 1376
1374 1533
1374 1513
1374 1514
1374 1515
1374 1372
1374 1373
1374 1375
1375 1376
1375 1377
1375 1384
1375 1386
1375 1528
1375 1373
1375 1374
1376 1377
1376 1378
1376 1533
1376 1374
1376 1375
1377 1376
1377 1378
1377 1528
1377 1375
1378 1376
1378 1377
1378 1389
1378 1533
1379 1380
1379 1381
1379 1382
1379 1383
1379 1416
1379 1417
1379 1418
1379 1400
1380 1379
1380 1381
1380 1382
1380 1485
1380 1462
1380 1431
1380 1466
1380 1467
1381 1441
1381 1442
1381 1379
1381 1380
1381 1399
1381 1400
1381 1467
1382 1379
1382 1380
1382 1383
1382 1384
1382 1485
1382 1488
1383 1379
1383 1382
1383 1384
1383 1385
1383 1416
1383 1514
1383 1398
1384 1382
1384 1383
1384 1385
1384 1386
1384 1488
1384 1373
1384 1375
1385 1383
1385 1384
1385 1386
1385 1387
1385 1514
1385 1515
1386 1384
1386 1385
1386 1387
1386 1388
1386 1528
1386 1375
1387 1385
1387 1386
1387 1515
1387 1388
1387 1389
1387 1533
1388 1528
1388 1386
1388 1387
1388 1389
1389 1378
1389 1387
1389 1388
1389 1533
1390 1391
1390 1392
1390 1393
1390 1394
1390 1527
1390 1464
1390 1465
1391 1390
1391 1392
1391 1393
1391 1430
1391 1503
1392 1390
1392 1391
1392 1527
1392 1501
1392 1502
1392 1503
1393 1390
1393 1391
1393 1394
1393 1395
1393 1525
1393 1430
1393 1431
1393 1467
1394 1479
1394 1512
1394 1390
1394 1393
1394 1395
1394 1396
1394 1464
1395 1393
1395 1394
1395 1396
1395 1397
1395 1525
1396 1512
1396 1513
1396 1394
1396 1395
1396 1397
1396 1398
1397 1395
1397 1396
1397 1525
1397 1398
1397 1399
1397 1523
1398 1383
1398 1416
1398 1513
1398 1514
1398 1520
1398 1396
1398 1397
1398 1399
1398 1400
1399 1442
1399 1381
1399 1523
1399 1397
1399 1398
1399 1400
1399 1500
1400 1379
1400 1381
1400 1418
1400 1520
1400 1521
1400 1398
1400 1399
1401 1472
1401 1473
1401 1474
1401 1402
1401 1403
1401 1404
1401 1405
1402 1443
1402 1516
1402 1517
1402 1401
1402 1403
1402 1404
1403 1474
1403 1475
1403 1517
1403 1401
1403 1402
1404 1516
1404 1401
1404 1402
1404 1405
1404 1406
1405 1472
1405 1478
1405 1449
1405 1401
1405 1404
1405 1406
1405 1407
1406 1408
1406 1411
1406 1516
1406 1404
1406 1405
1406 1407
1407 1408
1407 1409
1407 1478
1407 1415
1407 1405
1407 1406
1408 1409
1408 1411
1408 1331
1408 1333
1408 1335
1408 1406
1408 1407
1409 1408
1409 1410
1409 1415
1409 1335
1409 1407
1410 1409
1410 1413
1410 1414
1410 1415
1410 1335
1410 1337
1410 1339
1411 1408
1411 1443
1411 1412
1411 1516
1411 1329
1411 1331
1411 1406
1412 1443
1412 1411
1412 1413
1412 1414
1412 1444
1412 1445
1412 1329
1413 1410
1413 1412
1413 1414
1413 1325
1413 1329
1413 1339
1414 1410
1414 1412
1414 1445
1414 1413
1414 1415
1414 1447
1415 1409
1415 1410
1415 1414
1415 1447
1415 1478
1415 1407
1416 1379
1416 1383
1416 1417
1416 1520
1416 1398
1417 1379
1417 1416
1417 1418
1417 1419
1417 1520
1417 1495
1418 1379
1418 1417
1418 1419
1418 1420
1418 1521
1418 1400
1419 1417
1419 1418
1419 1420
1419 1421
1419 1494
1419 1495
1419 1531
1419 1532
1420 1418
1420 1419
1420 1421
1420 1422
1420 1521
1421 1419
1421 1420
1421 1422
1421 1423
1421 1493
1421 1531
1422 1420
1422 1421
1422 1423
1422 1520
1422 1521
1422 1495
1423 1421
1423 1422
1423 1493
1423 1494
1423 1495
1424 1510
1424 1425
1424 1426
1424 1427
1424 1428
1425 1424
1425 1426
1425 1427
1425 1527
1425 1501
1426 1510
1426 1424
1426 1425
1426 1501
1426 1502
1427 1424
1427 1425
1427 1428
1427 1429
1427 1527
1427 1465
1428 1510
1428 1424
1428 1427
1428 1429
1428 1430
1428 1503
1429 1427
1429 1428
1429 1430
1429 1431
1429 1464
1429 1465
1429 1466
1430 1391
1430 1393
1430 1428
1430 1429
1430 1431
1430 1503
1431 1380
1431 1393
1431 1429
1431 1430
1431 1466
1431 1467
1432 1252
1432 1174
1432 1014
1432 1433
1432 1469
1432 1470
1433 1477
1433 1014
1433 1015
1433 1432
1433 1434
1433 1470
1434 1476
1434 1477
1434 1015
1434 1433
1434 1435
1435 1474
1435 1475
1435 1476
1435 1284
1435 1519
1435 1015
1435 1434
1436 1440
1436 1509
1436 1437
1436 1438
1436 1439
1437 1522
1437 1496
1437 1436
1437 1438
1437 1439
1438 1509
1438 1496
1438 1497
1438 1436
1438 1437
1439 1440
1439 1441
1439 1522
1439 1524
1439 1436
1439 1437
1440 1441
1440 1442
1440 1509
1440 1499
1440 1436
1440 1439
1441 1440
1441 1442
1441 1381
1441 1524
1441 1525
1441 1467
1441 1439
1442 1440
1442 1441
1442 1381
1442 1399
1442 1499
1442 1500
1443 1411
1443 1444
1443 1412
1443 1516
1443 1517
1443 1402
1443 1534
1444 1443
1444 1412
1444 1445
1444 1446
1444 1534
1445 1412
1445 1444
1445 1414
1445 1446
1445 1447
1446 1444
1446 1477
1446 1445
1446 1447
1446 1448
1446 1476
1446 1534
1447 1445
1447 1414
1447 1446
1447 1448
1447 1449
1447 1415
1447 1478
1448 1477
1448 1446
1448 1447
1448 1449
1448 1489
1448 1468
1449 1472
1449 1478
1449 1447
1449 1448
1449 1468
1449 1405
1450 1451
1450 1327
1450 1330
1450 1332
1450 1530
1450 1341
1451 1450
1451 1452
1451 1453
1451 1332
1451 1340
1451 1341
1452 1451
1452 1453
1452 1454
1452 1332
1452 1334
1452 1336
1453 1451
1453 1452
1453 1454
1453 1338
1453 1340
1454 1336
1454 1338
1454 1452
1454 1453
1455 1456
1455 1457
1455 1458
1455 1459
1455 1535
1456 1504
1456 1455
1456 1457
1456 1458
1456 1526
1457 1504
1457 1505
1457 1455
1457 1456
1457 1535
1458 1483
1458 1455
1458 1456
1458 1459
1458 1460
1458 1526
1459 1507
1459 1455
1459 1458
1459 1460
1459 1461
1459 1535
1460 1482
1460 1483
1460 1484
1460 1458
1460 1459
1460 1461
1460 1462
1461 1507
1461 1508
1461 1459
1461 1460
1461 1462
1461 1463
1462 1380
1462 1484
1462 1485
1462 1460
1462 1461
1462 1463
1462 1464
1462 1466
1463 1508
1463 1479
1463 1480
1463 1481
1463 1461
1463 1462
1463 1464
1464 1479
1464 1390
1464 1394
1464 1429
1464 1462
1464 1463
1464 1465
1464 1466
1465 1390
1465 1427
1465 1429
1465 1527
1465 1464
1466 1380
1466 1429
1466 1462
1466 1431
1466 1464
1467 1441
1467 1380
1467 1381
1467 1393
1467 1525
1467 1431
1468 1472
1468 1448
1468 1449
1468 1489
1468 1469
1468 1470
1468 1471
1469 1172
1469 1174
1469 1432
1469 1468
1469 1470
1469 1471
1470 1477
1470 1489
1470 1432
1470 1433
1470 1468
1470 1469
1471 1472
1471 1473
1471 1321
1471 1322
1471 1172
1471 1468
1471 1469
1472 1473
1472 1449
1472 1401
1472 1468
1472 1405
1472 1471
1473 1472
1473 1474
1473 1322
1473 1323
1473 1519
1473 1401
1473 1471
1474 1473
1474 1475
1474 1519
1474 1435
1474 1401
1474 1403
1475 1474
1475 1476
1475 1517
1475 1435
1475 1403
1475 1534
1476 1475
1476 1477
1476 1446
1476 1434
1476 1435
1476 1534
1477 1476
1477 1446
1477 1448
1477 1489
1477 1433
1477 1434
1477 1470
1478 1415
1478 1447
1478 1449
1478 1405
1478 1407
1479 1512
1479 1480
1479 1394
1479 1463
1479 1464
1480 1479
1480 1512
1480 1481
1480 1482
1480 1463
1481 1506
1481 1508
1481 1480
1481 1482
1481 1483
1481 1526
1481 1463
1482 1480
1482 1481
1482 1512
1482 1483
1482 1484
1482 1485
1482 1460
1482 1529
1483 1481
1483 1482
1483 1458
1483 1460
1483 1526
1484 1482
1484 1460
1484 1485
1484 1462
1485 1380
1485 1382
1485 1482
1485 1484
1485 1487
1485 1488
1485 1462
1485 1529
1486 1487
1486 1490
1486 1363
1486 1365
1486 1367
1486 1369
1487 1511
1487 1485
1487 1486
1487 1529
1487 1488
1487 1490
1487 1369
1488 1382
1488 1384
1488 1485
1488 1487
1488 1369
1488 1371
1488 1373
1489 1448
1489 1468
1489 1477
1489 1470
1490 1511
1490 1486
1490 1487
1490 1491
1490 1492
1490 1365
1491 1518
1491 1490
1491 1492
1491 1365
1491 1364
1491 1368
1492 1511
1492 1490
1492 1491
1492 1368
1492 1370
1493 1421
1493 1423
1493 1494
1493 1531
1493 1532
1494 1419
1494 1423
1494 1493
1494 1495
1494 1532
1495 1417
1495 1419
1495 1422
1495 1423
1495 1520
1495 1494
1496 1522
1496 1497
1496 1498
1496 1437
1496 1438
1497 1509
1497 1496
1497 1498
1497 1499
1497 1438
1498 1522
1498 1523
1498 1496
1498 1497
1498 1499
1498 1500
1499 1440
1499 1442
1499 1509
1499 1497
1499 1498
1499 1500
1500 1442
1500 1523
1500 1399
1500 1498
1500 1499
1501 1392
1501 1425
1501 1426
1501 1527
1501 1502
1502 1510
1502 1392
1502 1426
1502 1501
1502 1503
1503 1510
1503 1391
1503 1392
1503 1428
1503 1430
1503 1502
1504 1505
1504 1506
1504 1456
1504 1457
1504 1526
1505 1504
1505 1506
1505 1507
1505 1457
1505 1535
1506 1504
1506 1505
1506 1507
1506 1508
1506 1481
1506 1526
1507 1505
1507 1506
1507 1508
1507 1459
1507 1461
1507 1535
1508 1506
1508 1507
1508 1481
1508 1461
1508 1463
1509 1440
1509 1497
1509 1499
1509 1436
1509 1438
1510 1424
1510 1426
1510 1428
1510 1502
1510 1503
1511 1512
1511 1487
1511 1490
1511 1492
1511 1529
1511 1370
1511 1372
1512 1511
1512 1479
1512 1513
1512 1482
1512 1480
1512 1394
1512 1396
1512 1529
1512 1372
1513 1512
1513 1514
1513 1396
1513 1398
1513 1372
1513 1374
1514 1383
1514 1513
1514 1385
1514 1515
1514 1398
1514 1374
1515 1385
1515 1514
1515 1387
1515 1533
1515 1374
1516 1443
1516 1411
1516 1402
1516 1404
1516 1406
1517 1443
1517 1475
1517 1402
1517 1403
1517 1534
1518 1368
1518 1491
1518 1364
1518 1366
1519 1473
1519 1474
1519 1284
1519 1224
1519 1323
1519 1435
1520 1416
1520 1417
1520 1422
1520 1521
1520 1398
1520 1495
1520 1400
1521 1418
1521 1420
1521 1422
1521 1520
1521 1400
1522 1523
1522 1524
1522 1496
1522 1498
1522 1437
1522 1439
1523 1522
1523 1524
1523 1397
1523 1525
1523 1399
1523 1498
1523 1500
1524 1441
1524 1522
1524 1523
1524 1525
1524 1439
1525 1441
1525 1393
1525 1395
1525 1523
1525 1524
1525 1397
1525 1467
1526 1504
1526 1506
1526 1481
1526 1483
1526 1456
1526 1458
1527 1390
1527 1392
1527 1425
1527 1427
1527 1465
1527 1501
1528 1377
1528 1386
1528 1388
1528 1375
1529 1511
1529 1512
1529 1482
1529 1485
1529 1487
1530 1450
1530 1330
1530 1326
1530 1327
1531 1493
1531 1419
1531 1532
1531 1421
1532 1419
1532 1493
1532 1494
1532 1531
1533 1376
1533 1378
1533 1515
1533 1387
1533 1389
1533 1374
1534 1443
1534 1444
1534 1475
1534 1446
1534 1476
1534 1517
1535 1505
1535 1507
1535 1455
1535 1457
1535 1459
1536 1344
1536 1346
1536 1348
1536 1350
1536 1352
1536 1354
1536 1342
