-0.024878 0.920804 0.056929 -0.615274 -0.286874 0.734263
-0.023195 0.924985 0.059514 -0.621102 -0.004490 0.783717
-0.026005 0.924985 0.056929 -0.675885 0.060564 0.734515
-0.022449 0.922209 0.059514 -0.535071 -0.316298 0.783361
-0.021807 0.917751 0.056929 -0.390958 -0.556980 0.732752
-0.020402 0.920162 0.059514 -0.327382 -0.538928 0.776130
-0.017626 0.916623 0.056929 -0.128778 -0.698305 0.704121
-0.017401 0.919347 0.059757 -0.032151 -0.584890 0.810475
-0.012699 0.917508 0.057571 0.272747 -0.532620 0.801202
-0.014018 0.920162 0.059514 0.294432 -0.524164 0.799101
-0.010097 0.920804 0.056929 0.668648 -0.460832 0.583561
-0.011016 0.922122 0.059861 0.555205 -0.338444 0.759739
-0.008917 0.924985 0.056929 0.882531 -0.045973 0.468001
-0.010409 0.924985 0.059514 0.643662 0.080792 0.761033
-0.010097 0.929166 0.056929 0.747993 0.372025 0.549640
-0.011363 0.927761 0.059514 0.504469 0.360147 0.784733
-0.013272 0.932220 0.056929 0.402631 0.629286 0.664746
-0.014018 0.929808 0.059514 0.258316 0.550126 0.794125
-0.017626 0.933347 0.056929 0.046726 0.686946 0.725205
-0.017626 0.930554 0.059514 -0.019714 0.619469 0.784774
-0.021807 0.932220 0.056929 -0.286494 0.617757 0.732323
-0.020402 0.929808 0.059514 -0.314769 0.535915 0.783400
-0.024878 0.929166 0.056929 -0.555208 0.391541 0.733784
-0.022449 0.927761 0.059514 -0.540199 0.306521 0.783728
-0.020645 0.924985 0.061249 -0.420692 -0.030532 0.906690
-0.020228 0.923476 0.061249 -0.348748 -0.238163 0.906451
-0.019135 0.922383 0.061249 -0.193824 -0.360767 0.912293
-0.017626 0.921967 0.061249 0.035859 -0.385062 0.922194
-0.016047 0.922383 0.061249 0.158518 -0.323465 0.932868
-0.014902 0.923476 0.061249 0.262822 -0.104159 0.959206
-0.014486 0.924985 0.061249 0.313451 0.027820 0.949197
-0.014902 0.926494 0.061249 0.276781 0.212405 0.937164
-0.016047 0.927587 0.061249 0.159819 0.367273 0.916280
-0.017626 0.927986 0.061249 -0.032391 0.420459 0.906733
-0.019135 0.927587 0.061249 -0.236614 0.349633 0.906515
-0.020228 0.926494 0.061249 -0.379762 0.185435 0.906308
0.026005 0.924985 0.056929 0.675885 0.060564 0.734515
0.023195 0.924985 0.059514 0.621102 -0.004490 0.783717
0.024878 0.920804 0.056929 0.615274 -0.286874 0.734263
0.022449 0.927761 0.059514 0.540199 0.306521 0.783728
0.024878 0.929166 0.056929 0.555209 0.391541 0.733784
0.020402 0.929808 0.059514 0.314770 0.535915 0.783400
0.021807 0.932220 0.056929 0.286494 0.617757 0.732323
0.017626 0.930554 0.059514 0.019714 0.619469 0.784774
0.017626 0.933347 0.056929 -0.046726 0.686946 0.725205
0.014018 0.929808 0.059514 -0.258316 0.550126 0.794125
0.013272 0.932220 0.056929 -0.402631 0.629286 0.664746
0.011363 0.927761 0.059514 -0.504469 0.360147 0.784733
0.010097 0.929166 0.056929 -0.747993 0.372025 0.549640
0.010409 0.924985 0.059514 -0.643662 0.080792 0.761033
0.008917 0.924985 0.056929 -0.882531 -0.045973 0.468001
0.011016 0.922122 0.059861 -0.555205 -0.338444 0.759739
0.010097 0.920804 0.056929 -0.668648 -0.460832 0.583561
0.014018 0.920162 0.059514 -0.294432 -0.524164 0.799101
0.012699 0.917508 0.057571 -0.272747 -0.532621 0.801202
0.017401 0.919347 0.059757 0.032151 -0.584890 0.810475
0.017626 0.916623 0.056929 0.128778 -0.698305 0.704121
0.020402 0.920162 0.059514 0.327382 -0.538928 0.776130
0.021807 0.917751 0.056929 0.390958 -0.556980 0.732752
0.022449 0.922209 0.059514 0.535071 -0.316298 0.783361
0.020645 0.924985 0.061249 0.420692 -0.030532 0.906690
0.020228 0.926494 0.061249 0.379762 0.185435 0.906308
0.019135 0.927587 0.061249 0.236615 0.349633 0.906515
0.017626 0.927986 0.061249 0.032391 0.420459 0.906733
0.016047 0.927587 0.061249 -0.159819 0.367273 0.916280
0.014902 0.926494 0.061249 -0.276781 0.212405 0.937164
0.014486 0.924985 0.061249 -0.313451 0.027820 0.949197
0.014902 0.923476 0.061249 -0.262822 -0.104159 0.959206
0.016047 0.922383 0.061249 -0.158518 -0.323465 0.932868
0.017626 0.921967 0.061249 -0.035859 -0.385062 0.922194
0.019135 0.922383 0.061249 0.193824 -0.360767 0.912293
0.020228 0.923476 0.061249 0.348748 -0.238163 0.906451
-0.017626 0.924985 0.061839 -0.002654 0.000180 0.999997
0.017626 0.924985 0.061839 0.002654 0.000180 0.999997
-0.023819 0.989903 -0.016906 -0.314595 0.881836 -0.351277
0.000000 0.990892 -0.024452 -0.046438 0.878473 -0.475529
0.000000 0.979286 -0.039424 -0.009454 0.723686 -0.690065
-0.011866 0.994049 -0.011059 -0.250567 0.938143 -0.238965
-0.019881 0.994691 0.013385 -0.305011 0.948251 0.088249
-0.005100 1.000000 0.012396 -0.079323 0.996764 0.013017
-0.005274 0.992679 0.042808 -0.101373 0.880183 0.463683
0.013376 0.991794 0.042513 0.218590 0.842873 0.491714
0.004337 0.975400 0.059965 0.264177 0.549180 0.792850
0.015614 0.976094 0.058907 0.273934 0.530139 0.802442
0.020072 0.960879 0.062863 0.404104 0.271125 0.873608
0.025433 0.972364 0.054952 0.564808 0.412065 0.714979
0.028573 0.952552 0.055940 0.680816 0.151174 0.716684
0.036432 0.963169 0.048932 0.766334 0.217326 0.604567
0.039017 0.948753 0.049626 0.816638 0.025734 0.576577
0.040266 0.943080 0.042200 0.919406 -0.015685 0.392997
0.040301 0.940512 0.045792 0.944117 -0.085545 0.318317
0.040908 0.932774 0.039442 0.953750 -0.142421 0.264721
0.037473 0.937077 0.048307 0.749928 -0.224677 0.622196
-0.055446 0.926269 0.000894 -0.897005 -0.266925 0.352326
-0.061067 0.928958 -0.018710 -0.990857 0.032969 -0.130830
-0.053225 0.915010 -0.001205 -0.824899 -0.312871 0.470800
-0.058378 0.940148 -0.008058 -0.990064 0.123232 -0.067722
-0.053555 0.941605 0.015588 -0.956547 -0.097482 0.274798
-0.057094 0.954582 -0.000997 -0.953515 0.300084 -0.027541
-0.050276 0.958502 0.027853 -0.931526 0.208299 0.298112
-0.051161 0.966135 0.007469 -0.892839 0.449187 0.032710
-0.042157 0.971757 0.034359 -0.821464 0.431219 0.373158
-0.044933 0.979217 0.013107 -0.830566 0.556920 -0.001090
-0.031887 0.991256 0.013957 -0.555092 0.829335 0.063849
-0.037612 0.980604 -0.016281 -0.696674 0.597701 -0.396735
-0.023525 0.979390 -0.033092 -0.390884 0.586325 -0.709530
0.000000 0.963933 -0.047925 -0.003066 0.578510 -0.815670
0.000000 0.939332 -0.059531 0.000000 0.228916 -0.973446
0.024010 0.926165 -0.055125 0.438757 0.001461 -0.898604
0.000000 0.926078 -0.064198 0.000000 -0.077747 -0.996973
0.024479 0.939176 -0.052054 0.445288 0.190615 -0.874863
0.000000 0.953922 -0.057553 -0.000000 0.332389 -0.943142
0.026422 0.953731 -0.049764 0.454989 0.403037 -0.794069
0.023473 0.964418 -0.040708 0.489811 0.517269 -0.701796
0.023525 0.979390 -0.033959 0.368205 0.587312 -0.720757
0.039711 0.980604 -0.016281 0.710186 0.581764 -0.396467
0.023819 0.989903 -0.016906 0.298870 0.876322 -0.377806
0.031887 0.991256 0.013957 0.530873 0.847396 0.009717
0.016186 0.997606 0.013281 0.295755 0.954263 0.043713
0.030221 0.985445 0.039251 0.592967 0.693947 0.408445
-0.041428 0.935082 0.035226 -0.855390 -0.281798 0.434625
-0.045384 0.949950 0.038453 -0.846040 -0.070850 0.528391
-0.043111 0.920214 0.023863 -0.897254 -0.184195 0.401257
-0.041116 0.913587 0.009880 -0.959559 -0.255315 0.118580
-0.038739 0.904982 0.008458 -0.660812 -0.394806 0.638323
-0.045748 0.901790 -0.001379 -0.681217 -0.460375 0.569208
-0.035998 0.895562 0.003704 -0.482889 -0.327201 0.812255
-0.040942 0.893862 0.001085 -0.736344 -0.655286 0.168516
-0.033517 0.888085 0.000634 -0.599795 -0.783555 0.162130
-0.033448 0.890774 -0.001951 -0.603001 -0.791390 0.100457
-0.021044 0.960705 0.060052 -0.576649 0.092703 0.811715
-0.030429 0.955501 0.057485 -0.625483 0.104541 0.773203
-0.025416 0.950834 0.059098 -0.331486 -0.030150 0.942978
-0.023577 0.971115 0.055333 -0.510214 0.427284 0.746398
-0.017522 0.976874 0.061856 -0.535055 0.454177 0.712348
-0.020332 0.986624 0.042599 -0.361287 0.813054 0.456524
-0.009004 0.976371 0.062307 -0.099742 0.577299 0.810418
-0.002568 0.977967 0.062845 0.156769 0.613918 0.773646
0.003834 0.959283 0.069316 0.161632 0.222992 0.961327
0.010045 0.959161 0.065153 0.350493 0.138873 0.926212
0.017383 0.945786 0.065656 0.297136 0.039579 0.954015
-0.024479 0.939176 -0.052054 -0.445288 0.190615 -0.874863
-0.024010 0.926165 -0.055125 -0.438757 0.001461 -0.898604
-0.019638 0.911991 -0.052921 -0.395163 -0.131701 -0.909121
0.000000 0.911488 -0.059739 -0.000000 -0.155470 -0.987841
-0.020402 0.898650 -0.051638 -0.366074 -0.294584 -0.882729
0.000000 0.896880 -0.058334 0.000000 -0.421651 -0.906758
-0.017192 0.884112 -0.043570 -0.296216 -0.687055 -0.663485
0.000000 0.882238 -0.047630 0.000000 -0.713105 -0.701057
0.000000 0.875399 -0.037955 0.000039 -0.832491 -0.554038
0.047465 0.929149 -0.039754 0.711431 0.076149 -0.698618
0.047344 0.940755 -0.032207 0.759682 0.264729 -0.593971
0.047812 0.955918 -0.029032 0.768101 0.401590 -0.498744
0.042920 0.967246 -0.019786 0.788976 0.499324 -0.358039
0.044933 0.979217 0.013107 0.837450 0.544647 0.045136
-0.031592 0.951684 0.053338 -0.779666 0.075526 0.621625
-0.039017 0.948753 0.049626 -0.803782 0.039775 0.593593
-0.032910 0.943600 0.053720 -0.571326 -0.025354 0.820332
-0.036866 0.962857 0.048186 -0.816396 0.162747 0.554085
-0.030325 0.969987 0.053616 -0.562304 0.396748 0.725537
-0.030221 0.984421 0.040309 -0.521987 0.706783 0.477480
-0.051733 0.901877 -0.009012 -0.778531 -0.458830 0.428211
-0.057476 0.915860 -0.021052 -0.960757 -0.188656 -0.203358
-0.047465 0.929149 -0.039754 -0.711431 0.076149 -0.698618
-0.047344 0.940755 -0.032207 -0.759682 0.264729 -0.593971
-0.026422 0.953731 -0.049764 -0.454989 0.403037 -0.794069
0.042157 0.972398 0.033821 0.840625 0.378453 0.387457
0.045384 0.949950 0.038453 0.846779 -0.070436 0.527261
0.050276 0.958502 0.027853 0.931549 0.208055 0.298212
0.051907 0.943531 0.027368 0.915396 -0.133894 0.379635
0.053555 0.941605 0.015588 0.956547 -0.097482 0.274798
0.054648 0.930866 0.009967 0.933693 -0.203104 0.294901
-0.040266 0.943080 0.042200 -0.917723 -0.018324 0.396799
-0.045106 0.933885 0.034619 -0.871093 -0.215385 0.441369
-0.039693 0.931491 0.040136 -0.743267 -0.268786 0.612624
-0.041411 0.924673 0.033231 -0.772730 -0.385883 0.503967
0.053225 0.915010 -0.001205 0.824899 -0.312871 0.470800
0.055446 0.926269 0.000894 0.897005 -0.266925 0.352326
0.041116 0.913587 0.009880 0.959559 -0.255315 0.118580
0.061067 0.928958 -0.018710 0.990857 0.032969 -0.130830
0.057476 0.915860 -0.021052 0.960757 -0.188656 -0.203358
0.043007 0.915443 -0.040014 0.666346 -0.074458 -0.741916
0.019638 0.911991 -0.052921 0.395163 -0.131701 -0.909121
0.051733 0.901877 -0.009012 0.778531 -0.458830 0.428211
0.055533 0.901391 -0.024661 0.906520 -0.297956 -0.299070
0.044169 0.887408 -0.021642 0.676453 -0.731400 -0.086402
0.041237 0.903334 -0.043223 0.610783 -0.255167 -0.749556
0.034437 0.887824 -0.037568 0.465679 -0.685007 -0.560275
0.020402 0.898650 -0.051638 0.366074 -0.294584 -0.882729
0.017192 0.884112 -0.043570 0.296241 -0.687101 -0.663426
-0.043007 0.915443 -0.040014 -0.666346 -0.074458 -0.741916
-0.041237 0.903334 -0.043223 -0.610783 -0.255167 -0.749556
-0.034437 0.887824 -0.037568 -0.465697 -0.684991 -0.560280
-0.012578 0.877485 -0.035208 -0.310143 -0.823726 -0.474644
0.058378 0.940148 -0.008058 0.990064 0.123232 -0.067722
0.057094 0.954582 -0.000997 0.953515 0.300084 -0.027541
0.051161 0.966135 0.007469 0.893635 0.447697 0.031367
0.012578 0.877481 -0.035197 0.310152 -0.823785 -0.474535
0.022345 0.877013 -0.026800 0.424077 -0.859728 -0.284653
0.032979 0.880899 -0.012713 0.491312 -0.785071 0.377194
0.040474 0.889455 -0.009168 0.518233 -0.590222 0.618929
0.033222 0.891763 -0.005490 0.970644 -0.237564 0.037591
-0.055533 0.901391 -0.024661 -0.906520 -0.297956 -0.299070
-0.044169 0.887408 -0.021642 -0.676453 -0.731400 -0.086402
-0.022345 0.877013 -0.026800 -0.424104 -0.859725 -0.284621
-0.047812 0.955918 -0.029032 -0.768101 0.401590 -0.498744
-0.042920 0.967246 -0.019786 -0.765745 0.533272 -0.359521
0.040786 0.890774 -0.004797 0.581904 -0.577317 0.572794
0.036033 0.883904 -0.008440 0.529364 -0.653275 0.541300
0.044516 0.892526 -0.010313 0.724064 -0.625337 0.291007
0.033448 0.890774 -0.001951 0.603001 -0.791390 0.100457
0.045748 0.901790 -0.001379 0.681217 -0.460375 0.569208
0.040942 0.893862 0.001085 0.736344 -0.655286 0.168516
0.035998 0.895562 0.003704 0.482889 -0.327201 0.812255
0.033517 0.888085 0.000634 0.599795 -0.783556 0.162130
0.000763 0.953089 0.067772 -0.131408 -0.177946 0.975227
-0.005517 0.963343 0.067078 -0.036643 0.184417 0.982165
-0.013046 0.964436 0.067651 -0.227691 0.135804 0.964217
0.015006 0.994639 -0.011059 0.182084 0.953473 -0.240281
-0.002446 0.996478 -0.011059 -0.026891 0.942551 -0.332977
0.038739 0.904982 0.008458 0.660812 -0.394806 0.638323
-0.023473 0.964418 -0.040708 -0.484932 0.541093 -0.687066
-0.040786 0.890774 -0.004797 -0.581904 -0.577317 0.572794
-0.044516 0.892526 -0.010313 -0.724064 -0.625337 0.291007
0.045106 0.933885 0.034619 0.871093 -0.215385 0.441369
0.039693 0.931491 0.040136 0.743267 -0.268786 0.612624
0.041411 0.924673 0.033231 0.772730 -0.385883 0.503967
-0.032979 0.880899 -0.012713 -0.581651 -0.708095 -0.400354
-0.040474 0.889455 -0.009168 -0.742598 -0.568852 0.353490
-0.033222 0.891763 -0.005490 -0.969663 -0.073073 -0.233270
-0.040301 0.940512 0.045792 -0.944117 -0.085545 0.318317
-0.040908 0.932774 0.039442 -0.953750 -0.142421 0.264721
-0.037473 0.937077 0.048307 -0.749928 -0.224677 0.622196
-0.051907 0.943531 0.027368 -0.915396 -0.133894 0.379635
-0.054648 0.930866 0.009967 -0.933693 -0.203104 0.294901
-0.010704 0.952760 0.065985 -0.475425 -0.322178 0.818640
-0.007338 0.956177 0.069073 -0.091390 -0.032763 0.995276
0.002741 0.949828 0.068449 -0.012683 -0.117727 0.992965
-0.002845 0.957236 0.067599 0.187267 0.243676 0.951606
-0.045054 0.921689 0.024071 -0.923949 -0.252471 0.287362
-0.045592 0.930606 0.027315 -0.992941 -0.068504 0.096822
0.024670 0.950765 0.063036 0.631744 0.145853 0.761332
0.025953 0.941033 0.062030 0.669396 0.011463 0.742818
0.020627 0.949152 0.064736 0.309441 0.096205 0.946039
0.045054 0.921689 0.024071 0.923949 -0.252471 0.287362
0.045592 0.930606 0.027315 0.992941 -0.068504 0.096822
0.047864 0.932479 0.024089 0.730247 -0.425676 0.534359
-0.047864 0.932479 0.024089 -0.730247 -0.425676 0.534359
-0.036033 0.883904 -0.008440 -0.529364 -0.653275 0.541300
0.043111 0.920214 0.023863 0.897254 -0.184195 0.401257
0.041428 0.935082 0.035226 0.855390 -0.281798 0.434625
0.032910 0.943600 0.053720 0.591413 -0.062159 0.803970
-0.033812 0.940408 0.054587 -0.800969 0.065260 0.595138
0.122376 0.798985 0.022326 0.235336 -0.098993 0.966860
0.118594 0.799194 0.025552 0.940336 -0.301357 -0.157964
0.120329 0.777265 0.011969 0.603214 -0.579076 0.548455
0.124067 0.835412 0.011119 0.769853 -0.619666 -0.152776
0.129697 0.835539 0.011899 -0.053769 0.704992 0.707174
0.126618 0.845942 -0.015737 0.332774 -0.473426 0.815554
0.132837 0.846989 -0.014644 -0.041731 0.923184 0.382086
0.128032 0.829606 -0.042592 0.107635 0.545290 -0.831308
0.167812 0.845428 -0.013568 0.078945 0.996725 0.017512
0.171247 0.825442 -0.043807 0.049728 0.535976 -0.842768
0.227491 0.839876 -0.013586 0.072934 0.988256 -0.134278
0.233216 0.821504 -0.040944 0.096875 0.473948 -0.875208
0.248153 0.819110 -0.039747 0.103183 0.505000 -0.856930
0.234118 0.799818 -0.045039 0.045372 -0.311299 -0.949228
0.251518 0.798795 -0.045837 0.061032 -0.226474 -0.972103
0.246626 0.772269 -0.020664 0.023514 -0.915474 -0.401690
0.267762 0.796626 -0.042261 0.057404 -0.198114 -0.978497
0.270399 0.774073 -0.020974 0.028767 -0.903455 -0.427718
0.328464 0.797719 -0.044047 -0.012965 -0.293308 -0.955930
0.326348 0.774819 -0.021304 0.003887 -0.950227 -0.311534
0.393955 0.797841 -0.045366 0.679641 -0.408352 -0.609374
0.393972 0.774212 -0.022709 0.683241 -0.729552 -0.030598
0.478003 0.797354 -0.024739 0.749130 0.307932 0.586500
0.477326 0.790606 -0.022501 -0.068908 -0.977896 -0.197411
0.472330 0.790450 -0.025658 -0.251561 -0.966734 -0.046289
0.477604 0.805422 -0.025016 0.590304 0.281217 -0.756609
0.469953 0.805144 -0.029856 0.355704 0.722966 -0.592279
0.474447 0.809759 -0.019447 0.598113 0.770586 -0.220132
0.468774 0.818121 -0.009854 0.421279 0.884159 -0.201956
0.476650 0.810314 -0.014225 0.805063 0.531565 -0.263273
0.478437 0.810158 -0.007668 0.782657 0.621642 0.031774
0.482670 0.795325 -0.014260 0.532249 0.074109 -0.843338
0.493478 0.793070 -0.007893 0.843890 0.525379 0.108750
0.489175 0.787154 -0.013358 0.625626 0.268764 -0.732365
0.497607 0.782036 -0.007668 0.960080 0.264349 -0.091467
0.494415 0.778115 -0.012595 0.651918 0.193519 -0.733180
0.499446 0.766804 -0.007147 0.987976 -0.118055 -0.099834
0.498023 0.767706 -0.011189 0.472598 -0.317827 -0.821972
0.497156 0.763299 -0.007008 0.571882 -0.817365 0.069751
0.494224 0.763751 -0.010096 -0.558080 -0.700296 -0.445121
0.008084 0.820665 0.058173 0.586446 0.617634 -0.524032
0.008084 0.816501 0.059682 -0.266389 -0.035565 0.963209
0.017175 0.815148 0.060202 0.833493 0.526816 0.166597
0.013549 0.812754 0.061053 -0.718866 -0.686665 -0.108268
0.019916 0.804392 0.064089 0.671798 -0.390605 -0.629377
0.015475 0.804392 0.064089 -0.687821 -0.242542 -0.684161
0.013896 0.792595 0.068374 0.538616 -0.841071 -0.049922
0.010756 0.795544 0.067298 -0.712717 0.693912 0.102572
0.000000 0.787720 0.070161 0.000000 -0.087515 0.996163
0.000000 0.791883 0.068634 -0.240532 0.866909 0.436592
-0.010756 0.795544 0.067298 0.434505 0.296756 0.850378
-0.010756 0.796845 0.070837 0.283043 0.457551 0.842932
-0.015475 0.805676 0.067628 0.669387 0.401828 0.624864
-0.019916 0.805676 0.067628 -0.687734 0.255321 0.679583
-0.017158 0.816449 0.063742 -0.498709 0.686622 0.528999
-0.017175 0.815148 0.060202 -0.833493 0.526816 0.166597
-0.008084 0.820665 0.058173 -0.586446 0.617634 -0.524032
0.171299 0.774403 0.006781 0.060022 -0.832911 0.550143
0.118022 0.768487 -0.011278 0.419739 -0.906479 0.046001
0.171819 0.799662 0.019827 0.054732 -0.133918 0.989480
0.169894 0.833058 0.013426 0.075444 0.562130 0.823601
0.222997 0.827645 0.007458 0.052868 0.651817 0.756531
0.272359 0.827559 0.009212 -0.021275 0.664307 0.747157
0.271023 0.838627 -0.014971 0.025002 0.990254 -0.137008
0.330737 0.826761 0.012023 -0.017133 0.679109 0.733837
0.331379 0.838904 -0.013410 -0.012540 0.997180 -0.073988
0.396731 0.827056 0.012925 0.686437 0.598610 0.412880
0.396366 0.837048 -0.013809 0.698256 0.676109 -0.235194
-0.017435 0.826390 0.054183 -0.033460 0.944048 0.328107
-0.015596 0.823579 0.050713 0.073285 0.943243 0.323917
-0.036623 0.831785 0.037511 0.318439 0.939844 0.123656
-0.002221 0.822469 0.052170 0.494976 0.804398 0.328546
-0.002949 0.824898 0.056958 0.368589 0.785482 0.497153
0.000000 0.805467 0.068859 -0.000000 0.385268 0.922805
-0.006662 0.805224 0.068564 -0.043324 0.317163 0.947381
0.000000 0.790062 0.068790 -0.000000 0.153444 0.988157
0.000000 0.777866 0.073283 -0.000000 0.237446 0.971401
0.006662 0.805224 0.068564 0.043324 0.317163 0.947381
0.025225 0.777727 0.068929 0.264692 0.281974 0.922187
0.017435 0.826390 0.054183 0.033460 0.944048 0.328108
0.026057 0.802969 0.058259 0.321146 0.375053 0.869598
0.040301 0.834943 0.039627 -0.095189 0.842400 0.530378
0.055741 0.814662 0.043236 0.303701 0.426141 0.852156
0.087445 0.844919 0.012229 0.188626 0.681868 0.706737
-0.040301 0.834943 0.039627 0.095189 0.842401 0.530378
-0.055741 0.814662 0.043236 -0.303701 0.426141 0.852156
-0.026057 0.802969 0.058259 -0.321146 0.375053 0.869598
-0.087445 0.844919 0.012229 -0.188626 0.681868 0.706737
-0.065768 0.852326 0.012529 0.253460 0.889858 0.379355
-0.098661 0.859890 -0.015905 -0.286889 0.953945 0.087657
-0.076698 0.867870 -0.014986 0.011669 0.995442 0.094650
-0.078745 0.854529 -0.041251 -0.350156 0.667312 -0.657333
-0.061778 0.867905 -0.036446 0.094658 0.970866 -0.220136
-0.038722 0.842194 -0.054159 -0.131172 0.434411 -0.891112
-0.033951 0.862631 -0.046144 0.130493 0.981099 -0.142885
0.000000 0.838395 -0.058826 0.000000 0.394885 -0.918730
0.000000 0.859629 -0.051609 0.000000 0.966651 -0.256098
0.033951 0.862631 -0.046144 -0.130493 0.981099 -0.142885
0.000000 0.855101 -0.046612 0.000000 0.982446 -0.186549
0.031869 0.859022 -0.041321 -0.117169 0.974879 -0.189426
0.008084 0.817785 0.063238 -0.527585 -0.526947 0.666319
0.013532 0.814038 0.064592 -0.619160 -0.033317 0.784558
0.015475 0.805676 0.067628 -0.669387 0.401828 0.624864
0.010756 0.796845 0.070837 -0.383779 0.781850 0.491350
0.000000 0.793167 0.072173 0.000000 0.709880 0.704323
-0.013896 0.793896 0.071913 -0.523715 -0.161274 0.836489
-0.019916 0.804392 0.064089 -0.671798 -0.390605 -0.629377
0.000000 0.834752 0.043548 0.000000 0.772996 0.634410
0.000000 0.836487 0.039645 -0.048474 0.778306 0.626012
-0.019968 0.841414 0.027726 -0.181177 0.748607 0.637779
0.019968 0.841414 0.027726 0.185002 0.729165 0.658857
0.023663 0.840563 0.030710 0.056844 0.816973 0.573867
0.038809 0.853679 0.010360 0.022401 0.846251 0.532313
0.044204 0.854928 0.010343 -0.003983 0.838745 0.544511
0.046685 0.865042 -0.010978 -0.052399 0.913467 0.403525
0.052479 0.869154 -0.012089 -0.072657 0.960182 0.269760
0.026960 0.867957 -0.028934 0.084859 0.989032 -0.120890
0.030013 0.869969 -0.032907 0.039137 0.952093 -0.303294
0.000000 0.868755 -0.035058 -0.000000 0.992710 -0.120531
0.000000 0.869848 -0.040159 0.000000 0.894002 -0.448064
-0.030013 0.869969 -0.032907 -0.039137 0.952093 -0.303294
0.008084 0.821948 0.061712 0.524438 0.760713 0.382465
0.017158 0.816449 0.063742 0.498709 0.686622 0.528999
0.019916 0.805676 0.067628 0.687734 0.255321 0.679583
0.013896 0.793896 0.071913 0.523715 -0.161274 0.836488
0.000000 0.789004 0.073700 0.000000 -0.666833 0.745207
-0.013896 0.792595 0.068374 -0.537448 -0.611382 0.580829
0.468635 0.796158 -0.036015 0.121220 -0.132667 -0.983720
0.479651 0.789323 -0.031921 0.064560 -0.393409 -0.917094
0.444208 0.802317 -0.034315 -0.147268 -0.519334 -0.841787
0.448493 0.801016 -0.010842 -0.068648 -0.980711 -0.183012
0.424795 0.792081 0.003245 -0.199954 -0.960998 0.191053
0.441398 0.785940 0.007825 -0.144042 -0.988484 -0.046376
0.424830 0.801640 0.008640 -0.335969 0.048121 0.940643
0.440305 0.795793 0.017314 -0.485082 -0.156866 0.860284
0.444191 0.816941 0.004910 -0.083931 0.768575 0.634230
0.448754 0.794579 0.020905 -0.208978 0.205899 0.955999
0.460603 0.811997 0.008970 0.269445 0.615917 0.740301
0.467594 0.796678 0.021773 0.198712 0.616410 0.761940
-0.248163 0.819110 -0.039747 -0.103260 0.504980 -0.856932
-0.234111 0.799818 -0.045039 -0.045393 -0.311303 -0.949226
-0.251529 0.798795 -0.045837 -0.061434 -0.226478 -0.972077
-0.233226 0.821504 -0.040944 -0.096877 0.473952 -0.875205
-0.227483 0.839876 -0.013586 -0.072952 0.988264 -0.134207
-0.171257 0.825442 -0.043807 -0.049729 0.535992 -0.842757
-0.167805 0.845428 -0.013568 -0.078941 0.996726 0.017501
-0.128042 0.829606 -0.042592 -0.107521 0.545339 -0.831291
-0.132830 0.846989 -0.014644 0.041821 0.923181 0.382084
-0.126618 0.845942 -0.015737 -0.249175 -0.938921 0.237358
-0.129690 0.835539 0.011899 0.043402 0.566026 0.823244
-0.124067 0.835412 0.011119 -0.459591 -0.843676 -0.277465
-0.122386 0.798985 0.022326 -0.234590 -0.098997 0.967040
0.486070 0.786911 0.021218 0.982074 -0.150863 0.113007
0.484023 0.786547 0.016967 0.514049 -0.450828 -0.729731
0.485498 0.792098 0.018650 0.758821 0.427022 -0.491775
0.483503 0.782001 0.021929 0.429743 -0.818961 0.380294
0.483728 0.786616 0.024861 0.459520 -0.137281 0.877494
0.466067 0.790554 0.023369 -0.128917 -0.148114 0.980532
0.484648 0.791057 0.023022 0.488936 0.569377 0.660871
0.469381 0.797823 0.015441 0.570084 0.699017 -0.431716
0.459614 0.790953 0.009906 0.500267 -0.691554 -0.521043
0.462667 0.803149 0.010496 0.187140 -0.010357 0.982279
0.095503 0.722680 -0.042813 0.778069 -0.297463 -0.553285
0.102096 0.718239 -0.007474 0.759042 -0.650901 0.013496
0.097672 0.709565 -0.002651 0.956037 -0.217612 0.196566
0.105566 0.748877 -0.052233 0.375469 -0.444640 -0.813215
0.085094 0.761159 -0.063805 0.340758 -0.152950 -0.927626
0.087853 0.808989 -0.061116 0.241774 0.167393 -0.955785
0.043805 0.775542 -0.073849 0.140072 0.075983 -0.987222
0.041619 0.817299 -0.066459 0.130925 0.341778 -0.930616
0.000000 0.819242 -0.069287 0.000000 0.328100 -0.944643
0.038722 0.842194 -0.054159 0.131172 0.434411 -0.891112
-0.023663 0.840563 0.030710 -0.056844 0.816973 0.573867
-0.061327 0.847208 0.010673 0.272299 0.891599 0.361807
-0.044204 0.854928 0.010343 0.003983 0.838745 0.544511
-0.071285 0.863550 -0.014587 0.242070 0.906358 0.346292
-0.052479 0.869154 -0.012089 0.072657 0.960182 0.269760
-0.057302 0.864470 -0.033236 0.093485 0.995054 0.033588
-0.031869 0.859022 -0.041321 0.117170 0.974879 -0.189426
0.090932 0.840980 -0.044848 0.214084 0.580777 -0.785408
0.137877 0.831543 -0.044657 0.569735 -0.555744 0.605435
0.130868 0.795545 -0.055673 0.621489 -0.003005 -0.783417
0.143810 0.850384 -0.015459 0.779148 -0.127612 -0.613713
0.115549 0.857358 -0.015772 0.185098 0.981180 0.055000
0.138866 0.836990 0.014154 0.449100 0.618333 0.644960
0.094159 0.844312 0.013062 0.061491 0.770600 0.634346
0.090012 0.815444 0.033220 0.190615 0.392820 0.899643
0.443722 0.817115 -0.026144 0.090625 0.777591 -0.622205
0.424899 0.806116 -0.028902 -0.126172 -0.371757 -0.919716
0.443688 0.820237 -0.010946 0.161626 0.985632 -0.049069
0.469832 0.814599 0.003661 0.381032 0.767049 0.516189
0.477431 0.809603 -0.001873 0.869327 0.487304 0.082495
0.480623 0.797459 -0.002342 0.866925 0.352159 0.352740
0.012699 0.801894 0.062388 0.484625 -0.102314 0.868718
0.012578 0.805363 0.061139 -0.001581 0.999666 -0.025776
0.013358 0.804652 0.069952 0.055813 -0.784869 0.617143
0.013237 0.808122 0.068686 -0.246508 0.936100 0.250899
0.021391 0.804652 0.069241 0.332753 -0.571501 0.750108
0.021287 0.808122 0.067992 0.531552 0.844325 -0.067580
0.020731 0.801894 0.061694 0.858507 -0.243694 0.451197
0.020627 0.805363 0.060428 0.285313 0.936239 0.205071
0.396661 0.799038 0.023230 0.693838 0.075502 0.716162
0.328516 0.799975 0.022276 -0.028365 -0.164629 0.985948
0.271579 0.797511 0.019465 -0.040463 -0.147959 0.988165
0.221193 0.803097 0.016722 0.019513 -0.122087 0.992328
0.014191 0.805866 0.062388 -0.246482 0.936369 0.249918
0.014607 0.807619 0.067177 -0.534165 0.845023 0.024580
0.019691 0.807619 0.066726 0.286212 0.935858 0.205555
0.019274 0.805866 0.061955 0.529469 0.845572 -0.068351
0.014295 0.802397 0.063655 -0.768419 -0.241077 0.592802
0.014712 0.804149 0.068426 -0.198387 -0.571692 0.796122
0.019795 0.804149 0.067975 0.577074 -0.663938 0.475576
0.019378 0.802397 0.063204 0.332489 -0.570829 0.750736
0.171160 0.769667 -0.025921 0.039231 -0.900692 -0.432684
0.120797 0.776051 -0.032513 0.338987 -0.703173 -0.625009
0.226363 0.772945 -0.023665 0.050488 -0.967193 -0.248977
0.223813 0.776918 0.002080 0.026459 -0.813675 0.580718
0.271856 0.777352 0.005084 -0.002995 -0.873925 0.486052
-0.130868 0.795545 -0.055673 -0.621489 -0.003005 -0.783417
-0.105566 0.748877 -0.052233 -0.375469 -0.444640 -0.813215
-0.118230 0.752277 -0.049336 -0.842426 0.071616 0.534032
-0.087853 0.808989 -0.061116 -0.207622 0.172199 -0.962933
-0.090932 0.840980 -0.044848 -0.199535 0.549442 -0.811356
-0.043805 0.775542 -0.073849 -0.134027 0.133412 -0.981956
-0.041619 0.817299 -0.066459 -0.163344 0.319881 -0.933271
0.008622 0.815078 0.059890 0.668000 -0.739077 -0.086841
0.008622 0.816553 0.063950 0.407052 -0.111373 0.906590
0.005257 0.822938 0.061694 -0.409468 0.657668 0.632304
0.005257 0.816553 0.063950 0.000000 -0.689252 0.724522
0.005257 0.821463 0.057635 0.000000 0.689218 -0.724554
0.005257 0.815078 0.059890 0.409474 -0.657585 -0.632386
0.395620 0.779469 0.006523 0.671614 -0.572521 0.470271
0.326695 0.779815 0.006107 0.003798 -0.854211 0.519913
0.425402 0.822805 -0.009281 0.077379 0.973885 0.213448
0.425402 0.819075 -0.024444 0.074966 0.641127 -0.763765
0.404884 0.807278 -0.029457 0.025007 -0.440172 -0.897565
0.464731 0.795932 0.006194 -0.002993 -0.973964 0.226683
0.478975 0.796747 0.009160 0.160495 -0.004947 0.987024
0.478194 0.791630 0.006714 -0.314802 -0.737870 0.597032
0.484942 0.787310 0.005621 -0.526449 -0.598851 0.603514
0.479079 0.790086 0.000000 -0.449884 -0.869812 -0.202563
0.483381 0.787709 -0.000780 -0.675493 -0.459389 -0.576776
0.481108 0.795759 -0.002931 0.206009 0.150587 -0.966894
0.485220 0.789756 -0.003209 -0.007463 0.026812 -0.999613
-0.015475 0.804392 0.064089 0.943098 -0.106171 -0.315109
-0.013549 0.812754 0.061053 0.718866 -0.686665 -0.108268
-0.008084 0.816501 0.059682 0.266389 -0.035565 0.963209
0.011780 0.845629 0.028316 0.509567 0.053475 0.858768
0.000000 0.842437 0.033885 0.147870 0.240118 0.959415
0.023282 0.851007 0.019538 0.687916 0.112623 0.716999
0.034558 0.858120 0.007827 0.575245 0.523763 0.628303
0.033812 0.875208 0.008122 0.973120 0.001014 0.230296
0.037403 0.867020 -0.010822 0.745286 0.642345 -0.178723
0.033396 0.880118 -0.010683 0.878342 0.067572 -0.473233
0.013948 0.886190 -0.025395 0.548560 0.058813 -0.834040
0.479547 0.789843 -0.003400 -0.311749 -0.874555 0.371438
0.479235 0.807226 0.004199 0.733159 0.643297 0.220559
-0.090012 0.815444 0.033220 -0.190615 0.392820 0.899643
-0.094159 0.844312 0.013062 -0.061491 0.770600 0.634346
-0.115549 0.857358 -0.015772 -0.185098 0.981180 0.055000
-0.143810 0.850384 -0.015459 -0.779148 -0.127612 -0.613713
0.487076 0.773049 -0.021859 -0.441255 -0.680442 0.585058
0.487926 0.772217 -0.027098 0.040350 -0.816634 -0.575743
0.491205 0.773240 -0.023906 0.825148 -0.520193 0.220297
0.484006 0.781897 -0.030255 -0.198272 -0.257723 -0.945657
0.480623 0.780700 -0.023923 -0.787048 -0.462989 0.407672
0.475973 0.788264 -0.025363 -0.814423 -0.496639 0.300110
0.478870 0.791144 -0.022900 -0.189898 0.102139 0.976476
-0.043597 0.780035 0.065581 -0.261332 0.313577 0.912894
-0.083550 0.778143 0.046861 -0.477321 0.173289 0.861473
-0.106086 0.751097 0.034544 -0.484177 -0.326408 0.811807
-0.131302 0.797523 0.034175 -0.913262 -0.370363 0.169658
-0.116096 0.749345 0.029999 -0.850605 0.053327 -0.523093
0.267311 0.817965 -0.038340 0.009614 0.587002 -0.809529
0.330824 0.824939 -0.039606 -0.029529 0.592527 -0.805009
0.394527 0.825164 -0.039589 0.680576 0.236336 -0.693514
-0.118015 0.768487 -0.011278 -0.419791 -0.906454 0.046011
-0.171170 0.769667 -0.025921 -0.039237 -0.900693 -0.432680
-0.120790 0.776051 -0.032513 -0.339010 -0.703185 -0.624982
-0.171292 0.774403 0.006781 -0.060024 -0.832904 0.550153
-0.120322 0.777265 0.011969 -0.602949 -0.579196 0.548621
-0.118587 0.799194 0.025552 -0.940294 -0.301693 -0.157572
0.123547 0.831144 -0.042263 0.427171 0.089293 -0.899751
0.118377 0.797644 -0.047676 0.726044 -0.512869 0.458067
0.131302 0.797523 0.034175 0.913283 -0.370274 0.169738
0.452605 0.785315 0.017366 -0.231408 -0.923663 0.305447
0.474551 0.794145 -0.013115 -0.449852 -0.891982 0.044724
0.000000 0.745528 0.081229 0.000000 0.231569 0.972818
0.000000 0.731892 0.085011 -0.061347 0.113109 0.991687
0.041047 0.729655 0.076423 0.328959 0.107441 0.938212
-0.041047 0.729655 0.076423 -0.362954 0.099630 0.926466
-0.024583 0.759338 0.073873 -0.170690 0.224156 0.959489
-0.025225 0.777727 0.068929 -0.264692 0.281974 0.922187
0.479235 0.790918 -0.014971 -0.443286 -0.891876 -0.089754
0.483156 0.786581 -0.014364 -0.745225 -0.490847 0.451341
0.484283 0.786859 -0.020471 -0.425352 -0.463268 -0.777469
0.487493 0.780128 -0.020332 -0.648462 -0.368800 -0.665945
0.490997 0.782296 -0.021460 0.388579 0.002981 -0.921411
0.494207 0.774767 -0.019950 0.535659 -0.319063 -0.781836
0.013705 0.805363 0.066483 0.073600 -0.150750 0.985828
-0.026335 0.804271 0.068721 -0.273820 -0.315718 0.908485
0.013567 0.803420 0.064921 0.095216 0.023672 0.995175
-0.026266 0.805173 0.069432 -0.444669 0.652788 0.613300
0.013497 0.805849 0.064037 0.043437 0.866388 0.497479
-0.026370 0.805398 0.068304 -0.279257 0.589402 0.758037
-0.138866 0.836990 0.014154 -0.449100 0.618333 0.644960
-0.102321 0.754012 0.025315 -0.955764 -0.068219 -0.286116
-0.097863 0.729256 -0.010926 -0.992094 0.124869 0.012535
0.106086 0.751097 0.034544 0.484177 -0.326408 0.811807
0.083550 0.778143 0.046861 0.477321 0.173289 0.861473
0.097273 0.740862 0.041171 0.768457 -0.271616 0.579395
0.079092 0.724190 0.052708 0.679084 -0.083710 0.729272
0.122758 0.795811 -0.048057 -0.063181 -0.103555 -0.992615
0.172825 0.794840 -0.047745 0.034022 -0.271681 -0.961786
0.057302 0.864470 -0.033236 -0.093485 0.995054 0.033588
0.071285 0.863550 -0.014587 -0.242070 0.906358 0.346292
0.061327 0.847208 0.010673 -0.272299 0.891599 0.361807
0.036623 0.831785 0.037511 -0.318439 0.939844 0.123656
-0.005257 0.816553 0.063950 0.665362 -0.514541 0.540871
-0.008622 0.815078 0.059890 0.000000 -0.993168 -0.116697
-0.005257 0.815078 0.059890 0.409474 -0.657585 -0.632386
-0.008622 0.816553 0.063950 0.407052 -0.111373 0.906590
-0.005257 0.822938 0.061694 0.409468 0.657668 0.632304
-0.008622 0.822938 0.061694 -0.130030 0.885849 0.445380
-0.005257 0.821463 0.057635 0.665328 0.514537 -0.540916
-0.013532 0.814038 0.064592 0.619160 -0.033317 0.784558
-0.008084 0.817785 0.063238 0.527585 -0.526947 0.666319
-0.079092 0.724190 0.052708 -0.751730 -0.067242 0.656034
-0.097273 0.740862 0.041171 -0.768457 -0.271616 0.579395
-0.097672 0.709565 -0.002651 -0.967245 -0.250063 0.043658
-0.102096 0.718239 -0.007474 -0.759043 -0.650901 0.013496
0.481993 0.797129 -0.013982 0.582175 0.571096 0.578724
0.490962 0.794857 -0.016966 0.795595 0.543599 0.267448
0.486938 0.788923 -0.022587 0.323618 0.007467 -0.946158
0.048055 0.727330 -0.069963 0.263278 -0.125470 -0.956526
0.000000 0.779948 -0.076868 0.000000 0.010614 -0.999944
0.002949 0.824898 0.056958 -0.368589 0.785482 0.497153
0.002221 0.822469 0.052170 -0.494976 0.804398 0.328546
0.015596 0.823579 0.050713 -0.073285 0.943243 0.323917
0.406133 0.794804 -0.000260 -0.073422 -0.941809 0.328032
0.406463 0.808909 0.007217 -0.033433 0.240811 0.969996
0.372235 0.808718 0.007269 0.001281 -0.096795 0.995304
0.372443 0.825407 -0.009056 0.007850 0.890287 0.455332
-0.026595 0.868078 0.023198 -0.810699 -0.283535 0.512226
-0.011780 0.845629 0.028316 -0.463618 0.136973 0.875384
-0.011502 0.861017 0.032792 -0.504999 -0.464109 0.727722
-0.023282 0.851007 0.019538 -0.621688 0.128042 0.772729
-0.034558 0.858120 0.007827 -0.670117 0.421063 0.611268
-0.038809 0.853679 0.010360 -0.022401 0.846251 0.532313
0.491240 0.795706 0.001007 0.835904 0.546514 -0.050867
0.493998 0.786061 -0.000138 0.867004 0.297068 -0.400069
0.488933 0.782748 -0.003556 0.016328 0.072966 -0.997201
0.496791 0.774593 -0.000555 0.923203 -0.006606 -0.384256
0.406932 0.824904 -0.009003 0.052874 0.981205 0.185584
0.370708 0.822042 -0.026231 0.011995 0.848115 -0.529677
0.486556 0.785107 -0.011068 -0.528875 -0.549030 -0.647191
0.479773 0.789635 -0.012265 -0.371641 -0.854864 -0.362064
0.485983 0.784656 -0.004059 -0.669246 -0.675941 -0.308567
-0.020471 0.872658 -0.026713 -0.483059 0.622030 -0.616225
-0.046685 0.865042 -0.010978 -0.028333 0.943706 0.329569
-0.037403 0.867020 -0.010822 -0.785457 0.618145 0.030902
-0.026960 0.867957 -0.028934 -0.046005 0.986153 -0.159331
0.000000 0.873178 -0.033132 -0.070273 0.374481 -0.924568
0.494640 0.771002 0.000261 0.588329 -0.800009 -0.117704
0.495941 0.775721 0.004372 0.842242 -0.150150 0.517768
0.493044 0.771957 0.004008 -0.055549 -0.609656 0.790717
0.494085 0.775583 -0.004059 0.231025 -0.266547 -0.935724
0.043597 0.780035 0.065581 0.261332 0.313577 0.912894
0.489089 0.778341 -0.020905 0.475881 0.131063 0.869690
0.491639 0.777369 -0.024131 0.944257 0.329202 -0.002266
0.490581 0.777560 -0.027896 0.781778 0.008507 -0.623499
0.489974 0.771350 -0.012942 -0.379870 -0.595132 0.708178
0.490338 0.770742 -0.019066 -0.504746 -0.726262 -0.466664
0.493044 0.770326 -0.015769 0.571069 -0.814164 0.104965
0.486833 0.780422 -0.013098 -0.820990 -0.303391 0.483663
0.489835 0.782748 -0.011172 0.170069 0.085849 0.981686
0.486747 0.790034 -0.011745 -0.127190 0.112128 0.985520
0.492680 0.783996 0.005535 0.548439 0.091657 0.831152
0.488967 0.790346 0.006801 0.262954 0.049126 0.963557
0.493426 0.775322 -0.011692 0.609088 -0.190704 0.769834
0.495352 0.773830 -0.015769 0.994782 -0.097254 -0.030845
0.494241 0.764341 -0.004076 -0.344854 -0.584826 0.734203
0.490789 0.776224 -0.003625 -0.903289 -0.337422 0.264982
0.493981 0.778497 -0.001891 0.268806 0.063494 0.961100
0.489783 0.788160 -0.001700 0.796382 0.557009 0.235621
0.490910 0.771367 -0.001821 -0.560381 -0.794101 -0.235321
0.488499 0.780804 0.005413 -0.508600 -0.359286 0.782457
0.468565 0.789236 0.012439 0.190057 -0.301472 -0.934341
0.465981 0.782921 0.019396 -0.086037 -0.992834 -0.082931
0.486192 0.780457 -0.001648 -0.834349 -0.385444 -0.394074
0.102391 0.757256 -0.043160 0.961586 -0.118735 0.247495
0.097863 0.729256 -0.010926 0.992104 0.124790 0.012534
-0.095503 0.722680 -0.042813 -0.699412 -0.321269 -0.638443
-0.108810 0.720321 -0.010683 -0.715507 -0.698488 0.012812
-0.033812 0.875208 0.008122 -0.985417 0.045549 0.163946
-0.033396 0.880118 -0.010683 -0.858949 0.119400 -0.497946
0.065768 0.852326 0.012529 -0.253460 0.889858 0.379355
0.098661 0.859890 -0.015905 0.286889 0.953945 0.087657
0.076698 0.867870 -0.014986 -0.011669 0.995442 0.094650
0.078745 0.854529 -0.041251 0.350156 0.667311 -0.657333
0.061778 0.867905 -0.036446 -0.094658 0.970866 -0.220136
0.000000 0.822469 0.052170 0.000000 0.550592 0.834774
0.000000 0.802900 0.064279 0.000000 0.604785 0.796389
0.483121 0.795498 -0.027480 0.797121 0.594184 0.107439
-0.048055 0.727330 -0.069963 -0.217505 -0.117874 -0.968915
-0.085094 0.761159 -0.063805 -0.340758 -0.152950 -0.927626
-0.123547 0.831144 -0.042263 -0.426802 0.089437 -0.899912
-0.122751 0.795811 -0.048057 0.063258 -0.103534 -0.992612
-0.118377 0.797644 -0.047676 -0.725963 -0.512859 0.458206
-0.169904 0.833058 0.013426 -0.075439 0.562145 0.823591
-0.223008 0.827645 0.007458 -0.052916 0.651828 0.756519
-0.221203 0.803097 0.016722 -0.019561 -0.122101 0.992325
-0.172836 0.794840 -0.047745 -0.034027 -0.271684 -0.961785
0.490997 0.775964 -0.011259 -0.705143 -0.341569 -0.621372
0.487198 0.786408 -0.025866 0.872570 0.487993 -0.022004
0.482774 0.782973 -0.021928 -0.014635 0.148495 0.988805
0.497763 0.768244 -0.003036 0.657559 -0.207023 0.724401
0.372148 0.794787 -0.000190 0.000736 -0.999135 0.041573
-0.226373 0.772945 -0.023665 -0.050492 -0.967191 -0.248984
-0.223806 0.776918 0.002080 -0.026483 -0.813671 0.580723
-0.246636 0.772269 -0.020664 -0.023595 -0.915451 -0.401737
-0.102391 0.757256 -0.043160 -0.961564 -0.118692 0.247601
-0.137877 0.831543 -0.044657 -0.569735 -0.555743 0.605435
0.118230 0.752277 -0.049336 0.842426 0.071616 0.534032
0.108810 0.720321 -0.010683 0.715507 -0.698488 0.012812
0.493755 0.786009 -0.016325 0.962843 0.269585 -0.016033
0.405266 0.821626 -0.026178 0.074778 0.708071 -0.702171
0.370569 0.807278 -0.029457 0.001699 -0.201996 -0.979385
-0.171812 0.799663 0.019827 -0.054732 -0.133919 0.989480
0.116096 0.749345 0.029999 0.850649 0.053283 -0.523026
0.020454 0.872658 -0.026713 0.480314 0.484973 -0.730821
0.000000 0.887612 -0.032525 0.067309 0.021917 -0.997491
0.026595 0.868078 0.023198 0.814296 -0.324992 0.480939
0.011502 0.861017 0.032792 0.499339 -0.415211 0.760435
0.024583 0.759338 0.073873 0.170690 0.224156 0.959489
0.102321 0.754012 0.025315 0.955773 -0.068325 -0.286060
0.373657 0.806931 -0.017192 0.999119 -0.041521 -0.006026
0.000000 0.733627 -0.073034 0.033308 -0.077340 -0.996448
-0.013948 0.886190 -0.025395 -0.475033 0.014397 -0.879850
0.000000 0.856771 0.036528 -0.107495 -0.384802 0.916718
0.000000 0.859841 0.039008 -0.000000 -0.976496 0.215536
-0.020853 0.871135 0.035053 -0.656469 -0.750991 0.071136
-0.029822 0.877121 0.024401 -0.866283 -0.493558 0.077157
-0.034402 0.886541 0.008891 -0.972411 -0.233101 0.008993
-0.034315 0.886992 0.021191 -0.901640 -0.387501 -0.192063
-0.038982 0.904670 0.017999 -0.949402 -0.286777 -0.128040
-0.037421 0.888796 0.027073 -0.961842 -0.271045 -0.037336
-0.039485 0.903161 0.026136 -0.852485 -0.371560 0.367714
-0.038774 0.903074 0.032572 -0.971382 -0.160605 0.174995
-0.037265 0.909510 0.043311 -0.942624 -0.145010 0.300718
-0.036640 0.920232 0.047526 -0.906418 -0.075636 0.415554
-0.031834 0.905884 0.055281 -0.779743 -0.134747 0.611428
-0.031036 0.916189 0.056634 -0.573974 0.057851 0.816827
-0.023872 0.904653 0.060607 -0.377942 -0.027948 0.925407
-0.023403 0.913847 0.060555 -0.288281 0.084067 0.953848
-0.016897 0.913570 0.061544 -0.174890 0.088932 0.980563
-0.021495 0.916814 0.060642 -0.279539 0.024608 0.959819
-0.015752 0.916814 0.061475 -0.086025 0.012992 0.996208
-0.018684 0.920578 0.061613 -0.253713 -0.078672 0.964075
-0.014035 0.921550 0.061718 -0.076317 0.471487 0.878564
-0.019448 0.926529 0.031132 -0.309977 -0.950477 0.022529
-0.009611 0.922435 0.061388 -0.381796 0.014280 0.924136
-0.012265 0.926112 0.062984 -0.450239 -0.622776 0.639870
-0.005343 0.922521 0.062810 -0.561655 -0.225050 0.796176
-0.009368 0.927049 0.064112 -0.297499 -0.563870 0.770419
-0.006974 0.928646 0.067356 -0.319281 -0.596965 0.735997
-0.015388 0.928264 0.063088 -0.136602 -0.866243 0.480586
-0.013757 0.929461 0.066801 -0.166334 -0.605731 0.778089
-0.021391 0.929565 0.065361 -0.243536 -0.533608 0.809909
-0.021755 0.932896 0.065985 -0.339005 -0.056124 0.939109
-0.029059 0.932306 0.061319 -0.636139 -0.015761 0.771414
-0.021634 0.936748 0.065257 -0.482705 0.205657 0.851294
-0.030377 0.962059 0.049973 -0.712329 0.238288 0.660156
-0.021044 0.970924 0.054431 0.045170 -0.402813 -0.914167
-0.010669 0.959873 0.064164 0.308036 -0.733351 -0.606061
-0.010669 0.974463 0.058074 0.413105 -0.351747 -0.840011
0.000000 0.960307 0.066332 -0.000000 0.154256 0.988031
0.000000 0.974897 0.060260 0.000000 0.384228 0.923238
0.010669 0.974463 0.058074 -0.413105 -0.351747 -0.840011
-0.011224 0.936331 0.068310 -0.213695 0.100690 0.971697
0.000000 0.933139 0.069941 0.000000 -0.040868 0.999165
0.011224 0.936331 0.068310 0.213695 0.100690 0.971697
0.006211 0.931525 0.068692 0.212736 -0.218930 0.952267
0.013081 0.932566 0.068050 0.166765 -0.209479 0.963487
0.006974 0.928646 0.067356 0.319281 -0.596965 0.735997
0.013757 0.929461 0.066801 0.166334 -0.605731 0.778089
0.015388 0.928264 0.063088 0.136602 -0.866243 0.480586
0.021391 0.929565 0.065361 0.243536 -0.533608 0.809909
0.020090 0.926963 0.062758 -0.132689 -0.843147 0.521053
0.026318 0.928038 0.062290 0.390076 -0.459631 0.797859
0.023681 0.924794 0.060954 0.003789 -0.847854 0.530216
0.029753 0.926390 0.058803 0.588459 -0.438103 0.679545
0.025867 0.923753 0.058439 0.405434 -0.646431 0.646336
0.032199 0.924638 0.055351 0.694858 -0.232873 0.680399
0.030585 0.921654 0.056409 0.576881 0.034636 0.816093
0.036640 0.920232 0.047526 0.906418 -0.075636 0.415554
0.031036 0.916189 0.056634 0.573974 0.057851 0.816827
0.031834 0.905884 0.055281 0.779743 -0.134747 0.611428
0.023872 0.904653 0.060607 0.377942 -0.027948 0.925407
0.024409 0.895805 0.058959 0.540817 -0.255437 0.801417
0.014729 0.899327 0.062967 0.211330 -0.096874 0.972602
0.018216 0.890670 0.060573 0.403530 -0.266868 0.875183
0.011190 0.899760 0.063556 0.524016 -0.192335 0.829708
0.016273 0.890097 0.061145 0.450779 -0.158194 0.878506
0.012595 0.889230 0.063036 0.404448 0.074097 0.911555
0.013462 0.886767 0.062411 0.475786 -0.266471 0.838225
0.007078 0.888761 0.065968 0.381186 0.003754 0.924491
0.007200 0.886610 0.065048 0.181304 -0.638677 0.747810
0.004060 0.888952 0.066887 0.161635 -0.166277 0.972741
0.004268 0.887079 0.065621 0.073727 -0.800838 0.594326
0.000000 0.886333 0.065482 0.000000 -0.673546 0.739145
0.000000 0.885014 0.063036 0.000000 -0.202656 0.979250
-0.004268 0.887079 0.065621 -0.073727 -0.800838 0.594326
-0.003834 0.885396 0.062654 -0.199408 -0.148668 0.968573
-0.007876 0.885118 0.061388 -0.194018 -0.360235 0.912462
0.006697 0.890063 0.065517 0.363303 0.239045 0.900482
0.003435 0.890739 0.066436 -0.038415 0.143403 0.988919
0.000000 0.888519 0.066853 -0.000000 0.104906 0.994482
0.000000 0.890427 0.065447 0.000000 0.227969 0.973668
-0.003435 0.890739 0.066436 0.038415 0.143403 0.988919
0.000000 0.894990 0.066245 0.000000 -0.319138 0.947708
-0.002377 0.895336 0.066870 -0.204620 -0.222345 0.953254
0.000000 0.897071 0.067824 0.000000 -0.763479 0.645833
-0.002151 0.897418 0.067737 -0.378500 -0.696887 0.609169
-0.002186 0.898893 0.071016 -0.434887 -0.810573 0.392230
-0.010895 0.900628 0.065257 -0.657353 -0.597939 0.458645
-0.008327 0.903768 0.070600 -0.802340 -0.161952 0.574475
-0.011589 0.904687 0.064355 -0.960678 0.168119 0.220984
-0.008275 0.907636 0.069264 -0.797180 0.400131 0.452105
-0.008275 0.909927 0.064684 -0.718021 0.340719 0.606924
-0.006159 0.910534 0.067859 -0.832102 0.361965 0.420223
-0.007182 0.914906 0.064996 -0.757843 0.257569 0.599443
-0.011242 0.919156 0.061492 -0.091860 0.094791 0.991250
-0.008154 0.918306 0.062377 -0.376000 0.263702 0.888305
-0.003105 0.924309 0.067304 -0.671885 -0.027650 0.740139
-0.003608 0.917040 0.071346 -0.679536 0.343595 0.648208
0.000000 0.924603 0.068622 -0.000000 0.133568 0.991040
0.000000 0.917335 0.072838 -0.000000 0.477933 0.878397
0.003608 0.917040 0.071346 0.679536 0.343595 0.648208
0.003504 0.909180 0.075562 0.682325 0.410153 0.605150
0.006159 0.910534 0.067859 0.832102 0.361965 0.420223
0.008275 0.907636 0.069264 0.797180 0.400131 0.452105
0.008275 0.909927 0.064684 0.718021 0.340719 0.606924
0.011589 0.904687 0.064355 0.960678 0.168119 0.220984
0.011658 0.903958 0.063418 0.600743 0.061250 0.797093
-0.017210 0.550067 0.087110 -0.661296 -0.095298 -0.744047
0.000000 0.594115 0.079546 -0.622710 -0.055183 0.780504
0.000069 0.590420 0.073491 -0.431777 -0.166807 0.886422
-0.017765 0.550258 0.091013 -0.652489 -0.006173 0.757773
-0.007859 0.531209 0.088723 -0.586285 -0.755829 -0.291535
-0.007963 0.532198 0.092540 -0.060046 -0.784334 0.617426
0.013549 0.538027 0.086555 0.473960 -0.815455 -0.332257
0.012040 0.539016 0.090458 0.586567 -0.244308 0.772174
0.027983 0.577790 0.074914 0.772888 -0.542485 -0.329171
0.026491 0.577981 0.079078 0.392334 -0.636167 0.664354
0.038687 0.605999 0.079321 0.805295 -0.409755 -0.428486
0.038132 0.606189 0.083848 0.792343 0.487615 0.366639
0.042504 0.624822 0.066986 0.775907 0.482719 0.406140
0.042764 0.630564 0.067714 0.835548 -0.244101 0.492213
0.044603 0.624683 0.052639 0.587523 -0.631579 0.505890
0.018112 0.641737 0.082218 -0.456814 0.082710 0.885709
0.017435 0.637694 0.068079 0.069899 0.995492 0.064110
0.014885 0.639169 0.079962 -0.522832 0.826429 -0.208955
0.044370 0.173016 -0.020321 -0.990488 -0.133973 0.031388
0.053426 0.207540 0.011756 -0.748273 -0.189619 0.635714
0.042636 0.211357 -0.015290 -0.993783 -0.078057 -0.079394
0.057902 0.168176 0.008426 -0.754041 -0.181372 0.631290
0.053201 0.129437 -0.025924 -0.975589 -0.182980 0.121424
0.065882 0.122203 0.003741 -0.675215 -0.148775 0.722462
0.071191 0.078658 0.002163 -0.764633 -0.031124 0.643714
0.088835 0.119201 0.015296 0.044737 -0.085974 0.995292
0.090864 0.077999 0.012416 0.179280 0.043181 0.982850
0.110034 0.081121 -0.000995 0.750106 0.030574 0.660610
0.115248 0.053225 -0.000865 0.803358 0.310168 0.508342
0.118709 0.085198 -0.028058 0.994109 0.008695 -0.108039
0.123662 0.055463 -0.030375 0.916791 0.136684 -0.375250
0.089962 0.085580 -0.052225 0.119762 -0.135727 -0.983481
0.092382 0.057094 -0.052407 -0.110090 0.056007 -0.992342
0.061962 0.082128 -0.029169 -0.902306 -0.120203 -0.413999
0.060531 0.051924 -0.029924 -0.984605 0.062969 -0.163060
0.047146 0.246626 0.021957 -0.619148 -0.474110 0.626000
0.018209 0.266976 -0.012844 -0.840880 -0.523468 -0.137487
0.035124 0.250894 -0.008298 -0.919867 -0.387597 -0.060108
0.027478 0.268770 0.020729 -0.786489 -0.370123 0.494414
0.051107 0.270574 0.038494 -0.439599 -0.425940 0.790777
0.040039 0.295538 0.046093 -0.522929 -0.260464 0.811605
0.070329 0.297308 0.055565 0.017205 -0.234607 0.971938
0.068455 0.370015 0.068299 0.134189 -0.089393 0.986915
0.098399 0.301853 0.046734 0.500902 -0.163889 0.849846
0.108739 0.376938 0.042189 0.827157 0.007362 0.561923
0.123415 0.307353 0.026888 0.807199 -0.042999 0.588711
0.131517 0.340003 -0.011175 0.989722 0.117966 -0.080830
0.136843 0.309625 -0.012198 0.998777 -0.014483 -0.047269
0.110838 0.303380 -0.049428 0.657237 -0.104223 -0.746443
0.131321 0.274418 -0.011022 0.883570 -0.443070 -0.151634
0.105264 0.262240 -0.037322 0.638054 -0.254341 -0.726772
0.117303 0.257972 -0.007067 0.966589 -0.253755 -0.036250
0.009750 0.861056 0.056739 0.440115 -0.591703 0.675415
0.000000 0.860501 0.059618 0.000000 -0.706366 0.707847
0.000000 0.857309 0.051725 -0.000000 -0.999180 0.040500
0.000000 0.866590 0.061978 0.000000 -0.214340 0.976759
0.009264 0.867197 0.058959 0.404377 -0.086347 0.910507
0.000000 0.877242 0.061475 -0.000000 0.067003 0.997753
0.008241 0.876062 0.059063 0.338103 -0.069014 0.938575
0.000000 0.879862 0.061128 -0.000000 -0.484095 0.875015
0.004771 0.879584 0.060833 0.167372 -0.665021 0.727828
0.000000 0.880781 0.063452 -0.000000 -0.598401 0.801197
0.005291 0.881041 0.062758 0.202904 -0.531138 0.822631
0.005031 0.884390 0.063435 0.181310 0.304843 0.934985
0.011606 0.881562 0.060989 0.318704 -0.377075 0.869622
0.010912 0.884546 0.061665 0.291323 0.624139 0.724970
0.014694 0.884633 0.059636 0.394593 0.516006 0.760285
0.013168 0.884928 0.059445 0.313470 0.551411 0.773099
0.019239 0.884372 0.056929 0.577537 -0.201591 0.791083
-0.011589 0.915582 0.062151 -0.285261 0.202694 0.936772
-0.012873 0.906787 0.063626 -0.209073 0.047687 0.976737
-0.014729 0.899327 0.062967 -0.211330 -0.096874 0.972602
-0.024409 0.895805 0.058959 -0.540817 -0.255437 0.801417
-0.018216 0.890670 0.060573 -0.403530 -0.266868 0.875183
-0.024062 0.883834 0.052124 -0.731384 -0.323424 0.600395
-0.019239 0.884372 0.056929 -0.577537 -0.201591 0.791083
-0.018893 0.878422 0.056027 -0.506581 -0.359206 0.783803
-0.016186 0.882811 0.059237 -0.493709 -0.051733 0.868087
-0.011606 0.881562 0.060989 -0.318704 -0.377075 0.869622
-0.014694 0.884633 0.059636 -0.394593 0.516006 0.760285
-0.010912 0.884546 0.061665 -0.291323 0.624139 0.724970
-0.013168 0.884928 0.059445 -0.313470 0.551411 0.773099
-0.054212 0.479294 -0.088844 -0.148104 0.141062 -0.978860
-0.076193 0.445707 -0.085825 -0.369872 -0.410709 -0.833374
-0.074406 0.478860 -0.082529 -0.398606 0.151456 -0.904530
-0.054525 0.445742 -0.092435 -0.104987 -0.293159 -0.950282
0.054108 0.479242 -0.088393 0.114484 0.132468 -0.984553
0.054767 0.445742 -0.091967 0.141163 -0.399953 -0.905600
0.074406 0.478860 -0.082529 0.376105 0.148308 -0.914631
0.076193 0.445707 -0.085825 0.366360 -0.483957 -0.794711
0.111462 0.478686 -0.060392 0.708814 0.186865 -0.680194
0.115990 0.445655 -0.062023 0.774549 -0.317197 -0.547229
0.122080 0.478444 -0.031212 0.915233 0.201522 -0.348908
0.127510 0.445551 -0.031594 0.857370 -0.429094 -0.284245
0.129036 0.478131 -0.006404 0.981910 0.184920 -0.040723
0.135091 0.445429 -0.006959 0.904520 -0.426425 -0.002271
0.127510 0.445117 0.017450 0.892194 -0.346992 0.289112
0.129314 0.442046 -0.006924 0.899547 -0.436806 -0.004045
0.111358 0.441335 0.044878 0.689575 -0.445176 0.571231
-0.003504 0.909180 0.075562 -0.682325 0.410153 0.605150
-0.005239 0.905555 0.073740 -0.864089 0.095151 0.494264
-0.003574 0.902189 0.076134 -0.627322 -0.558795 0.542415
0.000000 0.897973 0.071537 0.000000 -0.915043 0.403357
0.002186 0.898893 0.071016 0.434887 -0.810573 0.392230
0.002151 0.897418 0.067737 0.378500 -0.696886 0.609169
0.010895 0.900628 0.065257 0.657353 -0.597939 0.458645
0.006003 0.897904 0.064459 0.474220 -0.303132 0.826575
0.007182 0.914906 0.064996 0.757843 0.257569 0.599443
0.003105 0.924309 0.067304 0.671885 -0.027650 0.740139
0.005343 0.922521 0.062810 0.561655 -0.225050 0.796176
0.009368 0.927049 0.064112 0.297499 -0.563870 0.770419
0.012265 0.926112 0.062984 0.450239 -0.622776 0.639870
0.019448 0.926529 0.031132 0.409193 -0.900283 0.148497
0.009611 0.922435 0.061388 0.381796 0.014280 0.924136
0.014035 0.921550 0.061718 0.076317 0.471487 0.878564
0.011242 0.919156 0.061492 0.091860 0.094791 0.991250
0.015752 0.916814 0.061475 0.086025 0.012992 0.996208
0.011589 0.915582 0.062151 0.285261 0.202694 0.936772
0.016897 0.913570 0.061544 0.174890 0.088932 0.980563
0.012873 0.906787 0.063626 0.209073 0.047687 0.976737
0.023403 0.913847 0.060555 0.288281 0.084067 0.953848
0.021495 0.916814 0.060642 0.279539 0.024608 0.959819
0.026352 0.919208 0.058473 0.424846 0.019015 0.905066
0.022223 0.921238 0.060573 0.480985 0.012589 0.876639
0.024583 0.922729 0.059289 0.649375 -0.420769 0.633455
-0.042972 0.914437 0.017531 -0.186808 -0.351104 -0.917512
-0.043527 0.944155 0.027420 -0.991425 -0.042627 0.123526
-0.041949 0.953020 0.036371 -0.921737 0.022706 0.387150
-0.035807 0.927102 0.051222 -0.872605 -0.100160 0.478047
-0.033951 0.932046 0.055004 -0.817843 -0.012391 0.575308
-0.032199 0.924638 0.055351 -0.694858 -0.232873 0.680399
-0.029753 0.926390 0.058803 -0.588459 -0.438103 0.679545
-0.025867 0.923753 0.058439 -0.405434 -0.646431 0.646336
-0.023681 0.924794 0.060954 -0.003789 -0.847854 0.530216
-0.111358 0.441335 0.044878 -0.689575 -0.445176 0.571231
-0.070503 0.410299 0.077875 -0.353402 -0.495185 0.793661
-0.069514 0.441058 0.073919 -0.331260 -0.412985 0.848357
-0.116563 0.410299 0.047463 -0.717672 -0.465793 0.517672
-0.129314 0.442046 -0.006924 -0.899547 -0.436806 -0.004045
-0.135629 0.410299 -0.007549 -0.736541 -0.676392 0.000751
-0.117049 0.410299 -0.061590 -0.781642 -0.329906 -0.529337
-0.109866 0.406187 -0.055830 -0.605789 -0.588726 -0.535183
-0.074562 0.410229 -0.086259 -0.379312 -0.387707 -0.840123
-0.071145 0.406135 -0.077290 0.023974 -0.756091 -0.654028
-0.053883 0.410247 -0.092609 -0.105184 -0.498443 -0.860518
-0.052287 0.406152 -0.082685 -0.007963 -0.989894 -0.141583
0.054854 0.410247 -0.091949 0.141077 -0.590602 -0.794536
0.053831 0.406152 -0.082043 0.008655 -0.999897 -0.011426
0.122725 0.023212 -0.030930 0.856941 -0.114892 -0.502445
0.115369 0.000000 -0.029542 0.409178 -0.889257 -0.204440
0.094135 0.000000 -0.052234 0.009220 -0.559990 -0.828448
0.121927 0.000000 0.008573 0.606866 -0.793506 -0.045404
0.125674 0.015076 0.015703 0.990916 0.099934 0.089994
0.118995 0.000000 0.075746 0.749967 -0.567840 0.339276
0.118058 0.014122 0.072137 0.708826 0.511640 0.485583
0.096737 0.002429 0.090735 0.056736 -0.050869 0.997092
0.096754 0.016967 0.087317 0.078114 0.683104 0.726132
0.072900 0.016585 0.074271 -0.639681 0.532765 0.554048
0.094030 0.037837 0.032184 0.067594 0.885201 0.460273
0.072432 0.034124 0.031039 -0.544165 0.708779 0.448906
0.091723 0.052184 0.015252 -0.027229 0.559673 0.828266
0.070454 0.051265 0.004617 -0.787871 0.354768 0.503388
0.041879 0.594063 -0.057663 0.304049 -0.279741 -0.910659
0.082509 0.597412 -0.040002 0.698205 -0.312024 -0.644322
0.078311 0.593456 -0.036619 0.777816 0.106423 -0.619417
0.045557 0.597984 -0.059901 0.271946 -0.214223 -0.938165
0.000000 0.598227 -0.067257 0.000000 -0.477171 -0.878810
0.000000 0.628517 -0.063978 0.000000 0.372536 -0.928018
-0.045557 0.597984 -0.059901 -0.271946 -0.214223 -0.938165
-0.044881 0.628274 -0.057247 -0.286915 0.512774 -0.809162
-0.082509 0.597412 -0.040002 -0.698205 -0.312024 -0.644322
-0.081763 0.627702 -0.037799 -0.587749 0.618670 -0.521343
-0.096596 0.626748 -0.001003 -0.918584 0.395201 -0.004485
-0.090004 0.630373 -0.001315 -0.872079 0.489362 0.001502
-0.080029 0.625568 0.042698 -0.660524 0.463648 0.590541
-0.075223 0.629211 0.041518 -0.767314 0.133139 0.627298
0.024062 0.883834 0.052124 0.731384 -0.323424 0.600395
0.035929 0.889959 0.034862 0.903552 -0.297027 0.308817
0.030655 0.893342 0.050927 0.816019 -0.325255 0.477830
0.027931 0.875455 0.040466 0.832023 -0.501604 0.236919
0.020315 0.872974 0.052401 0.634538 -0.268389 0.724796
0.020211 0.865705 0.047526 0.735567 -0.662472 0.141679
0.010583 0.858488 0.050753 0.392163 -0.917331 0.068644
0.014885 0.862479 0.043155 0.378295 -0.863807 -0.332763
0.020853 0.871135 0.035053 0.656469 -0.750991 0.071136
0.008327 0.903768 0.070600 0.802340 -0.161952 0.574475
0.005239 0.905555 0.073740 0.864089 0.095151 0.494264
0.004094 0.905572 0.077956 0.635750 0.036569 0.771028
0.000000 0.910100 0.076620 -0.000000 0.525315 0.850908
0.000000 0.905711 0.079240 0.000000 0.043048 0.999073
-0.004094 0.905572 0.077956 -0.635750 0.036569 0.771028
0.000000 0.901322 0.077123 0.000000 -0.621762 0.783206
0.037265 0.909510 0.043311 0.942624 -0.145010 0.300718
0.043527 0.944155 0.027420 0.991425 -0.042627 0.123526
0.049287 0.928229 0.022354 0.634251 0.055924 0.771102
0.044256 0.926043 0.024175 -0.662424 0.463194 0.588767
0.047552 0.930398 0.022284 0.534020 0.664932 0.522196
0.052757 0.928334 0.017045 0.779556 0.579089 0.238638
0.050640 0.929860 0.014998 0.825377 0.561822 -0.055746
0.053989 0.925887 0.015189 0.970862 0.074278 0.227837
0.052028 0.926564 0.011164 0.646894 0.421936 -0.635215
0.053243 0.917178 0.011251 0.938877 -0.159116 -0.305273
0.051282 0.918584 0.007989 0.394655 -0.105249 -0.912782
0.049114 0.908626 0.014165 0.929625 -0.275517 0.244719
0.049062 0.908885 0.011771 0.226230 -0.527659 -0.818777
0.045540 0.900229 0.018173 0.118814 -0.747241 -0.653846
-0.066738 0.406187 0.069218 -0.019028 -0.697067 0.716753
-0.027530 0.367205 0.050135 0.776644 -0.006852 0.629903
-0.029699 0.409154 0.043629 0.812153 -0.549132 0.197133
-0.068455 0.370015 0.068299 -0.134189 -0.089393 0.986915
-0.109276 0.406187 0.043646 -0.626254 -0.552449 0.550096
-0.108739 0.376938 0.042189 -0.821512 0.011911 0.570066
-0.126642 0.406187 -0.007861 -0.903366 -0.420445 0.084594
-0.128395 0.382767 -0.009666 -0.994995 0.054444 -0.083788
-0.110404 0.374110 -0.052724 -0.747606 -0.017140 -0.663921
-0.068750 0.368402 -0.069414 -0.158581 -0.117882 -0.980283
-0.110838 0.303380 -0.049428 -0.657241 -0.104371 -0.746419
-0.073035 0.298089 -0.063481 0.016999 -0.238141 -0.971082
0.069514 0.441058 0.073919 0.311509 -0.576441 0.755432
0.042173 0.444284 0.083166 0.091045 -0.324752 0.941407
0.042467 0.440936 0.079055 0.091850 -0.368939 0.924904
0.072966 0.444423 0.077823 0.408722 -0.321882 0.854013
0.116684 0.444701 0.047376 0.633010 -0.557779 0.536825
0.112087 0.476431 0.046561 0.804440 0.147753 0.575365
0.122999 0.477420 0.016947 0.942393 0.169378 0.288456
0.113718 0.550891 -0.004669 0.971036 0.237067 0.029787
0.108201 0.550110 -0.025574 0.874443 0.284599 -0.392878
0.106657 0.564024 -0.016483 0.862603 0.358089 -0.357334
-0.020090 0.926963 0.062758 0.132689 -0.843148 0.521053
-0.026318 0.928038 0.062290 -0.390076 -0.459631 0.797859
0.000069 0.624457 0.080067 -0.101039 0.480400 0.871210
0.040058 0.628534 0.064158 0.396368 0.021290 0.917845
0.000069 0.628205 0.075174 -0.058651 0.334909 0.940423
0.043076 0.594479 0.066257 0.424720 -0.104963 0.899220
0.080029 0.625568 0.042698 0.660524 0.463648 0.590541
0.082405 0.595260 0.040946 0.750169 -0.284589 0.596872
0.096596 0.626748 -0.001003 0.918584 0.395201 -0.004485
0.099424 0.596422 -0.002009 0.986098 -0.155882 0.057552
0.098678 0.592554 -0.001853 0.999885 0.001725 -0.015058
0.072619 0.442307 -0.082061 0.356448 -0.285673 -0.889571
0.055340 0.442341 -0.087283 0.125203 -0.387162 -0.913471
0.074562 0.410229 -0.086259 0.377647 -0.483925 -0.789430
0.110716 0.442272 -0.059421 0.609501 -0.520734 -0.597784
0.117049 0.410299 -0.061590 0.781642 -0.329906 -0.529337
0.135629 0.410299 -0.007549 0.736541 -0.676392 0.000751
0.116563 0.410299 0.047463 0.717672 -0.465793 0.517672
0.109276 0.406187 0.043646 0.626254 -0.552449 0.550096
0.066738 0.406187 0.069218 0.019576 -0.697138 0.716669
-0.004060 0.888952 0.066887 -0.161635 -0.166277 0.972741
-0.007200 0.886610 0.065048 -0.181304 -0.638677 0.747810
-0.007078 0.888761 0.065968 -0.381186 0.003754 0.924491
-0.013462 0.886767 0.062411 -0.475786 -0.266471 0.838225
-0.012595 0.889230 0.063036 -0.404448 0.074097 0.911555
-0.016273 0.890097 0.061145 -0.450779 -0.158194 0.878506
-0.011190 0.899760 0.063556 -0.524016 -0.192335 0.829708
-0.045540 0.900229 0.018173 -0.118814 -0.747241 -0.653846
-0.040457 0.898650 0.023117 -0.196812 -0.902813 0.382352
-0.049062 0.908885 0.011771 -0.226230 -0.527659 -0.818777
-0.051282 0.918584 0.007989 -0.394655 -0.105249 -0.912782
-0.049114 0.908626 0.014165 -0.929625 -0.275517 0.244719
-0.053243 0.917178 0.011251 -0.938877 -0.159116 -0.305273
-0.053989 0.925887 0.015189 -0.970862 0.074278 0.227837
-0.052028 0.926564 0.011164 -0.646894 0.421936 -0.635215
-0.050640 0.929860 0.014998 -0.825377 0.561823 -0.055746
-0.110716 0.442272 -0.059421 -0.609501 -0.520734 -0.597784
-0.072619 0.442307 -0.082061 -0.373829 -0.399715 -0.836946
-0.115990 0.445655 -0.062023 -0.774549 -0.317197 -0.547229
-0.127510 0.445551 -0.031594 -0.857370 -0.429094 -0.284245
-0.122080 0.478444 -0.031212 -0.919964 0.195329 -0.339873
-0.129036 0.478131 -0.006404 -0.981910 0.184920 -0.040723
-0.108201 0.550110 -0.025574 -0.881321 0.289014 -0.373823
-0.113718 0.550891 -0.004669 -0.971036 0.237067 0.029787
-0.106657 0.564024 -0.016483 -0.862603 0.358089 -0.357334
-0.107767 0.572837 -0.003854 -0.918915 0.376054 -0.119072
-0.045505 0.901374 0.019561 -0.812422 -0.399267 0.424919
-0.041949 0.899587 0.023898 -0.534320 -0.491525 0.687682
-0.042244 0.907636 0.024869 -0.701708 -0.042081 0.711221
-0.027931 0.875455 0.040466 -0.832023 -0.501604 0.236919
-0.033986 0.881232 0.029206 -0.820853 -0.570862 -0.017819
-0.020211 0.865705 0.047526 -0.735567 -0.662472 0.141679
-0.014885 0.862479 0.043155 -0.378295 -0.863807 -0.332763
-0.010583 0.858488 0.050753 -0.392163 -0.917331 0.068644
-0.009750 0.861056 0.056739 -0.440115 -0.591703 0.675415
0.000451 0.634294 0.080396 -0.022977 0.534633 0.844772
-0.006367 0.590559 0.077915 -0.525269 0.534464 0.662149
0.000451 0.583845 0.080396 0.228343 -0.267520 0.936105
-0.028209 0.590559 0.069970 0.228162 0.267203 0.936240
-0.035009 0.583845 0.067489 -0.525692 -0.534882 0.661476
-0.028209 0.627580 0.069970 -0.023363 -0.534464 0.844868
-0.035009 0.634294 0.067489 -0.776876 0.267785 0.569873
-0.006367 0.627580 0.077915 -0.776414 -0.266890 0.570922
-0.008206 0.627580 0.082981 -0.525281 -0.534454 0.662147
-0.008206 0.590559 0.082981 -0.776326 0.267211 0.570891
-0.030048 0.590559 0.075035 -0.022874 0.534601 0.844795
-0.030048 0.627580 0.075035 0.228389 -0.267369 0.936137
-0.036866 0.634294 0.072555 -0.525304 0.534795 0.661853
-0.036866 0.583845 0.072555 -0.776792 -0.267510 0.570116
-0.001388 0.583845 0.085462 -0.022936 -0.534593 0.844798
-0.001388 0.634294 0.085462 0.228383 0.267308 0.936156
-0.025884 0.611689 0.075677 0.088619 0.501479 0.860619
-0.014156 0.610735 0.076423 0.107705 0.691000 0.714786
-0.017088 0.611689 0.073474 0.192680 0.609114 0.769321
-0.025086 0.609572 0.078488 -0.005990 0.165562 0.986181
-0.033778 0.611689 0.075070 -0.412140 0.577976 0.704332
-0.032633 0.609572 0.077256 -0.402389 -0.278549 0.872063
-0.033778 0.607456 0.075070 -0.766044 -0.623545 0.156102
-0.025884 0.607456 0.075677 0.039289 -0.718666 0.694244
0.011988 0.620537 0.088428 0.132242 0.763141 0.632556
0.011155 0.618108 0.092609 -0.016413 0.394500 0.918749
0.027862 0.579959 0.084213 -0.104314 -0.575789 0.810916
0.049218 0.570643 0.070941 0.451423 -0.669712 0.589663
0.045106 0.570643 0.068929 -0.233221 -0.040177 -0.971593
0.052080 0.572724 0.039783 0.881950 -0.454819 0.123710
0.042972 0.914437 0.017531 0.186808 -0.351104 -0.917512
0.038982 0.904670 0.017999 0.949402 -0.286777 -0.128040
0.039485 0.903161 0.026136 0.852485 -0.371560 0.367714
0.037421 0.888796 0.027073 0.961842 -0.271045 -0.037336
0.038774 0.903074 0.032572 0.971382 -0.160605 0.174995
-0.135091 0.445429 -0.006959 -0.904520 -0.426425 -0.002271
-0.127510 0.445117 0.017450 -0.892194 -0.346992 0.289112
-0.122999 0.477420 0.016947 -0.942393 0.169378 0.288456
-0.108478 0.549954 0.016357 -0.903827 0.254236 0.344181
-0.107073 0.564024 0.008065 -0.892171 0.315106 0.323634
0.102755 0.645987 0.000541 0.933256 -0.359206 0.001984
0.086395 0.643593 -0.039621 0.668208 -0.306043 -0.678112
0.078380 0.631258 -0.035526 0.735650 -0.205068 -0.645574
0.051022 0.643402 -0.059450 0.276160 -0.354210 -0.893460
0.043545 0.631744 -0.052042 0.295230 0.134994 -0.945841
0.000000 0.645519 -0.068679 -0.008018 -0.380913 -0.924576
0.000000 0.631970 -0.058964 0.000000 0.493131 -0.869955
-0.043545 0.631744 -0.052042 -0.295230 0.134994 -0.945841
0.112099 0.186253 -0.049119 0.728184 0.165314 -0.665146
0.079484 0.221228 -0.052745 0.012598 0.183140 -0.983006
0.105558 0.221506 -0.041208 0.755220 0.159554 -0.635755
0.083908 0.186409 -0.064508 0.027387 0.165832 -0.985774
0.111457 0.142431 -0.051496 0.684420 -0.059632 -0.726645
0.086805 0.144999 -0.066121 -0.081562 -0.087959 -0.992779
0.060851 0.137088 -0.051045 -0.763935 -0.184185 -0.618449
0.042571 0.475668 0.081310 0.067637 0.037050 0.997022
-0.038009 0.541904 0.079245 -0.119645 0.121304 0.985378
-0.042797 0.475668 0.078552 -0.089463 0.064798 0.993880
0.038009 0.542876 0.079141 0.147972 0.140700 0.978932
0.072654 0.475633 0.075169 0.388079 0.080299 0.918121
0.067866 0.543951 0.071786 0.456125 0.240931 0.856681
0.095016 0.549225 0.046318 0.742766 0.229046 0.629155
0.080254 0.591426 0.039939 0.808272 0.091907 0.581593
0.108478 0.549954 0.016357 0.903827 0.254236 0.344181
0.107073 0.564024 0.008065 0.892171 0.315106 0.323634
-0.030585 0.921654 0.056409 -0.576881 0.034636 0.816093
-0.026352 0.919208 0.058473 -0.424846 0.019015 0.905066
-0.022223 0.921238 0.060573 -0.500158 -0.544926 0.672976
-0.116684 0.444701 0.047376 -0.633010 -0.557779 0.536825
-0.072966 0.444423 0.077823 -0.360382 -0.421701 0.832041
-0.042433 0.440936 0.078621 -0.075250 -0.372565 0.924950
-0.042901 0.444302 0.082854 -0.074676 -0.379654 0.922110
0.033621 0.918150 -0.021451 0.785882 -0.292091 -0.545043
0.038652 0.916554 -0.008266 0.943449 -0.233962 -0.234875
0.028469 0.897713 -0.017062 0.756747 -0.179048 -0.628710
0.018580 0.902015 -0.026742 0.486262 -0.192854 -0.852266
0.000000 0.904757 -0.035243 0.000000 -0.154975 -0.987918
-0.006697 0.890063 0.065517 -0.363303 0.239045 0.900482
-0.006003 0.897904 0.064459 -0.474220 -0.303132 0.826575
-0.011068 0.878075 0.057884 -0.307756 -0.421599 0.852960
-0.020315 0.872974 0.052401 -0.634538 -0.268389 0.724796
-0.035929 0.889959 0.034862 -0.903552 -0.297027 0.308817
-0.040387 0.590697 0.063846 -0.373824 -0.149500 0.915372
-0.067866 0.543951 0.071786 -0.402833 0.201931 0.892720
-0.080254 0.591426 0.039939 -0.808271 0.091907 0.581593
-0.095016 0.549225 0.046318 -0.742766 0.229046 0.629155
-0.112087 0.476431 0.046561 -0.804440 0.147753 0.575365
-0.004771 0.879584 0.060833 -0.167372 -0.665021 0.727828
-0.005291 0.881041 0.062758 -0.202904 -0.531138 0.822631
-0.005031 0.884390 0.063435 -0.181310 0.304843 0.934985
0.000000 0.883557 0.064112 0.000000 0.203188 0.979140
-0.093836 0.273610 0.039240 -0.479831 -0.292609 0.827129
-0.123415 0.307353 0.026888 -0.807213 -0.043294 0.588670
-0.121334 0.275605 0.024216 -0.792427 -0.270079 0.546915
-0.098399 0.301853 0.046734 -0.500902 -0.163889 0.849846
-0.070329 0.297308 0.055565 -0.017205 -0.234607 0.971938
-0.040039 0.295538 0.046093 0.522929 -0.260464 0.811605
-0.021667 0.295122 0.022065 0.902566 -0.155135 0.401631
0.033986 0.881232 0.029206 0.820853 -0.570862 -0.017819
0.029822 0.877121 0.024401 0.866283 -0.493558 0.077157
0.034315 0.886992 0.021191 0.901640 -0.387501 -0.192063
0.034402 0.886541 0.008891 0.972411 -0.233101 0.008993
-0.038842 0.406187 0.074162 -0.022265 -0.987334 0.157085
-0.042086 0.410299 0.083340 -0.090292 -0.485777 0.869407
0.040229 0.406187 0.074162 0.022792 -0.969014 0.245951
0.041236 0.410299 0.083340 0.062562 -0.349237 0.934944
0.070503 0.410299 0.077875 0.334111 -0.397273 0.854719
-0.102755 0.645987 0.000541 -0.937027 -0.345369 0.051969
-0.082961 0.644582 0.046705 -0.671607 -0.276448 0.687401
-0.040058 0.628534 0.064158 -0.396828 0.023129 0.917602
-0.042313 0.644443 0.073977 -0.369821 -0.222685 0.902022
0.000000 0.647219 0.087179 0.031360 -0.319829 0.946956
0.126642 0.406187 -0.007861 0.890585 -0.448847 0.073447
0.126486 0.382767 -0.009666 0.995695 0.040434 -0.083410
0.109866 0.406187 -0.055830 0.605183 -0.596590 -0.527099
0.110404 0.374110 -0.052724 0.756719 -0.007822 -0.653694
0.068750 0.368402 -0.069414 0.036594 -0.077633 -0.996310
0.013305 0.295469 -0.013378 -0.991889 -0.121051 -0.038778
0.021667 0.295122 0.022065 -0.907635 -0.142572 0.394805
0.027530 0.367205 0.050135 -0.783650 -0.008779 0.621140
0.073021 0.000000 -0.028137 -0.504246 -0.841956 -0.191953
0.072709 0.000000 0.009492 -0.544098 -0.838939 -0.011788
0.072276 0.000000 0.077446 -0.571164 -0.768215 0.289167
0.041045 0.413473 -0.052794 -0.699547 -0.602381 -0.384410
0.017781 0.403897 0.002166 -0.982657 0.151400 -0.107065
0.024390 0.433910 0.004335 -0.626713 -0.779115 0.014534
0.033880 0.366771 -0.056038 -0.743781 0.055660 -0.666102
0.073035 0.298089 -0.063481 -0.017000 -0.238139 -0.971082
-0.072654 0.475633 0.075169 -0.384967 0.099342 0.917568
0.105558 0.212033 0.012555 0.751452 -0.078030 0.655157
0.123861 0.181882 -0.020859 0.992566 0.116494 0.035247
0.116349 0.217706 -0.014162 0.995954 0.088483 0.015665
0.110138 0.173606 0.008356 0.708574 -0.036574 0.704688
0.079484 0.207818 0.023276 0.008159 -0.183427 0.982999
0.085018 0.166493 0.020084 -0.042931 -0.110272 0.992974
0.123080 0.133739 -0.025595 0.999148 -0.040947 -0.005219
0.030377 0.962059 0.049973 0.712329 0.238288 0.660156
0.033951 0.932046 0.055004 0.817843 -0.012391 0.575307
0.041949 0.953020 0.036371 0.921737 0.022706 0.387150
0.029059 0.932306 0.061319 0.636139 -0.015761 0.771414
0.021634 0.936748 0.065257 0.482705 0.205657 0.851294
0.021755 0.932896 0.065985 0.339005 -0.056124 0.939109
-0.009904 0.335978 -0.006543 0.996804 0.015942 -0.078286
-0.013305 0.295469 -0.013378 0.989330 -0.140301 -0.039264
-0.014346 0.368888 -0.001598 0.990137 0.131063 -0.049509
-0.018353 0.403932 0.002166 0.985538 0.160560 -0.054173
-0.024408 0.433910 0.004335 0.615187 -0.739342 -0.273712
-0.030655 0.893342 0.050927 -0.816019 -0.325255 0.477830
0.011068 0.878075 0.057884 0.307757 -0.421599 0.852960
0.093944 0.030932 -0.057473 0.018144 0.008171 -0.999802
0.064070 0.023126 -0.031641 -0.853973 -0.208611 -0.476666
-0.013115 0.885517 0.061908 -0.212107 -0.821280 0.529631
0.044881 0.628274 -0.057247 0.286915 0.512774 -0.809162
0.081763 0.627702 -0.037799 0.587749 0.618670 -0.521343
0.090004 0.630373 -0.001315 0.872079 0.489363 0.001502
0.076205 0.246921 0.034865 0.084008 -0.426422 0.900615
0.072428 0.267781 0.050499 0.011766 -0.394131 0.918979
0.093836 0.273610 0.039240 0.479830 -0.292598 0.827133
0.049998 0.927830 0.015640 0.509970 0.381913 -0.770761
0.018684 0.920578 0.061613 0.138225 0.453734 0.880352
0.041949 0.899587 0.023898 0.534319 -0.491525 0.687682
0.040457 0.898650 0.023117 0.196812 -0.902813 0.382352
0.042244 0.907636 0.024869 0.701708 -0.042081 0.711221
0.045505 0.901374 0.019561 0.812422 -0.399267 0.424919
0.117243 0.032806 0.026389 0.613498 0.681775 0.398501
-0.006211 0.931525 0.068692 -0.212736 -0.218930 0.952267
-0.052757 0.928334 0.017045 -0.779556 0.579089 0.238638
-0.047552 0.930398 0.022284 -0.534020 0.664932 0.522196
-0.049287 0.928229 0.022354 -0.634251 0.055924 0.771102
-0.044256 0.926043 0.024175 0.662424 0.463194 0.588767
-0.131552 0.340003 -0.011175 -0.991352 0.102775 -0.081598
-0.136826 0.309625 -0.012198 -0.998768 -0.014932 -0.047323
0.035807 0.927102 0.051222 0.872605 -0.100160 0.478047
0.040387 0.590697 0.063846 0.375175 -0.148411 0.914996
0.008154 0.918306 0.062377 0.376000 0.263702 0.888305
0.110590 0.125048 0.002510 0.756564 -0.070799 0.650076
0.053426 0.217012 -0.042006 -0.723108 0.055413 -0.688508
0.053947 0.179383 -0.050021 -0.755632 0.007551 -0.654953
0.007876 0.885118 0.061388 0.194018 -0.360235 0.912462
0.013115 0.885517 0.061908 0.212107 -0.821280 0.529631
0.070001 0.591426 0.039939 0.870742 -0.488845 0.053271
0.068336 0.589119 0.066656 0.857684 0.152891 0.490920
0.067277 0.592016 0.064887 0.997878 -0.064821 -0.006154
0.105264 0.251622 0.022842 0.687830 -0.407564 0.600651
0.121334 0.275605 0.024216 0.792357 -0.270145 0.546985
-0.013081 0.932566 0.068050 -0.166765 -0.209479 0.963487
0.047163 0.257226 -0.038190 -0.548006 -0.304860 -0.778942
0.032128 0.295781 -0.050330 -0.710230 -0.185665 -0.679045
0.011882 0.335978 -0.006543 -0.996545 0.025428 -0.079062
-0.051419 0.546693 -0.077047 -0.182676 0.282009 -0.941860
-0.087140 0.549989 -0.061867 -0.630733 0.334991 -0.699969
-0.111462 0.478686 -0.060392 -0.710971 0.174482 -0.681232
-0.041879 0.594063 -0.057663 -0.299036 -0.276518 -0.913299
-0.078311 0.593456 -0.036619 -0.783728 0.116155 -0.610146
-0.098678 0.592554 -0.001853 -0.999885 0.001725 -0.015058
0.003574 0.902189 0.076134 0.627322 -0.558795 0.542415
0.009229 0.618143 0.086034 -0.968878 -0.044237 -0.243555
-0.051022 0.643402 -0.059450 -0.350664 -0.358277 -0.865258
-0.078380 0.631258 -0.035526 -0.735650 -0.205068 -0.645574
0.021044 0.970924 0.054431 -0.045170 -0.402813 -0.914167
0.021044 0.960705 0.060052 0.575812 0.152502 0.803234
-0.082405 0.595260 0.040946 -0.750169 -0.284589 0.596872
-0.099424 0.596422 -0.002009 -0.986098 -0.155882 0.057552
-0.032128 0.295781 -0.050330 0.705091 -0.193421 -0.682228
-0.033880 0.366771 -0.056038 0.678464 0.021254 -0.734326
0.003834 0.885396 0.062654 0.199408 -0.148668 0.968573
-0.086395 0.643593 -0.039621 -0.801228 -0.281930 -0.527778
0.002377 0.895336 0.066870 0.204620 -0.222345 0.953254
-0.024583 0.922729 0.059289 -0.649375 -0.420769 0.633455
0.075223 0.629211 0.041518 0.767314 0.133139 0.627298
0.082961 0.644582 0.046705 0.757295 -0.258749 0.599627
0.042313 0.644443 0.073977 0.434614 -0.233657 0.869779
0.016186 0.882811 0.059237 0.493709 -0.051733 0.868087
0.018893 0.878422 0.056027 0.506581 -0.359206 0.783803
-0.054091 0.442341 -0.087942 -0.155685 -0.465309 -0.871350
0.083965 0.549989 -0.061867 0.624207 0.333808 -0.706355
-0.043076 0.594479 0.066257 -0.381513 -0.343906 0.858007
0.051437 0.546693 -0.077047 0.162496 0.266800 -0.949954
0.039225 0.602720 0.087370 0.483451 0.132496 0.865286
0.029699 0.409154 0.043629 -0.633544 -0.772655 0.040328
-0.041080 0.413473 -0.052794 0.636385 -0.766802 -0.083843
0.015334 0.368888 -0.001598 -0.995656 0.091390 0.017810
-0.009264 0.867197 0.058959 -0.404377 -0.086347 0.910507
-0.008241 0.876062 0.059063 -0.338103 -0.069014 0.938575
-0.042504 0.624822 0.066986 -0.392378 0.445484 0.804726
-0.049998 0.927830 0.015640 -0.509970 0.381913 -0.770762
-0.038652 0.916554 -0.008266 -0.943449 -0.233962 -0.234875
-0.033621 0.918150 -0.021451 -0.785882 -0.292091 -0.545043
-0.028469 0.897713 -0.017062 -0.756747 -0.179048 -0.628710
-0.024288 0.919312 -0.029536 -0.494468 -0.292821 -0.818387
0.063410 0.018927 0.019884 -0.991804 0.022789 0.125722
-0.014156 0.608410 0.076423 0.107716 -0.691064 0.714722
0.000000 0.594202 -0.061619 -0.000000 -0.133703 -0.991021
-0.011658 0.903958 0.063418 -0.600743 0.061250 0.797093
-0.018580 0.902015 -0.026742 -0.486262 -0.192854 -0.852266
0.000000 0.920822 -0.036891 0.000000 -0.177482 -0.984124
0.076222 0.261927 -0.050212 0.110337 -0.095083 -0.989336
0.024288 0.919312 -0.029536 0.494468 -0.292821 -0.818387
0.107767 0.572837 -0.003854 0.918915 0.376054 -0.119072
0.071145 0.406135 -0.077290 0.036091 -0.851990 -0.522312
-0.072428 0.267781 0.050499 -0.011765 -0.394132 0.918979
-0.051107 0.270574 0.038494 0.439601 -0.425932 0.790780
-0.027478 0.268770 0.020729 0.786517 -0.370229 0.494290
-0.017088 0.607456 0.073474 0.223362 -0.393389 0.891826
-0.122725 0.023212 -0.030930 -0.856941 -0.114892 -0.502445
-0.094135 0.000000 -0.052234 -0.009220 -0.559990 -0.828448
-0.115369 0.000000 -0.029542 -0.409178 -0.889257 -0.204440
-0.093944 0.030932 -0.057473 -0.018144 0.008171 -0.999802
-0.092382 0.057094 -0.052407 0.110090 0.056004 -0.992343
-0.064070 0.023126 -0.031641 0.853973 -0.208611 -0.476667
-0.060531 0.051924 -0.029924 0.984606 0.062952 -0.163061
-0.063410 0.018927 0.019884 0.991804 0.022789 0.125722
-0.070454 0.051265 0.004617 0.787874 0.354757 0.503390
-0.072432 0.034124 0.031039 0.544165 0.708779 0.448906
-0.091723 0.052184 0.015252 0.027229 0.559671 0.828267
-0.094030 0.037837 0.032184 -0.067594 0.885201 0.460273
-0.117243 0.032806 0.026389 -0.613498 0.681775 0.398501
-0.118058 0.014122 0.072137 -0.708825 0.511640 0.485583
-0.125674 0.015076 0.015703 -0.990916 0.099934 0.089994
-0.118995 0.000000 0.075746 -0.749967 -0.567840 0.339276
-0.121927 0.000000 0.008573 -0.606866 -0.793506 -0.045404
-0.393955 0.797841 -0.045355 -0.679763 -0.408381 -0.609219
-0.326348 0.774819 -0.021310 -0.003939 -0.950219 -0.311558
-0.393972 0.774212 -0.022698 -0.683270 -0.729525 -0.030582
-0.328464 0.797719 -0.044054 0.012972 -0.293347 -0.955918
-0.394527 0.825164 -0.039595 -0.680655 0.236220 -0.693476
-0.330824 0.824939 -0.039613 0.029570 0.592424 -0.805083
-0.396366 0.837048 -0.013816 -0.698259 0.676105 -0.235194
-0.331379 0.838904 -0.013417 0.012553 0.997185 -0.073927
-0.396731 0.827055 0.012918 -0.686440 0.598607 0.412879
-0.330737 0.826761 0.012016 0.017106 0.679080 0.733865
-0.396661 0.799038 0.023223 -0.693838 0.075507 0.716161
-0.328516 0.799975 0.022269 0.028323 -0.164447 0.985979
-0.395620 0.779469 0.006517 -0.671685 -0.572334 0.470397
-0.326695 0.779815 0.006118 -0.003770 -0.854130 0.520046
-0.270399 0.774073 -0.020980 -0.028689 -0.903391 -0.427857
-0.267762 0.796626 -0.042250 -0.057448 -0.198236 -0.978469
-0.267311 0.817965 -0.038346 -0.009487 0.586882 -0.809617
-0.271023 0.838627 -0.014961 -0.024963 0.990285 -0.136792
-0.272359 0.827559 0.009206 0.021258 0.664241 0.747216
-0.271579 0.797511 0.019459 0.040458 -0.147884 0.988177
-0.271856 0.777352 0.005077 0.002999 -0.873932 0.486039
-0.484023 0.786547 0.016970 -0.513877 -0.451303 -0.729559
-0.486070 0.786911 0.021221 -0.982117 -0.150510 0.113110
-0.485498 0.792098 0.018636 -0.758897 0.426411 -0.492187
-0.483503 0.782001 0.021932 -0.429579 -0.819220 0.379922
-0.465981 0.782921 0.019382 0.085885 -0.992763 -0.083937
-0.466067 0.790554 0.023372 0.128911 -0.148459 0.980480
-0.452605 0.785315 0.017352 0.231175 -0.924034 0.304498
-0.448754 0.794579 0.020908 0.209180 0.205638 0.956011
-0.440305 0.795793 0.017317 0.484935 -0.157017 0.860339
-0.444191 0.816941 0.004896 0.083863 0.768830 0.633930
-0.424830 0.801640 0.008643 0.335687 0.048233 0.940738
-0.425402 0.822805 -0.009278 -0.077448 0.973893 0.213389
-0.406463 0.808909 0.007228 0.033599 0.240735 0.970009
-0.406932 0.824904 -0.009010 -0.052846 0.981264 0.185280
-0.372443 0.825407 -0.009062 -0.007725 0.890378 0.455156
-0.370708 0.822042 -0.026237 -0.012217 0.848073 -0.529739
-0.472330 0.790450 -0.025672 0.251343 -0.966791 -0.046275
-0.474551 0.794145 -0.013129 0.449919 -0.891936 0.044968
-0.477326 0.790606 -0.022497 0.067923 -0.977826 -0.198097
-0.448493 0.801016 -0.010857 0.068670 -0.980739 -0.182855
-0.444208 0.802316 -0.034312 0.147271 -0.519244 -0.841841
-0.424795 0.792081 0.003248 0.199955 -0.961011 0.190989
-0.424899 0.806116 -0.028899 0.126246 -0.371700 -0.919729
-0.406133 0.794804 -0.000266 0.073590 -0.941928 0.327653
-0.404884 0.807278 -0.029447 -0.024992 -0.440090 -0.897606
-0.372148 0.794787 -0.000197 -0.000813 -0.999139 0.041479
-0.370569 0.807278 -0.029464 -0.002174 -0.201970 -0.979389
-0.493478 0.793070 -0.007907 -0.844070 0.525237 0.108038
-0.489175 0.787154 -0.013355 -0.625241 0.268083 -0.732943
-0.497607 0.782036 -0.007665 -0.960086 0.264437 -0.091147
-0.482670 0.795325 -0.014257 -0.717853 0.030021 -0.695548
-0.478437 0.810158 -0.007665 -0.782630 0.621685 0.031601
-0.476650 0.810314 -0.014222 -0.805132 0.531449 -0.263295
-0.468774 0.818121 -0.009868 -0.421454 0.884048 -0.202080
-0.474447 0.809759 -0.019444 -0.598296 0.770432 -0.220173
-0.469953 0.805144 -0.029853 -0.355625 0.723029 -0.592250
-0.477604 0.805422 -0.025013 -0.589936 0.281314 -0.756860
-0.478003 0.797354 -0.024753 -0.750469 0.307359 0.585088
-0.053425 0.207540 0.011756 0.748264 -0.189623 0.635723
-0.044369 0.173016 -0.020321 0.990466 -0.134117 0.031460
-0.042634 0.211357 -0.015290 0.993782 -0.078066 -0.079396
-0.057901 0.168176 0.008426 0.754097 -0.181446 0.631202
-0.085017 0.166493 0.020084 0.042933 -0.110274 0.992974
-0.065881 0.122203 0.003741 0.740068 -0.160234 0.653164
-0.088833 0.119201 0.015296 -0.044730 -0.085973 0.995293
-0.071190 0.078658 0.002163 0.732131 -0.005618 0.681141
-0.090863 0.077999 0.012416 -0.179278 0.043187 0.982850
-0.115248 0.053225 -0.000865 -0.803350 0.310175 0.508351
-0.061961 0.082128 -0.029169 0.945248 -0.126414 -0.300874
-0.089961 0.085580 -0.052225 -0.119846 -0.135742 -0.983469
-0.123662 0.055463 -0.030375 -0.916788 0.136673 -0.375261
-0.118707 0.085216 -0.028058 -0.979220 0.017486 -0.202047
-0.110033 0.081121 -0.000995 -0.786274 0.006480 0.617845
-0.468635 0.796158 -0.036012 -0.120841 -0.132807 -0.983748
-0.479651 0.789323 -0.031918 -0.064571 -0.393602 -0.917010
-0.475973 0.788264 -0.025377 0.814533 -0.496775 0.299584
-0.484006 0.781897 -0.030252 0.197683 -0.257623 -0.945808
-0.480623 0.780700 -0.023937 0.787939 -0.463228 0.405676
-0.487076 0.773049 -0.021856 0.441777 -0.680859 0.584179
-0.482774 0.782973 -0.021925 0.016382 0.148752 0.988739
-0.489089 0.778341 -0.020901 -0.475889 0.131033 0.869690
-0.494224 0.763751 -0.010093 0.557748 -0.700230 -0.445639
-0.494241 0.764340 -0.004073 0.343921 -0.584997 0.734505
-0.497156 0.763299 -0.007023 -0.571992 -0.817382 0.068641
-0.490789 0.776224 -0.003622 0.782578 -0.305063 0.542685
-0.490997 0.775964 -0.011273 0.704313 -0.341228 -0.622500
-0.485983 0.784655 -0.004056 0.670346 -0.570133 0.474958
-0.486556 0.785107 -0.011065 0.528464 -0.548397 -0.648063
-0.479773 0.789635 -0.012262 0.371458 -0.855221 -0.361409
-0.131320 0.274418 -0.011022 -0.883633 -0.442952 -0.151611
-0.105262 0.262240 -0.037322 -0.638050 -0.254344 -0.726774
-0.076221 0.261927 -0.050212 -0.110341 -0.095081 -0.989335
-0.047162 0.257226 -0.038190 0.548077 -0.304805 -0.778914
-0.490338 0.770742 -0.019062 0.504295 -0.726673 -0.466511
-0.489974 0.771350 -0.012938 0.379514 -0.594571 0.708840
-0.493044 0.770326 -0.015766 -0.571086 -0.814157 0.104928
-0.486833 0.780422 -0.013095 0.820589 -0.303383 0.484348
-0.487493 0.780127 -0.020346 0.647625 -0.368414 -0.666973
-0.483156 0.786581 -0.014378 0.745837 -0.490896 0.450276
-0.484283 0.786859 -0.020468 0.426025 -0.463281 -0.777093
-0.060850 0.137088 -0.051045 0.725463 -0.157283 -0.670049
-0.086821 0.144999 -0.066121 -0.124234 -0.067674 -0.989942
-0.111456 0.142431 -0.051496 -0.720242 -0.086345 -0.688328
-0.112098 0.186253 -0.049119 -0.699610 0.151163 -0.698352
-0.123079 0.133739 -0.025595 -0.998213 -0.041324 0.043158
-0.123860 0.181882 -0.020859 -0.992566 0.116494 0.035247
-0.110137 0.173606 0.008356 -0.708572 -0.036579 0.704690
-0.072709 0.000000 0.009492 0.544098 -0.838939 -0.011788
-0.072276 0.000000 0.077446 0.571164 -0.768215 0.289167
-0.072900 0.016585 0.074271 0.639681 0.532765 0.554048
-0.096737 0.002429 0.090735 -0.056736 -0.050869 0.997092
-0.096754 0.016967 0.087317 -0.078114 0.683104 0.726132
-0.490910 0.771367 -0.001818 0.560456 -0.794216 -0.234756
-0.493044 0.771957 0.003994 0.055983 -0.609646 0.790694
-0.494640 0.771002 0.000264 -0.588290 -0.800143 -0.116988
-0.488499 0.780804 0.005399 0.509473 -0.359690 0.781703
-0.486192 0.780457 -0.001645 0.834454 -0.385509 -0.393788
-0.484942 0.787310 0.005607 0.526428 -0.598848 0.603535
-0.483381 0.787709 -0.000777 0.675519 -0.459454 -0.576694
-0.479079 0.790085 0.000004 0.449787 -0.869860 -0.202572
-0.481108 0.795759 -0.002928 -0.205972 0.150578 -0.966903
-0.480623 0.797459 -0.002339 -0.635288 0.198980 0.746201
-0.489783 0.788160 -0.001697 -0.024559 0.049076 0.998493
-0.479547 0.789843 -0.003414 0.312802 -0.874462 0.370771
-0.479235 0.790918 -0.014986 0.363571 -0.807394 0.464684
-0.105557 0.212033 0.012555 -0.751451 -0.078026 0.655160
-0.105262 0.251622 0.022842 -0.687824 -0.407576 0.600649
-0.117302 0.257972 -0.007067 -0.966591 -0.253748 -0.036247
-0.076204 0.246921 0.034865 -0.084011 -0.426422 0.900614
-0.079483 0.207818 0.023276 -0.008159 -0.183427 0.982999
-0.047145 0.246626 0.021957 0.619213 -0.474040 0.625988
-0.035122 0.250894 -0.008298 0.919937 -0.387436 -0.060076
-0.053425 0.217012 -0.042006 0.723100 0.055418 -0.688517
-0.079483 0.221228 -0.052745 -0.012596 0.183139 -0.983006
-0.105557 0.221506 -0.041208 -0.755218 0.159559 -0.635756
-0.110588 0.125048 0.002510 -0.698067 -0.064168 0.713152
-0.477431 0.809603 -0.001870 -0.869274 0.487396 0.082511
-0.479235 0.807226 0.004202 -0.732888 0.643360 0.221277
-0.491240 0.795706 0.001010 -0.835686 0.546841 -0.050926
-0.478975 0.796747 0.009146 -0.160406 -0.004648 0.987040
-0.488967 0.790346 0.006804 -0.261094 0.048229 0.964108
-0.478194 0.791630 0.006717 0.313734 -0.737296 0.598302
-0.464731 0.795932 0.006197 0.002665 -0.973859 0.227136
-0.468565 0.789236 0.012442 -0.189874 -0.301349 -0.934418
-0.459614 0.790953 0.009910 -0.500331 -0.691236 -0.521404
-0.441398 0.785940 0.007828 0.143911 -0.988508 -0.046281
-0.116348 0.217706 -0.014162 -0.995954 0.088483 0.015665
-0.469381 0.797823 0.015444 -0.569991 0.699050 -0.431786
-0.484648 0.791057 0.023008 -0.488947 0.570112 0.660230
-0.467594 0.796678 0.021776 -0.198965 0.616326 0.761941
-0.491205 0.773240 -0.023903 -0.825143 -0.520222 0.220246
-0.491639 0.777369 -0.024128 -0.944261 0.329188 -0.002321
-0.487198 0.786408 -0.025863 -0.872539 0.488041 -0.022168
-0.493426 0.775322 -0.011689 -0.608538 -0.190245 0.770382
-0.495352 0.773830 -0.015766 -0.994783 -0.097249 -0.030829
-0.493755 0.786009 -0.016321 -0.962858 0.269584 -0.015103
-0.490997 0.782296 -0.021457 -0.389595 0.003170 -0.920981
-0.486938 0.788923 -0.022602 -0.323461 0.006627 -0.946218
-0.497763 0.768244 -0.003032 -0.657348 -0.207367 0.724495
-0.499446 0.766804 -0.007144 -0.987963 -0.118132 -0.099867
-0.494415 0.778115 -0.012591 -0.652436 0.194355 -0.732498
-0.495941 0.775721 0.004358 -0.842150 -0.150287 0.517877
-0.496791 0.774593 -0.000552 -0.923157 -0.006924 -0.384362
-0.493998 0.786061 -0.000153 -0.866620 0.296832 -0.401074
-0.488933 0.782748 -0.003553 -0.015652 0.072389 -0.997254
-0.485220 0.789756 -0.003206 0.008179 0.026915 -0.999604
-0.494207 0.774767 -0.019947 -0.536456 -0.318835 -0.781383
-0.498023 0.767706 -0.011186 -0.473261 -0.316897 -0.821949
-0.460603 0.811997 0.008973 -0.269609 0.616301 0.739922
-0.469832 0.814599 0.003647 -0.380966 0.767173 0.516053
-0.443688 0.820237 -0.010943 -0.161603 0.985635 -0.049066
-0.443722 0.817115 -0.026141 -0.090615 0.777591 -0.622206
-0.425402 0.819075 -0.024440 -0.074783 0.641158 -0.763757
-0.053217 0.129437 -0.025924 0.976916 -0.194609 0.088108
-0.053946 0.179383 -0.050021 0.800256 0.010457 -0.599568
-0.483728 0.786616 0.024864 -0.459905 -0.135760 0.877529
-0.018225 0.266976 -0.012844 0.840897 -0.523430 -0.137525
-0.483121 0.795498 -0.027494 -0.796951 0.594436 0.107309
-0.478870 0.791144 -0.022914 0.191116 0.102381 0.976213
-0.489835 0.782748 -0.011186 -0.170587 0.086011 0.981581
-0.490962 0.794857 -0.016963 -0.795586 0.543394 0.267892
-0.486747 0.790034 -0.011741 0.127181 0.111461 0.985597
-0.481993 0.797129 -0.013979 -0.403804 0.329405 0.853484
-0.492680 0.783996 0.005538 -0.548268 0.090719 0.831368
-0.493981 0.778497 -0.001905 -0.269441 0.063960 0.960891
-0.372235 0.808718 0.007263 -0.000954 -0.097159 0.995268
-0.462667 0.803149 0.010499 -0.187936 -0.010175 0.982129
-0.073021 0.000000 -0.028137 0.504246 -0.841956 -0.191953
-0.487926 0.772217 -0.027095 -0.040350 -0.816634 -0.575743
-0.490581 0.777560 -0.027893 -0.781778 0.008507 -0.623499
-0.405266 0.821625 -0.026168 -0.074919 0.708011 -0.702217
-0.083906 0.186409 -0.064508 0.161099 0.145887 -0.976096
-0.494085 0.775583 -0.004056 -0.231025 -0.266547 -0.935724
-0.373657 0.806931 -0.017198 -0.999123 -0.041453 -0.005989
