0 384
0 1
0 2
0 3
0 4
0 385
0 6
0 386
0 388
0 389
0 390
0 392
0 393
0 394
0 396
0 12
0 422
0 423
0 424
0 427
0 428
0 429
0 94
0 103
1 0
1 2
1 3
1 4
1 5
1 7
1 8
1 9
1 426
1 11
1 12
1 13
1 14
1 427
1 16
1 428
2 0
2 1
2 3
3 0
3 1
3 2
3 4
3 5
3 6
4 0
4 1
4 128
4 3
4 388
4 5
4 6
4 7
4 9
4 10
4 11
4 393
4 394
4 395
4 397
4 398
4 400
4 72
4 112
4 121
4 122
4 123
4 125
4 126
5 1
5 3
5 4
6 0
6 3
6 4
7 1
7 4
7 8
7 9
7 10
7 72
7 12
7 14
7 15
7 16
7 17
7 81
7 19
7 20
7 21
7 82
7 83
7 125
7 126
7 127
8 1
8 9
8 7
9 1
9 4
9 7
9 8
9 10
9 11
10 9
10 4
10 7
11 1
11 4
11 9
12 0
12 1
12 7
12 13
12 14
12 15
12 17
12 18
12 19
12 21
12 22
12 23
12 24
12 26
12 418
12 419
12 420
12 422
12 423
12 425
12 426
12 427
12 429
12 94
13 1
13 12
13 14
14 1
14 7
14 12
14 13
14 15
14 16
15 12
15 14
15 7
16 1
16 14
16 7
17 7
17 12
17 18
17 19
17 20
17 22
17 24
17 25
17 26
17 27
17 29
17 30
17 31
17 67
17 72
17 77
17 78
17 79
17 82
17 83
17 84
17 474
17 475
17 477
18 17
18 19
18 12
19 7
19 12
19 17
19 18
19 20
19 21
20 17
20 19
20 7
21 19
21 12
21 7
22 12
22 17
22 23
22 24
22 25
22 27
22 28
22 29
22 31
22 32
22 33
22 34
22 418
22 36
22 419
22 421
22 42
22 85
22 86
22 87
22 89
22 90
22 91
22 93
22 94
22 95
22 96
22 98
23 24
23 12
23 22
24 12
24 17
24 22
24 23
24 25
24 26
25 24
25 17
25 22
26 24
26 17
26 12
27 32
27 481
27 34
27 35
27 36
27 37
27 67
27 39
27 40
27 41
27 476
27 478
27 17
27 22
27 474
27 475
27 28
27 29
27 30
27 479
28 27
28 29
28 22
29 17
29 22
29 27
29 28
29 30
29 31
30 17
30 27
30 29
31 17
31 29
31 22
32 33
32 34
32 35
32 37
32 38
32 39
32 41
32 42
32 43
32 44
32 46
32 85
32 22
32 86
32 88
32 27
33 32
33 34
33 22
34 32
34 33
34 35
34 36
34 22
34 27
35 32
35 34
35 27
36 34
36 27
36 22
37 27
37 32
37 38
37 39
37 40
37 42
37 44
37 45
37 46
37 47
37 49
37 50
37 51
37 57
37 67
37 467
37 468
37 469
37 471
37 472
37 473
37 478
37 479
37 480
38 32
38 37
38 39
39 32
39 37
39 38
39 40
39 41
39 27
40 27
40 37
40 39
41 32
41 27
41 39
42 518
42 519
42 520
42 22
42 32
42 37
42 43
42 44
42 45
42 47
42 48
42 49
42 51
42 52
42 53
42 54
42 56
42 86
42 87
42 88
42 89
42 91
42 92
42 93
43 32
43 42
43 44
44 32
44 37
44 42
44 43
44 45
44 46
45 42
45 44
45 37
46 32
46 44
46 37
47 37
47 42
47 48
47 49
47 50
47 466
47 52
47 467
47 54
47 55
47 56
47 57
47 469
47 59
47 60
47 61
48 49
48 42
48 47
49 37
49 42
49 47
49 48
49 50
49 51
50 49
50 37
50 47
51 49
51 42
51 37
52 518
52 519
52 521
52 42
52 47
52 53
52 54
52 55
52 57
52 58
52 59
52 61
52 62
52 63
52 64
52 66
52 89
52 94
52 99
52 100
52 101
52 103
52 105
52 106
52 107
52 109
52 110
52 111
53 42
53 52
53 54
54 42
54 47
54 52
54 53
54 55
54 56
55 52
55 54
55 47
56 42
56 54
56 47
57 64
57 65
57 66
57 67
57 69
57 70
57 71
57 37
57 47
57 466
57 467
57 52
57 468
57 470
57 471
57 473
57 58
57 59
57 60
57 62
58 57
58 59
58 52
59 47
59 52
59 57
59 58
59 60
59 61
60 57
60 59
60 47
61 59
61 52
61 47
62 52
62 57
62 63
62 64
62 65
62 67
62 68
62 69
62 71
62 72
62 73
62 74
62 76
62 103
62 108
62 109
62 110
62 112
62 114
62 115
62 116
62 118
62 119
62 120
63 64
63 52
63 62
64 65
64 66
64 52
64 57
64 62
64 63
65 64
65 57
65 62
66 64
66 57
66 52
67 17
67 27
67 37
67 57
67 62
67 68
67 69
67 70
67 72
67 74
67 75
67 76
67 78
67 79
67 80
67 470
67 471
67 472
67 475
67 476
67 477
67 479
67 480
67 481
68 67
68 69
68 62
69 67
69 68
69 70
69 71
69 57
69 62
70 57
70 67
70 69
71 57
71 69
71 62
72 128
72 4
72 7
72 17
72 62
72 67
72 73
72 74
72 75
72 77
72 78
72 80
72 81
72 82
72 84
72 112
72 117
72 118
72 119
72 122
72 123
72 124
72 126
72 127
73 72
73 74
73 62
74 67
74 72
74 73
74 75
74 76
74 62
75 72
75 74
75 67
76 74
76 67
76 62
77 72
77 17
77 78
78 67
78 72
78 77
78 79
78 80
78 17
79 17
79 67
79 78
80 72
80 67
80 78
81 72
81 82
81 7
82 7
82 72
82 81
82 17
82 83
82 84
83 17
83 82
83 7
84 72
84 17
84 82
85 32
85 86
85 22
86 32
86 42
86 85
86 22
86 87
86 88
87 86
87 42
87 22
88 32
88 42
88 86
89 96
89 97
89 98
89 100
89 101
89 102
89 519
89 520
89 521
89 42
89 52
89 22
89 90
89 91
89 92
89 94
90 89
90 91
90 22
91 42
91 22
91 89
91 90
91 92
91 93
92 89
92 42
92 91
93 42
93 91
93 22
94 0
94 384
94 385
94 387
94 12
94 22
94 419
94 420
94 421
94 423
94 424
94 425
94 52
94 89
94 95
94 96
94 97
94 99
94 100
94 102
94 103
94 104
94 105
94 107
95 96
95 94
95 22
96 97
96 98
96 22
96 89
96 94
96 95
97 96
97 89
97 94
98 96
98 89
98 22
99 100
99 52
99 94
100 99
100 101
100 102
100 52
100 89
100 94
101 100
101 89
101 52
102 89
102 100
102 94
103 0
103 385
103 386
103 387
103 388
103 516
103 390
103 391
103 392
103 515
103 517
103 52
103 62
103 94
103 104
103 105
103 106
103 108
103 109
103 111
103 112
103 113
103 114
103 116
104 105
104 94
104 103
105 103
105 104
105 106
105 107
105 52
105 94
106 105
106 52
106 103
107 105
107 52
107 94
108 109
108 62
108 103
109 103
109 108
109 110
109 111
109 52
109 62
110 52
110 109
110 62
111 52
111 109
111 103
112 514
112 515
112 4
112 388
112 516
112 103
112 72
112 397
112 398
112 399
112 113
112 114
112 115
112 117
112 118
112 120
112 121
112 122
112 124
112 62
113 112
113 114
113 103
114 103
114 112
114 113
114 115
114 116
114 62
115 112
115 114
115 62
116 114
116 62
116 103
117 112
117 72
117 118
118 72
118 112
118 117
118 119
118 120
118 62
119 72
119 118
119 62
120 112
120 118
120 62
121 112
121 122
121 4
122 4
122 72
122 112
122 121
122 123
122 124
123 72
123 122
123 4
124 72
124 122
124 112
125 4
125 126
125 7
126 128
126 4
126 7
126 72
126 125
126 127
127 72
127 126
127 7
128 72
128 4
128 126
129 160
129 161
129 130
129 131
129 132
129 133
129 162
129 135
129 164
129 165
129 166
129 168
129 169
129 170
129 172
129 155
130 129
130 131
130 132
130 133
130 134
130 136
130 137
130 138
130 140
130 141
130 142
130 143
130 145
130 146
130 151
130 152
130 153
130 155
130 156
130 157
130 159
130 160
130 161
130 163
131 129
131 130
131 132
132 129
132 130
132 131
132 133
132 134
132 135
133 129
133 130
133 132
133 164
133 134
133 135
133 136
133 169
133 138
133 139
133 140
133 170
133 171
133 173
133 174
133 176
134 130
134 132
134 133
135 129
135 132
135 133
136 130
136 164
136 133
136 137
136 138
136 139
136 141
136 173
136 143
136 144
136 145
136 146
136 174
136 148
136 149
136 150
136 175
136 498
136 499
136 501
137 136
137 130
137 138
138 130
138 133
138 136
138 137
138 139
138 140
139 136
139 138
139 133
140 130
140 133
140 138
141 130
141 136
141 142
141 143
141 144
141 146
141 147
141 148
141 150
141 151
141 152
141 154
142 130
142 141
142 143
143 130
143 136
143 141
143 142
143 144
143 145
144 136
144 141
144 143
145 136
145 130
145 143
146 130
146 503
146 164
146 136
146 141
146 505
146 498
146 147
146 148
146 149
146 499
146 500
146 152
146 153
146 154
146 155
146 502
146 157
146 158
146 159
147 146
147 148
147 141
148 136
148 141
148 146
148 147
148 149
148 150
149 136
149 146
149 148
150 136
150 148
150 141
151 152
151 130
151 141
152 130
152 141
152 146
152 151
152 153
152 154
153 152
153 130
153 146
154 152
154 146
154 141
155 129
155 130
155 162
155 161
155 163
155 164
155 167
155 166
155 168
155 146
155 502
155 503
155 504
155 156
155 157
155 158
156 130
156 155
156 157
157 130
157 146
157 155
157 156
157 158
157 159
158 146
158 155
158 157
159 146
159 157
159 130
160 129
160 130
160 161
161 160
161 129
161 130
161 162
161 163
161 155
162 161
162 129
162 155
163 161
163 130
163 155
164 129
164 165
164 166
164 167
164 133
164 136
164 170
164 171
164 172
164 174
164 175
164 176
164 146
164 499
164 500
164 501
164 503
164 504
164 505
164 155
165 129
165 164
165 166
166 129
166 164
166 165
166 167
166 168
166 155
167 155
167 164
167 166
168 129
168 155
168 166
169 129
169 170
169 133
170 129
170 164
170 133
170 169
170 171
170 172
171 170
171 164
171 133
172 129
172 170
172 164
173 136
173 133
173 174
174 164
174 133
174 136
174 173
174 175
174 176
175 136
175 164
175 174
176 164
176 133
176 174
177 218
177 204
177 430
177 431
177 433
177 178
177 179
177 180
177 181
177 213
177 183
177 214
177 215
177 219
177 220
177 189
178 193
178 217
178 218
178 177
178 179
178 180
178 181
178 182
178 184
178 185
178 186
178 219
178 188
178 189
178 190
178 191
179 177
179 178
179 180
180 177
180 178
180 179
180 181
180 182
180 183
181 439
181 194
181 441
181 204
181 430
181 431
181 432
181 177
181 178
181 435
181 180
181 436
181 182
181 183
181 184
181 437
181 186
181 187
181 188
181 438
182 178
182 180
182 181
183 177
183 180
183 181
184 192
184 193
184 194
184 196
184 197
184 198
184 178
184 181
184 438
184 439
184 440
184 185
184 186
184 187
184 189
184 191
185 184
185 186
185 178
186 178
186 181
186 184
186 185
186 187
186 188
187 184
187 186
187 181
188 186
188 178
188 181
189 177
189 178
189 184
189 190
189 191
189 192
189 194
189 195
189 196
189 198
189 199
189 200
189 201
189 203
189 204
189 209
189 210
189 211
189 213
189 214
189 216
189 217
189 218
189 220
190 178
190 189
190 191
191 192
191 193
191 178
191 184
191 189
191 190
192 184
192 189
192 191
193 184
193 178
193 191
194 195
194 196
194 197
194 440
194 199
194 201
194 202
194 203
194 204
194 206
194 207
194 208
194 434
194 435
194 436
194 181
194 439
194 184
194 441
194 189
195 194
195 196
195 189
196 194
196 195
196 197
196 198
196 184
196 189
197 184
197 194
197 196
198 184
198 196
198 189
199 194
199 200
199 201
199 202
199 204
199 205
199 206
199 208
199 209
199 210
199 212
199 189
200 201
200 189
200 199
201 194
201 199
201 200
201 202
201 203
201 189
202 201
202 194
202 199
203 201
203 194
203 189
204 194
204 199
204 205
204 206
204 207
204 432
204 177
204 210
204 211
204 212
204 181
204 214
204 215
204 216
204 431
204 433
204 434
204 435
204 189
204 437
205 204
205 206
205 199
206 194
206 199
206 204
206 205
206 207
206 208
207 194
207 204
207 206
208 194
208 206
208 199
209 210
209 189
209 199
210 199
210 204
210 209
210 211
210 212
210 189
211 210
211 204
211 189
212 210
212 204
212 199
213 177
213 189
213 214
214 204
214 177
214 213
214 215
214 216
214 189
215 177
215 204
215 214
216 204
216 189
216 214
217 218
217 178
217 189
218 177
218 178
218 217
218 219
218 220
218 189
219 177
219 178
219 218
220 177
220 218
220 189
221 224
221 225
221 257
221 227
221 258
221 259
221 262
221 263
221 264
221 233
221 523
221 524
221 525
221 248
221 222
221 223
222 224
222 225
222 226
222 228
222 229
222 230
222 261
222 232
222 233
222 234
222 235
222 262
222 237
222 263
222 221
222 223
223 224
223 221
223 222
224 225
224 226
224 227
224 221
224 222
224 223
225 224
225 226
225 227
225 228
225 484
225 230
225 231
225 232
225 483
225 485
225 486
225 487
225 489
225 238
225 522
225 523
225 525
225 248
225 221
225 222
226 224
226 225
226 222
227 224
227 225
227 221
228 225
228 482
228 483
228 229
228 230
228 231
228 485
228 233
228 235
228 236
228 237
228 238
228 240
228 241
228 242
228 222
229 228
229 222
229 230
230 225
230 228
230 229
230 231
230 232
230 222
231 225
231 228
231 230
232 225
232 222
232 230
233 257
233 258
233 260
233 261
233 262
233 264
233 221
233 222
233 228
233 234
233 235
233 236
233 238
233 239
233 240
233 242
233 243
233 244
233 245
233 247
233 248
233 253
233 254
233 255
234 233
234 235
234 222
235 228
235 233
235 234
235 236
235 237
235 222
236 233
236 235
236 228
237 235
237 228
237 222
238 225
238 482
238 483
238 228
238 484
238 487
238 488
238 233
238 489
238 239
238 240
238 241
238 243
238 245
238 246
238 247
238 248
238 249
238 250
238 252
239 240
239 233
239 238
240 228
240 233
240 238
240 239
240 241
240 242
241 240
241 228
241 238
242 240
242 233
242 228
243 256
243 233
243 238
243 244
243 245
243 246
243 248
243 250
243 251
243 252
243 253
243 254
244 233
244 243
244 245
245 233
245 238
245 243
245 244
245 246
245 247
246 243
246 245
246 238
247 233
247 245
247 238
248 256
248 225
248 258
248 259
248 260
248 486
248 487
248 488
248 233
248 522
248 523
248 524
248 238
248 243
248 249
248 250
248 251
248 221
248 254
248 255
249 248
249 250
249 238
250 238
250 243
250 248
250 249
250 251
250 252
251 248
251 250
251 243
252 250
252 243
252 238
253 233
253 243
253 254
254 256
254 233
254 243
254 248
254 253
254 255
255 248
255 233
255 254
256 248
256 243
256 254
257 233
257 258
257 221
258 257
258 259
258 260
258 233
258 248
258 221
259 248
259 258
259 221
260 248
260 233
260 258
261 233
261 222
261 262
262 261
262 263
262 264
262 233
262 221
262 222
263 221
263 222
263 262
264 233
264 221
264 262
265 292
265 266
265 267
265 268
265 269
265 301
265 271
265 302
265 303
265 305
265 306
265 308
265 277
265 528
265 527
265 529
266 265
266 267
266 268
266 269
266 270
266 272
266 273
266 274
266 305
266 276
266 277
266 306
266 279
266 280
266 281
266 307
267 265
267 266
267 268
268 265
268 266
268 267
268 269
268 270
268 271
269 292
269 265
269 266
269 491
269 268
269 492
269 270
269 271
269 272
269 493
269 274
269 275
269 276
269 496
269 495
269 497
269 526
269 529
269 282
269 527
270 266
270 268
270 269
271 265
271 268
271 269
272 266
272 490
272 491
272 269
272 493
272 273
272 274
272 275
272 277
272 278
272 279
272 281
272 282
272 284
272 285
272 286
273 272
273 266
273 274
274 266
274 269
274 272
274 273
274 275
274 276
275 272
275 274
275 269
276 266
276 274
276 269
277 265
277 266
277 272
277 278
277 279
277 280
277 282
277 283
277 284
277 286
277 287
277 288
277 289
277 291
277 292
277 297
277 298
277 299
277 301
277 302
277 304
277 306
277 307
277 308
278 272
278 277
278 279
279 266
279 272
279 277
279 278
279 280
279 281
280 266
280 277
280 279
281 272
281 266
281 279
282 289
282 290
282 291
282 292
282 294
282 295
282 296
282 490
282 491
282 492
282 269
282 494
282 495
282 272
282 497
282 277
282 283
282 284
282 285
282 287
283 282
283 284
283 277
284 272
284 277
284 282
284 283
284 285
284 286
285 272
285 282
285 284
286 272
286 284
286 277
287 288
287 289
287 290
287 292
287 293
287 294
287 296
287 297
287 298
287 300
287 277
287 282
288 289
288 277
288 287
289 288
289 290
289 291
289 277
289 282
289 287
290 289
290 282
290 287
291 289
291 282
291 277
292 293
292 294
292 295
292 265
292 298
292 299
292 300
292 269
292 302
292 303
292 304
292 494
292 495
292 496
292 526
292 277
292 527
292 528
292 282
292 287
293 292
293 294
293 287
294 292
294 293
294 295
294 296
294 282
294 287
295 282
295 292
295 294
296 282
296 294
296 287
297 298
297 277
297 287
298 292
298 297
298 299
298 300
298 277
298 287
299 298
299 292
299 277
300 298
300 292
300 287
301 265
301 277
301 302
302 292
302 265
302 301
302 303
302 304
302 277
303 265
303 292
303 302
304 292
304 277
304 302
305 265
305 266
305 306
306 265
306 266
306 305
306 307
306 308
306 277
307 266
307 306
307 277
308 265
308 306
308 277
309 512
309 321
309 513
309 535
309 331
309 537
309 507
309 310
309 311
309 312
309 313
309 506
309 315
309 534
309 509
309 511
310 320
310 321
310 322
310 323
310 535
310 325
310 536
310 537
310 309
310 311
310 312
310 313
310 314
310 316
310 317
310 318
311 312
311 309
311 310
312 309
312 310
312 311
312 313
312 314
312 315
313 320
313 509
313 507
313 345
313 331
313 346
313 508
313 336
313 343
313 309
313 310
313 341
313 312
313 342
313 314
313 315
313 316
313 348
313 318
313 319
314 312
314 313
314 310
315 312
315 313
315 309
316 321
316 323
316 324
316 325
316 326
316 328
316 329
316 330
316 345
316 336
316 530
316 531
316 532
316 310
316 313
316 346
316 347
316 317
316 318
316 319
317 318
317 316
317 310
318 320
318 310
318 313
318 316
318 317
318 319
319 313
319 316
319 318
320 318
320 313
320 310
321 512
321 322
321 323
321 324
321 535
321 326
321 327
321 328
321 330
321 331
321 332
321 333
321 335
321 309
321 310
321 534
321 536
321 316
321 510
321 511
322 321
322 323
322 310
323 321
323 322
323 324
323 325
323 310
323 316
324 321
324 323
324 316
325 323
325 316
325 310
326 321
326 327
326 328
326 329
326 331
326 333
326 334
326 335
326 336
326 338
326 339
326 340
326 532
326 531
326 533
326 316
327 328
327 321
327 326
328 321
328 326
328 327
328 329
328 330
328 316
329 328
329 316
329 326
330 328
330 321
330 316
331 321
331 513
331 326
331 332
331 333
331 334
331 336
331 337
331 338
331 340
331 341
331 342
331 309
331 344
331 313
331 506
331 507
331 508
331 510
331 511
332 321
332 331
332 333
333 321
333 326
333 331
333 332
333 334
333 335
334 331
334 333
334 326
335 321
335 333
335 326
336 326
336 331
336 531
336 337
336 338
336 339
336 348
336 530
336 342
336 343
336 344
336 313
336 346
336 347
336 316
336 533
337 336
337 338
337 331
338 326
338 331
338 336
338 337
338 339
338 340
339 336
339 338
339 326
340 338
340 331
340 326
341 313
341 331
341 342
342 331
342 336
342 341
342 343
342 344
342 313
343 336
343 313
343 342
344 336
344 331
344 342
345 313
345 346
345 316
346 313
346 336
346 348
346 345
346 347
346 316
347 336
347 346
347 316
348 336
348 313
348 346
349 352
349 353
349 382
349 355
349 361
349 401
349 402
349 371
349 403
349 405
349 406
349 407
349 413
349 409
349 410
349 411
349 380
349 381
349 350
349 351
350 352
350 353
350 354
350 356
350 357
350 358
350 360
350 361
350 362
350 363
350 365
350 401
350 402
350 404
350 349
350 351
351 352
351 349
351 350
352 353
352 354
352 355
352 349
352 350
352 351
353 352
353 354
353 355
353 356
353 382
353 358
353 359
353 360
353 541
353 366
353 381
353 371
353 376
353 377
353 378
353 539
353 540
353 349
353 350
353 383
354 352
354 353
354 350
355 352
355 353
355 349
356 353
356 357
356 358
356 359
356 361
356 363
356 364
356 365
356 366
356 368
356 369
356 370
356 538
356 539
356 541
356 350
357 358
357 356
357 350
358 353
358 356
358 357
358 359
358 360
358 350
359 353
359 356
359 358
360 353
360 358
360 350
361 402
361 403
361 404
361 405
361 407
361 408
361 409
361 414
361 415
361 416
361 349
361 350
361 356
361 362
361 363
361 364
361 366
361 367
361 368
361 370
361 371
361 372
361 373
361 375
362 361
362 363
362 350
363 356
363 361
363 362
363 364
363 365
363 350
364 361
364 363
364 356
365 363
365 356
365 350
366 353
366 356
366 361
366 367
366 368
366 369
366 371
366 538
366 373
366 374
366 375
366 539
366 377
366 378
366 379
366 540
367 368
367 361
367 366
368 356
368 361
368 366
368 367
368 369
368 370
369 368
369 356
369 366
370 368
370 361
370 356
371 353
371 417
371 414
371 412
371 415
371 361
371 366
371 381
371 372
371 373
371 374
371 411
371 376
371 377
371 410
371 379
371 380
371 349
371 405
371 383
372 361
372 371
372 373
373 361
373 366
373 371
373 372
373 374
373 375
374 371
374 373
374 366
375 361
375 373
375 366
376 353
376 371
376 377
377 353
377 366
377 371
377 376
377 378
377 379
378 353
378 366
378 377
379 377
379 371
379 366
380 381
380 371
380 349
381 353
381 371
381 380
381 349
381 382
381 383
382 353
382 381
382 349
383 353
383 371
383 381
384 0
384 385
384 94
385 0
385 384
385 386
385 387
385 103
385 94
386 0
386 385
386 103
387 385
387 94
387 103
388 0
388 514
388 515
388 4
388 389
388 390
388 391
388 103
388 517
388 394
388 395
388 396
388 398
388 399
388 112
388 400
389 0
389 388
389 390
390 0
390 388
390 389
390 391
390 103
390 392
391 388
391 390
391 103
392 0
392 390
392 103
393 0
393 394
393 4
394 0
394 4
394 388
394 393
394 395
394 396
395 388
395 394
395 4
396 0
396 394
396 388
397 112
397 4
397 398
398 388
398 4
398 397
398 399
398 112
398 400
399 112
399 388
399 398
400 388
400 4
400 398
401 402
401 349
401 350
402 361
402 401
402 403
402 404
402 349
402 350
403 361
403 402
403 349
404 361
404 402
404 350
405 416
405 417
405 361
405 371
405 406
405 407
405 408
405 411
405 412
405 349
405 413
405 415
406 349
406 405
406 407
407 361
407 405
407 406
407 408
407 409
407 349
408 361
408 405
408 407
409 361
409 349
409 407
410 371
410 411
410 349
411 371
411 405
411 410
411 412
411 349
411 413
412 371
412 411
412 405
413 411
413 349
413 405
414 361
414 371
414 415
415 416
415 417
415 361
415 371
415 405
415 414
416 361
416 405
416 415
417 371
417 405
417 415
418 419
418 12
418 22
419 418
419 420
419 421
419 12
419 22
419 94
420 419
420 12
420 94
421 419
421 94
421 22
422 0
422 12
422 423
423 0
423 422
423 424
423 425
423 12
423 94
424 0
424 94
424 423
425 12
425 94
425 423
426 1
426 427
426 12
427 0
427 1
427 426
427 428
427 12
427 429
428 0
428 1
428 427
429 0
429 427
429 12
430 177
430 181
430 431
431 204
431 430
431 432
431 177
431 433
431 181
432 204
432 181
432 431
433 177
433 204
433 431
434 194
434 435
434 204
435 194
435 204
435 434
435 436
435 181
435 437
436 194
436 435
436 181
437 435
437 204
437 181
438 184
438 181
438 439
439 194
439 440
439 181
439 438
439 184
439 441
440 184
440 194
440 439
441 194
441 181
441 439
442 448
442 443
442 444
442 445
442 446
443 449
443 450
443 451
443 453
443 442
443 444
443 445
443 446
443 447
444 442
444 443
444 445
445 448
445 442
445 443
445 444
445 446
445 447
446 448
446 449
446 451
446 452
446 453
446 442
446 443
446 445
446 447
447 443
447 445
447 446
448 442
448 445
448 446
449 450
449 451
449 452
449 443
449 446
450 449
450 443
450 451
451 449
451 450
451 452
451 453
451 443
451 446
452 449
452 451
452 446
453 443
453 446
453 451
454 455
454 456
454 457
454 458
454 460
455 454
455 456
455 457
455 458
455 459
455 461
455 462
455 463
455 465
456 457
456 454
456 455
457 454
457 455
457 456
457 458
457 459
457 460
458 454
458 455
458 457
458 459
458 460
458 461
458 463
458 464
458 465
459 457
459 458
459 455
460 457
460 458
460 454
461 455
461 458
461 462
461 463
461 464
462 463
462 461
462 455
463 455
463 458
463 461
463 462
463 464
463 465
464 458
464 461
464 463
465 458
465 463
465 455
466 57
466 467
466 47
467 37
467 47
467 466
467 468
467 469
467 57
468 57
468 467
468 37
469 467
469 37
469 47
470 57
470 67
470 471
471 67
471 37
471 473
471 470
471 472
471 57
472 67
472 37
472 471
473 57
473 37
473 471
474 17
474 27
474 475
475 67
475 17
475 474
475 27
475 476
475 477
476 67
476 27
476 475
477 17
477 67
477 475
478 27
478 37
478 479
479 480
479 481
479 67
479 37
479 27
479 478
480 67
480 37
480 479
481 27
481 67
481 479
482 483
482 228
482 238
483 225
483 482
483 228
483 484
483 485
483 238
484 225
484 483
484 238
485 225
485 483
485 228
486 248
486 225
486 487
487 225
487 486
487 488
487 489
487 238
487 248
488 248
488 238
488 487
489 225
489 238
489 487
490 272
490 282
490 491
491 490
491 492
491 269
491 493
491 272
491 282
492 282
492 491
492 269
493 272
493 491
493 269
494 282
494 292
494 495
495 292
495 269
495 494
495 496
495 497
495 282
496 292
496 269
496 495
497 282
497 269
497 495
498 136
498 146
498 499
499 164
499 136
499 146
499 498
499 500
499 501
500 146
500 499
500 164
501 136
501 499
501 164
502 146
502 155
502 503
503 164
503 146
503 502
503 504
503 505
503 155
504 155
504 164
504 503
505 146
505 164
505 503
506 331
506 309
506 507
507 331
507 309
507 313
507 506
507 508
507 509
508 313
508 331
508 507
509 313
509 507
509 309
510 321
510 331
510 511
511 512
511 321
511 513
511 331
511 309
511 510
512 321
512 309
512 511
513 331
513 309
513 511
514 112
514 515
514 388
515 514
515 388
515 516
515 517
515 103
515 112
516 112
516 515
516 103
517 515
517 388
517 103
518 42
518 52
518 519
519 518
519 520
519 521
519 42
519 52
519 89
520 89
520 42
520 519
521 89
521 52
521 519
522 248
522 225
522 523
523 225
523 522
523 524
523 525
523 248
523 221
524 248
524 523
524 221
525 225
525 523
525 221
526 292
526 269
526 527
527 292
527 265
527 269
527 526
527 528
527 529
528 265
528 292
528 527
529 265
529 269
529 527
530 336
530 531
530 316
531 326
531 336
531 530
531 532
531 533
531 316
532 531
532 316
532 326
533 336
533 531
533 326
534 321
534 309
534 535
535 321
535 309
535 310
535 534
535 536
535 537
536 321
536 310
536 535
537 309
537 310
537 535
538 539
538 356
538 366
539 353
539 356
539 366
539 538
539 540
539 541
540 353
540 539
540 366
541 353
541 539
541 356
542 544
542 545
542 546
542 1155
542 548
542 1156
542 1157
542 1195
542 1196
542 1197
542 594
542 1146
542 603
542 604
542 605
542 543
543 544
543 545
543 546
543 547
543 549
543 550
543 551
543 1191
543 553
543 554
543 555
543 556
543 1192
543 558
543 1193
543 1195
543 1196
543 1198
543 1146
543 542
544 545
544 542
544 543
545 544
545 546
545 547
545 548
545 542
545 543
546 1176
546 1177
546 1178
546 1180
546 1181
546 542
546 543
546 1182
546 545
546 1185
546 547
546 548
546 549
546 1184
546 551
546 552
546 553
546 1186
546 1189
546 1188
546 1190
546 559
546 569
546 579
546 589
546 594
546 599
546 600
546 601
546 604
546 605
546 606
547 545
547 546
547 543
548 545
548 546
548 542
549 546
549 550
549 551
549 552
549 554
549 556
549 557
549 558
549 559
549 561
549 562
549 563
549 1175
549 1176
549 1178
549 543
550 551
550 549
550 543
551 546
551 549
551 550
551 552
551 553
551 543
552 546
552 549
552 551
553 546
553 551
553 543
554 1171
554 1172
554 1173
554 543
554 549
554 1191
554 1192
554 1194
554 555
554 556
554 557
554 559
554 560
554 561
554 563
554 564
554 565
554 566
554 568
554 584
554 1146
554 1147
554 1148
554 1150
555 554
555 556
555 543
556 549
556 554
556 555
556 557
556 558
556 543
557 554
557 556
557 549
558 556
558 549
558 543
559 546
559 1175
559 1177
559 549
559 554
559 1179
559 560
559 561
559 562
559 1176
559 564
559 566
559 567
559 568
559 569
559 570
559 571
559 1180
559 573
559 1182
560 561
560 554
560 559
561 549
561 554
561 559
561 560
561 562
561 563
562 561
562 549
562 559
563 561
563 554
563 549
564 910
564 1039
564 1038
564 1040
564 1167
564 915
564 1168
564 1169
564 1171
564 1172
564 920
564 921
564 922
564 1174
564 924
564 925
564 927
564 554
564 559
564 565
564 566
564 567
564 569
564 571
564 572
564 573
564 574
564 576
564 577
564 578
564 584
564 1014
564 895
565 554
565 564
565 566
566 554
566 559
566 564
566 565
566 567
566 568
567 564
567 566
567 559
568 554
568 566
568 559
569 576
569 1183
569 578
569 579
569 580
569 581
569 546
569 583
569 1184
569 1186
569 1179
569 559
569 1180
569 564
569 570
569 571
569 572
569 1181
569 574
569 575
570 569
570 571
570 559
571 559
571 564
571 569
571 570
571 572
571 573
572 569
572 571
572 564
573 571
573 564
573 559
574 1167
574 1168
574 1170
574 676
574 686
574 564
574 696
574 569
574 575
574 576
574 577
574 579
574 581
574 582
574 583
574 584
574 585
574 586
574 588
574 1006
574 1007
574 1008
574 1010
574 1011
574 1013
574 1014
574 1016
574 1017
574 1018
575 576
575 569
575 574
576 577
576 578
576 564
576 569
576 574
576 575
577 576
577 564
577 574
578 576
578 569
578 564
579 1184
579 1185
579 546
579 1187
579 580
579 581
579 582
579 1188
579 584
579 1190
579 586
579 587
579 588
579 589
579 591
579 592
579 593
579 569
579 574
579 1183
580 569
580 579
580 581
581 579
581 580
581 582
581 583
581 569
581 574
582 579
582 581
582 574
583 569
583 581
583 574
584 1152
584 1153
584 1154
584 1168
584 1169
584 1170
584 1172
584 1173
584 1174
584 554
584 564
584 574
584 579
584 585
584 586
584 587
584 589
584 590
584 591
584 593
584 594
584 595
584 596
584 598
584 1146
584 1148
584 1149
584 1150
585 584
585 586
585 574
586 579
586 584
586 585
586 587
586 588
586 574
587 584
587 586
587 579
588 586
588 579
588 574
589 546
589 579
589 1187
589 1188
589 1189
589 584
589 590
589 591
589 592
589 594
589 596
589 597
589 598
589 600
589 601
589 602
590 584
590 589
590 591
591 579
591 584
591 589
591 590
591 592
591 593
592 579
592 589
592 591
593 584
593 579
593 591
594 1152
594 1153
594 546
594 1156
594 1157
594 1146
594 1158
594 584
594 606
594 589
594 595
594 596
594 597
594 599
594 600
594 602
594 603
594 604
594 542
594 1151
595 584
595 594
595 596
596 584
596 589
596 594
596 595
596 597
596 598
597 594
597 596
597 589
598 584
598 596
598 589
599 600
599 594
599 546
600 546
600 589
600 594
600 599
600 601
600 602
601 600
601 546
601 589
602 600
602 594
602 589
603 594
603 604
603 542
604 546
604 606
604 594
604 603
604 605
604 542
605 546
605 604
605 542
606 546
606 604
606 594
607 608
607 609
607 610
607 611
607 640
607 613
607 641
607 619
607 1231
607 624
607 1232
607 1234
607 629
607 630
607 631
607 633
607 634
607 635
607 637
607 639
608 609
608 610
608 611
608 612
608 614
608 615
608 616
608 618
608 619
608 620
608 621
608 623
608 1232
608 1233
608 1234
608 607
609 608
609 610
609 607
610 608
610 609
610 611
610 612
610 613
610 607
611 608
611 640
611 610
611 642
611 612
611 613
611 614
611 645
611 616
611 617
611 618
611 644
611 646
611 647
611 648
611 639
611 650
611 633
611 638
611 607
612 608
612 610
612 611
613 610
613 611
613 607
614 642
614 647
614 648
614 649
614 651
614 652
614 654
614 655
614 656
614 658
614 608
614 611
614 615
614 616
614 617
614 619
614 621
614 622
614 623
614 624
614 626
614 627
614 628
614 633
615 608
615 616
615 614
616 608
616 611
616 614
616 615
616 617
616 618
617 616
617 611
617 614
618 608
618 611
618 616
619 608
619 614
619 620
619 621
619 622
619 1231
619 624
619 625
619 626
619 1232
619 628
619 629
619 630
619 1233
619 632
619 607
620 608
620 619
620 621
621 608
621 614
621 619
621 620
621 622
621 623
622 619
622 621
622 614
623 608
623 621
623 614
624 614
624 619
624 655
624 656
624 625
624 626
624 627
624 657
624 630
624 631
624 632
624 633
624 635
624 636
624 637
624 607
625 624
625 626
625 619
626 614
626 619
626 624
626 625
626 627
626 628
627 624
627 626
627 614
628 626
628 619
628 614
629 619
629 630
629 607
630 619
630 624
630 629
630 631
630 632
630 607
631 624
631 630
631 607
632 624
632 619
632 630
633 641
633 642
633 611
633 643
633 644
633 646
633 614
633 651
633 652
633 653
633 639
633 624
633 657
633 656
633 658
633 634
633 635
633 636
633 638
633 607
634 633
634 635
634 607
635 624
635 633
635 634
635 636
635 637
635 607
636 624
636 633
636 635
637 624
637 635
637 607
638 633
638 611
638 639
639 640
639 641
639 611
639 633
639 638
639 607
640 611
640 639
640 607
641 633
641 639
641 607
642 611
642 643
642 644
642 645
642 614
642 648
642 649
642 650
642 652
642 653
642 654
642 633
643 633
643 642
643 644
644 642
644 611
644 643
644 645
644 646
644 633
645 642
645 611
645 644
646 633
646 611
646 644
647 648
647 611
647 614
648 642
648 611
648 614
648 647
648 649
648 650
649 648
649 642
649 614
650 648
650 642
650 611
651 633
651 652
651 614
652 642
652 614
652 651
652 653
652 654
652 633
653 633
653 642
653 652
654 642
654 652
654 614
655 624
655 656
655 614
656 614
656 655
656 624
656 657
656 658
656 633
657 624
657 633
657 656
658 656
658 633
658 614
659 1061
659 1062
659 1063
659 1065
659 1067
659 1068
659 1069
659 1071
659 1072
659 849
659 1073
659 660
659 661
659 662
659 663
659 665
660 659
660 661
660 662
660 663
660 664
660 666
660 667
660 668
660 670
660 671
660 672
660 673
660 675
660 1065
660 1070
660 1071
660 1072
660 1075
660 1076
660 1077
660 1082
660 1087
660 1088
660 1089
660 1091
660 1092
660 1094
660 849
660 853
661 659
661 660
661 662
662 659
662 660
662 661
662 663
662 664
662 665
663 1058
663 1059
663 1028
663 1060
663 1062
663 1063
663 1064
663 849
663 659
663 660
663 662
663 664
663 665
663 666
663 668
663 669
663 670
664 660
664 662
664 663
665 659
665 662
665 663
666 1025
666 1026
666 1027
666 1028
666 1029
666 1030
666 1032
666 660
666 663
666 667
666 668
666 669
666 671
666 673
666 674
666 675
666 676
666 678
666 679
666 680
666 1014
666 1019
666 1020
666 1021
666 1023
667 668
667 666
667 660
668 660
668 663
668 666
668 667
668 669
668 670
669 666
669 668
669 663
670 668
670 660
670 663
671 660
671 666
671 672
671 673
671 674
671 676
671 677
671 678
671 680
671 681
671 682
671 683
671 685
671 1078
671 1079
671 1080
671 696
671 1082
671 1083
671 1084
671 1086
671 1087
671 1088
671 705
671 706
671 707
671 1090
671 876
672 673
672 660
672 671
673 672
673 674
673 675
673 660
673 666
673 671
674 673
674 666
674 671
675 673
675 666
675 660
676 666
676 671
676 677
676 678
676 679
676 681
676 683
676 684
676 685
676 686
676 688
676 689
676 690
676 574
676 1010
676 1011
676 1012
676 1014
676 1015
676 1016
676 1018
676 1020
676 1021
676 1022
677 676
677 678
677 671
678 676
678 677
678 679
678 680
678 666
678 671
679 666
679 676
679 678
680 666
680 678
680 671
681 705
681 706
681 676
681 708
681 682
681 683
681 684
681 686
681 687
681 688
681 703
681 690
681 691
681 692
681 693
681 695
681 696
681 701
681 702
681 671
682 681
682 683
682 671
683 676
683 681
683 682
683 684
683 685
683 671
684 681
684 683
684 676
685 683
685 676
685 671
686 676
686 681
686 1013
686 687
686 688
686 689
686 1008
686 691
686 1007
686 693
686 694
686 695
686 696
686 1009
686 698
686 699
686 700
686 1012
686 574
686 1011
687 688
687 681
687 686
688 676
688 681
688 686
688 687
688 689
688 690
689 688
689 676
689 686
690 688
690 681
690 676
691 704
691 681
691 686
691 692
691 693
691 694
691 696
691 697
691 698
691 700
691 701
691 702
692 681
692 691
692 693
693 681
693 686
693 691
693 692
693 694
693 695
694 691
694 693
694 686
695 681
695 693
695 686
696 671
696 681
696 686
696 691
696 1078
696 1079
696 697
696 698
696 699
696 1081
696 574
696 702
696 704
696 703
696 706
696 707
696 708
696 876
696 1006
696 1007
696 881
696 1009
696 886
696 887
696 888
697 696
697 698
697 691
698 686
698 691
698 696
698 697
698 699
698 700
699 696
699 698
699 686
700 698
700 691
700 686
701 681
701 691
701 702
702 704
702 681
702 691
702 696
702 701
702 703
703 696
703 681
703 702
704 696
704 691
704 702
705 681
705 706
705 671
706 705
706 707
706 708
706 681
706 696
706 671
707 696
707 706
707 671
708 696
708 681
708 706
709 1207
709 1208
709 1209
709 710
709 711
709 712
709 713
709 715
709 716
709 718
709 719
709 720
709 726
709 731
709 736
709 737
709 738
709 740
709 742
709 743
709 744
709 745
709 746
709 748
710 709
710 711
710 712
710 713
710 714
710 716
710 717
710 718
710 720
710 721
710 722
710 723
710 753
710 725
710 754
710 755
711 712
711 709
711 710
712 709
712 710
712 711
712 713
712 714
712 715
713 740
713 709
713 710
713 712
713 745
713 714
713 715
713 746
713 747
713 750
713 751
713 752
713 721
713 754
713 755
713 756
714 712
714 713
714 710
715 712
715 713
715 709
716 709
716 710
716 1210
716 717
716 718
716 719
716 721
716 723
716 724
716 725
716 726
716 727
716 728
716 1209
716 730
716 1208
717 716
717 718
717 710
718 709
718 710
718 716
718 717
718 719
718 720
719 716
719 709
719 718
720 718
720 709
720 710
721 1211
721 1212
721 1213
721 710
721 713
721 716
721 722
721 723
721 724
721 726
721 728
721 729
721 730
721 731
721 733
721 734
721 735
721 740
721 749
721 750
721 751
721 753
721 754
721 756
722 721
722 723
722 710
723 710
723 716
723 721
723 722
723 724
723 725
724 721
724 723
724 716
725 723
725 716
725 710
726 737
726 738
726 739
726 709
726 716
726 1207
726 721
726 727
726 728
726 729
726 1210
726 731
726 732
726 733
726 1208
726 735
727 728
727 716
727 726
728 716
728 721
728 726
728 727
728 729
728 730
729 728
729 721
729 726
730 728
730 721
730 716
731 736
731 737
731 739
731 740
731 709
731 741
731 742
731 744
731 1214
731 721
731 1212
731 726
731 1211
731 732
731 733
731 734
732 731
732 733
732 726
733 721
733 726
733 731
733 732
733 734
733 735
734 721
734 731
734 733
735 721
735 733
735 726
736 737
736 731
736 709
737 736
737 738
737 739
737 709
737 726
737 731
738 737
738 709
738 726
739 737
739 731
739 726
740 709
740 741
740 742
740 743
740 713
740 746
740 747
740 748
740 749
740 750
740 752
740 721
740 731
740 1212
740 1213
740 1214
741 731
741 740
741 742
742 740
742 709
742 741
742 743
742 744
742 731
743 740
743 709
743 742
744 731
744 709
744 742
745 713
745 746
745 709
746 740
746 709
746 713
746 745
746 747
746 748
747 713
747 746
747 740
748 746
748 740
748 709
749 721
749 740
749 750
750 740
750 713
750 749
750 751
750 752
750 721
751 721
751 713
751 750
752 713
752 740
752 750
753 721
753 754
753 710
754 710
754 713
754 753
754 721
754 755
754 756
755 713
755 754
755 710
756 713
756 754
756 721
757 795
757 769
757 800
757 801
757 802
757 804
757 794
757 788
757 758
757 759
757 760
757 761
757 793
757 763
757 797
757 798
758 768
758 769
758 770
758 771
758 801
758 773
758 802
758 803
758 757
758 759
758 760
758 761
758 762
758 764
758 765
758 766
759 760
759 757
759 758
760 757
760 758
760 759
760 761
760 762
760 763
761 768
761 774
761 779
761 784
761 785
761 786
761 788
761 790
761 791
761 792
761 794
761 795
761 796
761 1227
761 1228
761 1229
761 757
761 758
761 760
761 762
761 763
761 764
761 766
761 767
762 760
762 761
762 758
763 760
763 761
763 757
764 769
764 771
764 772
764 773
764 774
764 776
764 777
764 778
764 1228
764 1229
764 1230
764 758
764 761
764 765
764 766
764 767
765 764
765 758
765 766
766 768
766 758
766 761
766 764
766 765
766 767
767 761
767 764
767 766
768 761
768 758
768 766
769 770
769 771
769 772
769 774
769 775
769 776
769 778
769 779
769 780
769 781
769 783
769 788
769 797
769 798
769 799
769 802
769 803
769 804
769 1223
769 1224
769 1225
769 757
769 758
769 764
770 769
770 771
770 758
771 769
771 770
771 772
771 773
771 758
771 764
772 769
772 771
772 764
773 771
773 764
773 758
774 769
774 775
774 776
774 777
774 779
774 1227
774 781
774 782
774 783
774 1228
774 785
774 786
774 787
774 1230
774 761
774 764
775 776
775 769
775 774
776 769
776 774
776 775
776 777
776 778
776 764
777 776
777 764
777 774
778 776
778 769
778 764
779 769
779 774
779 1223
779 1224
779 1226
779 780
779 781
779 782
779 784
779 785
779 787
779 788
779 789
779 790
779 792
779 761
780 769
780 779
780 781
781 769
781 774
781 779
781 780
781 782
781 783
782 779
782 781
782 774
783 769
783 781
783 774
784 761
784 779
784 785
785 774
785 779
785 784
785 786
785 787
785 761
786 761
786 774
786 785
787 785
787 779
787 774
788 800
788 769
788 1224
788 1225
788 1226
788 779
788 789
788 790
788 791
788 757
788 761
788 793
788 794
788 796
788 798
788 799
789 779
789 788
789 790
790 779
790 788
790 789
790 791
790 792
790 761
791 761
791 788
791 790
792 761
792 779
792 790
793 794
793 788
793 757
794 788
794 761
794 757
794 793
794 795
794 796
795 761
795 794
795 757
796 761
796 794
796 788
797 769
797 757
797 798
798 800
798 769
798 788
798 757
798 797
798 799
799 769
799 788
799 798
800 788
800 757
800 798
801 802
801 757
801 758
802 801
802 769
802 803
802 804
802 757
802 758
803 769
803 802
803 758
804 769
804 802
804 757
805 832
805 806
805 807
805 808
805 809
805 841
805 811
805 842
805 843
805 846
805 847
805 848
805 817
805 1134
805 1135
805 1137
806 805
806 807
806 808
806 809
806 810
806 812
806 813
806 814
806 845
806 816
806 817
806 818
806 819
806 846
806 821
806 847
807 808
807 805
807 806
808 805
808 806
808 807
808 809
808 810
808 811
809 832
809 1145
809 805
809 806
809 808
809 810
809 811
809 812
809 814
809 815
809 816
809 1134
809 1135
809 1136
809 1138
809 1139
809 822
809 1141
809 1142
809 1143
810 808
810 809
810 806
811 808
811 809
811 805
812 806
812 809
812 813
812 814
812 815
812 817
812 819
812 820
812 821
812 822
812 1142
812 824
812 825
812 826
812 1143
812 1144
813 814
813 812
813 806
814 806
814 809
814 812
814 813
814 815
814 816
815 809
815 812
815 814
816 814
816 809
816 806
817 805
817 806
817 812
817 818
817 819
817 820
817 822
817 823
817 824
817 826
817 827
817 828
817 829
817 831
817 832
817 837
817 838
817 839
817 841
817 842
817 844
817 845
817 846
817 848
818 817
818 819
818 806
819 806
819 812
819 817
819 818
819 820
819 821
820 817
820 819
820 812
821 819
821 812
821 806
822 832
822 1145
822 834
822 835
822 836
822 809
822 812
822 817
822 1138
822 1139
822 1140
822 1143
822 823
822 824
822 825
822 827
822 1144
822 829
822 830
822 831
823 824
823 817
823 822
824 812
824 817
824 822
824 823
824 825
824 826
825 824
825 812
825 822
826 824
826 817
826 812
827 832
827 833
827 834
827 836
827 837
827 838
827 840
827 817
827 822
827 828
827 829
827 830
828 817
828 827
828 829
829 817
829 822
829 827
829 828
829 830
829 831
830 827
830 829
830 822
831 817
831 829
831 822
832 833
832 834
832 835
832 805
832 838
832 839
832 840
832 809
832 842
832 843
832 844
832 1135
832 1136
832 817
832 1137
832 1139
832 1140
832 1141
832 822
832 827
833 832
833 834
833 827
834 832
834 833
834 835
834 836
834 822
834 827
835 832
835 834
835 822
836 834
836 827
836 822
837 817
837 827
837 838
838 832
838 837
838 839
838 840
838 817
838 827
839 832
839 817
839 838
840 832
840 827
840 838
841 817
841 842
841 805
842 832
842 805
842 841
842 843
842 844
842 817
843 832
843 842
843 805
844 832
844 817
844 842
845 817
845 806
845 846
846 805
846 806
846 845
846 847
846 848
846 817
847 846
847 805
847 806
848 817
848 805
848 846
849 900
849 1028
849 659
849 660
849 663
849 1049
849 1050
849 1051
849 1054
849 1055
849 1056
849 1057
849 1058
849 1059
849 1061
849 1062
849 1064
849 1065
849 1066
849 1067
849 1069
849 1074
849 1075
849 1076
849 850
849 851
849 852
849 853
849 855
850 865
850 900
850 1055
850 1199
850 1200
850 849
850 1053
850 851
850 852
850 853
850 854
850 1054
850 856
850 857
850 858
850 1201
850 860
850 861
850 862
850 863
851 849
851 850
851 852
852 849
852 850
852 851
852 853
852 854
852 855
853 1091
853 1092
853 1082
853 1093
853 1159
853 1160
853 1162
853 849
853 850
853 852
853 660
853 854
853 855
853 856
853 858
853 859
853 860
854 850
854 852
854 853
855 849
855 852
855 853
856 864
856 865
856 866
856 868
856 869
856 870
856 1159
856 1160
856 1082
856 1161
856 1163
856 1164
856 1166
856 850
856 853
856 857
856 858
856 859
856 861
856 863
857 856
857 850
857 858
858 850
858 853
858 856
858 857
858 859
858 860
859 856
859 858
859 853
860 850
860 858
860 853
861 896
861 897
861 899
861 900
861 901
861 902
861 904
861 1199
861 1200
861 1202
861 850
861 856
861 862
861 863
861 864
861 866
861 867
861 868
861 870
861 871
861 872
861 873
861 875
861 890
861 891
861 892
861 893
861 895
862 850
862 861
862 863
863 864
863 865
863 850
863 856
863 861
863 862
864 856
864 861
864 863
865 856
865 850
865 863
866 867
866 868
866 869
866 871
866 873
866 874
866 875
866 876
866 1163
866 878
866 879
866 880
866 1164
866 1165
866 1204
866 1205
866 1206
866 856
866 1082
866 861
867 866
867 868
867 861
868 866
868 867
868 869
868 870
868 856
868 861
869 856
869 866
869 868
870 856
870 868
870 861
871 866
871 872
871 873
871 874
871 876
871 877
871 878
871 880
871 881
871 882
871 883
871 885
871 890
871 891
871 892
871 861
871 894
872 873
872 861
872 871
873 866
873 871
873 872
873 874
873 875
873 861
874 873
874 866
874 871
875 873
875 866
875 861
876 671
876 1203
876 1204
876 1206
876 1079
876 696
876 1080
876 1082
876 1081
876 1084
876 1085
876 1086
876 866
876 871
876 877
876 878
876 879
876 881
876 883
876 884
876 885
876 887
876 888
876 889
877 876
877 878
877 871
878 866
878 871
878 876
878 877
878 879
878 880
879 866
879 876
879 878
880 866
880 878
880 871
881 871
881 876
881 882
881 883
881 884
881 886
881 887
881 696
881 889
882 881
882 883
882 871
883 871
883 876
883 881
883 882
883 884
883 885
884 881
884 883
884 876
885 883
885 876
885 871
886 696
886 881
886 887
887 876
887 881
887 888
887 886
887 696
887 889
888 696
888 876
888 887
889 881
889 876
889 887
890 891
890 861
890 871
891 871
891 861
891 890
891 892
891 893
891 894
892 897
892 898
892 899
892 871
892 861
892 891
892 893
892 894
892 895
893 891
893 892
893 861
894 891
894 892
894 871
895 896
895 897
895 898
895 900
895 902
895 903
895 904
895 905
895 907
895 908
895 909
895 915
895 924
895 925
895 926
895 564
895 1095
895 1100
895 1101
895 1102
895 1105
895 1106
895 1107
895 861
895 892
896 897
896 861
896 895
897 896
897 898
897 899
897 892
897 861
897 895
898 897
898 892
898 895
899 897
899 892
899 861
900 1028
900 901
900 902
900 903
900 905
900 906
900 907
900 909
900 910
900 911
900 912
900 914
900 1045
900 1046
900 1047
900 1049
900 1050
900 1052
900 1053
900 1054
900 1056
900 1200
900 1201
900 1202
900 849
900 850
900 861
900 895
901 900
901 861
901 902
902 900
902 901
902 903
902 904
902 861
902 895
903 900
903 902
903 895
904 861
904 902
904 895
905 900
905 1101
905 1095
905 1097
905 906
905 907
905 908
905 1098
905 910
905 1099
905 912
905 913
905 914
905 915
905 1102
905 917
905 918
905 919
905 1103
905 895
906 905
906 907
906 900
907 900
907 905
907 906
907 908
907 909
907 895
908 905
908 907
908 895
909 907
909 900
909 895
910 900
910 1028
910 905
910 1037
910 1038
910 911
910 912
910 913
910 1042
910 1039
910 915
910 916
910 917
910 919
910 920
910 921
910 1041
910 923
910 1044
910 1045
910 1046
910 1048
910 564
910 1014
911 912
911 900
911 910
912 900
912 905
912 910
912 911
912 913
912 914
913 912
913 905
913 910
914 912
914 905
914 900
915 1095
915 1096
915 905
915 1097
915 1099
915 910
915 1104
915 1105
915 1106
915 916
915 917
915 918
915 564
915 927
915 921
915 922
915 923
915 925
915 926
915 895
916 915
916 917
916 910
917 905
917 910
917 915
917 916
917 918
917 919
918 905
918 915
918 917
919 905
919 917
919 910
920 921
920 564
920 910
921 910
921 915
921 564
921 920
921 922
921 923
922 921
922 915
922 564
923 921
923 915
923 910
924 564
924 925
924 895
925 915
925 564
925 927
925 924
925 926
925 895
926 915
926 925
926 895
927 915
927 564
927 925
928 960
928 929
928 930
928 931
928 932
928 962
928 934
928 1215
928 1216
928 1218
928 940
928 945
928 950
928 951
928 952
928 954
928 956
928 957
928 958
928 959
929 928
929 1217
929 930
929 931
929 932
929 933
929 1216
929 935
929 1218
929 937
929 938
929 939
929 940
929 942
929 943
929 944
930 928
930 929
930 931
931 928
931 929
931 930
931 932
931 933
931 934
932 928
932 929
932 960
932 931
932 961
932 933
932 934
932 935
932 936
932 937
932 963
932 939
932 964
932 966
932 954
932 959
933 929
933 931
933 932
934 928
934 931
934 932
935 929
935 932
935 936
935 937
935 938
935 940
935 941
935 942
935 944
935 945
935 947
935 948
935 949
935 954
935 963
935 964
935 965
935 1108
935 1109
935 1110
935 1112
935 1117
935 1118
935 1119
936 937
936 932
936 935
937 929
937 932
937 935
937 936
937 938
937 939
938 929
938 937
938 935
939 929
939 937
939 932
940 928
940 929
940 1216
940 1217
940 935
940 941
940 942
940 943
940 945
940 946
940 947
940 949
940 950
940 951
940 953
940 1215
941 940
941 942
941 935
942 929
942 935
942 940
942 941
942 943
942 944
943 929
943 940
943 942
944 929
944 942
944 935
945 928
945 1113
945 1120
945 1114
945 935
945 1115
945 940
945 1118
945 946
945 947
945 948
945 1108
945 951
945 952
945 953
945 954
945 955
945 956
945 958
945 1119
946 945
946 947
946 940
947 935
947 940
947 945
947 946
947 948
947 949
948 945
948 947
948 935
949 947
949 940
949 935
950 928
950 940
950 951
951 928
951 940
951 945
951 950
951 952
951 953
952 928
952 945
952 951
953 945
953 940
953 951
954 928
954 961
954 960
954 962
954 932
954 965
954 964
954 935
954 966
954 1115
954 1116
954 945
954 1108
954 1110
954 1111
954 1112
954 1114
954 955
954 956
954 957
955 945
955 954
955 956
956 928
956 945
956 954
956 955
956 957
956 958
957 928
957 954
957 956
958 928
958 945
958 956
959 928
959 932
959 960
960 928
960 961
960 962
960 932
960 954
960 959
961 960
961 954
961 932
962 928
962 954
962 960
963 964
963 932
963 935
964 963
964 932
964 965
964 966
964 935
964 954
965 954
965 964
965 935
966 954
966 964
966 932
967 993
967 994
967 995
967 1219
967 997
967 998
967 999
967 968
967 969
967 970
967 971
967 1001
967 973
967 1222
967 979
967 984
967 1220
967 989
967 990
967 991
968 1220
968 1221
968 1222
968 967
968 969
968 970
968 971
968 972
968 974
968 975
968 976
968 978
968 979
968 980
968 981
968 983
969 968
969 970
969 967
970 967
970 968
970 969
970 971
970 972
970 973
971 993
971 998
971 967
971 968
971 999
971 970
971 1000
971 972
971 973
971 974
971 1002
971 976
971 977
971 978
971 1003
971 1005
972 968
972 970
972 971
973 970
973 971
973 967
974 968
974 971
974 975
974 976
974 977
974 979
974 981
974 982
974 983
974 984
974 986
974 987
974 988
974 993
974 1121
974 1123
974 1124
974 1125
974 1127
974 1128
974 1129
974 1002
974 1003
974 1004
975 968
975 974
975 976
976 968
976 971
976 974
976 975
976 977
976 978
977 976
977 971
977 974
978 968
978 971
978 976
979 992
979 1219
979 1220
979 1221
979 967
979 968
979 974
979 980
979 981
979 982
979 984
979 985
979 986
979 988
979 989
979 990
980 968
980 979
980 981
981 968
981 974
981 979
981 980
981 982
981 983
982 979
982 981
982 974
983 968
983 981
983 974
984 992
984 993
984 1121
984 995
984 996
984 997
984 1122
984 967
984 1123
984 1125
984 1130
984 1131
984 1132
984 974
984 979
984 985
984 986
984 987
984 990
984 991
985 984
985 986
985 979
986 974
986 979
986 984
986 985
986 987
986 988
987 984
987 986
987 974
988 986
988 979
988 974
989 979
989 990
989 967
990 992
990 967
990 979
990 984
990 989
990 991
991 984
991 990
991 967
992 984
992 979
992 990
993 1121
993 994
993 995
993 996
993 1126
993 967
993 1000
993 999
993 1001
993 971
993 1004
993 1003
993 974
993 1005
993 1127
993 1128
993 1132
993 1131
993 1133
993 984
994 993
994 995
994 967
995 993
995 994
995 996
995 997
995 967
995 984
996 984
996 993
996 995
997 984
997 995
997 967
998 999
998 971
998 967
999 993
999 998
999 967
999 1000
999 1001
999 971
1000 993
1000 971
1000 999
1001 993
1001 999
1001 967
1002 971
1002 974
1002 1003
1003 993
1003 1002
1003 971
1003 1004
1003 1005
1003 974
1004 993
1004 1003
1004 974
1005 993
1005 971
1005 1003
1006 696
1006 574
1006 1007
1007 686
1007 1006
1007 1008
1007 1009
1007 696
1007 574
1008 686
1008 574
1008 1007
1009 696
1009 686
1009 1007
1010 1011
1010 676
1010 574
1011 676
1011 686
1011 1010
1011 1012
1011 1013
1011 574
1012 1011
1012 676
1012 686
1013 574
1013 1011
1013 686
1014 1024
1014 1025
1014 1027
1014 1028
1014 1033
1014 1034
1014 1035
1014 1037
1014 910
1014 1038
1014 1040
1014 1042
1014 1043
1014 1044
1014 666
1014 676
1014 564
1014 574
1014 1015
1014 1016
1014 1017
1014 1019
1014 1020
1014 1022
1014 1023
1015 1016
1015 676
1015 1014
1016 676
1016 1014
1016 1015
1016 1017
1016 1018
1016 574
1017 574
1017 1016
1017 1014
1018 1016
1018 676
1018 574
1019 666
1019 1020
1019 1014
1020 676
1020 1014
1020 666
1020 1019
1020 1021
1020 1022
1021 666
1021 676
1021 1020
1022 676
1022 1020
1022 1014
1023 1024
1023 1025
1023 1026
1023 1028
1023 1030
1023 1031
1023 1032
1023 1033
1023 1034
1023 1036
1023 1014
1023 666
1024 1025
1024 1014
1024 1023
1025 1024
1025 1026
1025 1027
1025 1014
1025 666
1025 1023
1026 1025
1026 666
1026 1023
1027 1025
1027 666
1027 1014
1028 900
1028 1029
1028 1030
1028 1031
1028 1034
1028 1035
1028 1036
1028 910
1028 1041
1028 1042
1028 1043
1028 1046
1028 1047
1028 1048
1028 663
1028 1050
1028 666
1028 1051
1028 1052
1028 1057
1028 1058
1028 1060
1028 849
1028 1014
1028 1023
1029 666
1029 1028
1029 1030
1030 1028
1030 1029
1030 1031
1030 1032
1030 666
1030 1023
1031 1028
1031 1030
1031 1023
1032 666
1032 1030
1032 1023
1033 1034
1033 1014
1033 1023
1034 1028
1034 1033
1034 1035
1034 1036
1034 1014
1034 1023
1035 1034
1035 1028
1035 1014
1036 1034
1036 1028
1036 1023
1037 1038
1037 910
1037 1014
1038 1037
1038 910
1038 1039
1038 1040
1038 564
1038 1014
1039 564
1039 910
1039 1038
1040 564
1040 1014
1040 1038
1041 1042
1041 1028
1041 910
1042 1028
1042 910
1042 1041
1042 1043
1042 1044
1042 1014
1043 1042
1043 1028
1043 1014
1044 1042
1044 910
1044 1014
1045 900
1045 910
1045 1046
1046 1028
1046 900
1046 910
1046 1045
1046 1047
1046 1048
1047 900
1047 1028
1047 1046
1048 1028
1048 910
1048 1046
1049 849
1049 1050
1049 900
1050 900
1050 1028
1050 849
1050 1049
1050 1051
1050 1052
1051 849
1051 1050
1051 1028
1052 900
1052 1050
1052 1028
1053 850
1053 900
1053 1054
1054 1056
1054 900
1054 849
1054 850
1054 1053
1054 1055
1055 849
1055 850
1055 1054
1056 849
1056 900
1056 1054
1057 849
1057 1058
1057 1028
1058 1057
1058 1059
1058 1028
1058 1060
1058 849
1058 663
1059 849
1059 1058
1059 663
1060 1058
1060 1028
1060 663
1061 849
1061 659
1061 1062
1062 1061
1062 1063
1062 1064
1062 849
1062 659
1062 663
1063 659
1063 1062
1063 663
1064 849
1064 1062
1064 663
1065 1066
1065 1067
1065 1068
1065 1070
1065 1071
1065 849
1065 1073
1065 659
1065 660
1065 1074
1065 1075
1065 1077
1066 849
1066 1067
1066 1065
1067 1065
1067 1066
1067 1068
1067 1069
1067 849
1067 659
1068 1065
1068 659
1068 1067
1069 849
1069 659
1069 1067
1070 1065
1070 660
1070 1071
1071 1065
1071 1070
1071 1072
1071 1073
1071 659
1071 660
1072 659
1072 660
1072 1071
1073 1065
1073 659
1073 1071
1074 849
1074 1065
1074 1075
1075 1065
1075 849
1075 1074
1075 1076
1075 660
1075 1077
1076 849
1076 1075
1076 660
1077 1065
1077 1075
1077 660
1078 696
1078 1079
1078 671
1079 876
1079 1078
1079 696
1079 1081
1079 1080
1079 671
1080 876
1080 1079
1080 671
1081 696
1081 876
1081 1079
1082 1160
1082 1161
1082 1162
1082 1164
1082 1165
1082 1166
1082 660
1082 671
1082 1203
1082 1204
1082 1205
1082 1083
1082 1084
1082 1085
1082 1088
1082 1089
1082 1090
1082 1092
1082 1093
1082 1094
1082 853
1082 856
1082 866
1082 876
1083 1082
1083 1084
1083 671
1084 876
1084 1082
1084 1083
1084 1085
1084 1086
1084 671
1085 1082
1085 876
1085 1084
1086 876
1086 1084
1086 671
1087 1088
1087 660
1087 671
1088 1089
1088 1090
1088 660
1088 1082
1088 1087
1088 671
1089 1088
1089 1082
1089 660
1090 1088
1090 1082
1090 671
1091 660
1091 853
1091 1092
1092 1091
1092 1093
1092 1094
1092 660
1092 853
1092 1082
1093 1082
1093 1092
1093 853
1094 1082
1094 660
1094 1092
1095 1096
1095 1097
1095 1098
1095 905
1095 1100
1095 1101
1095 1103
1095 1104
1095 1105
1095 915
1095 1107
1095 895
1096 1097
1096 915
1096 1095
1097 1095
1097 1096
1097 905
1097 1098
1097 1099
1097 915
1098 1097
1098 905
1098 1095
1099 1097
1099 905
1099 915
1100 895
1100 1101
1100 1095
1101 1095
1101 905
1101 1100
1101 1102
1101 1103
1101 895
1102 905
1102 1101
1102 895
1103 905
1103 1101
1103 1095
1104 1105
1104 915
1104 1095
1105 1095
1105 1104
1105 1106
1105 915
1105 1107
1105 895
1106 1105
1106 915
1106 895
1107 1105
1107 1095
1107 895
1108 1120
1108 1114
1108 935
1108 945
1108 1109
1108 1110
1108 1111
1108 1113
1108 954
1108 1116
1108 1117
1108 1118
1109 1108
1109 1110
1109 935
1110 935
1110 1108
1110 1109
1110 1111
1110 1112
1110 954
1111 954
1111 1108
1111 1110
1112 954
1112 1110
1112 935
1113 945
1113 1114
1113 1108
1114 945
1114 1108
1114 1113
1114 954
1114 1115
1114 1116
1115 945
1115 954
1115 1114
1116 954
1116 1108
1116 1114
1117 1108
1117 1118
1117 935
1118 1120
1118 935
1118 945
1118 1108
1118 1117
1118 1119
1119 945
1119 1118
1119 935
1120 945
1120 1108
1120 1118
1121 993
1121 1122
1121 1123
1121 1124
1121 1126
1121 1127
1121 1129
1121 1130
1121 1131
1121 1133
1121 974
1121 984
1122 984
1122 1121
1122 1123
1123 1121
1123 1122
1123 1124
1123 1125
1123 974
1123 984
1124 1121
1124 1123
1124 974
1125 984
1125 1123
1125 974
1126 1121
1126 993
1126 1127
1127 993
1127 1121
1127 1126
1127 1128
1127 1129
1127 974
1128 993
1128 974
1128 1127
1129 1121
1129 974
1129 1127
1130 984
1130 1121
1130 1131
1131 1121
1131 993
1131 1130
1131 1132
1131 1133
1131 984
1132 984
1132 993
1132 1131
1133 993
1133 1131
1133 1121
1134 809
1134 805
1134 1135
1135 832
1135 805
1135 809
1135 1134
1135 1136
1135 1137
1136 832
1136 809
1136 1135
1137 832
1137 805
1137 1135
1138 809
1138 1139
1138 822
1139 832
1139 809
1139 1138
1139 1140
1139 1141
1139 822
1140 832
1140 1139
1140 822
1141 832
1141 809
1141 1139
1142 809
1142 812
1142 1143
1143 809
1143 812
1143 822
1143 1142
1143 1144
1143 1145
1144 812
1144 822
1144 1143
1145 809
1145 822
1145 1143
1146 1152
1146 1154
1146 1155
1146 1156
1146 1158
1146 584
1146 1193
1146 554
1146 1192
1146 543
1146 1194
1146 1197
1146 1196
1146 1198
1146 594
1146 1147
1146 1148
1146 1149
1146 542
1146 1151
1147 554
1147 1148
1147 1146
1148 584
1148 554
1148 1146
1148 1147
1148 1149
1148 1150
1149 584
1149 1146
1149 1148
1150 584
1150 554
1150 1148
1151 1152
1151 1146
1151 594
1152 1153
1152 1154
1152 584
1152 594
1152 1146
1152 1151
1153 584
1153 594
1153 1152
1154 584
1154 1146
1154 1152
1155 1146
1155 1156
1155 542
1156 1155
1156 1157
1156 1158
1156 594
1156 1146
1156 542
1157 594
1157 1156
1157 542
1158 594
1158 1156
1158 1146
1159 856
1159 1160
1159 853
1160 1159
1160 1161
1160 1162
1160 853
1160 856
1160 1082
1161 856
1161 1082
1161 1160
1162 1160
1162 1082
1162 853
1163 856
1163 866
1163 1164
1164 866
1164 1163
1164 1165
1164 1166
1164 856
1164 1082
1165 1164
1165 866
1165 1082
1166 856
1166 1082
1166 1164
1167 1168
1167 564
1167 574
1168 584
1168 1167
1168 1169
1168 1170
1168 564
1168 574
1169 584
1169 564
1169 1168
1170 584
1170 1168
1170 574
1171 1172
1171 554
1171 564
1172 584
1172 554
1172 1171
1172 564
1172 1173
1172 1174
1173 584
1173 554
1173 1172
1174 584
1174 1172
1174 564
1175 1176
1175 549
1175 559
1176 546
1176 549
1176 559
1176 1175
1176 1177
1176 1178
1177 1176
1177 546
1177 559
1178 1176
1178 546
1178 549
1179 569
1179 1180
1179 559
1180 546
1180 559
1180 569
1180 1179
1180 1181
1180 1182
1181 569
1181 546
1181 1180
1182 546
1182 1180
1182 559
1183 1184
1183 569
1183 579
1184 1185
1184 546
1184 579
1184 1186
1184 569
1184 1183
1185 1184
1185 546
1185 579
1186 1184
1186 569
1186 546
1187 579
1187 1188
1187 589
1188 546
1188 579
1188 1187
1188 1189
1188 1190
1188 589
1189 546
1189 1188
1189 589
1190 546
1190 579
1190 1188
1191 1192
1191 554
1191 543
1192 1191
1192 1193
1192 554
1192 1194
1192 1146
1192 543
1193 1192
1193 1146
1193 543
1194 1192
1194 1146
1194 554
1195 1196
1195 542
1195 543
1196 1195
1196 1197
1196 1198
1196 1146
1196 542
1196 543
1197 1146
1197 1196
1197 542
1198 1146
1198 1196
1198 543
1199 1200
1199 850
1199 861
1200 900
1200 1199
1200 1201
1200 850
1200 1202
1200 861
1201 1200
1201 850
1201 900
1202 1200
1202 900
1202 861
1203 1082
1203 876
1203 1204
1204 866
1204 876
1204 1203
1204 1205
1204 1206
1204 1082
1205 1082
1205 1204
1205 866
1206 866
1206 876
1206 1204
1207 1208
1207 709
1207 726
1208 709
1208 716
1208 726
1208 1207
1208 1209
1208 1210
1209 1208
1209 716
1209 709
1210 1208
1210 716
1210 726
1211 721
1211 731
1211 1212
1212 740
1212 721
1212 1211
1212 1214
1212 1213
1212 731
1213 721
1213 1212
1213 740
1214 1212
1214 731
1214 740
1215 928
1215 940
1215 1216
1216 928
1216 929
1216 1217
1216 1218
1216 940
1216 1215
1217 1216
1217 929
1217 940
1218 928
1218 929
1218 1216
1219 979
1219 1220
1219 967
1220 1219
1220 1221
1220 1222
1220 967
1220 968
1220 979
1221 968
1221 979
1221 1220
1222 968
1222 1220
1222 967
1223 1224
1223 769
1223 779
1224 769
1224 1223
1224 1225
1224 1226
1224 779
1224 788
1225 1224
1225 769
1225 788
1226 1224
1226 779
1226 788
1227 761
1227 1228
1227 774
1228 774
1228 1227
1228 1229
1228 1230
1228 761
1228 764
1229 761
1229 1228
1229 764
1230 1228
1230 764
1230 774
1231 1232
1231 619
1231 607
1232 608
1232 619
1232 1231
1232 1233
1232 1234
1232 607
1233 608
1233 619
1233 1232
1234 608
1234 1232
1234 607
