0.000000 0.604254 0.068107
0.054102 0.554365 0.068107
-0.054102 0.554365 0.068107
0.000000 0.696133 0.068107
0.054102 0.314143 0.068210
-0.054102 0.314143 0.068138
-0.000000 0.764397 -0.034972
0.000108 0.755903 0.147910
-0.000000 0.848048 0.068107
0.085940 0.767683 0.078327
-0.085940 0.767683 0.078327
0.054102 0.063560 0.068088
-0.054102 0.063561 0.068107
0.127010 0.888984 -0.139152
-0.127010 0.888985 -0.139152
0.219959 0.768391 0.077159
0.102904 0.799314 0.078271
-0.219956 0.768387 0.077163
0.054102 0.031242 0.195099
-0.054102 0.031243 0.195099
0.366742 0.768400 0.077234
-0.366742 0.768397 0.077239
0.417652 0.751945 0.090040
-0.417648 0.751944 0.090032
