-0.137550 0.067616 -0.113931 -0.425599 -0.323193 -0.845229
-0.013298 0.000000 -0.120817 0.602306 -0.516426 -0.608714
-0.082594 0.030052 -0.117823 0.004677 0.109817 -0.993941
-0.096934 0.022539 -0.118720 0.004677 0.109818 -0.993941
-0.139954 0.000000 -0.121413 -0.842704 -0.336637 -0.420149
-0.083395 0.007513 -0.120317 0.004677 0.109818 -0.993941
-0.124813 0.030052 -0.118021 0.004677 0.109818 -0.993941
-0.140815 0.000000 0.088302 -0.374947 -0.569937 0.731154
-0.084045 0.000000 -0.027941 0.000000 -1.000000 0.000000
-0.098022 0.000000 -0.051309 0.000000 -1.000000 0.000000
-0.126264 0.000000 -0.028140 0.000000 -1.000000 0.000000
-0.083758 0.000000 -0.097846 0.000000 -1.000000 0.000000
-0.009509 0.000000 0.088302 0.633763 -0.476864 0.609053
-0.025783 0.000000 -0.004640 0.000000 -1.000000 0.000000
-0.054541 0.000000 0.018596 0.000000 -1.000000 0.000000
-0.068288 0.000000 0.065067 0.000000 -1.000000 0.000000
-0.069551 0.000000 -0.004640 0.000000 -1.000000 0.000000
-0.012571 0.069005 0.073641 0.634902 0.475492 0.608940
-0.025459 0.030669 0.081786 0.000000 0.207824 0.978166
-0.054298 0.023002 0.083415 -0.000000 0.207824 0.978166
-0.069228 0.030669 0.081786 -0.000000 0.207824 0.978166
-0.068207 0.007667 0.086673 -0.000000 0.207824 0.978166
-0.011533 0.007667 -0.006269 0.999016 0.040484 -0.018101
-0.011793 0.023002 0.013709 0.999016 0.040484 -0.018101
-0.012554 0.030669 -0.011156 0.999016 0.040484 -0.018101
-0.011291 0.030669 0.058551 0.999016 0.040484 -0.018101
-0.015514 0.067655 -0.114079 0.699609 0.093472 -0.708386
-0.014202 0.037736 -0.096216 0.999284 0.034316 -0.015913
-0.013794 0.045553 -0.053752 0.999284 0.034316 -0.015913
-0.013960 0.060738 -0.031397 0.999284 0.034316 -0.015913
-0.013221 0.038186 -0.033643 0.999284 0.034316 -0.015913
-0.068767 0.037569 -0.117008 -0.001238 0.099063 -0.995080
-0.055454 0.045090 -0.116276 -0.001238 0.099063 -0.995080
-0.069506 0.060120 -0.114762 -0.001238 0.099063 -0.995080
-0.028089 0.037582 -0.117057 -0.001238 0.099063 -0.995080
-0.136675 0.068994 0.073337 -0.889996 0.136259 0.435132
-0.082923 0.068246 -0.030767 0.000329 -0.999973 0.007357
-0.096580 0.068088 -0.051558 0.000328 -0.999973 0.007357
-0.123602 0.068233 -0.030717 0.000328 -0.999973 0.007357
-0.083215 0.067786 -0.093189 0.000328 -0.999973 0.007357
-0.138521 0.037718 -0.096449 -0.999376 0.035043 0.004412
-0.138060 0.045537 -0.054002 -0.999376 0.035043 0.004412
-0.138230 0.038177 -0.034026 -0.999376 0.035044 0.004412
-0.137428 0.060716 -0.031532 -0.999376 0.035043 0.004412
-0.139972 0.007666 -0.006567 -0.998249 0.059011 -0.004098
-0.139148 0.022998 0.013409 -0.998249 0.059011 -0.004098
-0.138879 0.030664 0.058349 -0.998249 0.059011 -0.004098
-0.138592 0.030664 -0.011556 -0.998249 0.059011 -0.004098
-0.329955 0.494388 -0.101589 -0.355822 0.626999 -0.693010
-0.298299 0.437520 -0.102901 0.225593 -0.338050 -0.913690
-0.330626 0.459874 -0.102963 0.029025 0.039201 -0.998810
-0.363625 0.447713 -0.104399 0.029025 0.039201 -0.998810
-0.462622 0.411231 -0.108708 -0.613546 0.439474 -0.656067
-0.374849 0.432155 -0.105336 0.029025 0.039201 -0.998810
-0.385401 0.451111 -0.104899 0.029026 0.039200 -0.998810
-0.437027 0.367100 -0.112446 -0.266531 -0.893556 -0.361273
-0.378214 0.403301 -0.107788 0.019842 0.095804 -0.995202
-0.399316 0.405284 -0.108018 0.019842 0.095804 -0.995202
-0.432988 0.394538 -0.109724 0.019842 0.095804 -0.995202
-0.386746 0.418012 -0.106542 0.019842 0.095804 -0.995202
-0.295776 0.433620 -0.001019 0.431970 -0.799582 0.417219
-0.312592 0.427962 -0.058681 0.454648 -0.889518 -0.045309
-0.343701 0.412747 -0.072122 0.454647 -0.889518 -0.045309
-0.358835 0.404489 -0.061862 0.454648 -0.889518 -0.045309
-0.359676 0.405789 -0.095823 0.454648 -0.889518 -0.045309
-0.436538 0.363866 0.008472 -0.148091 -0.557191 0.817072
-0.374031 0.395227 -0.009182 0.442475 -0.896411 -0.025764
-0.389780 0.388195 -0.034998 0.442475 -0.896411 -0.025764
-0.421115 0.373054 -0.046324 0.442475 -0.896411 -0.025764
-0.374194 0.396305 -0.049488 0.442475 -0.896411 -0.025764
-0.328256 0.493084 0.000450 -0.345910 0.620954 0.703394
-0.325852 0.452298 0.000688 0.062572 0.009523 0.997995
-0.353523 0.430190 0.002634 0.062572 0.009523 0.997995
-0.372772 0.429047 0.003852 0.062572 0.009523 0.997995
-0.361946 0.409225 0.003362 0.062572 0.009523 0.997995
-0.464508 0.410665 0.005416 -0.917699 -0.038723 0.395385
-0.400844 0.442096 0.003548 -0.002238 0.063830 0.997958
-0.409767 0.422538 0.004779 -0.002238 0.063830 0.997958
-0.436938 0.399023 0.006222 -0.002238 0.063830 0.997958
-0.391520 0.426496 0.004567 -0.002238 0.063830 0.997958
-0.403113 0.447547 -0.047513 -0.517687 0.855560 -0.004312
-0.418462 0.438327 -0.034281 -0.517686 0.855560 -0.004312
-0.448531 0.420074 -0.045858 -0.517686 0.855560 -0.004312
-0.403742 0.447359 -0.009472 -0.517686 0.855560 -0.004312
-0.451456 0.391554 -0.097689 -0.865534 -0.500568 -0.016787
-0.454719 0.396332 -0.071913 -0.865534 -0.500568 -0.016786
-0.452085 0.391366 -0.059648 -0.865534 -0.500569 -0.016786
-0.460616 0.406076 -0.058402 -0.865535 -0.500568 -0.016786
0.136675 0.068994 0.073337 0.624913 0.720405 0.300834
0.137550 0.067616 -0.113932 0.390533 0.487602 -0.780851
0.123601 0.068233 -0.030718 0.000328 0.999973 -0.007357
0.096579 0.068088 -0.051558 0.000328 0.999973 -0.007357
0.015513 0.067655 -0.114079 -0.388394 0.830513 -0.399248
0.083214 0.067786 -0.093190 0.000328 0.999973 -0.007357
0.082922 0.068246 -0.030767 0.000328 0.999973 -0.007357
0.013298 0.000000 -0.120817 -0.602305 -0.516432 -0.608709
0.068767 0.037569 -0.117008 0.001230 0.099063 -0.995080
0.055454 0.045090 -0.116276 0.001230 0.099063 -0.995080
0.028088 0.037582 -0.117057 0.001230 0.099063 -0.995080
0.069506 0.060120 -0.114762 0.001230 0.099064 -0.995080
0.139954 0.000000 -0.121413 0.842702 -0.336642 -0.420148
0.124813 0.030052 -0.118022 -0.004677 0.109803 -0.993942
0.096934 0.022539 -0.118721 -0.004677 0.109803 -0.993942
0.083395 0.007513 -0.120317 -0.004677 0.109803 -0.993942
0.082594 0.030052 -0.117823 -0.004677 0.109803 -0.993942
0.140815 0.000000 0.088302 0.374946 -0.569935 0.731157
0.126264 0.000000 -0.028140 0.000000 -1.000000 0.000000
0.098022 0.000000 -0.051309 0.000000 -1.000000 0.000000
0.084045 0.000000 -0.027941 0.000000 -1.000000 0.000000
0.083758 0.000000 -0.097846 0.000000 -1.000000 0.000000
0.138592 0.030664 -0.011556 0.998249 0.059011 -0.004098
0.139148 0.022998 0.013409 0.998249 0.059011 -0.004098
0.138879 0.030664 0.058349 0.998249 0.059011 -0.004098
0.139972 0.007666 -0.006567 0.998249 0.059011 -0.004098
0.012571 0.069005 0.073640 -0.634903 0.475490 0.608939
0.081978 0.061333 0.075134 0.002405 0.212111 0.977243
0.096687 0.046000 0.078426 0.002405 0.212111 0.977243
0.083358 0.038335 0.080123 0.002405 0.212111 0.977243
0.124726 0.038331 0.080022 0.002405 0.212111 0.977243
0.069036 0.068400 -0.009925 0.000071 0.999974 -0.007190
0.054920 0.068551 0.010966 0.000071 0.999974 -0.007190
0.027668 0.068404 -0.009824 0.000071 0.999974 -0.007190
0.068055 0.068850 0.052648 0.000071 0.999974 -0.007190
0.014202 0.037736 -0.096216 -0.999285 0.034301 -0.015908
0.013794 0.045553 -0.053752 -0.999285 0.034301 -0.015908
0.013221 0.038186 -0.033643 -0.999285 0.034301 -0.015908
0.013959 0.060738 -0.031397 -0.999285 0.034301 -0.015908
0.007358 0.208934 -0.041369 -0.998199 0.041183 -0.043621
0.073438 0.069232 0.040864 -0.010017 0.040419 0.999133
0.044028 0.146877 0.002871 -0.724064 0.061874 0.686952
0.051287 0.162466 0.009118 -0.724064 0.061874 0.686952
0.073064 0.209231 0.027860 -0.002002 0.092483 0.995712
0.065930 0.146976 0.025947 -0.724064 0.061874 0.686952
0.043903 0.193544 -0.001464 -0.724064 0.061874 0.686952
0.139119 0.210919 -0.041405 0.997357 0.066256 -0.029812
0.102588 0.147759 0.002855 0.721297 0.065970 0.689477
0.095207 0.163127 0.009106 0.721297 0.065970 0.689477
0.102463 0.194426 -0.001480 0.721297 0.065970 0.689477
0.080570 0.147197 0.025943 0.721297 0.065970 0.689477
0.148850 0.041718 -0.052258 0.995820 0.061597 -0.067441
0.114252 0.072747 -0.009665 0.777762 0.004414 0.628543
0.120469 0.107290 -0.017600 0.777762 0.004414 0.628543
0.136146 0.119976 -0.037088 0.777762 0.004414 0.628543
0.111009 0.129147 -0.006047 0.777762 0.004414 0.628543
0.075570 0.061987 -0.118469 0.001285 0.074116 -0.997249
0.115200 0.069527 -0.080479 0.680903 0.085812 -0.727329
0.121180 0.104875 -0.070711 0.680902 0.085813 -0.727329
0.111956 0.125927 -0.076862 0.680902 0.085813 -0.727329
0.136383 0.119171 -0.054791 0.680903 0.085813 -0.727329
0.036437 0.128269 -0.006047 -0.801092 -0.026959 0.597934
0.028514 0.106641 -0.017637 -0.801092 -0.026959 0.597934
0.004746 0.041757 -0.052406 -0.996356 0.021025 -0.082666
0.013539 0.119111 -0.037137 -0.801092 -0.026959 0.597934
0.035566 0.072543 -0.009726 -0.801092 -0.026959 0.597934
0.037384 0.125049 -0.076862 -0.689808 0.058420 -0.721631
0.029225 0.104226 -0.070748 -0.689808 0.058420 -0.721631
0.036514 0.069323 -0.080541 -0.689808 0.058420 -0.721631
0.013776 0.118306 -0.054841 -0.689808 0.058420 -0.721631
0.074517 0.211829 -0.111341 0.009144 0.047578 -0.998826
0.044786 0.193893 -0.081034 -0.721756 0.027827 -0.691588
0.052482 0.160917 -0.090393 -0.721756 0.027827 -0.691588
0.067523 0.144911 -0.106734 -0.721756 0.027827 -0.691588
0.045137 0.143946 -0.083410 -0.721756 0.027827 -0.691588
0.103346 0.194775 -0.081050 0.734293 0.037403 -0.677802
0.096402 0.161578 -0.090405 0.734293 0.037403 -0.677802
0.103697 0.144828 -0.083426 0.734293 0.037403 -0.677802
0.082163 0.145131 -0.106738 0.734293 0.037403 -0.677802
-0.093224 0.604129 -0.048610 -0.400148 0.916317 0.015662
-0.218983 0.505924 -0.001797 -0.003140 0.009752 0.999947
-0.147619 0.556625 -0.022303 -0.341399 0.723307 0.600228
-0.130649 0.559821 -0.016503 -0.341399 0.723308 0.600227
-0.079740 0.569409 0.000899 -0.030381 0.024200 0.999245
-0.143124 0.545051 -0.005800 -0.341399 0.723308 0.600227
-0.101204 0.577786 -0.021405 -0.341399 0.723307 0.600227
-0.067818 0.527841 -0.048662 0.409151 -0.912405 0.010605
-0.136327 0.522719 -0.022326 0.303262 -0.692928 0.654127
-0.122180 0.534391 -0.016520 0.303262 -0.692929 0.654127
-0.089913 0.543880 -0.021428 0.303262 -0.692929 0.654127
-0.140301 0.536575 -0.005806 0.303262 -0.692929 0.654126
-0.204517 0.466596 -0.048828 0.408784 -0.912456 0.017850
-0.195758 0.490880 -0.027907 0.304911 -0.682363 0.664387
-0.163773 0.500120 -0.033096 0.304911 -0.682362 0.664387
-0.145369 0.498186 -0.043529 0.304911 -0.682363 0.664388
-0.150191 0.511295 -0.027852 0.304911 -0.682363 0.664387
-0.218929 0.506087 -0.099530 0.003338 0.019246 -0.999809
-0.195734 0.490953 -0.071344 0.315728 -0.702981 -0.637286
-0.163755 0.500175 -0.065673 0.315729 -0.702981 -0.637286
-0.150167 0.511368 -0.071288 0.315729 -0.702980 -0.637287
-0.145363 0.498204 -0.054388 0.315729 -0.702981 -0.637286
-0.165016 0.553978 -0.027754 -0.274943 0.677352 0.682349
-0.182840 0.551881 -0.032854 -0.274943 0.677352 0.682349
-0.236312 0.545589 -0.048154 -0.378453 0.925249 0.026212
-0.170792 0.567200 -0.043206 -0.274943 0.677351 0.682350
-0.212712 0.534465 -0.027602 -0.274943 0.677352 0.682350
-0.164992 0.554050 -0.071190 -0.291721 0.708039 -0.643101
-0.182822 0.551935 -0.065431 -0.291721 0.708039 -0.643101
-0.212688 0.534537 -0.071038 -0.291721 0.708039 -0.643101
-0.170786 0.567218 -0.054065 -0.291721 0.708039 -0.643101
-0.078393 0.570293 -0.099047 -0.012567 0.035024 -0.999307
-0.100600 0.578197 -0.076684 -0.333570 0.734571 -0.590878
-0.130182 0.560170 -0.082396 -0.333569 0.734571 -0.590878
-0.142501 0.545517 -0.093658 -0.333570 0.734572 -0.590877
-0.147445 0.556795 -0.076845 -0.333568 0.734571 -0.590879
-0.089308 0.544291 -0.076707 0.317977 -0.691115 -0.649039
-0.121713 0.534740 -0.082413 0.317977 -0.691114 -0.649039
-0.136153 0.522889 -0.076868 0.317977 -0.691115 -0.649039
-0.139678 0.537040 -0.093663 0.317977 -0.691114 -0.649039
-0.007563 0.183326 -0.043620 0.999687 0.007303 -0.023924
-0.073812 0.183324 -0.110517 0.339946 0.020767 -0.940216
-0.037110 0.200277 -0.072495 0.709975 0.039855 -0.703099
-0.029956 0.234181 -0.063349 0.709975 0.039855 -0.703099
-0.008493 0.335892 -0.035911 0.999812 -0.011808 -0.015351
-0.037420 0.251132 -0.069926 0.709975 0.039855 -0.703099
-0.015337 0.251133 -0.047627 0.709975 0.039855 -0.703099
-0.073047 0.374119 -0.109713 -0.329551 0.012462 -0.944056
-0.066214 0.285074 -0.101870 0.752629 -0.000243 -0.658444
-0.051784 0.297778 -0.085380 0.752629 -0.000243 -0.658444
-0.044441 0.335930 -0.077001 0.752629 -0.000243 -0.658444
-0.044696 0.272331 -0.077269 0.752629 -0.000243 -0.658445
-0.138384 0.183326 -0.043701 -0.999602 -0.017757 -0.021941
-0.102426 0.204524 -0.080732 -0.719067 0.005811 -0.694917
-0.095081 0.246923 -0.087977 -0.719067 0.005811 -0.694917
-0.102171 0.268123 -0.080464 -0.719067 0.005811 -0.694917
-0.080647 0.268122 -0.102736 -0.719067 0.005811 -0.694917
-0.139633 0.387187 -0.035901 -0.999725 -0.005250 -0.022871
-0.131679 0.295130 -0.047569 -0.740484 0.021165 -0.671740
-0.117021 0.314877 -0.063105 -0.740484 0.021165 -0.671740
-0.109900 0.358728 -0.069573 -0.740484 0.021165 -0.671740
-0.109484 0.290774 -0.072173 -0.740484 0.021165 -0.671740
-0.199749 0.514546 -0.099010 0.030425 0.029905 -0.999090
-0.332578 0.502050 -0.049302 -0.384319 0.922763 0.028432
-0.260413 0.513541 -0.071262 -0.308161 0.696067 -0.648481
-0.248911 0.524026 -0.065473 -0.308161 0.696067 -0.648480
-0.214406 0.555481 -0.048106 -0.412064 0.910725 0.027982
-0.265298 0.527186 -0.054294 -0.308161 0.696068 -0.648480
-0.221022 0.531351 -0.070863 -0.308161 0.696067 -0.648481
-0.199560 0.514076 -0.002154 0.025770 0.011409 0.999603
-0.260329 0.513332 -0.028214 -0.303970 0.656838 0.690048
-0.248848 0.523869 -0.033187 -0.303970 0.656837 0.690049
-0.220938 0.531142 -0.027816 -0.303971 0.656837 0.690048
-0.265277 0.527133 -0.043532 -0.303970 0.656837 0.690049
-0.312371 0.464200 0.004372 0.041855 0.035976 0.998476
-0.308817 0.486564 -0.020208 -0.286309 0.728943 0.621827
-0.281503 0.493442 -0.015695 -0.286308 0.728943 0.621827
-0.264478 0.490573 -0.004492 -0.286308 0.728943 0.621827
-0.271214 0.503189 -0.022384 -0.286308 0.728944 0.621827
-0.294105 0.422824 -0.048949 0.436226 -0.899743 0.013014
-0.291718 0.451352 -0.020051 0.339475 -0.683245 0.646477
-0.268679 0.467033 -0.015577 0.339475 -0.683246 0.646477
-0.254115 0.467978 -0.022227 0.339475 -0.683245 0.646477
-0.260203 0.481770 -0.004453 0.339475 -0.683245 0.646477
-0.271486 0.503543 -0.077821 -0.287443 0.765499 -0.575663
-0.282131 0.494033 -0.085152 -0.287443 0.765498 -0.575664
-0.314067 0.465503 -0.107144 0.046668 0.056626 -0.997304
-0.265316 0.491361 -0.097102 -0.287443 0.765498 -0.575664
-0.309592 0.487195 -0.080533 -0.287443 0.765499 -0.575663
-0.254387 0.468331 -0.077664 0.343821 -0.697089 -0.629169
-0.269307 0.467624 -0.085034 0.343822 -0.697090 -0.629168
-0.292493 0.451984 -0.080376 0.343822 -0.697089 -0.629169
-0.261041 0.482558 -0.097063 0.343822 -0.697089 -0.629168
-0.179247 0.477327 -0.048840 0.428648 -0.903350 0.014828
-0.201121 0.487813 -0.071150 0.327882 -0.689677 -0.645631
-0.224367 0.471566 -0.065600 0.327881 -0.689677 -0.645631
-0.232573 0.457239 -0.054463 0.327882 -0.689677 -0.645631
-0.239407 0.469645 -0.071186 0.327882 -0.689677 -0.645631
-0.201037 0.487604 -0.028103 0.318513 -0.672560 0.667992
-0.224304 0.471409 -0.033314 0.318512 -0.672560 0.667992
-0.239323 0.469436 -0.028139 0.318513 -0.672560 0.667992
-0.232552 0.457187 -0.043701 0.318513 -0.672560 0.667992
0.073254 0.183326 0.029441 -0.356873 -0.059032 0.932286
0.138384 0.183326 -0.043702 0.999601 -0.017756 -0.021948
0.102255 0.203357 -0.001598 0.745869 -0.050736 0.664157
0.095128 0.243419 0.009466 0.745869 -0.050736 0.664157
0.073747 0.363605 0.042659 0.360772 -0.059808 0.930734
0.102420 0.263450 0.002808 0.745869 -0.050735 0.664157
0.080710 0.263450 0.027189 0.745869 -0.050736 0.664157
0.139633 0.387187 -0.035902 0.999725 -0.005250 -0.022878
0.131757 0.293962 -0.030640 0.770169 -0.029098 0.637176
0.117255 0.311373 -0.012315 0.770169 -0.029098 0.637176
0.110212 0.354055 -0.001853 0.770169 -0.029098 0.637176
0.109795 0.286101 -0.004453 0.770169 -0.029098 0.637176
0.073047 0.374119 -0.109713 0.329545 0.012463 -0.944058
0.109484 0.290774 -0.072174 0.740480 0.021165 -0.671745
0.117021 0.314877 -0.063106 0.740480 0.021165 -0.671745
0.109900 0.358728 -0.069574 0.740480 0.021165 -0.671745
0.131679 0.295130 -0.047570 0.740480 0.021165 -0.671745
0.008493 0.335892 -0.035911 -0.999812 -0.011808 -0.015351
0.044690 0.331257 0.006270 -0.760561 -0.045408 0.647677
0.051831 0.294274 0.012063 -0.760561 -0.045408 0.647677
0.044526 0.271164 0.001864 -0.760561 -0.045408 0.647677
0.066277 0.280402 0.028054 -0.760561 -0.045408 0.647677
0.007563 0.183326 -0.043620 -0.999687 0.007303 -0.023924
0.015275 0.251133 -0.032076 -0.743299 -0.029239 0.668319
0.029770 0.234181 -0.016697 -0.743299 -0.029239 0.668319
0.036862 0.200278 -0.010292 -0.743299 -0.029239 0.668319
0.037172 0.251133 -0.007722 -0.743300 -0.029239 0.668319
0.073812 0.183326 -0.110517 -0.339948 0.020767 -0.940215
0.037420 0.251133 -0.069926 -0.709975 0.039855 -0.703098
0.029956 0.234181 -0.063349 -0.709975 0.039855 -0.703098
0.037110 0.200278 -0.072495 -0.709975 0.039855 -0.703098
0.015337 0.251133 -0.047627 -0.709975 0.039855 -0.703098
0.009509 0.000000 0.088302 -0.633766 -0.476858 0.609054
0.025459 0.030669 0.081786 -0.000000 0.207838 0.978163
0.054298 0.023002 0.083415 0.000000 0.207838 0.978163
0.068207 0.007667 0.086673 0.000000 0.207838 0.978163
0.069228 0.030669 0.081786 0.000000 0.207838 0.978163
0.025783 0.000000 -0.004640 0.000000 -1.000000 0.000000
0.054541 0.000000 0.018596 0.000000 -1.000000 0.000000
0.069551 0.000000 -0.004640 0.000000 -1.000000 0.000000
0.068288 0.000000 0.065067 0.000000 -1.000000 0.000000
0.011291 0.030669 0.058550 -0.999016 0.040484 -0.018101
0.011793 0.023002 0.013708 -0.999016 0.040484 -0.018101
0.012554 0.030669 -0.011156 -0.999016 0.040484 -0.018101
0.011533 0.007667 -0.006269 -0.999016 0.040484 -0.018101
0.102426 0.204525 -0.080732 0.719061 0.005812 -0.694922
0.095081 0.246924 -0.087977 0.719061 0.005812 -0.694922
0.080647 0.268123 -0.102736 0.719061 0.005812 -0.694922
0.102171 0.268123 -0.080464 0.719061 0.005812 -0.694922
0.044696 0.272332 -0.077269 -0.752629 -0.000243 -0.658445
0.051784 0.297779 -0.085380 -0.752629 -0.000243 -0.658444
0.044441 0.335930 -0.077001 -0.752629 -0.000243 -0.658445
0.066214 0.285075 -0.101870 -0.752629 -0.000243 -0.658444
-0.131757 0.293962 -0.030639 -0.770165 -0.029098 0.637181
-0.117255 0.311373 -0.012314 -0.770165 -0.029098 0.637181
-0.073747 0.363605 0.042659 -0.360767 -0.059808 0.930736
-0.109795 0.286101 -0.004452 -0.770165 -0.029098 0.637181
-0.110212 0.354055 -0.001852 -0.770165 -0.029098 0.637181
-0.073254 0.183326 0.029441 0.356874 -0.059032 0.932285
-0.102255 0.203357 -0.001598 -0.745865 -0.050736 0.664162
-0.095128 0.243419 0.009466 -0.745865 -0.050736 0.664162
-0.080710 0.263450 0.027189 -0.745865 -0.050736 0.664162
-0.102420 0.263450 0.002808 -0.745865 -0.050736 0.664162
-0.066277 0.280402 0.028054 0.760561 -0.045408 0.647677
-0.051831 0.294274 0.012063 0.760561 -0.045408 0.647677
-0.044526 0.271164 0.001864 0.760561 -0.045408 0.647677
-0.044690 0.331257 0.006270 0.760561 -0.045408 0.647677
-0.036862 0.200278 -0.010292 0.743300 -0.029238 0.668319
-0.029770 0.234181 -0.016697 0.743299 -0.029239 0.668319
-0.015275 0.251133 -0.032076 0.743299 -0.029239 0.668319
-0.037172 0.251133 -0.007722 0.743300 -0.029239 0.668319
-0.069036 0.068400 -0.009925 -0.000071 0.999974 -0.007190
-0.054920 0.068551 0.010966 -0.000071 0.999974 -0.007190
-0.068055 0.068850 0.052648 -0.000071 0.999974 -0.007190
-0.027668 0.068404 -0.009824 -0.000071 0.999974 -0.007190
-0.124726 0.038331 0.080022 -0.002413 0.212111 0.977242
-0.096687 0.046000 0.078427 -0.002413 0.212112 0.977242
-0.083358 0.038335 0.080123 -0.002413 0.212112 0.977242
-0.081978 0.061333 0.075135 -0.002413 0.212111 0.977242
-0.449186 0.386103 -0.046628 -0.858036 -0.513487 -0.010263
-0.446024 0.380544 -0.032853 -0.858037 -0.513486 -0.010264
-0.439863 0.370503 -0.045609 -0.858037 -0.513485 -0.010263
-0.449023 0.385025 -0.006322 -0.858037 -0.513486 -0.010264
-0.388729 0.457284 -0.093415 -0.531756 0.846669 0.019674
-0.373611 0.466234 -0.069949 -0.531756 0.846669 0.019674
-0.388163 0.456850 -0.059402 -0.531756 0.846669 0.019673
-0.343941 0.484569 -0.057029 -0.531757 0.846669 0.019674
0.138230 0.038177 -0.034026 0.999376 0.035044 0.004412
0.138060 0.045537 -0.054003 0.999376 0.035043 0.004412
0.138521 0.037718 -0.096449 0.999376 0.035043 0.004412
0.137428 0.060716 -0.031533 0.999376 0.035043 0.004412
-0.121928 0.812018 0.045531 -0.735888 0.224346 0.638857
-0.156957 0.865655 0.011178 -0.842728 0.182346 0.506518
-0.140623 0.831040 0.021212 -0.854101 -0.275083 0.441408
-0.142983 0.815446 0.006927 -0.854101 -0.275083 0.441408
-0.150064 0.768665 -0.035928 -0.960134 -0.245032 0.134540
-0.150001 0.816589 -0.005941 -0.854101 -0.275083 0.441408
-0.138325 0.798710 0.005510 -0.854101 -0.275083 0.441408
-0.179849 0.808997 -0.076845 -0.988293 -0.047805 -0.144883
-0.166365 0.829697 -0.033177 -0.883750 -0.253765 0.393177
-0.162290 0.814439 -0.033865 -0.883750 -0.253765 0.393178
-0.164068 0.797367 -0.048879 -0.883750 -0.253765 0.393177
-0.156437 0.816253 -0.019538 -0.883750 -0.253765 0.393178
-0.131953 0.922900 -0.004777 -0.796424 0.599935 0.076070
-0.148388 0.884802 -0.005693 -0.917942 0.396374 -0.016407
-0.156253 0.865851 -0.023481 -0.917942 0.396374 -0.016408
-0.156018 0.865916 -0.035034 -0.917942 0.396374 -0.016408
-0.164353 0.846834 -0.029716 -0.917942 0.396374 -0.016408
-0.155914 0.874633 -0.091190 -0.591774 0.694378 -0.409443
-0.147924 0.888792 -0.051190 -0.933341 0.353734 0.061219
-0.155905 0.868843 -0.057604 -0.933340 0.353734 0.061218
-0.163889 0.850824 -0.075213 -0.933341 0.353734 0.061219
-0.155902 0.866913 -0.046409 -0.933340 0.353734 0.061218
0.000000 1.000000 0.072289 -0.000002 0.991719 0.128426
-0.075970 0.951804 0.019873 -0.268162 0.870809 -0.412045
-0.095956 0.932511 -0.007893 -0.268162 0.870809 -0.412044
-0.083957 0.935715 -0.008931 -0.268164 0.870810 -0.412042
-0.127941 0.910015 -0.034620 -0.268162 0.870810 -0.412044
0.000000 0.939173 -0.074977 -0.000001 0.858893 -0.512155
-0.017324 0.959036 -0.011327 -0.324357 0.874291 -0.361119
-0.051971 0.937935 -0.031293 -0.324358 0.874291 -0.361119
-0.069295 0.917247 -0.065820 -0.324358 0.874291 -0.361119
-0.069295 0.937523 -0.016731 -0.324358 0.874291 -0.361118
0.155915 0.874633 -0.091190 0.591773 0.694378 -0.409443
0.069296 0.937523 -0.016731 0.324356 0.874292 -0.361119
0.051972 0.937935 -0.031293 0.324356 0.874292 -0.361119
0.069296 0.917247 -0.065820 0.324356 0.874292 -0.361119
0.017324 0.959036 -0.011327 0.324356 0.874292 -0.361119
0.112866 0.834758 -0.169125 0.561352 0.373534 -0.738482
0.119458 0.864082 -0.124026 0.269152 0.788970 -0.552344
0.089594 0.882855 -0.111764 0.269153 0.788970 -0.552344
0.067487 0.885595 -0.118622 0.269153 0.788970 -0.552344
0.081836 0.898887 -0.092644 0.269152 0.788969 -0.552345
0.179850 0.808997 -0.076845 0.988293 -0.047811 -0.144883
0.161770 0.841031 -0.093474 0.819268 0.179752 -0.544509
0.149544 0.839463 -0.112387 0.819268 0.179752 -0.544509
0.147420 0.827739 -0.119452 0.819268 0.179752 -0.544509
0.139442 0.849618 -0.124234 0.819268 0.179752 -0.544509
0.133944 0.770394 -0.163008 0.631087 -0.386873 -0.672353
0.152005 0.794702 -0.125393 0.817782 0.217154 -0.532988
0.142220 0.804716 -0.136326 0.817782 0.217155 -0.532989
0.129677 0.803289 -0.156153 0.817782 0.217154 -0.532989
0.144979 0.816157 -0.127432 0.817782 0.217155 -0.532988
0.111829 0.729377 -0.136616 0.677043 -0.469934 -0.566370
0.144518 0.769321 -0.112984 0.811159 -0.555335 -0.183367
0.141874 0.769589 -0.125490 0.811159 -0.555335 -0.183368
0.129216 0.756453 -0.141705 0.811159 -0.555335 -0.183368
0.151889 0.782993 -0.121781 0.811159 -0.555335 -0.183368
0.000000 0.721051 -0.181261 0.000000 -0.603492 -0.797369
0.064584 0.730234 -0.159391 0.327976 -0.629857 -0.704068
0.081924 0.740274 -0.160295 0.327976 -0.629859 -0.704066
0.071956 0.743906 -0.168188 0.327977 -0.629859 -0.704066
0.109232 0.746682 -0.153306 0.327976 -0.629858 -0.704067
0.000000 0.610144 -0.149075 0.000002 -0.592007 -0.805933
0.049702 0.675459 -0.147114 0.374711 -0.258402 -0.890405
0.037276 0.686857 -0.155651 0.374711 -0.258402 -0.890404
0.012425 0.672684 -0.161996 0.374711 -0.258402 -0.890404
0.049702 0.712428 -0.157843 0.374711 -0.258402 -0.890404
-0.111829 0.729377 -0.136616 -0.677044 -0.469931 -0.566372
-0.049702 0.675459 -0.147114 -0.374711 -0.258402 -0.890405
-0.037276 0.686857 -0.155651 -0.374711 -0.258402 -0.890405
-0.049702 0.712428 -0.157843 -0.374711 -0.258402 -0.890404
-0.012425 0.672684 -0.161996 -0.374711 -0.258402 -0.890404
-0.100140 0.630192 -0.113559 -0.710313 -0.605445 -0.359015
-0.056932 0.632302 -0.131906 -0.367851 -0.251463 -0.895239
-0.070656 0.656571 -0.133083 -0.367851 -0.251463 -0.895239
-0.094208 0.672047 -0.127753 -0.367851 -0.251463 -0.895239
-0.060828 0.665364 -0.139591 -0.367851 -0.251463 -0.895239
-0.123627 0.702756 -0.081618 -0.940992 -0.177832 -0.287941
-0.120678 0.709411 -0.095368 -0.940992 -0.177832 -0.287941
-0.127524 0.735818 -0.089304 -0.940992 -0.177832 -0.287940
-0.110882 0.689660 -0.115181 -0.940992 -0.177832 -0.287940
-0.135358 0.666576 -0.015152 -0.927896 -0.364848 0.076777
-0.121340 0.661749 -0.061197 -0.944512 -0.190513 -0.267585
-0.128521 0.688478 -0.054880 -0.944512 -0.190513 -0.267585
-0.137981 0.707906 -0.035320 -0.944512 -0.190514 -0.267585
-0.126242 0.695778 -0.068122 -0.944512 -0.190514 -0.267584
-0.109751 0.678475 0.069308 -0.749926 -0.260840 0.607925
-0.125611 0.683208 0.020077 -0.951176 -0.076146 0.299110
-0.131724 0.704572 0.006076 -0.951176 -0.076146 0.299110
-0.130513 0.717237 0.013152 -0.951176 -0.076146 0.299110
-0.139049 0.713271 -0.015001 -0.951176 -0.076146 0.299110
-0.093448 0.610454 0.003696 -0.659948 -0.728582 0.183405
-0.113886 0.642955 0.002609 -0.808116 -0.497644 0.315118
-0.112852 0.651835 0.019284 -0.808116 -0.497644 0.315118
-0.105350 0.646921 0.030763 -0.808116 -0.497644 0.315118
-0.119320 0.665629 0.024480 -0.808116 -0.497644 0.315118
0.000000 0.570732 0.041060 -0.000000 -0.970430 0.241383
-0.053727 0.600358 0.027592 -0.503514 -0.659297 0.558392
-0.067733 0.619887 0.038021 -0.503514 -0.659297 0.558392
-0.059161 0.623031 0.049463 -0.503514 -0.659296 0.558393
-0.090311 0.636272 0.037008 -0.503514 -0.659296 0.558392
-0.086039 0.614813 -0.044266 -0.340553 -0.930170 -0.137143
-0.064529 0.603793 -0.022934 -0.340553 -0.930169 -0.137143
-0.054890 0.601572 -0.031811 -0.340553 -0.930170 -0.137143
-0.052659 0.594993 0.007274 -0.340553 -0.930170 -0.137143
-0.044507 0.614675 -0.112164 -0.258881 -0.945804 -0.196051
-0.033380 0.603689 -0.073858 -0.258881 -0.945804 -0.196050
-0.011127 0.594855 -0.060624 -0.258881 -0.945804 -0.196050
-0.044507 0.601538 -0.048786 -0.258882 -0.945804 -0.196050
-0.128748 0.733398 0.019895 -0.935253 -0.005047 0.353944
-0.126428 0.753053 0.026304 -0.935253 -0.005047 0.353944
-0.119470 0.812018 0.045531 -0.699547 -0.459345 0.547391
-0.118550 0.747849 0.047048 -0.935253 -0.005047 0.353944
-0.131987 0.777912 0.011969 -0.935253 -0.005047 0.353944
0.000000 0.812462 0.113090 -0.000000 -0.663882 0.747838
-0.062053 0.752863 0.086125 -0.489115 0.118265 0.864164
-0.076407 0.767652 0.075976 -0.489115 0.118265 0.864164
-0.065292 0.797377 0.078199 -0.489115 0.118266 0.864164
-0.101876 0.752715 0.063605 -0.489115 0.118265 0.864164
0.000000 0.655950 0.139323 -0.000002 -0.340895 0.940101
-0.048778 0.683351 0.105290 -0.511486 0.142045 0.847470
-0.036584 0.715629 0.107240 -0.511486 0.142045 0.847470
-0.012195 0.728014 0.119884 -0.511486 0.142045 0.847470
-0.048778 0.735522 0.096546 -0.511486 0.142045 0.847470
0.109752 0.678475 0.069308 0.749928 -0.260841 0.607923
0.048779 0.683351 0.105290 0.511482 0.142045 0.847472
0.036584 0.715629 0.107240 0.511482 0.142045 0.847472
0.048779 0.735522 0.096546 0.511482 0.142045 0.847472
0.012195 0.728014 0.119884 0.511482 0.142045 0.847472
0.012195 0.620578 0.087871 0.497175 -0.655486 0.568467
0.036584 0.635052 0.083230 0.497176 -0.655486 0.568467
0.048779 0.628086 0.064533 0.497176 -0.655486 0.568466
0.048779 0.656492 0.097287 0.497176 -0.655486 0.568467
0.093448 0.610454 0.003696 0.659947 -0.728584 0.183401
0.053727 0.600358 0.027592 0.503514 -0.659300 0.558388
0.067733 0.619887 0.038021 0.503514 -0.659300 0.558388
0.090311 0.636272 0.037008 0.503514 -0.659300 0.558388
0.059162 0.623031 0.049463 0.503513 -0.659300 0.558389
0.100140 0.630192 -0.113558 0.710313 -0.605446 -0.359014
0.054890 0.601572 -0.031811 0.340553 -0.930170 -0.137144
0.064529 0.603793 -0.022934 0.340553 -0.930170 -0.137144
0.086039 0.614813 -0.044265 0.340553 -0.930170 -0.137144
0.052659 0.594993 0.007274 0.340553 -0.930170 -0.137144
0.135358 0.666576 -0.015152 0.927896 -0.364849 0.076771
0.115049 0.644170 -0.056794 0.790561 -0.609677 -0.057511
0.109649 0.635741 -0.041671 0.790560 -0.609678 -0.057511
0.112818 0.637590 -0.017709 0.790560 -0.609678 -0.057510
0.101079 0.625462 -0.050511 0.790559 -0.609679 -0.057511
0.150064 0.768665 -0.035928 0.960133 -0.245037 0.134539
0.126242 0.695778 -0.068122 0.944511 -0.190514 -0.267587
0.128521 0.688478 -0.054879 0.944511 -0.190514 -0.267587
0.137981 0.707906 -0.035320 0.944511 -0.190514 -0.267587
0.121340 0.661749 -0.061196 0.944511 -0.190514 -0.267587
0.130514 0.717237 0.013152 0.951178 -0.076149 0.299100
0.131725 0.704572 0.006076 0.951179 -0.076148 0.299100
0.125612 0.683208 0.020077 0.951179 -0.076149 0.299100
0.139049 0.713271 -0.015001 0.951178 -0.076149 0.299100
0.119470 0.812018 0.045531 0.699549 -0.459341 0.547391
0.131988 0.777912 0.011969 0.935254 -0.005041 0.353941
0.126429 0.753053 0.026304 0.935254 -0.005041 0.353941
0.118550 0.747849 0.047048 0.935254 -0.005041 0.353941
0.128748 0.733398 0.019895 0.935254 -0.005041 0.353941
0.065292 0.797377 0.078199 0.489115 0.118269 0.864164
0.076407 0.767652 0.075976 0.489115 0.118269 0.864164
0.062053 0.752863 0.086125 0.489115 0.118269 0.864164
0.101876 0.752715 0.063605 0.489115 0.118269 0.864164
0.128528 0.794785 0.128312 0.813010 -0.227422 0.535999
0.110221 0.804408 0.089829 -0.111532 -0.975268 -0.190823
0.082666 0.806422 0.095644 -0.111533 -0.975268 -0.190822
0.070398 0.804556 0.112349 -0.111533 -0.975268 -0.190822
0.067379 0.810301 0.084755 -0.111533 -0.975268 -0.190823
0.000000 0.849433 0.216887 -0.000002 -0.151363 0.988478
0.057124 0.821037 0.165987 -0.166924 -0.928810 0.330830
0.042843 0.818893 0.152763 -0.166924 -0.928810 0.330829
0.014281 0.826929 0.160913 -0.166924 -0.928810 0.330829
0.057124 0.808713 0.131388 -0.166924 -0.928810 0.330829
0.000000 0.870150 0.124983 -0.000002 0.840053 0.542505
0.057124 0.834353 0.136674 0.492785 0.848851 0.191349
0.042843 0.838123 0.156727 0.492785 0.848851 0.191348
0.014281 0.852569 0.166199 0.492785 0.848851 0.191348
0.057124 0.827447 0.167309 0.492785 0.848852 0.191348
-0.128527 0.794785 0.128312 -0.813012 -0.227424 0.535995
-0.057123 0.834353 0.136674 -0.492788 0.848850 0.191349
-0.042842 0.838123 0.156727 -0.492788 0.848850 0.191348
-0.057123 0.827447 0.167309 -0.492788 0.848850 0.191347
-0.014281 0.852569 0.166199 -0.492788 0.848850 0.191348
-0.068471 0.835940 0.090041 -0.498285 0.855887 0.138454
-0.083485 0.825651 0.099609 -0.498284 0.855887 0.138453
-0.111313 0.810818 0.091151 -0.498284 0.855887 0.138453
-0.070671 0.830195 0.117635 -0.498285 0.855887 0.138452
0.130996 0.341477 0.042655 0.724883 -0.574438 0.380218
-0.000000 0.441217 0.116206 0.000000 0.164018 0.986457
0.058220 0.381965 0.079297 0.316053 -0.258138 0.912949
0.043665 0.363202 0.079031 0.316052 -0.258138 0.912949
0.000000 0.306912 0.078231 -0.000000 -0.810795 0.585330
0.014555 0.370444 0.091156 0.316052 -0.258138 0.912949
0.058220 0.337197 0.066639 0.316052 -0.258138 0.912949
-0.130996 0.341477 0.042655 -0.804105 -0.202895 0.558793
-0.058220 0.381965 0.079297 -0.316053 -0.258138 0.912949
-0.043665 0.363202 0.079031 -0.316052 -0.258138 0.912949
-0.058220 0.337197 0.066639 -0.316052 -0.258138 0.912949
-0.014555 0.370444 0.091156 -0.316052 -0.258138 0.912949
-0.142620 0.442943 0.054366 -0.837988 0.138885 0.527718
-0.077942 0.430902 0.080549 -0.394847 -0.149854 0.906443
-0.091205 0.408546 0.071076 -0.394847 -0.149854 0.906443
-0.121607 0.397655 0.056032 -0.394847 -0.149854 0.906443
-0.074067 0.397080 0.076646 -0.394847 -0.149854 0.906443
-0.142177 0.446633 -0.104767 -0.909623 0.059622 -0.411135
-0.141132 0.433309 -0.017661 -0.993558 -0.113200 -0.005391
-0.138598 0.410351 -0.002582 -0.993558 -0.113200 -0.005391
-0.137257 0.399487 -0.021565 -0.993558 -0.113200 -0.005391
-0.137405 0.398257 0.031480 -0.993558 -0.113200 -0.005391
-0.115001 0.567159 -0.010420 -0.681244 0.573804 0.454594
-0.130296 0.498560 0.007891 -0.975899 0.218210 0.002343
-0.133266 0.485578 -0.020274 -0.975899 0.218210 0.002343
-0.130148 0.499790 -0.045154 -0.975899 0.218210 0.002343
-0.139354 0.458385 -0.023558 -0.975899 0.218210 0.002343
-0.111431 0.590978 -0.099747 -0.520860 0.725886 -0.449216
-0.116434 0.564353 -0.060604 -0.978044 0.207759 0.016311
-0.122870 0.534923 -0.071645 -0.978044 0.207759 0.016311
-0.125493 0.524178 -0.092053 -0.978044 0.207760 0.016311
-0.126683 0.516238 -0.062277 -0.978044 0.207760 0.016311
0.000000 0.573393 0.036429 0.000003 0.875019 0.484089
-0.063493 0.572576 0.000477 -0.153231 0.956335 0.248883
-0.075477 0.577177 -0.024579 -0.153231 0.956336 0.248882
-0.062303 0.580516 -0.029299 -0.153230 0.956336 0.248882
-0.100636 0.578438 -0.044915 -0.153231 0.956335 0.248883
0.000000 0.616023 -0.113004 0.000007 0.830426 -0.557128
-0.012381 0.594294 -0.045116 -0.180484 0.945843 0.269828
-0.037144 0.593465 -0.058774 -0.180483 0.945843 0.269828
-0.049525 0.600155 -0.090508 -0.180484 0.945843 0.269828
-0.049525 0.585945 -0.040697 -0.180484 0.945843 0.269829
0.111431 0.590976 -0.099747 0.520862 0.725881 -0.449221
0.049525 0.585944 -0.040697 0.180501 0.945839 0.269828
0.037144 0.593464 -0.058774 0.180500 0.945840 0.269827
0.049525 0.600154 -0.090508 0.180501 0.945840 0.269827
0.012381 0.594293 -0.045116 0.180500 0.945840 0.269828
0.000000 0.438150 -0.134151 -0.000001 0.058476 -0.998289
0.049525 0.525836 -0.116511 0.143184 0.116840 -0.982775
0.037144 0.548383 -0.115634 0.143184 0.116840 -0.982775
0.012381 0.534185 -0.120930 0.143184 0.116840 -0.982775
0.049525 0.585127 -0.109462 0.143184 0.116840 -0.982775
0.142177 0.446633 -0.104767 0.909622 0.059623 -0.411137
0.112715 0.509843 -0.105801 0.197455 0.076050 -0.977358
0.084536 0.491920 -0.112888 0.197455 0.076050 -0.977358
0.075571 0.458901 -0.117269 0.197455 0.076050 -0.977358
0.065322 0.507015 -0.115595 0.197455 0.076050 -0.977358
0.129752 0.351991 -0.109709 0.591510 -0.366563 -0.718156
0.120857 0.403627 -0.110228 0.200916 0.024760 -0.979296
0.090643 0.412258 -0.116209 0.200916 0.024760 -0.979296
0.073465 0.400800 -0.120023 0.200916 0.024760 -0.979296
0.077607 0.432347 -0.118376 0.200916 0.024760 -0.979296
0.135827 0.389381 -0.039795 0.991463 -0.129275 -0.017016
0.134308 0.380034 -0.057274 0.991463 -0.129275 -0.017016
0.131685 0.357834 -0.041443 0.991463 -0.129275 -0.017016
0.135412 0.392886 -0.090583 0.991463 -0.129275 -0.017016
-0.000000 0.312990 -0.135683 0.210749 -0.672580 -0.709381
0.072637 0.329984 -0.053536 0.299670 -0.951608 -0.068113
0.086916 0.335486 -0.067579 0.299671 -0.951608 -0.068113
0.072223 0.333489 -0.104324 0.299670 -0.951608 -0.068113
0.115888 0.342985 -0.044878 0.299671 -0.951608 -0.068113
0.058220 0.322950 0.038651 0.248042 -0.968359 -0.027514
0.043665 0.320460 -0.004932 0.248042 -0.968359 -0.027514
0.014555 0.313454 -0.020795 0.248041 -0.968359 -0.027514
0.058220 0.324976 -0.032653 0.248042 -0.968359 -0.027514
-0.058220 0.322950 0.038651 -0.248042 -0.968359 -0.027514
-0.043665 0.320460 -0.004932 -0.248042 -0.968359 -0.027514
-0.058220 0.324976 -0.032653 -0.248042 -0.968359 -0.027514
-0.014555 0.313454 -0.020795 -0.248041 -0.968359 -0.027514
0.036424 0.691235 0.111057 0.951479 -0.307660 -0.005748
0.000000 0.672309 0.224766 0.000000 -0.700129 0.714016
0.016188 0.678765 0.162792 0.720302 -0.683735 0.116929
0.012141 0.672750 0.152554 0.720302 -0.683734 0.116929
0.000000 0.654707 0.121840 0.000000 -0.985690 0.168569
0.004047 0.666589 0.166387 0.720303 -0.683734 0.116929
0.016188 0.672897 0.128484 0.720302 -0.683734 0.116930
-0.036424 0.691235 0.111057 -0.951479 -0.307660 -0.005748
-0.016188 0.678765 0.162792 -0.720302 -0.683735 0.116929
-0.012141 0.672750 0.152554 -0.720302 -0.683734 0.116929
-0.016188 0.672897 0.128484 -0.720302 -0.683734 0.116930
-0.004047 0.666589 0.166387 -0.720303 -0.683734 0.116929
-0.046123 0.715994 0.214866 -0.881938 0.395912 0.255812
-0.024546 0.693827 0.207732 -0.695626 -0.710759 0.104527
-0.027516 0.693179 0.183563 -0.695626 -0.710760 0.104527
-0.036688 0.700136 0.169829 -0.695626 -0.710759 0.104527
-0.021313 0.685574 0.173129 -0.695625 -0.710760 0.104526
0.000000 0.720647 0.102375 0.000000 0.943975 -0.330018
-0.024546 0.715311 0.153336 -0.643954 0.728433 -0.233900
-0.027516 0.709292 0.142766 -0.643954 0.728433 -0.233900
-0.021313 0.707058 0.118733 -0.643954 0.728433 -0.233900
-0.036688 0.705507 0.156230 -0.643954 0.728433 -0.233900
0.000000 0.759674 0.204964 0.000000 0.779543 0.626348
-0.020499 0.735924 0.197966 -0.693087 0.673748 -0.256308
-0.015374 0.732105 0.174068 -0.693087 0.673748 -0.256308
-0.005125 0.737475 0.160469 -0.693087 0.673748 -0.256308
-0.020499 0.722915 0.163770 -0.693088 0.673747 -0.256308
0.046123 0.715994 0.214866 0.881938 0.395912 0.255812
0.020499 0.735924 0.197966 0.693087 0.673748 -0.256308
0.015374 0.732105 0.174068 0.693087 0.673748 -0.256308
0.020499 0.722915 0.163770 0.693088 0.673747 -0.256308
0.005125 0.737475 0.160469 0.693087 0.673748 -0.256308
0.005125 0.715992 0.214865 -0.000033 0.221051 0.975262
0.015374 0.715992 0.214865 -0.000033 0.221051 0.975262
0.020499 0.701432 0.218166 -0.000033 0.221051 0.975262
0.020499 0.730553 0.211565 -0.000033 0.221051 0.975262
0.021313 0.685574 0.173129 0.695625 -0.710760 0.104526
0.027516 0.693179 0.183563 0.695626 -0.710760 0.104527
0.036688 0.700136 0.169829 0.695626 -0.710759 0.104527
0.024546 0.693827 0.207732 0.695626 -0.710759 0.104527
0.121929 0.812018 0.045531 0.735886 0.224343 0.638860
0.111314 0.810818 0.091151 0.498282 0.855889 0.138454
0.083486 0.825651 0.099609 0.498281 0.855889 0.138454
0.068472 0.835940 0.090041 0.498282 0.855889 0.138454
0.070671 0.830195 0.117635 0.498282 0.855889 0.138453
0.000000 0.959727 0.116876 -0.000003 0.331402 0.943490
0.054191 0.884126 0.086068 0.569009 0.074121 0.818984
0.040643 0.880632 0.095797 0.569009 0.074121 0.818984
0.013548 0.903503 0.112552 0.569009 0.074121 0.818984
0.054191 0.854267 0.088770 0.569009 0.074121 0.818984
0.156958 0.865655 0.011179 0.842727 0.182343 0.506520
0.123950 0.852269 0.038191 0.601056 0.114079 0.791023
0.092962 0.879133 0.057862 0.601056 0.114079 0.791023
0.083307 0.901505 0.061972 0.601056 0.114079 0.791023
0.071630 0.883626 0.073423 0.601055 0.114079 0.791024
0.069759 0.935816 0.050083 0.667381 0.552651 0.499180
0.052319 0.941794 0.066781 0.667381 0.552651 0.499179
0.017440 0.967174 0.085315 0.667381 0.552651 0.499179
0.069759 0.922392 0.064945 0.667381 0.552651 0.499179
0.131954 0.922900 -0.004777 0.796422 0.599937 0.076069
0.128405 0.906024 0.010877 0.631799 0.451568 0.630013
0.096304 0.929518 0.026230 0.631799 0.451567 0.630013
0.076086 0.950806 0.031247 0.631799 0.451568 0.630013
0.084421 0.931724 0.036566 0.631799 0.451568 0.630013
0.127942 0.910015 -0.034620 0.268159 0.870810 -0.412045
0.095956 0.932511 -0.007893 0.268160 0.870810 -0.412045
0.083957 0.935715 -0.008931 0.268162 0.870810 -0.412043
0.075970 0.951804 0.019873 0.268159 0.870809 -0.412046
0.155903 0.866913 -0.046409 0.933341 0.353734 0.061218
0.155906 0.868843 -0.057604 0.933341 0.353734 0.061219
0.163890 0.850824 -0.075213 0.933341 0.353734 0.061219
0.147925 0.888792 -0.051190 0.933341 0.353734 0.061219
-0.159053 0.782225 -0.065301 -0.777929 -0.626276 -0.051038
-0.147247 0.769013 -0.083130 -0.777929 -0.626276 -0.051038
-0.146308 0.769129 -0.098864 -0.777929 -0.626276 -0.051038
-0.136380 0.755685 -0.085225 -0.777929 -0.626276 -0.051038
-0.133944 0.770394 -0.163008 -0.631089 -0.386869 -0.672353
-0.151889 0.782993 -0.121781 -0.811163 -0.555332 -0.183361
-0.141874 0.769589 -0.125490 -0.811162 -0.555333 -0.183361
-0.129216 0.756453 -0.141705 -0.811162 -0.555333 -0.183361
-0.144517 0.769321 -0.112984 -0.811162 -0.555333 -0.183360
-0.112865 0.834758 -0.169125 -0.561352 0.373537 -0.738481
-0.144978 0.816157 -0.127432 -0.817781 0.217167 -0.532984
-0.142219 0.804716 -0.136326 -0.817781 0.217167 -0.532984
-0.129676 0.803289 -0.156153 -0.817781 0.217167 -0.532984
-0.152004 0.794702 -0.125393 -0.817781 0.217167 -0.532984
0.000000 0.753533 -0.224154 -0.000001 -0.284912 -0.958554
-0.065045 0.791506 -0.192903 -0.409837 0.047650 -0.910913
-0.082270 0.786228 -0.185429 -0.409838 0.047650 -0.910913
-0.072071 0.770052 -0.190864 -0.409837 0.047649 -0.910913
-0.109693 0.797127 -0.172521 -0.409838 0.047650 -0.910913
0.000000 0.835000 -0.224766 -0.000002 0.476176 -0.879350
-0.050162 0.825841 -0.199969 -0.442153 -0.006738 -0.896914
-0.037622 0.807764 -0.206015 -0.442153 -0.006738 -0.896914
-0.012541 0.798766 -0.218312 -0.442153 -0.006738 -0.896914
-0.050162 0.798685 -0.199765 -0.442153 -0.006738 -0.896914
0.050163 0.825841 -0.199969 0.442150 -0.006738 -0.896916
0.037622 0.807764 -0.206015 0.442150 -0.006738 -0.896916
0.050163 0.798685 -0.199765 0.442150 -0.006738 -0.896916
0.012541 0.798766 -0.218312 0.442150 -0.006738 -0.896916
0.012541 0.881272 -0.152011 0.272514 0.789905 -0.549351
0.037622 0.869644 -0.156289 0.272514 0.789905 -0.549351
0.050163 0.881192 -0.133464 0.272515 0.789905 -0.549351
0.050163 0.846467 -0.183393 0.272514 0.789904 -0.549352
0.329955 0.494388 -0.101589 0.355822 0.626999 -0.693010
0.462622 0.411231 -0.108708 0.613546 0.439474 -0.656067
0.385401 0.451111 -0.104899 -0.029026 0.039200 -0.998810
0.363625 0.447713 -0.104399 -0.029025 0.039201 -0.998810
0.298299 0.437520 -0.102901 -0.225593 -0.338050 -0.913690
0.374849 0.432155 -0.105336 -0.029025 0.039201 -0.998810
0.330626 0.459874 -0.102963 -0.029025 0.039201 -0.998810
0.437027 0.367100 -0.112446 0.266531 -0.893556 -0.361273
0.432988 0.394538 -0.109724 -0.019842 0.095804 -0.995202
0.399316 0.405284 -0.108018 -0.019842 0.095804 -0.995202
0.378214 0.403301 -0.107788 -0.019842 0.095804 -0.995202
0.386746 0.418012 -0.106542 -0.019842 0.095804 -0.995202
0.464508 0.410665 0.005415 0.741980 -0.027593 0.669854
0.460616 0.406076 -0.058402 0.865535 -0.500568 -0.016787
0.454719 0.396332 -0.071913 0.865534 -0.500568 -0.016786
0.452085 0.391366 -0.059648 0.865534 -0.500569 -0.016786
0.451456 0.391554 -0.097689 0.865534 -0.500568 -0.016787
0.436538 0.363866 0.008472 0.230654 -0.788627 0.569970
0.449023 0.385025 -0.006322 0.858036 -0.513486 -0.010264
0.446024 0.380544 -0.032853 0.858037 -0.513486 -0.010264
0.439863 0.370503 -0.045609 0.858037 -0.513486 -0.010263
0.449186 0.386103 -0.046628 0.858036 -0.513487 -0.010263
0.295776 0.433620 -0.001019 -0.350374 -0.621776 0.700452
0.386408 0.415667 0.002895 -0.026947 0.081187 0.996335
0.398941 0.402717 0.004289 -0.026947 0.081187 0.996334
0.377085 0.400068 0.003914 -0.026947 0.081187 0.996334
0.433329 0.392416 0.006059 -0.026947 0.081187 0.996334
0.374194 0.396305 -0.049488 -0.442475 -0.896411 -0.025764
0.389780 0.388195 -0.034998 -0.442475 -0.896411 -0.025764
0.421115 0.373054 -0.046324 -0.442475 -0.896411 -0.025764
0.374031 0.395227 -0.009182 -0.442475 -0.896411 -0.025764
0.312592 0.427962 -0.058681 -0.454648 -0.889518 -0.045309
0.343701 0.412747 -0.072122 -0.454647 -0.889518 -0.045309
0.359676 0.405789 -0.095823 -0.454648 -0.889518 -0.045309
0.358835 0.404489 -0.061862 -0.454648 -0.889518 -0.045309
-0.076165 0.455978 0.074652 -0.341029 0.493216 0.800273
-0.085874 0.483773 0.053384 -0.341029 0.493216 0.800273
-0.066958 0.497383 0.053057 -0.341029 0.493216 0.800273
-0.114498 0.497958 0.032443 -0.341029 0.493216 0.800273
-0.012778 0.513955 0.066680 -0.352589 0.483553 0.801160
-0.038334 0.527256 0.047405 -0.352589 0.483553 0.801160
-0.051112 0.555936 0.024471 -0.352588 0.483553 0.801160
-0.051112 0.511877 0.051064 -0.352588 0.483554 0.801160
0.115002 0.567158 -0.010420 0.681246 0.573805 0.454589
0.051112 0.511877 0.051064 0.352590 0.483553 0.801160
0.038334 0.527256 0.047405 0.352590 0.483553 0.801160
0.051112 0.555936 0.024471 0.352589 0.483553 0.801160
0.012778 0.513955 0.066680 0.352589 0.483553 0.801160
0.100637 0.578437 -0.044915 0.153234 0.956338 0.248871
0.075478 0.577176 -0.024579 0.153233 0.956338 0.248871
0.062303 0.580515 -0.029299 0.153232 0.956339 0.248870
0.063493 0.572576 0.000477 0.153233 0.956338 0.248871
0.126683 0.516238 -0.062277 0.978043 0.207763 0.016299
0.122870 0.534922 -0.071645 0.978043 0.207763 0.016299
0.125493 0.524177 -0.092053 0.978043 0.207763 0.016298
0.116434 0.564352 -0.060604 0.978043 0.207763 0.016299
0.199749 0.514546 -0.099010 -0.030428 0.029904 -0.999089
0.294105 0.422824 -0.048949 -0.436227 -0.899742 0.013017
0.239407 0.469645 -0.071186 -0.327882 -0.689677 -0.645631
0.224367 0.471566 -0.065600 -0.327881 -0.689677 -0.645631
0.179247 0.477327 -0.048840 -0.428648 -0.903350 0.014834
0.232573 0.457239 -0.054463 -0.327882 -0.689677 -0.645631
0.201121 0.487813 -0.071150 -0.327882 -0.689677 -0.645631
0.199560 0.514076 -0.002155 -0.025771 0.011411 0.999603
0.239323 0.469436 -0.028140 -0.318510 -0.672554 0.668000
0.224304 0.471409 -0.033315 -0.318509 -0.672554 0.668000
0.201037 0.487604 -0.028103 -0.318510 -0.672554 0.668000
0.232552 0.457187 -0.043701 -0.318510 -0.672554 0.668000
0.312371 0.464200 0.004372 -0.041861 0.035983 0.998475
0.291718 0.451352 -0.020051 -0.339479 -0.683243 0.646477
0.268679 0.467033 -0.015577 -0.339480 -0.683243 0.646477
0.260203 0.481770 -0.004453 -0.339479 -0.683243 0.646477
0.254115 0.467978 -0.022227 -0.339479 -0.683243 0.646477
0.332578 0.502050 -0.049303 0.384317 0.922763 0.028430
0.308817 0.486564 -0.020209 0.286307 0.728950 0.621820
0.281503 0.493442 -0.015695 0.286306 0.728951 0.621820
0.271214 0.503189 -0.022384 0.286306 0.728951 0.621819
0.264478 0.490573 -0.004493 0.286306 0.728950 0.621820
0.254387 0.468331 -0.077664 -0.343821 -0.697089 -0.629169
0.269307 0.467624 -0.085034 -0.343822 -0.697090 -0.629168
0.314067 0.465503 -0.107144 -0.046669 0.056622 -0.997304
0.261041 0.482558 -0.097063 -0.343822 -0.697090 -0.629168
0.292493 0.451984 -0.080376 -0.343822 -0.697089 -0.629169
0.271486 0.503543 -0.077822 0.287440 0.765495 -0.575669
0.282131 0.494033 -0.085152 0.287441 0.765494 -0.575670
0.309592 0.487195 -0.080533 0.287441 0.765494 -0.575670
0.265316 0.491361 -0.097102 0.287440 0.765494 -0.575671
0.214406 0.555481 -0.048106 0.412064 0.910725 0.027987
0.221022 0.531351 -0.070863 0.308156 0.696069 -0.648481
0.248911 0.524026 -0.065473 0.308157 0.696069 -0.648481
0.265298 0.527186 -0.054294 0.308157 0.696069 -0.648480
0.260413 0.513541 -0.071262 0.308157 0.696069 -0.648481
0.220938 0.531142 -0.027816 0.303973 0.656828 0.690056
0.248848 0.523869 -0.033188 0.303972 0.656828 0.690056
0.260329 0.513332 -0.028215 0.303972 0.656829 0.690056
0.265277 0.527133 -0.043532 0.303972 0.656828 0.690057
-0.013548 0.903503 0.112552 -0.569012 0.074120 0.818982
-0.040643 0.880632 0.095797 -0.569012 0.074120 0.818982
-0.054190 0.884126 0.086068 -0.569012 0.074121 0.818982
-0.054190 0.854267 0.088770 -0.569012 0.074120 0.818982
-0.083306 0.901505 0.061972 -0.601063 0.114085 0.791017
-0.092962 0.879133 0.057862 -0.601063 0.114085 0.791017
-0.123949 0.852269 0.038190 -0.601063 0.114085 0.791017
-0.071630 0.883626 0.073423 -0.601063 0.114084 0.791017
-0.017440 0.967174 0.085315 -0.667385 0.552648 0.499177
-0.052319 0.941794 0.066781 -0.667385 0.552648 0.499177
-0.069759 0.935816 0.050083 -0.667385 0.552648 0.499177
-0.069759 0.922392 0.064945 -0.667385 0.552648 0.499177
-0.076085 0.950806 0.031247 -0.631801 0.451559 0.630017
-0.096303 0.929518 0.026230 -0.631801 0.451558 0.630018
-0.128404 0.906024 0.010877 -0.631801 0.451559 0.630017
-0.084420 0.931724 0.036566 -0.631801 0.451559 0.630017
0.218929 0.506087 -0.099530 -0.003342 0.019245 -0.999809
0.093224 0.604129 -0.048609 0.400146 0.916317 0.015669
0.164992 0.554050 -0.071190 0.291718 0.708041 -0.643101
0.182822 0.551935 -0.065431 0.291718 0.708041 -0.643101
0.236312 0.545589 -0.048154 0.378453 0.925249 0.026213
0.170786 0.567218 -0.054065 0.291718 0.708041 -0.643101
0.212688 0.534537 -0.071038 0.291718 0.708041 -0.643101
0.218983 0.505924 -0.001797 0.003141 0.009746 0.999948
0.165016 0.553978 -0.027753 0.274947 0.677350 0.682349
0.182840 0.551881 -0.032853 0.274947 0.677351 0.682349
0.212712 0.534465 -0.027601 0.274947 0.677350 0.682350
0.170792 0.567200 -0.043205 0.274947 0.677350 0.682350
0.079742 0.569407 0.000899 0.030376 0.024189 0.999246
0.101205 0.577785 -0.021404 0.341389 0.723297 0.600245
0.130650 0.559820 -0.016502 0.341389 0.723297 0.600246
0.143125 0.545050 -0.005800 0.341389 0.723297 0.600246
0.147619 0.556624 -0.022303 0.341389 0.723297 0.600245
0.067818 0.527841 -0.048661 -0.409148 -0.912406 0.010608
0.089914 0.543880 -0.021427 -0.303257 -0.692932 0.654126
0.122181 0.534391 -0.016520 -0.303258 -0.692932 0.654126
0.136327 0.522719 -0.022326 -0.303258 -0.692931 0.654126
0.140302 0.536574 -0.005806 -0.303258 -0.692933 0.654125
0.147445 0.556795 -0.076845 0.333567 0.734574 -0.590876
0.130182 0.560170 -0.082395 0.333568 0.734574 -0.590875
0.078392 0.570293 -0.099047 0.012565 0.035019 -0.999308
0.142501 0.545517 -0.093657 0.333569 0.734575 -0.590874
0.100599 0.578197 -0.076684 0.333569 0.734574 -0.590875
0.136153 0.522889 -0.076868 -0.317979 -0.691124 -0.649028
0.121713 0.534740 -0.082413 -0.317979 -0.691124 -0.649028
0.089308 0.544291 -0.076707 -0.317979 -0.691124 -0.649028
0.139678 0.537040 -0.093663 -0.317979 -0.691124 -0.649028
0.204517 0.466596 -0.048828 -0.408784 -0.912457 0.017850
0.195734 0.490953 -0.071344 -0.315732 -0.702979 -0.637286
0.163755 0.500175 -0.065673 -0.315733 -0.702979 -0.637286
0.145363 0.498204 -0.054387 -0.315733 -0.702979 -0.637286
0.150167 0.511368 -0.071288 -0.315733 -0.702979 -0.637286
0.195758 0.490880 -0.027907 -0.304907 -0.682364 0.664387
0.163773 0.500120 -0.033095 -0.304907 -0.682364 0.664388
0.150191 0.511295 -0.027851 -0.304907 -0.682365 0.664387
0.145369 0.498186 -0.043528 -0.304907 -0.682364 0.664388
-0.007358 0.208934 -0.041369 0.998199 0.041183 -0.043618
-0.075570 0.061987 -0.118469 -0.001283 0.074115 -0.997249
-0.045137 0.143946 -0.083410 0.721756 0.027826 -0.691588
-0.052482 0.160917 -0.090393 0.721756 0.027826 -0.691588
-0.074517 0.211831 -0.111341 -0.009145 0.047578 -0.998826
-0.067523 0.144912 -0.106734 0.721756 0.027826 -0.691588
-0.044786 0.193894 -0.081034 0.721756 0.027826 -0.691588
-0.139119 0.210919 -0.041405 -0.997357 0.066256 -0.029812
-0.103697 0.144828 -0.083426 -0.734293 0.037403 -0.677801
-0.096402 0.161579 -0.090405 -0.734293 0.037403 -0.677801
-0.103346 0.194776 -0.081050 -0.734293 0.037403 -0.677801
-0.082163 0.145132 -0.106738 -0.734293 0.037403 -0.677801
-0.148850 0.041718 -0.052258 -0.995820 0.061597 -0.067441
-0.115200 0.069527 -0.080479 -0.680903 0.085812 -0.727329
-0.121180 0.104875 -0.070711 -0.680903 0.085813 -0.727329
-0.136383 0.119171 -0.054791 -0.680903 0.085813 -0.727329
-0.111956 0.125927 -0.076862 -0.680902 0.085813 -0.727329
-0.073438 0.069233 0.040864 0.010016 0.040421 0.999133
-0.114252 0.072747 -0.009665 -0.777762 0.004414 0.628543
-0.120469 0.107290 -0.017600 -0.777762 0.004414 0.628543
-0.111009 0.129147 -0.006047 -0.777762 0.004414 0.628543
-0.136146 0.119976 -0.037088 -0.777762 0.004414 0.628543
-0.037384 0.125049 -0.076862 0.689813 0.058415 -0.721627
-0.029225 0.104226 -0.070748 0.689813 0.058415 -0.721627
-0.004746 0.041757 -0.052405 0.996356 0.021024 -0.082660
-0.013776 0.118306 -0.054841 0.689813 0.058415 -0.721627
-0.036514 0.069323 -0.080541 0.689813 0.058415 -0.721627
-0.036437 0.128269 -0.006047 0.801089 -0.026956 0.597938
-0.028514 0.106641 -0.017637 0.801089 -0.026956 0.597938
-0.035566 0.072544 -0.009726 0.801089 -0.026956 0.597938
-0.013539 0.119111 -0.037137 0.801089 -0.026956 0.597938
-0.073064 0.209231 0.027860 0.002002 0.092483 0.995712
-0.043903 0.193544 -0.001464 0.724064 0.061875 0.686952
-0.051287 0.162466 0.009118 0.724064 0.061875 0.686952
-0.065930 0.146977 0.025947 0.724064 0.061875 0.686952
-0.044028 0.146878 0.002871 0.724064 0.061875 0.686952
-0.102463 0.194426 -0.001480 -0.721297 0.065970 0.689477
-0.095207 0.163128 0.009106 -0.721297 0.065970 0.689477
-0.102588 0.147760 0.002855 -0.721297 0.065970 0.689477
-0.080570 0.147197 0.025943 -0.721297 0.065970 0.689477
0.057668 0.344230 -0.123969 0.192801 0.012010 -0.981164
0.043251 0.367710 -0.126514 0.192801 0.012010 -0.981164
0.014417 0.372950 -0.132116 0.192801 0.012010 -0.981164
0.057668 0.385950 -0.123458 0.192801 0.012010 -0.981164
-0.129752 0.351991 -0.109708 -0.460277 0.364269 -0.809601
-0.057668 0.344230 -0.123968 -0.192809 0.012010 -0.981163
-0.043251 0.367710 -0.126514 -0.192809 0.012010 -0.981163
-0.057668 0.385950 -0.123458 -0.192809 0.012010 -0.981163
-0.014417 0.372950 -0.132116 -0.192809 0.012010 -0.981163
-0.115888 0.342985 -0.044877 0.299671 0.951608 0.068114
-0.086916 0.335486 -0.067579 0.299671 0.951608 0.068114
-0.072637 0.329984 -0.053536 0.299671 0.951608 0.068113
-0.072223 0.333489 -0.104323 0.299671 0.951608 0.068114
-0.135827 0.389381 -0.039795 -0.991463 -0.129275 -0.017016
-0.134308 0.380034 -0.057273 -0.991463 -0.129275 -0.017016
-0.135412 0.392886 -0.090583 -0.991463 -0.129275 -0.017016
-0.131685 0.357834 -0.041442 -0.991463 -0.129275 -0.017016
0.138326 0.798710 0.005510 0.854100 -0.275093 0.441403
0.142984 0.815446 0.006927 0.854100 -0.275094 0.441403
0.150002 0.816589 -0.005941 0.854100 -0.275094 0.441403
0.140624 0.831040 0.021212 0.854100 -0.275094 0.441403
0.164068 0.797367 -0.048879 0.883745 -0.253780 0.393181
0.162291 0.814439 -0.033865 0.883745 -0.253780 0.393181
0.166366 0.829697 -0.033177 0.883745 -0.253780 0.393181
0.156438 0.816253 -0.019538 0.883745 -0.253780 0.393181
0.136380 0.755685 -0.085225 0.777922 -0.626285 -0.051032
0.147248 0.769013 -0.083130 0.777923 -0.626284 -0.051033
0.146309 0.769129 -0.098864 0.777922 -0.626284 -0.051033
0.159054 0.782225 -0.065301 0.777922 -0.626285 -0.051032
0.328256 0.493084 0.000450 0.454961 0.764512 0.456653
0.343941 0.484569 -0.057029 0.531757 0.846669 0.019674
0.373611 0.466234 -0.069949 0.531756 0.846669 0.019674
0.388163 0.456850 -0.059402 0.531756 0.846669 0.019673
0.388729 0.457284 -0.093415 0.531756 0.846669 0.019674
0.403742 0.447359 -0.009472 0.517686 0.855560 -0.004312
0.418462 0.438327 -0.034281 0.517686 0.855560 -0.004312
0.448531 0.420074 -0.045858 0.517686 0.855560 -0.004312
0.403113 0.447547 -0.047513 0.517686 0.855560 -0.004312
0.328960 0.457498 0.000349 -0.038593 -0.003605 0.999249
0.362847 0.445790 0.001615 -0.038593 -0.003605 0.999249
0.374377 0.430025 0.002004 -0.038593 -0.003605 0.999249
0.385204 0.449846 0.002493 -0.038593 -0.003605 0.999249
0.142620 0.442943 0.054366 0.837988 0.138884 0.527718
0.130296 0.498560 0.007891 0.975900 0.218204 0.002343
0.133266 0.485578 -0.020274 0.975900 0.218204 0.002343
0.139354 0.458385 -0.023558 0.975900 0.218204 0.002343
0.130148 0.499790 -0.045154 0.975900 0.218204 0.002343
0.137405 0.398257 0.031480 0.993558 -0.113200 -0.005391
0.138598 0.410351 -0.002582 0.993558 -0.113200 -0.005391
0.137257 0.399487 -0.021565 0.993558 -0.113200 -0.005391
0.141132 0.433309 -0.017661 0.993558 -0.113200 -0.005391
0.077942 0.430902 0.080549 0.394847 -0.149854 0.906443
0.091205 0.408546 0.071076 0.394847 -0.149854 0.906443
0.074067 0.397080 0.076646 0.394847 -0.149854 0.906443
0.121607 0.397655 0.056032 0.394847 -0.149854 0.906443
-0.057123 0.821037 0.165987 0.166925 -0.928810 0.330830
-0.042842 0.818893 0.152763 0.166926 -0.928810 0.330829
-0.057123 0.808713 0.131388 0.166925 -0.928810 0.330829
-0.014281 0.826929 0.160913 0.166926 -0.928810 0.330829
-0.110221 0.804408 0.089829 0.111533 -0.975268 -0.190824
-0.082666 0.806422 0.095644 0.111534 -0.975268 -0.190823
-0.067379 0.810301 0.084755 0.111534 -0.975267 -0.190824
-0.070398 0.804556 0.112349 0.111533 -0.975268 -0.190823
0.011127 0.594855 -0.060624 0.258882 -0.945803 -0.196050
0.033380 0.603689 -0.073858 0.258883 -0.945803 -0.196050
0.044507 0.614675 -0.112164 0.258883 -0.945803 -0.196051
0.044507 0.601538 -0.048785 0.258884 -0.945803 -0.196050
0.060828 0.665364 -0.139591 0.367860 -0.251471 -0.895233
0.070656 0.656571 -0.133083 0.367860 -0.251471 -0.895233
0.094208 0.672047 -0.127752 0.367860 -0.251471 -0.895233
0.056932 0.632302 -0.131905 0.367860 -0.251472 -0.895232
-0.109232 0.746682 -0.153306 -0.327976 -0.629858 -0.704067
-0.081924 0.740274 -0.160295 -0.327976 -0.629859 -0.704066
-0.071956 0.743906 -0.168188 -0.327976 -0.629859 -0.704066
-0.064584 0.730234 -0.159391 -0.327976 -0.629857 -0.704068
-0.059531 0.757418 -0.192212 -0.351902 -0.746214 -0.565093
-0.044648 0.748326 -0.189474 -0.351901 -0.746214 -0.565094
-0.014883 0.740970 -0.198296 -0.351902 -0.746214 -0.565093
-0.059531 0.746590 -0.177914 -0.351902 -0.746214 -0.565093
0.014883 0.740970 -0.198296 0.351902 -0.746214 -0.565093
0.044648 0.748326 -0.189474 0.351901 -0.746214 -0.565094
0.059531 0.757418 -0.192212 0.351902 -0.746214 -0.565093
0.059531 0.746590 -0.177914 0.351902 -0.746214 -0.565093
0.065045 0.791506 -0.192903 0.409838 0.047643 -0.910913
0.082270 0.786228 -0.185429 0.409838 0.047643 -0.910913
0.109693 0.797127 -0.172521 0.409838 0.047643 -0.910913
0.072071 0.770052 -0.190864 0.409838 0.047643 -0.910913
-0.161769 0.841031 -0.093474 -0.819268 0.179752 -0.544509
-0.149543 0.839463 -0.112387 -0.819268 0.179752 -0.544509
-0.139441 0.849618 -0.124234 -0.819268 0.179752 -0.544508
-0.147419 0.827739 -0.119452 -0.819268 0.179752 -0.544508
-0.081836 0.898887 -0.092644 -0.269154 0.788969 -0.552345
-0.089593 0.882855 -0.111764 -0.269154 0.788969 -0.552344
-0.067486 0.885595 -0.118622 -0.269154 0.788969 -0.552344
-0.119457 0.864082 -0.124026 -0.269154 0.788969 -0.552344
-0.120857 0.403627 -0.110228 -0.200916 0.024749 -0.979296
-0.090643 0.412258 -0.116209 -0.200916 0.024749 -0.979296
-0.077607 0.432347 -0.118376 -0.200916 0.024749 -0.979296
-0.073465 0.400800 -0.120023 -0.200916 0.024749 -0.979296
-0.112715 0.509844 -0.105801 -0.197455 0.076049 -0.977358
-0.084536 0.491920 -0.112888 -0.197455 0.076049 -0.977358
-0.065322 0.507016 -0.115595 -0.197455 0.076049 -0.977358
-0.075571 0.458901 -0.117269 -0.197455 0.076049 -0.977358
0.036688 0.705507 0.156230 0.643954 0.728433 -0.233900
0.027516 0.709292 0.142766 0.643954 0.728433 -0.233900
0.021313 0.707058 0.118733 0.643954 0.728433 -0.233900
0.024546 0.715311 0.153336 0.643954 0.728433 -0.233900
-0.005125 0.715992 0.214865 0.000033 0.221051 0.975262
-0.015374 0.715992 0.214865 0.000033 0.221051 0.975262
-0.020499 0.730553 0.211565 0.000033 0.221051 0.975262
-0.020499 0.701432 0.218166 0.000033 0.221051 0.975262
0.113886 0.642955 0.002609 0.808117 -0.497648 0.315109
0.112853 0.651835 0.019284 0.808117 -0.497648 0.315110
0.119321 0.665629 0.024480 0.808117 -0.497648 0.315110
0.105351 0.646921 0.030763 0.808117 -0.497648 0.315110
0.110882 0.689660 -0.115180 0.940992 -0.177835 -0.287939
0.120678 0.709411 -0.095367 0.940992 -0.177835 -0.287939
0.127524 0.735818 -0.089304 0.940992 -0.177835 -0.287939
0.123627 0.702756 -0.081618 0.940992 -0.177835 -0.287940
0.148389 0.884802 -0.005693 0.917943 0.396374 -0.016407
0.156254 0.865851 -0.023481 0.917942 0.396374 -0.016407
0.164354 0.846834 -0.029716 0.917943 0.396374 -0.016407
0.156019 0.865916 -0.035034 0.917942 0.396374 -0.016408
-0.050162 0.881192 -0.133464 -0.272517 0.789904 -0.549350
-0.037622 0.869644 -0.156289 -0.272516 0.789904 -0.549351
-0.012541 0.881272 -0.152011 -0.272516 0.789904 -0.549351
-0.050162 0.846467 -0.183393 -0.272517 0.789904 -0.549351
-0.112818 0.637590 -0.017709 -0.790560 -0.609678 -0.057510
-0.109649 0.635741 -0.041672 -0.790560 -0.609678 -0.057510
-0.115049 0.644170 -0.056794 -0.790561 -0.609677 -0.057511
-0.101079 0.625462 -0.050512 -0.790560 -0.609679 -0.057510
-0.048778 0.628086 0.064533 -0.497179 -0.655485 0.568465
-0.036584 0.635052 0.083230 -0.497179 -0.655485 0.568465
-0.012195 0.620578 0.087871 -0.497179 -0.655485 0.568465
-0.048778 0.656492 0.097287 -0.497179 -0.655484 0.568466
-0.012381 0.534186 -0.120930 -0.143182 0.116840 -0.982775
-0.037144 0.548384 -0.115634 -0.143182 0.116840 -0.982775
-0.049525 0.525837 -0.116511 -0.143182 0.116840 -0.982775
-0.049525 0.585128 -0.109462 -0.143182 0.116840 -0.982775
0.066959 0.497383 0.053057 0.341029 0.493217 0.800272
0.085874 0.483773 0.053384 0.341029 0.493217 0.800272
0.076165 0.455978 0.074652 0.341029 0.493217 0.800272
0.114499 0.497958 0.032443 0.341029 0.493217 0.800272
