0.000000 0.231704 0.085671
-0.069344 0.209647 0.085671
-0.000000 0.154966 -0.043125
0.069344 0.209647 0.085672
-0.000000 0.395522 0.085671
0.110635 0.361304 0.063254
-0.110635 0.361304 0.063254
-0.069344 0.142033 0.123034
0.069344 0.142033 0.123034
-0.000000 0.485067 0.143895
-0.000000 0.485160 0.143898
-0.000000 0.601739 0.070742
0.158537 0.335107 0.055784
-0.158537 0.335107 0.055784
-0.069344 0.089812 0.085671
0.069344 0.089813 0.085671
0.214313 0.304602 0.062515
-0.214313 0.304602 0.062515
-0.069344 0.054394 0.116919
0.069344 0.054394 0.116919
0.279927 0.295186 0.050801
0.273566 0.294689 0.091929
0.234884 0.290575 0.092575
-0.237221 0.294850 0.092562
-0.273567 0.294689 0.091929
-0.279927 0.295186 0.050802
0.307327 0.282941 0.050416
0.301720 0.283533 0.097185
0.250656 0.275567 0.111420
-0.251682 0.275939 0.108761
-0.301720 0.283533 0.097185
-0.307327 0.282941 0.050416
