0 960
0 1
0 2
0 3
0 961
0 17
0 18
0 50
0 954
0 955
1 0
1 2
1 3
1 930
1 5
1 933
1 932
1 10
1 954
1 955
1 956
1 957
1 926
1 959
2 0
2 1
2 3
3 0
3 1
3 2
3 8
3 10
3 11
3 12
3 13
3 16
3 17
3 18
3 19
3 20
3 1138
3 1139
3 23
3 24
3 926
4 898
4 899
4 5
4 6
4 7
4 8
4 9
4 10
4 14
4 15
4 943
4 887
4 888
4 889
4 890
4 893
5 1
5 930
5 4
5 932
5 6
5 7
5 933
5 934
5 10
5 943
6 4
6 5
6 7
7 928
7 929
7 931
7 4
7 5
7 6
7 932
7 934
7 939
7 940
7 941
7 14
7 15
7 944
7 945
7 927
8 3
8 4
8 899
8 9
8 10
8 11
8 16
8 1139
8 891
8 892
8 893
8 894
9 8
9 10
9 4
10 1
10 930
10 3
10 4
10 5
10 8
10 9
10 943
10 1139
10 926
11 3
11 8
11 12
11 13
11 16
11 54
11 55
11 1114
11 891
11 892
12 3
12 938
12 11
12 939
12 13
12 1138
12 984
12 54
12 55
12 24
13 3
13 11
13 12
14 896
14 897
14 4
14 7
14 939
14 15
14 945
14 54
14 887
14 888
14 985
14 895
15 4
15 14
15 7
16 3
16 8
16 11
17 0
17 960
17 3
17 48
17 49
17 18
17 19
17 20
17 21
17 22
17 50
17 51
17 25
17 26
17 27
17 28
18 0
18 17
18 3
19 32
19 3
19 940
19 17
19 20
19 21
19 22
19 23
19 24
19 986
19 987
19 29
19 30
19 31
20 3
20 17
20 19
21 17
21 305
21 19
21 306
21 308
21 22
21 25
21 26
21 29
21 30
22 17
22 19
22 21
23 3
23 24
23 19
24 3
24 938
24 939
24 12
24 940
24 942
24 1138
24 19
24 23
24 986
25 17
25 26
25 21
26 74
26 298
26 76
26 302
26 79
26 303
26 17
26 81
26 304
26 305
26 21
26 306
26 307
26 25
26 27
26 28
27 58
27 74
27 75
27 76
27 48
27 17
27 51
27 52
27 53
27 980
27 56
27 57
27 26
27 28
28 17
28 26
28 27
29 32
29 34
29 291
29 36
29 292
29 293
29 294
29 305
29 19
29 308
29 21
29 309
29 30
29 31
30 21
30 19
30 29
31 32
31 33
31 34
31 35
31 36
31 928
31 940
31 946
31 19
31 947
31 987
31 29
32 19
32 29
32 31
33 928
33 34
33 35
33 37
33 38
33 936
33 937
33 45
33 46
33 946
33 952
33 31
34 33
34 35
34 36
34 37
34 38
34 39
34 40
34 291
34 292
34 295
34 29
34 31
35 33
35 34
35 31
36 34
36 29
36 31
37 33
37 34
37 38
37 39
37 40
37 43
37 44
37 45
37 46
37 47
38 33
38 34
38 37
39 34
39 291
39 37
39 295
39 40
39 41
39 42
39 43
39 44
39 297
39 296
39 301
40 34
40 37
40 39
41 39
41 72
41 73
41 42
41 43
41 296
41 300
41 301
41 79
41 80
42 41
42 43
42 39
43 992
43 37
43 966
43 39
43 72
43 41
43 42
43 73
43 44
43 45
43 969
43 47
43 1007
43 991
44 43
44 37
44 39
45 33
45 37
45 966
45 936
45 968
45 969
45 43
45 46
45 47
45 950
45 952
45 953
46 33
46 37
46 45
47 45
47 43
47 37
48 1056
48 1025
48 1026
48 1057
48 1058
48 1032
48 17
48 50
48 51
48 49
48 52
48 53
48 120
48 27
49 48
49 17
49 50
50 960
50 0
50 961
50 1056
50 1057
50 1154
50 48
50 49
50 17
50 954
51 48
51 17
51 27
52 1025
52 1026
52 970
52 48
52 979
52 980
52 53
52 1142
52 58
52 27
53 48
53 27
53 52
54 897
54 1115
54 11
54 12
54 939
54 14
54 55
54 984
54 985
54 1114
54 891
54 895
55 11
55 12
55 54
56 65
56 66
56 67
56 70
56 71
56 59
56 74
56 75
56 988
56 77
56 78
56 1140
56 1141
56 57
56 58
56 27
56 60
56 989
57 56
57 58
57 27
58 59
58 970
58 978
58 979
58 52
58 980
58 56
58 57
58 27
58 60
59 56
59 58
59 60
60 64
60 995
60 996
60 970
60 971
60 972
60 973
60 974
60 978
60 56
60 58
60 59
60 988
60 989
61 64
61 866
61 867
61 68
61 69
61 869
61 868
61 70
61 873
61 1002
61 1003
61 877
61 878
61 989
61 62
61 63
62 64
62 994
62 68
62 69
62 997
62 998
62 1001
62 1004
62 1005
62 974
62 976
62 86
62 991
62 61
62 990
62 63
63 64
63 61
63 62
64 995
64 996
64 997
64 1002
64 974
64 61
64 60
64 989
64 62
64 63
65 66
65 67
65 70
65 71
65 870
65 871
65 1072
65 83
65 84
65 56
66 56
66 65
66 67
67 65
67 66
67 998
67 999
67 77
67 1008
67 83
67 84
67 1140
67 56
68 866
68 867
68 69
68 998
68 874
68 875
68 876
68 1005
68 1009
68 84
68 61
68 62
69 68
69 61
69 62
70 65
70 870
70 871
70 71
70 872
70 873
70 1003
70 877
70 989
70 1141
70 56
70 61
71 56
71 65
71 70
72 73
72 41
72 43
72 74
72 1006
72 79
72 80
72 1007
72 82
72 85
72 86
72 991
73 72
73 41
73 43
74 72
74 75
74 76
74 77
74 78
74 79
74 81
74 82
74 1010
74 85
74 86
74 56
74 26
74 27
75 56
75 74
75 27
76 26
76 27
76 74
77 67
77 998
77 999
77 1000
77 74
77 78
77 1010
77 1140
77 86
77 56
78 56
78 74
78 77
79 72
79 41
79 74
79 296
79 299
79 298
79 300
79 80
79 81
79 82
79 304
79 26
80 72
80 41
80 79
81 74
81 26
81 79
82 72
82 74
82 79
83 65
83 67
83 84
84 65
84 67
84 68
84 998
84 871
84 875
84 876
84 1008
84 1009
84 1072
84 83
84 1073
85 72
85 74
85 86
86 998
86 72
86 1000
86 74
86 1001
86 1004
86 77
86 1006
86 1010
86 85
86 62
86 991
87 128
87 129
87 1024
87 102
87 103
87 112
87 113
87 114
87 116
87 118
87 88
87 89
87 90
87 91
87 92
87 125
88 122
88 109
88 112
88 113
88 1015
88 1012
88 1013
88 1014
88 87
88 89
88 90
88 1022
89 88
89 90
89 87
90 1030
90 1033
90 1035
90 1036
90 1148
90 1015
90 1013
90 87
90 88
90 89
90 91
90 92
91 90
91 92
91 87
92 1028
92 102
92 103
92 104
92 105
92 1030
92 1033
92 1147
92 1040
92 87
92 90
92 91
93 96
93 130
93 99
93 131
93 133
93 135
93 137
93 107
93 108
93 109
93 110
93 111
93 1016
93 1019
93 94
93 95
94 96
94 97
94 98
94 99
94 100
94 101
94 1021
94 1019
94 93
94 95
95 96
95 93
95 94
96 1018
96 100
96 109
96 1021
96 1011
96 119
96 1016
96 1017
96 122
96 93
96 94
96 95
97 224
97 98
97 99
97 100
97 101
97 202
97 203
97 204
97 205
97 1038
97 1162
97 123
97 124
97 1151
97 94
97 223
98 97
98 99
98 94
99 97
99 98
99 1153
99 102
99 1019
99 105
99 106
99 107
99 108
99 1020
99 123
99 124
99 93
99 94
100 96
100 97
100 101
100 200
100 202
100 205
100 119
100 1048
100 1018
100 1052
100 1021
100 94
101 97
101 100
101 94
102 1024
102 99
102 103
102 104
102 105
102 106
102 107
102 1020
102 114
102 115
102 87
102 92
103 92
103 102
103 87
104 105
104 92
104 102
105 1152
105 1153
105 99
105 1028
105 102
105 104
105 106
105 1040
105 124
105 92
106 105
106 99
106 102
107 99
107 133
107 102
107 134
107 135
107 108
107 114
107 115
107 116
107 117
107 1020
107 93
108 99
108 107
108 93
109 96
109 110
109 111
109 112
109 1011
109 1012
109 88
109 1016
109 122
109 93
109 1022
109 1023
110 109
110 93
110 111
111 130
111 131
111 132
111 109
111 110
111 112
111 1041
111 93
111 126
111 1023
112 129
112 109
112 111
112 113
112 1041
112 1022
112 87
112 88
112 1023
112 125
112 126
112 127
113 112
113 88
113 87
114 1024
114 102
114 107
114 115
114 116
114 117
114 118
114 87
115 114
115 107
115 102
116 128
116 133
116 134
116 136
116 107
116 114
116 117
116 118
116 87
116 125
117 114
117 107
117 116
118 114
118 116
118 87
119 96
119 1018
119 100
119 197
119 198
119 200
119 120
119 121
119 122
119 1017
119 1049
119 1048
120 1056
120 1026
120 1058
120 1059
120 197
120 198
120 1031
120 1032
120 48
120 119
120 121
120 122
121 120
121 122
121 119
122 96
122 1026
122 1031
122 1034
122 109
122 1011
122 1012
122 1013
122 1014
122 119
122 120
122 121
122 88
122 1017
123 97
123 99
123 124
124 1152
124 97
124 1153
124 99
124 1028
124 965
124 105
124 1037
124 1038
124 1039
124 950
124 123
124 1150
124 1151
125 128
125 129
125 133
125 136
125 112
125 116
125 87
125 126
125 127
126 130
126 132
126 111
126 112
126 1041
126 125
126 127
127 112
127 125
127 126
128 116
128 125
128 87
129 112
129 125
129 87
130 131
130 132
130 133
130 137
130 111
130 93
130 126
131 130
131 93
131 111
132 130
132 126
132 111
133 130
133 134
133 135
133 136
133 137
133 107
133 116
133 125
133 93
134 107
134 116
134 133
135 107
135 93
135 133
136 125
136 116
136 133
137 130
137 93
137 133
138 169
138 139
138 140
138 141
138 142
138 143
138 172
138 188
139 163
139 164
139 169
139 138
139 170
139 140
139 141
139 172
139 146
139 150
139 153
139 154
140 138
140 139
140 141
141 164
141 138
141 139
141 140
141 142
141 143
141 144
141 145
141 146
141 147
142 138
142 141
142 143
143 160
143 162
143 169
143 138
143 141
143 142
143 173
143 144
143 145
143 187
143 188
143 158
144 141
144 173
144 143
144 174
144 145
144 146
144 147
144 148
144 149
144 158
145 144
145 141
145 143
146 163
146 164
146 139
146 141
146 144
146 147
146 148
146 149
146 189
146 153
146 157
146 190
147 144
147 146
147 141
148 165
148 174
148 144
148 146
148 149
148 190
148 157
148 158
149 144
149 146
149 148
150 167
150 169
150 170
150 139
150 171
150 179
150 180
150 181
150 151
150 152
150 153
150 154
151 175
151 180
151 181
151 150
151 182
151 152
151 153
151 155
151 156
151 157
152 153
152 150
152 151
153 163
153 139
153 175
153 146
153 189
153 150
153 151
153 152
153 154
153 157
154 153
154 139
154 150
155 160
155 161
155 167
155 180
155 182
155 151
155 184
155 185
155 156
155 157
155 158
155 159
156 155
156 157
156 151
157 165
157 190
157 175
157 146
157 148
157 151
157 153
157 155
157 156
157 189
157 158
157 159
158 160
158 161
158 162
158 165
158 173
158 174
158 143
158 144
158 148
158 155
158 157
158 159
159 155
159 157
159 158
160 161
160 162
160 166
160 167
160 169
160 187
160 143
160 176
160 178
160 183
160 185
160 186
160 155
160 158
161 160
161 155
161 158
162 160
162 158
162 143
163 153
163 146
163 139
164 146
164 139
164 141
165 148
165 157
165 158
166 160
166 167
166 168
166 169
166 176
166 177
166 178
166 183
167 160
167 166
167 168
167 169
167 171
167 179
167 180
167 150
167 183
167 184
167 185
167 155
168 169
168 166
168 167
169 160
169 166
169 167
169 168
169 170
169 139
169 171
169 172
169 138
169 143
169 176
169 177
169 150
169 186
169 187
169 188
170 169
170 139
170 150
171 169
171 150
171 167
172 169
172 138
172 139
173 144
173 158
173 143
174 144
174 148
174 158
175 153
175 157
175 151
176 160
176 166
176 169
176 177
176 178
176 186
177 176
177 169
177 166
178 176
178 166
178 160
179 180
179 150
179 167
180 167
180 179
180 181
180 150
180 151
180 182
180 155
180 184
181 180
181 150
181 151
182 155
182 180
182 151
183 160
183 166
183 167
184 155
184 180
184 167
185 160
185 155
185 167
186 160
186 169
186 176
187 160
187 169
187 143
188 169
188 138
188 143
189 153
189 146
189 157
190 146
190 148
190 157
191 192
191 193
191 194
191 195
191 196
191 229
191 231
191 232
191 206
191 207
191 216
191 217
191 219
191 220
191 222
191 1055
192 193
192 194
192 195
192 196
192 1062
192 1064
192 1065
192 1066
192 1160
192 1045
192 1046
192 191
193 192
193 194
193 191
194 192
194 193
194 197
194 1043
194 1044
194 1045
194 1046
194 215
194 216
194 217
194 1054
194 191
195 192
195 196
195 1060
195 1062
195 1159
195 1064
195 206
195 207
195 1070
195 209
195 210
195 191
196 192
196 195
196 191
197 1056
197 194
197 1059
197 198
197 200
197 1067
197 1042
197 1043
197 119
197 1044
197 1045
197 215
197 120
197 1049
198 120
198 197
198 119
199 225
199 226
199 200
199 201
199 202
199 203
199 233
199 234
199 237
199 211
199 212
199 213
199 214
199 215
199 1047
199 1050
200 100
200 197
200 199
200 201
200 202
200 1042
200 1047
200 119
200 215
200 1048
200 1049
200 1052
201 200
201 202
201 199
202 97
202 100
202 199
202 200
202 201
202 203
202 204
202 205
202 1050
202 1052
203 224
203 97
203 199
203 202
203 204
203 1164
203 206
203 208
203 209
203 211
203 212
203 1050
203 1051
203 223
204 97
204 202
204 203
205 97
205 202
205 100
206 195
206 1051
206 203
206 207
206 208
206 209
206 210
206 212
206 218
206 219
206 1055
206 191
207 195
207 206
207 191
208 209
208 203
208 206
209 195
209 1060
209 203
209 1164
209 1165
209 206
209 1070
209 208
209 210
209 223
210 209
210 195
210 206
211 203
211 212
211 199
212 199
212 1051
212 233
212 234
212 203
212 235
212 206
212 211
212 218
212 219
212 220
212 221
213 225
213 226
213 227
213 228
213 199
213 1071
213 214
213 215
213 217
213 1053
214 215
214 213
214 199
215 194
215 197
215 199
215 200
215 1042
215 1043
215 213
215 214
215 1047
215 217
215 1053
215 1054
216 217
216 194
216 191
217 194
217 227
217 229
217 230
217 232
217 1071
217 213
217 215
217 216
217 1053
217 1054
217 191
218 219
218 212
218 206
219 206
219 1055
219 212
219 218
219 220
219 221
219 222
219 191
220 229
220 231
220 233
220 235
220 236
220 212
220 219
220 221
220 222
220 191
221 212
221 220
221 219
222 219
222 220
222 191
223 224
223 97
223 1060
223 1162
223 203
223 1068
223 1069
223 1038
223 1163
223 1164
223 209
223 1165
223 949
223 950
224 97
224 203
224 223
225 226
225 227
225 228
225 199
225 233
225 237
225 213
226 225
226 213
226 199
227 225
227 228
227 229
227 230
227 1071
227 213
227 217
228 225
228 227
228 213
229 227
229 230
229 231
229 232
229 233
229 236
229 217
229 220
229 191
230 217
230 227
230 229
231 220
231 229
231 191
232 217
232 229
232 191
233 225
233 229
233 199
233 234
233 235
233 236
233 237
233 212
233 220
234 233
234 212
234 199
235 233
235 212
235 220
236 233
236 220
236 229
237 233
237 225
237 199
238 288
238 267
238 268
238 239
238 240
238 241
238 242
238 243
239 257
239 238
239 240
239 241
239 242
239 243
239 244
239 245
239 247
239 255
240 241
240 238
240 239
241 257
241 258
241 259
241 260
241 267
241 268
241 269
241 238
241 239
241 240
241 246
241 247
242 288
242 264
242 265
242 267
242 238
242 239
242 274
242 243
242 244
242 245
242 252
242 287
243 242
243 238
243 239
244 256
244 289
244 239
244 242
244 274
244 245
244 247
244 250
244 252
244 255
245 242
245 244
245 239
246 258
246 259
246 260
246 261
246 262
246 241
246 275
246 247
246 248
246 249
247 256
247 257
247 258
247 239
247 241
247 244
247 246
247 248
247 249
247 250
247 251
247 255
248 249
248 246
248 247
249 290
249 262
249 263
249 275
249 246
249 247
249 248
249 250
249 251
249 252
249 253
249 254
250 256
250 289
250 290
250 244
250 247
250 249
250 251
250 252
251 249
251 250
251 247
252 289
252 290
252 264
252 265
252 266
252 242
252 274
252 244
252 249
252 250
252 253
252 254
253 262
253 263
253 264
253 266
253 270
253 284
253 280
253 249
253 282
253 252
253 285
253 254
254 249
254 252
254 253
255 247
255 244
255 239
256 250
256 244
256 247
257 241
257 239
257 247
258 241
258 246
258 247
259 260
259 261
259 262
259 267
259 269
259 270
259 271
259 241
259 246
259 279
259 280
259 281
260 241
260 259
260 246
261 259
261 246
261 262
262 259
262 261
262 263
262 275
262 246
262 279
262 280
262 249
262 282
262 253
263 249
263 253
263 262
264 265
264 266
264 267
264 270
264 272
264 242
264 277
264 278
264 284
264 283
264 252
264 253
264 286
264 287
265 264
265 242
265 252
266 264
266 252
266 253
267 288
267 259
267 264
267 268
267 269
267 238
267 270
267 271
267 241
267 272
267 273
267 276
267 277
267 242
267 286
267 287
268 241
268 267
268 238
269 267
269 241
269 259
270 259
270 264
270 267
270 271
270 272
270 273
270 280
270 281
270 285
270 283
270 284
270 253
271 259
271 267
271 270
272 264
272 267
272 270
272 273
272 276
272 277
272 278
272 283
273 272
273 267
273 270
274 242
274 252
274 244
275 249
275 262
275 246
276 272
276 267
276 277
277 264
277 267
277 272
277 276
277 278
277 286
278 272
278 264
278 277
279 280
279 259
279 262
280 259
280 285
280 262
280 270
280 279
280 281
280 282
280 253
281 280
281 259
281 270
282 280
282 253
282 262
283 264
283 272
283 270
284 264
284 253
284 270
285 280
285 253
285 270
286 264
286 267
286 277
287 264
287 242
287 267
288 242
288 267
288 238
289 250
289 252
289 244
290 249
290 250
290 252
291 34
291 292
291 293
291 294
291 39
291 295
291 296
291 297
291 29
292 34
292 291
292 29
293 291
293 294
293 305
293 309
293 29
294 29
294 291
294 293
295 34
295 291
295 39
296 291
296 39
296 297
296 298
296 299
296 41
296 300
296 301
296 79
297 296
297 291
297 39
298 296
298 299
298 302
298 303
298 79
298 304
298 26
299 296
299 298
299 79
300 296
300 41
300 79
301 296
301 41
301 39
302 640
302 546
302 642
302 643
302 644
302 612
302 615
302 298
302 303
302 305
302 307
302 628
302 627
302 26
303 298
303 26
303 302
304 298
304 26
304 79
305 804
305 293
305 805
305 807
305 733
305 777
305 778
305 809
305 302
305 306
305 307
305 308
305 21
305 309
305 793
305 26
305 794
305 29
306 305
306 26
306 21
307 305
307 26
307 302
308 305
308 29
308 21
309 305
309 293
309 29
310 320
310 321
310 322
310 323
310 389
310 392
310 394
310 311
310 312
310 313
311 320
311 321
311 328
311 329
311 330
311 310
311 312
311 313
311 314
311 315
312 313
312 310
312 311
313 389
313 391
313 394
313 335
313 336
313 337
313 338
313 310
313 311
313 312
313 314
313 315
314 329
314 330
314 331
314 332
314 409
314 335
314 336
314 411
314 311
314 313
314 315
314 412
315 313
315 314
315 311
316 319
316 404
316 405
316 407
316 347
316 349
316 317
316 318
316 351
317 356
317 357
317 360
317 361
317 362
317 363
317 334
317 398
317 339
317 403
317 316
317 318
317 319
318 316
318 317
318 319
319 353
319 356
319 357
319 359
319 404
319 405
319 406
319 316
319 317
319 318
320 321
320 310
320 311
321 320
321 322
321 323
321 324
321 325
321 328
321 329
321 341
321 310
321 311
321 342
321 343
322 321
322 385
322 323
322 324
322 325
322 326
322 327
322 388
322 392
322 389
322 397
322 310
323 321
323 322
323 310
324 321
324 322
324 325
324 326
324 327
324 341
324 342
324 344
324 345
324 347
324 348
325 321
325 322
325 324
326 322
326 324
326 327
327 385
327 322
327 386
327 324
327 388
327 326
327 379
328 329
328 321
328 311
329 321
329 353
329 354
329 355
329 356
329 358
329 328
329 330
329 331
329 332
329 333
329 334
329 346
329 341
329 311
329 345
329 314
329 343
330 329
330 314
330 311
331 329
331 362
331 332
331 333
331 334
331 365
331 409
331 314
331 411
331 413
332 329
332 314
332 331
333 329
333 331
333 334
334 355
334 356
334 360
334 329
334 361
334 331
334 362
334 333
334 365
334 317
335 336
335 313
335 314
336 362
336 409
336 364
336 335
336 410
336 337
336 338
336 339
336 340
336 313
336 314
336 412
337 389
337 391
337 395
337 336
337 338
337 339
337 340
337 313
337 382
337 383
338 336
338 337
338 313
339 362
339 363
339 364
339 398
339 336
339 337
339 402
339 403
339 340
339 317
339 382
339 383
340 336
340 337
340 339
341 321
341 324
341 329
341 342
341 343
341 344
341 345
341 346
342 321
342 324
342 341
343 329
343 321
343 341
344 345
344 324
344 341
345 352
345 353
345 354
345 324
345 329
345 341
345 344
345 346
345 347
345 348
345 349
345 350
346 329
346 345
346 341
347 324
347 316
347 345
347 348
347 349
347 350
347 351
348 345
348 347
348 324
349 352
349 353
349 404
349 407
349 408
349 345
349 347
349 316
349 350
349 351
350 345
350 347
350 349
351 347
351 316
351 349
352 345
352 349
352 353
353 352
353 354
353 356
353 358
353 359
353 329
353 404
353 406
353 408
353 345
353 349
353 319
354 329
354 345
354 353
355 329
355 356
355 334
356 353
356 355
356 357
356 358
356 359
356 360
356 329
356 334
356 317
356 319
357 356
357 317
357 319
358 329
358 356
358 353
359 353
359 356
359 319
360 356
360 317
360 334
361 362
361 317
361 334
362 361
362 363
362 364
362 365
362 334
362 331
362 336
362 339
362 409
362 410
362 317
362 413
363 362
363 339
363 317
364 336
364 362
364 339
365 362
365 331
365 334
366 385
366 387
366 389
366 393
366 396
366 367
366 368
366 369
366 379
366 380
367 384
367 389
367 390
367 396
367 366
367 368
367 369
367 370
367 371
367 372
367 373
367 374
367 375
367 383
368 369
368 366
368 367
369 366
369 367
369 368
369 373
369 375
369 376
369 378
369 379
369 380
369 381
370 384
370 398
370 367
370 399
370 401
370 371
370 372
370 383
371 398
371 367
371 399
371 400
371 370
371 372
371 373
371 374
371 376
371 377
372 370
372 371
372 367
373 367
373 369
373 371
373 374
373 375
373 376
373 377
373 378
374 371
374 373
374 367
375 369
375 373
375 367
376 398
376 400
376 369
376 371
376 373
376 377
376 378
376 379
376 381
377 376
377 371
377 373
378 376
378 369
378 373
379 385
379 386
379 387
379 327
379 366
379 369
379 376
379 380
379 381
380 369
380 379
380 366
381 376
381 369
381 379
382 337
382 339
382 383
383 384
383 389
383 390
383 395
383 398
383 367
383 337
383 370
383 339
383 401
383 402
383 382
384 370
384 367
384 383
385 386
385 387
385 322
385 388
385 389
385 327
385 393
385 397
385 366
385 379
386 385
386 379
386 327
387 385
387 379
387 366
388 385
388 322
388 327
389 385
389 322
389 390
389 391
389 392
389 393
389 394
389 395
389 396
389 397
389 366
389 367
389 337
389 310
389 313
389 383
390 367
390 389
390 383
391 337
391 389
391 313
392 322
392 389
392 310
393 385
393 389
393 366
394 313
394 389
394 310
395 337
395 389
395 383
396 389
396 366
396 367
397 385
397 322
397 389
398 399
398 400
398 401
398 370
398 371
398 339
398 402
398 403
398 376
398 317
398 383
399 370
399 371
399 398
400 376
400 371
400 398
401 370
401 398
401 383
402 339
402 398
402 383
403 339
403 317
403 398
404 353
404 405
404 406
404 407
404 408
404 316
404 349
404 319
405 404
405 316
405 319
406 353
406 404
406 319
407 404
407 316
407 349
408 353
408 404
408 349
409 362
409 331
409 314
409 336
409 410
409 411
409 412
409 413
410 336
410 409
410 362
411 409
411 314
411 331
412 336
412 409
412 314
413 409
413 362
413 331
414 416
414 417
414 420
414 421
414 415
415 416
415 417
415 418
415 419
415 426
415 427
415 428
415 429
415 414
416 417
416 414
416 415
417 416
417 418
417 419
417 420
417 421
417 422
417 423
417 414
417 415
418 417
418 419
418 426
418 427
418 415
419 417
419 418
419 415
420 417
420 421
420 422
420 423
420 424
420 425
420 414
421 417
421 420
421 414
422 417
422 420
422 423
422 424
422 425
423 417
423 420
423 422
424 425
424 420
424 422
425 424
425 420
425 422
426 418
426 427
426 428
426 429
426 430
426 431
426 415
427 418
427 426
427 415
428 426
428 429
428 430
428 431
428 432
428 433
428 415
429 426
429 428
429 415
430 426
430 428
430 431
430 432
430 433
431 426
431 428
431 430
432 433
432 428
432 430
433 432
433 428
433 430
434 435
434 436
434 437
434 442
434 443
435 434
435 436
435 437
435 438
435 439
435 440
435 441
435 442
435 443
436 434
436 435
436 437
437 448
437 449
437 434
437 435
437 436
437 438
437 439
437 446
437 447
438 435
438 437
438 439
438 446
438 447
439 435
439 437
439 438
440 435
440 441
440 442
440 444
440 445
441 440
441 442
441 435
442 434
442 435
442 440
442 441
442 443
442 444
442 445
443 442
443 434
443 435
444 440
444 442
444 445
445 440
445 442
445 444
446 448
446 449
446 450
446 451
446 437
446 438
446 447
447 446
447 437
447 438
448 449
448 450
448 451
448 452
448 453
448 437
448 446
449 448
449 437
449 446
450 448
450 451
450 452
450 453
450 446
451 448
451 450
451 446
452 448
452 450
452 453
453 448
453 450
453 452
454 483
454 515
454 485
454 486
454 455
454 456
454 457
454 487
454 518
454 525
454 462
454 529
454 530
454 473
455 576
455 483
455 645
455 454
455 456
455 457
455 599
455 473
455 605
455 606
456 457
456 454
456 455
457 576
457 515
457 516
457 645
457 454
457 455
457 456
457 489
457 518
457 646
458 554
458 459
458 460
458 461
458 556
458 652
458 464
458 465
458 653
458 654
458 655
458 657
459 481
459 482
459 458
459 555
459 460
459 461
459 462
459 463
459 495
459 497
459 554
459 556
460 458
460 459
460 461
461 458
461 459
461 460
461 462
461 463
461 464
461 465
461 466
461 467
461 468
462 481
462 482
462 484
462 485
462 454
462 487
462 459
462 461
462 526
462 463
462 525
462 466
462 467
462 530
463 459
463 461
463 462
464 608
464 610
464 611
464 458
464 651
464 652
464 461
464 607
464 653
464 465
464 466
464 468
464 510
464 511
465 464
465 458
465 461
466 514
466 461
466 462
466 525
466 464
466 526
466 528
466 467
466 468
466 504
466 510
466 511
467 466
467 461
467 462
468 464
468 466
468 461
469 480
469 498
469 470
469 471
469 472
469 475
469 476
469 477
469 478
469 479
470 661
470 662
470 663
470 664
470 667
470 541
470 542
470 543
470 687
470 569
470 570
470 571
470 469
470 471
470 472
470 473
470 727
470 728
470 479
470 746
470 747
470 749
470 498
470 499
471 472
471 469
471 470
472 499
472 469
472 470
472 471
472 473
472 474
472 475
472 476
473 483
473 485
473 454
473 455
473 486
473 493
473 499
473 470
473 599
473 472
473 569
473 474
473 475
473 604
473 605
473 571
474 472
474 473
474 475
475 482
475 485
475 492
475 493
475 494
475 469
475 472
475 473
475 474
475 476
475 477
475 478
476 472
476 475
476 469
477 480
477 482
477 674
477 670
477 494
477 495
477 496
477 671
477 686
477 469
477 662
477 665
477 475
477 668
477 478
477 479
478 469
478 475
478 477
479 480
479 498
479 469
479 470
479 661
479 662
479 668
479 477
480 469
480 477
480 479
481 482
481 459
481 462
482 481
482 484
482 485
482 459
482 492
482 462
482 494
482 495
482 496
482 497
482 475
482 477
483 473
483 454
483 455
484 482
484 485
484 462
485 482
485 484
485 454
485 486
485 487
485 492
485 493
485 462
485 473
485 475
486 473
486 485
486 454
487 454
487 485
487 462
488 515
488 517
488 519
488 489
488 490
488 491
488 504
488 505
488 507
488 509
489 544
489 545
489 546
489 515
489 516
489 547
489 576
489 519
489 488
489 457
489 490
489 491
489 646
489 566
489 567
489 573
489 574
489 575
490 488
490 489
490 491
491 544
491 545
491 488
491 489
491 490
491 522
491 520
491 523
491 524
491 585
491 505
491 507
492 482
492 475
492 485
493 473
493 475
493 485
494 482
494 475
494 477
495 673
495 482
495 674
495 554
495 459
495 555
495 654
495 496
495 497
495 656
495 477
495 671
496 482
496 477
496 495
497 482
497 459
497 495
498 469
498 470
498 479
499 472
499 473
499 470
500 520
500 521
500 696
500 688
500 689
500 697
500 501
500 502
500 503
500 694
500 505
500 508
501 512
501 608
501 609
501 688
501 689
501 690
501 500
501 502
501 503
501 511
502 500
502 501
502 503
503 512
503 513
503 500
503 501
503 502
503 504
503 505
503 506
503 508
503 511
504 513
504 514
504 515
504 517
504 488
504 525
504 527
504 528
504 466
504 503
504 505
504 506
504 509
504 511
505 488
505 521
505 520
505 491
505 522
505 500
505 503
505 504
505 506
505 507
505 508
505 509
506 504
506 505
506 503
507 488
507 505
507 491
508 505
508 500
508 503
509 504
509 488
509 505
510 464
510 466
510 511
511 512
511 513
511 514
511 608
511 609
511 464
511 466
511 501
511 503
511 504
511 510
511 607
512 503
512 501
512 511
513 504
513 511
513 503
514 504
514 466
514 511
515 516
515 517
515 454
515 518
515 488
515 489
515 457
515 519
515 525
515 527
515 529
515 504
516 489
516 515
516 457
517 488
517 504
517 515
518 457
518 515
518 454
519 488
519 489
519 515
520 705
520 706
520 521
520 522
520 491
520 523
520 524
520 681
520 500
520 694
520 696
520 505
521 520
521 505
521 500
522 520
522 505
522 491
523 520
523 491
523 524
524 545
524 706
524 520
524 585
524 586
524 523
524 491
524 587
524 681
524 729
524 730
524 731
525 515
525 454
525 462
525 526
525 527
525 528
525 466
525 529
525 530
525 504
526 466
526 525
526 462
527 504
527 515
527 525
528 504
528 466
528 525
529 515
529 525
529 454
530 454
530 525
530 462
531 548
531 549
531 581
531 580
531 584
531 532
531 533
531 534
531 535
531 536
531 537
531 538
532 557
532 558
532 560
532 531
532 533
532 534
532 535
532 536
533 531
533 532
533 534
534 580
534 550
534 583
534 584
534 557
534 559
534 560
534 531
534 532
534 533
535 557
535 558
535 561
535 562
535 531
535 532
535 564
535 565
535 536
535 537
535 538
535 539
535 540
535 541
536 531
536 532
536 535
537 538
537 531
537 535
538 548
538 549
538 550
538 551
538 552
538 553
538 588
538 531
538 535
538 537
538 539
538 540
539 577
539 578
539 552
539 553
539 562
539 595
539 596
539 565
539 598
539 535
539 538
539 540
540 538
540 539
540 535
541 740
541 741
541 743
541 727
541 557
541 719
541 561
541 562
541 563
541 564
541 721
541 470
541 535
541 728
541 542
541 543
542 562
542 563
542 470
542 568
542 569
542 570
542 541
542 543
543 470
543 541
543 542
544 489
544 491
544 545
545 544
545 546
545 547
545 489
545 585
545 491
545 524
545 587
545 586
546 545
546 547
546 631
546 615
546 489
546 590
546 591
546 302
546 627
546 628
546 629
546 566
546 567
546 630
547 489
547 546
547 545
548 580
548 549
548 550
548 551
548 581
548 582
548 531
548 538
549 538
549 531
549 548
550 534
550 538
550 548
550 551
550 552
550 557
550 559
550 566
550 580
550 582
550 583
550 713
550 714
550 588
550 589
550 592
550 593
550 723
550 736
550 737
550 738
550 758
550 760
550 762
550 763
550 764
551 538
551 548
551 550
552 550
552 553
552 588
552 589
552 595
552 597
552 566
552 598
552 538
552 539
552 572
552 573
553 552
553 538
553 539
554 458
554 555
554 556
554 459
554 654
554 495
554 655
554 656
555 554
555 459
555 495
556 458
556 459
556 554
557 550
557 713
557 714
557 715
557 716
557 558
557 559
557 560
557 561
557 719
557 720
557 532
557 721
557 534
557 535
557 541
558 532
558 557
558 535
559 557
559 550
559 534
560 532
560 557
560 534
561 541
561 557
561 535
562 577
562 578
562 579
562 563
562 564
562 565
562 535
562 568
562 569
562 539
562 541
562 542
563 562
563 541
563 542
564 562
564 541
564 535
565 562
565 539
565 535
566 546
566 550
566 552
566 489
566 589
566 590
566 591
566 592
566 593
566 594
566 567
566 572
566 573
566 574
567 489
567 546
567 566
568 569
568 562
568 542
569 577
569 579
569 603
569 562
569 470
569 599
569 568
569 473
569 570
569 571
569 604
569 542
570 569
570 470
570 542
571 569
571 473
571 470
572 552
572 573
572 566
573 576
573 552
573 489
573 595
573 597
573 566
573 599
573 601
573 602
573 572
573 574
573 575
574 489
574 573
574 566
575 576
575 489
575 573
576 645
576 646
576 455
576 489
576 457
576 599
576 601
576 573
576 606
576 575
577 578
577 579
577 562
577 595
577 596
577 599
577 600
577 569
577 603
577 539
578 577
578 562
578 539
579 577
579 562
579 569
580 548
580 581
580 550
580 582
580 583
580 584
580 531
580 534
581 531
581 580
581 548
582 548
582 550
582 580
583 550
583 580
583 534
584 531
584 580
584 534
585 545
585 491
585 524
586 545
586 801
586 802
586 618
586 587
586 524
586 590
586 798
586 784
586 786
586 730
586 632
586 729
586 634
586 636
586 637
586 638
586 799
587 545
587 586
587 524
588 552
588 538
588 550
589 552
589 566
589 550
590 546
590 612
590 744
590 777
590 618
590 586
590 620
590 591
590 592
590 785
590 594
590 784
590 786
590 566
590 733
590 638
591 590
591 546
591 566
592 738
592 550
592 744
592 745
592 683
592 590
592 750
592 751
592 593
592 594
592 752
592 566
592 764
592 733
593 592
593 550
593 566
594 592
594 590
594 566
595 577
595 552
595 596
595 597
595 598
595 599
595 600
595 602
595 539
595 573
596 539
596 577
596 595
597 552
597 595
597 573
598 539
598 552
598 595
599 576
599 577
599 605
599 455
599 473
599 569
599 595
599 600
599 601
599 602
599 603
599 604
599 573
599 606
600 577
600 595
600 599
601 576
601 573
601 599
602 595
602 573
602 599
603 577
603 569
603 599
604 473
604 569
604 599
605 473
605 455
605 599
606 576
606 455
606 599
607 464
607 608
607 511
608 609
608 610
608 611
608 511
608 464
608 688
608 690
608 691
608 692
608 501
608 693
608 607
609 608
609 501
609 511
610 464
610 611
610 608
611 608
611 610
611 707
611 709
611 711
611 651
611 652
611 464
611 659
611 660
611 691
611 693
612 644
612 613
612 614
612 615
612 616
612 617
612 618
612 619
612 620
612 590
612 302
613 612
613 614
613 615
613 616
613 617
613 621
613 622
613 623
614 612
614 613
614 615
615 640
615 546
615 642
615 612
615 613
615 614
615 644
615 621
615 622
615 302
615 624
615 626
615 629
615 631
615 639
616 612
616 613
616 617
616 618
616 619
616 621
616 623
616 624
616 625
616 632
616 633
616 634
616 635
617 616
617 612
617 613
618 612
618 616
618 586
618 619
618 620
618 590
618 632
618 633
618 637
618 638
619 616
619 618
619 612
620 618
620 612
620 590
621 613
621 615
621 616
621 622
621 623
621 624
621 625
621 626
622 621
622 613
622 615
623 616
623 613
623 621
624 615
624 616
624 621
624 625
624 626
625 624
625 616
625 621
626 624
626 621
626 615
627 640
627 641
627 546
627 643
627 302
627 628
627 629
627 630
628 546
628 627
628 302
629 640
629 641
629 546
629 615
629 627
629 630
629 631
629 639
630 546
630 627
630 629
631 546
631 629
631 615
632 616
632 618
632 586
632 633
632 634
632 635
632 636
632 637
633 632
633 618
633 616
634 616
634 586
634 632
634 635
634 636
635 616
635 634
635 632
636 632
636 634
636 586
637 632
637 618
637 586
638 590
638 586
638 618
639 640
639 629
639 615
640 641
640 642
640 643
640 615
640 302
640 627
640 629
640 639
641 640
641 627
641 629
642 640
642 302
642 615
643 640
643 627
643 302
644 612
644 302
644 615
645 576
645 457
645 455
646 576
646 489
646 457
647 704
647 675
647 676
647 677
647 707
647 679
647 648
647 649
647 650
647 708
647 710
647 659
647 667
647 700
648 704
648 647
648 649
648 650
648 683
648 810
648 811
648 753
648 700
648 702
649 648
649 650
649 647
650 769
650 675
650 647
650 648
650 649
650 775
650 776
650 810
650 753
650 667
651 464
651 611
651 652
652 611
652 458
652 651
652 653
652 654
652 464
652 657
652 658
652 659
652 660
653 464
653 458
653 652
654 672
654 673
654 458
654 554
654 652
654 495
654 656
654 655
654 657
654 658
654 659
654 671
655 458
655 554
655 654
656 554
656 654
656 495
657 458
657 652
657 654
658 659
658 652
658 654
659 672
659 611
659 676
659 677
659 678
659 647
659 708
659 707
659 711
659 652
659 654
659 658
659 660
659 671
660 611
660 659
660 652
661 662
661 470
661 479
662 669
662 661
662 470
662 663
662 664
662 665
662 668
662 477
662 670
662 479
663 687
663 470
663 662
663 664
663 665
663 666
663 667
663 669
664 470
664 662
664 663
665 477
665 677
665 684
665 685
665 686
665 662
665 663
665 666
665 667
665 669
665 670
665 671
666 665
666 667
666 663
667 769
667 675
667 677
667 773
667 647
667 679
667 776
667 650
667 746
667 685
667 749
667 687
667 470
667 663
667 665
667 666
668 477
668 662
668 479
669 665
669 662
669 663
670 665
670 477
670 662
671 672
671 673
671 674
671 677
671 678
671 684
671 654
671 495
671 686
671 659
671 665
671 477
672 659
672 654
672 671
673 495
673 654
673 671
674 671
674 477
674 495
675 650
675 667
675 647
676 659
676 677
676 647
677 676
677 678
677 647
677 679
677 684
677 685
677 659
677 665
677 667
677 671
678 659
678 677
678 671
679 667
679 677
679 647
680 681
680 682
680 683
680 691
680 694
680 695
680 699
680 700
680 701
680 703
681 705
681 706
681 680
681 520
681 682
681 683
681 524
681 694
681 695
681 729
681 731
681 732
682 680
682 681
682 683
683 732
683 680
683 681
683 682
683 648
683 745
683 734
683 750
683 751
683 592
683 753
683 754
683 811
683 729
683 700
683 733
683 702
683 703
684 665
684 677
684 671
685 665
685 667
685 677
686 665
686 477
686 671
687 667
687 470
687 663
688 608
688 689
688 690
688 691
688 500
688 501
688 692
688 694
688 697
688 698
689 688
689 500
689 501
690 688
690 608
690 501
691 608
691 611
691 707
691 709
691 680
691 712
691 688
691 692
691 693
691 694
691 698
691 699
691 700
691 701
692 688
692 691
692 608
693 611
693 691
693 608
694 705
694 680
694 681
694 520
694 688
694 691
694 500
694 695
694 696
694 697
694 698
694 699
695 680
695 681
695 694
696 520
696 500
696 694
697 688
697 500
697 694
698 688
698 691
698 694
699 680
699 691
699 694
700 704
700 707
700 710
700 647
700 680
700 648
700 712
700 683
700 691
700 701
700 702
700 703
701 680
701 691
701 700
702 648
702 683
702 700
703 680
703 683
703 700
704 648
704 700
704 647
705 520
705 681
705 694
706 520
706 681
706 524
707 611
707 708
707 709
707 710
707 647
707 711
707 712
707 659
707 691
707 700
708 707
708 659
708 647
709 611
709 691
709 707
710 707
710 700
710 647
711 611
711 707
711 659
712 691
712 700
712 707
713 550
713 714
713 715
713 716
713 557
713 717
713 718
713 758
713 760
713 761
714 713
714 557
714 550
715 713
715 716
715 717
715 557
715 718
715 719
715 720
715 722
716 713
716 715
716 557
717 736
717 713
717 715
717 718
717 719
717 722
717 723
717 724
717 758
717 759
717 761
717 735
718 713
718 715
718 717
719 740
719 741
719 742
719 715
719 557
719 717
719 720
719 721
719 722
719 723
719 724
719 725
719 726
719 541
720 715
720 557
720 719
721 541
721 557
721 719
722 715
722 717
722 719
723 736
723 737
723 738
723 739
723 550
723 717
723 719
723 724
723 725
723 726
723 763
723 735
724 723
724 717
724 719
725 723
725 726
725 719
726 738
726 739
726 740
726 742
726 719
726 723
726 755
726 725
726 756
726 765
726 766
726 767
727 728
727 541
727 470
728 740
728 743
728 746
728 747
728 748
728 470
728 727
728 541
729 681
729 586
729 683
729 524
729 730
729 731
729 732
729 733
729 734
730 729
730 586
730 524
731 729
731 681
731 524
732 681
732 683
732 729
733 744
733 745
733 778
733 683
733 590
733 592
733 305
733 793
733 729
733 794
733 795
733 796
733 797
733 734
734 729
734 683
734 733
735 736
735 723
735 717
736 737
736 550
736 717
736 723
736 758
736 759
736 762
736 735
737 736
737 723
737 550
738 768
738 739
738 550
738 750
738 752
738 592
738 723
738 726
738 763
738 764
738 765
738 766
739 738
739 723
739 726
740 741
740 742
740 743
740 746
740 748
740 719
740 755
740 756
740 757
740 726
740 728
740 541
741 740
741 541
741 719
742 740
742 726
742 719
743 728
743 740
743 541
744 592
744 733
744 590
745 592
745 683
745 733
746 769
746 770
746 740
746 773
746 747
746 748
746 749
746 755
746 757
746 470
746 728
746 667
747 728
747 746
747 470
748 728
748 746
748 740
749 746
749 667
749 470
750 768
750 769
750 738
750 771
750 772
750 683
750 751
750 592
750 752
750 753
750 754
750 765
751 592
751 683
751 750
752 592
752 738
752 750
753 769
753 772
753 775
753 648
753 650
753 683
753 810
753 811
753 750
753 754
754 753
754 683
754 750
755 769
755 770
755 740
755 774
755 746
755 756
755 757
755 726
755 765
755 767
756 755
756 740
756 726
757 746
757 755
757 740
758 736
758 550
758 713
758 717
758 759
758 760
758 761
758 762
759 736
759 717
759 758
760 550
760 713
760 758
761 713
761 717
761 758
762 736
762 550
762 758
763 738
763 723
763 550
764 592
764 738
764 550
765 768
765 769
765 738
765 771
765 774
765 750
765 755
765 726
765 766
765 767
766 738
766 765
766 726
767 755
767 765
767 726
768 738
768 765
768 750
769 770
769 771
769 772
769 773
769 774
769 775
769 776
769 746
769 650
769 750
769 753
769 755
769 667
769 765
770 769
770 746
770 755
771 769
771 765
771 750
772 769
772 753
772 750
773 769
773 746
773 667
774 769
774 755
774 765
775 769
775 650
775 753
776 769
776 650
776 667
777 804
777 778
777 779
777 780
777 781
777 782
777 783
777 784
777 590
777 785
777 305
778 804
778 805
778 808
778 777
778 797
778 779
778 780
778 809
778 305
778 787
778 788
778 789
778 791
778 795
778 733
779 777
779 778
779 780
780 777
780 778
780 779
780 781
780 782
780 787
780 791
780 792
781 800
781 803
781 777
781 780
781 782
781 783
781 784
781 787
781 789
781 790
781 792
781 798
781 799
782 777
782 780
782 781
783 784
783 777
783 781
784 801
784 803
784 777
784 586
784 781
784 590
784 783
784 785
784 786
784 799
785 784
785 777
785 590
786 784
786 586
786 590
787 778
787 780
787 781
787 788
787 789
787 790
787 791
787 792
788 778
788 787
788 789
789 778
789 781
789 787
789 788
789 790
790 781
790 787
790 789
791 778
791 787
791 780
792 787
792 780
792 781
793 805
793 806
793 807
793 305
793 794
793 795
793 796
793 733
794 793
794 733
794 305
795 805
795 806
795 733
795 808
795 778
795 793
795 796
795 797
796 793
796 795
796 733
797 778
797 795
797 733
798 800
798 802
798 586
798 781
798 799
799 800
799 801
799 802
799 803
799 586
799 781
799 784
799 798
800 781
800 798
800 799
801 784
801 586
801 799
802 586
802 798
802 799
803 784
803 781
803 799
804 777
804 778
804 305
805 806
805 807
805 808
805 809
805 778
805 305
805 793
805 795
806 793
806 795
806 805
807 305
807 805
807 793
808 778
808 795
808 805
809 305
809 778
809 805
810 648
810 753
810 650
811 648
811 753
811 683
812 813
812 814
812 815
812 816
812 817
812 818
812 819
812 820
812 821
812 822
812 823
812 851
812 852
813 812
813 814
813 815
813 854
813 855
814 812
814 813
814 815
815 812
815 813
815 814
815 816
815 817
815 854
815 855
815 856
815 857
815 858
816 817
816 812
816 815
817 812
817 815
817 816
817 821
817 823
817 856
817 857
817 859
817 860
817 861
818 812
818 851
818 819
818 820
818 852
818 853
819 818
819 812
819 820
820 865
820 812
820 818
820 819
820 852
820 821
820 822
820 853
820 862
820 863
821 864
821 812
821 817
821 820
821 822
821 823
821 859
821 861
821 862
821 863
822 812
822 821
822 820
823 817
823 812
823 821
824 833
824 834
824 835
824 825
824 826
824 827
824 830
825 833
825 834
825 842
825 844
825 848
825 824
825 826
825 827
825 828
825 829
826 824
826 825
826 827
827 840
827 849
827 824
827 825
827 826
827 828
827 829
828 839
828 840
828 842
828 844
828 845
828 849
828 850
828 825
828 827
828 829
829 825
829 827
829 828
830 832
830 833
830 835
830 824
830 831
831 832
831 833
831 842
831 847
831 830
832 833
832 830
832 831
833 832
833 834
833 835
833 842
833 847
833 848
833 824
833 825
833 830
833 831
834 824
834 833
834 825
835 824
835 833
835 830
836 837
836 838
836 839
836 842
836 843
836 846
837 836
837 838
837 839
837 840
837 841
837 842
837 843
838 836
838 837
838 839
839 836
839 837
839 838
839 840
839 841
839 842
839 845
839 846
839 850
839 828
840 837
840 839
840 841
840 849
840 850
840 827
840 828
841 840
841 837
841 839
842 833
842 836
842 837
842 839
842 843
842 844
842 845
842 846
842 847
842 848
842 825
842 828
842 831
843 842
843 836
843 837
844 825
844 842
844 828
845 842
845 828
845 839
846 842
846 836
846 839
847 833
847 842
847 831
848 833
848 825
848 842
849 840
849 827
849 828
850 840
850 828
850 839
851 818
851 812
851 852
852 865
852 812
852 818
852 851
852 820
852 853
852 862
853 818
853 820
853 852
854 813
854 815
854 855
854 856
854 858
855 813
855 854
855 815
856 815
856 817
856 854
856 857
856 858
856 859
856 860
857 856
857 817
857 815
858 856
858 854
858 815
859 864
859 817
859 821
859 856
859 860
859 861
859 862
860 856
860 817
860 859
861 817
861 859
861 821
862 864
862 865
862 820
862 821
862 852
862 859
862 863
863 820
863 821
863 862
864 859
864 821
864 862
865 820
865 862
865 852
866 867
866 868
866 869
866 68
866 874
866 875
866 882
866 883
866 885
866 886
866 1082
866 61
867 866
867 68
867 61
868 866
868 869
868 873
868 878
868 885
868 1079
868 1080
868 1082
868 1083
868 61
869 866
869 868
869 61
870 65
870 70
870 871
871 65
871 870
871 70
871 872
871 873
871 875
871 879
871 1072
871 1073
871 1074
871 1075
871 84
872 873
872 70
872 871
873 868
873 70
873 871
873 872
873 877
873 878
873 879
873 1074
873 1076
873 1077
873 1079
873 1080
873 1081
873 61
874 866
874 875
874 68
875 866
875 68
875 871
875 874
875 876
875 879
875 880
875 881
875 882
875 883
875 84
875 884
875 1073
875 1075
876 875
876 84
876 68
877 873
877 61
877 70
878 873
878 868
878 61
879 871
879 873
879 875
879 880
879 881
879 1074
879 1075
879 1076
879 1077
879 1078
880 881
880 875
880 879
881 1090
881 1091
881 875
881 879
881 880
881 883
881 884
881 1076
881 1078
881 1111
881 1112
881 1113
882 883
882 866
882 875
883 866
883 1091
883 875
883 1104
883 881
883 882
883 1106
883 884
883 885
883 886
883 1112
883 1084
884 883
884 881
884 875
885 866
885 868
885 1105
885 1106
885 883
885 1107
885 886
885 1079
885 1082
885 1083
885 1084
885 1085
886 866
886 883
886 885
887 888
887 4
887 14
888 896
888 1122
888 4
888 903
888 904
888 909
888 14
888 910
888 887
888 889
888 890
888 895
889 1121
889 898
889 4
889 907
889 908
889 909
889 910
889 888
889 890
889 893
890 888
890 889
890 4
891 900
891 8
891 11
891 1116
891 1117
891 54
891 1114
891 1115
891 892
891 893
891 894
891 895
892 8
892 11
892 891
893 1120
893 898
893 899
893 4
893 900
893 8
893 905
893 906
893 907
893 908
893 889
893 891
893 1117
893 894
894 8
894 891
894 893
895 896
895 897
895 900
895 901
895 902
895 903
895 904
895 1115
895 14
895 54
895 888
895 891
895 1116
895 1118
896 888
896 14
896 895
897 14
897 54
897 895
898 889
898 4
898 893
899 8
899 4
899 893
900 901
900 902
900 905
900 906
900 1117
900 891
900 1116
900 893
900 1119
900 895
901 900
901 902
901 903
901 906
901 1135
901 1136
901 1137
901 920
901 1119
901 925
901 1118
901 895
902 900
902 901
902 895
903 1122
903 901
903 904
903 1128
903 1130
903 910
903 1135
903 917
903 920
903 888
903 1118
903 895
904 903
904 888
904 895
905 906
905 900
905 893
906 1120
906 900
906 901
906 905
906 908
906 1133
906 925
906 1134
906 1137
906 923
906 893
906 1119
907 889
907 908
907 893
908 1120
908 1121
908 906
908 907
908 1131
908 1132
908 910
908 1133
908 914
908 889
908 923
908 893
909 888
909 889
909 910
910 1121
910 1122
910 903
910 1129
910 1130
910 1131
910 908
910 909
910 914
910 917
910 888
910 889
911 1423
911 912
911 913
911 914
911 915
911 916
911 917
911 1443
911 1452
911 1471
911 1472
911 1345
911 1473
911 1475
911 1361
911 1364
911 1123
911 1387
911 1388
911 1389
911 1390
912 1345
912 1346
912 1443
912 1126
912 1446
912 1386
912 1388
912 1453
912 1454
912 911
912 913
912 914
912 1330
912 921
912 922
912 923
912 1471
913 912
913 914
913 911
914 1123
914 1126
914 1129
914 1131
914 908
914 1132
914 910
914 911
914 912
914 913
914 917
914 923
915 911
915 1423
915 1425
915 916
915 917
915 918
915 919
915 920
915 1325
915 1326
915 1474
915 1347
915 1348
915 1475
915 1476
915 1364
915 1125
915 1385
915 1387
916 915
916 917
916 911
917 1123
917 1125
917 903
917 1128
917 1129
917 1130
917 910
917 911
917 914
917 915
917 916
917 920
918 1425
918 1426
918 915
918 919
918 920
918 921
918 924
918 925
918 1436
918 1440
918 1441
918 1442
918 1326
918 1329
918 1348
918 1476
918 1124
918 1394
918 1395
919 920
919 915
919 918
920 1124
920 1125
920 901
920 903
920 1128
920 1135
920 1136
920 915
920 917
920 918
920 919
920 925
921 912
921 1426
921 1428
921 918
921 922
921 923
921 924
921 925
921 1438
921 1440
921 1446
921 1448
921 1453
921 1329
921 1330
921 1343
921 1127
921 1386
921 1395
922 912
922 921
922 923
923 1126
923 1127
923 906
923 1132
923 908
923 1133
923 1134
923 912
923 914
923 921
923 922
923 925
924 921
924 925
924 918
925 1124
925 901
925 1127
925 906
925 1134
925 1136
925 1137
925 918
925 920
925 921
925 923
925 924
926 1
926 10
926 3
927 928
927 929
927 962
927 931
927 932
927 963
927 964
927 7
927 935
927 936
927 948
927 949
927 956
927 958
928 929
928 33
928 7
928 936
928 935
928 937
928 940
928 944
928 946
928 947
928 31
928 927
929 928
929 7
929 927
930 1
930 10
930 5
931 932
931 7
931 927
932 1
932 931
932 933
932 5
932 7
932 934
932 956
932 957
932 958
932 927
933 1
933 932
933 5
934 932
934 5
934 7
935 928
935 936
935 927
936 928
936 33
936 935
936 937
936 45
936 948
936 949
936 950
936 951
936 952
936 953
936 927
937 928
937 33
937 936
938 24
938 939
938 12
939 7
939 938
939 940
939 12
939 941
939 942
939 14
939 945
939 54
939 984
939 24
939 985
940 928
940 7
940 939
940 941
940 942
940 944
940 947
940 19
940 24
940 986
940 987
940 31
941 939
941 940
941 7
942 24
942 939
942 940
943 10
943 4
943 5
944 928
944 940
944 7
945 939
945 14
945 7
946 928
946 33
946 31
947 928
947 940
947 31
948 936
948 949
948 927
949 223
949 963
949 964
949 1060
949 1156
949 936
949 1163
949 1068
949 948
949 950
949 951
949 927
950 965
950 966
950 967
950 936
950 968
950 1068
950 45
950 1037
950 1038
950 1039
950 1069
950 949
950 951
950 953
950 124
950 223
951 936
951 949
951 950
952 936
952 33
952 45
953 936
953 45
953 950
954 0
954 1
954 961
954 1056
954 1154
954 1155
954 1062
954 1063
954 1157
954 1066
954 50
954 955
954 956
954 959
955 0
955 1
955 954
956 1
956 962
956 963
956 932
956 1060
956 1061
956 1062
956 1063
956 1158
956 959
956 954
956 957
956 958
956 927
957 1
957 932
957 956
958 956
958 932
958 927
959 1
959 954
959 956
960 0
960 17
960 50
961 954
961 0
961 50
962 963
962 956
962 927
963 962
963 964
963 1060
963 1061
963 1156
963 949
963 956
963 927
964 963
964 949
964 927
965 1028
965 966
965 967
965 1037
965 975
965 976
965 981
965 950
965 983
965 1144
965 124
965 1150
966 992
966 993
966 965
966 967
966 968
966 969
966 43
966 45
966 975
966 976
966 950
966 991
967 950
967 965
967 966
968 950
968 45
968 966
969 43
969 45
969 966
970 1026
970 1029
970 1030
970 971
970 972
970 1035
970 978
970 979
970 52
970 1142
970 1143
970 1145
970 58
970 60
971 970
971 972
971 60
972 1027
972 1028
972 1029
972 1030
972 970
972 971
972 973
972 974
972 976
972 977
972 981
972 982
972 1146
972 60
973 972
973 974
973 60
974 64
974 996
974 997
974 972
974 973
974 976
974 977
974 62
974 60
974 990
975 976
975 965
975 966
976 993
976 994
976 965
976 966
976 972
976 974
976 975
976 977
976 981
976 982
976 983
976 62
976 990
976 991
977 976
977 972
977 974
978 970
978 58
978 60
979 970
979 58
979 52
980 58
980 27
980 52
981 1027
981 1028
981 965
981 972
981 976
981 982
981 983
981 1144
982 976
982 972
982 981
983 981
983 965
983 976
984 939
984 12
984 54
985 939
985 54
985 14
986 24
986 19
986 940
987 19
987 940
987 31
988 56
988 60
988 989
989 64
989 995
989 70
989 1002
989 1003
989 60
989 1141
989 56
989 988
989 61
990 976
990 62
990 974
991 992
991 993
991 994
991 966
991 72
991 43
991 1004
991 1006
991 1007
991 976
991 86
991 62
992 43
992 966
992 991
993 976
993 966
993 991
994 976
994 62
994 991
995 64
995 60
995 989
996 64
996 60
996 974
997 64
997 974
997 62
998 67
998 68
998 999
998 1000
998 1001
998 77
998 1005
998 1008
998 1009
998 84
998 86
998 62
999 67
999 77
999 998
1000 77
1000 86
1000 998
1001 86
1001 62
1001 998
1002 64
1002 61
1002 989
1003 61
1003 989
1003 70
1004 86
1004 62
1004 991
1005 62
1005 68
1005 998
1006 72
1006 86
1006 991
1007 72
1007 43
1007 991
1008 67
1008 84
1008 998
1009 68
1009 998
1009 84
1010 74
1010 77
1010 86
1011 96
1011 122
1011 109
1012 88
1012 122
1012 109
1013 1026
1013 90
1013 1034
1013 1035
1013 1036
1013 1014
1013 1015
1013 88
1013 122
1013 1149
1014 88
1014 122
1014 1013
1015 88
1015 90
1015 1013
1016 96
1016 93
1016 109
1017 96
1017 122
1017 119
1018 96
1018 100
1018 119
1019 99
1019 93
1019 94
1020 107
1020 99
1020 102
1021 96
1021 100
1021 94
1022 88
1022 112
1022 109
1023 112
1023 109
1023 111
1024 114
1024 102
1024 87
1025 48
1025 1026
1025 52
1026 1025
1026 1031
1026 1032
1026 1034
1026 970
1026 1035
1026 48
1026 52
1026 1013
1026 1142
1026 1143
1026 120
1026 122
1026 1149
1027 1028
1027 972
1027 981
1028 1152
1028 1027
1028 965
1028 1030
1028 105
1028 972
1028 1040
1028 124
1028 981
1028 1144
1028 1146
1028 1147
1028 92
1028 1150
1029 970
1029 972
1029 1030
1030 1028
1030 1029
1030 1146
1030 1033
1030 970
1030 1035
1030 972
1030 1148
1030 1145
1030 90
1030 1147
1030 92
1031 120
1031 1026
1031 122
1032 48
1032 1026
1032 120
1033 90
1033 92
1033 1030
1034 122
1034 1026
1034 1013
1035 1026
1035 1030
1035 970
1035 1036
1035 1013
1035 1143
1035 1145
1035 90
1035 1148
1035 1149
1036 90
1036 1035
1036 1013
1037 124
1037 965
1037 950
1038 97
1038 1162
1038 1069
1038 1039
1038 950
1038 124
1038 1151
1038 223
1039 124
1039 950
1039 1038
1040 105
1040 92
1040 1028
1041 112
1041 126
1041 111
1042 200
1042 197
1042 215
1043 194
1043 197
1043 215
1044 194
1044 1045
1044 197
1045 192
1045 1056
1045 194
1045 197
1045 1065
1045 1066
1045 1067
1045 1161
1045 1044
1045 1046
1046 192
1046 194
1046 1045
1047 200
1047 199
1047 215
1048 200
1048 100
1048 119
1049 200
1049 197
1049 119
1050 202
1050 203
1050 199
1051 203
1051 212
1051 206
1052 200
1052 202
1052 100
1053 217
1053 213
1053 215
1054 217
1054 194
1054 215
1055 219
1055 206
1055 191
1056 1057
1056 1058
1056 1059
1056 1154
1056 197
1056 1155
1056 1161
1056 1066
1056 1067
1056 48
1056 50
1056 1045
1056 120
1056 954
1057 48
1057 1056
1057 50
1058 48
1058 1056
1058 120
1059 120
1059 1056
1059 197
1060 963
1060 195
1060 1061
1060 1156
1060 1062
1060 1158
1060 1159
1060 1163
1060 1165
1060 1070
1060 209
1060 949
1060 956
1060 223
1061 963
1061 956
1061 1060
1062 192
1062 195
1062 1060
1062 1157
1062 1158
1062 1063
1062 1064
1062 1159
1062 1066
1062 1160
1062 954
1062 956
1063 954
1063 956
1063 1062
1064 192
1064 195
1064 1062
1065 192
1065 1066
1065 1045
1066 192
1066 1056
1066 1155
1066 1157
1066 1062
1066 1160
1066 1065
1066 1161
1066 1045
1066 954
1067 1056
1067 1045
1067 197
1068 949
1068 950
1068 223
1069 1038
1069 950
1069 223
1070 209
1070 195
1070 1060
1071 217
1071 227
1071 213
1072 65
1072 84
1072 871
1073 875
1073 84
1073 871
1074 873
1074 879
1074 871
1075 875
1075 879
1075 871
1076 1113
1076 1090
1076 873
1076 1098
1076 879
1076 881
1076 1077
1076 1078
1076 1079
1076 1109
1076 1081
1076 1110
1077 873
1077 1076
1077 879
1078 881
1078 1076
1078 879
1079 868
1079 873
1079 1098
1079 1107
1079 1076
1079 885
1079 1108
1079 1110
1079 1080
1079 1081
1079 1083
1079 1085
1080 873
1080 868
1080 1079
1081 873
1081 1076
1081 1079
1082 866
1082 868
1082 885
1083 868
1083 885
1083 1079
1084 1091
1084 1094
1084 1095
1084 1096
1084 1104
1084 1105
1084 1106
1084 883
1084 885
1084 1085
1084 1086
1084 1087
1085 1088
1085 1089
1085 1098
1085 1099
1085 1105
1085 1107
1085 1108
1085 885
1085 1079
1085 1084
1085 1086
1085 1087
1086 1084
1086 1085
1086 1087
1087 1284
1087 1292
1087 1312
1087 1185
1087 1313
1087 1314
1087 1315
1087 1202
1087 1206
1087 1084
1087 1085
1087 1086
1087 1088
1087 1089
1087 1095
1087 1096
1087 1228
1087 1229
1087 1230
1087 1231
1087 1266
1088 1089
1088 1185
1088 1187
1088 1284
1088 1314
1088 1287
1088 1098
1088 1099
1088 1100
1088 1101
1088 1227
1088 1228
1088 1294
1088 1295
1088 1173
1088 1085
1088 1087
1089 1088
1089 1085
1089 1087
1090 1091
1090 1092
1090 1093
1090 1098
1090 1100
1090 1102
1090 1103
1090 881
1090 1076
1090 1109
1090 1111
1090 1113
1091 1090
1091 1092
1091 1093
1091 1094
1091 1095
1091 1097
1091 1104
1091 881
1091 883
1091 1111
1091 1112
1091 1084
1092 1090
1092 1091
1092 1093
1093 1281
1093 1282
1093 1283
1093 1169
1093 1170
1093 1189
1093 1317
1093 1090
1093 1091
1093 1092
1093 1095
1093 1097
1093 1100
1093 1103
1093 1235
1093 1236
1093 1264
1093 1271
1093 1276
1094 1091
1094 1084
1094 1095
1095 1166
1095 1169
1095 1315
1095 1188
1095 1189
1095 1316
1095 1317
1095 1206
1095 1084
1095 1087
1095 1091
1095 1093
1095 1094
1095 1096
1095 1097
1095 1226
1095 1230
1095 1264
1095 1266
1096 1084
1096 1095
1096 1087
1097 1091
1097 1093
1097 1095
1098 1088
1098 1090
1098 1099
1098 1100
1098 1101
1098 1102
1098 1108
1098 1109
1098 1076
1098 1079
1098 1110
1098 1085
1099 1088
1099 1098
1099 1085
1100 1281
1100 1287
1100 1291
1100 1294
1100 1170
1100 1173
1100 1184
1100 1088
1100 1090
1100 1093
1100 1098
1100 1227
1100 1101
1100 1102
1100 1103
1100 1235
1100 1268
1100 1271
1100 1279
1101 1088
1101 1098
1101 1100
1102 1098
1102 1100
1102 1090
1103 1090
1103 1100
1103 1093
1104 1091
1104 883
1104 1084
1105 1085
1105 1084
1105 885
1106 883
1106 1084
1106 885
1107 1085
1107 885
1107 1079
1108 1098
1108 1085
1108 1079
1109 1090
1109 1076
1109 1098
1110 1098
1110 1076
1110 1079
1111 881
1111 1090
1111 1091
1112 881
1112 1091
1112 883
1113 881
1113 1090
1113 1076
1114 11
1114 891
1114 54
1115 891
1115 54
1115 895
1116 891
1116 900
1116 895
1117 891
1117 900
1117 893
1118 895
1118 901
1118 903
1119 906
1119 900
1119 901
1120 906
1120 908
1120 893
1121 889
1121 908
1121 910
1122 888
1122 910
1122 903
1123 914
1123 917
1123 911
1124 920
1124 925
1124 918
1125 920
1125 915
1125 917
1126 912
1126 914
1126 923
1127 921
1127 923
1127 925
1128 920
1128 917
1128 903
1129 914
1129 917
1129 910
1130 917
1130 910
1130 903
1131 914
1131 908
1131 910
1132 914
1132 923
1132 908
1133 906
1133 923
1133 908
1134 906
1134 923
1134 925
1135 920
1135 901
1135 903
1136 920
1136 925
1136 901
1137 906
1137 925
1137 901
1138 24
1138 3
1138 12
1139 8
1139 10
1139 3
1140 56
1140 67
1140 77
1141 56
1141 989
1141 70
1142 970
1142 1026
1142 52
1143 970
1143 1026
1143 1035
1144 965
1144 1028
1144 981
1145 970
1145 1035
1145 1030
1146 972
1146 1028
1146 1030
1147 1028
1147 1030
1147 92
1148 90
1148 1035
1148 1030
1149 1026
1149 1035
1149 1013
1150 124
1150 1028
1150 965
1151 97
1151 124
1151 1038
1152 105
1152 124
1152 1028
1153 105
1153 99
1153 124
1154 1056
1154 954
1154 50
1155 1056
1155 954
1155 1066
1156 963
1156 1060
1156 949
1157 954
1157 1066
1157 1062
1158 956
1158 1060
1158 1062
1159 195
1159 1060
1159 1062
1160 192
1160 1066
1160 1062
1161 1056
1161 1066
1161 1045
1162 97
1162 1038
1162 223
1163 1060
1163 949
1163 223
1164 209
1164 203
1164 223
1165 209
1165 1060
1165 223
1166 1188
1166 1190
1166 1095
1166 1191
1166 1192
1166 1193
1166 1226
1166 1167
1166 1168
1166 1169
1166 1174
1166 1175
1166 1206
1166 1207
1167 1209
1167 1225
1167 1166
1167 1168
1167 1169
1167 1174
1167 1175
1167 1176
1167 1177
1167 1178
1167 1214
1167 1208
1168 1169
1168 1166
1168 1167
1169 1188
1169 1189
1169 1093
1169 1095
1169 1224
1169 1225
1169 1166
1169 1167
1169 1168
1169 1170
1169 1236
1169 1178
1170 1184
1170 1216
1170 1219
1170 1220
1170 1093
1170 1223
1170 1224
1170 1100
1170 1169
1170 1171
1170 1172
1170 1173
1170 1235
1170 1236
1170 1178
1170 1215
1171 1216
1171 1185
1171 1186
1171 1217
1171 1198
1171 1199
1171 1170
1171 1234
1171 1172
1171 1173
1171 1180
1171 1215
1172 1170
1172 1171
1172 1173
1173 1184
1173 1185
1173 1186
1173 1088
1173 1187
1173 1227
1173 1100
1173 1170
1173 1171
1173 1172
1174 1175
1174 1166
1174 1167
1175 1190
1175 1191
1175 1166
1175 1167
1175 1174
1175 1209
1175 1213
1175 1214
1176 1215
1176 1218
1176 1209
1176 1220
1176 1221
1176 1222
1176 1167
1176 1208
1176 1177
1176 1178
1176 1211
1176 1180
1176 1182
1176 1183
1177 1176
1177 1178
1177 1167
1178 1220
1178 1222
1178 1223
1178 1224
1178 1225
1178 1167
1178 1169
1178 1170
1178 1176
1178 1177
1179 1248
1179 1199
1179 1232
1179 1237
1179 1238
1179 1245
1179 1243
1179 1180
1179 1181
1179 1182
1180 1215
1180 1217
1180 1218
1180 1199
1180 1234
1180 1171
1180 1237
1180 1176
1180 1179
1180 1181
1180 1182
1180 1183
1181 1179
1181 1180
1181 1182
1182 1245
1182 1195
1182 1211
1182 1243
1182 1176
1182 1209
1182 1210
1182 1179
1182 1180
1182 1181
1182 1246
1182 1183
1183 1176
1183 1180
1183 1182
1184 1170
1184 1100
1184 1173
1185 1088
1185 1186
1185 1187
1185 1228
1185 1229
1185 1198
1185 1199
1185 1200
1185 1201
1185 1202
1185 1171
1185 1204
1185 1173
1185 1087
1186 1185
1186 1171
1186 1173
1187 1088
1187 1185
1187 1173
1188 1169
1188 1166
1188 1095
1189 1169
1189 1093
1189 1095
1190 1191
1190 1166
1190 1175
1191 1190
1191 1192
1191 1193
1191 1194
1191 1195
1191 1166
1191 1175
1191 1209
1191 1212
1191 1213
1192 1193
1192 1166
1192 1191
1193 1191
1193 1192
1193 1194
1193 1195
1193 1196
1193 1197
1193 1166
1193 1202
1193 1203
1193 1205
1193 1206
1193 1207
1194 1193
1194 1195
1194 1191
1195 1191
1195 1193
1195 1194
1195 1242
1195 1196
1195 1197
1195 1209
1195 1210
1195 1243
1195 1212
1195 1246
1195 1182
1196 1193
1196 1195
1196 1197
1196 1202
1196 1203
1196 1239
1196 1240
1196 1242
1196 1243
1196 1244
1197 1193
1197 1195
1197 1196
1198 1185
1198 1171
1198 1199
1199 1185
1199 1198
1199 1200
1199 1201
1199 1232
1199 1171
1199 1233
1199 1234
1199 1237
1199 1238
1199 1179
1199 1180
1200 1185
1200 1201
1200 1199
1201 1185
1201 1249
1201 1199
1201 1200
1201 1232
1201 1202
1201 1233
1201 1204
1201 1240
1201 1241
1202 1185
1202 1193
1202 1196
1202 1229
1202 1231
1202 1201
1202 1203
1202 1204
1202 1205
1202 1206
1202 1239
1202 1240
1202 1241
1202 1087
1203 1193
1203 1202
1203 1196
1204 1185
1204 1202
1204 1201
1205 1193
1205 1202
1205 1206
1206 1095
1206 1193
1206 1226
1206 1166
1206 1230
1206 1231
1206 1202
1206 1205
1206 1207
1206 1087
1207 1193
1207 1206
1207 1166
1208 1176
1208 1209
1208 1167
1209 1175
1209 1191
1209 1195
1209 1214
1209 1167
1209 1213
1209 1208
1209 1210
1209 1211
1209 1212
1209 1176
1209 1182
1210 1209
1210 1195
1210 1182
1211 1176
1211 1209
1211 1182
1212 1209
1212 1195
1212 1191
1213 1191
1213 1209
1213 1175
1214 1175
1214 1209
1214 1167
1215 1216
1215 1217
1215 1218
1215 1219
1215 1220
1215 1221
1215 1170
1215 1171
1215 1176
1215 1180
1216 1170
1216 1171
1216 1215
1217 1171
1217 1180
1217 1215
1218 1176
1218 1180
1218 1215
1219 1170
1219 1220
1219 1215
1220 1219
1220 1221
1220 1222
1220 1223
1220 1170
1220 1176
1220 1178
1220 1215
1221 1176
1221 1220
1221 1215
1222 1176
1222 1178
1222 1220
1223 1170
1223 1220
1223 1178
1224 1169
1224 1170
1224 1178
1225 1169
1225 1178
1225 1167
1226 1206
1226 1166
1226 1095
1227 1088
1227 1100
1227 1173
1228 1088
1228 1185
1228 1087
1229 1185
1229 1202
1229 1087
1230 1095
1230 1206
1230 1087
1231 1202
1231 1206
1231 1087
1232 1248
1232 1249
1232 1243
1232 1199
1232 1233
1232 1201
1232 1238
1232 1240
1232 1179
1232 1247
1233 1232
1233 1201
1233 1199
1234 1171
1234 1180
1234 1199
1235 1170
1235 1100
1235 1093
1236 1169
1236 1170
1236 1093
1237 1179
1237 1180
1237 1199
1238 1232
1238 1179
1238 1199
1239 1240
1239 1202
1239 1196
1240 1249
1240 1196
1240 1232
1240 1201
1240 1202
1240 1239
1240 1241
1240 1243
1240 1244
1240 1247
1241 1240
1241 1201
1241 1202
1242 1195
1242 1196
1242 1243
1243 1248
1243 1195
1243 1196
1243 1232
1243 1246
1243 1240
1243 1242
1243 1179
1243 1244
1243 1245
1243 1182
1243 1247
1244 1240
1244 1243
1244 1196
1245 1243
1245 1179
1245 1182
1246 1182
1246 1195
1246 1243
1247 1240
1247 1243
1247 1232
1248 1232
1248 1243
1248 1179
1249 1240
1249 1201
1249 1232
1250 1251
1250 1252
1250 1253
1250 1319
1250 1320
1250 1322
1250 1323
1250 1304
1250 1305
1250 1308
1251 1250
1251 1252
1251 1253
1251 1285
1251 1284
1251 1318
1251 1319
1251 1292
1251 1293
1251 1272
1251 1305
1251 1275
1252 1250
1252 1251
1252 1253
1253 1304
1253 1250
1253 1251
1253 1252
1253 1321
1253 1322
1253 1272
1253 1275
1254 1284
1254 1286
1254 1255
1254 1256
1254 1257
1254 1258
1254 1259
1254 1287
1254 1288
1254 1289
1254 1272
1254 1274
1255 1254
1255 1287
1255 1256
1255 1257
1255 1289
1255 1290
1255 1261
1255 1262
1255 1267
1255 1268
1256 1257
1256 1254
1256 1255
1257 1254
1257 1255
1257 1256
1257 1258
1257 1259
1257 1260
1257 1261
1257 1262
1258 1257
1258 1259
1258 1254
1259 1254
1259 1257
1259 1258
1259 1260
1259 1261
1259 1268
1259 1269
1259 1270
1259 1271
1259 1272
1259 1273
1259 1274
1260 1257
1260 1259
1260 1261
1261 1255
1261 1257
1261 1259
1261 1260
1261 1262
1261 1267
1261 1268
1261 1269
1262 1257
1262 1261
1262 1255
1263 1280
1263 1304
1263 1324
1263 1264
1263 1265
1263 1266
1263 1296
1263 1297
1263 1303
1263 1272
1263 1276
1263 1278
1264 1280
1264 1283
1264 1316
1264 1093
1264 1317
1264 1095
1264 1263
1264 1265
1264 1266
1264 1276
1265 1264
1265 1266
1265 1263
1266 1312
1266 1315
1266 1316
1266 1095
1266 1292
1266 1263
1266 1264
1266 1265
1266 1296
1266 1297
1266 1298
1266 1299
1266 1300
1266 1087
1267 1268
1267 1261
1267 1255
1268 1255
1268 1287
1268 1290
1268 1259
1268 1100
1268 1261
1268 1291
1268 1267
1268 1269
1268 1270
1268 1271
1268 1279
1269 1259
1269 1268
1269 1261
1270 1259
1270 1268
1270 1271
1271 1281
1271 1282
1271 1093
1271 1259
1271 1100
1271 1268
1271 1270
1271 1272
1271 1273
1271 1276
1271 1277
1271 1279
1272 1251
1272 1284
1272 1253
1272 1254
1272 1285
1272 1286
1272 1321
1272 1259
1272 1324
1272 1263
1272 1271
1272 1304
1272 1273
1272 1274
1272 1275
1272 1276
1272 1277
1272 1278
1273 1272
1273 1259
1273 1271
1274 1272
1274 1259
1274 1254
1275 1272
1275 1251
1275 1253
1276 1280
1276 1282
1276 1283
1276 1093
1276 1263
1276 1264
1276 1271
1276 1272
1276 1277
1276 1278
1277 1272
1277 1276
1277 1271
1278 1272
1278 1276
1278 1263
1279 1268
1279 1100
1279 1271
1280 1264
1280 1276
1280 1263
1281 1100
1281 1093
1281 1271
1282 1276
1282 1093
1282 1271
1283 1264
1283 1276
1283 1093
1284 1088
1284 1313
1284 1314
1284 1251
1284 1285
1284 1254
1284 1286
1284 1287
1284 1288
1284 1292
1284 1293
1284 1295
1284 1272
1284 1087
1285 1272
1285 1251
1285 1284
1286 1272
1286 1284
1286 1254
1287 1088
1287 1284
1287 1254
1287 1255
1287 1288
1287 1289
1287 1290
1287 1291
1287 1100
1287 1294
1287 1295
1287 1268
1288 1284
1288 1254
1288 1287
1289 1255
1289 1254
1289 1287
1290 1268
1290 1287
1290 1255
1291 1268
1291 1100
1291 1287
1292 1312
1292 1313
1292 1251
1292 1284
1292 1318
1292 1293
1292 1298
1292 1299
1292 1266
1292 1305
1292 1306
1292 1087
1293 1251
1293 1292
1293 1284
1294 1088
1294 1100
1294 1287
1295 1088
1295 1284
1295 1287
1296 1297
1296 1266
1296 1263
1297 1263
1297 1296
1297 1266
1297 1298
1297 1300
1297 1301
1297 1302
1297 1303
1297 1304
1297 1307
1297 1308
1297 1309
1298 1292
1298 1297
1298 1266
1298 1299
1298 1300
1298 1301
1298 1302
1298 1305
1298 1306
1298 1308
1298 1310
1298 1311
1299 1298
1299 1292
1299 1266
1300 1297
1300 1266
1300 1298
1301 1297
1301 1298
1301 1302
1302 1297
1302 1298
1302 1301
1302 1308
1302 1309
1302 1310
1303 1304
1303 1297
1303 1263
1304 1250
1304 1253
1304 1321
1304 1322
1304 1323
1304 1324
1304 1263
1304 1297
1304 1303
1304 1272
1304 1307
1304 1308
1305 1250
1305 1251
1305 1318
1305 1319
1305 1320
1305 1292
1305 1298
1305 1306
1305 1308
1305 1311
1306 1305
1306 1298
1306 1292
1307 1304
1307 1297
1307 1308
1308 1250
1308 1320
1308 1323
1308 1297
1308 1298
1308 1302
1308 1304
1308 1305
1308 1307
1308 1309
1308 1310
1308 1311
1309 1297
1309 1308
1309 1302
1310 1298
1310 1308
1310 1302
1311 1305
1311 1298
1311 1308
1312 1266
1312 1292
1312 1087
1313 1284
1313 1292
1313 1087
1314 1088
1314 1284
1314 1087
1315 1266
1315 1087
1315 1095
1316 1264
1316 1266
1316 1095
1317 1264
1317 1093
1317 1095
1318 1305
1318 1251
1318 1292
1319 1305
1319 1250
1319 1251
1320 1305
1320 1250
1320 1308
1321 1272
1321 1304
1321 1253
1322 1304
1322 1250
1322 1253
1323 1304
1323 1250
1323 1308
1324 1304
1324 1272
1324 1263
1325 1347
1325 1349
1325 1350
1325 1351
1325 1352
1325 1385
1325 1326
1325 1327
1325 1328
1325 915
1325 1364
1325 1333
1325 1334
1325 1366
1326 1347
1326 1348
1326 1383
1326 1384
1326 1325
1326 1327
1326 1328
1326 1329
1326 1394
1326 915
1326 918
1326 1335
1327 1328
1327 1325
1327 1326
1328 1368
1328 1383
1328 1369
1328 1325
1328 1326
1328 1327
1328 1333
1328 1334
1328 1335
1328 1336
1328 1337
1328 1373
1329 1376
1329 1378
1329 1379
1329 1375
1329 1382
1329 1384
1329 1326
1329 1330
1329 1331
1329 1332
1329 1394
1329 918
1329 1335
1329 1395
1329 921
1329 1343
1330 1344
1330 1345
1330 1346
1330 1386
1330 912
1330 1329
1330 1331
1330 1332
1330 921
1330 1343
1331 1329
1331 1330
1331 1332
1332 1344
1332 1345
1332 1376
1332 1357
1332 1358
1332 1329
1332 1330
1332 1331
1332 1393
1332 1341
1332 1374
1332 1375
1333 1349
1333 1350
1333 1325
1333 1328
1333 1334
1333 1368
1333 1372
1333 1373
1334 1328
1334 1325
1334 1333
1335 1378
1335 1379
1335 1381
1335 1383
1335 1384
1335 1326
1335 1328
1335 1329
1335 1336
1335 1337
1336 1328
1336 1337
1336 1335
1337 1377
1337 1378
1337 1368
1337 1380
1337 1381
1337 1369
1337 1328
1337 1335
1337 1336
1337 1367
1337 1339
1337 1341
1337 1342
1337 1375
1338 1357
1338 1392
1338 1403
1338 1396
1338 1397
1338 1401
1338 1339
1338 1340
1338 1341
1338 1407
1339 1353
1339 1401
1339 1402
1339 1403
1339 1367
1339 1368
1339 1337
1339 1338
1339 1371
1339 1340
1339 1341
1339 1342
1340 1338
1340 1339
1340 1341
1341 1374
1341 1377
1341 1357
1341 1393
1341 1332
1341 1396
1341 1337
1341 1338
1341 1339
1341 1340
1341 1342
1341 1375
1342 1337
1342 1339
1342 1341
1343 921
1343 1330
1343 1329
1344 1345
1344 1330
1344 1332
1345 1344
1345 1346
1345 1389
1345 1388
1345 1357
1345 1358
1345 1359
1345 912
1345 1360
1345 1330
1345 1361
1345 1332
1345 1362
1345 911
1346 912
1346 1345
1346 1330
1347 915
1347 1325
1347 1326
1348 1326
1348 915
1348 918
1349 1350
1349 1351
1349 1352
1349 1353
1349 1354
1349 1325
1349 1333
1349 1368
1349 1370
1349 1372
1350 1325
1350 1349
1350 1333
1351 1349
1351 1352
1351 1353
1351 1354
1351 1355
1351 1356
1351 1325
1351 1361
1351 1363
1351 1364
1351 1365
1351 1366
1352 1325
1352 1349
1352 1351
1353 1349
1353 1351
1353 1354
1353 1355
1353 1356
1353 1402
1353 1371
1353 1368
1353 1401
1353 1370
1353 1339
1353 1405
1354 1353
1354 1349
1354 1351
1355 1351
1355 1353
1355 1356
1355 1361
1355 1363
1355 1398
1355 1400
1355 1401
1355 1404
1355 1405
1356 1353
1356 1355
1356 1351
1357 1345
1357 1358
1357 1359
1357 1360
1357 1391
1357 1392
1357 1393
1357 1332
1357 1396
1357 1397
1357 1338
1357 1341
1358 1345
1358 1332
1358 1357
1359 1408
1359 1345
1359 1357
1359 1391
1359 1360
1359 1361
1359 1362
1359 1392
1359 1398
1359 1399
1360 1345
1360 1357
1360 1359
1361 1345
1361 1351
1361 1355
1361 1389
1361 1390
1361 1359
1361 911
1361 1362
1361 1363
1361 1364
1361 1365
1361 1398
1361 1399
1361 1400
1362 1361
1362 1345
1362 1359
1363 1361
1363 1355
1363 1351
1364 1351
1364 1385
1364 1387
1364 1325
1364 1390
1364 911
1364 1361
1364 915
1364 1365
1364 1366
1365 1361
1365 1364
1365 1351
1366 1364
1366 1325
1366 1351
1367 1368
1367 1337
1367 1339
1368 1349
1368 1337
1368 1353
1368 1328
1368 1371
1368 1333
1368 1367
1368 1369
1368 1370
1368 1339
1368 1372
1368 1373
1369 1368
1369 1337
1369 1328
1370 1368
1370 1353
1370 1349
1371 1368
1371 1353
1371 1339
1372 1368
1372 1349
1372 1333
1373 1368
1373 1328
1373 1333
1374 1332
1374 1341
1374 1375
1375 1376
1375 1377
1375 1378
1375 1380
1375 1382
1375 1329
1375 1332
1375 1337
1375 1341
1375 1374
1376 1329
1376 1332
1376 1375
1377 1337
1377 1341
1377 1375
1378 1379
1378 1380
1378 1381
1378 1382
1378 1329
1378 1335
1378 1337
1378 1375
1379 1329
1379 1378
1379 1335
1380 1337
1380 1378
1380 1375
1381 1337
1381 1378
1381 1335
1382 1329
1382 1378
1382 1375
1383 1328
1383 1326
1383 1335
1384 1329
1384 1326
1384 1335
1385 915
1385 1364
1385 1325
1386 912
1386 921
1386 1330
1387 915
1387 1364
1387 911
1388 912
1388 1345
1388 911
1389 1345
1389 1361
1389 911
1390 1361
1390 1364
1390 911
1391 1392
1391 1357
1391 1359
1392 1408
1392 1357
1392 1391
1392 1359
1392 1397
1392 1398
1392 1401
1392 1338
1392 1406
1392 1407
1393 1341
1393 1332
1393 1357
1394 1329
1394 918
1394 1326
1395 921
1395 918
1395 1329
1396 1338
1396 1341
1396 1357
1397 1392
1397 1338
1397 1357
1398 1408
1398 1355
1398 1359
1398 1392
1398 1361
1398 1399
1398 1400
1398 1401
1398 1404
1398 1406
1399 1361
1399 1398
1399 1359
1400 1361
1400 1355
1400 1398
1401 1353
1401 1355
1401 1338
1401 1392
1401 1403
1401 1398
1401 1402
1401 1339
1401 1404
1401 1405
1401 1406
1401 1407
1402 1353
1402 1401
1402 1339
1403 1401
1403 1338
1403 1339
1404 1401
1404 1355
1404 1398
1405 1353
1405 1355
1405 1401
1406 1392
1406 1401
1406 1398
1407 1392
1407 1401
1407 1338
1408 1392
1408 1398
1408 1359
1409 1410
1409 1411
1409 1412
1409 1478
1409 1479
1409 1481
1409 1482
1409 1462
1409 1464
1409 1466
1410 1409
1410 1411
1410 1412
1410 1480
1410 1481
1410 1462
1410 1432
1410 1434
1411 1409
1411 1410
1411 1412
1412 1409
1412 1410
1412 1411
1412 1443
1412 1444
1412 1477
1412 1464
1412 1478
1412 1451
1412 1452
1412 1432
1412 1434
1413 1443
1413 1445
1413 1414
1413 1415
1413 1416
1413 1417
1413 1418
1413 1446
1413 1447
1413 1449
1413 1432
1413 1433
1414 1413
1414 1415
1414 1416
1414 1417
1414 1418
1414 1419
1414 1420
1414 1421
1415 1416
1415 1413
1415 1414
1416 1413
1416 1414
1416 1415
1416 1447
1416 1446
1416 1450
1416 1419
1416 1420
1416 1428
1416 1429
1417 1413
1417 1414
1417 1418
1417 1420
1417 1421
1417 1426
1417 1427
1417 1428
1417 1430
1417 1431
1417 1432
1417 1433
1418 1417
1418 1413
1418 1414
1419 1416
1419 1420
1419 1414
1420 1414
1420 1416
1420 1417
1420 1419
1420 1421
1420 1428
1420 1429
1420 1430
1421 1417
1421 1420
1421 1414
1422 1483
1422 1423
1422 1424
1422 1425
1422 1455
1422 1456
1422 1462
1422 1463
1422 1432
1422 1435
1422 1436
1422 1439
1423 1472
1423 1474
1423 1475
1423 1452
1423 1422
1423 1455
1423 1424
1423 1425
1423 1456
1423 1457
1423 1458
1423 1459
1423 911
1423 915
1424 1425
1424 1422
1424 1423
1425 1441
1425 1474
1425 1476
1425 1422
1425 1423
1425 1424
1425 915
1425 918
1425 1436
1425 1439
1426 1440
1426 1442
1426 1417
1426 1427
1426 1428
1426 918
1426 1431
1426 1432
1426 921
1426 1436
1426 1437
1426 1438
1427 1417
1427 1426
1427 1428
1428 1446
1428 1416
1428 1417
1428 1448
1428 1450
1428 1420
1428 1426
1428 1427
1428 1429
1428 1430
1428 921
1428 1438
1429 1416
1429 1428
1429 1420
1430 1417
1430 1428
1430 1420
1431 1432
1431 1417
1431 1426
1432 1410
1432 1443
1432 1412
1432 1413
1432 1444
1432 1445
1432 1480
1432 1417
1432 1483
1432 1422
1432 1426
1432 1462
1432 1431
1432 1433
1432 1434
1432 1435
1432 1436
1432 1437
1433 1432
1433 1417
1433 1413
1434 1432
1434 1410
1434 1412
1435 1432
1435 1436
1435 1422
1436 1441
1436 1442
1436 1422
1436 1425
1436 1426
1436 918
1436 1432
1436 1435
1436 1437
1436 1439
1437 1432
1437 1426
1437 1436
1438 921
1438 1426
1438 1428
1439 1425
1439 1436
1439 1422
1440 921
1440 1426
1440 918
1441 1425
1441 1436
1441 918
1442 1426
1442 1436
1442 918
1443 1473
1443 1444
1443 1412
1443 1445
1443 1413
1443 1446
1443 1449
1443 1451
1443 1452
1443 1454
1443 911
1443 912
1443 1432
1443 1471
1444 1432
1444 1443
1444 1412
1445 1432
1445 1443
1445 1413
1446 1443
1446 1413
1446 1447
1446 1416
1446 1448
1446 1449
1446 1450
1446 1453
1446 1454
1446 912
1446 1428
1446 921
1447 1416
1447 1413
1447 1446
1448 921
1448 1428
1448 1446
1449 1443
1449 1413
1449 1446
1450 1416
1450 1428
1450 1446
1451 1452
1451 1443
1451 1412
1452 1472
1452 1473
1452 1443
1452 1412
1452 1477
1452 1451
1452 1423
1452 911
1452 1457
1452 1458
1452 1464
1452 1465
1453 912
1453 921
1453 1446
1454 912
1454 1443
1454 1446
1455 1422
1455 1423
1455 1456
1455 1458
1455 1459
1455 1460
1455 1461
1455 1462
1455 1463
1455 1466
1455 1467
1455 1468
1456 1423
1456 1422
1456 1455
1457 1458
1457 1452
1457 1423
1458 1452
1458 1455
1458 1423
1458 1457
1458 1459
1458 1460
1458 1461
1458 1464
1458 1465
1458 1466
1458 1469
1458 1470
1459 1423
1459 1458
1459 1455
1460 1455
1460 1458
1460 1461
1460 1466
1460 1468
1460 1470
1461 1458
1461 1460
1461 1455
1462 1409
1462 1410
1462 1480
1462 1481
1462 1482
1462 1483
1462 1422
1462 1455
1462 1463
1462 1432
1462 1466
1462 1467
1463 1462
1463 1422
1463 1455
1464 1409
1464 1412
1464 1477
1464 1478
1464 1479
1464 1452
1464 1458
1464 1465
1464 1466
1464 1469
1465 1464
1465 1458
1465 1452
1466 1409
1466 1479
1466 1482
1466 1455
1466 1458
1466 1460
1466 1462
1466 1464
1466 1467
1466 1468
1466 1469
1466 1470
1467 1466
1467 1462
1467 1455
1468 1466
1468 1460
1468 1455
1469 1464
1469 1466
1469 1458
1470 1458
1470 1466
1470 1460
1471 912
1471 1443
1471 911
1472 911
1472 1452
1472 1423
1473 1443
1473 1452
1473 911
1474 1425
1474 915
1474 1423
1475 911
1475 915
1475 1423
1476 1425
1476 915
1476 918
1477 1464
1477 1452
1477 1412
1478 1464
1478 1409
1478 1412
1479 1464
1479 1409
1479 1466
1480 1432
1480 1410
1480 1462
1481 1409
1481 1410
1481 1462
1482 1409
1482 1466
1482 1462
1483 1432
1483 1462
1483 1422
