0.000000 0.443251 0.056586
0.068090 0.375091 0.053097
-0.068090 0.375091 0.053097
0.000000 0.414321 0.130514
-0.000001 0.714925 0.043063
0.053617 0.696988 0.037474
-0.053619 0.696986 0.037474
0.068090 0.198902 0.052163
-0.068090 0.198902 0.052163
-0.000001 0.794948 0.061946
0.270735 0.696989 0.033557
0.136915 0.698079 0.006106
-0.270737 0.696985 0.033559
-0.136918 0.698079 0.006107
0.068090 0.041742 0.013816
-0.068089 0.041742 0.013816
-0.000001 0.807036 0.107610
0.403014 0.696989 0.053537
-0.403014 0.696985 0.053540
0.068089 0.016526 0.117481
-0.068089 0.016526 0.117480
0.455850 0.679658 0.059254
0.076783 0.478979 0.253571
-0.498040 0.696985 0.065428
0.112382 0.426758 0.079350
