0 1
0 2
0 3
0 4
0 5
0 6
0 7
0 8
0 9
0 10
0 11
0 12
0 13
0 14
0 15
0 16
1 0
1 2
1 3
1 4
1 5
1 356
1 357
1 358
1 390
1 17
1 18
1 374
1 375
1 344
2 0
2 1
2 3
3 0
3 1
3 2
3 131
3 6
3 7
3 390
3 391
3 405
3 374
4 0
4 1
4 5
4 8
4 9
4 17
4 18
4 21
4 22
4 23
5 0
5 1
5 4
6 0
6 3
6 7
7 0
7 3
7 131
7 419
7 6
7 134
7 10
7 11
7 138
7 427
7 428
7 977
7 19
7 20
7 405
7 1051
7 1054
8 0
8 4
8 294
8 296
8 9
8 265
8 12
8 13
8 271
8 21
8 22
8 316
9 0
9 8
9 4
10 0
10 11
10 7
11 0
11 7
11 10
11 14
11 15
11 19
11 20
11 24
11 25
11 26
12 0
12 295
12 8
12 265
12 296
12 297
12 13
12 15
12 16
12 312
12 281
12 252
13 0
13 8
13 12
14 0
14 11
14 15
15 0
15 312
15 281
15 313
15 11
15 12
15 14
15 16
15 24
15 25
15 315
15 286
16 0
16 12
16 15
17 1
17 18
17 4
18 1
18 35
18 4
18 36
18 356
18 17
18 348
18 21
18 23
18 344
18 345
18 27
18 28
18 343
19 32
19 33
19 34
19 7
19 138
19 11
19 428
19 429
19 430
19 433
19 20
19 25
19 26
19 31
20 11
20 19
20 7
21 318
21 4
21 8
21 317
21 271
21 18
21 341
21 22
21 23
21 316
21 27
21 28
21 29
21 30
22 8
22 4
22 21
23 18
23 4
23 21
24 25
24 11
24 15
25 32
25 40
25 41
25 11
25 314
25 15
25 337
25 19
25 310
25 24
25 26
25 315
25 286
25 31
26 19
26 25
26 11
27 35
27 36
27 37
27 38
27 39
27 18
27 21
27 28
27 29
27 30
28 18
28 27
28 21
29 321
29 37
29 38
29 325
29 526
29 340
29 21
29 341
29 342
29 27
29 317
29 30
30 29
30 27
30 21
31 32
31 33
31 34
31 40
31 41
31 42
31 43
31 44
31 19
31 25
32 25
32 19
32 31
33 34
33 42
33 43
33 429
33 433
33 19
33 440
33 441
33 442
33 443
33 444
33 31
34 33
34 19
34 31
35 18
35 27
35 36
36 352
36 35
36 37
36 39
36 363
36 364
36 365
36 18
36 343
36 27
36 348
36 351
37 515
37 36
37 516
37 38
37 39
37 325
37 363
37 365
37 526
37 499
37 27
37 29
38 27
38 37
38 29
39 27
39 36
39 37
40 25
40 41
40 31
41 40
41 42
41 44
41 332
41 336
41 337
41 338
41 339
41 560
41 310
41 25
41 31
42 33
42 547
42 41
42 554
42 43
42 44
42 336
42 560
42 537
42 443
42 444
42 31
43 33
43 42
43 31
44 41
44 42
44 31
45 46
45 47
45 48
45 49
45 50
45 51
45 52
45 53
45 54
45 55
45 56
45 57
45 58
45 59
45 60
45 61
45 62
45 63
45 64
45 65
46 66
46 67
46 70
46 71
46 72
46 73
46 74
46 45
46 47
46 48
46 49
46 50
47 48
47 45
47 46
48 66
48 67
48 68
48 45
48 46
48 47
48 51
48 52
49 96
49 97
49 70
49 71
49 45
49 46
49 77
49 78
49 50
49 53
49 54
49 95
50 49
50 45
50 46
51 48
51 52
51 45
52 66
52 68
52 69
52 45
52 48
52 51
52 55
52 56
53 75
53 76
53 45
53 77
53 78
53 79
53 49
53 80
53 81
53 82
53 83
53 54
53 57
53 58
54 49
54 53
54 45
55 56
55 52
55 45
56 66
56 98
56 99
56 69
56 100
56 45
56 52
56 86
56 55
56 87
56 59
56 60
57 90
57 75
57 76
57 45
57 53
57 89
57 58
57 91
57 61
57 62
58 57
58 53
58 45
59 56
59 60
59 45
60 64
60 88
60 45
60 84
60 85
60 86
60 87
60 56
60 59
60 63
61 64
61 65
61 89
61 45
61 94
61 57
61 91
61 92
61 93
61 62
62 57
62 61
62 45
63 64
63 60
63 45
64 65
64 103
64 104
64 108
64 45
64 109
64 92
64 111
64 84
64 85
64 93
64 60
64 61
64 63
65 64
65 61
65 45
66 128
66 129
66 98
66 67
66 68
66 69
66 100
66 73
66 74
66 106
66 46
66 48
66 52
66 119
66 56
66 124
66 126
66 127
67 48
67 66
67 46
68 48
68 66
68 52
69 56
69 66
69 52
70 49
70 46
70 71
71 96
71 899
71 70
71 72
71 73
71 809
71 46
71 49
71 887
71 889
71 890
71 891
71 892
71 95
72 73
72 46
72 71
73 129
73 66
73 71
73 72
73 74
73 46
73 886
73 887
73 888
73 889
73 124
73 829
74 73
74 66
74 46
75 57
75 76
75 53
76 89
76 101
76 102
76 75
76 79
76 80
76 116
76 53
76 117
76 118
76 57
76 90
77 96
77 97
77 865
77 78
77 49
77 82
77 83
77 915
77 53
77 413
78 49
78 77
78 53
79 80
79 76
79 53
80 101
80 102
80 422
80 76
80 79
80 81
80 82
80 849
80 852
80 53
80 855
80 856
81 80
81 82
81 53
82 864
82 865
82 422
82 77
82 80
82 81
82 83
82 53
82 856
82 413
83 82
83 77
83 53
84 64
84 103
84 104
84 105
84 85
84 87
84 88
84 60
85 64
85 60
85 84
86 56
86 60
86 87
87 98
87 99
87 103
87 105
87 112
87 113
87 114
87 84
87 86
87 56
87 88
87 60
88 60
88 84
88 87
89 106
89 107
89 76
89 115
89 93
89 116
89 118
89 57
89 90
89 91
89 61
89 94
90 89
90 57
90 76
91 89
91 61
91 57
92 64
92 93
92 61
93 64
93 106
93 107
93 108
93 109
93 110
93 89
93 92
93 61
93 94
94 89
94 93
94 61
95 96
95 49
95 71
96 97
96 801
96 899
96 900
96 71
96 809
96 907
96 77
96 49
96 915
96 413
96 95
97 96
97 49
97 77
98 128
98 66
98 99
98 100
98 112
98 113
98 119
98 87
98 56
98 125
99 56
99 98
99 87
100 56
100 66
100 98
101 80
101 76
101 102
102 101
102 838
102 842
102 843
102 76
102 80
102 849
102 850
102 116
102 117
102 852
102 827
103 64
103 104
103 105
103 109
103 111
103 112
103 114
103 84
103 119
103 87
103 120
103 122
104 64
104 84
104 103
105 84
105 103
105 87
106 121
106 66
106 107
106 109
106 110
106 115
106 116
106 119
106 89
106 123
106 124
106 93
106 126
106 127
107 89
107 106
107 93
108 64
108 109
108 93
109 64
109 103
109 106
109 108
109 110
109 111
109 119
109 120
109 121
109 93
110 109
110 93
110 106
111 64
111 109
111 103
112 98
112 103
112 113
112 114
112 119
112 87
112 122
112 125
113 112
113 98
113 87
114 112
114 103
114 87
115 89
115 106
115 116
116 827
116 833
116 836
116 102
116 106
116 842
116 76
116 115
116 117
116 118
116 89
116 123
116 124
116 829
117 116
117 76
117 102
118 116
118 89
118 76
119 128
119 98
119 66
119 103
119 106
119 109
119 112
119 120
119 121
119 122
119 125
119 127
120 119
120 109
120 103
121 106
121 109
121 119
122 112
122 119
122 103
123 124
123 106
123 116
124 129
124 66
124 836
124 73
124 106
124 116
124 886
124 123
124 829
124 126
125 112
125 98
125 119
126 106
126 124
126 66
127 106
127 66
127 119
128 98
128 66
128 119
129 73
129 66
129 124
130 131
130 132
130 133
130 134
130 135
130 136
130 137
130 138
130 139
130 140
130 141
130 142
130 143
130 144
130 145
130 146
130 147
130 148
131 130
131 3
131 132
131 133
131 134
131 135
131 391
131 392
131 393
131 7
131 419
131 592
131 405
131 374
132 130
132 131
132 133
133 577
133 130
133 131
133 132
133 579
133 580
133 136
133 137
133 392
133 592
133 596
133 566
134 130
134 131
134 419
134 135
134 7
134 138
134 139
134 427
135 130
135 131
135 134
136 137
136 130
136 133
137 609
137 130
137 579
137 133
137 136
137 140
137 141
137 596
137 598
137 599
138 130
138 134
138 7
138 139
138 427
138 428
138 142
138 143
138 429
138 430
138 431
138 19
138 432
138 591
139 130
139 134
139 138
140 137
140 130
140 141
141 609
141 130
141 614
141 615
141 137
141 618
141 140
141 144
141 145
141 149
141 150
141 598
142 130
142 138
142 590
142 143
142 431
142 591
142 146
142 147
142 600
142 574
143 130
143 142
143 138
144 145
144 130
144 141
145 130
145 141
145 144
145 146
145 148
145 149
145 150
145 151
145 152
145 153
145 154
145 155
146 130
146 582
146 616
146 586
146 600
146 142
146 145
146 147
146 148
146 151
146 152
146 601
146 602
146 574
147 130
147 142
147 146
148 145
148 130
148 146
149 614
149 618
149 619
149 141
149 622
149 145
149 626
149 150
149 153
149 154
150 145
150 141
150 149
151 152
151 145
151 146
152 616
152 617
152 586
152 145
152 146
152 625
152 151
152 153
152 155
152 606
153 619
153 624
153 145
153 625
153 626
153 149
153 152
153 154
153 155
153 606
154 153
154 145
154 149
155 152
155 145
155 153
156 160
156 161
156 162
156 163
156 164
156 165
156 166
156 167
156 168
156 169
156 170
156 171
156 172
156 173
156 174
156 157
156 158
156 159
157 160
157 161
157 175
157 176
157 178
157 179
157 181
157 182
157 183
157 156
157 158
157 159
158 156
158 157
158 159
159 162
159 163
159 198
159 199
159 175
159 176
159 215
159 216
159 217
159 186
159 187
159 156
159 157
159 158
160 161
160 164
160 165
160 178
160 179
160 180
160 156
160 157
161 160
161 156
161 157
162 163
162 156
162 159
163 162
163 166
163 167
163 188
163 184
163 185
163 186
163 187
163 156
163 189
163 190
163 159
164 160
164 165
164 168
164 169
164 177
164 178
164 180
164 156
165 160
165 164
165 156
166 163
166 156
166 167
167 193
167 194
167 163
167 166
167 170
167 171
167 208
167 209
167 210
167 184
167 185
167 156
168 164
168 200
168 169
168 201
168 203
168 172
168 173
168 204
168 205
168 177
168 178
168 156
169 168
169 164
169 156
170 171
170 156
170 167
171 192
171 193
171 194
171 195
171 196
171 197
171 167
171 170
171 172
171 174
171 156
171 191
172 192
172 168
172 202
172 171
172 203
172 173
172 174
172 204
172 156
172 191
173 168
173 172
173 156
174 172
174 171
174 156
175 929
175 930
175 198
175 199
175 934
175 935
175 810
175 937
175 176
175 181
175 182
175 921
175 157
175 159
176 159
176 157
176 175
177 168
177 178
177 164
178 160
178 224
178 164
178 168
178 200
178 201
178 234
178 237
178 238
178 239
178 240
178 177
178 179
178 180
178 181
178 211
178 183
178 157
179 160
179 178
179 157
180 160
180 178
180 164
181 934
181 935
181 234
181 877
181 941
181 175
181 240
181 943
181 178
181 182
181 183
181 157
182 175
182 157
182 181
183 178
183 157
183 181
184 163
184 167
184 206
184 207
184 208
184 209
184 211
184 213
184 214
184 185
184 188
184 189
185 184
185 163
185 167
186 163
186 187
186 159
187 163
187 218
187 222
187 220
187 215
187 216
187 186
187 219
187 188
187 221
187 190
187 159
188 163
188 231
188 232
188 233
188 206
188 207
188 219
188 184
188 218
188 187
188 189
188 190
189 184
189 163
189 188
190 163
190 188
190 187
191 192
191 195
191 196
191 229
191 202
191 171
191 172
191 203
192 171
192 172
192 191
193 194
193 171
193 167
194 224
194 193
194 225
194 195
194 197
194 167
194 171
194 208
194 210
194 211
194 212
194 223
195 224
195 194
195 223
195 196
195 197
195 226
195 227
195 229
195 230
195 171
195 203
195 191
196 171
196 195
196 191
197 194
197 171
197 195
198 928
198 481
198 929
198 805
198 933
198 199
198 810
198 175
198 919
198 216
198 217
198 159
199 159
199 198
199 175
200 224
200 227
200 228
200 168
200 201
200 203
200 236
200 205
200 237
200 178
201 168
201 178
201 200
202 203
202 172
202 191
203 227
203 228
203 195
203 229
203 230
203 168
203 200
203 202
203 204
203 172
203 205
203 191
204 168
204 203
204 172
205 168
205 203
205 200
206 184
206 188
206 207
207 231
207 233
207 234
207 235
207 877
207 206
207 211
207 883
207 213
207 884
207 885
207 184
207 858
207 188
208 194
208 167
208 209
208 210
208 211
208 212
208 214
208 184
209 184
209 167
209 208
210 208
210 194
210 167
211 224
211 225
211 194
211 234
211 235
211 238
211 207
211 208
211 239
211 178
211 212
211 213
211 214
211 184
212 208
212 194
212 211
213 184
213 211
213 207
214 184
214 211
214 208
215 216
215 187
215 159
216 481
216 933
216 198
216 882
216 215
216 217
216 187
216 220
216 221
216 159
217 216
217 198
217 159
218 867
218 422
218 231
218 232
218 219
218 879
218 880
218 881
218 187
218 188
218 221
218 222
219 218
219 187
219 188
220 216
220 187
220 221
221 481
221 422
221 876
221 881
221 882
221 216
221 218
221 187
221 220
221 222
222 218
222 187
222 221
223 224
223 194
223 195
224 225
224 194
224 195
224 226
224 227
224 200
224 236
224 237
224 239
224 178
224 211
224 223
225 224
225 194
225 211
226 224
226 195
226 227
227 224
227 226
227 195
227 228
227 230
227 200
227 203
227 236
228 200
228 203
228 227
229 195
229 203
229 191
230 203
230 195
230 227
231 867
231 232
231 233
231 874
231 875
231 207
231 847
231 879
231 884
231 218
231 188
231 858
232 218
232 188
232 231
233 231
233 188
233 207
234 235
234 877
234 238
234 207
234 240
234 943
234 178
234 211
234 181
234 885
235 234
235 211
235 207
236 224
236 227
236 200
237 200
237 224
237 178
238 178
238 234
238 211
239 224
239 178
239 211
240 178
240 234
240 181
241 256
241 257
241 242
241 243
241 244
241 245
241 246
241 247
241 248
241 249
241 250
241 251
241 252
241 253
241 254
241 255
242 258
242 259
242 260
242 261
242 262
242 263
242 264
242 241
242 243
242 244
242 245
242 246
243 241
243 242
243 244
244 258
244 259
244 267
244 268
244 269
244 241
244 242
244 243
244 247
244 248
245 290
245 291
245 260
245 261
245 292
245 241
245 242
245 275
245 276
245 246
245 249
245 250
246 241
246 242
246 245
247 248
247 241
247 244
248 265
248 266
248 267
248 268
248 270
248 271
248 272
248 241
248 244
248 247
248 251
248 252
249 241
249 273
249 274
249 275
249 245
249 276
249 277
249 278
249 250
249 279
249 253
249 254
250 241
250 249
250 245
251 248
251 241
251 252
252 256
252 280
252 295
252 265
252 266
252 297
252 12
252 241
252 248
252 281
252 251
252 255
253 256
253 257
253 241
253 273
253 274
253 249
253 282
253 283
253 284
253 254
254 241
254 249
254 253
255 256
255 241
255 252
256 257
256 285
256 287
256 241
256 280
256 281
256 282
256 283
256 252
256 253
256 286
256 255
257 256
257 241
257 253
258 259
258 262
258 263
258 298
258 299
258 268
258 269
258 302
258 301
258 303
258 242
258 244
259 242
259 258
259 244
260 242
260 261
260 245
261 288
261 289
261 291
261 260
261 292
261 262
261 293
261 264
261 242
261 245
262 288
262 289
262 258
262 261
262 263
262 264
262 300
262 301
262 302
262 242
263 242
263 258
263 262
264 242
264 261
264 262
265 294
265 295
265 8
265 296
265 266
265 12
265 271
265 272
265 248
265 252
266 248
266 265
266 252
267 248
267 244
267 268
268 320
268 258
268 298
268 267
268 299
268 269
268 270
268 271
268 244
268 248
268 317
268 319
269 258
269 244
269 268
270 248
270 268
270 271
271 320
271 294
271 8
271 265
271 268
271 270
271 272
271 21
271 248
271 316
271 317
271 318
272 248
272 265
272 271
273 249
273 274
273 253
274 327
274 328
274 329
274 304
274 273
274 305
274 277
274 278
274 249
274 282
274 284
274 253
275 290
275 291
275 307
275 276
275 245
275 278
275 279
275 308
275 249
275 309
276 249
276 275
276 245
277 249
277 274
277 278
278 304
278 305
278 274
278 275
278 306
278 277
278 307
278 279
278 309
278 249
279 249
279 275
279 278
280 256
280 281
280 252
281 256
281 312
281 297
281 12
281 15
281 280
281 313
281 252
281 285
281 286
282 256
282 327
282 329
282 330
282 274
282 310
282 311
282 283
282 284
282 253
282 286
282 287
283 256
283 282
283 253
284 282
284 274
284 253
285 256
285 281
285 286
286 256
286 313
286 314
286 15
286 310
286 311
286 281
286 282
286 315
286 285
286 25
286 287
287 256
287 282
287 286
288 289
288 321
288 291
288 323
288 293
288 261
288 262
288 325
288 326
288 522
288 300
288 301
288 524
288 417
288 513
288 760
288 697
288 798
289 288
289 261
289 262
290 291
290 275
290 245
291 261
291 275
291 288
291 290
291 292
291 293
291 684
291 686
291 690
291 307
291 308
291 697
291 698
291 756
291 245
291 757
291 759
291 760
291 758
291 761
292 245
292 291
292 261
293 288
293 291
293 261
294 8
294 265
294 271
295 265
295 12
295 252
296 8
296 265
296 12
297 281
297 252
297 12
298 321
298 258
298 322
298 324
298 299
298 268
298 301
298 303
298 317
298 319
299 258
299 298
299 268
300 288
300 301
300 262
301 288
301 321
301 258
301 323
301 324
301 262
301 298
301 300
301 302
301 303
302 258
302 301
302 262
303 258
303 298
303 301
304 305
304 274
304 278
305 327
305 328
305 332
305 333
305 334
305 304
305 274
305 307
305 306
305 278
306 305
306 307
306 278
307 291
307 484
307 551
307 332
307 333
307 335
307 336
307 305
307 306
307 275
307 308
307 309
307 278
307 561
307 564
307 761
307 698
307 703
308 307
308 275
308 291
309 275
309 307
309 278
310 327
310 41
310 330
310 331
310 314
310 332
310 337
310 339
310 311
310 25
310 282
310 286
311 310
311 282
311 286
312 281
312 12
312 15
313 281
313 286
313 15
314 310
314 25
314 286
315 25
315 286
315 15
316 8
316 21
316 271
317 320
317 321
317 322
317 298
317 268
317 271
317 340
317 21
317 341
317 29
317 318
317 319
318 21
318 317
318 271
319 298
319 268
319 317
320 268
320 317
320 271
321 288
321 322
321 323
321 324
321 325
321 326
321 298
321 301
321 29
321 340
321 342
321 317
322 321
322 298
322 317
323 288
323 321
323 301
324 321
324 298
324 301
325 288
325 321
325 512
325 513
325 516
325 37
325 326
325 522
325 526
325 496
325 499
325 342
325 508
325 29
326 288
326 321
326 325
327 328
327 329
327 330
327 331
327 332
327 334
327 305
327 274
327 310
327 282
328 305
328 274
328 327
329 274
329 282
329 327
330 282
330 310
330 327
331 332
331 310
331 327
332 327
332 41
332 331
332 333
332 334
332 335
332 336
332 305
332 338
332 307
332 339
332 310
333 305
333 307
333 332
334 305
334 332
334 327
335 336
335 307
335 332
336 551
336 552
336 41
336 553
336 554
336 332
336 42
336 335
336 560
336 561
336 338
336 307
336 536
336 537
337 25
337 310
337 41
338 336
338 41
338 332
339 41
339 332
339 310
340 321
340 317
340 29
341 29
341 317
341 21
342 321
342 325
342 29
343 352
343 353
343 354
343 355
343 36
343 18
343 344
343 345
343 346
343 347
343 348
343 349
343 350
343 351
344 1
344 356
344 357
344 358
344 717
344 18
344 755
344 343
344 345
344 346
344 347
344 734
345 344
345 18
345 343
346 742
346 359
346 360
346 361
346 362
346 733
346 717
346 734
346 724
346 343
346 344
346 347
346 349
346 350
347 344
347 346
347 343
348 18
348 36
348 343
349 353
349 354
349 359
349 360
349 366
349 367
349 378
349 343
349 346
349 379
349 380
349 350
350 346
350 349
350 343
351 352
351 36
351 343
352 353
352 355
352 36
352 363
352 364
352 368
352 369
352 370
352 343
352 351
353 352
353 354
353 355
353 366
353 367
353 368
353 369
353 371
353 372
353 373
353 343
353 349
354 353
354 349
354 343
355 352
355 353
355 343
356 344
356 1
356 18
357 736
357 1
357 358
357 747
357 748
357 717
357 750
357 754
357 755
357 374
357 375
357 344
358 344
358 1
358 357
359 360
359 346
359 349
360 384
360 385
360 359
360 361
360 362
360 381
360 376
360 377
360 346
360 379
360 380
360 349
360 382
360 383
361 360
361 346
361 362
362 738
362 741
362 742
362 743
362 360
362 361
362 744
362 721
362 724
362 376
362 377
362 346
363 352
363 515
363 36
363 37
363 489
363 364
363 365
363 369
363 370
363 498
363 499
363 501
364 352
364 363
364 36
365 363
365 36
365 37
366 353
366 386
366 387
366 397
366 398
366 367
366 372
366 373
366 406
366 407
366 408
366 378
366 379
366 349
367 353
367 349
367 366
368 352
368 353
368 369
369 352
369 353
369 489
369 363
369 492
369 495
369 368
369 370
369 371
369 372
369 498
369 502
370 352
370 369
370 363
371 353
371 372
371 369
372 353
372 386
372 387
372 388
372 389
372 490
372 492
372 366
372 369
372 371
372 373
372 502
372 503
372 507
373 353
373 372
373 366
374 736
374 1
374 3
374 131
374 357
374 390
374 391
374 392
374 393
374 394
374 746
374 754
374 375
374 376
375 1
375 357
375 374
376 736
376 738
376 360
376 392
376 362
376 394
376 395
376 744
376 745
376 746
376 374
376 377
376 381
376 382
377 360
377 362
377 376
378 379
378 349
378 366
379 385
379 360
379 396
379 397
379 366
379 398
379 378
379 380
379 349
379 383
380 360
380 379
380 349
381 384
381 360
381 392
381 395
381 460
381 461
381 436
381 376
381 382
381 383
382 360
382 376
382 381
383 384
383 385
383 360
383 458
383 459
383 396
383 397
383 461
383 436
383 379
383 381
383 446
384 360
384 381
384 383
385 360
385 379
385 383
386 387
386 388
386 389
386 366
386 399
386 400
386 372
386 406
386 408
386 409
386 410
386 412
387 386
387 372
387 366
388 386
388 389
388 517
388 490
388 399
388 400
388 401
388 402
388 403
388 372
388 404
388 505
388 506
388 507
389 388
389 386
389 372
390 1
390 3
390 374
391 3
391 131
391 374
392 577
392 131
392 453
392 567
392 133
392 393
392 394
392 395
392 460
392 592
392 436
392 565
392 374
392 438
392 376
392 566
392 570
392 381
393 392
393 131
393 374
394 376
394 392
394 374
395 376
395 392
395 381
396 379
396 397
396 383
397 451
397 457
397 459
397 396
397 398
397 366
397 465
397 406
397 407
397 379
397 446
397 383
398 379
398 397
398 366
399 386
399 388
399 400
399 401
399 402
399 409
399 411
399 412
400 386
400 388
400 399
401 388
401 420
401 421
401 422
401 423
401 424
401 399
401 402
401 403
401 404
401 409
401 411
401 413
401 414
402 401
402 388
402 399
403 416
403 417
403 418
403 388
403 517
403 518
403 521
403 523
403 401
403 404
403 505
403 413
403 414
403 415
404 401
404 403
404 388
405 3
405 131
405 7
406 386
406 451
406 397
406 366
406 465
406 466
406 467
406 407
406 408
406 409
406 410
406 479
407 406
407 397
407 366
408 386
408 406
408 366
409 386
409 420
409 421
409 485
409 399
409 401
409 474
409 467
409 406
409 472
409 410
409 411
409 412
409 477
409 478
409 479
410 409
410 386
410 406
411 401
411 409
411 399
412 409
412 386
412 399
413 416
413 801
413 802
413 864
413 865
413 96
413 422
413 423
413 907
413 77
413 401
413 82
413 403
413 915
413 414
413 415
414 401
414 403
414 413
415 403
415 413
415 416
415 417
415 418
415 801
415 802
415 803
415 804
415 805
415 806
415 425
415 426
415 807
415 476
415 481
415 482
415 483
415 484
415 488
416 403
416 413
416 415
417 288
417 513
417 418
417 800
417 518
417 425
417 426
417 523
417 524
417 525
417 687
417 403
417 799
417 691
417 697
417 797
417 798
417 415
418 417
418 403
418 415
419 131
419 134
419 7
420 409
420 401
420 421
421 420
421 485
421 422
421 487
421 424
421 401
421 409
421 474
422 401
422 413
422 421
422 423
422 424
422 80
422 849
422 82
422 855
422 856
422 474
422 218
422 221
422 864
422 481
422 867
422 868
422 486
422 487
422 876
422 880
422 881
423 401
423 413
423 422
424 401
424 421
424 422
425 800
425 417
425 484
425 488
425 426
425 691
425 702
425 415
426 417
426 425
426 415
427 138
427 134
427 7
428 138
428 19
428 7
429 448
429 33
429 449
429 138
429 430
429 431
429 432
429 433
429 434
429 19
429 435
429 440
429 441
429 447
430 138
430 19
430 429
431 576
431 138
431 429
431 142
431 590
431 432
431 591
431 434
431 435
431 436
431 437
431 438
431 439
431 565
431 573
431 574
432 138
432 429
432 431
433 33
433 19
433 429
434 449
434 450
434 451
434 452
434 429
434 431
434 435
434 436
434 437
434 445
434 446
434 447
435 434
435 429
435 431
436 453
436 392
436 458
436 460
436 461
436 431
436 434
436 381
436 437
436 438
436 439
436 445
436 446
436 383
437 434
437 436
437 431
438 453
438 392
438 431
438 436
438 565
438 439
438 570
438 573
439 436
439 438
439 431
440 33
440 441
440 429
441 448
441 33
441 454
441 455
441 456
441 429
441 440
441 442
441 443
441 447
442 33
442 441
442 443
443 33
443 547
443 454
443 455
443 42
443 537
443 527
443 538
443 534
443 441
443 442
443 444
444 33
444 42
444 443
445 434
445 436
445 446
446 450
446 451
446 457
446 458
446 459
446 397
446 434
446 436
446 445
446 383
447 448
447 449
447 451
447 452
447 455
447 456
447 429
447 462
447 463
447 464
447 434
447 441
448 441
448 429
448 447
449 434
449 429
449 447
450 434
450 451
450 446
451 450
451 452
451 457
451 397
451 462
451 464
451 465
451 434
451 466
451 467
451 468
451 406
451 446
451 447
452 434
452 451
452 447
453 392
453 436
453 438
454 441
454 443
454 455
455 454
455 456
455 462
455 463
455 527
455 528
455 531
455 534
455 441
455 443
455 541
455 447
456 441
456 455
456 447
457 451
457 397
457 446
458 436
458 446
458 383
459 397
459 446
459 383
460 392
460 436
460 381
461 436
461 381
461 383
462 451
462 548
462 455
462 463
462 464
462 528
462 530
462 467
462 468
462 469
462 470
462 540
462 541
462 447
463 455
463 462
463 447
464 451
464 462
464 447
465 451
465 397
465 406
466 451
466 406
466 467
467 471
467 451
467 462
467 466
467 468
467 469
467 406
467 470
467 472
467 409
467 478
467 479
468 451
468 462
468 467
469 467
469 470
469 462
470 545
470 548
470 549
470 555
470 462
470 530
470 467
470 469
470 471
470 472
470 473
470 474
470 475
470 476
471 472
471 467
471 470
472 409
472 467
472 470
472 471
472 473
472 474
472 477
472 478
473 472
473 474
473 470
474 480
474 481
474 421
474 485
474 486
474 422
474 487
474 409
474 470
474 472
474 473
474 475
474 476
474 477
475 474
475 476
475 470
476 480
476 481
476 482
476 483
476 484
476 545
476 555
476 556
476 557
476 563
476 470
476 474
476 475
476 415
477 472
477 409
477 474
478 472
478 409
478 467
479 409
479 467
479 406
480 481
480 474
480 476
481 480
481 928
481 482
481 805
481 486
481 422
481 807
481 198
481 933
481 876
481 882
481 216
481 474
481 476
481 221
481 415
482 481
482 476
482 415
483 476
483 484
483 415
484 700
484 483
484 551
484 488
484 425
484 557
484 703
484 562
484 563
484 307
484 564
484 694
484 691
484 698
484 476
484 701
484 702
484 415
485 409
485 474
485 421
486 481
486 474
486 422
487 474
487 421
487 422
488 425
488 484
488 415
489 490
489 491
489 492
489 493
489 494
489 495
489 496
489 369
489 497
489 498
489 363
489 499
489 500
489 501
490 388
490 489
490 491
490 492
490 493
490 494
490 372
490 503
490 504
490 505
490 506
490 507
491 489
491 490
491 492
492 489
492 490
492 491
492 495
492 369
492 372
492 502
492 503
493 489
493 490
493 494
493 496
493 497
493 504
493 505
493 509
493 510
493 511
494 489
494 490
494 493
495 489
495 492
495 369
496 512
496 513
496 514
496 325
496 489
496 493
496 497
496 499
496 500
496 508
496 509
496 511
497 496
497 489
497 493
498 489
498 363
498 369
499 515
499 516
499 325
499 37
499 489
499 363
499 496
499 500
499 501
499 508
500 496
500 489
500 499
501 489
501 363
501 499
502 369
502 372
502 492
503 490
503 372
503 492
504 505
504 490
504 493
505 388
505 517
505 518
505 520
505 521
505 490
505 493
505 403
505 504
505 506
505 509
505 510
506 505
506 490
506 388
507 372
507 490
507 388
508 496
508 499
508 325
509 513
509 514
509 518
509 519
509 520
509 493
509 496
509 505
509 510
509 511
510 509
510 505
510 493
511 496
511 493
511 509
512 496
512 513
512 325
513 512
513 288
513 514
513 417
513 325
513 518
513 519
513 522
513 524
513 525
513 496
513 509
514 496
514 513
514 509
515 363
515 37
515 499
516 499
516 325
516 37
517 505
517 403
517 388
518 513
518 417
518 519
518 520
518 521
518 523
518 525
518 403
518 505
518 509
519 513
519 509
519 518
520 505
520 509
520 518
521 505
521 403
521 518
522 288
522 513
522 325
523 417
523 403
523 518
524 288
524 513
524 417
525 513
525 417
525 518
526 29
526 325
526 37
527 455
527 528
527 529
527 530
527 531
527 532
527 533
527 534
527 535
527 536
527 537
527 538
527 443
527 539
528 455
528 462
528 527
528 529
528 530
528 531
528 540
528 541
529 528
529 530
529 527
530 544
530 545
530 548
530 549
530 462
530 527
530 528
530 529
530 532
530 533
530 470
530 540
531 528
531 455
531 527
532 530
532 533
532 527
533 544
533 545
533 546
533 527
533 530
533 532
533 535
533 536
533 542
533 543
534 455
534 443
534 527
535 536
535 533
535 527
536 550
536 551
536 552
536 553
536 527
536 336
536 533
536 535
536 537
536 539
536 542
536 543
537 547
537 552
537 42
537 554
537 527
537 336
537 443
537 536
537 538
537 539
538 537
538 443
538 527
539 536
539 537
539 527
540 528
540 530
540 462
541 528
541 462
541 455
542 545
542 546
542 550
542 551
542 557
542 558
542 559
542 533
542 536
542 543
543 536
543 533
543 542
544 545
544 530
544 533
545 544
545 546
545 549
545 555
545 556
545 557
545 559
545 530
545 533
545 470
545 476
545 542
546 545
546 533
546 542
547 537
547 42
547 443
548 530
548 470
548 462
549 545
549 530
549 470
550 536
550 542
550 551
551 484
551 550
551 553
551 557
551 558
551 336
551 561
551 562
551 307
551 564
551 536
551 542
552 536
552 537
552 336
553 536
553 336
553 551
554 336
554 537
554 42
555 545
555 476
555 470
556 545
556 476
556 557
557 545
557 484
557 551
557 556
557 558
557 559
557 562
557 563
557 476
557 542
558 557
558 542
558 551
559 545
559 557
559 542
560 336
560 41
560 42
561 336
561 307
561 551
562 484
562 557
562 551
563 557
563 476
563 484
564 307
564 484
564 551
565 576
565 392
565 574
565 431
565 566
565 567
565 568
565 569
565 570
565 438
565 572
565 573
565 571
565 575
566 577
566 578
566 579
566 580
566 133
566 392
566 565
566 567
566 568
566 569
567 392
567 565
567 566
568 578
568 579
568 583
568 584
568 593
568 594
568 595
568 565
568 566
568 569
568 571
568 572
569 568
569 565
569 566
570 392
570 565
570 438
571 581
571 582
571 583
571 584
571 585
571 586
571 587
571 588
571 589
571 565
571 568
571 572
571 574
571 575
572 568
572 571
572 565
573 565
573 438
573 431
574 576
574 581
574 582
574 142
574 431
574 590
574 146
574 565
574 600
574 602
574 571
574 575
575 571
575 565
575 574
576 565
576 574
576 431
577 392
577 133
577 566
578 568
578 579
578 566
579 578
579 580
579 133
579 599
579 137
579 593
579 594
579 596
579 597
579 566
579 598
579 568
580 579
580 133
580 566
581 582
581 571
581 574
582 581
582 585
582 586
582 146
582 601
582 602
582 571
582 574
583 584
583 587
583 588
583 594
583 595
583 568
583 603
583 571
583 604
583 605
584 568
584 571
584 583
585 586
585 571
585 582
586 608
586 582
586 616
586 585
586 617
586 587
586 589
586 146
586 152
586 601
586 571
586 606
587 608
587 583
587 586
587 588
587 589
587 603
587 571
587 604
587 606
587 607
588 587
588 571
588 583
589 587
589 586
589 571
590 574
590 142
590 431
591 138
591 142
591 431
592 392
592 131
592 133
593 568
593 594
593 579
594 610
594 579
594 611
594 612
594 583
594 593
594 595
594 597
594 598
594 568
594 603
594 605
595 568
595 594
595 583
596 137
596 579
596 133
597 594
597 579
597 598
598 609
598 610
598 579
598 611
598 613
598 614
598 615
598 137
598 141
598 594
598 597
598 599
599 137
599 579
599 598
600 146
600 142
600 574
601 146
601 586
601 582
602 574
602 146
602 582
603 611
603 612
603 583
603 587
603 619
603 620
603 621
603 594
603 604
603 605
603 606
603 607
604 603
604 587
604 583
605 594
605 603
605 583
606 608
606 617
606 586
606 587
606 619
606 621
606 624
606 625
606 152
606 153
606 603
606 607
607 603
607 587
607 606
608 586
608 587
608 606
609 137
609 141
609 598
610 594
610 611
610 598
611 610
611 612
611 613
611 614
611 619
611 620
611 623
611 594
611 598
611 603
612 611
612 594
612 603
613 614
613 611
613 598
614 611
614 613
614 615
614 618
614 619
614 141
614 622
614 623
614 149
614 598
615 614
615 141
615 598
616 152
616 146
616 586
617 152
617 586
617 606
618 141
618 614
618 149
619 611
619 614
619 620
619 621
619 622
619 623
619 624
619 626
619 149
619 153
619 603
619 606
620 619
620 611
620 603
621 619
621 603
621 606
622 619
622 149
622 614
623 619
623 611
623 614
624 153
624 619
624 606
625 152
625 153
625 606
626 153
626 619
626 149
627 640
627 641
627 642
627 628
627 629
627 630
627 631
627 632
627 634
627 635
627 636
627 637
627 638
627 639
628 627
628 629
628 630
628 631
628 632
628 633
629 627
629 628
629 630
630 1089
630 643
630 1082
630 645
630 1072
630 1074
630 627
630 628
630 629
630 1079
630 631
630 1080
630 633
630 634
630 635
630 1081
631 643
631 644
631 645
631 627
631 628
631 630
631 632
631 633
631 636
631 637
632 627
632 628
632 631
633 628
633 630
633 631
634 635
634 627
634 630
635 1067
635 1069
635 1072
635 1073
635 1074
635 627
635 630
635 634
635 638
635 639
636 640
636 641
636 643
636 644
636 646
636 647
636 648
636 650
636 652
636 653
636 654
636 627
636 631
636 637
637 627
637 636
637 631
638 635
638 627
638 639
639 640
639 642
639 648
639 649
639 1067
639 1068
639 1069
639 627
639 635
639 638
640 641
640 642
640 648
640 649
640 650
640 651
640 653
640 627
640 636
640 639
641 640
641 627
641 636
642 640
642 627
642 639
643 1089
643 1090
643 644
643 645
643 646
643 647
643 1079
643 630
643 631
643 636
644 643
644 636
644 631
645 643
645 630
645 631
646 1090
646 643
646 647
646 648
646 654
646 1076
646 1077
646 1078
646 1079
646 636
647 643
647 636
647 646
648 640
648 646
648 649
648 650
648 651
648 652
648 1067
648 654
648 1068
648 1070
648 1071
648 1075
648 1076
648 1077
648 636
648 639
649 648
649 640
649 639
650 640
650 648
650 651
650 652
650 653
650 636
651 648
651 650
651 640
652 648
652 650
652 636
653 640
653 650
653 636
654 648
654 636
654 646
655 656
655 657
655 658
655 659
655 660
655 661
655 662
655 663
655 664
655 666
655 667
655 668
655 669
655 670
656 679
656 680
656 681
656 655
656 657
656 658
656 659
656 660
656 663
656 665
657 656
657 658
657 655
658 672
658 673
658 675
658 677
658 678
658 679
658 681
658 682
658 655
658 656
658 657
658 661
658 662
658 671
659 655
659 656
659 660
659 663
659 664
659 665
660 656
660 659
660 655
661 658
661 662
661 655
662 672
662 673
662 674
662 676
662 655
662 658
662 661
662 666
662 667
662 671
663 679
663 680
663 655
663 656
663 1167
663 659
663 1140
663 1176
663 1181
663 1206
663 664
663 665
663 668
663 669
663 1182
663 1183
664 663
664 659
664 655
665 656
665 659
665 663
666 667
666 662
666 655
667 673
667 674
667 1217
667 1218
667 655
667 1201
667 662
667 666
667 668
667 670
668 1217
668 655
668 1201
668 1205
668 1206
668 663
668 1176
668 667
668 669
668 670
669 663
669 668
669 655
670 667
670 668
670 655
671 672
671 673
671 675
671 676
671 658
671 662
672 658
672 662
672 671
673 674
673 675
673 676
673 677
673 678
673 1218
673 1193
673 1165
673 1198
673 1201
673 658
673 1202
673 662
673 667
673 1180
673 671
674 673
674 667
674 662
675 673
675 658
675 671
676 673
676 662
676 671
677 673
677 678
677 679
677 682
677 1165
677 1198
677 1199
677 1167
677 1200
677 658
678 673
678 658
678 677
679 677
679 680
679 681
679 682
679 1167
679 656
679 1200
679 658
679 663
679 1183
680 656
680 679
680 663
681 656
681 658
681 679
682 658
682 677
682 679
683 684
683 685
683 686
683 687
683 688
683 689
683 690
683 691
683 692
683 693
683 694
683 695
684 291
684 683
684 685
684 686
684 687
684 688
684 756
684 758
684 696
684 697
685 683
685 684
685 686
686 291
686 683
686 684
686 685
686 689
686 690
686 756
686 757
687 417
687 683
687 684
687 688
687 691
687 692
687 696
687 697
687 797
687 799
688 683
688 684
688 687
689 690
689 683
689 686
690 291
690 683
690 759
690 686
690 689
690 693
690 694
690 757
690 698
690 699
691 800
691 417
691 484
691 425
691 683
691 687
691 692
691 694
691 695
691 701
691 702
691 799
692 683
692 691
692 687
693 690
693 683
693 694
694 484
694 683
694 690
694 691
694 693
694 695
694 698
694 699
694 700
694 701
695 683
695 691
695 694
696 697
696 684
696 687
697 288
697 417
697 291
697 684
697 687
697 760
697 758
697 696
697 797
697 798
698 291
698 484
698 690
698 307
698 694
698 759
698 761
698 699
698 700
698 703
699 698
699 690
699 694
700 698
700 484
700 694
701 691
701 484
701 694
702 425
702 691
702 484
703 698
703 307
703 484
704 705
704 706
704 707
704 708
704 709
704 710
704 711
704 712
704 713
704 714
704 715
704 716
705 704
705 706
705 707
705 708
705 709
705 747
705 717
705 718
705 752
705 753
706 704
706 705
706 707
707 704
707 705
707 706
707 710
707 711
707 717
707 718
707 723
707 724
707 725
708 704
708 705
708 709
708 712
708 713
708 747
708 719
708 720
708 751
708 753
709 704
709 705
709 708
710 704
710 707
710 711
711 704
711 707
711 710
711 714
711 715
711 721
711 722
711 724
711 725
711 726
712 704
712 708
712 713
712 715
712 716
712 719
712 720
712 727
712 728
712 729
712 730
712 731
713 704
713 708
713 712
714 704
714 715
714 711
715 704
715 711
715 712
715 714
715 716
715 721
715 722
715 729
715 730
715 732
716 704
716 715
716 712
717 705
717 707
717 357
717 747
717 718
717 750
717 752
717 723
717 724
717 755
717 344
717 346
717 733
717 734
718 705
718 707
718 717
719 712
719 708
719 720
720 736
720 708
720 712
720 747
720 749
720 719
720 751
720 727
720 728
720 735
721 738
721 740
721 741
721 711
721 743
721 362
721 715
721 722
721 724
721 726
721 730
721 732
722 721
722 715
722 711
723 707
723 724
723 717
724 707
724 741
724 742
724 711
724 362
724 717
724 721
724 723
724 725
724 726
724 346
724 733
725 707
725 724
725 711
726 721
726 724
726 711
727 736
727 737
727 738
727 739
727 712
727 720
727 728
727 730
727 731
727 735
728 712
728 720
728 727
729 712
729 730
729 715
730 737
730 738
730 740
730 712
730 715
730 721
730 727
730 729
730 731
730 732
731 712
731 730
731 727
732 721
732 730
732 715
733 346
733 724
733 717
734 344
734 346
734 717
735 720
735 736
735 727
736 738
736 739
736 357
736 745
736 746
736 747
736 748
736 749
736 720
736 754
736 374
736 727
736 376
736 735
737 730
737 738
737 727
738 736
738 737
738 739
738 740
738 743
738 744
738 745
738 362
738 721
738 727
738 376
738 730
739 736
739 738
739 727
740 721
740 738
740 730
741 721
741 362
741 724
742 346
742 724
742 362
743 721
743 362
743 738
744 376
744 738
744 362
745 736
745 738
745 376
746 736
746 376
746 374
747 736
747 705
747 708
747 357
747 748
747 749
747 750
747 717
747 720
747 751
747 752
747 753
748 736
748 747
748 357
749 720
749 736
749 747
750 717
750 747
750 357
751 720
751 747
751 708
752 705
752 747
752 717
753 705
753 747
753 708
754 736
754 357
754 374
755 344
755 357
755 717
756 291
756 684
756 686
757 690
757 291
757 686
758 697
758 291
758 684
759 690
759 698
759 291
760 288
760 697
760 291
761 307
761 698
761 291
762 768
762 769
762 770
762 771
762 772
762 763
762 764
762 765
762 766
762 767
763 773
763 774
763 775
763 776
763 777
763 762
763 764
763 765
763 766
763 767
764 762
764 763
764 765
765 768
765 769
765 773
765 774
765 778
765 779
765 786
765 762
765 763
765 764
766 770
766 771
766 775
766 776
766 783
766 784
766 785
766 762
766 763
766 767
767 762
767 763
767 766
768 769
768 762
768 765
769 768
769 770
769 772
769 778
769 779
769 780
769 781
769 782
769 762
769 765
770 769
770 771
770 772
770 781
770 782
770 783
770 785
770 762
770 794
770 766
771 762
771 770
771 766
772 769
772 762
772 770
773 774
773 776
773 777
773 779
773 786
773 788
773 790
773 791
773 792
773 763
773 796
773 765
774 773
774 763
774 765
775 776
775 763
775 766
776 773
776 775
776 777
776 783
776 784
776 789
776 790
776 791
776 763
776 766
777 776
777 763
777 773
778 769
778 779
778 765
779 769
779 773
779 778
779 780
779 781
779 786
779 787
779 788
779 792
779 765
780 769
780 779
780 781
781 769
781 770
781 779
781 780
781 782
781 783
781 787
781 788
781 790
781 793
781 794
781 795
782 769
782 770
782 781
783 770
783 776
783 781
783 784
783 785
783 789
783 790
783 793
783 794
783 766
784 776
784 766
784 783
785 770
785 766
785 783
786 773
786 779
786 765
787 779
787 788
787 781
788 773
788 779
788 781
788 787
788 790
788 792
788 795
788 796
789 776
789 790
789 783
790 773
790 776
790 781
790 783
790 788
790 789
790 791
790 793
790 795
790 796
791 776
791 773
791 790
792 779
792 788
792 773
793 781
793 790
793 783
794 770
794 781
794 783
795 788
795 781
795 790
796 788
796 773
796 790
797 417
797 697
797 687
798 288
798 417
798 697
799 417
799 691
799 687
800 425
800 417
800 691
801 96
801 802
801 803
801 804
801 900
801 808
801 809
801 907
801 413
801 415
802 801
802 413
802 415
803 801
803 804
803 805
803 806
803 902
803 808
803 809
803 810
803 811
803 908
803 916
803 415
804 801
804 803
804 415
805 928
805 481
805 803
805 806
805 807
805 198
805 810
805 811
805 919
805 415
806 803
806 805
806 415
807 481
807 805
807 415
808 801
808 803
808 809
809 96
809 801
809 803
809 899
809 900
809 901
809 71
809 808
809 902
809 908
809 891
809 892
810 929
810 930
810 803
810 805
810 902
810 198
810 811
810 175
810 916
810 919
810 920
810 921
811 810
811 803
811 805
812 813
812 814
812 815
812 816
812 817
813 812
813 814
813 815
813 816
813 817
814 812
814 813
814 815
815 812
815 813
815 814
816 817
816 812
816 813
817 816
817 812
817 813
818 896
818 1120
818 1127
818 1128
818 1129
818 906
818 1101
818 912
818 913
818 819
818 820
818 821
818 1107
818 1141
819 1120
819 1152
819 818
819 820
819 821
819 822
819 823
819 824
819 825
819 1141
820 818
820 819
820 821
821 896
821 897
821 898
821 906
821 887
821 818
821 819
821 820
821 822
821 823
821 826
821 827
821 828
821 829
822 832
822 819
822 821
822 823
822 824
822 825
822 826
822 827
822 830
822 831
823 819
823 821
823 822
824 1120
824 1152
824 834
824 835
824 1155
824 1157
824 1133
824 819
824 822
824 1175
824 825
824 1151
824 830
824 831
825 824
825 819
825 822
826 827
826 821
826 822
827 832
827 833
827 837
827 838
827 102
827 842
827 843
827 116
827 821
827 822
827 826
827 828
827 829
827 830
828 829
828 827
828 821
829 833
829 898
829 836
829 73
829 124
829 116
829 821
829 886
829 887
829 888
829 827
829 828
830 832
830 834
830 835
830 837
830 838
830 839
830 840
830 841
830 822
830 824
830 827
830 831
831 824
831 822
831 830
832 830
832 827
832 822
833 827
833 116
833 829
834 835
834 1155
834 1190
834 839
834 840
834 844
834 845
834 853
834 854
834 1175
834 824
834 830
835 824
835 834
835 830
836 124
836 116
836 829
837 838
837 827
837 830
838 837
838 102
838 839
838 841
838 843
838 846
838 847
838 849
838 850
838 851
838 827
838 830
839 834
839 838
839 840
839 841
839 844
839 845
839 846
839 847
839 848
839 830
840 834
840 830
840 839
841 838
841 830
841 839
842 827
842 116
842 102
843 102
843 827
843 838
844 834
844 839
844 845
844 847
844 848
844 853
844 854
844 857
844 858
844 861
844 862
844 863
845 834
845 844
845 839
846 847
846 838
846 839
847 866
847 867
847 838
847 839
847 231
847 874
847 875
847 844
847 846
847 848
847 849
847 851
847 857
847 858
848 844
848 847
848 839
849 866
849 867
849 868
849 102
849 838
849 422
849 847
849 80
849 850
849 851
849 852
849 855
850 849
850 102
850 838
851 849
851 838
851 847
852 80
852 849
852 102
853 834
853 1155
853 1189
853 1190
853 1191
853 1192
853 844
853 1212
853 1173
853 854
853 859
853 860
853 861
853 862
854 834
854 844
854 853
855 80
855 849
855 422
856 80
856 82
856 422
857 858
857 844
857 847
858 871
858 231
858 873
858 875
858 844
858 877
858 878
858 847
858 207
858 883
858 884
858 857
858 861
858 863
859 869
859 870
859 871
859 872
859 1189
859 1212
859 853
859 860
859 861
859 1214
860 859
860 861
860 853
861 871
861 872
861 873
861 844
861 853
861 858
861 859
861 860
861 862
861 863
862 861
862 844
862 853
863 858
863 844
863 861
864 82
864 413
864 422
865 82
865 77
865 413
866 849
866 867
866 847
867 866
867 868
867 422
867 231
867 874
867 847
867 879
867 849
867 880
867 218
868 849
868 867
868 422
869 1216
869 931
869 1189
869 870
869 871
869 1194
869 940
869 942
869 946
869 1207
869 859
869 1213
869 1214
869 1215
870 859
870 869
870 871
871 931
871 869
871 870
871 935
871 872
871 873
871 877
871 878
871 944
871 945
871 946
871 858
871 859
871 861
872 859
872 861
872 871
873 858
873 861
873 871
874 867
874 231
874 847
875 858
875 231
875 847
876 481
876 221
876 422
877 871
877 935
877 234
877 941
877 878
877 207
877 943
877 945
877 883
877 885
877 181
877 858
878 858
878 877
878 871
879 218
879 867
879 231
880 218
880 867
880 422
881 218
881 221
881 422
882 216
882 481
882 221
883 858
883 877
883 207
884 858
884 231
884 207
885 234
885 877
885 207
886 73
886 124
886 829
887 896
887 897
887 898
887 71
887 73
887 893
887 821
887 888
887 889
887 890
887 891
887 829
887 894
887 895
888 73
888 829
888 887
889 73
889 887
889 71
890 891
890 71
890 887
891 901
891 902
891 71
891 903
891 809
891 887
891 890
891 892
891 893
891 894
892 809
892 891
892 71
893 891
893 894
893 887
894 896
894 902
894 903
894 904
894 905
894 909
894 910
894 911
894 887
894 891
894 893
894 895
895 896
895 894
895 887
896 897
896 904
896 905
896 906
896 912
896 913
896 818
896 914
896 821
896 887
896 894
896 895
897 896
897 821
897 887
898 821
898 829
898 887
899 96
899 809
899 71
900 96
900 801
900 809
901 809
901 891
901 902
902 803
902 923
902 901
902 903
902 809
902 810
902 908
902 909
902 911
902 916
902 920
902 921
902 922
902 891
902 924
902 894
903 894
903 891
903 902
904 896
904 905
904 894
905 896
905 904
905 1097
905 1130
905 1132
905 909
905 910
905 912
905 1105
905 914
905 917
905 918
905 1142
905 1118
905 894
905 1119
906 896
906 818
906 821
907 96
907 801
907 413
908 809
908 803
908 902
909 902
909 905
909 910
909 911
909 926
909 917
909 918
909 923
909 924
909 925
909 894
909 927
910 905
910 909
910 894
911 902
911 909
911 894
912 896
912 1128
912 905
912 913
912 818
912 914
912 1107
912 1105
912 1117
912 1118
913 896
913 818
913 912
914 912
914 905
914 896
915 96
915 77
915 413
916 810
916 803
916 902
917 1153
917 905
917 1130
917 909
917 918
917 1142
917 925
917 926
918 905
918 909
918 917
919 810
919 805
919 198
920 921
920 810
920 902
921 930
921 902
921 935
921 936
921 937
921 810
921 175
921 920
921 922
921 923
922 921
922 923
922 902
923 931
923 932
923 902
923 935
923 936
923 938
923 909
923 921
923 922
923 924
923 926
923 927
924 923
924 909
924 902
925 926
925 917
925 909
926 1184
926 1153
926 1154
926 931
926 932
926 1130
926 939
926 940
926 909
926 1136
926 1169
926 1171
926 917
926 923
926 925
926 927
927 923
927 909
927 926
928 481
928 805
928 198
929 810
929 198
929 175
930 921
930 810
930 175
931 932
931 869
931 935
931 871
931 938
931 939
931 940
931 942
931 944
931 946
931 923
931 926
932 923
932 931
932 926
933 216
933 481
933 198
934 935
934 181
934 175
935 931
935 934
935 871
935 936
935 937
935 938
935 877
935 941
935 175
935 944
935 945
935 181
935 921
935 923
936 921
936 923
936 935
937 921
937 935
937 175
938 923
938 931
938 935
939 931
939 940
939 926
940 1184
940 1216
940 931
940 869
940 1194
940 939
940 1197
940 942
940 1169
940 926
941 877
941 181
941 935
942 931
942 940
942 869
943 234
943 877
943 181
944 931
944 871
944 935
945 871
945 877
945 935
946 931
946 869
946 871
947 948
947 949
947 950
948 947
948 949
948 950
948 951
948 952
948 953
948 954
948 955
948 956
949 947
949 948
949 950
950 947
950 948
950 949
950 955
950 956
950 957
950 958
951 960
951 948
951 952
951 953
951 959
952 953
952 948
952 951
953 960
953 948
953 951
953 952
953 954
953 955
953 959
954 953
954 955
954 948
955 948
955 950
955 953
955 954
955 956
955 957
955 958
956 955
956 948
956 950
957 955
957 958
957 950
958 955
958 957
958 950
959 960
959 953
959 951
960 959
960 953
960 951
961 962
961 963
961 964
962 961
962 963
962 964
962 965
962 966
963 961
963 962
963 964
964 961
964 962
964 963
964 965
964 966
965 962
965 964
965 966
966 962
966 964
966 965
967 968
967 969
967 970
968 967
968 969
968 970
968 971
968 972
969 968
969 970
969 967
970 967
970 968
970 969
970 971
970 972
971 968
971 970
971 972
972 968
972 970
972 971
973 996
973 997
973 1066
973 974
973 975
973 976
974 1060
974 997
974 1062
974 998
974 1063
974 1066
974 973
974 975
974 976
974 977
974 978
974 1054
975 976
975 973
975 974
976 996
976 997
976 998
976 999
976 1000
976 1001
976 973
976 974
976 975
976 977
976 978
976 1009
976 982
976 983
977 7
977 1044
977 1047
977 1051
977 1054
977 1059
977 1060
977 1061
977 1064
977 1065
977 974
977 976
977 978
977 979
977 980
977 981
977 982
977 983
977 986
977 987
977 988
977 991
978 976
978 977
978 974
979 993
979 994
979 995
979 1002
979 977
979 980
979 981
979 984
979 985
979 986
979 987
979 991
980 1058
980 1059
980 977
980 979
980 981
980 984
980 985
980 989
980 990
980 991
981 977
981 979
981 980
982 976
982 977
982 983
983 1000
983 1005
983 1007
983 976
983 977
983 1008
983 1009
983 982
983 987
983 988
984 992
984 993
984 979
984 980
984 985
984 989
984 990
984 991
985 984
985 979
985 980
986 977
986 979
986 987
987 994
987 1002
987 1003
987 1004
987 1005
987 1006
987 1007
987 977
987 979
987 983
987 986
987 988
988 977
988 987
988 983
989 984
989 980
989 990
990 992
990 1058
990 980
990 984
990 989
990 991
991 992
991 993
991 994
991 995
991 1024
991 1025
991 1026
991 1058
991 1059
991 1061
991 977
991 1010
991 979
991 1044
991 1045
991 980
991 984
991 990
992 984
992 990
992 991
993 984
993 979
993 991
994 1024
994 1025
994 995
994 1002
994 1003
994 1004
994 1038
994 979
994 987
994 991
995 994
995 979
995 991
996 976
996 997
996 973
997 996
997 998
997 999
997 1063
997 1066
997 973
997 974
997 976
998 1056
998 997
998 1062
998 999
998 1000
998 1001
998 1034
998 1063
998 1036
998 1037
998 974
998 976
998 1054
998 1022
999 976
999 997
999 998
1000 998
1000 1001
1000 1034
1000 1005
1000 1037
1000 976
1000 1008
1000 1009
1000 1043
1000 983
1001 976
1001 1000
1001 998
1002 994
1002 979
1002 987
1003 1025
1003 994
1003 1028
1003 1004
1003 1005
1003 1006
1003 1038
1003 1039
1003 1040
1003 987
1004 994
1004 1003
1004 987
1005 1028
1005 1031
1005 1000
1005 1034
1005 1003
1005 1006
1005 1007
1005 1008
1005 1040
1005 1041
1005 1042
1005 1043
1005 983
1005 987
1006 1003
1006 1005
1006 987
1007 987
1007 1005
1007 983
1008 1000
1008 1005
1008 983
1009 1000
1009 983
1009 976
1010 1025
1010 1026
1010 1027
1010 1011
1010 1012
1010 1013
1010 1044
1010 1045
1010 1046
1010 991
1011 1010
1011 1012
1011 1013
1011 1014
1011 1015
1011 1044
1011 1046
1011 1047
1011 1049
1011 1048
1012 1010
1012 1011
1012 1013
1013 1025
1013 1027
1013 1028
1013 1029
1013 1030
1013 1010
1013 1011
1013 1012
1013 1014
1013 1015
1013 1016
1013 1017
1014 1050
1014 1011
1014 1047
1014 1013
1014 1015
1014 1016
1014 1017
1014 1018
1014 1019
1014 1049
1015 1011
1015 1013
1015 1014
1016 1028
1016 1030
1016 1031
1016 1032
1016 1033
1016 1013
1016 1014
1016 1017
1016 1018
1016 1019
1016 1020
1016 1021
1016 1022
1016 1023
1017 1016
1017 1013
1017 1014
1018 1051
1018 1052
1018 1053
1018 1014
1018 1047
1018 1016
1018 1050
1018 1019
1018 1020
1018 1021
1019 1016
1019 1018
1019 1014
1020 1057
1020 1053
1020 1054
1020 1016
1020 1018
1020 1051
1020 1055
1020 1021
1020 1022
1020 1023
1021 1016
1021 1018
1021 1020
1022 1056
1022 1057
1022 998
1022 1031
1022 1033
1022 1034
1022 1035
1022 1036
1022 1016
1022 1020
1022 1054
1022 1023
1023 1016
1023 1020
1023 1022
1024 1025
1024 994
1024 991
1025 1024
1025 1026
1025 994
1025 1027
1025 1028
1025 1029
1025 1003
1025 1038
1025 1039
1025 1010
1025 1013
1025 991
1026 1025
1026 1010
1026 991
1027 1025
1027 1010
1027 1013
1028 1025
1028 1029
1028 1030
1028 1031
1028 1032
1028 1003
1028 1005
1028 1039
1028 1040
1028 1041
1028 1013
1028 1016
1029 1025
1029 1028
1029 1013
1030 1016
1030 1028
1030 1013
1031 1028
1031 1032
1031 1033
1031 1034
1031 1035
1031 1005
1031 1041
1031 1042
1031 1016
1031 1022
1032 1016
1032 1028
1032 1031
1033 1016
1033 1022
1033 1031
1034 998
1034 1031
1034 1000
1034 1035
1034 1036
1034 1037
1034 1005
1034 1042
1034 1043
1034 1022
1035 1034
1035 1022
1035 1031
1036 1034
1036 1022
1036 998
1037 1000
1037 1034
1037 998
1038 1025
1038 994
1038 1003
1039 1025
1039 1003
1039 1028
1040 1003
1040 1028
1040 1005
1041 1028
1041 1005
1041 1031
1042 1034
1042 1005
1042 1031
1043 1000
1043 1034
1043 1005
1044 1061
1044 1064
1044 977
1044 1010
1044 1011
1044 1045
1044 1046
1044 1047
1044 1048
1044 991
1045 1010
1045 1044
1045 991
1046 1010
1046 1011
1046 1044
1047 1050
1047 1064
1047 1065
1047 977
1047 1011
1047 1044
1047 1014
1047 1048
1047 1049
1047 1018
1047 1051
1047 1052
1048 1011
1048 1044
1048 1047
1049 1011
1049 1014
1049 1047
1050 1018
1050 1014
1050 1047
1051 7
1051 1065
1051 1052
1051 977
1051 1047
1051 1018
1051 1020
1051 1053
1051 1054
1051 1055
1052 1018
1052 1051
1052 1047
1053 1018
1053 1051
1053 1020
1054 1056
1054 1057
1054 1060
1054 998
1054 1062
1054 7
1054 974
1054 977
1054 1051
1054 1020
1054 1022
1054 1055
1055 1051
1055 1020
1055 1054
1056 1054
1056 998
1056 1022
1057 1020
1057 1022
1057 1054
1058 980
1058 990
1058 991
1059 977
1059 980
1059 991
1060 977
1060 974
1060 1054
1061 977
1061 1044
1061 991
1062 974
1062 998
1062 1054
1063 997
1063 974
1063 998
1064 977
1064 1044
1064 1047
1065 977
1065 1051
1065 1047
1066 997
1066 973
1066 974
1067 1088
1067 648
1067 1068
1067 1069
1067 1070
1067 1071
1067 1072
1067 1073
1067 635
1067 1085
1067 1086
1067 639
1068 648
1068 1067
1068 639
1069 1067
1069 635
1069 639
1070 648
1070 1067
1070 1071
1071 1088
1071 1091
1071 1092
1071 648
1071 1097
1071 1098
1071 1067
1071 1070
1071 1102
1071 1104
1071 1075
1071 1076
1071 1114
1071 1115
1071 1116
1071 1085
1072 1083
1072 1067
1072 1073
1072 1074
1072 630
1072 1081
1072 1082
1072 635
1072 1084
1072 1085
1072 1086
1072 1087
1073 1072
1073 1067
1073 635
1074 1072
1074 635
1074 630
1075 648
1075 1076
1075 1071
1076 1091
1076 1092
1076 1093
1076 646
1076 1094
1076 648
1076 1095
1076 1071
1076 1075
1076 1077
1076 1078
1076 1079
1077 648
1077 1076
1077 646
1078 1076
1078 646
1078 1079
1079 1089
1079 1090
1079 643
1079 646
1079 1094
1079 1095
1079 1096
1079 1076
1079 630
1079 1078
1079 1080
1079 1081
1080 1081
1080 630
1080 1079
1081 1094
1081 1096
1081 1100
1081 1101
1081 1072
1081 1107
1081 1109
1081 630
1081 1079
1081 1080
1081 1110
1081 1082
1081 1083
1081 1084
1082 1072
1082 1081
1082 630
1083 1072
1083 1081
1083 1084
1084 1097
1084 1099
1084 1072
1084 1105
1084 1106
1084 1107
1084 1108
1084 1109
1084 1081
1084 1083
1084 1085
1084 1087
1085 1088
1085 1097
1085 1098
1085 1067
1085 1099
1085 1071
1085 1072
1085 1084
1085 1086
1085 1087
1086 1072
1086 1067
1086 1085
1087 1072
1087 1084
1087 1085
1088 1067
1088 1085
1088 1071
1089 643
1089 630
1089 1079
1090 643
1090 646
1090 1079
1091 1092
1091 1093
1091 1094
1091 1102
1091 1071
1091 1103
1091 1104
1091 1076
1092 1091
1092 1076
1092 1071
1093 1091
1093 1076
1093 1094
1094 1113
1094 1091
1094 1093
1094 1095
1094 1096
1094 1100
1094 1101
1094 1102
1094 1103
1094 1076
1094 1111
1094 1079
1094 1112
1094 1081
1095 1076
1095 1094
1095 1079
1096 1081
1096 1094
1096 1079
1097 1122
1097 1123
1097 905
1097 1098
1097 1099
1097 1130
1097 1131
1097 1132
1097 1071
1097 1116
1097 1105
1097 1106
1097 1114
1097 1084
1097 1085
1097 1119
1098 1097
1098 1085
1098 1071
1099 1097
1099 1084
1099 1085
1100 1081
1100 1101
1100 1094
1101 1113
1101 1120
1101 1121
1101 1094
1101 1127
1101 1129
1101 1100
1101 818
1101 1107
1101 1110
1101 1112
1101 1081
1102 1091
1102 1125
1102 1094
1102 1126
1102 1146
1102 1147
1102 1133
1102 1071
1102 1104
1102 1103
1102 1135
1102 1148
1102 1143
1102 1111
1102 1112
1102 1114
1102 1115
1102 1144
1103 1094
1103 1091
1103 1102
1104 1091
1104 1102
1104 1071
1105 1097
1105 905
1105 912
1105 1106
1105 1107
1105 1108
1105 1084
1105 1117
1105 1118
1105 1119
1106 1097
1106 1105
1106 1084
1107 1127
1107 1128
1107 1101
1107 912
1107 1105
1107 818
1107 1108
1107 1109
1107 1110
1107 1081
1107 1084
1107 1117
1108 1105
1108 1107
1108 1084
1109 1081
1109 1107
1109 1084
1110 1081
1110 1107
1110 1101
1111 1112
1111 1102
1111 1094
1112 1120
1112 1121
1112 1094
1112 1101
1112 1102
1112 1133
1112 1134
1112 1135
1112 1111
1112 1113
1113 1112
1113 1101
1113 1094
1114 1122
1114 1123
1114 1124
1114 1125
1114 1126
1114 1097
1114 1102
1114 1071
1114 1115
1114 1116
1115 1114
1115 1102
1115 1071
1116 1097
1116 1114
1116 1071
1117 912
1117 1105
1117 1107
1118 912
1118 1105
1118 905
1119 1097
1119 1105
1119 905
1120 1152
1120 1121
1120 1129
1120 1101
1120 1133
1120 1134
1120 818
1120 819
1120 824
1120 1141
1120 1112
1120 1151
1121 1112
1121 1120
1121 1101
1122 1097
1122 1114
1122 1123
1123 1122
1123 1124
1123 1125
1123 1097
1123 1130
1123 1131
1123 1136
1123 1137
1123 1138
1123 1114
1124 1114
1124 1123
1124 1125
1125 1123
1125 1124
1125 1126
1125 1102
1125 1136
1125 1137
1125 1139
1125 1140
1125 1143
1125 1144
1125 1145
1125 1114
1126 1114
1126 1125
1126 1102
1127 818
1127 1107
1127 1101
1128 912
1128 818
1128 1107
1129 1120
1129 818
1129 1101
1130 1153
1130 1154
1130 1123
1130 1097
1130 905
1130 1131
1130 1132
1130 1136
1130 1138
1130 917
1130 1142
1130 926
1131 1097
1131 1130
1131 1123
1132 1097
1132 905
1132 1130
1133 1120
1133 1155
1133 1156
1133 1157
1133 1102
1133 1134
1133 1135
1133 824
1133 1112
1133 1146
1133 1147
1133 1151
1134 1112
1134 1120
1134 1133
1135 1112
1135 1133
1135 1102
1136 1154
1136 1123
1136 1125
1136 1130
1136 1162
1136 1163
1136 1137
1136 1138
1136 1139
1136 1140
1136 926
1136 1169
1136 1170
1136 1171
1136 1149
1136 1150
1137 1136
1137 1123
1137 1125
1138 1136
1138 1130
1138 1123
1139 1136
1139 1140
1139 1125
1140 1125
1140 1158
1140 1159
1140 663
1140 1167
1140 1136
1140 1168
1140 1139
1140 1181
1140 1143
1140 1176
1140 1145
1140 1178
1140 1182
1140 1149
1140 1150
1141 1120
1141 818
1141 819
1142 905
1142 1130
1142 917
1143 1185
1143 1186
1143 1187
1143 1125
1143 1158
1143 1159
1143 1160
1143 1161
1143 1102
1143 1140
1143 1172
1143 1173
1143 1144
1143 1145
1143 1146
1143 1148
1144 1125
1144 1102
1144 1143
1145 1140
1145 1125
1145 1143
1146 1155
1146 1156
1146 1133
1146 1102
1146 1172
1146 1173
1146 1174
1146 1143
1146 1147
1146 1148
1147 1146
1147 1133
1147 1102
1148 1146
1148 1102
1148 1143
1149 1162
1149 1163
1149 1164
1149 1165
1149 1166
1149 1167
1149 1136
1149 1168
1149 1140
1149 1150
1150 1136
1150 1140
1150 1149
1151 1120
1151 824
1151 1133
1152 1120
1152 824
1152 819
1153 1130
1153 917
1153 926
1154 1136
1154 1130
1154 926
1155 834
1155 1156
1155 1157
1155 1190
1155 1192
1155 1133
1155 1173
1155 1174
1155 1175
1155 824
1155 853
1155 1146
1156 1146
1156 1155
1156 1133
1157 824
1157 1155
1157 1133
1158 1159
1158 1160
1158 1161
1158 1140
1158 1143
1158 1176
1158 1177
1158 1178
1159 1140
1159 1158
1159 1143
1160 1161
1160 1158
1160 1143
1161 1185
1161 1187
1161 1158
1161 1160
1161 1201
1161 1203
1161 1204
1161 1143
1161 1176
1161 1177
1161 1210
1161 1180
1161 1208
1161 1207
1162 1136
1162 1163
1162 1149
1163 1162
1163 1194
1163 1164
1163 1165
1163 1195
1163 1196
1163 1136
1163 1169
1163 1170
1163 1179
1163 1180
1163 1149
1164 1163
1164 1149
1164 1165
1165 673
1165 677
1165 1193
1165 1163
1165 1164
1165 1166
1165 1167
1165 1198
1165 1199
1165 1179
1165 1180
1165 1149
1166 1149
1166 1165
1166 1167
1167 677
1167 679
1167 1165
1167 1166
1167 1199
1167 1168
1167 1200
1167 1140
1167 1181
1167 663
1167 1149
1167 1183
1168 1140
1168 1149
1168 1167
1169 1184
1169 1194
1169 1163
1169 940
1169 1195
1169 1197
1169 1136
1169 1170
1169 1171
1169 926
1170 1136
1170 1169
1170 1163
1171 1136
1171 1169
1171 926
1172 1146
1172 1173
1172 1143
1173 1185
1173 1186
1173 1155
1173 1188
1173 1189
1173 1191
1173 1192
1173 1172
1173 853
1173 1174
1173 1143
1173 1146
1174 1146
1174 1155
1174 1173
1175 824
1175 834
1175 1155
1176 1158
1176 1161
1176 1201
1176 1140
1176 1204
1176 1205
1176 663
1176 1206
1176 1177
1176 1178
1176 668
1176 1182
1177 1176
1177 1161
1177 1158
1178 1176
1178 1140
1178 1158
1179 1163
1179 1180
1179 1165
1180 673
1180 1193
1180 1194
1180 1163
1180 1196
1180 1165
1180 1161
1180 1211
1180 1201
1180 1202
1180 1203
1180 1207
1180 1208
1180 1179
1181 663
1181 1140
1181 1167
1182 1176
1182 1140
1182 663
1183 663
1183 679
1183 1167
1184 1169
1184 940
1184 926
1185 1186
1185 1187
1185 1188
1185 1189
1185 1209
1185 1161
1185 1173
1185 1143
1185 1207
1185 1210
1186 1185
1186 1173
1186 1143
1187 1161
1187 1185
1187 1143
1188 1185
1188 1173
1188 1189
1189 1185
1189 1188
1189 869
1189 1191
1189 853
1189 1173
1189 1207
1189 1209
1189 859
1189 1212
1189 1214
1189 1215
1190 834
1190 1155
1190 853
1191 853
1191 1173
1191 1189
1192 1155
1192 853
1192 1173
1193 673
1193 1180
1193 1165
1194 1216
1194 869
1194 1195
1194 1196
1194 1163
1194 940
1194 1197
1194 1169
1194 1207
1194 1211
1194 1180
1194 1213
1195 1169
1195 1194
1195 1163
1196 1194
1196 1163
1196 1180
1197 1169
1197 1194
1197 940
1198 673
1198 677
1198 1165
1199 1167
1199 1165
1199 677
1200 1167
1200 677
1200 679
1201 673
1201 668
1201 1217
1201 1218
1201 1161
1201 1202
1201 1203
1201 1204
1201 1205
1201 1176
1201 667
1201 1180
1202 1201
1202 673
1202 1180
1203 1161
1203 1201
1203 1180
1204 1176
1204 1201
1204 1161
1205 1176
1205 1201
1205 668
1206 1176
1206 668
1206 663
1207 1185
1207 1189
1207 869
1207 1161
1207 1194
1207 1208
1207 1209
1207 1210
1207 1211
1207 1180
1207 1213
1207 1215
1208 1161
1208 1180
1208 1207
1209 1185
1209 1189
1209 1207
1210 1185
1210 1161
1210 1207
1211 1194
1211 1180
1211 1207
1212 859
1212 853
1212 1189
1213 1194
1213 869
1213 1207
1214 859
1214 869
1214 1189
1215 869
1215 1189
1215 1207
1216 1194
1216 940
1216 869
1217 1201
1217 667
1217 668
1218 673
1218 1201
1218 667
