-0.000000 0.483566 -0.092776 -0.000024 -0.971062 -0.238826
0.034558 0.532962 -0.085372 0.101594 0.221932 -0.969755
0.035446 0.481750 -0.095220 0.014662 -0.977824 -0.208917
-0.000000 0.533098 -0.080513 0.000000 0.236240 -0.971695
-0.034558 0.532962 -0.085372 -0.101378 0.221991 -0.969764
-0.000000 0.571309 -0.071393 0.000000 0.251549 -0.967845
-0.034209 0.571243 -0.076371 -0.097924 0.253339 -0.962409
-0.033511 0.604315 -0.066826 -0.100120 0.301895 -0.948069
-0.062499 0.569232 -0.066694 -0.525647 0.222458 -0.821101
-0.061261 0.602922 -0.057175 -0.488617 0.265127 -0.831240
-0.089123 0.601780 -0.033539 -0.850360 0.169751 -0.498069
-0.062769 0.634022 -0.045901 -0.485090 0.177967 -0.856163
-0.085237 0.633152 -0.027265 -0.854809 0.078843 -0.512919
-0.087172 0.672414 -0.027741 -0.860164 -0.146093 -0.488647
-0.092376 0.633444 0.006712 -0.996437 0.079052 -0.029381
-0.093519 0.674842 0.004788 -0.995907 -0.085421 0.029524
0.087220 0.672414 -0.027741 0.860237 -0.146981 -0.488250
0.094677 0.713002 -0.031042 0.885303 -0.323110 -0.334422
0.099723 0.715753 -0.000101 0.958873 -0.258980 0.116155
0.083110 0.700155 -0.048884 0.548160 -0.259448 -0.795115
0.034431 0.671056 -0.054449 0.163755 -0.076873 -0.983501
0.036256 0.695775 -0.056173 -0.033203 -0.117681 -0.992496
0.000016 0.668904 -0.047141 0.000535 0.009667 -0.999953
-0.000000 0.694905 -0.049277 0.000258 -0.108715 -0.994073
-0.036049 0.695775 -0.056173 0.034042 -0.117420 -0.992499
-0.040397 0.738577 -0.061327 0.075909 -0.133767 -0.988101
-0.082824 0.739542 -0.059576 -0.327071 -0.205309 -0.922428
-0.044744 0.781519 -0.066881 0.003136 0.011819 -0.999925
-0.085014 0.784309 -0.063998 -0.209559 0.081413 -0.974401
-0.051234 0.823616 -0.060087 -0.129488 0.557944 -0.819714
-0.099595 0.822138 -0.049702 -0.097520 0.566682 -0.818145
-0.093852 0.842754 -0.023219 -0.009070 0.964190 -0.265057
-0.083078 0.700155 -0.048884 -0.547702 -0.260429 -0.795109
-0.094645 0.713002 -0.031042 -0.885280 -0.324140 -0.333485
-0.034098 0.671056 -0.054449 -0.162524 -0.076325 -0.983748
-0.033891 0.634817 -0.056088 -0.038977 0.177068 -0.983427
-0.000000 0.635596 -0.051351 -0.000103 0.262624 -0.964898
-0.000000 0.604757 -0.061956 -0.000000 0.298489 -0.954413
0.033511 0.604315 -0.066826 0.099969 0.301962 -0.948064
0.034209 0.571243 -0.076371 0.097924 0.253339 -0.962409
0.062499 0.569232 -0.066694 0.520712 0.222889 -0.824123
0.066767 0.530931 -0.074271 0.537703 0.215884 -0.815027
-0.030813 0.704781 0.081385 -0.151774 -0.107033 0.982603
0.008140 0.704781 0.084550 0.034008 -0.012159 0.999348
0.007537 0.718896 0.085452 0.006961 -0.157892 0.987432
-0.023578 0.675360 0.082382 -0.157316 -0.019787 0.987350
-0.058929 0.675270 0.072609 -0.513927 -0.043768 0.856717
-0.061643 0.638553 0.072571 -0.448179 0.051722 0.892446
-0.082396 0.676396 0.049955 -0.887901 0.010304 0.459919
-0.087569 0.635913 0.048740 -0.888359 0.111200 0.445480
-0.092313 0.600775 0.048926 -0.884212 0.086964 0.458918
-0.097406 0.601137 0.005979 -0.989093 0.141161 -0.042045
-0.102293 0.562760 0.004637 -0.988974 0.087944 0.119145
-0.089092 0.567110 -0.039042 -0.860790 0.127536 -0.492723
-0.091837 0.529679 -0.047798 -0.852458 0.171172 -0.493980
0.046283 0.739602 0.088054 0.187965 0.030035 0.981716
0.053170 0.794517 0.063174 0.220839 0.498318 0.838396
-0.000000 0.739602 0.089364 0.040484 0.130938 0.990564
0.090409 0.793803 0.055220 0.356089 0.403492 0.842849
0.073257 0.739602 0.077142 0.565071 -0.026589 0.824614
0.095930 0.748985 0.054228 0.820536 -0.185873 0.540530
0.065323 0.704781 0.073358 0.551862 -0.223324 0.803477
0.082444 0.710121 0.051323 0.849415 -0.179365 0.496309
0.058977 0.675270 0.072609 0.513309 -0.043950 0.857078
0.082491 0.676396 0.049955 0.888049 0.009022 0.459660
0.061643 0.638553 0.072571 0.464015 0.057802 0.883939
0.087569 0.635913 0.048740 0.888441 0.110165 0.445574
0.092313 0.600775 0.048926 0.883842 0.089471 0.459150
0.092376 0.633444 0.006712 0.996459 0.078598 -0.029875
0.097406 0.601137 0.005979 0.988577 0.144755 -0.041977
0.008155 0.675893 0.085106 0.044195 -0.007421 0.998995
0.008663 0.640308 0.083869 0.032005 -0.013293 0.999399
0.008616 0.602862 0.086493 0.021551 0.079487 0.996603
-0.060770 0.601901 0.077199 -0.418969 0.082664 0.904230
-0.060437 0.557999 0.080326 -0.433508 0.040066 0.900259
-0.094169 0.559437 0.046740 -0.882317 0.016456 0.470367
-0.092979 0.521975 0.050428 -0.844656 0.037376 0.534003
-0.107132 0.523926 0.006458 -0.355532 -0.014786 -0.934547
-0.112146 0.481933 0.009716 -0.257301 -0.746124 -0.614081
0.033812 0.634817 -0.056088 0.038835 0.176906 -0.983461
0.062769 0.634022 -0.045901 0.485554 0.177168 -0.856066
0.061261 0.602922 -0.057175 0.488617 0.265127 -0.831240
0.089123 0.601780 -0.033539 0.849056 0.179013 -0.497049
0.090361 0.567110 -0.039042 0.860061 0.129107 -0.493586
0.091837 0.529679 -0.047798 0.850341 0.167501 -0.498862
0.102579 0.562745 0.004637 0.988562 0.092103 0.119428
0.105514 0.524600 -0.006080 0.364994 -0.215759 0.905664
-0.000000 0.825175 -0.057997 -0.000021 0.221474 -0.975166
-0.000000 0.847194 -0.048847 -0.000000 0.517419 -0.855732
-0.000000 0.779105 -0.063126 -0.000142 -0.065054 -0.997882
-0.000000 0.739326 -0.055664 -0.000301 -0.163382 -0.986563
0.040222 0.738577 -0.061327 -0.075984 -0.133968 -0.988068
0.082761 0.739542 -0.059576 0.326812 -0.204916 -0.922607
0.016486 0.797358 0.069558 0.153261 0.472582 0.867858
-0.099643 0.715753 -0.000101 -0.958568 -0.259609 0.117267
-0.082317 0.710121 0.051323 -0.849832 -0.179432 0.495571
-0.095851 0.749015 0.054228 -0.820590 -0.186923 0.540085
-0.065276 0.704781 0.073358 -0.552825 -0.223927 0.802646
-0.073257 0.739602 0.077142 -0.565955 -0.027262 0.823985
-0.046283 0.739602 0.088054 -0.186303 0.027378 0.982111
-0.090409 0.793803 0.055220 -0.356628 0.403253 0.842735
-0.053170 0.794517 0.063174 -0.220936 0.502314 0.835984
-0.060928 0.824169 0.028646 -0.307598 0.749800 0.585818
-0.041682 0.817743 0.051241 -0.329104 0.602395 0.727193
0.044681 0.781519 -0.066881 -0.003230 0.011816 -0.999925
0.023641 0.675360 0.082382 0.204311 -0.012306 0.978829
0.060817 0.601901 0.077199 0.438830 0.081786 0.894840
0.060500 0.557999 0.080326 0.448962 0.038167 0.892735
0.094439 0.559467 0.046740 0.881432 0.018042 0.471967
0.093138 0.521975 0.050428 0.844665 0.035271 0.534131
0.107259 0.523911 0.006458 0.354244 -0.016494 -0.935008
0.112083 0.481903 0.009716 0.254232 -0.746615 -0.614762
0.032067 0.847013 -0.041531 0.407445 0.605097 -0.683993
0.051234 0.823616 -0.060087 0.129477 0.557942 -0.819717
-0.093773 0.833979 0.025243 0.054613 0.792203 0.607809
-0.060960 0.834834 0.003759 -0.242900 0.911602 0.331633
-0.106926 0.803201 0.040620 -0.349787 0.122528 0.928782
-0.110274 0.755060 0.023481 -0.677965 -0.476630 0.559631
-0.109052 0.737435 -0.004043 -0.567920 -0.823083 -0.000997
-0.118160 0.763085 -0.048053 -0.503597 -0.402102 -0.764660
-0.010488 0.739602 0.089124 -0.059642 0.131828 0.989477
0.109052 0.737435 -0.004043 0.568585 -0.822623 -0.001460
0.118160 0.763085 -0.048053 0.503433 -0.402020 -0.764811
0.085014 0.784309 -0.063998 0.209476 0.081296 -0.974428
-0.000000 0.865366 -0.039777 -0.000000 0.485221 -0.874392
-0.032067 0.847013 -0.041531 -0.407445 0.605097 -0.683993
0.027545 0.865412 -0.031574 0.532064 0.500396 -0.683017
0.036192 0.864180 -0.018663 0.706833 0.686502 -0.170592
0.085173 0.633152 -0.027265 0.854720 0.078484 -0.513122
-0.027545 0.865412 -0.031574 -0.532064 0.500396 -0.683017
-0.036192 0.864180 -0.018663 -0.706877 0.686424 -0.170725
-0.060214 0.842573 -0.021644 -0.265132 0.946731 -0.182769
0.110274 0.755060 0.023481 0.679283 -0.475706 0.558819
0.106942 0.803216 0.040620 0.349790 0.122890 0.928733
0.093773 0.833979 0.025243 -0.054727 0.792205 0.607796
0.060928 0.824169 0.028646 0.307563 0.749844 0.585780
0.060960 0.834834 0.003759 0.242777 0.911602 0.331725
-0.036287 0.857371 0.003602 -0.608631 0.722414 0.328155
-0.030861 0.842492 0.033344 -0.371516 0.679047 0.633144
0.060214 0.842573 -0.021644 0.265132 0.946731 -0.182769
0.036287 0.857356 0.003602 0.608428 0.722542 0.328250
0.030861 0.842492 0.033344 0.371539 0.679112 0.633060
0.041682 0.817743 0.051241 0.329104 0.602395 0.727194
-0.094153 0.485184 -0.056795 -0.168433 -0.980413 -0.102086
-0.108640 0.482849 -0.017314 -0.327455 -0.775867 0.539262
-0.068544 0.482697 -0.085607 -0.101099 -0.975038 -0.197687
-0.066831 0.530931 -0.074271 -0.537930 0.216288 -0.814770
0.030813 0.704781 0.081385 0.173260 -0.108548 0.978876
0.001111 0.521975 0.089670 0.979288 -0.119067 0.163763
0.007362 0.557953 0.089053 -0.167270 -0.930837 0.324904
-0.061040 0.522247 0.081004 -0.383232 -0.001773 0.923651
-0.062594 0.478637 0.078870 -0.687792 0.017607 0.725694
-0.091187 0.480606 0.051842 -0.686693 -0.008388 0.726899
0.105847 0.801979 -0.055845 0.200631 0.117605 -0.972582
0.099595 0.822138 -0.049702 0.097520 0.566682 -0.818145
0.093852 0.842754 -0.023219 0.009070 0.964190 -0.265057
0.091250 0.480591 0.051842 0.686926 -0.009832 0.726660
0.062674 0.478637 0.078870 0.687647 0.015948 0.725870
0.061119 0.522247 0.081004 0.399154 -0.003895 0.916875
0.014820 0.477920 0.088330 -0.606905 -0.784632 0.126563
0.010710 0.521975 0.089670 -0.977651 -0.058807 0.201840
-0.016486 0.797358 0.069558 -0.120595 0.441994 0.888875
0.093534 0.674842 0.004788 0.995832 -0.086400 0.029228
0.093947 0.841321 0.007896 -0.098354 0.967203 0.234191
0.094153 0.485184 -0.056795 0.168797 -0.980051 -0.104921
0.068481 0.482697 -0.085607 0.101907 -0.975370 -0.195624
0.109909 0.482818 -0.017314 0.331743 -0.776208 0.536142
-0.093947 0.841321 0.007896 0.098354 0.967203 0.234191
-0.105387 0.524615 -0.006080 -0.362296 -0.220217 0.905674
-0.105847 0.801979 -0.055845 -0.200631 0.117605 -0.972582
-0.035446 0.481750 -0.095220 -0.014705 -0.977810 -0.208977
-0.007822 0.477920 0.088330 0.510195 -0.855776 0.085725
-0.063864 0.795191 0.074163 0.000000 0.020294 0.999794
-0.055026 0.772181 0.069441 0.000000 -0.201026 0.979586
-0.058009 0.795191 0.074163 0.000000 0.252360 0.967634
-0.060881 0.772181 0.069441 0.000000 -0.201026 0.979586
-0.040317 0.857065 0.017756 0.000000 0.566662 0.823950
-0.045633 0.877942 0.006272 0.000000 0.755807 0.654795
-0.046172 0.857065 0.017756 0.000000 0.646508 0.762908
-0.039778 0.877942 0.006272 -0.015218 0.255354 -0.966728
-0.045823 0.833477 0.042167 0.000000 0.748161 0.663518
-0.051694 0.833477 0.042167 0.000000 0.775879 0.630882
-0.054661 0.818733 0.061972 0.000000 0.703995 0.710205
-0.060516 0.818733 0.061972 0.000000 0.587253 0.809403
-0.043475 0.896160 0.004566 -0.147760 -0.107002 0.983218
-0.046664 0.897839 0.004459 -0.054073 -0.192102 -0.979884
-0.041174 0.895823 0.004785 0.151357 0.038390 -0.987733
-0.043253 0.903330 0.004624 0.021475 0.009450 0.999725
-0.041143 0.904266 0.004974 0.123489 0.021755 -0.992107
-0.038889 0.896618 0.005015 0.092565 0.021944 -0.995465
0.011551 0.517455 0.083236 0.000000 -0.323258 0.946311
-0.011551 0.517455 0.083236 0.000000 -0.452522 0.891753
-0.000000 0.497574 0.059639 0.000000 -0.464382 0.885635
-0.015137 0.557802 0.086005 0.000000 -0.217926 0.975965
0.015137 0.557802 0.086005 0.000000 -0.235187 -0.971950
-0.015137 0.605929 0.081844 -0.320398 -0.157783 -0.934050
0.015137 0.605929 0.081844 0.954657 -0.244226 -0.170247
-0.014883 0.759042 0.074828 -0.480928 0.190608 0.855790
-0.046283 0.736490 0.083724 -0.610104 0.713889 -0.343709
-0.000000 0.739115 0.085034 0.000000 0.224255 0.974531
-0.053170 0.794517 0.058844 -0.353317 0.588384 0.727304
-0.010774 0.798012 0.066219 -0.324996 0.436816 0.838790
-0.060928 0.824169 0.024316 -0.325674 0.684298 0.652436
-0.019786 0.824410 0.050021 -0.268159 0.623650 0.734269
-0.060960 0.834834 -0.000565 -0.245838 0.776018 0.580826
-0.039857 0.841135 0.002942 -0.977066 -0.086807 0.194440
-0.060214 0.839993 -0.021644 0.248810 -0.954967 -0.161654
-0.032067 0.847013 -0.037513 -0.671608 -0.164835 -0.722338
0.030861 0.853982 0.019662 -0.024272 0.960976 0.275566
0.017263 0.839656 0.020186 0.013847 0.835007 0.550064
0.016168 0.846113 0.033457 -0.287898 0.957493 -0.017939
0.026529 0.846294 0.015151 -0.134307 0.689266 0.711951
0.033463 0.861887 0.005871 0.944772 0.226602 0.236766
0.032067 0.847013 -0.037513 0.671038 -0.164802 -0.722875
0.059944 0.839993 -0.021644 -0.251622 -0.954298 -0.161250
0.039857 0.841135 0.002942 0.976938 -0.086951 0.195017
0.060690 0.834834 -0.000565 0.247210 0.774892 0.581747
0.019786 0.824410 0.050021 0.269304 0.623166 0.734262
0.060675 0.824169 0.024316 0.327271 0.683928 0.652025
0.010773 0.798012 0.066219 0.325649 0.436649 0.838624
0.053043 0.794517 0.058844 0.354288 0.588515 0.726726
0.014883 0.759042 0.074828 0.481047 0.190603 0.855725
0.046283 0.736490 0.083724 0.610103 0.713879 -0.343732
-0.000000 0.836725 0.047708 0.000000 0.502879 0.864357
-0.010409 0.829187 0.036945 -0.394497 0.645647 0.653844
-0.005791 0.825436 0.050379 -0.187761 0.606581 0.772531
-0.000000 0.844081 0.037889 -0.000000 0.842595 0.538548
-0.000000 0.801371 0.071205 0.000010 0.476213 0.879330
-0.000000 0.829127 0.047417 -0.000000 0.352025 0.935991
0.005791 0.825436 0.050379 0.187768 0.606579 0.772532
0.010409 0.829187 0.036945 0.394497 0.645647 0.653844
-0.000000 0.834774 0.031036 -0.000039 0.873055 0.487622
-0.016168 0.846113 0.033457 0.287956 0.957469 -0.018300
-0.017263 0.839641 0.020186 -0.013485 0.834962 0.550142
-0.030861 0.853982 0.019666 0.024567 0.960928 0.275708
-0.026529 0.846294 0.015151 0.134677 0.688901 0.712234
-0.033463 0.861887 0.005871 -0.968663 0.192988 0.156358
0.032289 0.869409 -0.019643 0.843646 0.227754 -0.486199
-0.000000 0.761315 0.085943 0.000000 0.154544 0.987986
-0.032289 0.869409 -0.019643 -0.747501 0.240509 -0.619191
-0.000000 0.847194 -0.044831 -0.000000 0.519416 -0.854522
-0.000000 0.871425 -0.034277 0.091000 0.144357 -0.985333
0.033209 0.532947 -0.081997 -0.102094 -0.249720 0.962921
0.000016 0.533083 -0.077327 -0.000001 -0.260770 0.965401
-0.033177 0.532947 -0.081997 0.101678 -0.249821 0.962939
0.000016 0.571309 -0.068570 -0.000017 -0.242202 0.970226
-0.032828 0.571243 -0.073353 0.098055 -0.243935 0.964822
-0.032178 0.604315 -0.064181 0.099040 -0.266903 0.958621
-0.060024 0.569232 -0.064053 0.528483 -0.212955 0.821800
-0.058834 0.602922 -0.054908 0.490410 -0.244392 0.836523
-0.085601 0.601780 -0.032205 0.641230 -0.071764 0.763985
0.060056 0.569232 -0.064053 -0.523413 -0.213141 0.824991
0.088235 0.529679 -0.045555 -0.828456 -0.202563 0.522140
0.086839 0.567110 -0.037230 -0.839157 -0.127253 0.528794
0.064117 0.530916 -0.071267 -0.537998 -0.248031 0.805629
0.032876 0.571243 -0.073353 -0.098179 -0.243937 0.964809
0.032210 0.604315 -0.064181 -0.099101 -0.266924 0.958609
0.000016 0.604757 -0.059503 0.000000 -0.261635 0.965167
-0.064213 0.530916 -0.071267 0.538467 -0.248683 0.805115
-0.088203 0.529679 -0.045555 0.830663 -0.206282 0.517153
-0.085554 0.567110 -0.037230 0.840099 -0.125702 0.527667
-0.093550 0.601137 0.005755 -0.973982 0.223058 -0.040048
0.089505 0.521975 0.048682 -0.880157 -0.122190 -0.458686
-0.058580 0.522247 0.077799 -0.477738 0.020513 -0.878263
-0.057993 0.557999 0.077165 -0.889463 -0.009104 -0.456917
0.008282 0.602862 0.083096 -0.048127 -0.971634 0.231543
0.058184 0.557999 0.077165 -0.562315 -0.040170 -0.825947
0.058469 0.601901 0.074170 -0.898403 0.035693 0.437720
0.088695 0.600775 0.047008 0.458519 0.175108 -0.871262
0.058770 0.522247 0.077799 -0.224719 -0.000107 -0.974424
0.093582 0.601137 0.005755 0.972580 0.229087 -0.040085
0.090742 0.559467 0.044909 0.513650 -0.017468 -0.857822
0.058866 0.602922 -0.054908 -0.490410 -0.244392 0.836523
0.085633 0.601780 -0.032205 -0.639081 -0.097219 0.762971
-0.089282 0.521960 0.048682 -0.459894 -0.047937 0.886679
-0.058326 0.601901 0.074170 -0.418997 0.058636 0.906092
-0.088648 0.600775 0.047008 -0.963281 0.150600 0.222283
-0.090425 0.559422 0.044909 -0.957993 0.040802 0.283874
-0.137232 0.763894 0.026610 -0.176580 -0.564674 0.806202
-0.131187 0.801617 0.036631 -0.193424 0.215526 0.957150
-0.108608 0.834055 0.026949 -0.224019 0.691074 0.687191
-0.128267 0.822796 0.027116 -0.335589 0.684565 0.647110
-0.129187 0.829554 0.008705 -0.406517 0.871919 0.272948
-0.151528 0.815224 0.024768 -0.139786 0.671311 0.727875
-0.151099 0.822796 0.007548 -0.059284 0.964526 0.257245
-0.199842 0.820187 0.024624 0.049308 0.636870 0.769393
-0.200080 0.828152 0.009600 0.051129 0.939459 0.338827
-0.230211 0.815777 0.029842 -0.186520 0.553069 0.811988
-0.230338 0.827327 0.014979 -0.100062 0.921598 0.375026
-0.249441 0.817300 0.016751 -0.123240 0.681588 0.721283
-0.250251 0.827448 0.002283 -0.086129 0.971750 0.219735
-0.283016 0.824642 0.013236 0.050587 0.875408 0.480731
-0.364586 0.806283 -0.050379 0.067222 0.355681 -0.932187
-0.405936 0.790137 -0.054554 -0.584717 -0.121535 -0.802082
-0.406348 0.805901 -0.049948 -0.960106 0.026147 0.278410
-0.361604 0.776832 -0.045490 0.114593 -0.481099 -0.869145
-0.282016 0.808541 -0.044941 0.012065 0.499072 -0.866476
-0.281270 0.783364 -0.049442 0.023258 -0.642275 -0.766121
-0.248489 0.793682 -0.051224 0.067180 -0.036325 -0.997079
-0.247839 0.768792 -0.018959 -0.054219 -0.958393 -0.280256
-0.229180 0.788051 -0.047810 -0.100914 -0.365049 -0.925503
-0.228593 0.762994 -0.012924 -0.171377 -0.960930 -0.217354
-0.198351 0.774911 -0.048292 -0.142699 -0.564906 -0.812723
-0.197668 0.761818 -0.003960 -0.134684 -0.973581 0.184393
-0.160857 0.752907 -0.030251 -0.162399 -0.905554 -0.391916
-0.160270 0.754904 -0.006171 -0.234436 -0.929700 0.284073
-0.361032 0.819649 0.021427 0.020310 0.553317 0.832723
-0.404333 0.834618 0.002835 -0.545192 0.837541 -0.035938
-0.403777 0.825798 0.020430 -0.948084 0.216407 0.233035
-0.361492 0.833215 0.001405 0.046375 0.956710 0.287324
-0.283047 0.829585 -0.015313 0.089246 0.959727 -0.266380
-0.248235 0.825798 -0.014112 -0.104647 0.911754 -0.397182
-0.229545 0.831309 -0.007951 -0.091171 0.995661 -0.018620
-0.227386 0.828624 -0.026843 -0.181612 0.837404 -0.515530
-0.201397 0.829735 -0.022665 0.009500 0.969050 -0.246681
-0.199874 0.808968 -0.048175 -0.076509 0.438434 -0.895501
-0.157430 0.809290 -0.050510 0.000101 0.281016 -0.959703
-0.161032 0.772362 -0.049112 -0.003139 -0.394969 -0.918689
-0.137391 0.769129 -0.046661 -0.066152 -0.409548 -0.909887
-0.134296 0.807490 -0.047915 -0.089498 0.300037 -0.949720
-0.156240 0.822781 -0.040652 0.002958 0.751158 -0.660116
-0.152876 0.828378 -0.023109 -0.045874 0.985983 -0.160418
-0.132091 0.831963 -0.023707 -0.354622 0.930384 -0.092891
-0.110385 0.841532 0.008325 -0.207815 0.956419 0.205125
-0.282793 0.809215 0.030427 0.111987 0.318606 0.941249
-0.250980 0.803417 0.022778 -0.150856 0.216826 0.964484
-0.230528 0.794613 0.031551 -0.126542 -0.070649 0.989442
-0.198715 0.801109 0.031966 -0.009283 0.157655 0.987451
-0.155431 0.798213 0.032789 -0.086895 -0.014496 0.996112
-0.362064 0.834970 -0.032772 0.064273 0.928091 -0.366763
-0.406982 0.828363 -0.036968 -0.646684 0.439593 -0.623344
-0.405570 0.837917 -0.019559 -0.923619 -0.370052 0.099946
-0.248124 0.809351 -0.042852 0.040451 0.695931 -0.716969
-0.228878 0.809154 -0.041611 -0.093319 0.540574 -0.836105
-0.249124 0.785441 0.024605 -0.079050 -0.381298 0.921066
-0.248045 0.772166 0.010887 -0.084916 -0.920931 0.380363
-0.232448 0.771065 0.020294 -0.164978 -0.822482 0.544339
-0.282254 0.772940 0.014151 -0.004178 -0.831556 0.555425
-0.282571 0.788096 0.028082 -0.008522 -0.281095 0.959642
-0.362477 0.781976 0.021420 -0.027838 -0.670429 0.741451
-0.361762 0.800822 0.026957 -0.001374 0.000057 0.999999
-0.403556 0.803920 0.027433 -0.745076 0.125812 0.655006
-0.110369 0.843030 -0.023982 -0.198561 0.891610 -0.406945
-0.133376 0.821544 -0.040684 -0.181070 0.746032 -0.640820
-0.109703 0.821771 -0.049059 -0.182308 0.527191 -0.829960
-0.403016 0.762034 -0.036637 -0.554371 -0.781664 -0.285787
-0.404730 0.774725 -0.050350 -0.999544 -0.022657 0.019959
-0.360747 0.764015 -0.012366 0.073589 -0.996242 0.045686
-0.282000 0.765971 -0.012560 0.010371 -0.999084 0.041514
-0.377883 0.786386 -0.017530 -0.977395 0.143753 -0.155032
-0.402540 0.761682 -0.012067 -0.919081 -0.380564 0.102276
-0.378296 0.800455 -0.028711 -0.998558 -0.052166 0.012646
-0.377692 0.816109 -0.027456 -0.986975 0.003197 0.160842
-0.378264 0.821816 0.001475 -0.966776 -0.056938 0.249203
-0.377502 0.806635 0.010219 -0.913203 -0.406431 0.029549
-0.403032 0.779658 0.018262 -0.923940 -0.171557 0.341912
-0.159937 0.767862 0.024019 -0.163667 -0.691842 0.703255
-0.197573 0.782037 0.028244 -0.032424 -0.491007 0.870552
-0.378280 0.789559 0.003963 -0.980429 -0.177302 -0.085569
-0.448443 0.792214 0.005639 -0.034434 0.548132 0.835682
-0.438652 0.792048 0.009352 0.459578 0.711237 0.531911
-0.439954 0.791621 0.001132 0.987039 0.075964 -0.141362
-0.449966 0.769099 0.015499 0.349528 -0.145545 0.925552
-0.453314 0.784827 0.007362 -0.029787 0.277375 0.960300
-0.471227 0.788322 0.015298 -0.282874 -0.125415 0.950922
-0.455376 0.789956 0.007068 0.601078 -0.064187 0.796609
-0.460453 0.816491 0.010266 -0.334083 0.258802 0.906317
-0.450299 0.801552 0.005404 -0.118046 -0.992772 -0.021669
-0.437717 0.802944 0.013988 -0.917522 -0.397516 -0.011599
-0.449188 0.799525 -0.009812 -0.107559 -0.982915 0.149365
-0.427673 0.799585 -0.008136 -0.246024 -0.964687 0.094080
-0.448189 0.795970 -0.020829 -0.324866 -0.808331 -0.490982
-0.427006 0.789634 -0.026173 -0.043659 -0.983558 -0.175238
-0.445777 0.793114 -0.030212 0.018523 -0.827120 -0.561720
-0.426816 0.799877 -0.038610 0.136703 -0.349284 -0.926991
-0.452330 0.805368 -0.041430 -0.190640 0.073253 -0.978923
-0.459375 0.783258 -0.037421 -0.103477 -0.538871 -0.836008
-0.449664 0.787683 -0.029933 0.817906 0.195200 -0.541227
-0.449506 0.771492 -0.031769 0.607030 -0.481210 -0.632417
-0.446713 0.782741 -0.027889 -0.536067 0.755599 -0.376433
-0.436352 0.787241 -0.029241 0.180637 0.422977 -0.887953
-0.443508 0.789604 -0.027855 -0.411451 0.771435 -0.485382
-0.439589 0.790751 -0.023033 -0.021980 0.459655 0.887826
-0.452631 0.772774 -0.023572 -0.541196 -0.215716 0.812756
-0.465134 0.787548 -0.028869 -0.979867 0.023638 -0.198248
-0.458581 0.816124 -0.031594 -0.675301 0.395608 -0.622466
-0.438081 0.790504 -0.011184 0.477598 0.112705 -0.871320
-0.447379 0.789619 -0.008039 -0.500976 0.856644 -0.123224
-0.438288 0.790630 -0.002671 -0.073509 0.668378 0.740181
-0.451409 0.784159 -0.007167 -0.497104 0.834375 -0.238130
-0.451632 0.764578 -0.008550 -0.060168 -0.521194 -0.851315
-0.455043 0.789665 -0.008287 0.962441 0.264335 -0.061922
-0.473877 0.786140 -0.013387 -0.520068 -0.162939 -0.838439
-0.461675 0.821343 -0.018448 -0.651478 0.527556 -0.545217
-0.472401 0.786597 -0.015293 -0.834093 -0.296256 -0.465319
-0.452806 0.786125 -0.019195 0.718761 0.252231 -0.647891
-0.453504 0.769204 -0.010704 0.710848 -0.458607 0.533269
-0.451314 0.782464 -0.018215 0.357810 0.313868 -0.879465
-0.439224 0.790172 -0.013194 0.430010 -0.857685 0.281900
-0.447379 0.789267 -0.019058 -0.830546 -0.555526 -0.039801
-0.432084 0.817502 0.012492 -0.158666 0.773548 0.613554
-0.461818 0.821635 -0.003773 -0.727728 0.650175 0.218366
-0.427673 0.824838 0.001687 -0.006445 0.996619 0.081909
-0.426213 0.818019 -0.030190 0.088358 0.715387 -0.693119
-0.451457 0.764674 0.001917 0.423494 -0.158864 0.891860
-0.474305 0.786889 -0.001272 -0.434605 -0.258894 0.862608
-0.473813 0.786949 0.001917 -0.589220 -0.118109 -0.799294
-0.451902 0.768058 0.003462 -0.559411 -0.752844 -0.346822
-0.391639 0.816521 -0.027424 0.050277 0.662431 -0.747434
-0.392274 0.800868 -0.028677 0.100754 -0.331058 -0.938216
-0.392195 0.822243 0.001506 0.111242 0.918283 0.379975
-0.391465 0.807063 0.010254 0.240989 0.162449 0.956836
-0.392274 0.789986 0.003994 0.093935 -0.836347 0.540092
-0.391877 0.786814 -0.017494 -0.083666 -0.987884 -0.130707
-0.413774 0.810618 0.018826 0.267786 0.478904 0.836027
-0.433575 0.809366 0.024920 -0.271904 0.529095 0.803820
-0.413948 0.793557 0.020034 0.488769 -0.288262 0.823414
-0.428593 0.783274 0.029580 0.362405 -0.553863 0.749599
-0.426340 0.782509 0.012061 0.086465 -0.947762 -0.307037
-0.445079 0.775796 0.013849 0.177260 -0.229105 -0.957126
-0.438050 0.788322 -0.021159 0.451736 -0.759141 -0.468657
-0.450759 0.766760 -0.020717 0.108211 -0.580281 -0.807195
-0.469434 0.783611 -0.025833 -0.378524 -0.201626 -0.903364
-0.454043 0.783731 0.022255 -0.836914 0.445977 0.317301
-0.446443 0.772468 0.025603 0.152645 -0.763366 0.627672
-0.462659 0.767082 0.009062 -0.853625 0.276761 -0.441279
-0.457534 0.760918 0.011622 0.080226 -0.969512 -0.231540
-0.451441 0.769144 0.007918 0.556014 -0.385119 -0.736567
0.448443 0.792214 0.005639 0.545815 0.737367 -0.397965
0.439954 0.791621 0.001132 -0.346897 0.511155 -0.786374
0.438652 0.792048 0.009352 -0.570813 0.422836 0.703834
0.451901 0.768058 0.003462 -0.136765 -0.381641 -0.914137
0.453314 0.784827 0.007362 0.139933 0.754798 0.640858
0.473813 0.786949 0.001917 0.840178 -0.517243 -0.162971
0.455376 0.789956 0.007068 -0.863555 0.066750 0.499817
0.461818 0.821635 -0.003773 0.835224 0.546446 -0.061633
0.450299 0.801552 0.005406 0.035822 -0.806713 0.589856
0.449188 0.799525 -0.009812 0.107552 -0.982916 0.149362
0.437717 0.802944 0.013988 0.917527 -0.397504 -0.011580
0.427673 0.799585 -0.008136 0.246024 -0.964687 0.094080
0.426340 0.782509 0.012061 -0.086465 -0.947762 -0.307037
0.392274 0.789986 0.003994 -0.098742 -0.921188 0.376380
0.413948 0.793557 0.020034 -0.488769 -0.288262 0.823414
0.391465 0.807063 0.010254 -0.236458 0.006431 0.971620
0.439589 0.790751 -0.023033 0.390040 0.743751 0.542867
0.443508 0.789604 -0.027855 0.532084 0.690269 -0.490322
0.436352 0.787241 -0.029237 -0.964762 0.017345 -0.262552
0.446713 0.782741 -0.027889 0.512694 0.838072 -0.186495
0.452631 0.772774 -0.023572 0.039492 -0.153140 0.987415
0.449664 0.787683 -0.029930 -0.794507 0.024311 -0.606769
0.465134 0.787548 -0.028869 0.945262 -0.326299 0.002868
0.445777 0.793114 -0.030212 0.176478 -0.842561 -0.508867
0.458581 0.816124 -0.031594 0.753521 0.323790 -0.572160
0.448189 0.795970 -0.020829 0.303753 -0.939075 -0.160851
0.469434 0.783611 -0.025833 0.314523 -0.475311 -0.821678
0.452806 0.786125 -0.019195 -0.938915 0.330516 0.095903
0.450759 0.766760 -0.020717 -0.602068 -0.453833 -0.656924
0.451314 0.782464 -0.018215 0.275539 0.933912 -0.227785
0.438050 0.788322 -0.021159 -0.147577 -0.659593 -0.736992
0.447379 0.789287 -0.019058 0.830518 -0.555625 -0.038987
0.439224 0.790172 -0.013194 -0.179623 -0.436912 0.881387
0.453504 0.769204 -0.010704 0.182390 -0.238330 0.953904
0.472401 0.786597 -0.015293 0.988503 0.105217 0.108592
0.461675 0.821343 -0.018448 0.665846 0.549906 -0.504235
0.473877 0.786140 -0.013387 0.425853 -0.448606 -0.785749
0.455043 0.789665 -0.008287 -0.962441 0.264335 -0.061922
0.451632 0.764578 -0.008550 -0.403687 -0.421805 -0.811861
0.451409 0.784159 -0.007167 0.497104 0.834375 -0.238130
0.438081 0.790504 -0.011184 -0.070490 0.346914 -0.935244
0.447379 0.789619 -0.008039 0.500976 0.856644 -0.123224
0.454043 0.783731 0.022255 0.793033 0.601937 0.093648
0.428593 0.783274 0.029580 -0.362405 -0.553863 0.749599
0.446443 0.772468 0.025603 -0.152645 -0.763366 0.627672
0.433575 0.809366 0.024920 0.271904 0.529095 0.803820
0.432084 0.817502 0.012492 0.158560 0.731121 0.663567
0.460453 0.816491 0.010266 0.279455 0.406219 0.869995
0.427673 0.824838 0.001687 0.013847 0.991610 0.128523
0.474305 0.786889 -0.001272 0.514517 0.069101 0.854692
0.451457 0.764674 0.001917 0.135747 -0.266406 0.954254
0.438288 0.790630 -0.002671 -0.376565 0.480081 0.792289
0.426213 0.818019 -0.030190 -0.056911 0.794740 -0.604276
0.391639 0.816521 -0.027424 -0.099960 0.708155 -0.698945
0.392195 0.822243 0.001506 -0.086989 0.882615 0.461978
0.377661 0.816521 -0.027424 0.996497 0.031745 -0.077364
0.378216 0.822243 0.001506 0.977292 -0.209018 -0.034822
0.377486 0.807063 0.010251 0.995244 -0.096631 -0.012343
0.378295 0.789986 0.003994 0.993643 0.108527 -0.029941
0.377899 0.786814 -0.017494 0.994027 -0.075744 0.078567
0.391877 0.786814 -0.017494 0.026655 -0.925376 -0.378112
0.378295 0.800868 -0.028677 0.986347 -0.160956 0.034833
0.392274 0.800868 -0.028677 -0.110167 -0.215284 -0.970318
0.452330 0.805368 -0.041430 -0.119008 -0.050928 -0.991586
0.459375 0.783258 -0.037421 0.111514 -0.162388 -0.980405
0.449506 0.771492 -0.031769 0.380375 -0.453070 -0.806252
0.426816 0.799877 -0.038610 -0.136733 -0.329913 -0.934056
0.413774 0.810618 0.018826 -0.267786 0.478904 0.836027
0.471227 0.788322 0.015298 0.352987 0.102905 0.929952
0.449966 0.769099 0.015499 -0.204175 -0.301104 0.931477
0.451441 0.769144 0.007918 -0.441602 -0.104458 -0.891109
0.457534 0.760918 0.011622 -0.080226 -0.969512 -0.231540
0.445079 0.775796 0.013849 -0.276036 -0.472032 -0.837252
0.427006 0.789634 -0.026173 0.108925 -0.993805 -0.022082
0.462659 0.767082 0.009062 0.983329 -0.130034 -0.127103
0.137232 0.763894 0.026610 0.176568 -0.564665 0.806212
0.131187 0.801617 0.036631 0.193424 0.215499 0.957156
0.155431 0.798213 0.032789 0.086891 -0.014606 0.996111
0.151528 0.815239 0.024768 0.139707 0.671381 0.727825
0.198715 0.801109 0.031966 0.009311 0.157588 0.987461
0.199842 0.820187 0.024624 -0.049253 0.636974 0.769310
0.230528 0.794613 0.031551 0.126473 -0.070622 0.989453
0.230211 0.815777 0.029842 0.186488 0.553091 0.811981
0.250980 0.803417 0.022781 0.150819 0.216917 0.964469
0.249441 0.817300 0.016751 0.123238 0.681603 0.721269
0.282793 0.809215 0.030427 -0.111952 0.318674 0.941230
0.283016 0.824642 0.013236 -0.050581 0.875396 0.480752
0.361032 0.819649 0.021427 -0.020308 0.553326 0.832717
0.361492 0.833215 0.001405 -0.046374 0.956709 0.287328
0.248489 0.793682 -0.051224 -0.067180 -0.036325 -0.997079
0.281270 0.783364 -0.049442 -0.023255 -0.642279 -0.766118
0.247839 0.768792 -0.018959 0.054213 -0.958393 -0.280256
0.282016 0.808541 -0.044941 -0.012055 0.499088 -0.866467
0.248124 0.809351 -0.042852 -0.040451 0.695931 -0.716969
0.248235 0.825798 -0.014112 0.104720 0.911754 -0.397163
0.228878 0.809154 -0.041611 0.093377 0.540522 -0.836132
0.227403 0.828624 -0.026841 0.181723 0.837378 -0.515534
0.199874 0.808968 -0.048175 0.076526 0.438424 -0.895504
0.201397 0.829735 -0.022665 -0.009493 0.969050 -0.246680
0.157430 0.809290 -0.050510 -0.000101 0.281016 -0.959703
0.156240 0.822781 -0.040652 -0.002958 0.751158 -0.660116
0.134296 0.807490 -0.047915 0.089498 0.300037 -0.949720
0.133376 0.821544 -0.040684 0.181070 0.746032 -0.640820
0.109703 0.821771 -0.049059 0.182308 0.527191 -0.829960
0.110369 0.843030 -0.023982 0.198561 0.891610 -0.406945
0.160857 0.752907 -0.030251 0.162400 -0.905554 -0.391917
0.197668 0.761818 -0.003960 0.134682 -0.973581 0.184393
0.160270 0.754904 -0.006171 0.234436 -0.929700 0.284073
0.198350 0.774911 -0.048292 0.142702 -0.564909 -0.812720
0.161032 0.772362 -0.049112 0.003140 -0.394969 -0.918689
0.137391 0.769129 -0.046661 0.066152 -0.409548 -0.909887
0.110385 0.841532 0.008325 0.207815 0.956419 0.205125
0.362064 0.834970 -0.032772 -0.064280 0.928087 -0.366773
0.404333 0.834618 0.002835 0.537270 0.842454 -0.040147
0.405570 0.837917 -0.019561 0.917149 -0.385110 0.102607
0.283047 0.829585 -0.015309 -0.089238 0.959736 -0.266353
0.250251 0.827448 0.002286 0.086128 0.971741 0.219776
0.230338 0.827327 0.014979 0.100053 0.921593 0.375041
0.200080 0.828152 0.009600 -0.051144 0.939458 0.338826
0.151115 0.822796 0.007548 0.059255 0.964578 0.257056
0.129187 0.829554 0.008705 0.406373 0.872005 0.272888
0.128267 0.822796 0.027116 0.335387 0.684624 0.647152
0.361604 0.776832 -0.045490 -0.114596 -0.481105 -0.869141
0.405936 0.790137 -0.054554 0.584585 -0.121966 -0.802113
0.404730 0.774725 -0.050350 0.999554 -0.024968 0.016401
0.364586 0.806283 -0.050379 -0.067228 0.355687 -0.932184
0.229545 0.831309 -0.007951 0.091180 0.995661 -0.018578
0.403777 0.825798 0.020430 0.949240 0.213473 0.231027
0.403555 0.803920 0.027433 0.745057 0.125234 0.655139
0.361762 0.800822 0.026957 0.001386 0.000058 0.999999
0.362477 0.781976 0.021420 0.027841 -0.670429 0.741451
0.282571 0.788096 0.028084 0.008549 -0.281085 0.959645
0.282254 0.772940 0.014151 0.004209 -0.831577 0.555394
0.249124 0.785441 0.024609 0.079035 -0.381278 0.921076
0.248045 0.772166 0.010890 0.084923 -0.920937 0.380347
0.232448 0.771065 0.020296 0.164938 -0.822481 0.544354
0.108608 0.834055 0.026949 0.224077 0.691112 0.687134
0.132091 0.831963 -0.023707 0.354587 0.930396 -0.092908
0.152876 0.828378 -0.023109 0.045875 0.985980 -0.160431
0.406348 0.805901 -0.049948 0.959310 0.026143 0.281141
0.406982 0.828363 -0.036968 0.643567 0.439968 -0.626298
0.229180 0.788051 -0.047810 0.100903 -0.365058 -0.925500
0.228593 0.762994 -0.012922 0.171370 -0.960934 -0.217345
0.197573 0.782037 0.028244 0.032414 -0.490996 0.870558
0.159937 0.767862 0.024019 0.163667 -0.691842 0.703255
0.282000 0.765971 -0.012560 -0.010367 -0.999084 0.041518
0.360747 0.764015 -0.012363 -0.073585 -0.996241 0.045706
0.403016 0.762034 -0.036637 0.555472 -0.781146 -0.285065
0.402540 0.761682 -0.012067 0.991535 0.128946 -0.015212
0.403032 0.779658 0.018262 0.644477 -0.643640 0.412768
-0.078287 0.606326 0.018044 0.873347 -0.479876 -0.083567
-0.091694 0.559819 -0.008695 -0.929162 -0.066794 0.363589
-0.071480 0.606527 -0.020165 0.959538 -0.232836 -0.158349
-0.078683 0.556827 -0.031583 -0.552673 0.032035 -0.832783
-0.034288 0.606527 -0.035430 -0.844549 -0.518227 -0.134827
-0.033558 0.551331 -0.052047 -0.109151 -0.975328 -0.191891
-0.000000 0.550114 -0.048937 0.000000 -0.028226 -0.999602
-0.032352 0.534350 -0.055434 -0.103760 0.028583 -0.994192
-0.000000 0.515745 -0.043759 0.000000 -0.205336 -0.978692
-0.030369 0.514694 -0.054520 -0.109603 0.047583 -0.992836
-0.029163 0.478485 -0.053875 0.487515 -0.119820 -0.864854
-0.076478 0.489166 -0.043247 -0.475756 0.033129 -0.878953
-0.030036 0.452102 -0.052880 0.393258 -0.015252 -0.919302
-0.077636 0.454024 -0.042392 -0.561474 0.034902 -0.826758
-0.031940 0.394864 -0.054580 0.398263 -0.011359 -0.917201
-0.077842 0.396085 -0.046228 -0.587188 -0.009636 -0.809393
-0.000000 0.485428 -0.000791 -0.333335 -0.418857 -0.844658
0.001190 0.452422 -0.000737 0.934943 -0.056073 -0.350338
-0.002904 0.452849 0.049442 0.888520 -0.153158 0.432522
-0.035066 0.454146 0.069513 0.455543 -0.195243 0.868540
-0.007346 0.405118 0.040960 0.786074 -0.106697 0.608855
-0.032130 0.399228 0.060265 0.485201 -0.087095 0.870054
-0.032844 0.323878 0.053650 0.523662 -0.200255 0.828056
-0.061040 0.395825 0.074451 -0.229892 -0.079483 0.969965
-0.061341 0.322917 0.066321 -0.230322 -0.256075 0.938817
-0.089219 0.326350 0.031661 -0.915631 -0.069090 0.396039
-0.058406 0.301508 0.057507 -0.015126 -0.245016 0.969401
-0.092345 0.292139 0.027758 -0.848099 0.038896 0.528409
-0.056010 0.286035 0.057841 -0.061882 -0.069852 0.995636
-0.069766 0.271691 0.054789 -0.066191 -0.217961 0.973710
-0.015375 0.290979 0.031746 0.803819 -0.228143 0.549387
-0.050837 0.299066 -0.051055 -0.023404 0.113118 -0.993306
-0.034732 0.338069 -0.051573 0.355875 -0.060874 -0.932549
-0.003554 0.293695 -0.007238 0.943936 -0.094265 -0.316385
-0.070210 0.337688 -0.046124 -0.512636 -0.059242 -0.856560
-0.093550 0.297083 -0.017769 -0.953869 0.017856 -0.299691
-0.095502 0.332087 -0.015888 -0.939517 -0.050111 -0.338815
-0.098485 0.401929 -0.013051 -0.995353 -0.041580 -0.086851
-0.090012 0.403257 0.036986 -0.884161 -0.075774 0.460997
-0.095375 0.455306 0.041827 -0.903028 -0.039183 0.427791
-0.062166 0.455352 0.076941 -0.244831 -0.088919 0.965480
-0.062912 0.499741 0.074948 -0.718882 -0.140404 0.680805
-0.026021 0.508318 0.080714 0.514110 -0.360949 0.778079
-0.065292 0.555087 0.066655 0.525606 -0.108758 -0.843748
-0.015137 0.557802 0.081483 0.904066 -0.427337 0.006878
-0.058755 0.606527 0.064801 0.813937 -0.259798 -0.519626
-0.097882 0.266488 -0.021604 -0.846958 0.040012 -0.530152
-0.092202 0.262688 0.021520 -0.881882 -0.300943 0.362928
-0.092376 0.242897 -0.025146 -0.931168 -0.092990 -0.352532
-0.082301 0.245140 0.020584 -0.806277 -0.156326 0.570508
-0.100722 0.117710 -0.038619 -0.964423 0.069807 -0.254981
-0.097184 0.116856 0.008164 -0.833876 -0.191055 0.517831
-0.095391 0.084186 -0.053815 -0.947716 0.044742 -0.315963
-0.082507 0.093982 0.002957 -0.901454 -0.095667 0.422172
-0.100437 0.052950 0.004401 -0.900957 0.208739 0.380401
-0.059437 0.101169 0.035544 -0.263311 -0.019770 0.964508
-0.056581 0.070986 0.032187 0.198755 0.452256 0.869460
-0.015835 0.091251 0.000354 0.843821 0.017643 0.536335
-0.014407 0.045946 0.007196 0.872320 0.073776 0.483337
-0.003189 0.039842 -0.038769 0.975483 -0.045246 -0.215372
0.026021 0.508318 0.080714 -0.114114 -0.124435 0.985644
0.062912 0.499741 0.074946 0.382866 0.047158 0.922600
0.065292 0.555087 0.066655 -0.843398 -0.061393 0.533770
0.062166 0.455352 0.076941 0.244851 -0.088898 0.965477
0.035066 0.454146 0.069513 -0.455554 -0.195226 0.868537
0.032130 0.399228 0.060268 -0.485198 -0.087089 0.870057
0.007346 0.405118 0.040960 -0.835441 -0.103613 0.539725
0.032844 0.323878 0.053650 -0.523661 -0.200266 0.828054
0.009552 0.326076 0.034828 -0.853894 -0.183328 0.487090
0.058406 0.301508 0.057507 0.015126 -0.245016 0.969401
0.015375 0.290979 0.031746 -0.803815 -0.228143 0.549393
0.056010 0.286035 0.057841 0.061882 -0.069852 0.995636
0.069766 0.271691 0.054789 0.066224 -0.217906 0.973720
0.092345 0.292139 0.027758 0.848098 0.038896 0.528410
0.092202 0.262688 0.021520 0.881887 -0.300937 0.362921
0.093550 0.297083 -0.017765 0.953871 0.017849 -0.299685
0.078287 0.606326 0.018044 -0.873347 -0.479876 -0.083567
0.071480 0.606527 -0.020165 -0.959538 -0.232836 -0.158349
0.091694 0.559819 -0.008695 -0.405101 -0.239283 0.882404
0.078683 0.556827 -0.031583 -0.055357 -0.148102 -0.987421
0.096153 0.532550 -0.009533 0.986381 0.151001 0.065207
0.076399 0.536060 -0.033762 0.620801 0.110045 -0.776207
0.076811 0.518023 -0.038293 0.480155 0.142626 -0.865511
0.032352 0.534350 -0.055434 0.136301 0.060740 -0.988804
0.030369 0.514694 -0.054520 0.043361 0.008242 -0.999025
0.029163 0.478485 -0.053875 -0.269443 -0.128905 -0.954350
0.030036 0.452102 -0.052880 -0.408626 0.008343 -0.912664
-0.001190 0.452422 -0.000737 -0.961592 -0.061268 -0.267556
0.031940 0.394864 -0.054580 -0.495342 -0.026179 -0.868304
0.002110 0.402845 -0.005883 -0.989289 -0.035600 -0.141562
0.050837 0.299066 -0.051052 0.023407 0.113140 -0.993303
0.003554 0.293695 -0.007234 -0.943940 -0.094269 -0.316372
0.034732 0.338069 -0.051573 -0.465944 -0.067937 -0.882202
0.020167 0.266213 -0.038929 -0.782870 0.032773 -0.621322
0.051408 0.268365 -0.060982 0.042116 0.116943 -0.992245
0.051059 0.243645 -0.059009 -0.006086 -0.046851 -0.998883
0.097882 0.266488 -0.021604 0.846960 0.040040 -0.530147
0.092376 0.242897 -0.025146 0.931168 -0.092990 -0.352532
0.082301 0.245140 0.020584 0.806279 -0.156357 0.570496
0.052424 0.260537 0.050271 -0.048844 -0.201667 0.978235
0.051297 0.244087 0.047344 -0.115183 -0.151949 0.981654
0.019231 0.238792 0.021590 -0.848451 -0.039087 0.527829
0.015422 0.137883 0.006388 -0.770067 -0.084204 0.632382
0.004300 0.147222 -0.035870 -0.962057 0.073832 -0.262669
0.015835 0.091251 0.000354 -0.843821 0.017643 0.536335
0.056581 0.070986 0.032187 -0.198755 0.452256 0.869460
0.014407 0.045946 0.007196 -0.882598 0.028261 0.469278
0.036827 0.050188 0.042666 -0.337210 -0.337956 0.878678
0.059437 0.101169 0.035544 0.263311 -0.019770 0.964508
0.055105 0.131779 0.030455 -0.012978 -0.026613 0.999562
0.097184 0.116856 0.008164 0.833876 -0.191055 0.517831
0.100722 0.117710 -0.038619 0.964423 0.069807 -0.254981
0.052011 0.147679 -0.074166 0.096208 0.174372 -0.979969
0.010805 0.240456 -0.019483 -0.953240 0.039087 -0.299676
0.013582 0.263924 -0.013174 -0.994708 -0.102640 0.004688
-0.003760 0.332240 -0.004287 0.980331 -0.047716 -0.191503
-0.013582 0.263924 -0.013174 0.994708 -0.102640 0.004684
-0.018326 0.258965 0.021313 0.865436 0.031558 0.500024
-0.010805 0.240456 -0.019483 0.953240 0.039087 -0.299676
-0.019231 0.238792 0.021590 0.848448 -0.039052 0.527837
-0.004300 0.147222 -0.035870 0.962057 0.073832 -0.262669
-0.015422 0.137883 0.006388 0.770067 -0.084204 0.632382
-0.055105 0.131779 0.030455 0.012978 -0.026613 0.999562
0.098993 0.508238 -0.005927 0.990595 0.097294 -0.096209
0.076478 0.489166 -0.043247 0.584511 0.047486 -0.809995
0.100548 0.455535 -0.008589 0.971812 0.018415 -0.235035
0.077636 0.454024 -0.042392 0.566659 0.015469 -0.823807
0.098485 0.401929 -0.013048 0.986487 -0.029601 -0.161140
0.077842 0.396085 -0.046228 0.544591 -0.000203 -0.838702
0.095502 0.332087 -0.015888 0.939519 -0.050120 -0.338810
0.070210 0.337688 -0.046124 0.458584 -0.057936 -0.886760
0.058755 0.606527 0.064801 -0.718722 -0.258796 0.645340
0.085776 0.558029 0.040309 0.379299 -0.054116 -0.923690
0.092313 0.514800 0.044000 0.997924 0.040018 -0.050455
0.095375 0.455306 0.041827 0.903025 -0.039177 0.427797
0.090012 0.403257 0.036986 0.884159 -0.075775 0.461001
0.061040 0.395825 0.074451 0.229918 -0.079490 0.969958
0.089219 0.326350 0.031661 0.915630 -0.069089 0.396041
0.061341 0.322917 0.066321 0.230322 -0.256075 0.938817
-0.076399 0.536060 -0.033762 -0.397298 0.003084 -0.917684
-0.076811 0.518023 -0.038293 0.115845 0.231925 -0.965811
-0.098993 0.508238 -0.005927 -0.972650 0.078052 -0.218769
-0.100548 0.455535 -0.008589 -0.971934 0.022659 -0.234159
-0.000000 0.606130 -0.038915 0.000000 0.176117 -0.984369
0.002904 0.452849 0.049442 -0.841770 -0.170380 0.512244
0.003760 0.332240 -0.004287 -0.980332 -0.047722 -0.191499
-0.033590 0.047975 0.008047 0.364031 -0.369995 0.854743
-0.009536 0.013108 -0.028743 0.041934 -0.962708 0.267272
-0.018088 0.025850 -0.000419 0.421264 -0.781012 0.461039
-0.026942 0.015275 -0.031264 0.624229 -0.766240 0.152362
-0.052281 0.070041 -0.083528 -0.006155 0.137254 -0.990517
-0.006616 0.075762 -0.058320 0.904855 -0.018538 -0.425316
-0.052011 0.147679 -0.074166 -0.096208 0.174372 -0.979969
-0.051059 0.243645 -0.059009 0.006086 -0.046851 -0.998883
-0.020167 0.266213 -0.038929 0.782867 0.032743 -0.621327
-0.051408 0.268365 -0.060982 -0.042117 0.116898 -0.992250
-0.098961 0.033342 0.010070 -0.355109 -0.812843 0.461719
-0.080365 0.050432 0.047208 -0.293351 -0.594705 0.748513
-0.103277 0.012070 -0.037834 -0.549594 -0.820800 0.155672
-0.111004 0.034914 -0.040197 -0.924519 0.029577 -0.379987
-0.077588 0.033174 -0.080656 -0.674210 0.158134 -0.721411
-0.055502 0.032731 -0.093958 0.185190 0.200185 -0.962097
-0.025308 0.007538 -0.080219 0.346801 -0.915396 -0.204399
0.003189 0.039842 -0.038769 -0.953450 -0.011619 -0.301328
0.025307 0.007538 -0.080219 -0.346810 -0.915392 -0.204403
0.009536 0.013108 -0.028743 -0.246026 -0.918647 0.309126
0.055502 0.032731 -0.093958 -0.185186 0.200189 -0.962097
0.052281 0.070041 -0.083528 0.006155 0.137254 -0.990517
0.077588 0.033174 -0.080656 0.674210 0.158134 -0.721411
0.111004 0.034914 -0.040197 0.924519 0.029577 -0.379987
0.103277 0.012070 -0.037834 0.549594 -0.820800 0.155670
0.100437 0.052950 0.004401 0.900957 0.208739 0.380401
0.098961 0.033342 0.010070 0.355109 -0.812843 0.461719
0.080365 0.050432 0.047208 0.293351 -0.594705 0.748513
-0.031305 0.015275 -0.070516 0.319433 -0.880511 -0.350232
-0.053725 0.015275 -0.082462 -0.134967 -0.973541 -0.184394
-0.002110 0.402845 -0.005883 0.985168 -0.044027 -0.165850
-0.085776 0.558029 0.040309 -0.379299 -0.054116 -0.923690
-0.092313 0.514800 0.044000 -0.997924 0.040012 -0.050456
-0.096153 0.532550 -0.009533 -0.982540 0.132326 0.130785
0.082507 0.093982 0.002957 0.901454 -0.095667 0.422172
0.095391 0.084186 -0.053815 0.947716 0.044742 -0.315963
-0.011551 0.517455 0.078713 0.304510 -0.283070 0.909475
-0.055407 0.007950 -0.094084 -0.244649 -0.678621 -0.692546
-0.093678 0.007813 -0.072990 -0.209250 -0.977818 -0.009336
-0.075637 0.015275 -0.069540 -0.513864 -0.836541 -0.190113
-0.083634 0.015275 -0.032609 -0.703247 -0.528106 0.475970
-0.081222 0.047243 0.007664 -0.562993 -0.053910 0.824701
-0.051297 0.244087 0.047344 0.115187 -0.151857 0.981668
-0.052424 0.260537 0.050267 0.048871 -0.201623 0.978243
-0.036827 0.050188 0.042666 0.337210 -0.337956 0.878678
-0.009552 0.326076 0.034828 0.853894 -0.183328 0.487090
0.034288 0.606527 -0.035430 0.844548 -0.518228 -0.134827
0.033558 0.551331 -0.052047 0.109151 -0.975328 -0.191891
0.053725 0.015275 -0.082462 -0.128644 -0.976586 -0.172426
0.055407 0.007950 -0.094084 0.244649 -0.678621 -0.692547
0.093678 0.007813 -0.072990 0.209250 -0.977818 -0.009336
0.031305 0.015275 -0.070516 -0.473574 -0.875946 -0.091903
0.026942 0.015275 -0.031264 -0.521307 -0.698217 0.490645
0.033590 0.047975 0.008047 -0.363509 -0.369967 0.854977
0.018088 0.025850 -0.000419 0.002230 -0.893181 0.449692
0.081222 0.047243 0.007664 0.562613 -0.053829 0.824966
0.006616 0.075762 -0.058320 -0.904855 -0.018538 -0.425316
0.015137 0.557802 0.081483 0.196341 0.015175 0.980418
0.011551 0.517455 0.078713 -0.304510 -0.283070 0.909475
0.018326 0.258965 0.021313 -0.865451 0.031595 0.499996
0.075637 0.015275 -0.069540 0.349308 -0.857865 -0.376896
0.083633 0.015275 -0.032609 0.752916 -0.652292 0.087366
-0.029004 0.032503 0.037345 0.831325 0.540024 0.131427
-0.025482 0.015275 0.001573 0.993322 -0.096640 -0.063017
-0.026371 0.015275 0.037634 0.978087 0.184023 0.097368
-0.034605 0.031175 0.067134 0.866980 0.420097 0.268075
-0.030099 0.015290 0.066710 0.930918 0.150374 0.332835
-0.043824 0.031801 0.083756 0.639953 0.492847 0.589544
-0.043713 0.015290 0.088739 0.642262 0.110338 0.758501
-0.058913 0.032411 0.089189 0.084998 0.681299 0.727053
-0.059120 0.015290 0.095220 -0.030115 0.084683 0.995953
-0.073003 0.032808 0.082320 -0.500406 0.649690 0.572274
-0.077256 0.015290 0.086648 -0.721497 0.108153 0.683919
-0.080540 0.033205 0.061639 -0.821840 0.515119 0.243376
-0.087902 0.015290 0.060236 -0.948609 0.195078 0.249170
-0.083332 0.035081 0.035126 -0.797381 0.596828 0.089327
-0.090520 0.015275 0.035480 -0.986077 0.165432 0.016862
0.083332 0.035081 0.035129 0.768103 0.634417 0.086787
0.087204 0.015275 0.000560 0.978190 0.192488 -0.078050
0.090520 0.015275 0.035480 0.978672 0.205126 0.011151
0.080540 0.033205 0.061639 0.830183 0.524386 0.189249
0.087902 0.015290 0.060236 0.953355 0.201196 0.225019
0.073003 0.032808 0.082323 0.660755 0.575699 0.481636
0.077255 0.015290 0.086648 0.718072 0.144043 0.680900
0.058913 0.032411 0.089193 0.118669 0.692519 0.711572
0.059120 0.015290 0.095216 0.024937 0.071405 0.997136
0.043824 0.031801 0.083759 -0.475834 0.601207 0.641975
0.043713 0.015290 0.088739 -0.648239 0.059367 0.759119
0.034605 0.031175 0.067134 -0.838106 0.416884 0.351833
0.030099 0.015290 0.066710 -0.931438 0.114476 0.345424
0.029004 0.032503 0.037349 -0.855845 0.500263 0.131397
0.026371 0.015275 0.037634 -0.985171 0.140420 0.098595
0.087616 0.007233 -0.004678 0.722754 -0.655882 -0.217817
0.090869 0.000245 0.036070 0.723663 -0.689993 -0.014870
0.089457 0.000443 0.058295 0.681814 -0.693068 0.234063
0.077731 0.001893 0.084368 0.464210 -0.631409 0.621154
0.059024 0.002259 0.092570 -0.097842 -0.462934 0.880976
0.042951 0.001893 0.086961 -0.466124 -0.725685 0.506073
0.029163 0.000443 0.065315 -0.690540 -0.685525 0.230673
-0.090869 0.000245 0.036070 -0.720476 -0.685841 -0.102650
-0.087204 0.015275 0.000560 -0.984095 0.160624 -0.075880
-0.087616 0.007233 -0.004678 -0.568115 -0.781980 -0.256424
-0.089457 0.000443 0.058295 -0.706416 -0.689949 0.157947
-0.077731 0.001893 0.084371 -0.525975 -0.730192 0.436085
-0.059024 0.002259 0.092571 -0.155975 -0.471345 0.868047
-0.042951 0.001893 0.086963 0.412206 -0.617492 0.669918
-0.029163 0.000443 0.065317 0.630050 -0.703666 0.328468
-0.023737 0.000245 0.037921 0.752664 -0.658079 -0.020700
-0.070940 0.041002 0.063466 -0.349516 0.930740 0.107522
-0.069766 0.039934 0.035873 -0.235127 0.961109 0.144861
-0.057073 0.041490 0.036585 -0.022407 0.992599 0.119350
-0.042285 0.039507 0.037490 0.269173 0.954444 0.128775
-0.043158 0.040056 0.066344 0.405430 0.884788 0.229731
0.043158 0.040056 0.066346 -0.396169 0.904625 0.157174
0.042285 0.039507 0.037490 -0.295230 0.940496 0.168247
0.057073 0.041475 0.036585 -0.022502 0.991984 0.124345
0.069766 0.039934 0.035873 0.208881 0.971935 0.108217
0.070940 0.041002 0.063469 0.356017 0.916876 0.180525
-0.034034 0.007188 -0.002710 0.313756 -0.927752 -0.202075
-0.030797 0.000199 -0.068480 0.597530 -0.760431 -0.254367
-0.074860 0.000199 -0.070019 -0.550809 -0.610162 -0.569484
-0.053027 0.000199 -0.081173 0.172455 -0.422733 -0.889694
-0.084523 0.000000 -0.031356 -0.705127 -0.683332 0.189348
-0.027989 0.000000 -0.029383 0.407305 -0.378236 0.831288
0.023737 0.000245 0.037921 -0.635581 -0.766011 -0.096246
0.034034 0.007188 -0.002710 -0.314126 -0.922232 -0.225416
0.027989 0.000000 -0.029383 -0.682506 -0.675352 0.279438
0.030797 0.000199 -0.068480 -0.573129 -0.622767 -0.532621
0.053027 0.000199 -0.081173 0.160920 -0.395298 -0.904347
0.074860 0.000199 -0.070019 0.589025 -0.736638 -0.332286
0.084522 0.000000 -0.031356 0.476180 -0.350239 0.806589
-0.058088 0.042452 0.065484 -0.001832 0.982856 0.184365
0.025482 0.015275 0.001573 -0.993322 -0.096641 -0.063017
0.058088 0.042436 0.065484 -0.012039 0.982035 0.188316
-0.000000 0.927336 0.062202 0.000003 0.195474 0.980709
0.005585 0.914317 0.063327 0.304603 -0.042750 0.951520
0.018278 0.923383 0.058323 0.380496 0.222506 0.897616
-0.000000 0.916580 0.063745 -0.000000 0.136215 0.990679
-0.005585 0.914317 0.063327 -0.304601 -0.042756 0.951520
-0.000000 0.907192 0.064980 0.000000 0.161463 0.986879
-0.002285 0.907147 0.064608 -0.658182 0.062496 0.750260
-0.000000 0.891232 0.069115 -0.000000 -0.034266 0.999413
-0.001888 0.891157 0.068892 -0.590976 -0.218031 0.776666
-0.000000 0.888180 0.066849 0.000000 -0.829520 0.558477
-0.002999 0.889065 0.065826 -0.470187 -0.809385 0.351880
-0.000000 0.887738 0.061822 0.000011 -0.772848 0.634591
-0.006252 0.890040 0.062563 -0.703296 -0.433311 0.563574
-0.008330 0.888698 0.057866 -0.677401 -0.070755 0.732203
-0.008124 0.892117 0.060805 -0.878582 0.233185 0.416795
-0.007505 0.893676 0.056943 -0.863666 0.303465 0.402478
0.036906 0.913462 0.035902 0.915333 -0.143155 0.376393
0.030099 0.915313 0.052720 0.692580 -0.432196 0.577528
0.030908 0.911527 0.046241 0.685964 -0.242299 0.686109
0.037446 0.926863 0.036095 0.862957 0.105567 0.494127
0.044570 0.934431 0.023749 0.946091 0.004534 0.323870
0.031083 0.943235 0.041407 0.815112 -0.031762 0.578432
0.032654 0.955474 0.040720 0.818201 0.498424 0.286568
0.031971 0.949737 0.046616 0.855596 -0.435772 0.279390
0.030353 0.956832 0.048972 0.244863 0.909988 0.334609
0.034701 0.951567 0.051227 0.850194 -0.508080 -0.137931
0.033479 0.954680 0.055094 0.181181 0.873736 0.451397
0.035367 0.950406 0.059602 0.252472 -0.331599 0.909011
0.031004 0.951688 0.054559 -0.718012 -0.194355 0.668344
0.026545 0.950059 0.050820 -0.062275 -0.321070 0.945006
0.034828 0.932998 -0.026353 0.696244 0.091491 -0.711951
0.045046 0.912764 -0.007153 0.887664 -0.025983 -0.459758
0.037017 0.915388 -0.026106 0.774874 -0.131471 -0.618292
0.047918 0.934204 0.004674 0.996028 0.046161 -0.076134
0.032638 0.949662 -0.023963 0.598543 0.398267 -0.695075
0.040920 0.955520 0.005648 0.831204 0.551301 -0.071886
0.020230 0.963379 -0.018318 0.418869 0.780454 -0.464156
0.023737 0.970947 0.006225 0.463684 0.882460 -0.079123
-0.000000 0.970243 -0.014363 0.040273 0.912662 -0.406726
-0.000000 0.976272 0.006438 0.134216 0.976979 -0.165827
-0.020230 0.963379 -0.018318 -0.391968 0.765496 -0.510271
-0.023737 0.970947 0.006225 -0.440788 0.897592 -0.005887
-0.040920 0.955505 0.005648 -0.829252 0.558568 0.018514
-0.020135 0.967256 0.038314 -0.621261 0.758265 0.197658
-0.025609 0.955243 0.039859 -0.870347 0.430999 0.238192
-0.021103 0.963821 0.046324 -0.508118 0.737009 0.445684
0.037128 0.896145 -0.002437 0.736432 -0.416626 -0.533002
0.050900 0.910350 -0.005313 0.830078 0.166536 -0.532199
0.042967 0.919170 0.003979 0.925132 0.360960 0.117637
0.048362 0.916027 0.005602 0.762072 0.539678 0.357764
0.041730 0.910124 0.014418 0.933191 -0.119984 0.338761
0.046902 0.897749 -0.003552 0.751283 -0.587568 -0.300561
0.038350 0.888059 0.010930 0.911159 -0.404350 0.079309
0.035161 0.877605 0.010115 0.948976 -0.231296 0.214351
0.036144 0.881834 0.011835 0.886821 -0.336440 0.316790
0.022721 0.867061 0.029665 0.847439 -0.406057 0.342000
0.028798 0.883891 0.031581 0.855757 -0.415116 0.308802
0.022642 0.884001 0.047752 0.691884 -0.391099 0.606909
0.022356 0.915630 0.058585 0.439921 -0.365331 0.820367
0.029718 0.923630 0.050489 0.683613 0.252148 0.684905
0.012916 0.914564 0.061195 0.312079 -0.566608 0.762602
0.007711 0.910169 0.058254 0.655125 -0.527987 0.540408
0.002285 0.907147 0.064608 0.607348 0.056312 0.792437
0.008124 0.901214 0.054456 0.537332 0.101002 0.837301
0.005204 0.894023 0.062206 0.818796 0.269046 0.507136
0.007505 0.893676 0.056943 0.791295 0.333790 0.512285
0.008124 0.892117 0.060805 0.878561 0.233111 0.416880
0.008330 0.888698 0.057866 0.704065 -0.134117 0.697356
0.006251 0.890040 0.062563 0.703276 -0.433344 0.563575
0.002999 0.889065 0.065826 0.470244 -0.809360 0.351862
0.023927 0.909163 0.049667 0.578894 -0.118145 0.806799
0.025672 0.911954 0.049539 0.481255 -0.625880 0.613733
0.028068 0.899901 0.050976 0.601555 0.043949 0.797621
0.021119 0.907740 0.051730 0.465883 -0.068648 0.882180
0.017739 0.899760 0.055813 0.233343 0.089071 0.968307
0.015676 0.907469 0.054022 0.031095 -0.066507 0.997301
0.009822 0.908474 0.052460 0.298373 -0.387652 0.872181
0.012646 0.911376 0.055278 0.181300 -0.717786 0.672246
0.018025 0.912673 0.055399 0.241381 -0.645867 0.724287
0.022864 0.912733 0.053601 0.452793 -0.661346 0.597997
-0.000000 0.885847 -0.034681 -0.064110 -0.175047 -0.982471
0.035875 0.899137 -0.023914 0.700446 -0.251922 -0.667765
0.031289 0.885419 -0.020679 0.787157 -0.172039 -0.592272
-0.000000 0.909545 -0.039524 0.058886 -0.123470 -0.990600
-0.035875 0.899137 -0.023914 -0.700635 -0.251923 -0.667566
-0.037017 0.915388 -0.026106 -0.717715 -0.123194 -0.685352
-0.037112 0.896145 -0.002437 -0.736490 -0.416580 -0.532957
-0.045046 0.912764 -0.007153 -0.887651 -0.026134 -0.459774
-0.050900 0.910350 -0.005313 -0.830098 0.166484 -0.532185
-0.042967 0.919170 0.003979 -0.925132 0.360960 0.117637
-0.048362 0.916027 0.005602 -0.762072 0.539678 0.357764
-0.041730 0.910124 0.014418 -0.933191 -0.119984 0.338761
-0.046902 0.897749 -0.003552 -0.751275 -0.587566 -0.300587
-0.038350 0.888059 0.010930 -0.911200 -0.404323 0.078979
0.018596 0.859584 0.027485 0.719306 -0.504200 0.477892
0.017231 0.862561 0.037974 0.873475 -0.367928 0.318857
0.015296 0.870204 0.047275 0.790442 -0.247147 0.560465
0.010726 0.857648 0.052162 0.657407 -0.591405 0.466965
0.006870 0.863184 0.055037 0.464958 -0.169253 0.869004
-0.000000 0.854138 0.052866 0.090209 -0.801250 0.591491
-0.000000 0.861097 0.057530 0.004423 -0.179947 0.983666
-0.010726 0.857648 0.052162 -0.630797 -0.565518 0.531305
-0.006870 0.863184 0.055037 -0.452257 0.013484 0.891786
-0.015296 0.870204 0.047275 -0.753369 -0.230163 0.616004
-0.005871 0.871179 0.055129 -0.538738 -0.420519 0.730018
-0.012582 0.876474 0.052823 -0.610235 -0.291839 0.736507
-0.005300 0.872889 0.059370 -0.460339 -0.362535 0.810343
-0.005411 0.876922 0.056589 -0.213650 -0.270478 0.938720
0.005061 0.879360 0.060980 0.291991 -0.484485 0.824630
0.005411 0.877711 0.056589 0.276573 -0.361736 0.890312
0.012582 0.876474 0.052823 0.598625 -0.258587 0.758143
-0.000000 0.877741 0.057597 0.033020 -0.330074 0.943377
-0.000000 0.880034 0.062144 -0.044254 -0.400952 0.915030
-0.005062 0.879360 0.060980 -0.375953 -0.445672 0.812426
-0.006125 0.883313 0.059547 -0.433331 0.057103 0.899424
-0.012106 0.888361 0.055941 -0.418721 -0.083849 0.904236
-0.008124 0.901214 0.054456 -0.457091 0.118980 0.881426
-0.005204 0.894023 0.062206 -0.796639 0.315731 0.515442
-0.000000 0.945312 0.057756 -0.086971 -0.121836 0.988733
0.016565 0.929729 0.057413 0.372783 0.254154 0.892434
0.013423 0.944930 0.053959 0.497989 -0.086435 0.862865
-0.016565 0.929729 0.057413 -0.372778 0.254177 0.892429
-0.018279 0.923383 0.058323 -0.380504 0.222507 0.897612
-0.028703 0.929855 0.049059 -0.655191 0.264563 0.707623
-0.029718 0.923630 0.050489 -0.683626 0.252138 0.684896
-0.037446 0.926863 0.036095 -0.862957 0.105567 0.494127
-0.030099 0.915313 0.052720 -0.692594 -0.432162 0.577538
-0.036906 0.913462 0.035902 -0.915344 -0.143124 0.376379
-0.030909 0.911527 0.046241 -0.685967 -0.242275 0.686113
-0.035272 0.903285 0.038863 -0.924536 -0.132616 0.357275
-0.028068 0.899901 0.050976 -0.601553 0.043935 0.797624
-0.030607 0.894299 0.045975 -0.812987 -0.358768 0.458627
-0.020611 0.892012 0.053064 -0.493521 -0.295277 0.818076
0.020135 0.967256 0.038314 0.623916 0.758298 0.188981
0.010139 0.973767 0.034674 0.592456 0.761832 0.261931
0.001000 0.977323 0.027038 0.500970 0.861686 0.080782
0.008917 0.976976 0.035384 0.936674 0.066891 0.343755
0.005315 0.981325 0.031790 -0.167046 0.789552 -0.590511
0.008441 0.981109 0.037276 0.938148 0.006384 0.346175
0.004681 0.985991 0.035540 -0.258091 0.396480 -0.881018
0.007791 0.985353 0.037990 0.832054 0.188133 0.521817
-0.018596 0.859584 0.027485 -0.719289 -0.504162 0.477958
-0.000000 0.854566 0.033301 0.000000 -0.909000 0.416796
-0.017231 0.862561 0.037974 -0.873475 -0.367928 0.318857
-0.022721 0.867061 0.029665 -0.847433 -0.406079 0.341991
-0.022642 0.884001 0.047752 -0.691884 -0.391099 0.606909
-0.028798 0.883891 0.031581 -0.855752 -0.415115 0.308817
-0.033352 0.893842 0.031792 -0.914516 -0.321270 0.245857
-0.044570 0.934431 0.023749 -0.944498 0.083841 0.317638
-0.031083 0.943235 0.041407 -0.795230 0.233760 0.559434
-0.009822 0.908474 0.052460 -0.298373 -0.387652 0.872181
-0.007711 0.910169 0.058254 -0.655125 -0.527987 0.540408
-0.012646 0.911376 0.055278 -0.181300 -0.717785 0.672246
-0.015676 0.907469 0.054022 -0.031095 -0.066507 0.997301
-0.017739 0.899760 0.055813 -0.233343 0.089071 0.968307
-0.021119 0.907740 0.051730 -0.465883 -0.068648 0.882180
-0.023927 0.909163 0.049667 -0.578873 -0.118140 0.806814
-0.025672 0.911954 0.049539 -0.481234 -0.625871 0.613758
-0.022864 0.912733 0.053601 -0.452793 -0.661346 0.597997
-0.022356 0.915630 0.058585 -0.439927 -0.365344 0.820359
-0.018025 0.912673 0.055399 -0.241381 -0.645867 0.724287
-0.012916 0.914564 0.061195 -0.312078 -0.566615 0.762598
-0.000587 0.976699 0.037432 -0.281497 0.126661 0.951166
0.002713 0.981033 0.038796 -0.676699 0.098769 0.729604
-0.005982 0.971600 0.035721 -0.313457 0.887469 0.337850
-0.010060 0.971756 0.022377 -0.582447 0.686673 0.435012
-0.010805 0.975050 0.015732 -0.500942 0.864426 0.042709
-0.001301 0.978529 0.016211 0.086964 0.946059 -0.312105
-0.000857 0.981431 0.019578 0.304686 0.485963 -0.819150
0.000619 0.981843 0.027192 0.642694 0.156026 0.750067
-0.000793 0.985700 0.021962 0.647012 0.313354 -0.695115
-0.000635 0.986374 0.026344 0.508975 0.557504 0.655845
-0.017850 0.953870 0.052494 -0.254055 -0.057418 0.965484
-0.011599 0.965788 0.049210 -0.346592 0.786539 0.511106
-0.013423 0.944930 0.053959 -0.493256 0.072937 0.866821
-0.026862 0.951155 0.045747 -0.976896 0.110308 0.183045
-0.047918 0.934204 0.004674 -0.996027 0.046233 -0.076115
-0.032638 0.949662 -0.023963 -0.677585 0.425341 -0.599970
-0.034828 0.932998 -0.026353 -0.697166 0.133676 -0.704337
-0.000000 0.944382 -0.038360 -0.132118 0.334435 -0.933112
-0.000000 0.927658 -0.041097 0.006522 0.063868 -0.997937
0.008822 0.955002 0.062449 0.677266 0.699822 0.227070
0.010535 0.949521 0.058908 0.880573 -0.380911 0.281954
0.008933 0.953352 0.054380 0.624262 0.137546 0.769011
0.010662 0.947540 0.063938 0.786143 -0.536177 -0.307398
0.008282 0.951934 0.067581 0.219822 0.417336 0.881765
0.009980 0.943190 0.066321 0.750847 -0.372588 -0.545350
0.008552 0.947449 0.069971 0.094787 0.120154 0.988220
0.007204 0.936844 0.068788 -0.252543 -0.860730 0.442002
0.006029 0.943296 0.067088 -0.991773 -0.128007 -0.000459
0.004998 0.947369 0.065347 -0.799685 -0.598149 -0.052167
0.002904 0.949249 0.062302 -0.574771 -0.754893 0.315872
0.008838 0.962373 0.060367 -0.455527 0.414943 0.787603
0.020087 0.964721 0.050953 0.913206 0.356328 0.197698
0.009710 0.962615 0.049100 0.060082 0.385535 0.920735
0.020706 0.967407 0.055842 0.598289 0.626993 -0.498928
0.013899 0.966049 0.062891 -0.524386 0.441837 0.727873
0.024070 0.969267 0.060465 0.609731 0.512733 -0.604428
0.020056 0.968659 0.064916 -0.359621 0.500626 0.787430
0.030496 0.969649 0.067691 0.566309 -0.218166 0.794794
0.022832 0.965561 0.063850 0.292576 -0.785225 0.545730
0.019199 0.961624 0.060557 0.561204 -0.697279 0.445929
0.017644 0.957013 0.057875 0.635709 -0.426386 0.643482
0.022198 0.957124 0.046087 0.614093 0.496105 0.613816
-0.000000 0.884062 0.060924 0.053013 0.077975 0.995545
0.006125 0.883313 0.059547 0.461417 0.018105 0.886998
0.012106 0.888361 0.055941 0.427505 -0.042182 0.903029
0.020611 0.892012 0.053064 0.493521 -0.295277 0.818076
0.030607 0.894299 0.045975 0.812987 -0.358768 0.458627
0.035272 0.903285 0.038863 0.924533 -0.132598 0.357291
-0.000841 0.957823 0.059887 -0.204781 0.306911 0.929446
-0.011297 0.967819 0.057875 -0.816700 0.050240 0.574871
-0.004046 0.968126 0.059136 0.826875 0.161194 0.538790
-0.012313 0.977307 0.059104 -0.919699 -0.131431 0.369973
-0.007426 0.977433 0.060015 0.889313 0.320445 0.326249
-0.014899 0.988908 0.062139 -0.145413 0.971634 0.186500
-0.010202 0.980666 0.057248 0.068864 0.480024 -0.874549
-0.009266 0.971404 0.053142 -0.069302 0.435827 -0.897358
0.017803 0.985338 0.053179 0.666823 0.316927 0.674465
0.014375 0.992644 0.050834 0.242728 0.950894 0.192050
0.014582 0.985061 0.053696 -0.819187 0.124639 0.559820
0.016438 0.985061 0.049991 0.031207 0.178713 -0.983406
0.019373 0.978273 0.054054 0.813923 0.154047 0.560178
0.017691 0.979093 0.048460 0.107593 0.433348 -0.894781
0.020468 0.970047 0.052974 0.799131 -0.163934 0.578373
0.018881 0.973114 0.043430 0.235948 0.685945 -0.688337
-0.035161 0.877605 0.010115 -0.934110 -0.261360 0.243168
-0.031289 0.885419 -0.020679 -0.888727 -0.176946 -0.422912
0.006537 0.991392 0.051282 -0.314932 0.310629 0.896843
0.004173 1.000000 0.048085 -0.293001 0.956109 0.002565
0.004189 0.991090 0.048827 -0.955203 -0.026648 -0.294749
0.009615 0.992327 0.048873 0.912243 0.407944 0.037337
0.007188 0.983794 0.054540 -0.095495 0.317411 0.943468
0.011662 0.985841 0.050370 0.980236 0.193971 -0.038883
0.006839 0.977142 0.055473 0.090931 0.218071 0.971687
0.012392 0.979399 0.049282 0.968793 0.217201 -0.119428
0.007664 0.971907 0.056582 0.468681 0.074060 0.880257
0.013534 0.974763 0.048423 0.936457 0.345874 -0.058470
0.007029 0.992292 0.046450 0.029321 0.062992 -0.997583
0.007743 0.985489 0.047043 0.030874 0.005466 -0.999508
0.007886 0.980028 0.046182 -0.021767 0.283567 -0.958706
0.005395 0.976392 0.044076 -0.095908 0.648865 -0.754835
-0.000238 0.972777 0.037262 -0.047804 0.844357 0.533644
-0.000000 0.958798 -0.031213 0.045513 0.656702 -0.752775
-0.001238 0.972168 0.051948 -0.651738 0.600554 0.463219
0.001634 0.977307 0.051032 -0.890728 0.446403 0.085601
0.003808 0.984483 0.050106 -0.977921 0.179568 -0.106889
0.028703 0.929855 0.049059 0.655189 0.264550 0.707631
0.005871 0.871179 0.055129 0.383781 -0.430505 0.816932
-0.000000 0.869761 0.056449 -0.101127 -0.450203 0.887181
-0.036145 0.881834 0.011835 -0.886865 -0.336450 0.316657
0.033352 0.893842 0.031792 0.914509 -0.321292 0.245854
0.003713 0.985534 0.039341 -0.680838 0.110940 0.723984
0.003332 0.993086 0.037168 -0.036641 0.985511 -0.165609
0.014375 0.978303 0.054226 -0.836682 0.095259 0.539341
0.013011 0.970152 0.054084 -0.814940 0.059693 0.576464
-0.005093 0.985076 0.025254 -0.943980 0.257419 0.206489
-0.004665 0.992327 0.020968 0.019250 0.994909 -0.098923
-0.006299 0.978087 0.024960 -0.801710 0.404549 0.440001
0.005299 0.872889 0.059370 0.429456 -0.059829 0.901104
-0.000000 0.872341 0.060261 0.021157 -0.256030 0.966437
0.001888 0.891157 0.068892 0.591009 -0.218038 0.776639
0.003427 0.954117 0.065091 -0.523624 0.330621 0.785180
-0.026371 0.962750 0.048937 -0.301353 0.837438 -0.455943
-0.030782 0.955992 0.048012 -0.655076 -0.755550 -0.004405
-0.037081 0.959256 0.051346 -0.724730 0.016712 0.688831
-0.026117 0.957516 0.052267 0.007071 0.018257 0.999808
-0.024387 0.974240 0.061790 0.054805 0.741292 0.668941
-0.014693 0.876474 0.048685 0.630516 0.252487 -0.733962
-0.008282 0.884182 0.056844 0.385290 0.288013 -0.876698
-0.007600 0.865703 0.051073 0.298323 0.292401 -0.908573
-0.000000 0.884856 0.058006 0.041432 0.297702 -0.953759
-0.000000 0.865733 0.052079 -0.036566 0.297933 -0.953886
0.008282 0.884182 0.056844 -0.298461 0.292565 -0.908475
0.007600 0.865703 0.051073 -0.392458 0.287351 -0.873731
0.014693 0.876474 0.048685 -0.630516 0.252487 -0.733962
0.003126 0.908932 0.065673 0.088361 -0.147691 0.985079
-0.000000 0.913447 0.066239 0.000000 0.086378 0.996262
-0.003126 0.908932 0.065673 -0.088361 -0.147691 0.985079
0.016676 0.908962 0.063841 0.319628 -0.209916 0.923998
0.008870 0.902234 0.062891 0.232612 -0.395352 0.888588
0.024705 0.902174 0.056350 0.432368 -0.387233 0.814315
-0.016676 0.908962 0.063841 -0.319787 -0.209900 0.923947
-0.030226 0.907363 0.054481 -0.650819 -0.313624 0.691430
-0.024705 0.902174 0.056350 -0.432729 -0.386814 0.814322
-0.030163 0.915127 0.058706 -0.702055 -0.102430 0.704718
0.030163 0.915127 0.058706 0.607125 -0.116403 0.786034
0.030242 0.907363 0.054481 0.731799 -0.239745 0.637960
-0.008870 0.902234 0.062891 -0.232612 -0.395352 0.888588
0.036271 0.910415 0.043642 0.955119 -0.016398 0.295770
0.043618 0.913085 0.007757 0.979757 -0.007168 0.200060
0.036271 0.915036 0.043974 0.931077 -0.082380 0.355399
0.043618 0.909802 0.007757 0.979678 0.000000 0.200577
-0.036271 0.910415 0.043642 -0.936138 -0.089747 0.339988
-0.036271 0.915036 0.043974 -0.964978 -0.014039 0.261954
-0.043618 0.909802 0.007757 -0.979809 -0.007213 0.199807
-0.043618 0.913085 0.007757 -0.980038 0.000000 0.198811
